facilityID,siteID,name,sampleDate,projectCode,cas_rn,analyte,fraction,relDepth,result,unit,detect,detectLimit,quantFlag,quantLimit,method,colMethod,resultType,matrix,medium,qualFlag,remark,county,huc8,type,aquifer,latitude,longitude
6,10220003,Bloody Run Creek Site #1 (BR01),06/25/1996 13:55:00,SNY319,14265-44-2,Orthophosphate (as P),Dissolved,,0.5,mg/l,False,0.5,,,300(A),SNY001,Actual,SW,Water,,,Clayton,07060001,River/Stream,,43.0404991,-91.2055504
6,10220003,Bloody Run Creek Site #1 (BR01),07/02/1996 10:00:00,SNY319,14265-44-2,Orthophosphate (as P),Dissolved,,0.5,mg/l,False,0.5,,,300(A),SNY001,Actual,SW,Water,,,Clayton,07060001,River/Stream,,43.0404991,-91.2055504
6,10220003,Bloody Run Creek Site #1 (BR01),07/16/1996 10:00:00,SNY319,14265-44-2,Orthophosphate (as P),Dissolved,,0.5,mg/l,False,0.5,,,300(A),SNY001,Actual,SW,Water,,,Clayton,07060001,River/Stream,,43.0404991,-91.2055504
6,10220003,Bloody Run Creek Site #1 (BR01),08/06/1996 10:00:00,SNY319,14265-44-2,Orthophosphate (as P),Dissolved,,0.5,mg/l,False,0.5,,,300(A),SNY001,Actual,SW,Water,,,Clayton,07060001,River/Stream,,43.0404991,-91.2055504
6,10220003,Bloody Run Creek Site #1 (BR01),07/23/1996 11:20:00,SNY319,14265-44-2,Orthophosphate (as P),Dissolved,,0.5,mg/l,False,0.5,,,300(A),SNY001,Actual,SW,Water,,,Clayton,07060001,River/Stream,,43.0404991,-91.2055504
6,10220003,Bloody Run Creek Site #1 (BR01),08/13/1996 11:35:00,SNY319,14265-44-2,Orthophosphate (as P),Dissolved,,0.5,mg/l,False,0.5,,,300(A),SNY001,Actual,SW,Water,,,Clayton,07060001,River/Stream,,43.0404991,-91.2055504
6,10220003,Bloody Run Creek Site #1 (BR01),08/27/1996 13:00:00,SNY319,14265-44-2,Orthophosphate (as P),Dissolved,,0.5,mg/l,False,0.5,,,300(A),SNY001,Actual,SW,Water,,,Clayton,07060001,River/Stream,,43.0404991,-91.2055504
6,10220003,Bloody Run Creek Site #1 (BR01),09/17/1996 11:30:00,SNY319,14265-44-2,Orthophosphate (as P),Dissolved,,0.5,mg/l,False,0.5,,,300(A),SNY001,Actual,SW,Water,,,Clayton,07060001,River/Stream,,43.0404991,-91.2055504
6,10220003,Bloody Run Creek Site #1 (BR01),09/03/1996 11:25:00,SNY319,14265-44-2,Orthophosphate (as P),Dissolved,,0.5,mg/l,False,0.5,,,300(A),SNY001,Actual,SW,Water,,,Clayton,07060001,River/Stream,,43.0404991,-91.2055504
6,10220003,Bloody Run Creek Site #1 (BR01),09/24/1996 13:10:00,SNY319,14265-44-2,Orthophosphate (as P),Dissolved,,0.5,mg/l,False,0.5,,,300(A),SNY001,Actual,SW,Water,,,Clayton,07060001,River/Stream,,43.0404991,-91.2055504
6,10220003,Bloody Run Creek Site #1 (BR01),04/02/2002 09:45:00,AMBIENT,14265-44-2,Orthophosphate (as P),Dissolved,,0.05,mg/l,False,0.05,,,Unknown,UHL001,Actual,SW,Water,,,Clayton,07060001,River/Stream,,43.0404991,-91.2055504
6,10220003,Bloody Run Creek Site #1 (BR01),09/11/2002 10:00:00,AMBIENT,14265-44-2,Orthophosphate (as P),Dissolved,,0.06,mg/l,True,0.05,,,Unknown,UHL001,Actual,SW,Water,,,Clayton,07060001,River/Stream,,43.0404991,-91.2055504
6,10220003,Bloody Run Creek Site #1 (BR01),10/02/2001 10:35:00,AMBIENT,14265-44-2,Orthophosphate (as P),Dissolved,,0.05,mg/l,False,0.05,,,Unknown,UHL001,Actual,SW,Water,,,Clayton,07060001,River/Stream,,43.0404991,-91.2055504
6,10220003,Bloody Run Creek Site #1 (BR01),12/04/2001 09:50:00,AMBIENT,14265-44-2,Orthophosphate (as P),Dissolved,,0.05,mg/l,False,0.05,,,Unknown,UHL001,Actual,SW,Water,,,Clayton,07060001,River/Stream,,43.0404991,-91.2055504
6,10220003,Bloody Run Creek Site #1 (BR01),12/03/2002 10:10:00,AMBIENT,14265-44-2,Orthophosphate (as P),Dissolved,,0.05,mg/l,False,0.05,,,365.1,UHL001,Actual,SW,Water,,,Clayton,07060001,River/Stream,,43.0404991,-91.2055504
6,10220003,Bloody Run Creek Site #1 (BR01),04/01/2003 10:00:00,AMBIENT,14265-44-2,Orthophosphate (as P),Dissolved,,0.05,mg/l,False,0.05,,,365.1,UHL001,Actual,SW,Water,,,Clayton,07060001,River/Stream,,43.0404991,-91.2055504
6,10220003,Bloody Run Creek Site #1 (BR01),08/05/2003 09:45:00,AMBIENT,14265-44-2,Orthophosphate (as P),Dissolved,,0.04,mg/l,True,0.02,,,365.1,UHL001,Actual,SW,Water,,,Clayton,07060001,River/Stream,,43.0404991,-91.2055504
6,10220003,Bloody Run Creek Site #1 (BR01),09/02/2003 11:30:00,AMBIENT,14265-44-2,Orthophosphate (as P),Dissolved,,0.04,mg/l,True,0.02,,,365.1,UHL001,Actual,SW,Water,,,Clayton,07060001,River/Stream,,43.0404991,-91.2055504
6,10220003,Bloody Run Creek Site #1 (BR01),10/07/2003 10:10:00,AMBIENT,14265-44-2,Orthophosphate (as P),Dissolved,,0.07,mg/l,True,0.02,,,365.1,UHL001,Actual,SW,Water,,,Clayton,07060001,River/Stream,,43.0404991,-91.2055504
6,10220003,Bloody Run Creek Site #1 (BR01),11/04/2003 13:35:00,AMBIENT,14265-44-2,Orthophosphate (as P),Dissolved,,0.05,mg/l,True,0.02,,,365.1,UHL001,Actual,SW,Water,,,Clayton,07060001,River/Stream,,43.0404991,-91.2055504
6,10220003,Bloody Run Creek Site #1 (BR01),12/02/2003 10:00:00,AMBIENT,14265-44-2,Orthophosphate (as P),Dissolved,,0.04,mg/l,True,0.02,,,365.1,UHL001,Actual,SW,Water,,,Clayton,07060001,River/Stream,,43.0404991,-91.2055504
6,10220003,Bloody Run Creek Site #1 (BR01),01/06/2004 11:25:00,AMBIENT,14265-44-2,Orthophosphate (as P),Dissolved,,0.03,mg/l,True,0.02,,,365.1,UHL001,Actual,SW,Water,,,Clayton,07060001,River/Stream,,43.0404991,-91.2055504
6,10220003,Bloody Run Creek Site #1 (BR01),03/02/2004 10:20:00,AMBIENT,14265-44-2,Orthophosphate (as P),Dissolved,,0.38,mg/l,True,0.05,,,365.1,UHL001,Actual,SW,Water,,,Clayton,07060001,River/Stream,,43.0404991,-91.2055504
6,10220003,Bloody Run Creek Site #1 (BR01),08/03/2004 10:55:00,AMBIENT,14265-44-2,Orthophosphate (as P),Dissolved,,0.04,mg/l,True,0.02,,,365.1,UHL001,Actual,SW,Water,,,Clayton,07060001,River/Stream,,43.0404991,-91.2055504
6,10220003,Bloody Run Creek Site #1 (BR01),09/07/2004 08:55:00,AMBIENT,14265-44-2,Orthophosphate (as P),Dissolved,,0.03,mg/l,True,0.02,,,365.1,UHL001,Actual,SW,Water,,,Clayton,07060001,River/Stream,,43.0404991,-91.2055504
6,10220003,Bloody Run Creek Site #1 (BR01),10/05/2004 10:00:00,AMBIENT,14265-44-2,Orthophosphate (as P),Dissolved,,0.04,mg/l,True,0.02,,,365.1,UHL001,Actual,SW,Water,,,Clayton,07060001,River/Stream,,43.0404991,-91.2055504
6,10220003,Bloody Run Creek Site #1 (BR01),12/07/2004 10:10:00,AMBIENT,14265-44-2,Orthophosphate (as P),Dissolved,,0.04,mg/l,True,0.02,,,365.1,UHL001,Actual,SW,Water,,,Clayton,07060001,River/Stream,,43.0404991,-91.2055504
6,10220003,Bloody Run Creek Site #1 (BR01),06/07/2005 10:30:00,AMBIENT,14265-44-2,Orthophosphate (as P),Dissolved,,0.04,mg/l,True,0.02,,,365.1,UHL001,Actual,SW,Water,,,Clayton,07060001,River/Stream,,43.0404991,-91.2055504
6,10220003,Bloody Run Creek Site #1 (BR01),07/06/2005 10:20:00,AMBIENT,14265-44-2,Orthophosphate (as P),Dissolved,,0.04,mg/l,True,0.02,,,365.1,UHL001,Actual,SW,Water,,,Clayton,07060001,River/Stream,,43.0404991,-91.2055504
6,10220003,Bloody Run Creek Site #1 (BR01),08/02/2005 14:00:00,AMBIENT,14265-44-2,Orthophosphate (as P),Dissolved,,0.04,mg/l,True,0.02,,,365.1,UHL001,Actual,SW,Water,,,Clayton,07060001,River/Stream,,43.0404991,-91.2055504
6,10220003,Bloody Run Creek Site #1 (BR01),05/03/2005 11:10:00,AMBIENT,14265-44-2,Orthophosphate (as P),Dissolved,,0.02,mg/l,False,0.02,,,365.1,UHL001,Actual,SW,Water,,,Clayton,07060001,River/Stream,,43.0404991,-91.2055504
6,10220003,Bloody Run Creek Site #1 (BR01),11/01/2005 09:15:00,AMBIENT,14265-44-2,Orthophosphate (as P),Dissolved,,0.03,mg/l,True,0.02,,,365.1,UHL001,Actual,SW,Water,,,Clayton,07060001,River/Stream,,43.0404991,-91.2055504
6,10220003,Bloody Run Creek Site #1 (BR01),03/07/2006 10:20:00,AMBIENT,14265-44-2,Orthophosphate (as P),Dissolved,,0.02,mg/l,False,0.02,,,365.1,UHL001,Actual,SW,Water,,,Clayton,07060001,River/Stream,,43.0404991,-91.2055504
6,10220003,Bloody Run Creek Site #1 (BR01),05/02/2006 09:40:00,AMBIENT,14265-44-2,Orthophosphate (as P),Dissolved,,0.03,mg/l,True,0.02,,,365.1,UHL001,Actual,SW,Water,,,Clayton,07060001,River/Stream,,43.0404991,-91.2055504
6,10220003,Bloody Run Creek Site #1 (BR01),06/05/2006 09:00:00,AMBIENT,14265-44-2,Orthophosphate (as P),Dissolved,,0.08,mg/l,True,0.02,,,365.1,UHL001,Actual,SW,Water,,,Clayton,07060001,River/Stream,,43.0404991,-91.2055504
6,10220003,Bloody Run Creek Site #1 (BR01),07/06/2006 12:05:00,AMBIENT,14265-44-2,Orthophosphate (as P),Dissolved,,0.05,mg/l,True,0.02,,,365.1,UHL001,Actual,SW,Water,,,Clayton,07060001,River/Stream,,43.0404991,-91.2055504
6,10220003,Bloody Run Creek Site #1 (BR01),09/07/2006 10:50:00,AMBIENT,14265-44-2,Orthophosphate (as P),Dissolved,,0.04,mg/l,True,0.02,,,365.1,UHL001,Actual,SW,Water,,,Clayton,07060001,River/Stream,,43.0404991,-91.2055504
6,10220003,Bloody Run Creek Site #1 (BR01),11/08/2006 09:45:00,AMBIENT,14265-44-2,Orthophosphate (as P),Dissolved,,0.02,mg/l,True,0.02,,,365.1,UHL001,Actual,SW,Water,,,Clayton,07060001,River/Stream,,43.0404991,-91.2055504
6,10220003,Bloody Run Creek Site #1 (BR01),02/07/2006 09:30:00,AMBIENT,14265-44-2,Orthophosphate (as P),Dissolved,,0.02,mg/l,True,0.02,,,365.1,UHL001,Actual,SW,Water,,,Clayton,07060001,River/Stream,,43.0404991,-91.2055504
6,10220003,Bloody Run Creek Site #1 (BR01),12/07/2006 09:30:00,AMBIENT,14265-44-2,Orthophosphate (as P),Dissolved,,0.05,mg/l,True,0.02,,,365.1,UHL001,Actual,SW,Water,,,Clayton,07060001,River/Stream,,43.0404991,-91.2055504
6,10220003,Bloody Run Creek Site #1 (BR01),04/10/2007 09:40:00,AMBIENT,14265-44-2,Orthophosphate (as P),Dissolved,,0.03,mg/l,True,0.02,,,365.1,UHL001,Actual,SW,Water,,,Clayton,07060001,River/Stream,,43.0404991,-91.2055504
6,10220003,Bloody Run Creek Site #1 (BR01),06/13/2007 09:25:00,AMBIENT,14265-44-2,Orthophosphate (as P),Dissolved,,0.04,mg/l,True,0.02,,,365.1,UHL001,Actual,SW,Water,,,Clayton,07060001,River/Stream,,43.0404991,-91.2055504
6,10220003,Bloody Run Creek Site #1 (BR01),07/12/2007 09:20:00,AMBIENT,14265-44-2,Orthophosphate (as P),Dissolved,,0.04,mg/l,True,0.02,,,365.1,UHL001,Actual,SW,Water,,,Clayton,07060001,River/Stream,,43.0404991,-91.2055504
6,10220003,Bloody Run Creek Site #1 (BR01),09/12/2007 10:10:00,AMBIENT,14265-44-2,Orthophosphate (as P),Dissolved,,0.04,mg/l,True,0.02,,,365.1,UHL001,Actual,SW,Water,,,Clayton,07060001,River/Stream,,43.0404991,-91.2055504
6,10220003,Bloody Run Creek Site #1 (BR01),12/04/2007 10:10:00,AMBIENT,14265-44-2,Orthophosphate (as P),Dissolved,,0.05,mg/l,True,0.02,,,365.1,UHL001,Actual,SW,Water,,,Clayton,07060001,River/Stream,,43.0404991,-91.2055504
6,10220003,Bloody Run Creek Site #1 (BR01),07/09/2008 09:50:00,AMBIENT,14265-44-2,Orthophosphate (as P),Dissolved,,0.13,mg/l,True,0.02,,,365.1,UHL001,Actual,SW,Water,,,Clayton,07060001,River/Stream,,43.0404991,-91.2055504
6,10220003,Bloody Run Creek Site #1 (BR01),02/12/2008 09:45:00,AMBIENT,14265-44-2,Orthophosphate (as P),Dissolved,,0.06,mg/l,True,0.02,,,365.1,UHL001,Actual,SW,Water,,,Clayton,07060001,River/Stream,,43.0404991,-91.2055504
6,10220003,Bloody Run Creek Site #1 (BR01),08/13/2008 08:30:00,AMBIENT,14265-44-2,Orthophosphate (as P),Dissolved,,0.04,mg/l,True,0.02,,,365.1,UHL001,Actual,SW,Water,,,Clayton,07060001,River/Stream,,43.0404991,-91.2055504
6,10220003,Bloody Run Creek Site #1 (BR01),12/11/2008 10:05:00,AMBIENT,14265-44-2,Orthophosphate (as P),Dissolved,,0.1,mg/l,False,0.1,,,300(A),UHL001,Actual,SW,Water,,,Clayton,07060001,River/Stream,,43.0404991,-91.2055504
6,10220003,Bloody Run Creek Site #1 (BR01),07/06/2009 12:30:00,AMBIENT,14265-44-2,Orthophosphate (as P),Dissolved,,0.03,mg/l,True,0.02,,,365.1,UHL001,Actual,SW,Water,,,Clayton,07060001,River/Stream,,43.0404991,-91.2055504
6,10220003,Bloody Run Creek Site #1 (BR01),08/11/2009 11:45:00,AMBIENT,14265-44-2,Orthophosphate (as P),Dissolved,,0.06,mg/l,True,0.02,,,365.1,UHL001,Actual,SW,Water,,,Clayton,07060001,River/Stream,,43.0404991,-91.2055504
6,10220003,Bloody Run Creek Site #1 (BR01),11/05/2009 10:30:00,AMBIENT,14265-44-2,Orthophosphate (as P),Dissolved,,0.06,mg/l,True,0.02,,,365.1,UHL001,Actual,SW,Water,,,Clayton,07060001,River/Stream,,43.0404991,-91.2055504
6,10220003,Bloody Run Creek Site #1 (BR01),10/08/2009 10:20:00,AMBIENT,14265-44-2,Orthophosphate (as P),Dissolved,,0.04,mg/l,True,0.02,,,365.1,UHL001,Actual,SW,Water,,,Clayton,07060001,River/Stream,,43.0404991,-91.2055504
6,10220003,Bloody Run Creek Site #1 (BR01),02/03/2010 10:00:00,AMBIENT,14265-44-2,Orthophosphate (as P),Dissolved,,0.04,mg/l,True,0.02,,,365.1,UHL001,Actual,SW,Water,,,Clayton,07060001,River/Stream,,43.0404991,-91.2055504
6,10220003,Bloody Run Creek Site #1 (BR01),04/05/2010 10:00:00,AMBIENT,14265-44-2,Orthophosphate (as P),Dissolved,,0.03,mg/l,True,0.02,,,365.1,UHL001,Actual,SW,Water,,,Clayton,07060001,River/Stream,,43.0404991,-91.2055504
6,10220003,Bloody Run Creek Site #1 (BR01),07/07/2010 10:15:00,AMBIENT,14265-44-2,Orthophosphate (as P),Dissolved,,0.12,mg/l,True,0.02,,,365.1,UHL001,Actual,SW,Water,,,Clayton,07060001,River/Stream,,43.0404991,-91.2055504
6,10220003,Bloody Run Creek Site #1 (BR01),08/05/2010 10:00:00,AMBIENT,14265-44-2,Orthophosphate (as P),Dissolved,,0.07,mg/l,True,0.02,,,365.1,UHL001,Actual,SW,Water,,,Clayton,07060001,River/Stream,,43.0404991,-91.2055504
6,10220003,Bloody Run Creek Site #1 (BR01),11/02/2010 10:30:00,AMBIENT,14265-44-2,Orthophosphate (as P),Dissolved,,0.05,mg/l,True,0.02,,,365.1,UHL001,Actual,SW,Water,,,Clayton,07060001,River/Stream,,43.0404991,-91.2055504
6,10220003,Bloody Run Creek Site #1 (BR01),02/07/2011 09:20:00,AMBIENT,14265-44-2,Orthophosphate (as P),Dissolved,,0.04,mg/l,True,0.02,,,365.1,UHL001,Actual,SW,Water,,,Clayton,07060001,River/Stream,,43.0404991,-91.2055504
6,10220003,Bloody Run Creek Site #1 (BR01),04/04/2011 09:45:00,AMBIENT,14265-44-2,Orthophosphate (as P),Dissolved,,0.05,mg/l,True,0.02,,,365.1,UHL001,Actual,SW,Water,,,Clayton,07060001,River/Stream,,43.0404991,-91.2055504
6,10220003,Bloody Run Creek Site #1 (BR01),05/02/2011 10:00:00,AMBIENT,14265-44-2,Orthophosphate (as P),Dissolved,,0.04,mg/l,True,0.02,,,365.1,UHL001,Actual,SW,Water,,,Clayton,07060001,River/Stream,,43.0404991,-91.2055504
6,10220003,Bloody Run Creek Site #1 (BR01),06/08/2011 10:00:00,AMBIENT,14265-44-2,Orthophosphate (as P),Dissolved,,0.08,mg/l,True,0.02,,,365.1,UHL001,Actual,SW,Water,,,Clayton,07060001,River/Stream,,43.0404991,-91.2055504
6,10220003,Bloody Run Creek Site #1 (BR01),07/05/2011 10:30:00,AMBIENT,14265-44-2,Orthophosphate (as P),Dissolved,,0.05,mg/l,True,0.02,,,365.1,UHL001,Actual,SW,Water,,,Clayton,07060001,River/Stream,,43.0404991,-91.2055504
6,10220003,Bloody Run Creek Site #1 (BR01),08/03/2011 10:00:00,AMBIENT,14265-44-2,Orthophosphate (as P),Dissolved,,0.04,mg/l,True,0.02,,,365.1,UHL001,Actual,SW,Water,,,Clayton,07060001,River/Stream,,43.0404991,-91.2055504
6,10220003,Bloody Run Creek Site #1 (BR01),10/03/2011 09:45:00,AMBIENT,14265-44-2,Orthophosphate (as P),Dissolved,,0.05,mg/l,True,0.02,,,365.1,UHL001,Actual,SW,Water,,,Clayton,07060001,River/Stream,,43.0404991,-91.2055504
6,10220003,Bloody Run Creek Site #1 (BR01),12/06/2011 10:30:00,AMBIENT,14265-44-2,Orthophosphate (as P),Dissolved,,0.04,mg/l,True,0.02,,,365.1,UHL001,Actual,SW,Water,,,Clayton,07060001,River/Stream,,43.0404991,-91.2055504
6,10220003,Bloody Run Creek Site #1 (BR01),04/05/2012 09:00:00,AMBIENT,14265-44-2,Orthophosphate (as P),Dissolved,,0.02,mg/l,True,0.02,,,LAC10-115-01-1A,UHL001,Actual,SW,Water,,,Clayton,07060001,River/Stream,,43.0404991,-91.2055504
6,10220003,Bloody Run Creek Site #1 (BR01),09/10/2012 10:10:00,AMBIENT,14265-44-2,Orthophosphate (as P),Dissolved,,0.04,mg/l,True,0.02,,,LAC10-115-01-1A,UHL001,Actual,SW,Water,,,Clayton,07060001,River/Stream,,43.0404991,-91.2055504
6,10220003,Bloody Run Creek Site #1 (BR01),10/03/2012 10:20:00,AMBIENT,14265-44-2,Orthophosphate (as P),Dissolved,,0.04,mg/l,True,0.02,,,LAC10-115-01-1A,UHL001,Actual,SW,Water,,,Clayton,07060001,River/Stream,,43.0404991,-91.2055504
6,10220003,Bloody Run Creek Site #1 (BR01),12/04/2012 10:45:00,AMBIENT,14265-44-2,Orthophosphate (as P),Dissolved,,0.03,mg/l,True,0.02,,,LAC10-115-01-1A,UHL001,Actual,SW,Water,,,Clayton,07060001,River/Stream,,43.0404991,-91.2055504
6,10220003,Bloody Run Creek Site #1 (BR01),02/07/2013 11:15:00,AMBIENT,14265-44-2,Orthophosphate (AS P),Dissolved,,0.05,mg/l,True,0.02,,,LAC10-115-01-1A,UHL001,Actual,SW,Water,,,Clayton,07060001,River/Stream,,43.0404991,-91.2055504
6,10220003,Bloody Run Creek Site #1 (BR01),03/07/2013 09:50:00,AMBIENT,14265-44-2,Orthophosphate (AS P),Dissolved,,0.02,mg/l,True,0.02,,,LAC10-115-01-1A,UHL001,Actual,SW,Water,,,Clayton,07060001,River/Stream,,43.0404991,-91.2055504
6,10220003,Bloody Run Creek Site #1 (BR01),05/02/2013 11:15:00,AMBIENT,14265-44-2,Orthophosphate (AS P),Dissolved,,0.02,mg/l,False,0.02,,,LAC10-115-01-1A,UHL001,Actual,SW,Water,,,Clayton,07060001,River/Stream,,43.0404991,-91.2055504
6,10220003,Bloody Run Creek Site #1 (BR01),07/02/2013 08:15:00,AMBIENT,14265-44-2,Orthophosphate (AS P),Dissolved,,0.08,mg/l,True,0.02,,,LAC10-115-01-1A,UHL001,Actual,SW,Water,,,Clayton,07060001,River/Stream,,43.0404991,-91.2055504
6,10220003,Bloody Run Creek Site #1 (BR01),08/01/2013 11:05:00,AMBIENT,14265-44-2,Orthophosphate (AS P),Dissolved,,0.04,mg/l,True,0.02,,,LAC10-115-01-1A,UHL001,Actual,SW,Water,,,Clayton,07060001,River/Stream,,43.0404991,-91.2055504
6,10220003,Bloody Run Creek Site #1 (BR01),11/06/2013 09:00:00,AMBIENT,14265-44-2,Orthophosphate (AS P),Dissolved,,0.04,mg/l,True,0.02,,,LAC10-115-01-1A,UHL001,Actual,SW,Water,,,Clayton,07060001,River/Stream,,43.0404991,-91.2055504
6,10220003,Bloody Run Creek Site #1 (BR01),12/05/2013 10:15:00,AMBIENT,14265-44-2,Orthophosphate (AS P),Dissolved,,0.04,mg/l,True,0.02,,,LAC10-115-01-1A,UHL001,Actual,SW,Water,,,Clayton,07060001,River/Stream,,43.0404991,-91.2055504
6,10220003,Bloody Run Creek Site #1 (BR01),01/02/2014 10:20:00,AMBIENT,14265-44-2,Orthophosphate (AS P),Dissolved,,0.03,mg/l,True,0.02,,,LAC10-115-01-1A,UHL001,Actual,SW,Water,,,Clayton,07060001,River/Stream,,43.0404991,-91.2055504
6,10220003,Bloody Run Creek Site #1 (BR01),02/04/2014 09:10:00,AMBIENT,14265-44-2,Orthophosphate (AS P),Dissolved,,0.03,mg/l,True,0.02,,,LAC10-115-01-1A,UHL001,Actual,SW,Water,,,Clayton,07060001,River/Stream,,43.0404991,-91.2055504
6,10220003,Bloody Run Creek Site #1 (BR01),04/01/2014 08:40:00,AMBIENT,14265-44-2,Orthophosphate (AS P),Dissolved,,0.18,mg/l,True,0.02,,,LAC10-115-01-1A,UHL001,Actual,SW,Water,,,Clayton,07060001,River/Stream,,43.0404991,-91.2055504
6,10220003,Bloody Run Creek Site #1 (BR01),08/04/2014 10:30:00,AMBIENT,14265-44-2,Orthophosphate (AS P),Dissolved,,0.05,mg/l,True,0.02,,,LAC10-115-01-1A,UHL001,Actual,SW,Water,,,Clayton,07060001,River/Stream,,43.0404991,-91.2055504
6,10220003,Bloody Run Creek Site #1 (BR01),09/03/2014 10:00:00,AMBIENT,14265-44-2,Orthophosphate (AS P),Dissolved,,0.06,mg/l,True,0.02,,,LAC10-115-01-1A,UHL001,Actual,SW,Water,,,Clayton,07060001,River/Stream,,43.0404991,-91.2055504
6,10220003,Bloody Run Creek Site #1 (BR01),12/03/2014 08:50:00,AMBIENT,14265-44-2,Orthophosphate (AS P),Dissolved,,0.02,mg/l,True,0.02,,,LAC10-115-01-1A,UHL001,Actual,SW,Water,,,Clayton,07060001,River/Stream,,43.0404991,-91.2055504
6,10220003,Bloody Run Creek Site #1 (BR01),04/02/2015 08:35:00,AMBIENT,14265-44-2,Orthophosphate (AS P),Dissolved,,0.04,mg/l,True,0.02,,,LAC10-115-01-1A,UHL001,Actual,SW,Water,,,Clayton,07060001,River/Stream,,43.0404991,-91.2055504
6,10220003,Bloody Run Creek Site #1 (BR01),07/02/2015 07:50:00,AMBIENT,14265-44-2,Orthophosphate (AS P),Dissolved,,0.03,mg/l,True,0.02,,,4500-P-E,UHL001,Actual,SW,Water,,,Clayton,07060001,River/Stream,,43.0404991,-91.2055504
6,10220003,Bloody Run Creek Site #1 (BR01),08/03/2015 09:00:00,AMBIENT,14265-44-2,Orthophosphate (AS P),Dissolved,,0.04,mg/l,True,0.02,,,LAC10-115-01-1A,UHL001,Actual,SW,Water,,,Clayton,07060001,River/Stream,,43.0404991,-91.2055504
6,10220003,Bloody Run Creek Site #1 (BR01),09/02/2015 11:15:00,AMBIENT,14265-44-2,Orthophosphate (AS P),Dissolved,,0.06,mg/l,True,0.02,,,LAC10-115-01-1A,UHL001,Actual,SW,Water,,,Clayton,07060001,River/Stream,,43.0404991,-91.2055504
6,10220003,Bloody Run Creek Site #1 (BR01),12/02/2015 10:00:00,AMBIENT,14265-44-2,Orthophosphate (AS P),Dissolved,,0.06,mg/l,True,0.02,,,LAC10-115-01-1A,UHL001,Actual,SW,Water,,,Clayton,07060001,River/Stream,,43.0404991,-91.2055504
6,10220003,Bloody Run Creek Site #1 (BR01),11/09/2015 09:45:00,AMBIENT,14265-44-2,Orthophosphate (AS P),Dissolved,,0.04,mg/l,True,0.02,,,LAC10-115-01-1A,UHL001,Actual,SW,Water,,,Clayton,07060001,River/Stream,,43.0404991,-91.2055504
6,10220003,Bloody Run Creek Site #1 (BR01),10/08/2015 09:00:00,AMBIENT,14265-44-2,Orthophosphate (AS P),Dissolved,,0.03,mg/l,True,0.02,,,LAC10-115-01-1A,UHL001,Actual,SW,Water,,,Clayton,07060001,River/Stream,,43.0404991,-91.2055504
6,10220003,Bloody Run Creek Site #1 (BR01),01/11/2016 10:50:00,AMBIENT,14265-44-2,Orthophosphate (AS P),Dissolved,,0.05,mg/l,True,0.02,,,LAC10-115-01-1A,UHL001,Actual,SW,Water,,,Clayton,07060001,River/Stream,,43.0404991,-91.2055504
6,10220003,Bloody Run Creek Site #1 (BR01),02/04/2016 10:50:00,AMBIENT,14265-44-2,Orthophosphate (AS P),Dissolved,,0.04,mg/l,True,0.02,,,LAC10-115-01-1A,UHL001,Actual,SW,Water,,,Clayton,07060001,River/Stream,,43.0404991,-91.2055504
6,10220003,Bloody Run Creek Site #1 (BR01),03/08/2016 08:30:00,AMBIENT,14265-44-2,Orthophosphate (AS P),Dissolved,,0.03,mg/l,True,0.02,,,LAC10-115-01-1A,UHL001,Actual,SW,Water,,,Clayton,07060001,River/Stream,,43.0404991,-91.2055504
6,10220003,Bloody Run Creek Site #1 (BR01),04/06/2016 08:40:00,AMBIENT,14265-44-2,Orthophosphate (AS P),Dissolved,,0.02,mg/l,False,0.02,,,LAC10-115-01-1A,UHL001,Actual,SW,Water,,,Clayton,07060001,River/Stream,,43.0404991,-91.2055504
6,10220003,Bloody Run Creek Site #1 (BR01),05/04/2016 10:05:00,AMBIENT,14265-44-2,Orthophosphate (AS P),Dissolved,,0.03,mg/l,True,0.02,,,LAC10-115-01-1A,UHL001,Actual,SW,Water,,,Clayton,07060001,River/Stream,,43.0404991,-91.2055504
6,10220003,Bloody Run Creek Site #1 (BR01),06/02/2016 10:10:00,AMBIENT,14265-44-2,Orthophosphate (AS P),Dissolved,,0.06,mg/l,True,0.02,,,LAC10-115-01-1A,UHL001,Actual,SW,Water,,,Clayton,07060001,River/Stream,,43.0404991,-91.2055504
6,10220003,Bloody Run Creek Site #1 (BR01),07/06/2016 10:50:00,AMBIENT,14265-44-2,Orthophosphate (AS P),Dissolved,,0.02,mg/l,False,0.02,,,LAC10-115-01-1A,UHL001,Actual,SW,Water,,,Clayton,07060001,River/Stream,,43.0404991,-91.2055504
6,10220003,Bloody Run Creek Site #1 (BR01),08/03/2016 10:00:00,AMBIENT,14265-44-2,Orthophosphate (AS P),Dissolved,,0.03,mg/l,True,0.02,,,LAC10-115-01-1A,UHL001,Actual,SW,Water,,,Clayton,07060001,River/Stream,,43.0404991,-91.2055504
6,10220003,Bloody Run Creek Site #1 (BR01),09/01/2016 09:50:00,AMBIENT,14265-44-2,Orthophosphate (AS P),Dissolved,,0.06,mg/l,True,0.02,,,LAC10-115-01-1A,UHL001,Actual,SW,Water,,,Clayton,07060001,River/Stream,,43.0404991,-91.2055504
6,10220003,Bloody Run Creek Site #1 (BR01),10/03/2016 08:50:00,AMBIENT,14265-44-2,Orthophosphate (AS P),Dissolved,,0.07,mg/l,True,0.02,,,LAC10-115-01-1A,UHL001,Actual,SW,Water,,,Clayton,07060001,River/Stream,,43.0404991,-91.2055504
6,10220003,Bloody Run Creek Site #1 (BR01),11/01/2016 10:50:00,AMBIENT,14265-44-2,Orthophosphate (AS P),Dissolved,,0.05,mg/l,True,0.02,,,LAC10-115-01-1A,UHL001,Actual,SW,Water,,,Clayton,07060001,River/Stream,,43.0404991,-91.2055504
6,10220003,Bloody Run Creek Site #1 (BR01),12/07/2016 10:30:00,AMBIENT,14265-44-2,Orthophosphate (AS P),Dissolved,,0.06,mg/l,True,0.02,,,LAC10-115-01-1A,UHL001,Actual,SW,Water,,,Clayton,07060001,River/Stream,,43.0404991,-91.2055504
6,10220003,Bloody Run Creek Site #1 (BR01),01/05/2017 10:35:00,AMBIENT,14265-44-2,Orthophosphate (AS P),Dissolved,,0.05,mg/l,True,0.02,,,LAC10-115-01-1A,UHL001,Actual,SW,Water,,,Clayton,07060001,River/Stream,,43.0404991,-91.2055504
6,10220003,Bloody Run Creek Site #1 (BR01),02/01/2017 09:55:00,AMBIENT,14265-44-2,Orthophosphate (AS P),Dissolved,,0.08,mg/l,True,0.02,,,LAC10-115-01-1A,UHL001,Actual,SW,Water,,,Clayton,07060001,River/Stream,,43.0404991,-91.2055504
6,10220003,Bloody Run Creek Site #1 (BR01),03/02/2017 10:20:00,AMBIENT,14265-44-2,Orthophosphate (AS P),Dissolved,,0.08,mg/l,True,0.02,,,LAC10-115-01-1A,UHL001,Actual,SW,Water,,,Clayton,07060001,River/Stream,,43.0404991,-91.2055504
6,10220003,Bloody Run Creek Site #1 (BR01),04/10/2017 09:35:00,AMBIENT,14265-44-2,Orthophosphate (AS P),Dissolved,,0.04,mg/l,True,0.02,,,LAC10-115-01-1A,UHL001,Actual,SW,Water,,,Clayton,07060001,River/Stream,,43.0404991,-91.2055504
6,10220003,Bloody Run Creek Site #1 (BR01),05/01/2017 10:25:00,AMBIENT,14265-44-2,Orthophosphate (AS P),Dissolved,,0.05,mg/l,True,0.02,,,LAC10-115-01-1A,UHL001,Actual,SW,Water,,,Clayton,07060001,River/Stream,,43.0404991,-91.2055504
6,10220003,Bloody Run Creek Site #1 (BR01),06/07/2017 08:20:00,AMBIENT,14265-44-2,Orthophosphate (AS P),Dissolved,,0.04,mg/l,True,0.02,,,LAC10-115-01-1A,UHL001,Actual,SW,Water,,,Clayton,07060001,River/Stream,,43.0404991,-91.2055504
6,10220003,Bloody Run Creek Site #1 (BR01),07/06/2017 09:50:00,AMBIENT,14265-44-2,Orthophosphate (AS P),Dissolved,,0.06,mg/l,True,0.02,,,LAC10-115-01-1A,UHL001,Actual,SW,Water,,,Clayton,07060001,River/Stream,,43.0404991,-91.2055504
6,10220003,Bloody Run Creek Site #1 (BR01),08/02/2017 09:10:00,AMBIENT,14265-44-2,Orthophosphate (AS P),Dissolved,,0.03,mg/l,True,0.02,,,LAC10-115-01-1A,UHL001,Actual,SW,Water,,,Clayton,07060001,River/Stream,,43.0404991,-91.2055504
6,10220003,Bloody Run Creek Site #1 (BR01),10/04/2017 10:20:00,AMBIENT,14265-44-2,Orthophosphate (AS P),Dissolved,,0.05,mg/l,True,0.02,,,LAC10-115-01-1A,UHL001,Actual,SW,Water,,,Clayton,07060001,River/Stream,,43.0404991,-91.2055504
6,10220003,Bloody Run Creek Site #1 (BR01),09/07/2017 10:30:00,AMBIENT,14265-44-2,Orthophosphate (AS P),Dissolved,,0.04,mg/l,True,0.02,,,LAC10-115-01-1A,UHL001,Actual,SW,Water,,,Clayton,07060001,River/Stream,,43.0404991,-91.2055504
6,10220003,Bloody Run Creek Site #1 (BR01),12/04/2017 10:30:00,AMBIENT,14265-44-2,Orthophosphate (AS P),Dissolved,,0.03,mg/l,True,0.02,,,LAC10-115-01-1A,UHL001,Actual,SW,Water,,,Clayton,07060001,River/Stream,,43.0404991,-91.2055504
6,10220003,Bloody Run Creek Site #1 (BR01),11/06/2017 10:30:00,AMBIENT,14265-44-2,Orthophosphate (AS P),Dissolved,,0.04,mg/l,True,0.02,,,LAC10-115-01-1A,UHL001,Actual,SW,Water,,,Clayton,07060001,River/Stream,,43.0404991,-91.2055504
6,10220003,Bloody Run Creek Site #1 (BR01),01/03/2018 10:50:00,AMBIENT,14265-44-2,Orthophosphate (AS P),Dissolved,,0.04,mg/l,True,0.02,,,LAC10-115-01-1A,UHL001,Actual,SW,Water,,,Clayton,07060001,River/Stream,,43.0404991,-91.2055504
6,10220003,Bloody Run Creek Site #1 (BR01),02/05/2018 09:10:00,AMBIENT,14265-44-2,Orthophosphate (AS P),Dissolved,,0.06,mg/l,True,0.02,,,LAC10-115-01-1A,UHL001,Actual,SW,Water,,,Clayton,07060001,River/Stream,,43.0404991,-91.2055504
6,10220003,Bloody Run Creek Site #1 (BR01),03/08/2018 11:35:00,AMBIENT,14265-44-2,Orthophosphate (AS P),Dissolved,,0.08,mg/l,True,0.02,,,LAC10-115-01-1A,UHL001,Actual,SW,Water,,,Clayton,07060001,River/Stream,,43.0404991,-91.2055504
6,10220003,Bloody Run Creek Site #1 (BR01),04/10/2018 09:30:00,AMBIENT,14265-44-2,Orthophosphate (AS P),Dissolved,,0.02,mg/l,True,0.02,,,LAC10-115-01-1A,UHL001,Actual,SW,Water,,,Clayton,07060001,River/Stream,,43.0404991,-91.2055504
6,10220003,Bloody Run Creek Site #1 (BR01),05/08/2018 09:40:00,AMBIENT,14265-44-2,Orthophosphate (AS P),Dissolved,,0.02,mg/l,True,0.02,,,LAC10-115-01-1A,UHL001,Actual,SW,Water,,,Clayton,07060001,River/Stream,,43.0404991,-91.2055504
6,10220003,Bloody Run Creek Site #1 (BR01),06/07/2018 10:15:00,AMBIENT,14265-44-2,Orthophosphate (AS P),Dissolved,,0.05,mg/l,True,0.02,,,LAC10-115-01-1A,UHL001,Actual,SW,Water,,,Clayton,07060001,River/Stream,,43.0404991,-91.2055504
6,10220003,Bloody Run Creek Site #1 (BR01),07/09/2018 10:20:00,AMBIENT,14265-44-2,Orthophosphate (AS P),Dissolved,,0.04,mg/l,True,0.02,,,LAC10-115-01-1A,UHL001,Actual,SW,Water,,,Clayton,07060001,River/Stream,,43.0404991,-91.2055504
6,10220003,Bloody Run Creek Site #1 (BR01),08/07/2018 10:00:00,AMBIENT,14265-44-2,Orthophosphate (AS P),Dissolved,,0.1,mg/l,True,0.02,,,LAC10-115-01-1A,UHL001,Actual,SW,Water,,,Clayton,07060001,River/Stream,,43.0404991,-91.2055504
6,10220003,Bloody Run Creek Site #1 (BR01),09/06/2018 10:30:00,AMBIENT,14265-44-2,Orthophosphate (AS P),Dissolved,,0.21,mg/l,True,0.02,,,LAC10-115-01-1A,UHL001,Actual,SW,Water,,,Clayton,07060001,River/Stream,,43.0404991,-91.2055504
6,10220003,Bloody Run Creek Site #1 (BR01),10/02/2018 10:25:00,AMBIENT,14265-44-2,Orthophosphate (AS P),Dissolved,,0.26,mg/l,True,0.02,,,LAC10-115-01-1A,UHL001,Actual,SW,Water,,,Clayton,07060001,River/Stream,,43.0404991,-91.2055504
6,10220003,Bloody Run Creek Site #1 (BR01),11/07/2018 10:10:00,AMBIENT,14265-44-2,Orthophosphate (AS P),Dissolved,,0.1,mg/l,True,0.02,,,LAC10-115-01-1A,UHL001,Actual,SW,Water,,,Clayton,07060001,River/Stream,,43.0404991,-91.2055504
6,10220003,Bloody Run Creek Site #1 (BR01),12/05/2018 10:05:00,AMBIENT,14265-44-2,Orthophosphate (AS P),Dissolved,,0.04,mg/l,True,0.02,,,LAC10-115-01-1A,UHL001,Actual,SW,Water,,,Clayton,07060001,River/Stream,,43.0404991,-91.2055504
6,10220003,Bloody Run Creek Site #1 (BR01),01/07/2019 11:45:00,AMBIENT,14265-44-2,Orthophosphate (AS P),Dissolved,,0.15,mg/l,True,0.02,,,LAC10-115-01-1A,UHL001,Actual,SW,Water,,,Clayton,07060001,River/Stream,,43.0404991,-91.2055504
6,10220003,Bloody Run Creek Site #1 (BR01),02/07/2019 08:55:00,AMBIENT,14265-44-2,Orthophosphate (AS P),Dissolved,,0.14,mg/l,True,0.02,,,LAC10-115-01-1A,UHL001,Actual,SW,Water,,,Clayton,07060001,River/Stream,,43.0404991,-91.2055504
6,10220003,Bloody Run Creek Site #1 (BR01),03/07/2019 09:40:00,AMBIENT,14265-44-2,Orthophosphate (AS P),Dissolved,,0.04,mg/l,True,0.02,,,LAC10-115-01-1A,UHL001,Actual,SW,Water,,,Clayton,07060001,River/Stream,,43.0404991,-91.2055504
6,10220003,Bloody Run Creek Site #1 (BR01),04/04/2019 09:20:00,AMBIENT,14265-44-2,Orthophosphate (AS P),Dissolved,,0.03,mg/l,True,0.02,,,LAC10-115-01-1A,UHL001,Actual,SW,Water,,,Clayton,07060001,River/Stream,,43.0404991,-91.2055504
6,10220003,Bloody Run Creek Site #1 (BR01),05/07/2019 09:20:00,AMBIENT,14265-44-2,Orthophosphate (AS P),Dissolved,,0.04,mg/l,True,0.02,,,LAC10-115-01-1A,UHL001,Actual,SW,Water,,,Clayton,07060001,River/Stream,,43.0404991,-91.2055504
6,10220003,Bloody Run Creek Site #1 (BR01),06/05/2019 08:45:00,AMBIENT,14265-44-2,Orthophosphate (AS P),Dissolved,,0.12,mg/l,True,0.02,,,LAC10-115-01-1A,UHL001,Actual,SW,Water,,,Clayton,07060001,River/Stream,,43.0404991,-91.2055504
6,10220003,Bloody Run Creek Site #1 (BR01),07/02/2019 10:30:00,AMBIENT,14265-44-2,Orthophosphate (AS P),Dissolved,,0.11,mg/l,True,0.02,,,LAC10-115-01-1A,UHL001,Actual,SW,Water,,,Clayton,07060001,River/Stream,,43.0404991,-91.2055504
6,10220003,Bloody Run Creek Site #1 (BR01),08/08/2019 10:10:00,AMBIENT,14265-44-2,Orthophosphate (AS P),Dissolved,,0.04,mg/l,True,0.02,,,LAC10-115-01-1A,UHL001,Actual,SW,Water,,,Clayton,07060001,River/Stream,,43.0404991,-91.2055504
6,10220003,Bloody Run Creek Site #1 (BR01),09/05/2019 09:15:00,AMBIENT,14265-44-2,Orthophosphate (AS P),Dissolved,,0.04,mg/l,True,0.02,,,LAC10-115-01-1A,UHL001,Actual,SW,Water,,,Clayton,07060001,River/Stream,,43.0404991,-91.2055504
6,10220003,Bloody Run Creek Site #1 (BR01),10/02/2019 10:10:00,AMBIENT,14265-44-2,Orthophosphate (AS P),Dissolved,,0.39,mg/l,True,0.02,,,LAC10-115-01-1A,UHL001,Actual,SW,Water,,,Clayton,07060001,River/Stream,,43.0404991,-91.2055504
6,10220003,Bloody Run Creek Site #1 (BR01),12/05/2019 10:40:00,AMBIENT,14265-44-2,Orthophosphate (AS P),Dissolved,,0.06,mg/l,True,0.02,,,LAC10-115-01-1A,UHL001,Actual,SW,Water,,,Clayton,07060001,River/Stream,,43.0404991,-91.2055504
6,10220003,Bloody Run Creek Site #1 (BR01),11/05/2019 11:30:00,AMBIENT,14265-44-2,Orthophosphate (AS P),Dissolved,,0.04,mg/l,True,0.02,,,LAC10-115-01-1A,UHL001,Actual,SW,Water,,,Clayton,07060001,River/Stream,,43.0404991,-91.2055504
6,10220003,Bloody Run Creek Site #1 (BR01),01/07/2020 11:40:00,AMBIENT,14265-44-2,Orthophosphate (AS P),Dissolved,,0.05,mg/l,True,0.02,,,LAC10-115-01-1A,UHL001,Actual,SW,Water,,,Clayton,07060001,River/Stream,,43.0404991,-91.2055504
6,10220003,Bloody Run Creek Site #1 (BR01),02/04/2020 09:55:00,AMBIENT,14265-44-2,Orthophosphate (AS P),Dissolved,,0.03,mg/l,True,0.02,,,LAC10-115-01-1A,UHL001,Actual,SW,Water,,,Clayton,07060001,River/Stream,,43.0404991,-91.2055504
6,10220003,Bloody Run Creek Site #1 (BR01),03/03/2020 11:40:00,AMBIENT,14265-44-2,Orthophosphate (AS P),Dissolved,,0.03,mg/l,True,0.02,,,LAC10-115-01-1A,UHL001,Actual,SW,Water,,,Clayton,07060001,River/Stream,,43.0404991,-91.2055504
6,10220003,Bloody Run Creek Site #1 (BR01),04/07/2020 09:50:00,AMBIENT,14265-44-2,Orthophosphate (AS P),Dissolved,,0.02,mg/l,False,0.02,,,LAC10-115-01-1A,UHL001,Actual,SW,Water,,,Clayton,07060001,River/Stream,,43.0404991,-91.2055504
6,10220003,Bloody Run Creek Site #1 (BR01),05/07/2020 11:10:00,AMBIENT,14265-44-2,Orthophosphate (AS P),Dissolved,,0.04,mg/l,True,0.02,,,LAC10-115-01-1A,UHL001,Actual,SW,Water,,,Clayton,07060001,River/Stream,,43.0404991,-91.2055504
6,10220003,Bloody Run Creek Site #1 (BR01),06/04/2020 11:25:00,AMBIENT,14265-44-2,Orthophosphate (AS P),Dissolved,,0.15,mg/l,True,0.02,,,LAC10-115-01-1A,UHL001,Actual,SW,Water,,,Clayton,07060001,River/Stream,,43.0404991,-91.2055504
6,10220003,Bloody Run Creek Site #1 (BR01),07/08/2020 11:30:00,AMBIENT,14265-44-2,Orthophosphate (AS P),Dissolved,,0.06,mg/l,True,0.02,,,LAC10-115-01-1A,UHL001,Actual,SW,Water,,,Clayton,07060001,River/Stream,,43.0404991,-91.2055504
6,10220003,Bloody Run Creek Site #1 (BR01),08/06/2020 11:30:00,AMBIENT,14265-44-2,Orthophosphate (AS P),Dissolved,,0.03,mg/l,True,0.02,,,LAC10-115-01-1A,UHL001,Actual,SW,Water,,,Clayton,07060001,River/Stream,,43.0404991,-91.2055504
6,15220001,Bloody Run Creek Site #2 (BR02),09/28/1994 08:40:00,SNY319,14265-44-2,Orthophosphate (as P),Dissolved,,0.5,mg/l,False,0.5,,,300(A),SNY001,Actual,SW,Water,,,Clayton,07060001,River/Stream,,43.03547975,-91.26682808
6,15220001,Bloody Run Creek Site #2 (BR02),10/18/1994 11:00:00,SNY319,14265-44-2,Orthophosphate (as P),Dissolved,,0.5,mg/l,False,0.5,,,300(A),SNY001,Actual,SW,Water,,,Clayton,07060001,River/Stream,,43.03547975,-91.26682808
6,15220001,Bloody Run Creek Site #2 (BR02),10/11/1994 13:30:00,SNY319,14265-44-2,Orthophosphate (as P),Dissolved,,0.5,mg/l,False,0.5,,,300(A),SNY001,Actual,SW,Water,,,Clayton,07060001,River/Stream,,43.03547975,-91.26682808
6,15220001,Bloody Run Creek Site #2 (BR02),11/22/1994 12:10:00,SNY319,14265-44-2,Orthophosphate (as P),Dissolved,,0.5,mg/l,False,0.5,,,300(A),SNY001,Actual,SW,Water,,,Clayton,07060001,River/Stream,,43.03547975,-91.26682808
6,15220001,Bloody Run Creek Site #2 (BR02),11/15/1994 12:40:00,SNY319,14265-44-2,Orthophosphate (as P),Dissolved,,0.5,mg/l,False,0.5,,,300(A),SNY001,Actual,SW,Water,,,Clayton,07060001,River/Stream,,43.03547975,-91.26682808
6,15220001,Bloody Run Creek Site #2 (BR02),12/27/1994 09:00:00,SNY319,14265-44-2,Orthophosphate (as P),Dissolved,,0.5,mg/l,False,0.5,,,300(A),SNY001,Actual,SW,Water,,,Clayton,07060001,River/Stream,,43.03547975,-91.26682808
6,15220001,Bloody Run Creek Site #2 (BR02),12/20/1994 10:10:00,SNY319,14265-44-2,Orthophosphate (as P),Dissolved,,0.5,mg/l,False,0.5,,,300(A),SNY001,Actual,SW,Water,,,Clayton,07060001,River/Stream,,43.03547975,-91.26682808
6,15220003,North Cedar Creek (NCC),10/11/1994 14:50:00,SNY319,14265-44-2,Orthophosphate (as P),Dissolved,,0.5,mg/l,False,0.5,,,300(A),SNY001,Actual,SW,Water,,,Clayton,07060003,River/Stream,,42.96274242,-91.22931615
6,15220003,North Cedar Creek (NCC),10/04/1994 15:30:00,SNY319,14265-44-2,Orthophosphate (as P),Dissolved,,0.5,mg/l,False,0.5,,,300(A),SNY001,Actual,SW,Water,,,Clayton,07060003,River/Stream,,42.96274242,-91.22931615
6,15220003,North Cedar Creek (NCC),11/08/1994 16:15:00,SNY319,14265-44-2,Orthophosphate (as P),Dissolved,,0.5,mg/l,False,0.5,,,300(A),SNY001,Actual,SW,Water,,,Clayton,07060003,River/Stream,,42.96274242,-91.22931615
6,15220003,North Cedar Creek (NCC),11/15/1994 14:15:00,SNY319,14265-44-2,Orthophosphate (as P),Dissolved,,0.5,mg/l,False,0.5,,,300(A),SNY001,Actual,SW,Water,,,Clayton,07060003,River/Stream,,42.96274242,-91.22931615
6,15220003,North Cedar Creek (NCC),12/13/1994 14:30:00,SNY319,14265-44-2,Orthophosphate (as P),Dissolved,,0.5,mg/l,False,0.5,,,300(A),SNY001,Actual,SW,Water,,,Clayton,07060003,River/Stream,,42.96274242,-91.22931615
6,15220003,North Cedar Creek (NCC),12/20/1994 11:15:00,SNY319,14265-44-2,Orthophosphate (as P),Dissolved,,0.5,mg/l,False,0.5,,,300(A),SNY001,Actual,SW,Water,,,Clayton,07060003,River/Stream,,42.96274242,-91.22931615
6,15220001,Bloody Run Creek Site #2 (BR02),01/10/1995 12:20:00,SNY319,14265-44-2,Orthophosphate (as P),Dissolved,,0.5,mg/l,False,0.5,,,300(A),SNY001,Actual,SW,Water,,,Clayton,07060001,River/Stream,,43.03547975,-91.26682808
6,15220001,Bloody Run Creek Site #2 (BR02),01/17/1995 11:00:00,SNY319,14265-44-2,Orthophosphate (as P),Dissolved,,0.5,mg/l,False,0.5,,,300(A),SNY001,Actual,SW,Water,,,Clayton,07060001,River/Stream,,43.03547975,-91.26682808
6,15220001,Bloody Run Creek Site #2 (BR02),01/24/1995 12:40:00,SNY319,14265-44-2,Orthophosphate (as P),Dissolved,,0.5,mg/l,False,0.5,,,300(A),SNY001,Actual,SW,Water,,,Clayton,07060001,River/Stream,,43.03547975,-91.26682808
6,15220001,Bloody Run Creek Site #2 (BR02),02/14/1995 11:25:00,SNY319,14265-44-2,Orthophosphate (as P),Dissolved,,0.5,mg/l,False,0.5,,,300(A),SNY001,Actual,SW,Water,,,Clayton,07060001,River/Stream,,43.03547975,-91.26682808
6,15220001,Bloody Run Creek Site #2 (BR02),02/21/1995 10:30:00,SNY319,14265-44-2,Orthophosphate (as P),Dissolved,,0.64,mg/l,True,0.5,,,300(A),SNY001,Actual,SW,Water,,,Clayton,07060001,River/Stream,,43.03547975,-91.26682808
6,15220001,Bloody Run Creek Site #2 (BR02),02/28/1995 08:45:00,SNY319,14265-44-2,Orthophosphate (as P),Dissolved,,0.5,mg/l,False,0.5,,,300(A),SNY001,Actual,SW,Water,,,Clayton,07060001,River/Stream,,43.03547975,-91.26682808
6,15220001,Bloody Run Creek Site #2 (BR02),03/21/1995 10:40:00,SNY319,14265-44-2,Orthophosphate (as P),Dissolved,,0.5,mg/l,False,0.5,,,300(A),SNY001,Actual,SW,Water,,,Clayton,07060001,River/Stream,,43.03547975,-91.26682808
6,15220001,Bloody Run Creek Site #2 (BR02),03/28/1995 10:15:00,SNY319,14265-44-2,Orthophosphate (as P),Dissolved,,0.5,mg/l,False,0.5,,,300(A),SNY001,Actual,SW,Water,,,Clayton,07060001,River/Stream,,43.03547975,-91.26682808
6,15220001,Bloody Run Creek Site #2 (BR02),04/04/1995 12:40:00,SNY319,14265-44-2,Orthophosphate (as P),Dissolved,,0.5,mg/l,False,0.5,,,300(A),SNY001,Actual,SW,Water,,,Clayton,07060001,River/Stream,,43.03547975,-91.26682808
6,15220001,Bloody Run Creek Site #2 (BR02),04/25/1995 09:15:00,SNY319,14265-44-2,Orthophosphate (as P),Dissolved,,0.5,mg/l,False,0.5,,,300(A),SNY001,Actual,SW,Water,,,Clayton,07060001,River/Stream,,43.03547975,-91.26682808
6,15220001,Bloody Run Creek Site #2 (BR02),05/02/1995 10:00:00,SNY319,14265-44-2,Orthophosphate (as P),Dissolved,,0.5,mg/l,False,0.5,,,300(A),SNY001,Actual,SW,Water,,,Clayton,07060001,River/Stream,,43.03547975,-91.26682808
6,15220001,Bloody Run Creek Site #2 (BR02),05/09/1995 12:40:00,SNY319,14265-44-2,Orthophosphate (as P),Dissolved,,0.5,mg/l,False,0.5,,,300(A),SNY001,Actual,SW,Water,,,Clayton,07060001,River/Stream,,43.03547975,-91.26682808
6,15220001,Bloody Run Creek Site #2 (BR02),05/30/1995 12:55:00,SNY319,14265-44-2,Orthophosphate (as P),Dissolved,,0.5,mg/l,False,0.5,,,300(A),SNY001,Actual,SW,Water,,,Clayton,07060001,River/Stream,,43.03547975,-91.26682808
6,15220001,Bloody Run Creek Site #2 (BR02),06/06/1995 08:10:00,SNY319,14265-44-2,Orthophosphate (as P),Dissolved,,0.5,mg/l,False,0.5,,,300(A),SNY001,Actual,SW,Water,,,Clayton,07060001,River/Stream,,43.03547975,-91.26682808
6,15220001,Bloody Run Creek Site #2 (BR02),07/04/1995 13:00:00,SNY319,14265-44-2,Orthophosphate (as P),Dissolved,,0.5,mg/l,False,0.5,,,300(A),SNY001,Actual,SW,Water,,,Clayton,07060001,River/Stream,,43.03547975,-91.26682808
6,15220001,Bloody Run Creek Site #2 (BR02),07/11/1995 15:10:00,SNY319,14265-44-2,Orthophosphate (as P),Dissolved,,0.5,mg/l,False,0.5,,,300(A),SNY001,Actual,SW,Water,,,Clayton,07060001,River/Stream,,43.03547975,-91.26682808
6,15220001,Bloody Run Creek Site #2 (BR02),07/18/1995 13:45:00,SNY319,14265-44-2,Orthophosphate (as P),Dissolved,,0.5,mg/l,False,0.5,,,300(A),SNY001,Actual,SW,Water,,,Clayton,07060001,River/Stream,,43.03547975,-91.26682808
6,15220001,Bloody Run Creek Site #2 (BR02),08/08/1995 13:20:00,SNY319,14265-44-2,Orthophosphate (as P),Dissolved,,0.5,mg/l,False,0.5,,,300(A),SNY001,Actual,SW,Water,,,Clayton,07060001,River/Stream,,43.03547975,-91.26682808
6,15220001,Bloody Run Creek Site #2 (BR02),06/13/1995 11:50:00,SNY319,14265-44-2,Orthophosphate (as P),Dissolved,,0.5,mg/l,False,0.5,,,300(A),SNY001,Actual,SW,Water,,,Clayton,07060001,River/Stream,,43.03547975,-91.26682808
6,15220001,Bloody Run Creek Site #2 (BR02),08/15/1995 15:00:00,SNY319,14265-44-2,Orthophosphate (as P),Dissolved,,0.5,mg/l,False,0.5,,,300(A),SNY001,Actual,SW,Water,,,Clayton,07060001,River/Stream,,43.03547975,-91.26682808
6,15220001,Bloody Run Creek Site #2 (BR02),08/22/1995 13:00:00,SNY319,14265-44-2,Orthophosphate (as P),Dissolved,,0.5,mg/l,False,0.5,,,300(A),SNY001,Actual,SW,Water,,,Clayton,07060001,River/Stream,,43.03547975,-91.26682808
6,15220001,Bloody Run Creek Site #2 (BR02),09/19/1995 10:40:00,SNY319,14265-44-2,Orthophosphate (as P),Dissolved,,0.5,mg/l,False,0.5,,,300(A),SNY001,Actual,SW,Water,,,Clayton,07060001,River/Stream,,43.03547975,-91.26682808
6,15220001,Bloody Run Creek Site #2 (BR02),09/26/1995 12:20:00,SNY319,14265-44-2,Orthophosphate (as P),Dissolved,,0.5,mg/l,False,0.5,,,300(A),SNY001,Actual,SW,Water,,,Clayton,07060001,River/Stream,,43.03547975,-91.26682808
6,15220002,Bloody Run Creek at Spook Cave (BRSC),04/25/1995 09:25:00,SNY319,14265-44-2,Orthophosphate (as P),Dissolved,,0.5,mg/l,False,0.5,,,300(A),SNY001,Actual,SW,Water,,,Clayton,07060001,River/Stream,,43.03326422,-91.30759437
6,15220002,Bloody Run Creek at Spook Cave (BRSC),05/30/1995 12:40:00,SNY319,14265-44-2,Orthophosphate (as P),Dissolved,,0.5,mg/l,False,0.5,,,300(A),SNY001,Actual,SW,Water,,,Clayton,07060001,River/Stream,,43.03326422,-91.30759437
6,15220002,Bloody Run Creek at Spook Cave (BRSC),08/29/1995 12:45:00,SNY319,14265-44-2,Orthophosphate (as P),Dissolved,,0.5,mg/l,False,0.5,,,300(A),SNY001,Actual,SW,Water,,,Clayton,07060001,River/Stream,,43.03326422,-91.30759437
6,15220002,Bloody Run Creek at Spook Cave (BRSC),09/26/1995 11:45:00,SNY319,14265-44-2,Orthophosphate (as P),Dissolved,,0.5,mg/l,False,0.5,,,300(A),SNY001,Actual,SW,Water,,,Clayton,07060001,River/Stream,,43.03326422,-91.30759437
6,15220003,North Cedar Creek (NCC),01/24/1995 13:50:00,SNY319,14265-44-2,Orthophosphate (as P),Dissolved,,0.5,mg/l,False,0.5,,,300(A),SNY001,Actual,SW,Water,,,Clayton,07060003,River/Stream,,42.96274242,-91.22931615
6,15220003,North Cedar Creek (NCC),01/03/1995 11:00:00,SNY319,14265-44-2,Orthophosphate (as P),Dissolved,,0.5,mg/l,False,0.5,,,300(A),SNY001,Actual,SW,Water,,,Clayton,07060003,River/Stream,,42.96274242,-91.22931615
6,15220003,North Cedar Creek (NCC),01/31/1995 11:10:00,SNY319,14265-44-2,Orthophosphate (as P),Dissolved,,0.5,mg/l,False,0.5,,,300(A),SNY001,Actual,SW,Water,,,Clayton,07060003,River/Stream,,42.96274242,-91.22931615
6,15220003,North Cedar Creek (NCC),02/07/1995 12:00:00,SNY319,14265-44-2,Orthophosphate (as P),Dissolved,,0.5,mg/l,False,0.5,,,300(A),SNY001,Actual,SW,Water,,,Clayton,07060003,River/Stream,,42.96274242,-91.22931615
6,15220003,North Cedar Creek (NCC),02/28/1995 09:50:00,SNY319,14265-44-2,Orthophosphate (as P),Dissolved,,0.5,mg/l,False,0.5,,,300(A),SNY001,Actual,SW,Water,,,Clayton,07060003,River/Stream,,42.96274242,-91.22931615
6,15220003,North Cedar Creek (NCC),03/07/1995 12:30:00,SNY319,14265-44-2,Orthophosphate (as P),Dissolved,,0.5,mg/l,False,0.5,,,300(A),SNY001,Actual,SW,Water,,,Clayton,07060003,River/Stream,,42.96274242,-91.22931615
6,15220003,North Cedar Creek (NCC),03/14/1995 15:05:00,SNY319,14265-44-2,Orthophosphate (as P),Dissolved,,0.5,mg/l,False,0.5,,,300(A),SNY001,Actual,SW,Water,,,Clayton,07060003,River/Stream,,42.96274242,-91.22931615
6,15220003,North Cedar Creek (NCC),04/04/1995 14:10:00,SNY319,14265-44-2,Orthophosphate (as P),Dissolved,,0.5,mg/l,False,0.5,,,300(A),SNY001,Actual,SW,Water,,,Clayton,07060003,River/Stream,,42.96274242,-91.22931615
6,15220003,North Cedar Creek (NCC),04/11/1995 13:45:00,SNY319,14265-44-2,Orthophosphate (as P),Dissolved,,0.5,mg/l,False,0.5,,,300(A),SNY001,Actual,SW,Water,,,Clayton,07060003,River/Stream,,42.96274242,-91.22931615
6,15220003,North Cedar Creek (NCC),04/18/1995 12:45:00,SNY319,14265-44-2,Orthophosphate (as P),Dissolved,,0.5,mg/l,False,0.5,,,300(A),SNY001,Actual,SW,Water,,,Clayton,07060003,River/Stream,,42.96274242,-91.22931615
6,15220003,North Cedar Creek (NCC),05/09/1995 14:20:00,SNY319,14265-44-2,Orthophosphate (as P),Dissolved,,0.5,mg/l,True,0.5,,,300(A),SNY001,Actual,SW,Water,,,Clayton,07060003,River/Stream,,42.96274242,-91.22931615
6,15220003,North Cedar Creek (NCC),05/16/1995 12:10:00,SNY319,14265-44-2,Orthophosphate (as P),Dissolved,,0.5,mg/l,False,0.5,,,300(A),SNY001,Actual,SW,Water,,,Clayton,07060003,River/Stream,,42.96274242,-91.22931615
6,15220003,North Cedar Creek (NCC),06/13/1995 14:50:00,SNY319,14265-44-2,Orthophosphate (as P),Dissolved,,0.5,mg/l,False,0.5,,,300(A),SNY001,Actual,SW,Water,,,Clayton,07060003,River/Stream,,42.96274242,-91.22931615
6,15220003,North Cedar Creek (NCC),06/20/1995 12:30:00,SNY319,14265-44-2,Orthophosphate (as P),Dissolved,,0.5,mg/l,False,0.5,,,300(A),SNY001,Actual,SW,Water,,,Clayton,07060003,River/Stream,,42.96274242,-91.22931615
6,15220003,North Cedar Creek (NCC),07/18/1995 15:45:00,SNY319,14265-44-2,Orthophosphate (as P),Dissolved,,0.5,mg/l,False,0.5,,,300(A),SNY001,Actual,SW,Water,,,Clayton,07060003,River/Stream,,42.96274242,-91.22931615
6,15220003,North Cedar Creek (NCC),07/25/1995 17:40:00,SNY319,14265-44-2,Orthophosphate (as P),Dissolved,,0.5,mg/l,False,0.5,,,300(A),SNY001,Actual,SW,Water,,,Clayton,07060003,River/Stream,,42.96274242,-91.22931615
6,15220003,North Cedar Creek (NCC),08/01/1995 12:10:00,SNY319,14265-44-2,Orthophosphate (as P),Dissolved,,0.5,mg/l,False,0.5,,,300(A),SNY001,Actual,SW,Water,,,Clayton,07060003,River/Stream,,42.96274242,-91.22931615
6,15220003,North Cedar Creek (NCC),08/22/1995 14:45:00,SNY319,14265-44-2,Orthophosphate (as P),Dissolved,,0.5,mg/l,False,0.5,,,300(A),SNY001,Actual,SW,Water,,,Clayton,07060003,River/Stream,,42.96274242,-91.22931615
6,15220003,North Cedar Creek (NCC),08/29/1995 15:10:00,SNY319,14265-44-2,Orthophosphate (as P),Dissolved,,0.5,mg/l,False,0.5,,,300(A),SNY001,Actual,SW,Water,,,Clayton,07060003,River/Stream,,42.96274242,-91.22931615
6,15220003,North Cedar Creek (NCC),09/05/1995 12:05:00,SNY319,14265-44-2,Orthophosphate (as P),Dissolved,,0.5,mg/l,False,0.5,,,300(A),SNY001,Actual,SW,Water,,,Clayton,07060003,River/Stream,,42.96274242,-91.22931615
6,15220003,North Cedar Creek (NCC),09/26/1995 16:40:00,SNY319,14265-44-2,Orthophosphate (as P),Dissolved,,0.5,mg/l,False,0.5,,,300(A),SNY001,Actual,SW,Water,,,Clayton,07060003,River/Stream,,42.96274242,-91.22931615
6,15220003,North Cedar Creek (NCC),01/09/1996 14:50:00,SNY319,14265-44-2,Orthophosphate (as P),Dissolved,,0.5,mg/l,False,0.5,,,300(A),SNY001,Actual,SW,Water,,,Clayton,07060003,River/Stream,,42.96274242,-91.22931615
6,15220003,North Cedar Creek (NCC),01/16/1996 12:45:00,SNY319,14265-44-2,Orthophosphate (as P),Dissolved,,0.5,mg/l,False,0.5,,,300(A),SNY001,Actual,SW,Water,,,Clayton,07060003,River/Stream,,42.96274242,-91.22931615
6,15220003,North Cedar Creek (NCC),02/13/1996 13:40:00,SNY319,14265-44-2,Orthophosphate (as P),Dissolved,,0.5,mg/l,False,0.5,,,300(A),SNY001,Actual,SW,Water,,,Clayton,07060003,River/Stream,,42.96274242,-91.22931615
6,15220003,North Cedar Creek (NCC),02/20/1996 10:50:00,SNY319,14265-44-2,Orthophosphate (as P),Dissolved,,0.5,mg/l,False,0.5,,,300(A),SNY001,Actual,SW,Water,,,Clayton,07060003,River/Stream,,42.96274242,-91.22931615
6,15220003,North Cedar Creek (NCC),03/19/1996 11:45:00,SNY319,14265-44-2,Orthophosphate (as P),Dissolved,,0.5,mg/l,False,0.5,,,300(A),SNY001,Actual,SW,Water,,,Clayton,07060003,River/Stream,,42.96274242,-91.22931615
6,15220003,North Cedar Creek (NCC),03/26/1996 12:30:00,SNY319,14265-44-2,Orthophosphate (as P),Dissolved,,0.5,mg/l,False,0.5,,,300(A),SNY001,Actual,SW,Water,,,Clayton,07060003,River/Stream,,42.96274242,-91.22931615
6,15220003,North Cedar Creek (NCC),04/02/1996 11:30:00,SNY319,14265-44-2,Orthophosphate (as P),Dissolved,,0.5,mg/l,False,0.5,,,300(A),SNY001,Actual,SW,Water,,,Clayton,07060003,River/Stream,,42.96274242,-91.22931615
6,15220003,North Cedar Creek (NCC),04/23/1996 11:25:00,SNY319,14265-44-2,Orthophosphate (as P),Dissolved,,0.5,mg/l,False,0.5,,,300(A),SNY001,Actual,SW,Water,,,Clayton,07060003,River/Stream,,42.96274242,-91.22931615
6,15220003,North Cedar Creek (NCC),04/30/1996 13:15:00,SNY319,14265-44-2,Orthophosphate (as P),Dissolved,,0.5,mg/l,False,0.5,,,300(A),SNY001,Actual,SW,Water,,,Clayton,07060003,River/Stream,,42.96274242,-91.22931615
6,15220003,North Cedar Creek (NCC),05/07/1996 13:45:00,SNY319,14265-44-2,Orthophosphate (as P),Dissolved,,0.5,mg/l,False,0.5,,,300(A),SNY001,Actual,SW,Water,,,Clayton,07060003,River/Stream,,42.96274242,-91.22931615
6,15220003,North Cedar Creek (NCC),06/04/1996 13:40:00,SNY319,14265-44-2,Orthophosphate (as P),Dissolved,,0.5,mg/l,False,0.5,,,300(A),SNY001,Actual,SW,Water,,,Clayton,07060003,River/Stream,,42.96274242,-91.22931615
6,15220003,North Cedar Creek (NCC),06/11/1996 12:00:00,SNY319,14265-44-2,Orthophosphate (as P),Dissolved,,0.5,mg/l,False,0.5,,,300(A),SNY001,Actual,SW,Water,,,Clayton,07060003,River/Stream,,42.96274242,-91.22931615
6,15220003,North Cedar Creek (NCC),07/02/1996 12:30:00,SNY319,14265-44-2,Orthophosphate (as P),Dissolved,,0.5,mg/l,False,0.5,,,300(A),SNY001,Actual,SW,Water,,,Clayton,07060003,River/Stream,,42.96274242,-91.22931615
6,15220003,North Cedar Creek (NCC),05/28/1996 13:30:00,SNY319,14265-44-2,Orthophosphate (as P),Dissolved,,0.5,mg/l,False,0.5,,,300(A),SNY001,Actual,SW,Water,,,Clayton,07060003,River/Stream,,42.96274242,-91.22931615
6,15220003,North Cedar Creek (NCC),07/09/1996 13:45:00,SNY319,14265-44-2,Orthophosphate (as P),Dissolved,,0.5,mg/l,False,0.5,,,300(A),SNY001,Actual,SW,Water,,,Clayton,07060003,River/Stream,,42.96274242,-91.22931615
6,15220003,North Cedar Creek (NCC),07/16/1996 12:00:00,SNY319,14265-44-2,Orthophosphate (as P),Dissolved,,0.5,mg/l,False,0.5,,,300(A),SNY001,Actual,SW,Water,,,Clayton,07060003,River/Stream,,42.96274242,-91.22931615
6,15220003,North Cedar Creek (NCC),08/06/1996 12:30:00,SNY319,14265-44-2,Orthophosphate (as P),Dissolved,,0.5,mg/l,False,0.5,,,300(A),SNY001,Actual,SW,Water,,,Clayton,07060003,River/Stream,,42.96274242,-91.22931615
6,15220003,North Cedar Creek (NCC),08/13/1996 13:00:00,SNY319,14265-44-2,Orthophosphate (as P),Dissolved,,0.5,mg/l,False,0.5,,,300(A),SNY001,Actual,SW,Water,,,Clayton,07060003,River/Stream,,42.96274242,-91.22931615
6,15220003,North Cedar Creek (NCC),08/20/1996 16:15:00,SNY319,14265-44-2,Orthophosphate (as P),Dissolved,,0.5,mg/l,False,0.5,,,300(A),SNY001,Actual,SW,Water,,,Clayton,07060003,River/Stream,,42.96274242,-91.22931615
6,15220003,North Cedar Creek (NCC),09/10/1996 12:50:00,SNY319,14265-44-2,Orthophosphate (as P),Dissolved,,0.5,mg/l,False,0.5,,,300(A),SNY001,Actual,SW,Water,,,Clayton,07060003,River/Stream,,42.96274242,-91.22931615
6,15220003,North Cedar Creek (NCC),09/17/1996 12:20:00,SNY319,14265-44-2,Orthophosphate (as P),Dissolved,,0.5,mg/l,False,0.5,,,300(A),SNY001,Actual,SW,Water,,,Clayton,07060003,River/Stream,,42.96274242,-91.22931615
6,15220001,Bloody Run Creek Site #2 (BR02),10/03/1995 14:50:00,SNY319,14265-44-2,Orthophosphate (as P),Dissolved,,0.5,mg/l,False,0.5,,,300(A),SNY001,Actual,SW,Water,,,Clayton,07060001,River/Stream,,43.03547975,-91.26682808
6,15220001,Bloody Run Creek Site #2 (BR02),10/10/1995 13:00:00,SNY319,14265-44-2,Orthophosphate (as P),Dissolved,,0.5,mg/l,False,0.5,,,300(A),SNY001,Actual,SW,Water,,,Clayton,07060001,River/Stream,,43.03547975,-91.26682808
6,15220001,Bloody Run Creek Site #2 (BR02),10/31/1995 09:45:00,SNY319,14265-44-2,Orthophosphate (as P),Dissolved,,0.5,mg/l,False,0.5,,,300(A),SNY001,Actual,SW,Water,,,Clayton,07060001,River/Stream,,43.03547975,-91.26682808
6,15220001,Bloody Run Creek Site #2 (BR02),11/07/1995 12:30:00,SNY319,14265-44-2,Orthophosphate (as P),Dissolved,,0.5,mg/l,False,0.5,,,300(A),SNY001,Actual,SW,Water,,,Clayton,07060001,River/Stream,,43.03547975,-91.26682808
6,15220001,Bloody Run Creek Site #2 (BR02),11/14/1995 11:00:00,SNY319,14265-44-2,Orthophosphate (as P),Dissolved,,0.5,mg/l,False,0.5,,,300(A),SNY001,Actual,SW,Water,,,Clayton,07060001,River/Stream,,43.03547975,-91.26682808
6,15220001,Bloody Run Creek Site #2 (BR02),12/05/1995 12:20:00,SNY319,14265-44-2,Orthophosphate (as P),Dissolved,,0.5,mg/l,False,0.5,,,300(A),SNY001,Actual,SW,Water,,,Clayton,07060001,River/Stream,,43.03547975,-91.26682808
6,15220001,Bloody Run Creek Site #2 (BR02),12/12/1995 12:10:00,SNY319,14265-44-2,Orthophosphate (as P),Dissolved,,0.5,mg/l,False,0.5,,,300(A),SNY001,Actual,SW,Water,,,Clayton,07060001,River/Stream,,43.03547975,-91.26682808
6,15220001,Bloody Run Creek Site #2 (BR02),12/19/1995 12:00:00,SNY319,14265-44-2,Orthophosphate (as P),Dissolved,,0.5,mg/l,False,0.5,,,300(A),SNY001,Actual,SW,Water,,,Clayton,07060001,River/Stream,,43.03547975,-91.26682808
6,15220002,Bloody Run Creek at Spook Cave (BRSC),12/26/1995 11:45:00,SNY319,14265-44-2,Orthophosphate (as P),Dissolved,,0.5,mg/l,False,0.5,,,300(A),SNY001,Actual,SW,Water,,,Clayton,07060001,River/Stream,,43.03326422,-91.30759437
6,15220001,Bloody Run Creek Site #2 (BR02),01/09/1996 13:10:00,SNY319,14265-44-2,Orthophosphate (as P),Dissolved,,0.5,mg/l,False,0.5,,,300(A),SNY001,Actual,SW,Water,,,Clayton,07060001,River/Stream,,43.03547975,-91.26682808
6,15220001,Bloody Run Creek Site #2 (BR02),01/16/1996 11:30:00,SNY319,14265-44-2,Orthophosphate (as P),Dissolved,,0.5,mg/l,False,0.5,,,300(A),SNY001,Actual,SW,Water,,,Clayton,07060001,River/Stream,,43.03547975,-91.26682808
6,15220002,Bloody Run Creek at Spook Cave (BRSC),11/28/1995 12:05:00,SNY319,14265-44-2,Orthophosphate (as P),Dissolved,,0.5,mg/l,False,0.5,,,300(A),SNY001,Actual,SW,Water,,,Clayton,07060001,River/Stream,,43.03326422,-91.30759437
6,15220001,Bloody Run Creek Site #2 (BR02),02/13/1996 12:05:00,SNY319,14265-44-2,Orthophosphate (as P),Dissolved,,0.5,mg/l,False,0.5,,,300(A),SNY001,Actual,SW,Water,,,Clayton,07060001,River/Stream,,43.03547975,-91.26682808
6,15220001,Bloody Run Creek Site #2 (BR02),02/20/1996 12:00:00,SNY319,14265-44-2,Orthophosphate (as P),Dissolved,,0.5,mg/l,False,0.5,,,300(A),SNY001,Actual,SW,Water,,,Clayton,07060001,River/Stream,,43.03547975,-91.26682808
6,15220001,Bloody Run Creek Site #2 (BR02),03/19/1996 10:10:00,SNY319,14265-44-2,Orthophosphate (as P),Dissolved,,0.5,mg/l,False,0.5,,,300(A),SNY001,Actual,SW,Water,,,Clayton,07060001,River/Stream,,43.03547975,-91.26682808
6,15220001,Bloody Run Creek Site #2 (BR02),03/26/1996 09:05:00,SNY319,14265-44-2,Orthophosphate (as P),Dissolved,,0.5,mg/l,False,0.5,,,300(A),SNY001,Actual,SW,Water,,,Clayton,07060001,River/Stream,,43.03547975,-91.26682808
6,15220001,Bloody Run Creek Site #2 (BR02),04/23/1996 13:10:00,SNY319,14265-44-2,Orthophosphate (as P),Dissolved,,0.5,mg/l,False,0.5,,,300(A),SNY001,Actual,SW,Water,,,Clayton,07060001,River/Stream,,43.03547975,-91.26682808
6,15220001,Bloody Run Creek Site #2 (BR02),04/30/1996 11:40:00,SNY319,14265-44-2,Orthophosphate (as P),Dissolved,,0.5,mg/l,False,0.5,,,300(A),SNY001,Actual,SW,Water,,,Clayton,07060001,River/Stream,,43.03547975,-91.26682808
6,15220001,Bloody Run Creek Site #2 (BR02),05/28/1996 12:00:00,SNY319,14265-44-2,Orthophosphate (as P),Dissolved,,0.5,mg/l,False,0.5,,,300(A),SNY001,Actual,SW,Water,,,Clayton,07060001,River/Stream,,43.03547975,-91.26682808
6,15220001,Bloody Run Creek Site #2 (BR02),06/04/1996 12:10:00,SNY319,14265-44-2,Orthophosphate (as P),Dissolved,,0.5,mg/l,False,0.5,,,300(A),SNY001,Actual,SW,Water,,,Clayton,07060001,River/Stream,,43.03547975,-91.26682808
6,15220001,Bloody Run Creek Site #2 (BR02),07/02/1996 10:30:00,SNY319,14265-44-2,Orthophosphate (as P),Dissolved,,0.5,mg/l,False,0.5,,,300(A),SNY001,Actual,SW,Water,,,Clayton,07060001,River/Stream,,43.03547975,-91.26682808
6,15220001,Bloody Run Creek Site #2 (BR02),07/09/1996 11:35:00,SNY319,14265-44-2,Orthophosphate (as P),Dissolved,,0.5,mg/l,False,0.5,,,300(A),SNY001,Actual,SW,Water,,,Clayton,07060001,River/Stream,,43.03547975,-91.26682808
6,15220001,Bloody Run Creek Site #2 (BR02),08/06/1996 10:30:00,SNY319,14265-44-2,Orthophosphate (as P),Dissolved,,0.5,mg/l,False,0.5,,,300(A),SNY001,Actual,SW,Water,,,Clayton,07060001,River/Stream,,43.03547975,-91.26682808
6,15220001,Bloody Run Creek Site #2 (BR02),08/13/1996 11:00:00,SNY319,14265-44-2,Orthophosphate (as P),Dissolved,,0.5,mg/l,False,0.5,,,300(A),SNY001,Actual,SW,Water,,,Clayton,07060001,River/Stream,,43.03547975,-91.26682808
6,15220001,Bloody Run Creek Site #2 (BR02),09/10/1996 10:55:00,SNY319,14265-44-2,Orthophosphate (as P),Dissolved,,0.5,mg/l,False,0.5,,,300(A),SNY001,Actual,SW,Water,,,Clayton,07060001,River/Stream,,43.03547975,-91.26682808
6,15220001,Bloody Run Creek Site #2 (BR02),09/17/1996 11:00:00,SNY319,14265-44-2,Orthophosphate (as P),Dissolved,,0.5,mg/l,False,0.5,,,300(A),SNY001,Actual,SW,Water,,,Clayton,07060001,River/Stream,,43.03547975,-91.26682808
6,15220002,Bloody Run Creek at Spook Cave (BRSC),03/26/1996 09:45:00,SNY319,14265-44-2,Orthophosphate (as P),Dissolved,,0.5,mg/l,False,0.5,,,300(A),SNY001,Actual,SW,Water,,,Clayton,07060001,River/Stream,,43.03326422,-91.30759437
6,15220002,Bloody Run Creek at Spook Cave (BRSC),04/30/1996 11:20:00,SNY319,14265-44-2,Orthophosphate (as P),Dissolved,,0.5,mg/l,False,0.5,,,300(A),SNY001,Actual,SW,Water,,,Clayton,07060001,River/Stream,,43.03326422,-91.30759437
6,11220014,Silver Creek at 172nd St. (Site SC04/SiCr1),06/29/2006 09:05:00,TMDL,14265-44-2,Orthophosphate (as P),Dissolved,,0.49,mg/l,True,0.02,,,365.1,UHL001,Actual,SW,Water,,,Clayton,07060004,River/Stream,,42.973151,-91.441907
6,11220013,Peck Creek near Osterdock (Site PeC2),08/10/2006 13:50:00,TMDL,14265-44-2,Orthophosphate (as P),Dissolved,,0.05,mg/l,True,0.02,,,365.1,UHL001,Actual,SW,Water,,,Clayton,07060004,River/Stream,,42.714055,-91.153443
6,11220017,Silver Creek near Luana (Site SiCr4),08/07/2006 13:30:00,TMDL,14265-44-2,Orthophosphate (as P),Dissolved,,0.28,mg/l,True,0.02,,,365.1,UHL001,Actual,SW,Water,,,Clayton,07060004,River/Stream,,43.016854,-91.46942
6,11220014,Silver Creek at 172nd St. (Site SC04/SiCr1),09/12/2006 04:55:00,TMDL,14265-44-2,Orthophosphate (as P),Dissolved,,0.63,mg/l,True,0.02,,,365.1,UHL001,Actual,SW,Water,,,Clayton,07060004,River/Stream,,42.973151,-91.441907
6,11220017,Silver Creek near Luana (Site SiCr4),09/20/2006 11:25:00,TMDL,14265-44-2,Orthophosphate (as P),Dissolved,,0.08,mg/l,True,0.02,,,365.1,UHL001,Actual,SW,Water,,,Clayton,07060004,River/Stream,,43.016854,-91.46942
6,11220017,Silver Creek near Luana (Site SiCr4),09/06/2006 12:45:00,TMDL,14265-44-2,Orthophosphate (as P),Dissolved,,0.09,mg/l,True,0.02,,,365.1,UHL001,Actual,SW,Water,,,Clayton,07060004,River/Stream,,43.016854,-91.46942
6,11220014,Silver Creek at 172nd St. (Site SC04/SiCr1),01/08/2007 11:30:00,TMDL,14265-44-2,Orthophosphate (as P),Dissolved,,0.2,mg/l,True,0.02,,,365.1,UHL001,Actual,SW,Water,,,Clayton,07060004,River/Stream,,42.973151,-91.441907
6,11220018,Unnamed Tributary to Silver Creek near Luana (Site SiCr5),01/08/2007 10:30:00,TMDL,14265-44-2,Orthophosphate (as P),Dissolved,,3.6,mg/l,True,0.02,,,365.1,UHL001,Actual,SW,Water,,,Clayton,07060004,River/Stream,,43.042488,-91.441209
6,11220014,Silver Creek at 172nd St. (Site SC04/SiCr1),02/14/2007 09:30:00,TMDL,14265-44-2,Orthophosphate (as P),Dissolved,,0.23,mg/l,True,0.02,,,365.1,UHL001,Actual,SW,Water,,,Clayton,07060004,River/Stream,,42.973151,-91.441907
6,11220017,Silver Creek near Luana (Site SiCr4),02/14/2007 10:15:00,TMDL,14265-44-2,Orthophosphate (as P),Dissolved,,0.03,mg/l,True,0.02,,,365.1,UHL001,Actual,SW,Water,,,Clayton,07060004,River/Stream,,43.016854,-91.46942
6,15220002,Bloody Run Creek at Spook Cave (BRSC),08/27/1996 12:00:00,SNY319,14265-44-2,Orthophosphate (as P),Dissolved,,0.5,mg/l,False,0.5,,,300(A),SNY001,Actual,SW,Water,,,Clayton,07060001,River/Stream,,43.03326422,-91.30759437
6,11220014,Silver Creek at 172nd St. (Site SC04/SiCr1),03/07/2007 11:15:00,TMDL,14265-44-2,Orthophosphate (as P),Dissolved,,0.27,mg/l,True,0.02,,,365.1,UHL001,Actual,SW,Water,,,Clayton,07060004,River/Stream,,42.973151,-91.441907
6,11220018,Unnamed Tributary to Silver Creek near Luana (Site SiCr5),03/07/2007 10:30:00,TMDL,14265-44-2,Orthophosphate (as P),Dissolved,,4.7,mg/l,True,0.02,,,365.1,UHL001,Actual,SW,Water,,,Clayton,07060004,River/Stream,,43.042488,-91.441209
6,11220017,Silver Creek near Luana (Site SiCr4),03/21/2007 10:50:00,TMDL,14265-44-2,Orthophosphate (as P),Dissolved,,0.21,mg/l,True,0.02,,,365.1,UHL001,Actual,SW,Water,,,Clayton,07060004,River/Stream,,43.016854,-91.46942
6,11220014,Silver Creek at 172nd St. (Site SC04/SiCr1),04/03/2007 09:00:00,TMDL,14265-44-2,Orthophosphate (as P),Dissolved,,0.62,mg/l,True,0.02,,,365.1,UHL001,Actual,SW,Water,,,Clayton,07060004,River/Stream,,42.973151,-91.441907
6,11220018,Unnamed Tributary to Silver Creek near Luana (Site SiCr5),04/03/2007 10:30:00,TMDL,14265-44-2,Orthophosphate (as P),Dissolved,,0.32,mg/l,True,0.02,,,365.1,UHL001,Actual,SW,Water,,,Clayton,07060004,River/Stream,,43.042488,-91.441209
6,11220017,Silver Creek near Luana (Site SiCr4),04/17/2007 10:55:00,TMDL,14265-44-2,Orthophosphate (as P),Dissolved,,0.04,mg/l,True,0.02,,,365.1,UHL001,Actual,SW,Water,,,Clayton,07060004,River/Stream,,43.016854,-91.46942
6,11220018,Unnamed Tributary to Silver Creek near Luana (Site SiCr5),06/07/2007 10:45:00,TMDL,14265-44-2,Orthophosphate (as P),Dissolved,,1.5,mg/l,True,0.02,,,365.1,UHL001,Actual,SW,Water,,,Clayton,07060004,River/Stream,,43.042488,-91.441209
6,11220014,Silver Creek at 172nd St. (Site SC04/SiCr1),06/07/2007 11:30:00,TMDL,14265-44-2,Orthophosphate (as P),Dissolved,,0.23,mg/l,True,0.02,,,365.1,UHL001,Actual,SW,Water,,,Clayton,07060004,River/Stream,,42.973151,-91.441907
6,11220018,Unnamed Tributary to Silver Creek near Luana (Site SiCr5),06/20/2007 10:40:00,TMDL,14265-44-2,Orthophosphate (as P),Dissolved,,2.1,mg/l,True,0.02,,,365.1,UHL001,Actual,SW,Water,,,Clayton,07060004,River/Stream,,43.042488,-91.441209
6,11220014,Silver Creek at 172nd St. (Site SC04/SiCr1),06/20/2007 11:30:00,TMDL,14265-44-2,Orthophosphate (as P),Dissolved,,0.25,mg/l,True,0.02,,,365.1,UHL001,Actual,SW,Water,,,Clayton,07060004,River/Stream,,42.973151,-91.441907
6,11220014,Silver Creek at 172nd St. (Site SC04/SiCr1),09/06/2007 10:30:00,TMDL,14265-44-2,Orthophosphate (as P),Dissolved,,0.28,mg/l,True,0.02,,,365.1,UHL001,Actual,SW,Water,,,Clayton,07060004,River/Stream,,42.973151,-91.441907
6,11220021,Creamery Effluent at Highway 52 near Luana,07/16/2008 11:00:00,TMDL,14265-44-2,Orthophosphate (as P),Dissolved,,2.7,mg/l,True,0.02,,,365.1,UHL001,Actual,SW,Water,,,Clayton,07060004,River/Stream,,43.051165,-91.439633
6,11220018,Unnamed Tributary to Silver Creek near Luana (Site SiCr5),07/16/2008 11:25:00,TMDL,14265-44-2,Orthophosphate (as P),Dissolved,,0.9,mg/l,True,0.02,,,365.1,UHL001,Actual,SW,Water,,,Clayton,07060004,River/Stream,,43.042488,-91.441209
6,11220014,Silver Creek at 172nd St. (Site SC04/SiCr1),07/16/2008 12:15:00,TMDL,14265-44-2,Orthophosphate (as P),Dissolved,,0.21,mg/l,True,0.02,,,365.1,UHL001,Actual,SW,Water,,,Clayton,07060004,River/Stream,,42.973151,-91.441907
6,11220014,Silver Creek at 172nd St. (Site SC04/SiCr1),07/31/2008 09:50:00,TMDL,14265-44-2,Orthophosphate (as P),Dissolved,,1.5,mg/l,True,0.02,,,365.1,UHL001,Actual,SW,Water,,,Clayton,07060004,River/Stream,,42.973151,-91.441907
6,11220021,Creamery Effluent at Highway 52 near Luana,07/31/2008 10:30:00,TMDL,14265-44-2,Orthophosphate (as P),Dissolved,,2.9,mg/l,True,0.02,,,365.1,UHL001,Actual,SW,Water,,,Clayton,07060004,River/Stream,,43.051165,-91.439633
6,11220018,Unnamed Tributary to Silver Creek near Luana (Site SiCr5),08/11/2008 10:00:00,TMDL,14265-44-2,Orthophosphate (as P),Dissolved,,3.3,mg/l,True,0.02,,,365.1,UHL001,Actual,SW,Water,,,Clayton,07060004,River/Stream,,43.042488,-91.441209
6,11220014,Silver Creek at 172nd St. (Site SC04/SiCr1),08/11/2008 08:30:00,TMDL,14265-44-2,Orthophosphate (as P),Dissolved,,0.2,mg/l,True,0.02,,,365.1,UHL001,Actual,SW,Water,,,Clayton,07060004,River/Stream,,42.973151,-91.441907
6,11220014,Silver Creek at 172nd St. (Site SC04/SiCr1),08/27/2008 08:25:00,TMDL,14265-44-2,Orthophosphate (as P),Dissolved,,0.14,mg/l,True,0.02,,,365.1,UHL001,Actual,SW,Water,,,Clayton,07060004,River/Stream,,42.973151,-91.441907
6,11220020,Unnamed Trib to Silver Creek at 125th St. (SC08),08/27/2008 11:10:00,TMDL,14265-44-2,Orthophosphate (as P),Dissolved,,0.71,mg/l,True,0.02,,,365.1,UHL001,Actual,SW,Water,,,Clayton,07060004,River/Stream,,43.044508,-91.408351
6,11220021,Creamery Effluent at Highway 52 near Luana,09/11/2008 11:10:00,TMDL,14265-44-2,Orthophosphate (as P),Dissolved,,4.7,mg/l,True,0.02,,,365.1,UHL001,Actual,SW,Water,,,Clayton,07060004,River/Stream,,43.051165,-91.439633
6,11220018,Unnamed Tributary to Silver Creek near Luana (Site SiCr5),09/11/2008 10:30:00,TMDL,14265-44-2,Orthophosphate (as P),Dissolved,,4.7,mg/l,True,0.02,,,365.1,UHL001,Actual,SW,Water,,,Clayton,07060004,River/Stream,,43.042488,-91.441209
6,11220014,Silver Creek at 172nd St. (Site SC04/SiCr1),09/11/2008 09:10:00,TMDL,14265-44-2,Orthophosphate (as P),Dissolved,,0.08,mg/l,True,0.02,,,365.1,UHL001,Actual,SW,Water,,,Clayton,07060004,River/Stream,,42.973151,-91.441907
6,11220018,Unnamed Tributary to Silver Creek near Luana (Site SiCr5),08/27/2008 09:40:00,TMDL,14265-44-2,Orthophosphate (as P),Dissolved,,3.3,mg/l,True,0.02,,,365.1,UHL001,Actual,SW,Water,,,Clayton,07060004,River/Stream,,43.042488,-91.441209
6,11220014,Silver Creek at 172nd St. (Site SC04/SiCr1),09/24/2008 10:00:00,TMDL,14265-44-2,Orthophosphate (as P),Dissolved,,0.07,mg/l,True,0.02,,,365.1,UHL001,Actual,SW,Water,,,Clayton,07060004,River/Stream,,42.973151,-91.441907
6,11220020,Unnamed Trib to Silver Creek at 125th St. (SC08),09/24/2008 13:55:00,TMDL,14265-44-2,Orthophosphate (as P),Dissolved,,0.4,mg/l,True,0.02,,,365.1,UHL001,Actual,SW,Water,,,Clayton,07060004,River/Stream,,43.044508,-91.408351
6,11220020,Unnamed Trib to Silver Creek at 125th St. (SC08),10/07/2008 11:10:00,TMDL,14265-44-2,Orthophosphate (as P),Dissolved,,1.1,mg/l,True,0.02,,,365.1,UHL001,Actual,SW,Water,,,Clayton,07060004,River/Stream,,43.044508,-91.408351
6,11220014,Silver Creek at 172nd St. (Site SC04/SiCr1),09/24/2008 11:00:00,TMDL,14265-44-2,Orthophosphate (as P),Dissolved,,4,mg/l,True,0.02,,,365.1,UHL001,Actual,SW,Water,,,Clayton,07060004,River/Stream,,42.973151,-91.441907
6,11220014,Silver Creek at 172nd St. (Site SC04/SiCr1),10/07/2008 08:40:00,TMDL,14265-44-2,Orthophosphate (as P),Dissolved,,0.02,mg/l,True,0.02,,,365.1,UHL001,Actual,SW,Water,,,Clayton,07060004,River/Stream,,42.973151,-91.441907
6,11220013,Peck Creek near Osterdock (Site PeC2),03/30/2011 08:50:00,TMDL,14265-44-2,Orthophosphate (as P),Dissolved,,0.04,mg/l,True,0.02,,,365.1,UHL001,Actual,SW,Water,,,Clayton,07060004,River/Stream,,42.714055,-91.153443
6,11220013,Peck Creek near Osterdock (Site PeC2),04/14/2011 10:30:00,TMDL,14265-44-2,Orthophosphate (as P),Dissolved,,0.03,mg/l,True,0.02,,,365.1,UHL001,Actual,SW,Water,,,Clayton,07060004,River/Stream,,42.714055,-91.153443
6,11220013,Peck Creek near Osterdock (Site PeC2),04/27/2011 13:15:00,TMDL,14265-44-2,Orthophosphate (as P),Dissolved,,0.13,mg/l,True,0.02,,,365.1,UHL001,Actual,SW,Water,,,Clayton,07060004,River/Stream,,42.714055,-91.153443
6,11220013,Peck Creek near Osterdock (Site PeC2),06/08/2011 08:45:00,TMDL,14265-44-2,Orthophosphate (as P),Dissolved,,0.11,mg/l,True,0.02,,,365.1,UHL001,Actual,SW,Water,,,Clayton,07060004,River/Stream,,42.714055,-91.153443
6,11220023,Peck Creek at Osterdock (site pecr3),06/08/2011 09:30:00,TMDL,14265-44-2,Orthophosphate (as P),Dissolved,,0.1,mg/l,True,0.02,,,365.1,UHL001,Actual,SW,Water,,,Clayton,07060004,River/Stream,,42.695322,-91.166768
6,11220013,Peck Creek near Osterdock (Site PeC2),06/22/2011 11:15:00,TMDL,14265-44-2,Orthophosphate (as P),Dissolved,,0.06,mg/l,True,0.02,,,365.1,UHL001,Actual,SW,Water,,,Clayton,07060004,River/Stream,,42.714055,-91.153443
6,11220023,Peck Creek at Osterdock (site pecr3),05/09/2011 08:45:00,TMDL,14265-44-2,Orthophosphate (as P),Dissolved,,0.02,mg/l,True,0.02,,,365.1,UHL001,Actual,SW,Water,,,Clayton,07060004,River/Stream,,42.695322,-91.166768
6,11220013,Peck Creek near Osterdock (Site PeC2),05/26/2011 08:50:00,TMDL,14265-44-2,Orthophosphate (as P),Dissolved,,0.07,mg/l,True,0.02,,,365.1,UHL001,Actual,SW,Water,,,Clayton,07060004,River/Stream,,42.714055,-91.153443
6,11220023,Peck Creek at Osterdock (site pecr3),07/11/2011 11:20:00,TMDL,14265-44-2,Orthophosphate (as P),Dissolved,,0.06,mg/l,True,0.02,,,365.1,UHL001,Actual,SW,Water,,,Clayton,07060004,River/Stream,,42.695322,-91.166768
6,11220023,Peck Creek at Osterdock (site pecr3),07/25/2011 11:20:00,TMDL,14265-44-2,Orthophosphate (as P),Dissolved,,0.06,mg/l,True,0.02,,,365.1,UHL001,Actual,SW,Water,,,Clayton,07060004,River/Stream,,42.695322,-91.166768
6,11220013,Peck Creek near Osterdock (Site PeC2),07/22/2011 07:11:00,TMDL,14265-44-2,Orthophosphate (as P),Dissolved,,0.4,mg/l,True,0.02,,,4500-P-E,UHL002,Actual,SW,Water,,,Clayton,07060004,River/Stream,,42.714055,-91.153443
6,11220013,Peck Creek near Osterdock (Site PeC2),08/08/2011 12:00:00,TMDL,14265-44-2,Orthophosphate (as P),Dissolved,,0.05,mg/l,True,0.02,,,365.1,UHL001,Actual,SW,Water,,,Clayton,07060004,River/Stream,,42.714055,-91.153443
6,11220013,Peck Creek near Osterdock (Site PeC2),08/24/2011 10:30:00,TMDL,14265-44-2,Orthophosphate (as P),Dissolved,,0.08,mg/l,True,0.02,,,365.1,UHL001,Actual,SW,Water,,,Clayton,07060004,River/Stream,,42.714055,-91.153443
6,11220023,Peck Creek at Osterdock (site pecr3),09/07/2011 10:35:00,TMDL,14265-44-2,Orthophosphate (as P),Dissolved,,0.06,mg/l,True,0.02,,,365.1,UHL001,Actual,SW,Water,,,Clayton,07060004,River/Stream,,42.695322,-91.166768
6,11220023,Peck Creek at Osterdock (site pecr3),09/22/2011 09:15:00,TMDL,14265-44-2,Orthophosphate (as P),Dissolved,,0.05,mg/l,True,0.02,,,365.1,UHL001,Actual,SW,Water,,,Clayton,07060004,River/Stream,,42.695322,-91.166768
6,11220013,Peck Creek near Osterdock (Site PeC2),10/24/2011 09:50:00,TMDL,14265-44-2,Orthophosphate (as P),Dissolved,,0.05,mg/l,True,0.02,,,365.1,UHL001,Actual,SW,Water,,,Clayton,07060004,River/Stream,,42.714055,-91.153443
6,12220001,Miners Creek-Guttenburg,07/19/2012 07:30:00,TMDL,14265-44-2,Orthophosphate (as P),Dissolved,,0.09,mg/l,True,0.02,,,LAC10-115-01-1A,UHL001,Actual,SW,Water,,,Clayton,07060004,River/Stream,,42.788189,-91.125629
6,12220011,Buck Creek-Garnavillo (S.E. near Ceres),08/11/2011 10:45:00,AMBBIO,14265-44-2,Orthophosphate (as P),Dissolved,,0.05,mg/l,True,0.02,,,LAC10-115-01-1A,UHL001,Actual,SW,Water,,,Clayton,07060003,River/Stream,,42.8418987,-91.1678821
6,12220011,Buck Creek-Garnavillo (S.E. near Ceres),09/20/2011 10:30:00,AMBBIO,14265-44-2,Orthophosphate (as P),Dissolved,,0.06,mg/l,True,0.02,,,LAC10-115-01-1A,UHL001,Actual,SW,Water,,,Clayton,07060003,River/Stream,,42.8418987,-91.1678821
6,15220002,Bloody Run Creek at Spook Cave (BRSC),09/28/1994 08:05:00,SNY319,14265-44-2,Orthophosphate (as P),Dissolved,,0.5,mg/l,False,0.5,,,300(A),SNY001,Actual,SW,Water,,,Clayton,07060001,River/Stream,,43.03326422,-91.30759437
6,15220003,North Cedar Creek (NCC),09/28/1994 10:40:00,SNY319,14265-44-2,Orthophosphate (as P),Dissolved,,0.5,mg/l,False,0.5,,,300(A),SNY001,Actual,SW,Water,,,Clayton,07060003,River/Stream,,42.96274242,-91.22931615
6,15220001,Bloody Run Creek Site #2 (BR02),10/04/1994 16:00:00,SNY319,14265-44-2,Orthophosphate (as P),Dissolved,,0.5,mg/l,False,0.5,,,300(A),SNY001,Actual,SW,Water,,,Clayton,07060001,River/Stream,,43.03547975,-91.26682808
6,15220001,Bloody Run Creek Site #2 (BR02),10/25/1994 12:35:00,SNY319,14265-44-2,Orthophosphate (as P),Dissolved,,0.5,mg/l,False,0.5,,,300(A),SNY001,Actual,SW,Water,,,Clayton,07060001,River/Stream,,43.03547975,-91.26682808
6,15220001,Bloody Run Creek Site #2 (BR02),11/01/1994 11:00:00,SNY319,14265-44-2,Orthophosphate (as P),Dissolved,,0.5,mg/l,False,0.5,,,300(A),SNY001,Actual,SW,Water,,,Clayton,07060001,River/Stream,,43.03547975,-91.26682808
6,15220001,Bloody Run Creek Site #2 (BR02),11/08/1994 14:30:00,SNY319,14265-44-2,Orthophosphate (as P),Dissolved,,0.5,mg/l,False,0.5,,,300(A),SNY001,Actual,SW,Water,,,Clayton,07060001,River/Stream,,43.03547975,-91.26682808
6,15220001,Bloody Run Creek Site #2 (BR02),11/29/1994 09:50:00,SNY319,14265-44-2,Orthophosphate (as P),Dissolved,,0.5,mg/l,False,0.5,,,300(A),SNY001,Actual,SW,Water,,,Clayton,07060001,River/Stream,,43.03547975,-91.26682808
6,15220001,Bloody Run Creek Site #2 (BR02),12/06/1994 10:50:00,SNY319,14265-44-2,Orthophosphate (as P),Dissolved,,0.5,mg/l,False,0.5,,,300(A),SNY001,Actual,SW,Water,,,Clayton,07060001,River/Stream,,43.03547975,-91.26682808
6,15220001,Bloody Run Creek Site #2 (BR02),12/13/1994 13:00:00,SNY319,14265-44-2,Orthophosphate (as P),Dissolved,,0.5,mg/l,False,0.5,,,300(A),SNY001,Actual,SW,Water,,,Clayton,07060001,River/Stream,,43.03547975,-91.26682808
6,15220002,Bloody Run Creek at Spook Cave (BRSC),10/25/1994 12:55:00,SNY319,14265-44-2,Orthophosphate (as P),Dissolved,,0.5,mg/l,False,0.5,,,300(A),SNY001,Actual,SW,Water,,,Clayton,07060001,River/Stream,,43.03326422,-91.30759437
6,15220002,Bloody Run Creek at Spook Cave (BRSC),11/29/1994 09:40:00,SNY319,14265-44-2,Orthophosphate (as P),Dissolved,,0.5,mg/l,False,0.5,,,300(A),SNY001,Actual,SW,Water,,,Clayton,07060001,River/Stream,,43.03326422,-91.30759437
6,15220002,Bloody Run Creek at Spook Cave (BRSC),12/27/1994 09:35:00,SNY319,14265-44-2,Orthophosphate (as P),Dissolved,,0.5,mg/l,False,0.5,,,300(A),SNY001,Actual,SW,Water,,,Clayton,07060001,River/Stream,,43.03326422,-91.30759437
6,15220003,North Cedar Creek (NCC),10/18/1994 12:30:00,SNY319,14265-44-2,Orthophosphate (as P),Dissolved,,0.5,mg/l,False,0.5,,,300(A),SNY001,Actual,SW,Water,,,Clayton,07060003,River/Stream,,42.96274242,-91.22931615
6,15220003,North Cedar Creek (NCC),10/25/1994 11:20:00,SNY319,14265-44-2,Orthophosphate (as P),Dissolved,,0.5,mg/l,False,0.5,,,300(A),SNY001,Actual,SW,Water,,,Clayton,07060003,River/Stream,,42.96274242,-91.22931615
6,15220003,North Cedar Creek (NCC),11/01/1994 12:45:00,SNY319,14265-44-2,Orthophosphate (as P),Dissolved,,0.5,mg/l,False,0.5,,,300(A),SNY001,Actual,SW,Water,,,Clayton,07060003,River/Stream,,42.96274242,-91.22931615
6,15220003,North Cedar Creek (NCC),11/22/1994 14:05:00,SNY319,14265-44-2,Orthophosphate (as P),Dissolved,,0.5,mg/l,False,0.5,,,300(A),SNY001,Actual,SW,Water,,,Clayton,07060003,River/Stream,,42.96274242,-91.22931615
6,15220003,North Cedar Creek (NCC),11/29/1994 10:40:00,SNY319,14265-44-2,Orthophosphate (as P),Dissolved,,0.5,mg/l,False,0.5,,,300(A),SNY001,Actual,SW,Water,,,Clayton,07060003,River/Stream,,42.96274242,-91.22931615
6,15220003,North Cedar Creek (NCC),12/06/1994 13:15:00,SNY319,14265-44-2,Orthophosphate (as P),Dissolved,,0.5,mg/l,False,0.5,,,300(A),SNY001,Actual,SW,Water,,,Clayton,07060003,River/Stream,,42.96274242,-91.22931615
6,15220003,North Cedar Creek (NCC),12/27/1994 10:25:00,SNY319,14265-44-2,Orthophosphate (as P),Dissolved,,0.5,mg/l,False,0.5,,,300(A),SNY001,Actual,SW,Water,,,Clayton,07060003,River/Stream,,42.96274242,-91.22931615
6,15220001,Bloody Run Creek Site #2 (BR02),01/03/1995 12:30:00,SNY319,14265-44-2,Orthophosphate (as P),Dissolved,,0.5,mg/l,False,0.5,,,300(A),SNY001,Actual,SW,Water,,,Clayton,07060001,River/Stream,,43.03547975,-91.26682808
6,15220001,Bloody Run Creek Site #2 (BR02),01/31/1995 10:00:00,SNY319,14265-44-2,Orthophosphate (as P),Dissolved,,0.5,mg/l,False,0.5,,,300(A),SNY001,Actual,SW,Water,,,Clayton,07060001,River/Stream,,43.03547975,-91.26682808
6,15220001,Bloody Run Creek Site #2 (BR02),02/07/1995 10:00:00,SNY319,14265-44-2,Orthophosphate (as P),Dissolved,,0.5,mg/l,False,0.5,,,300(A),SNY001,Actual,SW,Water,,,Clayton,07060001,River/Stream,,43.03547975,-91.26682808
6,15220001,Bloody Run Creek Site #2 (BR02),03/07/1995 10:30:00,SNY319,14265-44-2,Orthophosphate (as P),Dissolved,,0.5,mg/l,False,0.5,,,300(A),SNY001,Actual,SW,Water,,,Clayton,07060001,River/Stream,,43.03547975,-91.26682808
6,15220001,Bloody Run Creek Site #2 (BR02),03/14/1995 13:20:00,SNY319,14265-44-2,Orthophosphate (as P),Dissolved,,0.5,mg/l,False,0.5,,,300(A),SNY001,Actual,SW,Water,,,Clayton,07060001,River/Stream,,43.03547975,-91.26682808
6,15220001,Bloody Run Creek Site #2 (BR02),04/11/1995 12:20:00,SNY319,14265-44-2,Orthophosphate (as P),Dissolved,,0.5,mg/l,False,0.5,,,300(A),SNY001,Actual,SW,Water,,,Clayton,07060001,River/Stream,,43.03547975,-91.26682808
6,15220001,Bloody Run Creek Site #2 (BR02),04/18/1995 10:30:00,SNY319,14265-44-2,Orthophosphate (as P),Dissolved,,0.5,mg/l,False,0.5,,,300(A),SNY001,Actual,SW,Water,,,Clayton,07060001,River/Stream,,43.03547975,-91.26682808
6,15220001,Bloody Run Creek Site #2 (BR02),05/23/1995 12:45:00,SNY319,14265-44-2,Orthophosphate (as P),Dissolved,,0.5,mg/l,False,0.5,,,300(A),SNY001,Actual,SW,Water,,,Clayton,07060001,River/Stream,,43.03547975,-91.26682808
6,15220001,Bloody Run Creek Site #2 (BR02),05/16/1995 10:05:00,SNY319,14265-44-2,Orthophosphate (as P),Dissolved,,0.5,mg/l,False,0.5,,,300(A),SNY001,Actual,SW,Water,,,Clayton,07060001,River/Stream,,43.03547975,-91.26682808
6,15220001,Bloody Run Creek Site #2 (BR02),06/27/1995 12:40:00,SNY319,14265-44-2,Orthophosphate (as P),Dissolved,,0.5,mg/l,False,0.5,,,300(A),SNY001,Actual,SW,Water,,,Clayton,07060001,River/Stream,,43.03547975,-91.26682808
6,15220001,Bloody Run Creek Site #2 (BR02),06/20/1995 10:10:00,SNY319,14265-44-2,Orthophosphate (as P),Dissolved,,0.5,mg/l,False,0.5,,,300(A),SNY001,Actual,SW,Water,,,Clayton,07060001,River/Stream,,43.03547975,-91.26682808
6,15220001,Bloody Run Creek Site #2 (BR02),07/25/1995 14:35:00,SNY319,14265-44-2,Orthophosphate (as P),Dissolved,,0.5,mg/l,False,0.5,,,300(A),SNY001,Actual,SW,Water,,,Clayton,07060001,River/Stream,,43.03547975,-91.26682808
6,15220001,Bloody Run Creek Site #2 (BR02),08/01/1995 10:10:00,SNY319,14265-44-2,Orthophosphate (as P),Dissolved,,0.5,mg/l,False,0.5,,,300(A),SNY001,Actual,SW,Water,,,Clayton,07060001,River/Stream,,43.03547975,-91.26682808
6,15220001,Bloody Run Creek Site #2 (BR02),08/29/1995 13:05:00,SNY319,14265-44-2,Orthophosphate (as P),Dissolved,,0.5,mg/l,False,0.5,,,300(A),SNY001,Actual,SW,Water,,,Clayton,07060001,River/Stream,,43.03547975,-91.26682808
6,15220001,Bloody Run Creek Site #2 (BR02),09/05/1995 10:00:00,SNY319,14265-44-2,Orthophosphate (as P),Dissolved,,0.5,mg/l,False,0.5,,,300(A),SNY001,Actual,SW,Water,,,Clayton,07060001,River/Stream,,43.03547975,-91.26682808
6,15220001,Bloody Run Creek Site #2 (BR02),09/12/1995 11:05:00,SNY319,14265-44-2,Orthophosphate (as P),Dissolved,,0.5,mg/l,False,0.5,,,300(A),SNY001,Actual,SW,Water,,,Clayton,07060001,River/Stream,,43.03547975,-91.26682808
6,15220002,Bloody Run Creek at Spook Cave (BRSC),01/31/1995 10:20:00,SNY319,14265-44-2,Orthophosphate (as P),Dissolved,,0.5,mg/l,False,0.5,,,300(A),SNY001,Actual,SW,Water,,,Clayton,07060001,River/Stream,,43.03326422,-91.30759437
6,15220002,Bloody Run Creek at Spook Cave (BRSC),02/28/1995 08:20:00,SNY319,14265-44-2,Orthophosphate (as P),Dissolved,,0.5,mg/l,False,0.5,,,300(A),SNY001,Actual,SW,Water,,,Clayton,07060001,River/Stream,,43.03326422,-91.30759437
6,15220002,Bloody Run Creek at Spook Cave (BRSC),03/28/1995 10:45:00,SNY319,14265-44-2,Orthophosphate (as P),Dissolved,,0.5,mg/l,False,0.5,,,300(A),SNY001,Actual,SW,Water,,,Clayton,07060001,River/Stream,,43.03326422,-91.30759437
6,15220002,Bloody Run Creek at Spook Cave (BRSC),06/27/1995 12:25:00,SNY319,14265-44-2,Orthophosphate (as P),Dissolved,,0.5,mg/l,False,0.5,,,300(A),SNY001,Actual,SW,Water,,,Clayton,07060001,River/Stream,,43.03326422,-91.30759437
6,15220002,Bloody Run Creek at Spook Cave (BRSC),07/25/1995 14:15:00,SNY319,14265-44-2,Orthophosphate (as P),Dissolved,,0.5,mg/l,False,0.5,,,300(A),SNY001,Actual,SW,Water,,,Clayton,07060001,River/Stream,,43.03326422,-91.30759437
6,15220003,North Cedar Creek (NCC),01/10/1995 13:40:00,SNY319,14265-44-2,Orthophosphate (as P),Dissolved,,0.5,mg/l,False,0.5,,,300(A),SNY001,Actual,SW,Water,,,Clayton,07060003,River/Stream,,42.96274242,-91.22931615
6,15220003,North Cedar Creek (NCC),01/17/1995 12:30:00,SNY319,14265-44-2,Orthophosphate (as P),Dissolved,,0.5,mg/l,False,0.5,,,300(A),SNY001,Actual,SW,Water,,,Clayton,07060003,River/Stream,,42.96274242,-91.22931615
6,15220003,North Cedar Creek (NCC),02/14/1995 13:10:00,SNY319,14265-44-2,Orthophosphate (as P),Dissolved,,0.5,mg/l,False,0.5,,,300(A),SNY001,Actual,SW,Water,,,Clayton,07060003,River/Stream,,42.96274242,-91.22931615
6,15220003,North Cedar Creek (NCC),02/21/1995 12:30:00,SNY319,14265-44-2,Orthophosphate (as P),Dissolved,,0.5,mg/l,False,0.5,,,300(A),SNY001,Actual,SW,Water,,,Clayton,07060003,River/Stream,,42.96274242,-91.22931615
6,15220003,North Cedar Creek (NCC),03/21/1995 12:00:00,SNY319,14265-44-2,Orthophosphate (as P),Dissolved,,0.5,mg/l,False,0.5,,,300(A),SNY001,Actual,SW,Water,,,Clayton,07060003,River/Stream,,42.96274242,-91.22931615
6,15220003,North Cedar Creek (NCC),03/28/1995 12:00:00,SNY319,14265-44-2,Orthophosphate (as P),Dissolved,,0.5,mg/l,False,0.5,,,300(A),SNY001,Actual,SW,Water,,,Clayton,07060003,River/Stream,,42.96274242,-91.22931615
6,15220003,North Cedar Creek (NCC),04/25/1995 10:15:00,SNY319,14265-44-2,Orthophosphate (as P),Dissolved,,0.5,mg/l,False,0.5,,,300(A),SNY001,Actual,SW,Water,,,Clayton,07060003,River/Stream,,42.96274242,-91.22931615
6,15220003,North Cedar Creek (NCC),05/02/1995 12:40:00,SNY319,14265-44-2,Orthophosphate (as P),Dissolved,,0.5,mg/l,False,0.5,,,300(A),SNY001,Actual,SW,Water,,,Clayton,07060003,River/Stream,,42.96274242,-91.22931615
6,15220003,North Cedar Creek (NCC),05/23/1995 14:25:00,SNY319,14265-44-2,Orthophosphate (as P),Dissolved,,0.5,mg/l,False,0.5,,,300(A),SNY001,Actual,SW,Water,,,Clayton,07060003,River/Stream,,42.96274242,-91.22931615
6,15220003,North Cedar Creek (NCC),05/30/1995 14:25:00,SNY319,14265-44-2,Orthophosphate (as P),Dissolved,,0.5,mg/l,False,0.5,,,300(A),SNY001,Actual,SW,Water,,,Clayton,07060003,River/Stream,,42.96274242,-91.22931615
6,15220003,North Cedar Creek (NCC),06/27/1995 15:00:00,SNY319,14265-44-2,Orthophosphate (as P),Dissolved,,0.5,mg/l,False,0.5,,,300(A),SNY001,Actual,SW,Water,,,Clayton,07060003,River/Stream,,42.96274242,-91.22931615
6,15220003,North Cedar Creek (NCC),07/04/1995 14:30:00,SNY319,14265-44-2,Orthophosphate (as P),Dissolved,,0.5,mg/l,False,0.5,,,300(A),SNY001,Actual,SW,Water,,,Clayton,07060003,River/Stream,,42.96274242,-91.22931615
6,15220003,North Cedar Creek (NCC),07/11/1995 17:25:00,SNY319,14265-44-2,Orthophosphate (as P),Dissolved,,0.5,mg/l,False,0.5,,,300(A),SNY001,Actual,SW,Water,,,Clayton,07060003,River/Stream,,42.96274242,-91.22931615
6,15220003,North Cedar Creek (NCC),06/06/1995 10:05:00,SNY319,14265-44-2,Orthophosphate (as P),Dissolved,,0.5,mg/l,False,0.5,,,300(A),SNY001,Actual,SW,Water,,,Clayton,07060003,River/Stream,,42.96274242,-91.22931615
6,15220003,North Cedar Creek (NCC),08/15/1995 16:20:00,SNY319,14265-44-2,Orthophosphate (as P),Dissolved,,0.5,mg/l,False,0.5,,,300(A),SNY001,Actual,SW,Water,,,Clayton,07060003,River/Stream,,42.96274242,-91.22931615
6,15220003,North Cedar Creek (NCC),08/08/1995 15:25:00,SNY319,14265-44-2,Orthophosphate (as P),Dissolved,,0.5,mg/l,False,0.5,,,300(A),SNY001,Actual,SW,Water,,,Clayton,07060003,River/Stream,,42.96274242,-91.22931615
6,15220003,North Cedar Creek (NCC),09/12/1995 13:15:00,SNY319,14265-44-2,Orthophosphate (as P),Dissolved,,0.5,mg/l,False,0.5,,,300(A),SNY001,Actual,SW,Water,,,Clayton,07060003,River/Stream,,42.96274242,-91.22931615
6,10220001,Turkey River near Garber,12/07/1999 08:20:00,AMBIENT,14265-44-2,Orthophosphate (as P),Dissolved,,0.1,mg/l,False,0.1,,,Unknown,UHL001,Actual,SW,Water,,,Clayton,07060004,River/Stream,,42.739547,-91.2619757
6,10220001,Turkey River near Garber,10/21/1999 08:50:00,AMBIENT,14265-44-2,Orthophosphate (as P),Dissolved,,0.1,mg/l,False,0.1,,,Unknown,UHL001,Actual,SW,Water,,,Clayton,07060004,River/Stream,,42.739547,-91.2619757
6,10220001,Turkey River near Garber,01/13/2000 09:00:00,AMBIENT,14265-44-2,Orthophosphate (as P),Dissolved,,0.1,mg/l,False,0.1,,,Unknown,UHL001,Actual,SW,Water,,,Clayton,07060004,River/Stream,,42.739547,-91.2619757
6,10220001,Turkey River near Garber,03/21/2000 12:15:00,AMBIENT,14265-44-2,Orthophosphate (as P),Dissolved,,0.1,mg/l,False,0.1,,,Unknown,UHL001,Actual,SW,Water,,,Clayton,07060004,River/Stream,,42.739547,-91.2619757
6,10220001,Turkey River near Garber,04/20/2000 09:15:00,AMBIENT,14265-44-2,Orthophosphate (as P),Dissolved,,0.2,mg/l,True,0.1,,,Unknown,UHL001,Actual,SW,Water,,,Clayton,07060004,River/Stream,,42.739547,-91.2619757
6,10220001,Turkey River near Garber,05/16/2000 10:25:00,AMBIENT,14265-44-2,Orthophosphate (as P),Dissolved,,0.1,mg/l,False,0.1,,,Unknown,UHL001,Actual,SW,Water,,,Clayton,07060004,River/Stream,,42.739547,-91.2619757
6,10220001,Turkey River near Garber,07/12/2000 10:35:00,AMBIENT,14265-44-2,Orthophosphate (as P),Dissolved,,0.3,mg/l,True,0.1,,,Unknown,UHL001,Actual,SW,Water,,,Clayton,07060004,River/Stream,,42.739547,-91.2619757
6,10220001,Turkey River near Garber,09/20/2000 10:55:00,AMBIENT,14265-44-2,Orthophosphate (as P),Dissolved,,0.1,mg/l,False,0.1,,,Unknown,UHL001,Actual,SW,Water,,,Clayton,07060004,River/Stream,,42.739547,-91.2619757
6,10220001,Turkey River near Garber,06/07/2001 09:25:00,AMBIENT,14265-44-2,Orthophosphate (as P),Dissolved,,0.06,mg/l,True,0.05,,,Unknown,UHL001,Actual,SW,Water,,,Clayton,07060004,River/Stream,,42.739547,-91.2619757
6,10220001,Turkey River near Garber,11/09/2000 07:35:00,AMBIENT,14265-44-2,Orthophosphate (as P),Dissolved,,0.1,mg/l,True,0.1,,,Unknown,UHL001,Actual,SW,Water,,,Clayton,07060004,River/Stream,,42.739547,-91.2619757
6,10220001,Turkey River near Garber,12/12/2000 10:20:00,AMBIENT,14265-44-2,Orthophosphate (as P),Dissolved,,0.1,mg/l,True,0.1,,,Unknown,UHL001,Actual,SW,Water,,,Clayton,07060004,River/Stream,,42.739547,-91.2619757
6,10220001,Turkey River near Garber,01/09/2001 09:50:00,AMBIENT,14265-44-2,Orthophosphate (as P),Dissolved,,0.1,mg/l,False,0.1,,,Unknown,UHL001,Actual,SW,Water,,,Clayton,07060004,River/Stream,,42.739547,-91.2619757
6,10220001,Turkey River near Garber,04/09/2001 09:30:00,AMBIENT,14265-44-2,Orthophosphate (as P),Dissolved,,0.1,mg/l,False,0.1,,,Unknown,UHL001,Actual,SW,Water,,,Clayton,07060004,River/Stream,,42.739547,-91.2619757
6,10220001,Turkey River near Garber,02/05/2002 09:15:00,AMBIENT,14265-44-2,Orthophosphate (as P),Dissolved,,0.05,mg/l,False,0.05,,,Unknown,UHL001,Actual,SW,Water,,,Clayton,07060004,River/Stream,,42.739547,-91.2619757
6,10220001,Turkey River near Garber,04/02/2002 08:45:00,AMBIENT,14265-44-2,Orthophosphate (as P),Dissolved,,0.05,mg/l,False,0.05,,,Unknown,UHL001,Actual,SW,Water,,,Clayton,07060004,River/Stream,,42.739547,-91.2619757
6,10220001,Turkey River near Garber,08/06/2002 08:40:00,AMBIENT,14265-44-2,Orthophosphate (as P),Dissolved,,0.13,mg/l,True,0.05,,,Unknown,UHL001,Actual,SW,Water,,,Clayton,07060004,River/Stream,,42.739547,-91.2619757
6,10220001,Turkey River near Garber,12/04/2001 08:30:00,AMBIENT,14265-44-2,Orthophosphate (as P),Dissolved,,0.05,mg/l,False,0.05,,,Unknown,UHL001,Actual,SW,Water,,,Clayton,07060004,River/Stream,,42.739547,-91.2619757
6,10220001,Turkey River near Garber,07/01/2002 10:00:00,AMBIENT,14265-44-2,Orthophosphate (as P),Dissolved,,0.05,mg/l,False,0.05,,,Unknown,UHL001,Actual,SW,Water,,,Clayton,07060004,River/Stream,,42.739547,-91.2619757
6,10220001,Turkey River near Garber,10/01/2002 10:15:00,AMBIENT,14265-44-2,Orthophosphate (as P),Dissolved,,0.05,mg/l,True,0.05,,,Unknown,UHL001,Actual,SW,Water,,,Clayton,07060004,River/Stream,,42.739547,-91.2619757
6,10220001,Turkey River near Garber,12/03/2002 09:10:00,AMBIENT,14265-44-2,Orthophosphate (as P),Dissolved,,0.05,mg/l,False,0.05,,,365.1,UHL001,Actual,SW,Water,,,Clayton,07060004,River/Stream,,42.739547,-91.2619757
6,10220001,Turkey River near Garber,01/07/2003 09:00:00,AMBIENT,14265-44-2,Orthophosphate (as P),Dissolved,,0.05,mg/l,False,0.05,,,365.1,UHL001,Actual,SW,Water,,,Clayton,07060004,River/Stream,,42.739547,-91.2619757
6,10220001,Turkey River near Garber,02/04/2003 09:35:00,AMBIENT,14265-44-2,Orthophosphate (as P),Dissolved,,0.05,mg/l,False,0.05,,,365.1,UHL001,Actual,SW,Water,,,Clayton,07060004,River/Stream,,42.739547,-91.2619757
6,10220001,Turkey River near Garber,03/04/2003 09:15:00,AMBIENT,14265-44-2,Orthophosphate (as P),Dissolved,,0.11,mg/l,True,0.05,,,365.1,UHL001,Actual,SW,Water,,,Clayton,07060004,River/Stream,,42.739547,-91.2619757
6,10220001,Turkey River near Garber,07/08/2003 08:55:00,AMBIENT,14265-44-2,Orthophosphate (as P),Dissolved,,0.15,mg/l,True,0.02,,,365.1,UHL001,Actual,SW,Water,,,Clayton,07060004,River/Stream,,42.739547,-91.2619757
6,10220001,Turkey River near Garber,08/05/2003 08:55:00,AMBIENT,14265-44-2,Orthophosphate (as P),Dissolved,,0.02,mg/l,False,0.02,,,365.1,UHL001,Actual,SW,Water,,,Clayton,07060004,River/Stream,,42.739547,-91.2619757
6,10220001,Turkey River near Garber,10/07/2003 09:10:00,AMBIENT,14265-44-2,Orthophosphate (as P),Dissolved,,0.02,mg/l,True,0.02,,,365.1,UHL001,Actual,SW,Water,,,Clayton,07060004,River/Stream,,42.739547,-91.2619757
6,10220001,Turkey River near Garber,02/03/2004 10:35:00,AMBIENT,14265-44-2,Orthophosphate (as P),Dissolved,,0.03,mg/l,True,0.02,,,365.1,UHL001,Actual,SW,Water,,,Clayton,07060004,River/Stream,,42.739547,-91.2619757
6,10220001,Turkey River near Garber,06/01/2004 08:50:00,AMBIENT,14265-44-2,Orthophosphate (as P),Dissolved,,0.14,mg/l,True,0.02,,,365.1,UHL001,Actual,SW,Water,,,Clayton,07060004,River/Stream,,42.739547,-91.2619757
6,10220001,Turkey River near Garber,09/02/2003 09:40:00,AMBIENT,14265-44-2,Orthophosphate (as P),Dissolved,,0.02,mg/l,False,0.02,,,365.1,UHL001,Actual,SW,Water,,,Clayton,07060004,River/Stream,,42.739547,-91.2619757
6,10220001,Turkey River near Garber,09/07/2004 07:55:00,AMBIENT,14265-44-2,Orthophosphate (as P),Dissolved,,0.02,mg/l,True,0.02,,,365.1,UHL001,Actual,SW,Water,,,Clayton,07060004,River/Stream,,42.739547,-91.2619757
6,10220001,Turkey River near Garber,11/09/2004 09:25:00,AMBIENT,14265-44-2,Orthophosphate (as P),Dissolved,,0.02,mg/l,False,0.02,,,365.1,UHL001,Actual,SW,Water,,,Clayton,07060004,River/Stream,,42.739547,-91.2619757
6,10220001,Turkey River near Garber,02/08/2005 09:10:00,AMBIENT,14265-44-2,Orthophosphate (as P),Dissolved,,0.8,mg/l,True,0.02,,,365.1,UHL001,Actual,SW,Water,,,Clayton,07060004,River/Stream,,42.739547,-91.2619757
6,10220001,Turkey River near Garber,03/01/2005 09:45:00,AMBIENT,14265-44-2,Orthophosphate (as P),Dissolved,,0.12,mg/l,True,0.02,,,365.1,UHL001,Actual,SW,Water,,,Clayton,07060004,River/Stream,,42.739547,-91.2619757
6,10220001,Turkey River near Garber,05/03/2005 09:55:00,AMBIENT,14265-44-2,Orthophosphate (as P),Dissolved,,0.02,mg/l,False,0.02,,,365.1,UHL001,Actual,SW,Water,,,Clayton,07060004,River/Stream,,42.739547,-91.2619757
6,10220001,Turkey River near Garber,08/02/2005 10:30:00,AMBIENT,14265-44-2,Orthophosphate (as P),Dissolved,,0.04,mg/l,True,0.02,,,365.1,UHL001,Actual,SW,Water,,,Clayton,07060004,River/Stream,,42.739547,-91.2619757
6,10220001,Turkey River near Garber,12/06/2005 10:15:00,AMBIENT,14265-44-2,Orthophosphate (as P),Dissolved,,0.04,mg/l,True,0.02,,,365.1,UHL001,Actual,SW,Water,,,Clayton,07060004,River/Stream,,42.739547,-91.2619757
6,10220001,Turkey River near Garber,05/02/2006 08:55:00,AMBIENT,14265-44-2,Orthophosphate (as P),Dissolved,,0.08,mg/l,True,0.02,,,365.1,UHL001,Actual,SW,Water,,,Clayton,07060004,River/Stream,,42.739547,-91.2619757
6,10220001,Turkey River near Garber,06/05/2006 08:10:00,AMBIENT,14265-44-2,Orthophosphate (as P),Dissolved,,0.08,mg/l,True,0.02,,,365.1,UHL001,Actual,SW,Water,,,Clayton,07060004,River/Stream,,42.739547,-91.2619757
6,10220001,Turkey River near Garber,07/06/2006 06:40:00,AMBIENT,14265-44-2,Orthophosphate (as P),Dissolved,,0.06,mg/l,True,0.02,,,365.1,UHL001,Actual,SW,Water,,,Clayton,07060004,River/Stream,,42.739547,-91.2619757
6,10220001,Turkey River near Garber,08/01/2006 07:40:00,AMBIENT,14265-44-2,Orthophosphate (as P),Dissolved,,0.03,mg/l,True,0.02,,,365.1,UHL001,Actual,SW,Water,,,Clayton,07060004,River/Stream,,42.739547,-91.2619757
6,10220001,Turkey River near Garber,09/07/2006 13:25:00,AMBIENT,14265-44-2,Orthophosphate (as P),Dissolved,,0.02,mg/l,False,0.02,,,365.1,UHL001,Actual,SW,Water,,,Clayton,07060004,River/Stream,,42.739547,-91.2619757
6,10220001,Turkey River near Garber,11/08/2006 08:40:00,AMBIENT,14265-44-2,Orthophosphate (as P),Dissolved,,0.02,mg/l,False,0.02,,,365.1,UHL001,Actual,SW,Water,,,Clayton,07060004,River/Stream,,42.739547,-91.2619757
6,10220001,Turkey River near Garber,02/21/2007 08:30:00,AMBIENT,14265-44-2,Orthophosphate (as P),Dissolved,,0.08,mg/l,True,0.02,,,365.1,UHL001,Actual,SW,Water,,,Clayton,07060004,River/Stream,,42.739547,-91.2619757
6,10220001,Turkey River near Garber,03/13/2007 08:55:00,AMBIENT,14265-44-2,Orthophosphate (as P),Dissolved,,0.32,mg/l,True,0.02,,,365.1,UHL001,Actual,SW,Water,,,Clayton,07060004,River/Stream,,42.739547,-91.2619757
6,10220001,Turkey River near Garber,04/10/2007 08:35:00,AMBIENT,14265-44-2,Orthophosphate (as P),Dissolved,,0.07,mg/l,True,0.02,,,365.1,UHL001,Actual,SW,Water,,,Clayton,07060004,River/Stream,,42.739547,-91.2619757
6,10220001,Turkey River near Garber,07/12/2007 08:30:00,AMBIENT,14265-44-2,Orthophosphate (as P),Dissolved,,0.02,mg/l,True,0.02,,,365.1,UHL001,Actual,SW,Water,,,Clayton,07060004,River/Stream,,42.739547,-91.2619757
6,10220001,Turkey River near Garber,09/12/2007 09:10:00,AMBIENT,14265-44-2,Orthophosphate (as P),Dissolved,,0.1,mg/l,True,0.02,,,365.1,UHL001,Actual,SW,Water,,,Clayton,07060004,River/Stream,,42.739547,-91.2619757
6,10220001,Turkey River near Garber,04/04/2006 09:00:00,AMBIENT,14265-44-2,Orthophosphate (as P),Dissolved,,0.09,mg/l,True,0.02,,,365.1,UHL001,Actual,SW,Water,,,Clayton,07060004,River/Stream,,42.739547,-91.2619757
6,10220001,Turkey River near Garber,12/04/2007 09:20:00,AMBIENT,14265-44-2,Orthophosphate (as P),Dissolved,,0.04,mg/l,True,0.02,,,365.1,UHL001,Actual,SW,Water,,,Clayton,07060004,River/Stream,,42.739547,-91.2619757
6,10220001,Turkey River near Garber,08/13/2008 07:20:00,AMBIENT,14265-44-2,Orthophosphate (as P),Dissolved,,0.05,mg/l,True,0.02,,,365.1,UHL001,Actual,SW,Water,,,Clayton,07060004,River/Stream,,42.739547,-91.2619757
6,10220001,Turkey River near Garber,07/06/2009 13:20:00,AMBIENT,14265-44-2,Orthophosphate (as P),Dissolved,,0.04,mg/l,True,0.02,,,365.1,UHL001,Actual,SW,Water,,,Clayton,07060004,River/Stream,,42.739547,-91.2619757
6,10220001,Turkey River near Garber,11/05/2009 09:15:00,AMBIENT,14265-44-2,Orthophosphate (as P),Dissolved,,0.08,mg/l,True,0.02,,,365.1,UHL001,Actual,SW,Water,,,Clayton,07060004,River/Stream,,42.739547,-91.2619757
6,10220001,Turkey River near Garber,10/08/2009 09:30:00,AMBIENT,14265-44-2,Orthophosphate (as P),Dissolved,,0.04,mg/l,True,0.02,,,365.1,UHL001,Actual,SW,Water,,,Clayton,07060004,River/Stream,,42.739547,-91.2619757
6,10220001,Turkey River near Garber,02/03/2010 09:15:00,AMBIENT,14265-44-2,Orthophosphate (as P),Dissolved,,0.05,mg/l,True,0.02,,,365.1,UHL001,Actual,SW,Water,,,Clayton,07060004,River/Stream,,42.739547,-91.2619757
6,10220001,Turkey River near Garber,04/05/2010 09:10:00,AMBIENT,14265-44-2,Orthophosphate (as P),Dissolved,,0.04,mg/l,True,0.02,,,365.1,UHL001,Actual,SW,Water,,,Clayton,07060004,River/Stream,,42.739547,-91.2619757
6,10220001,Turkey River near Garber,08/05/2010 08:50:00,AMBIENT,14265-44-2,Orthophosphate (as P),Dissolved,,0.09,mg/l,True,0.02,,,365.1,UHL001,Actual,SW,Water,,,Clayton,07060004,River/Stream,,42.739547,-91.2619757
6,10220001,Turkey River near Garber,11/02/2010 09:40:00,AMBIENT,14265-44-2,Orthophosphate (as P),Dissolved,,0.03,mg/l,True,0.02,,,365.1,UHL001,Actual,SW,Water,,,Clayton,07060004,River/Stream,,42.739547,-91.2619757
6,10220001,Turkey River near Garber,12/02/2010 09:30:00,AMBIENT,14265-44-2,Orthophosphate (as P),Dissolved,,0.03,mg/l,True,0.02,,,365.1,UHL001,Actual,SW,Water,,,Clayton,07060004,River/Stream,,42.739547,-91.2619757
6,10220001,Turkey River near Garber,02/07/2011 08:20:00,AMBIENT,14265-44-2,Orthophosphate (as P),Dissolved,,0.06,mg/l,True,0.02,,,365.1,UHL001,Actual,SW,Water,,,Clayton,07060004,River/Stream,,42.739547,-91.2619757
6,10220001,Turkey River near Garber,03/01/2011 08:45:00,AMBIENT,14265-44-2,Orthophosphate (as P),Dissolved,,0.09,mg/l,True,0.02,,,365.1,UHL001,Actual,SW,Water,,,Clayton,07060004,River/Stream,,42.739547,-91.2619757
6,10220001,Turkey River near Garber,04/04/2011 08:30:00,AMBIENT,14265-44-2,Orthophosphate (as P),Dissolved,,0.06,mg/l,True,0.02,,,365.1,UHL001,Actual,SW,Water,,,Clayton,07060004,River/Stream,,42.739547,-91.2619757
6,10220001,Turkey River near Garber,05/02/2011 09:00:00,AMBIENT,14265-44-2,Orthophosphate (as P),Dissolved,,0.07,mg/l,True,0.02,,,365.1,UHL001,Actual,SW,Water,,,Clayton,07060004,River/Stream,,42.739547,-91.2619757
6,10220001,Turkey River near Garber,06/08/2011 09:10:00,AMBIENT,14265-44-2,Orthophosphate (as P),Dissolved,,0.08,mg/l,True,0.02,,,365.1,UHL001,Actual,SW,Water,,,Clayton,07060004,River/Stream,,42.739547,-91.2619757
6,10220001,Turkey River near Garber,07/05/2011 09:00:00,AMBIENT,14265-44-2,Orthophosphate (as P),Dissolved,,0.02,mg/l,False,0.02,,,365.1,UHL001,Actual,SW,Water,,,Clayton,07060004,River/Stream,,42.739547,-91.2619757
6,10220001,Turkey River near Garber,08/03/2011 09:00:00,AMBIENT,14265-44-2,Orthophosphate (as P),Dissolved,,0.04,mg/l,True,0.02,,,365.1,UHL001,Actual,SW,Water,,,Clayton,07060004,River/Stream,,42.739547,-91.2619757
6,10220001,Turkey River near Garber,09/01/2011 11:45:00,AMBIENT,14265-44-2,Orthophosphate (as P),Dissolved,,0.05,mg/l,True,0.02,,,365.1,UHL001,Actual,SW,Water,,,Clayton,07060004,River/Stream,,42.739547,-91.2619757
6,10220001,Turkey River near Garber,10/03/2011 08:45:00,AMBIENT,14265-44-2,Orthophosphate (as P),Dissolved,,0.02,mg/l,True,0.02,,,365.1,UHL001,Actual,SW,Water,,,Clayton,07060004,River/Stream,,42.739547,-91.2619757
6,10220001,Turkey River near Garber,12/06/2011 09:15:00,AMBIENT,14265-44-2,Orthophosphate (as P),Dissolved,,0.06,mg/l,True,0.02,,,365.1,UHL001,Actual,SW,Water,,,Clayton,07060004,River/Stream,,42.739547,-91.2619757
6,10220001,Turkey River near Garber,01/05/2012 08:10:00,AMBIENT,14265-44-2,Orthophosphate (as P),Dissolved,,0.04,mg/l,True,0.02,,,LAC10-115-01-1A,UHL001,Actual,SW,Water,,,Clayton,07060004,River/Stream,,42.739547,-91.2619757
6,10220001,Turkey River near Garber,02/07/2012 08:30:00,AMBIENT,14265-44-2,Orthophosphate (as P),Dissolved,,0.03,mg/l,True,0.02,,,LAC10-115-01-1A,UHL001,Actual,SW,Water,,,Clayton,07060004,River/Stream,,42.739547,-91.2619757
6,10220001,Turkey River near Garber,03/07/2012 08:10:00,AMBIENT,14265-44-2,Orthophosphate (as P),Dissolved,,0.16,mg/l,True,0.02,,,LAC10-115-01-1A,UHL001,Actual,SW,Water,,,Clayton,07060004,River/Stream,,42.739547,-91.2619757
6,10220001,Turkey River near Garber,05/03/2012 07:55:00,AMBIENT,14265-44-2,Orthophosphate (as P),Dissolved,,0.1,mg/l,True,0.02,,,LAC10-115-01-1A,UHL001,Actual,SW,Water,,,Clayton,07060004,River/Stream,,42.739547,-91.2619757
6,10220001,Turkey River near Garber,06/04/2012 08:10:00,AMBIENT,14265-44-2,Orthophosphate (as P),Dissolved,,0.06,mg/l,True,0.02,,,LAC10-115-01-1A,UHL001,Actual,SW,Water,,,Clayton,07060004,River/Stream,,42.739547,-91.2619757
6,10220001,Turkey River near Garber,08/01/2012 09:18:00,AMBIENT,14265-44-2,Orthophosphate (as P),Dissolved,,0.02,mg/l,False,0.02,,,LAC10-115-01-1A,UHL001,Actual,SW,Water,,,Clayton,07060004,River/Stream,,42.739547,-91.2619757
6,10220001,Turkey River near Garber,10/03/2012 09:30:00,AMBIENT,14265-44-2,Orthophosphate (as P),Dissolved,,0.02,mg/l,False,0.02,,,LAC10-115-01-1A,UHL001,Actual,SW,Water,,,Clayton,07060004,River/Stream,,42.739547,-91.2619757
6,10220001,Turkey River near Garber,11/01/2012 09:00:00,AMBIENT,14265-44-2,Orthophosphate (as P),Dissolved,,0.02,mg/l,True,0.02,,,LAC10-115-01-1A,UHL001,Actual,SW,Water,,,Clayton,07060004,River/Stream,,42.739547,-91.2619757
6,10220001,Turkey River near Garber,12/04/2012 09:45:00,AMBIENT,14265-44-2,Orthophosphate (as P),Dissolved,,0.02,mg/l,False,0.02,,,LAC10-115-01-1A,UHL001,Actual,SW,Water,,,Clayton,07060004,River/Stream,,42.739547,-91.2619757
6,10220001,Turkey River near Garber,02/03/2015 08:30:00,AMBIENT,14265-44-2,Orthophosphate (AS P),Dissolved,,0.029,mg/l,True,0.02,,,LAC10-115-01-1A,UHL001,Actual,SW,Water,,,Clayton,07060004,River/Stream,,42.739547,-91.2619757
6,10220001,Turkey River near Garber,05/06/2015 07:05:00,AMBIENT,14265-44-2,Orthophosphate (AS P),Dissolved,,0.03,mg/l,True,0.02,,,LAC10-115-01-1A,UHL001,Actual,SW,Water,,,Clayton,07060004,River/Stream,,42.739547,-91.2619757
6,10220001,Turkey River near Garber,02/07/2013 12:10:00,AMBIENT,14265-44-2,Orthophosphate (AS P),Dissolved,,0.13,mg/l,True,0.02,,,LAC10-115-01-1A,UHL001,Actual,SW,Water,,,Clayton,07060004,River/Stream,,42.739547,-91.2619757
6,10220001,Turkey River near Garber,06/05/2013 08:45:00,AMBIENT,14265-44-2,Orthophosphate (AS P),Dissolved,,0.09,mg/l,True,0.02,,,LAC10-115-01-1A,UHL001,Actual,SW,Water,,,Clayton,07060004,River/Stream,,42.739547,-91.2619757
6,10220001,Turkey River near Garber,07/02/2013 07:20:00,AMBIENT,14265-44-2,Orthophosphate (AS P),Dissolved,,0.08,mg/l,True,0.02,,,LAC10-115-01-1A,UHL001,Actual,SW,Water,,,Clayton,07060004,River/Stream,,42.739547,-91.2619757
6,10220001,Turkey River near Garber,08/01/2013 12:15:00,AMBIENT,14265-44-2,Orthophosphate (AS P),Dissolved,,0.04,mg/l,True,0.02,,,LAC10-115-01-1A,UHL001,Actual,SW,Water,,,Clayton,07060004,River/Stream,,42.739547,-91.2619757
6,10220001,Turkey River near Garber,11/06/2013 08:00:00,AMBIENT,14265-44-2,Orthophosphate (AS P),Dissolved,,0.03,mg/l,True,0.02,,,LAC10-115-01-1A,UHL001,Actual,SW,Water,,,Clayton,07060004,River/Stream,,42.739547,-91.2619757
6,10220001,Turkey River near Garber,12/05/2013 09:15:00,AMBIENT,14265-44-2,Orthophosphate (AS P),Dissolved,,0.02,mg/l,True,0.02,,,LAC10-115-01-1A,UHL001,Actual,SW,Water,,,Clayton,07060004,River/Stream,,42.739547,-91.2619757
6,10220001,Turkey River near Garber,09/03/2014 11:00:00,AMBIENT,14265-44-2,Orthophosphate (AS P),Dissolved,,0.07,mg/l,True,0.02,,,LAC10-115-01-1A,UHL001,Actual,SW,Water,,,Clayton,07060004,River/Stream,,42.739547,-91.2619757
6,10220001,Turkey River near Garber,03/03/2014 09:20:00,AMBIENT,14265-44-2,Orthophosphate (AS P),Dissolved,,0.04,mg/l,True,0.02,,,LAC10-115-01-1A,UHL001,Actual,SW,Water,,,Clayton,07060004,River/Stream,,42.739547,-91.2619757
6,10220001,Turkey River near Garber,02/04/2014 08:10:00,AMBIENT,14265-44-2,Orthophosphate (AS P),Dissolved,,0.04,mg/l,True,0.02,,,LAC10-115-01-1A,UHL001,Actual,SW,Water,,,Clayton,07060004,River/Stream,,42.739547,-91.2619757
6,10220001,Turkey River near Garber,04/01/2014 07:50:00,AMBIENT,14265-44-2,Orthophosphate (AS P),Dissolved,,0.34,mg/l,True,0.02,,,LAC10-115-01-1A,UHL001,Actual,SW,Water,,,Clayton,07060004,River/Stream,,42.739547,-91.2619757
6,10220001,Turkey River near Garber,05/05/2014 08:50:00,AMBIENT,14265-44-2,Orthophosphate (AS P),Dissolved,,0.07,mg/l,True,0.02,,,LAC10-115-01-1A,UHL001,Actual,SW,Water,,,Clayton,07060004,River/Stream,,42.739547,-91.2619757
6,10220001,Turkey River near Garber,08/04/2014 09:20:00,AMBIENT,14265-44-2,Orthophosphate (AS P),Dissolved,,0.02,mg/l,False,0.02,,,LAC10-115-01-1A,UHL001,Actual,SW,Water,,,Clayton,07060004,River/Stream,,42.739547,-91.2619757
6,10220001,Turkey River near Garber,06/01/2015 09:50:00,AMBIENT,14265-44-2,Orthophosphate (AS P),Dissolved,,0.09,mg/l,True,0.02,,,LAC10-115-01-1A,UHL001,Actual,SW,Water,,,Clayton,07060004,River/Stream,,42.739547,-91.2619757
6,10220001,Turkey River near Garber,07/05/2012 08:25:00,AMBIENT,14265-44-2,Orthophosphate (as P),Dissolved,,0.03,mg/l,True,0.02,,,LAC10-115-01-1A,UHL001,Actual,SW,Water,,,Clayton,07060004,River/Stream,,42.739547,-91.2619757
6,10220001,Turkey River near Garber,10/07/2014 09:45:00,AMBIENT,14265-44-2,Orthophosphate (AS P),Dissolved,,0.02,mg/l,False,0.02,,,LAC10-115-01-1A,UHL001,Actual,SW,Water,,,Clayton,07060004,River/Stream,,42.739547,-91.2619757
6,10220001,Turkey River near Garber,02/23/2000 10:35:00,AMBIENT,14265-44-2,Orthophosphate (as P),Dissolved,,0.1,mg/l,True,0.1,,,Unknown,UHL001,Actual,SW,Water,,,Clayton,07060004,River/Stream,,42.739547,-91.2619757
6,10220001,Turkey River near Garber,06/14/2000 15:55:00,AMBIENT,14265-44-2,Orthophosphate (as P),Dissolved,,0.2,mg/l,True,0.1,,,Unknown,UHL001,Actual,SW,Water,,,Clayton,07060004,River/Stream,,42.739547,-91.2619757
6,10220001,Turkey River near Garber,08/16/2000 13:05:00,AMBIENT,14265-44-2,Orthophosphate (as P),Dissolved,,0.1,mg/l,True,0.1,,,Unknown,UHL001,Actual,SW,Water,,,Clayton,07060004,River/Stream,,42.739547,-91.2619757
6,10220001,Turkey River near Garber,11/08/1999 09:30:00,AMBIENT,14265-44-2,Orthophosphate (as P),Dissolved,,0.1,mg/l,False,0.1,,,Unknown,UHL001,Actual,SW,Water,,,Clayton,07060004,River/Stream,,42.739547,-91.2619757
6,10220001,Turkey River near Garber,08/01/2001 12:55:00,AMBIENT,14265-44-2,Orthophosphate (as P),Dissolved,,0.05,mg/l,False,0.05,,,Unknown,UHL001,Actual,SW,Water,,,Clayton,07060004,River/Stream,,42.739547,-91.2619757
6,10220001,Turkey River near Garber,09/12/2001 09:55:00,AMBIENT,14265-44-2,Orthophosphate (as P),Dissolved,,0.13,mg/l,True,0.05,,,Unknown,UHL001,Actual,SW,Water,,,Clayton,07060004,River/Stream,,42.739547,-91.2619757
6,10220001,Turkey River near Garber,10/09/2000 08:50:00,AMBIENT,14265-44-2,Orthophosphate (as P),Dissolved,,0.1,mg/l,False,0.1,,,Unknown,UHL001,Actual,SW,Water,,,Clayton,07060004,River/Stream,,42.739547,-91.2619757
6,10220001,Turkey River near Garber,07/05/2001 09:10:00,AMBIENT,14265-44-2,Orthophosphate (as P),Dissolved,,0.05,mg/l,False,0.05,,,Unknown,UHL001,Actual,SW,Water,,,Clayton,07060004,River/Stream,,42.739547,-91.2619757
6,10220001,Turkey River near Garber,02/07/2001 09:25:00,AMBIENT,14265-44-2,Orthophosphate (as P),Dissolved,,0.1,mg/l,False,0.1,,,Unknown,UHL001,Actual,SW,Water,,,Clayton,07060004,River/Stream,,42.739547,-91.2619757
6,10220001,Turkey River near Garber,03/08/2001 08:50:00,AMBIENT,14265-44-2,Orthophosphate (as P),Dissolved,,0.1,mg/l,False,0.1,,,Unknown,UHL001,Actual,SW,Water,,,Clayton,07060004,River/Stream,,42.739547,-91.2619757
6,10220001,Turkey River near Garber,05/03/2001 08:15:00,AMBIENT,14265-44-2,Orthophosphate (as P),Dissolved,,0.14,mg/l,True,0.05,,,Unknown,UHL001,Actual,SW,Water,,,Clayton,07060004,River/Stream,,42.739547,-91.2619757
6,10220001,Turkey River near Garber,09/11/2002 12:30:00,AMBIENT,14265-44-2,Orthophosphate (as P),Dissolved,,0.05,mg/l,False,0.05,,,Unknown,UHL001,Actual,SW,Water,,,Clayton,07060004,River/Stream,,42.739547,-91.2619757
6,10220001,Turkey River near Garber,03/05/2015 07:40:00,AMBIENT,14265-44-2,Orthophosphate (AS P),Dissolved,,0.029,mg/l,True,0.02,,,LAC10-115-01-1A,UHL001,Actual,SW,Water,,,Clayton,07060004,River/Stream,,42.739547,-91.2619757
6,10220001,Turkey River near Garber,10/02/2001 08:50:00,AMBIENT,14265-44-2,Orthophosphate (as P),Dissolved,,0.05,mg/l,False,0.05,,,Unknown,UHL001,Actual,SW,Water,,,Clayton,07060004,River/Stream,,42.739547,-91.2619757
6,10220001,Turkey River near Garber,11/06/2001 09:00:00,AMBIENT,14265-44-2,Orthophosphate (as P),Dissolved,,0.05,mg/l,False,0.05,,,Unknown,UHL001,Actual,SW,Water,,,Clayton,07060004,River/Stream,,42.739547,-91.2619757
6,10220001,Turkey River near Garber,01/02/2002 11:30:00,AMBIENT,14265-44-2,Orthophosphate (as P),Dissolved,,0.05,mg/l,False,0.05,,,Unknown,UHL001,Actual,SW,Water,,,Clayton,07060004,River/Stream,,42.739547,-91.2619757
6,10220001,Turkey River near Garber,05/07/2002 11:15:00,AMBIENT,14265-44-2,Orthophosphate (as P),Dissolved,,0.05,mg/l,False,0.05,,,Unknown,UHL001,Actual,SW,Water,,,Clayton,07060004,River/Stream,,42.739547,-91.2619757
6,10220001,Turkey River near Garber,06/04/2002 08:50:00,AMBIENT,14265-44-2,Orthophosphate (as P),Dissolved,,0.15,mg/l,True,0.05,,,Unknown,UHL001,Actual,SW,Water,,,Clayton,07060004,River/Stream,,42.739547,-91.2619757
6,10220001,Turkey River near Garber,11/05/2002 16:25:00,AMBIENT,14265-44-2,Orthophosphate (as P),Dissolved,,0.05,mg/l,False,0.05,,,Unknown,UHL001,Actual,SW,Water,,,Clayton,07060004,River/Stream,,42.739547,-91.2619757
6,10220001,Turkey River near Garber,04/01/2003 08:55:00,AMBIENT,14265-44-2,Orthophosphate (as P),Dissolved,,0.05,mg/l,False,0.05,,,365.1,UHL001,Actual,SW,Water,,,Clayton,07060004,River/Stream,,42.739547,-91.2619757
6,10220001,Turkey River near Garber,05/06/2003 08:25:00,AMBIENT,14265-44-2,Orthophosphate (as P),Dissolved,,0.06,mg/l,True,0.05,,,365.1,UHL001,Actual,SW,Water,,,Clayton,07060004,River/Stream,,42.739547,-91.2619757
6,10220001,Turkey River near Garber,06/03/2003 09:00:00,AMBIENT,14265-44-2,Orthophosphate (as P),Dissolved,,0.02,mg/l,True,0.02,,,365.1,UHL001,Actual,SW,Water,,,Clayton,07060004,River/Stream,,42.739547,-91.2619757
6,10220001,Turkey River near Garber,03/05/2002 10:20:00,AMBIENT,14265-44-2,Orthophosphate (as P),Dissolved,,0.05,mg/l,False,0.05,,,Unknown,UHL001,Actual,SW,Water,,,Clayton,07060004,River/Stream,,42.739547,-91.2619757
6,10220001,Turkey River near Garber,12/02/2003 09:00:00,AMBIENT,14265-44-2,Orthophosphate (as P),Dissolved,,0.03,mg/l,True,0.02,,,365.1,UHL001,Actual,SW,Water,,,Clayton,07060004,River/Stream,,42.739547,-91.2619757
6,10220001,Turkey River near Garber,01/06/2004 10:20:00,AMBIENT,14265-44-2,Orthophosphate (as P),Dissolved,,0.02,mg/l,True,0.02,,,365.1,UHL001,Actual,SW,Water,,,Clayton,07060004,River/Stream,,42.739547,-91.2619757
6,10220001,Turkey River near Garber,03/02/2004 09:15:00,AMBIENT,14265-44-2,Orthophosphate (as P),Dissolved,,0.64,mg/l,True,0.05,,,365.1,UHL001,Actual,SW,Water,,,Clayton,07060004,River/Stream,,42.739547,-91.2619757
6,10220001,Turkey River near Garber,11/04/2003 16:30:00,AMBIENT,14265-44-2,Orthophosphate (as P),Dissolved,,0.12,mg/l,True,0.02,,,365.1,UHL001,Actual,SW,Water,,,Clayton,07060004,River/Stream,,42.739547,-91.2619757
6,10220001,Turkey River near Garber,04/06/2004 10:00:00,AMBIENT,14265-44-2,Orthophosphate (as P),Dissolved,,0.07,mg/l,True,0.02,,,365.1,UHL001,Actual,SW,Water,,,Clayton,07060004,River/Stream,,42.739547,-91.2619757
6,10220001,Turkey River near Garber,05/04/2004 09:45:00,AMBIENT,14265-44-2,Orthophosphate (as P),Dissolved,,0.02,mg/l,False,0.02,,,365.1,UHL001,Actual,SW,Water,,,Clayton,07060004,River/Stream,,42.739547,-91.2619757
6,10220001,Turkey River near Garber,08/03/2004 10:15:00,AMBIENT,14265-44-2,Orthophosphate (as P),Dissolved,,0.08,mg/l,True,0.02,,,365.1,UHL001,Actual,SW,Water,,,Clayton,07060004,River/Stream,,42.739547,-91.2619757
6,10220001,Turkey River near Garber,10/05/2004 09:00:00,AMBIENT,14265-44-2,Orthophosphate (as P),Dissolved,,0.02,mg/l,False,0.02,,,365.1,UHL001,Actual,SW,Water,,,Clayton,07060004,River/Stream,,42.739547,-91.2619757
6,10220001,Turkey River near Garber,12/07/2004 09:05:00,AMBIENT,14265-44-2,Orthophosphate (as P),Dissolved,,0.02,mg/l,False,0.02,,,365.1,UHL001,Actual,SW,Water,,,Clayton,07060004,River/Stream,,42.739547,-91.2619757
6,10220001,Turkey River near Garber,07/06/2004 10:35:00,AMBIENT,14265-44-2,Orthophosphate (as P),Dissolved,,0.21,mg/l,True,0.02,,,365.1,UHL001,Actual,SW,Water,,,Clayton,07060004,River/Stream,,42.739547,-91.2619757
6,10220001,Turkey River near Garber,01/11/2005 10:00:00,AMBIENT,14265-44-2,Orthophosphate (as P),Dissolved,,0.05,mg/l,True,0.02,,,365.1,UHL001,Actual,SW,Water,,,Clayton,07060004,River/Stream,,42.739547,-91.2619757
6,10220001,Turkey River near Garber,04/05/2005 08:10:00,AMBIENT,14265-44-2,Orthophosphate (as P),Dissolved,,0.08,mg/l,True,0.02,,,365.1,UHL001,Actual,SW,Water,,,Clayton,07060004,River/Stream,,42.739547,-91.2619757
6,10220001,Turkey River near Garber,06/07/2005 09:30:00,AMBIENT,14265-44-2,Orthophosphate (as P),Dissolved,,0.02,mg/l,True,0.02,,,365.1,UHL001,Actual,SW,Water,,,Clayton,07060004,River/Stream,,42.739547,-91.2619757
6,10220001,Turkey River near Garber,07/06/2005 11:30:00,AMBIENT,14265-44-2,Orthophosphate (as P),Dissolved,,0.09,mg/l,True,0.02,,,365.1,UHL001,Actual,SW,Water,,,Clayton,07060004,River/Stream,,42.739547,-91.2619757
6,10220001,Turkey River near Garber,09/05/2005 09:45:00,AMBIENT,14265-44-2,Orthophosphate (as P),Dissolved,,0.03,mg/l,True,0.02,,,365.1,UHL001,Actual,SW,Water,,,Clayton,07060004,River/Stream,,42.739547,-91.2619757
6,10220001,Turkey River near Garber,10/11/2005 09:50:00,AMBIENT,14265-44-2,Orthophosphate (as P),Dissolved,,0.07,mg/l,True,0.02,,,365.1,UHL001,Actual,SW,Water,,,Clayton,07060004,River/Stream,,42.739547,-91.2619757
6,10220001,Turkey River near Garber,01/03/2006 09:50:00,AMBIENT,14265-44-2,Orthophosphate (as P),Dissolved,,0.04,mg/l,True,0.02,,,365.1,UHL001,Actual,SW,Water,,,Clayton,07060004,River/Stream,,42.739547,-91.2619757
6,10220001,Turkey River near Garber,02/07/2006 08:40:00,AMBIENT,14265-44-2,Orthophosphate (as P),Dissolved,,0.04,mg/l,True,0.02,,,365.1,UHL001,Actual,SW,Water,,,Clayton,07060004,River/Stream,,42.739547,-91.2619757
6,10220001,Turkey River near Garber,03/07/2006 09:30:00,AMBIENT,14265-44-2,Orthophosphate (as P),Dissolved,,0.02,mg/l,True,0.02,,,365.1,UHL001,Actual,SW,Water,,,Clayton,07060004,River/Stream,,42.739547,-91.2619757
6,10220001,Turkey River near Garber,10/04/2006 10:10:00,AMBIENT,14265-44-2,Orthophosphate (as P),Dissolved,,0.02,mg/l,True,0.02,,,365.1,UHL001,Actual,SW,Water,,,Clayton,07060004,River/Stream,,42.739547,-91.2619757
6,10220001,Turkey River near Garber,12/07/2006 08:40:00,AMBIENT,14265-44-2,Orthophosphate (as P),Dissolved,,0.07,mg/l,True,0.02,,,365.1,UHL001,Actual,SW,Water,,,Clayton,07060004,River/Stream,,42.739547,-91.2619757
6,10220001,Turkey River near Garber,01/04/2007 07:40:00,AMBIENT,14265-44-2,Orthophosphate (as P),Dissolved,,0.08,mg/l,True,0.02,,,365.1,UHL001,Actual,SW,Water,,,Clayton,07060004,River/Stream,,42.739547,-91.2619757
6,10220001,Turkey River near Garber,11/01/2005 08:10:00,AMBIENT,14265-44-2,Orthophosphate (as P),Dissolved,,0.02,mg/l,False,0.02,,,365.1,UHL001,Actual,SW,Water,,,Clayton,07060004,River/Stream,,42.739547,-91.2619757
6,10220001,Turkey River near Garber,05/08/2007 08:10:00,AMBIENT,14265-44-2,Orthophosphate (as P),Dissolved,,0.04,mg/l,True,0.02,,,365.1,UHL001,Actual,SW,Water,,,Clayton,07060004,River/Stream,,42.739547,-91.2619757
6,10220001,Turkey River near Garber,06/13/2007 08:15:00,AMBIENT,14265-44-2,Orthophosphate (as P),Dissolved,,0.07,mg/l,True,0.02,,,365.1,UHL001,Actual,SW,Water,,,Clayton,07060004,River/Stream,,42.739547,-91.2619757
6,10220001,Turkey River near Garber,08/02/2007 09:25:00,AMBIENT,14265-44-2,Orthophosphate (as P),Dissolved,,0.02,mg/l,False,0.02,,,365.1,UHL001,Actual,SW,Water,,,Clayton,07060004,River/Stream,,42.739547,-91.2619757
6,10220001,Turkey River near Garber,10/09/2007 09:05:00,AMBIENT,14265-44-2,Orthophosphate (as P),Dissolved,,0.11,mg/l,True,0.02,,,365.1,UHL001,Actual,SW,Water,,,Clayton,07060004,River/Stream,,42.739547,-91.2619757
6,10220001,Turkey River near Garber,11/01/2007 10:40:00,AMBIENT,14265-44-2,Orthophosphate (as P),Dissolved,,0.06,mg/l,True,0.02,,,365.1,UHL001,Actual,SW,Water,,,Clayton,07060004,River/Stream,,42.739547,-91.2619757
6,10220001,Turkey River near Garber,01/03/2008 08:25:00,AMBIENT,14265-44-2,Orthophosphate (as P),Dissolved,,0.04,mg/l,True,0.02,,,365.1,UHL001,Actual,SW,Water,,,Clayton,07060004,River/Stream,,42.739547,-91.2619757
6,10220001,Turkey River near Garber,02/12/2008 08:25:00,AMBIENT,14265-44-2,Orthophosphate (as P),Dissolved,,0.06,mg/l,True,0.02,,,365.1,UHL001,Actual,SW,Water,,,Clayton,07060004,River/Stream,,42.739547,-91.2619757
6,10220001,Turkey River near Garber,03/10/2008 08:40:00,AMBIENT,14265-44-2,Orthophosphate (as P),Dissolved,,0.05,mg/l,True,0.02,,,365.1,UHL001,Actual,SW,Water,,,Clayton,07060004,River/Stream,,42.739547,-91.2619757
6,10220001,Turkey River near Garber,04/09/2008 08:15:00,AMBIENT,14265-44-2,Orthophosphate (as P),Dissolved,,0.08,mg/l,True,0.02,,,365.1,UHL001,Actual,SW,Water,,,Clayton,07060004,River/Stream,,42.739547,-91.2619757
6,10220001,Turkey River near Garber,06/03/2008 07:45:00,AMBIENT,14265-44-2,Orthophosphate (as P),Dissolved,,0.08,mg/l,True,0.02,,,365.1,UHL001,Actual,SW,Water,,,Clayton,07060004,River/Stream,,42.739547,-91.2619757
6,10220001,Turkey River near Garber,07/09/2008 08:25:00,AMBIENT,14265-44-2,Orthophosphate (as P),Dissolved,,0.12,mg/l,True,0.02,,,365.1,UHL001,Actual,SW,Water,,,Clayton,07060004,River/Stream,,42.739547,-91.2619757
6,10220001,Turkey River near Garber,08/11/2009 09:45:00,AMBIENT,14265-44-2,Orthophosphate (as P),Dissolved,,0.15,mg/l,True,0.02,,,365.1,UHL001,Actual,SW,Water,,,Clayton,07060004,River/Stream,,42.739547,-91.2619757
6,10220001,Turkey River near Garber,09/08/2009 09:50:00,AMBIENT,14265-44-2,Orthophosphate (as P),Dissolved,,0.02,mg/l,False,0.02,,,365.1,UHL001,Actual,SW,Water,,,Clayton,07060004,River/Stream,,42.739547,-91.2619757
6,10220001,Turkey River near Garber,12/03/2009 09:15:00,AMBIENT,14265-44-2,Orthophosphate (as P),Dissolved,,0.02,mg/l,True,0.02,,,365.1,UHL001,Actual,SW,Water,,,Clayton,07060004,River/Stream,,42.739547,-91.2619757
6,10220001,Turkey River near Garber,05/07/2008 08:30:00,AMBIENT,14265-44-2,Orthophosphate (as P),Dissolved,,0.07,mg/l,True,0.02,,,365.1,UHL001,Actual,SW,Water,,,Clayton,07060004,River/Stream,,42.739547,-91.2619757
6,10220001,Turkey River near Garber,01/06/2010 09:30:00,AMBIENT,14265-44-2,Orthophosphate (as P),Dissolved,,0.05,mg/l,True,0.02,,,365.1,UHL001,Actual,SW,Water,,,Clayton,07060004,River/Stream,,42.739547,-91.2619757
6,10220001,Turkey River near Garber,03/01/2010 08:30:00,AMBIENT,14265-44-2,Orthophosphate (as P),Dissolved,,0.03,mg/l,True,0.02,,,365.1,UHL001,Actual,SW,Water,,,Clayton,07060004,River/Stream,,42.739547,-91.2619757
6,10220001,Turkey River near Garber,05/03/2010 07:35:00,AMBIENT,14265-44-2,Orthophosphate (as P),Dissolved,,0.03,mg/l,True,0.02,,,365.1,UHL001,Actual,SW,Water,,,Clayton,07060004,River/Stream,,42.739547,-91.2619757
6,10220001,Turkey River near Garber,06/03/2010 08:15:00,AMBIENT,14265-44-2,Orthophosphate (as P),Dissolved,,0.03,mg/l,True,0.02,,,365.1,UHL001,Actual,SW,Water,,,Clayton,07060004,River/Stream,,42.739547,-91.2619757
6,10220001,Turkey River near Garber,07/07/2010 09:15:00,AMBIENT,14265-44-2,Orthophosphate (as P),Dissolved,,0.18,mg/l,True,0.02,,,365.1,UHL001,Actual,SW,Water,,,Clayton,07060004,River/Stream,,42.739547,-91.2619757
6,10220001,Turkey River near Garber,09/02/2010 08:00:00,AMBIENT,14265-44-2,Orthophosphate (as P),Dissolved,,0.1,mg/l,True,0.02,,,365.1,UHL001,Actual,SW,Water,,,Clayton,07060004,River/Stream,,42.739547,-91.2619757
6,10220001,Turkey River near Garber,10/04/2010 09:00:00,AMBIENT,14265-44-2,Orthophosphate (as P),Dissolved,,0.03,mg/l,True,0.02,,,365.1,UHL001,Actual,SW,Water,,,Clayton,07060004,River/Stream,,42.739547,-91.2619757
6,10220001,Turkey River near Garber,01/04/2011 09:00:00,AMBIENT,14265-44-2,Orthophosphate (as P),Dissolved,,0.08,mg/l,True,0.02,,,365.1,UHL001,Actual,SW,Water,,,Clayton,07060004,River/Stream,,42.739547,-91.2619757
6,10220001,Turkey River near Garber,11/02/2011 09:10:00,AMBIENT,14265-44-2,Orthophosphate (as P),Dissolved,,0.02,mg/l,False,0.02,,,365.1,UHL001,Actual,SW,Water,,,Clayton,07060004,River/Stream,,42.739547,-91.2619757
6,10220001,Turkey River near Garber,04/05/2012 07:55:00,AMBIENT,14265-44-2,Orthophosphate (as P),Dissolved,,0.04,mg/l,True,0.02,,,LAC10-115-01-1A,UHL001,Actual,SW,Water,,,Clayton,07060004,River/Stream,,42.739547,-91.2619757
6,10220001,Turkey River near Garber,09/10/2012 08:45:00,AMBIENT,14265-44-2,Orthophosphate (as P),Dissolved,,0.03,mg/l,True,0.02,,,LAC10-115-01-1A,UHL001,Actual,SW,Water,,,Clayton,07060004,River/Stream,,42.739547,-91.2619757
6,10220001,Turkey River near Garber,03/07/2013 08:35:00,AMBIENT,14265-44-2,Orthophosphate (AS P),Dissolved,,0.05,mg/l,True,0.02,,,LAC10-115-01-1A,UHL001,Actual,SW,Water,,,Clayton,07060004,River/Stream,,42.739547,-91.2619757
6,10220001,Turkey River near Garber,04/04/2013 08:20:00,AMBIENT,14265-44-2,Orthophosphate (AS P),Dissolved,,0.21,mg/l,True,0.02,,,LAC10-115-01-1A,UHL001,Actual,SW,Water,,,Clayton,07060004,River/Stream,,42.739547,-91.2619757
6,10220001,Turkey River near Garber,09/04/2013 09:00:00,AMBIENT,14265-44-2,Orthophosphate (AS P),Dissolved,,0.02,mg/l,True,0.02,,,LAC10-115-01-1A,UHL001,Actual,SW,Water,,,Clayton,07060004,River/Stream,,42.739547,-91.2619757
6,10220001,Turkey River near Garber,10/02/2013 09:50:00,AMBIENT,14265-44-2,Orthophosphate (AS P),Dissolved,,0.02,mg/l,True,0.02,,,LAC10-115-01-1A,UHL001,Actual,SW,Water,,,Clayton,07060004,River/Stream,,42.739547,-91.2619757
6,10220001,Turkey River near Garber,01/02/2014 09:15:00,AMBIENT,14265-44-2,Orthophosphate (AS P),Dissolved,,0.02,mg/l,True,0.02,,,LAC10-115-01-1A,UHL001,Actual,SW,Water,,,Clayton,07060004,River/Stream,,42.739547,-91.2619757
6,10220001,Turkey River near Garber,06/10/2014 08:20:00,AMBIENT,14265-44-2,Orthophosphate (AS P),Dissolved,,0.09,mg/l,True,0.02,,,LAC10-115-01-1A,UHL001,Actual,SW,Water,,,Clayton,07060004,River/Stream,,42.739547,-91.2619757
6,10220001,Turkey River near Garber,07/08/2014 08:00:00,AMBIENT,14265-44-2,Orthophosphate (AS P),Dissolved,,0.1,mg/l,True,0.02,,,LAC10-115-01-1A,UHL001,Actual,SW,Water,,,Clayton,07060004,River/Stream,,42.739547,-91.2619757
6,10220002,Volga River near Elkport,08/23/2002 13:00:00,EVENT,14265-44-2,Orthophosphate (as P),Dissolved,,0.11,mg/l,True,0.05,,,Unknown,UHL001,Actual,SW,Water,,,Clayton,07060004,River/Stream,,42.7497293,-91.2767798
6,10220002,Volga River near Elkport,05/30/2002 10:55:00,EVENT,14265-44-2,Orthophosphate (as P),Dissolved,,0.05,mg/l,False,0.05,,,Unknown,UHL001,Actual,SW,Water,,,Clayton,07060004,River/Stream,,42.7497293,-91.2767798
6,10220002,Volga River near Elkport,05/08/2001 09:10:00,EVENT,14265-44-2,Orthophosphate (as P),Dissolved,,0.11,mg/l,True,0.05,,,Unknown,UHL001,Actual,SW,Water,,,Clayton,07060004,River/Stream,,42.7497293,-91.2767798
6,10220002,Volga River near Elkport,09/07/2001 13:20:00,EVENT,14265-44-2,Orthophosphate (as P),Dissolved,,0.05,mg/l,False,0.05,,,Unknown,UHL001,Actual,SW,Water,,,Clayton,07060004,River/Stream,,42.7497293,-91.2767798
6,10220003,Bloody Run Creek Site #1 (BR01),09/28/1994 09:10:00,SNY319,14265-44-2,Orthophosphate (as P),Dissolved,,0.5,mg/l,False,0.5,,,300(A),SNY001,Actual,SW,Water,,,Clayton,07060001,River/Stream,,43.0404991,-91.2055504
6,10220003,Bloody Run Creek Site #1 (BR01),10/11/1994 13:55:00,SNY319,14265-44-2,Orthophosphate (as P),Dissolved,,0.5,mg/l,False,0.5,,,300(A),SNY001,Actual,SW,Water,,,Clayton,07060001,River/Stream,,43.0404991,-91.2055504
6,10220003,Bloody Run Creek Site #1 (BR01),11/01/1994 10:00:00,SNY319,14265-44-2,Orthophosphate (as P),Dissolved,,0.5,mg/l,False,0.5,,,300(A),SNY001,Actual,SW,Water,,,Clayton,07060001,River/Stream,,43.0404991,-91.2055504
6,10220003,Bloody Run Creek Site #1 (BR01),11/22/1994 13:00:00,SNY319,14265-44-2,Orthophosphate (as P),Dissolved,,0.5,mg/l,False,0.5,,,300(A),SNY001,Actual,SW,Water,,,Clayton,07060001,River/Stream,,43.0404991,-91.2055504
6,10220003,Bloody Run Creek Site #1 (BR01),11/29/1994 09:10:00,SNY319,14265-44-2,Orthophosphate (as P),Dissolved,,0.5,mg/l,False,0.5,,,300(A),SNY001,Actual,SW,Water,,,Clayton,07060001,River/Stream,,43.0404991,-91.2055504
6,10220003,Bloody Run Creek Site #1 (BR01),12/13/1994 13:20:00,SNY319,14265-44-2,Orthophosphate (as P),Dissolved,,0.5,mg/l,False,0.5,,,300(A),SNY001,Actual,SW,Water,,,Clayton,07060001,River/Stream,,43.0404991,-91.2055504
6,10220003,Bloody Run Creek Site #1 (BR01),12/20/1994 09:30:00,SNY319,14265-44-2,Orthophosphate (as P),Dissolved,,0.5,mg/l,False,0.5,,,300(A),SNY001,Actual,SW,Water,,,Clayton,07060001,River/Stream,,43.0404991,-91.2055504
6,10220003,Bloody Run Creek Site #1 (BR01),01/03/1995 13:00:00,SNY319,14265-44-2,Orthophosphate (as P),Dissolved,,0.5,mg/l,False,0.5,,,300(A),SNY001,Actual,SW,Water,,,Clayton,07060001,River/Stream,,43.0404991,-91.2055504
6,10220003,Bloody Run Creek Site #1 (BR01),01/24/1995 13:00:00,SNY319,14265-44-2,Orthophosphate (as P),Dissolved,,0.5,mg/l,False,0.5,,,300(A),SNY001,Actual,SW,Water,,,Clayton,07060001,River/Stream,,43.0404991,-91.2055504
6,10220003,Bloody Run Creek Site #1 (BR01),02/14/1995 11:50:00,SNY319,14265-44-2,Orthophosphate (as P),Dissolved,,0.5,mg/l,False,0.5,,,300(A),SNY001,Actual,SW,Water,,,Clayton,07060001,River/Stream,,43.0404991,-91.2055504
6,10220003,Bloody Run Creek Site #1 (BR01),03/07/1995 13:30:00,SNY319,14265-44-2,Orthophosphate (as P),Dissolved,,0.5,mg/l,False,0.5,,,300(A),SNY001,Actual,SW,Water,,,Clayton,07060001,River/Stream,,43.0404991,-91.2055504
6,10220003,Bloody Run Creek Site #1 (BR01),03/28/1995 09:40:00,SNY319,14265-44-2,Orthophosphate (as P),Dissolved,,0.5,mg/l,False,0.5,,,300(A),SNY001,Actual,SW,Water,,,Clayton,07060001,River/Stream,,43.0404991,-91.2055504
6,10220003,Bloody Run Creek Site #1 (BR01),04/04/1995 13:05:00,SNY319,14265-44-2,Orthophosphate (as P),Dissolved,,0.5,mg/l,False,0.5,,,300(A),SNY001,Actual,SW,Water,,,Clayton,07060001,River/Stream,,43.0404991,-91.2055504
6,10220003,Bloody Run Creek Site #1 (BR01),04/18/1995 09:45:00,SNY319,14265-44-2,Orthophosphate (as P),Dissolved,,0.5,mg/l,False,0.5,,,300(A),SNY001,Actual,SW,Water,,,Clayton,07060001,River/Stream,,43.0404991,-91.2055504
6,10220003,Bloody Run Creek Site #1 (BR01),05/09/1995 13:15:00,SNY319,14265-44-2,Orthophosphate (as P),Dissolved,,0.5,mg/l,False,0.5,,,300(A),SNY001,Actual,SW,Water,,,Clayton,07060001,River/Stream,,43.0404991,-91.2055504
6,10220003,Bloody Run Creek Site #1 (BR01),05/30/1995 13:15:00,SNY319,14265-44-2,Orthophosphate (as P),Dissolved,,0.5,mg/l,False,0.5,,,300(A),SNY001,Actual,SW,Water,,,Clayton,07060001,River/Stream,,43.0404991,-91.2055504
6,10220002,Volga River near Elkport,02/23/2000 10:55:00,AMBIENT,14265-44-2,Orthophosphate (as P),Dissolved,,0.2,mg/l,True,0.1,,,Unknown,UHL001,Actual,SW,Water,,,Clayton,07060004,River/Stream,,42.7497293,-91.2767798
6,10220002,Volga River near Elkport,06/14/2000 15:20:00,AMBIENT,14265-44-2,Orthophosphate (as P),Dissolved,,0.1,mg/l,True,0.1,,,Unknown,UHL001,Actual,SW,Water,,,Clayton,07060004,River/Stream,,42.7497293,-91.2767798
6,10220002,Volga River near Elkport,11/08/1999 09:55:00,AMBIENT,14265-44-2,Orthophosphate (as P),Dissolved,,0.1,mg/l,False,0.1,,,Unknown,UHL001,Actual,SW,Water,,,Clayton,07060004,River/Stream,,42.7497293,-91.2767798
6,10220002,Volga River near Elkport,08/01/2001 12:30:00,AMBIENT,14265-44-2,Orthophosphate (as P),Dissolved,,0.05,mg/l,False,0.05,,,Unknown,UHL001,Actual,SW,Water,,,Clayton,07060004,River/Stream,,42.7497293,-91.2767798
6,10220002,Volga River near Elkport,09/12/2001 10:10:00,AMBIENT,14265-44-2,Orthophosphate (as P),Dissolved,,0.1,mg/l,True,0.05,,,Unknown,UHL001,Actual,SW,Water,,,Clayton,07060004,River/Stream,,42.7497293,-91.2767798
6,10220002,Volga River near Elkport,06/07/2001 09:00:00,AMBIENT,14265-44-2,Orthophosphate (as P),Dissolved,,0.05,mg/l,True,0.05,,,Unknown,UHL001,Actual,SW,Water,,,Clayton,07060004,River/Stream,,42.7497293,-91.2767798
6,10220002,Volga River near Elkport,10/09/2000 08:25:00,AMBIENT,14265-44-2,Orthophosphate (as P),Dissolved,,0.1,mg/l,False,0.1,,,Unknown,UHL001,Actual,SW,Water,,,Clayton,07060004,River/Stream,,42.7497293,-91.2767798
6,10220002,Volga River near Elkport,03/08/2001 08:30:00,AMBIENT,14265-44-2,Orthophosphate (as P),Dissolved,,0.1,mg/l,False,0.1,,,Unknown,UHL001,Actual,SW,Water,,,Clayton,07060004,River/Stream,,42.7497293,-91.2767798
6,10220002,Volga River near Elkport,05/03/2001 07:30:00,AMBIENT,14265-44-2,Orthophosphate (as P),Dissolved,,0.13,mg/l,True,0.05,,,Unknown,UHL001,Actual,SW,Water,,,Clayton,07060004,River/Stream,,42.7497293,-91.2767798
6,10220002,Volga River near Elkport,04/02/2002 08:10:00,AMBIENT,14265-44-2,Orthophosphate (as P),Dissolved,,0.05,mg/l,False,0.05,,,Unknown,UHL001,Actual,SW,Water,,,Clayton,07060004,River/Stream,,42.7497293,-91.2767798
6,10220002,Volga River near Elkport,05/07/2002 10:50:00,AMBIENT,14265-44-2,Orthophosphate (as P),Dissolved,,0.05,mg/l,False,0.05,,,Unknown,UHL001,Actual,SW,Water,,,Clayton,07060004,River/Stream,,42.7497293,-91.2767798
6,10220002,Volga River near Elkport,10/02/2001 08:35:00,AMBIENT,14265-44-2,Orthophosphate (as P),Dissolved,,0.05,mg/l,False,0.05,,,Unknown,UHL001,Actual,SW,Water,,,Clayton,07060004,River/Stream,,42.7497293,-91.2767798
6,10220002,Volga River near Elkport,12/04/2001 07:55:00,AMBIENT,14265-44-2,Orthophosphate (as P),Dissolved,,0.05,mg/l,False,0.05,,,Unknown,UHL001,Actual,SW,Water,,,Clayton,07060004,River/Stream,,42.7497293,-91.2767798
6,10220002,Volga River near Elkport,01/02/2002 10:45:00,AMBIENT,14265-44-2,Orthophosphate (as P),Dissolved,,0.05,mg/l,False,0.05,,,Unknown,UHL001,Actual,SW,Water,,,Clayton,07060004,River/Stream,,42.7497293,-91.2767798
6,10220002,Volga River near Elkport,02/09/1999 09:15:00,AMBIENT,14265-44-2,Orthophosphate (as P),Dissolved,,0.1,mg/l,True,0.1,,,Unknown,UHL001,Actual,SW,Water,,,Clayton,07060004,River/Stream,,42.7497293,-91.2767798
6,10220002,Volga River near Elkport,03/11/1999 09:00:00,AMBIENT,14265-44-2,Orthophosphate (as P),Dissolved,,0.1,mg/l,False,0.1,,,Unknown,UHL001,Actual,SW,Water,,,Clayton,07060004,River/Stream,,42.7497293,-91.2767798
6,10220002,Volga River near Elkport,05/11/1999 12:20:00,AMBIENT,14265-44-2,Orthophosphate (as P),Dissolved,,0.1,mg/l,False,0.1,,,Unknown,UHL001,Actual,SW,Water,,,Clayton,07060004,River/Stream,,42.7497293,-91.2767798
6,10220002,Volga River near Elkport,06/10/1999 08:30:00,AMBIENT,14265-44-2,Orthophosphate (as P),Dissolved,,0.1,mg/l,False,0.1,,,Unknown,UHL001,Actual,SW,Water,,,Clayton,07060004,River/Stream,,42.7497293,-91.2767798
6,10220002,Volga River near Elkport,08/17/1999 10:45:00,AMBIENT,14265-44-2,Orthophosphate (as P),Dissolved,,0.1,mg/l,False,0.1,,,Unknown,UHL001,Actual,SW,Water,,,Clayton,07060004,River/Stream,,42.7497293,-91.2767798
6,10220002,Volga River near Elkport,09/14/1999 09:10:00,AMBIENT,14265-44-2,Orthophosphate (as P),Dissolved,,0.1,mg/l,False,0.1,,,Unknown,UHL001,Actual,SW,Water,,,Clayton,07060004,River/Stream,,42.7497293,-91.2767798
6,10220002,Volga River near Elkport,11/09/1998 10:35:00,AMBIENT,14265-44-2,Orthophosphate (as P),Dissolved,,0.1,mg/l,False,0.1,,,Unknown,UHL001,Actual,SW,Water,,,Clayton,07060004,River/Stream,,42.7497293,-91.2767798
6,10220002,Volga River near Elkport,02/04/2003 09:05:00,AMBIENT,14265-44-2,Orthophosphate (as P),Dissolved,,0.05,mg/l,False,0.05,,,365.1,UHL001,Actual,SW,Water,,,Clayton,07060004,River/Stream,,42.7497293,-91.2767798
6,10220002,Volga River near Elkport,04/01/2003 08:30:00,AMBIENT,14265-44-2,Orthophosphate (as P),Dissolved,,0.05,mg/l,False,0.05,,,365.1,UHL001,Actual,SW,Water,,,Clayton,07060004,River/Stream,,42.7497293,-91.2767798
6,10220002,Volga River near Elkport,03/04/2003 09:00:00,AMBIENT,14265-44-2,Orthophosphate (as P),Dissolved,,0.33,mg/l,True,0.05,,,365.1,UHL001,Actual,SW,Water,,,Clayton,07060004,River/Stream,,42.7497293,-91.2767798
6,10220002,Volga River near Elkport,07/08/2003 08:20:00,AMBIENT,14265-44-2,Orthophosphate (as P),Dissolved,,0.12,mg/l,True,0.02,,,365.1,UHL001,Actual,SW,Water,,,Clayton,07060004,River/Stream,,42.7497293,-91.2767798
6,10220002,Volga River near Elkport,11/05/2002 16:00:00,AMBIENT,14265-44-2,Orthophosphate (as P),Dissolved,,0.05,mg/l,False,0.05,,,Unknown,UHL001,Actual,SW,Water,,,Clayton,07060004,River/Stream,,42.7497293,-91.2767798
6,10220002,Volga River near Elkport,08/05/2003 08:35:00,AMBIENT,14265-44-2,Orthophosphate (as P),Dissolved,,0.02,mg/l,False,0.02,,,365.1,UHL001,Actual,SW,Water,,,Clayton,07060004,River/Stream,,42.7497293,-91.2767798
6,10220002,Volga River near Elkport,02/03/2004 10:15:00,AMBIENT,14265-44-2,Orthophosphate (as P),Dissolved,,0.03,mg/l,True,0.02,,,365.1,UHL001,Actual,SW,Water,,,Clayton,07060004,River/Stream,,42.7497293,-91.2767798
6,10220002,Volga River near Elkport,04/06/2004 09:30:00,AMBIENT,14265-44-2,Orthophosphate (as P),Dissolved,,0.04,mg/l,True,0.02,,,365.1,UHL001,Actual,SW,Water,,,Clayton,07060004,River/Stream,,42.7497293,-91.2767798
6,10220002,Volga River near Elkport,05/04/2004 09:05:00,AMBIENT,14265-44-2,Orthophosphate (as P),Dissolved,,0.02,mg/l,False,0.02,,,365.1,UHL001,Actual,SW,Water,,,Clayton,07060004,River/Stream,,42.7497293,-91.2767798
6,10220002,Volga River near Elkport,06/01/2004 08:10:00,AMBIENT,14265-44-2,Orthophosphate (as P),Dissolved,,0.11,mg/l,True,0.02,,,365.1,UHL001,Actual,SW,Water,,,Clayton,07060004,River/Stream,,42.7497293,-91.2767798
6,10220002,Volga River near Elkport,07/06/2004 09:45:00,AMBIENT,14265-44-2,Orthophosphate (as P),Dissolved,,0.08,mg/l,True,0.02,,,365.1,UHL001,Actual,SW,Water,,,Clayton,07060004,River/Stream,,42.7497293,-91.2767798
6,10220002,Volga River near Elkport,09/07/2004 07:40:00,AMBIENT,14265-44-2,Orthophosphate (as P),Dissolved,,0.03,mg/l,True,0.02,,,365.1,UHL001,Actual,SW,Water,,,Clayton,07060004,River/Stream,,42.7497293,-91.2767798
6,10220002,Volga River near Elkport,12/07/2004 08:40:00,AMBIENT,14265-44-2,Orthophosphate (as P),Dissolved,,0.02,mg/l,False,0.02,,,365.1,UHL001,Actual,SW,Water,,,Clayton,07060004,River/Stream,,42.7497293,-91.2767798
6,10220002,Volga River near Elkport,03/01/2005 09:30:00,AMBIENT,14265-44-2,Orthophosphate (as P),Dissolved,,0.09,mg/l,True,0.02,,,365.1,UHL001,Actual,SW,Water,,,Clayton,07060004,River/Stream,,42.7497293,-91.2767798
6,10220002,Volga River near Elkport,04/05/2005 07:45:00,AMBIENT,14265-44-2,Orthophosphate (as P),Dissolved,,0.03,mg/l,True,0.02,,,365.1,UHL001,Actual,SW,Water,,,Clayton,07060004,River/Stream,,42.7497293,-91.2767798
6,10220002,Volga River near Elkport,05/03/2005 09:30:00,AMBIENT,14265-44-2,Orthophosphate (as P),Dissolved,,0.02,mg/l,True,0.02,,,365.1,UHL001,Actual,SW,Water,,,Clayton,07060004,River/Stream,,42.7497293,-91.2767798
6,10220002,Volga River near Elkport,09/05/2005 09:30:00,AMBIENT,14265-44-2,Orthophosphate (as P),Dissolved,,0.03,mg/l,True,0.02,,,365.1,UHL001,Actual,SW,Water,,,Clayton,07060004,River/Stream,,42.7497293,-91.2767798
6,10220002,Volga River near Elkport,10/11/2005 09:25:00,AMBIENT,14265-44-2,Orthophosphate (as P),Dissolved,,0.03,mg/l,True,0.02,,,365.1,UHL001,Actual,SW,Water,,,Clayton,07060004,River/Stream,,42.7497293,-91.2767798
6,10220002,Volga River near Elkport,12/06/2005 09:55:00,AMBIENT,14265-44-2,Orthophosphate (as P),Dissolved,,0.02,mg/l,True,0.02,,,365.1,UHL001,Actual,SW,Water,,,Clayton,07060004,River/Stream,,42.7497293,-91.2767798
6,10220002,Volga River near Elkport,02/07/2006 08:20:00,AMBIENT,14265-44-2,Orthophosphate (as P),Dissolved,,0.02,mg/l,True,0.02,,,365.1,UHL001,Actual,SW,Water,,,Clayton,07060004,River/Stream,,42.7497293,-91.2767798
6,10220002,Volga River near Elkport,03/07/2006 09:10:00,AMBIENT,14265-44-2,Orthophosphate (as P),Dissolved,,0.02,mg/l,False,0.02,,,365.1,UHL001,Actual,SW,Water,,,Clayton,07060004,River/Stream,,42.7497293,-91.2767798
6,10220002,Volga River near Elkport,05/02/2006 08:40:00,AMBIENT,14265-44-2,Orthophosphate (as P),Dissolved,,0.04,mg/l,True,0.02,,,365.1,UHL001,Actual,SW,Water,,,Clayton,07060004,River/Stream,,42.7497293,-91.2767798
6,10220002,Volga River near Elkport,10/04/2006 09:45:00,AMBIENT,14265-44-2,Orthophosphate (as P),Dissolved,,0.03,mg/l,True,0.02,,,365.1,UHL001,Actual,SW,Water,,,Clayton,07060004,River/Stream,,42.7497293,-91.2767798
6,10220002,Volga River near Elkport,12/07/2006 08:25:00,AMBIENT,14265-44-2,Orthophosphate (as P),Dissolved,,0.07,mg/l,True,0.02,,,365.1,UHL001,Actual,SW,Water,,,Clayton,07060004,River/Stream,,42.7497293,-91.2767798
6,10220002,Volga River near Elkport,01/04/2007 07:20:00,AMBIENT,14265-44-2,Orthophosphate (as P),Dissolved,,0.04,mg/l,True,0.02,,,365.1,UHL001,Actual,SW,Water,,,Clayton,07060004,River/Stream,,42.7497293,-91.2767798
6,10220002,Volga River near Elkport,05/08/2007 07:50:00,AMBIENT,14265-44-2,Orthophosphate (as P),Dissolved,,0.03,mg/l,True,0.02,,,365.1,UHL001,Actual,SW,Water,,,Clayton,07060004,River/Stream,,42.7497293,-91.2767798
6,10220002,Volga River near Elkport,06/13/2007 07:55:00,AMBIENT,14265-44-2,Orthophosphate (as P),Dissolved,,0.05,mg/l,True,0.02,,,365.1,UHL001,Actual,SW,Water,,,Clayton,07060004,River/Stream,,42.7497293,-91.2767798
6,10220002,Volga River near Elkport,08/02/2007 09:00:00,AMBIENT,14265-44-2,Orthophosphate (as P),Dissolved,,0.05,mg/l,True,0.02,,,365.1,UHL001,Actual,SW,Water,,,Clayton,07060004,River/Stream,,42.7497293,-91.2767798
6,10220002,Volga River near Elkport,10/09/2007 08:30:00,AMBIENT,14265-44-2,Orthophosphate (as P),Dissolved,,0.1,mg/l,True,0.02,,,365.1,UHL001,Actual,SW,Water,,,Clayton,07060004,River/Stream,,42.7497293,-91.2767798
6,10220002,Volga River near Elkport,01/03/2008 08:00:00,AMBIENT,14265-44-2,Orthophosphate (as P),Dissolved,,0.03,mg/l,True,0.02,,,365.1,UHL001,Actual,SW,Water,,,Clayton,07060004,River/Stream,,42.7497293,-91.2767798
6,10220002,Volga River near Elkport,02/12/2008 08:00:00,AMBIENT,14265-44-2,Orthophosphate (as P),Dissolved,,0.04,mg/l,True,0.02,,,365.1,UHL001,Actual,SW,Water,,,Clayton,07060004,River/Stream,,42.7497293,-91.2767798
6,10220002,Volga River near Elkport,04/09/2008 08:00:00,AMBIENT,14265-44-2,Orthophosphate (as P),Dissolved,,0.06,mg/l,True,0.02,,,365.1,UHL001,Actual,SW,Water,,,Clayton,07060004,River/Stream,,42.7497293,-91.2767798
6,10220002,Volga River near Elkport,05/07/2008 08:15:00,AMBIENT,14265-44-2,Orthophosphate (as P),Dissolved,,0.07,mg/l,True,0.02,,,365.1,UHL001,Actual,SW,Water,,,Clayton,07060004,River/Stream,,42.7497293,-91.2767798
6,10220002,Volga River near Elkport,07/09/2008 08:45:00,AMBIENT,14265-44-2,Orthophosphate (as P),Dissolved,,0.08,mg/l,True,0.02,,,365.1,UHL001,Actual,SW,Water,,,Clayton,07060004,River/Stream,,42.7497293,-91.2767798
6,10220002,Volga River near Elkport,08/13/2008 06:30:00,AMBIENT,14265-44-2,Orthophosphate (as P),Dissolved,,0.04,mg/l,True,0.02,,,365.1,UHL001,Actual,SW,Water,,,Clayton,07060004,River/Stream,,42.7497293,-91.2767798
6,10220002,Volga River near Elkport,08/11/2009 09:10:00,AMBIENT,14265-44-2,Orthophosphate (as P),Dissolved,,0.08,mg/l,True,0.02,,,365.1,UHL001,Actual,SW,Water,,,Clayton,07060004,River/Stream,,42.7497293,-91.2767798
6,10220002,Volga River near Elkport,09/08/2009 09:30:00,AMBIENT,14265-44-2,Orthophosphate (as P),Dissolved,,0.02,mg/l,True,0.02,,,365.1,UHL001,Actual,SW,Water,,,Clayton,07060004,River/Stream,,42.7497293,-91.2767798
6,10220002,Volga River near Elkport,08/02/2005 11:10:00,AMBIENT,14265-44-2,Orthophosphate (as P),Dissolved,,0.04,mg/l,True,0.02,,,365.1,UHL001,Actual,SW,Water,,,Clayton,07060004,River/Stream,,42.7497293,-91.2767798
6,10220002,Volga River near Elkport,01/06/2010 09:00:00,AMBIENT,14265-44-2,Orthophosphate (as P),Dissolved,,0.04,mg/l,True,0.02,,,365.1,UHL001,Actual,SW,Water,,,Clayton,07060004,River/Stream,,42.7497293,-91.2767798
6,10220002,Volga River near Elkport,03/01/2010 08:15:00,AMBIENT,14265-44-2,Orthophosphate (as P),Dissolved,,0.03,mg/l,True,0.02,,,365.1,UHL001,Actual,SW,Water,,,Clayton,07060004,River/Stream,,42.7497293,-91.2767798
6,10220002,Volga River near Elkport,06/03/2010 08:30:00,AMBIENT,14265-44-2,Orthophosphate (as P),Dissolved,,0.04,mg/l,True,0.02,,,365.1,UHL001,Actual,SW,Water,,,Clayton,07060004,River/Stream,,42.7497293,-91.2767798
6,10220002,Volga River near Elkport,07/07/2010 08:55:00,AMBIENT,14265-44-2,Orthophosphate (as P),Dissolved,,0.15,mg/l,True,0.02,,,365.1,UHL001,Actual,SW,Water,,,Clayton,07060004,River/Stream,,42.7497293,-91.2767798
6,10220002,Volga River near Elkport,08/05/2010 08:30:00,AMBIENT,14265-44-2,Orthophosphate (as P),Dissolved,,0.09,mg/l,True,0.02,,,365.1,UHL001,Actual,SW,Water,,,Clayton,07060004,River/Stream,,42.7497293,-91.2767798
6,10220002,Volga River near Elkport,09/02/2010 07:40:00,AMBIENT,14265-44-2,Orthophosphate (as P),Dissolved,,0.07,mg/l,True,0.02,,,365.1,UHL001,Actual,SW,Water,,,Clayton,07060004,River/Stream,,42.7497293,-91.2767798
6,10220002,Volga River near Elkport,10/04/2010 08:30:00,AMBIENT,14265-44-2,Orthophosphate (as P),Dissolved,,0.02,mg/l,True,0.02,,,365.1,UHL001,Actual,SW,Water,,,Clayton,07060004,River/Stream,,42.7497293,-91.2767798
6,10220002,Volga River near Elkport,01/04/2011 08:35:00,AMBIENT,14265-44-2,Orthophosphate (as P),Dissolved,,0.05,mg/l,True,0.02,,,365.1,UHL001,Actual,SW,Water,,,Clayton,07060004,River/Stream,,42.7497293,-91.2767798
6,10220002,Volga River near Elkport,02/07/2011 07:55:00,AMBIENT,14265-44-2,Orthophosphate (as P),Dissolved,,0.04,mg/l,True,0.02,,,365.1,UHL001,Actual,SW,Water,,,Clayton,07060004,River/Stream,,42.7497293,-91.2767798
6,10220002,Volga River near Elkport,04/04/2011 08:50:00,AMBIENT,14265-44-2,Orthophosphate (as P),Dissolved,,0.06,mg/l,True,0.02,,,365.1,UHL001,Actual,SW,Water,,,Clayton,07060004,River/Stream,,42.7497293,-91.2767798
6,10220002,Volga River near Elkport,07/05/2011 09:30:00,AMBIENT,14265-44-2,Orthophosphate (as P),Dissolved,,0.05,mg/l,True,0.02,,,365.1,UHL001,Actual,SW,Water,,,Clayton,07060004,River/Stream,,42.7497293,-91.2767798
6,10220002,Volga River near Elkport,08/03/2011 08:40:00,AMBIENT,14265-44-2,Orthophosphate (as P),Dissolved,,0.11,mg/l,True,0.02,,,365.1,UHL001,Actual,SW,Water,,,Clayton,07060004,River/Stream,,42.7497293,-91.2767798
6,10220002,Volga River near Elkport,04/05/2012 08:10:00,AMBIENT,14265-44-2,Orthophosphate (as P),Dissolved,,0.04,mg/l,True,0.02,,,LAC10-115-01-1A,UHL001,Actual,SW,Water,,,Clayton,07060004,River/Stream,,42.7497293,-91.2767798
6,10220002,Volga River near Elkport,09/10/2012 09:10:00,AMBIENT,14265-44-2,Orthophosphate (as P),Dissolved,,0.04,mg/l,True,0.02,,,LAC10-115-01-1A,UHL001,Actual,SW,Water,,,Clayton,07060004,River/Stream,,42.7497293,-91.2767798
6,10220002,Volga River near Elkport,12/04/2012 09:15:00,AMBIENT,14265-44-2,Orthophosphate (as P),Dissolved,,0.02,mg/l,False,0.02,,,LAC10-115-01-1A,UHL001,Actual,SW,Water,,,Clayton,07060004,River/Stream,,42.7497293,-91.2767798
6,10220002,Volga River near Elkport,02/03/2015 08:15:00,AMBIENT,14265-44-2,Orthophosphate (AS P),Dissolved,,0.021,mg/l,True,0.02,,,LAC10-115-01-1A,UHL001,Actual,SW,Water,,,Clayton,07060004,River/Stream,,42.7497293,-91.2767798
6,10220002,Volga River near Elkport,05/06/2015 06:50:00,AMBIENT,14265-44-2,Orthophosphate (AS P),Dissolved,,0.03,mg/l,True,0.02,,,LAC10-115-01-1A,UHL001,Actual,SW,Water,,,Clayton,07060004,River/Stream,,42.7497293,-91.2767798
6,10220001,Turkey River near Garber,01/03/2013 09:05:00,AMBIENT,14265-44-2,Orthophosphate (AS P),Dissolved,,0.02,mg/l,False,0.02,,,LAC10-115-01-1A,UHL001,Actual,SW,Water,,,Clayton,07060004,River/Stream,,42.739547,-91.2619757
6,10220002,Volga River near Elkport,03/07/2013 08:10:00,AMBIENT,14265-44-2,Orthophosphate (AS P),Dissolved,,0.04,mg/l,True,0.02,,,LAC10-115-01-1A,UHL001,Actual,SW,Water,,,Clayton,07060004,River/Stream,,42.7497293,-91.2767798
6,10220002,Volga River near Elkport,04/04/2013 08:00:00,AMBIENT,14265-44-2,Orthophosphate (AS P),Dissolved,,0.11,mg/l,True,0.02,,,LAC10-115-01-1A,UHL001,Actual,SW,Water,,,Clayton,07060004,River/Stream,,42.7497293,-91.2767798
6,10220001,Turkey River near Garber,05/02/2013 12:05:00,AMBIENT,14265-44-2,Orthophosphate (AS P),Dissolved,,0.05,mg/l,True,0.02,,,LAC10-115-01-1A,UHL001,Actual,SW,Water,,,Clayton,07060004,River/Stream,,42.739547,-91.2619757
6,10220002,Volga River near Elkport,09/04/2013 08:30:00,AMBIENT,14265-44-2,Orthophosphate (AS P),Dissolved,,0.04,mg/l,True,0.02,,,LAC10-115-01-1A,UHL001,Actual,SW,Water,,,Clayton,07060004,River/Stream,,42.7497293,-91.2767798
6,10220002,Volga River near Elkport,10/02/2013 10:25:00,AMBIENT,14265-44-2,Orthophosphate (AS P),Dissolved,,0.03,mg/l,True,0.02,,,LAC10-115-01-1A,UHL001,Actual,SW,Water,,,Clayton,07060004,River/Stream,,42.7497293,-91.2767798
6,10220002,Volga River near Elkport,02/04/2014 07:40:00,AMBIENT,14265-44-2,Orthophosphate (AS P),Dissolved,,0.02,mg/l,True,0.02,,,LAC10-115-01-1A,UHL001,Actual,SW,Water,,,Clayton,07060004,River/Stream,,42.7497293,-91.2767798
6,10220002,Volga River near Elkport,01/02/2014 08:45:00,AMBIENT,14265-44-2,Orthophosphate (AS P),Dissolved,,0.02,mg/l,False,0.02,,,LAC10-115-01-1A,UHL001,Actual,SW,Water,,,Clayton,07060004,River/Stream,,42.7497293,-91.2767798
6,10220001,Turkey River near Garber,11/03/2014 07:35:00,AMBIENT,14265-44-2,Orthophosphate (AS P),Dissolved,,0.02,mg/l,False,0.02,,,LAC10-115-01-1A,UHL001,Actual,SW,Water,,,Clayton,07060004,River/Stream,,42.739547,-91.2619757
6,10220002,Volga River near Elkport,07/08/2014 07:40:00,AMBIENT,14265-44-2,Orthophosphate (AS P),Dissolved,,0.08,mg/l,True,0.02,,,LAC10-115-01-1A,UHL001,Actual,SW,Water,,,Clayton,07060004,River/Stream,,42.7497293,-91.2767798
6,10220002,Volga River near Elkport,06/01/2015 09:30:00,AMBIENT,14265-44-2,Orthophosphate (AS P),Dissolved,,0.07,mg/l,True,0.02,,,LAC10-115-01-1A,UHL001,Actual,SW,Water,,,Clayton,07060004,River/Stream,,42.7497293,-91.2767798
6,10220002,Volga River near Elkport,01/05/2012 07:40:00,AMBIENT,14265-44-2,Orthophosphate (as P),Dissolved,,0.04,mg/l,True,0.02,,,LAC10-115-01-1A,UHL001,Actual,SW,Water,,,Clayton,07060004,River/Stream,,42.7497293,-91.2767798
6,10220002,Volga River near Elkport,02/07/2012 08:00:00,AMBIENT,14265-44-2,Orthophosphate (as P),Dissolved,,0.03,mg/l,True,0.02,,,LAC10-115-01-1A,UHL001,Actual,SW,Water,,,Clayton,07060004,River/Stream,,42.7497293,-91.2767798
6,10220002,Volga River near Elkport,03/07/2012 07:50:00,AMBIENT,14265-44-2,Orthophosphate (as P),Dissolved,,0.05,mg/l,True,0.02,,,LAC10-115-01-1A,UHL001,Actual,SW,Water,,,Clayton,07060004,River/Stream,,42.7497293,-91.2767798
6,10220002,Volga River near Elkport,06/04/2012 08:45:00,AMBIENT,14265-44-2,Orthophosphate (as P),Dissolved,,0.05,mg/l,True,0.02,,,LAC10-115-01-1A,UHL001,Actual,SW,Water,,,Clayton,07060004,River/Stream,,42.7497293,-91.2767798
6,10220002,Volga River near Elkport,10/03/2012 09:15:00,AMBIENT,14265-44-2,Orthophosphate (as P),Dissolved,,0.02,mg/l,False,0.02,,,LAC10-115-01-1A,UHL001,Actual,SW,Water,,,Clayton,07060004,River/Stream,,42.7497293,-91.2767798
6,10220002,Volga River near Elkport,11/03/2014 07:15:00,AMBIENT,14265-44-2,Orthophosphate (AS P),Dissolved,,0.02,mg/l,False,0.02,,,LAC10-115-01-1A,UHL001,Actual,SW,Water,,,Clayton,07060004,River/Stream,,42.7497293,-91.2767798
6,10220002,Volga River near Elkport,10/07/2014 08:30:00,AMBIENT,14265-44-2,Orthophosphate (AS P),Dissolved,,0.02,mg/l,True,0.02,,,LAC10-115-01-1A,UHL001,Actual,SW,Water,,,Clayton,07060004,River/Stream,,42.7497293,-91.2767798
6,10220002,Volga River near Elkport,01/14/2015 07:55:00,AMBIENT,14265-44-2,Orthophosphate (AS P),Dissolved,,0.02,mg/l,False,0.02,,,LAC10-115-01-1A,UHL001,Actual,SW,Water,,,Clayton,07060004,River/Stream,,42.7497293,-91.2767798
6,10220001,Turkey River near Garber,01/14/2015 08:15:00,AMBIENT,14265-44-2,Orthophosphate (AS P),Dissolved,,0.03,mg/l,True,0.02,,,LAC10-115-01-1A,UHL001,Actual,SW,Water,,,Clayton,07060004,River/Stream,,42.739547,-91.2619757
6,10220002,Volga River near Elkport,04/29/2002 10:30:00,EVENT,14265-44-2,Orthophosphate (as P),Dissolved,,0.05,mg/l,False,0.05,,,Unknown,UHL001,Actual,SW,Water,,,Clayton,07060004,River/Stream,,42.7497293,-91.2767798
6,10220002,Volga River near Elkport,03/19/2001 13:30:00,EVENT,14265-44-2,Orthophosphate (as P),Dissolved,,0.1,mg/l,True,0.1,,,Unknown,UHL001,Actual,SW,Water,,,Clayton,07060004,River/Stream,,42.7497293,-91.2767798
6,10220002,Volga River near Elkport,08/03/2001 13:00:00,EVENT,14265-44-2,Orthophosphate (as P),Dissolved,,0.06,mg/l,True,0.05,,,Unknown,UHL001,Actual,SW,Water,,,Clayton,07060004,River/Stream,,42.7497293,-91.2767798
6,10220002,Volga River near Elkport,09/24/2001 14:15:00,EVENT,14265-44-2,Orthophosphate (as P),Dissolved,,0.1,mg/l,True,0.05,,,Unknown,UHL001,Actual,SW,Water,,,Clayton,07060004,River/Stream,,42.7497293,-91.2767798
6,10220002,Volga River near Elkport,03/05/2015 07:20:00,AMBIENT,14265-44-2,Orthophosphate (AS P),Dissolved,,0.02,mg/l,False,0.02,,,LAC10-115-01-1A,UHL001,Actual,SW,Water,,,Clayton,07060004,River/Stream,,42.7497293,-91.2767798
6,10220003,Bloody Run Creek Site #1 (BR01),10/04/1994 14:30:00,SNY319,14265-44-2,Orthophosphate (as P),Dissolved,,0.5,mg/l,False,0.5,,,300(A),SNY001,Actual,SW,Water,,,Clayton,07060001,River/Stream,,43.0404991,-91.2055504
6,10220003,Bloody Run Creek Site #1 (BR01),11/08/1994 15:10:00,SNY319,14265-44-2,Orthophosphate (as P),Dissolved,,0.5,mg/l,False,0.5,,,300(A),SNY001,Actual,SW,Water,,,Clayton,07060001,River/Stream,,43.0404991,-91.2055504
6,10220003,Bloody Run Creek Site #1 (BR01),11/15/1994 13:00:00,SNY319,14265-44-2,Orthophosphate (as P),Dissolved,,0.5,mg/l,False,0.5,,,300(A),SNY001,Actual,SW,Water,,,Clayton,07060001,River/Stream,,43.0404991,-91.2055504
6,10220003,Bloody Run Creek Site #1 (BR01),12/06/1994 10:50:00,SNY319,14265-44-2,Orthophosphate (as P),Dissolved,,0.5,mg/l,False,0.5,,,300(A),SNY001,Actual,SW,Water,,,Clayton,07060001,River/Stream,,43.0404991,-91.2055504
6,10220003,Bloody Run Creek Site #1 (BR01),12/27/1994 08:35:00,SNY319,14265-44-2,Orthophosphate (as P),Dissolved,,0.5,mg/l,False,0.5,,,300(A),SNY001,Actual,SW,Water,,,Clayton,07060001,River/Stream,,43.0404991,-91.2055504
6,10220003,Bloody Run Creek Site #1 (BR01),01/10/1995 12:50:00,SNY319,14265-44-2,Orthophosphate (as P),Dissolved,,0.5,mg/l,False,0.5,,,300(A),SNY001,Actual,SW,Water,,,Clayton,07060001,River/Stream,,43.0404991,-91.2055504
6,10220003,Bloody Run Creek Site #1 (BR01),01/17/1995 10:30:00,SNY319,14265-44-2,Orthophosphate (as P),Dissolved,,0.5,mg/l,False,0.5,,,300(A),SNY001,Actual,SW,Water,,,Clayton,07060001,River/Stream,,43.0404991,-91.2055504
6,10220003,Bloody Run Creek Site #1 (BR01),01/31/1995 09:20:00,SNY319,14265-44-2,Orthophosphate (as P),Dissolved,,0.5,mg/l,False,0.5,,,300(A),SNY001,Actual,SW,Water,,,Clayton,07060001,River/Stream,,43.0404991,-91.2055504
6,10220003,Bloody Run Creek Site #1 (BR01),02/07/1995 09:30:00,SNY319,14265-44-2,Orthophosphate (as P),Dissolved,,0.5,mg/l,False,0.5,,,300(A),SNY001,Actual,SW,Water,,,Clayton,07060001,River/Stream,,43.0404991,-91.2055504
6,10220003,Bloody Run Creek Site #1 (BR01),02/21/1995 10:00:00,SNY319,14265-44-2,Orthophosphate (as P),Dissolved,,0.5,mg/l,False,0.5,,,300(A),SNY001,Actual,SW,Water,,,Clayton,07060001,River/Stream,,43.0404991,-91.2055504
6,10220003,Bloody Run Creek Site #1 (BR01),02/28/1995 09:05:00,SNY319,14265-44-2,Orthophosphate (as P),Dissolved,,0.5,mg/l,False,0.5,,,300(A),SNY001,Actual,SW,Water,,,Clayton,07060001,River/Stream,,43.0404991,-91.2055504
6,10220003,Bloody Run Creek Site #1 (BR01),03/14/1995 13:50:00,SNY319,14265-44-2,Orthophosphate (as P),Dissolved,,0.5,mg/l,False,0.5,,,300(A),SNY001,Actual,SW,Water,,,Clayton,07060001,River/Stream,,43.0404991,-91.2055504
6,10220003,Bloody Run Creek Site #1 (BR01),03/21/1995 10:10:00,SNY319,14265-44-2,Orthophosphate (as P),Dissolved,,0.5,mg/l,False,0.5,,,300(A),SNY001,Actual,SW,Water,,,Clayton,07060001,River/Stream,,43.0404991,-91.2055504
6,10220003,Bloody Run Creek Site #1 (BR01),04/11/1995 12:45:00,SNY319,14265-44-2,Orthophosphate (as P),Dissolved,,0.5,mg/l,False,0.5,,,300(A),SNY001,Actual,SW,Water,,,Clayton,07060001,River/Stream,,43.0404991,-91.2055504
6,10220003,Bloody Run Creek Site #1 (BR01),04/25/1995 08:50:00,SNY319,14265-44-2,Orthophosphate (as P),Dissolved,,0.5,mg/l,False,0.5,,,300(A),SNY001,Actual,SW,Water,,,Clayton,07060001,River/Stream,,43.0404991,-91.2055504
6,10220003,Bloody Run Creek Site #1 (BR01),05/02/1995 09:20:00,SNY319,14265-44-2,Orthophosphate (as P),Dissolved,,0.5,mg/l,False,0.5,,,300(A),SNY001,Actual,SW,Water,,,Clayton,07060001,River/Stream,,43.0404991,-91.2055504
6,10220003,Bloody Run Creek Site #1 (BR01),05/16/1995 09:25:00,SNY319,14265-44-2,Orthophosphate (as P),Dissolved,,0.5,mg/l,False,0.5,,,300(A),SNY001,Actual,SW,Water,,,Clayton,07060001,River/Stream,,43.0404991,-91.2055504
6,10220003,Bloody Run Creek Site #1 (BR01),06/06/1995 07:30:00,SNY319,14265-44-2,Orthophosphate (as P),Dissolved,,0.5,mg/l,False,0.5,,,300(A),SNY001,Actual,SW,Water,,,Clayton,07060001,River/Stream,,43.0404991,-91.2055504
6,10220002,Volga River near Elkport,12/07/1999 08:50:00,AMBIENT,14265-44-2,Orthophosphate (as P),Dissolved,,0.1,mg/l,False,0.1,,,Unknown,UHL001,Actual,SW,Water,,,Clayton,07060004,River/Stream,,42.7497293,-91.2767798
6,10220002,Volga River near Elkport,10/07/1999 13:10:00,AMBIENT,14265-44-2,Orthophosphate (as P),Dissolved,,0.1,mg/l,False,0.1,,,Unknown,UHL001,Actual,SW,Water,,,Clayton,07060004,River/Stream,,42.7497293,-91.2767798
6,10220002,Volga River near Elkport,01/13/2000 08:30:00,AMBIENT,14265-44-2,Orthophosphate (as P),Dissolved,,0.1,mg/l,False,0.1,,,Unknown,UHL001,Actual,SW,Water,,,Clayton,07060004,River/Stream,,42.7497293,-91.2767798
6,10220002,Volga River near Elkport,03/21/2000 12:00:00,AMBIENT,14265-44-2,Orthophosphate (as P),Dissolved,,0.1,mg/l,False,0.1,,,Unknown,UHL001,Actual,SW,Water,,,Clayton,07060004,River/Stream,,42.7497293,-91.2767798
6,10220002,Volga River near Elkport,04/20/2000 08:40:00,AMBIENT,14265-44-2,Orthophosphate (as P),Dissolved,,0.2,mg/l,True,0.1,,,Unknown,UHL001,Actual,SW,Water,,,Clayton,07060004,River/Stream,,42.7497293,-91.2767798
6,10220002,Volga River near Elkport,05/16/2000 09:55:00,AMBIENT,14265-44-2,Orthophosphate (as P),Dissolved,,0.1,mg/l,False,0.1,,,Unknown,UHL001,Actual,SW,Water,,,Clayton,07060004,River/Stream,,42.7497293,-91.2767798
6,10220002,Volga River near Elkport,07/12/2000 10:15:00,AMBIENT,14265-44-2,Orthophosphate (as P),Dissolved,,0.2,mg/l,True,0.1,,,Unknown,UHL001,Actual,SW,Water,,,Clayton,07060004,River/Stream,,42.7497293,-91.2767798
6,10220002,Volga River near Elkport,08/16/2000 12:45:00,AMBIENT,14265-44-2,Orthophosphate (as P),Dissolved,,0.1,mg/l,False,0.1,,,Unknown,UHL001,Actual,SW,Water,,,Clayton,07060004,River/Stream,,42.7497293,-91.2767798
6,10220002,Volga River near Elkport,09/20/2000 11:25:00,AMBIENT,14265-44-2,Orthophosphate (as P),Dissolved,,0.1,mg/l,False,0.1,,,Unknown,UHL001,Actual,SW,Water,,,Clayton,07060004,River/Stream,,42.7497293,-91.2767798
6,10220002,Volga River near Elkport,11/09/2000 08:00:00,AMBIENT,14265-44-2,Orthophosphate (as P),Dissolved,,0.1,mg/l,False,0.1,,,Unknown,UHL001,Actual,SW,Water,,,Clayton,07060004,River/Stream,,42.7497293,-91.2767798
6,10220002,Volga River near Elkport,12/12/2000 10:00:00,AMBIENT,14265-44-2,Orthophosphate (as P),Dissolved,,0.1,mg/l,False,0.1,,,Unknown,UHL001,Actual,SW,Water,,,Clayton,07060004,River/Stream,,42.7497293,-91.2767798
6,10220002,Volga River near Elkport,07/05/2001 08:45:00,AMBIENT,14265-44-2,Orthophosphate (as P),Dissolved,,0.1,mg/l,True,0.05,,,Unknown,UHL001,Actual,SW,Water,,,Clayton,07060004,River/Stream,,42.7497293,-91.2767798
6,10220002,Volga River near Elkport,01/09/2001 09:30:00,AMBIENT,14265-44-2,Orthophosphate (as P),Dissolved,,0.1,mg/l,False,0.1,,,Unknown,UHL001,Actual,SW,Water,,,Clayton,07060004,River/Stream,,42.7497293,-91.2767798
6,10220002,Volga River near Elkport,02/07/2001 08:55:00,AMBIENT,14265-44-2,Orthophosphate (as P),Dissolved,,0.1,mg/l,False,0.1,,,Unknown,UHL001,Actual,SW,Water,,,Clayton,07060004,River/Stream,,42.7497293,-91.2767798
6,10220002,Volga River near Elkport,04/09/2001 09:05:00,AMBIENT,14265-44-2,Orthophosphate (as P),Dissolved,,0.1,mg/l,False,0.1,,,Unknown,UHL001,Actual,SW,Water,,,Clayton,07060004,River/Stream,,42.7497293,-91.2767798
6,10220003,Bloody Run Creek Site #1 (BR01),05/23/1995 13:20:00,SNY319,14265-44-2,Orthophosphate (as P),Dissolved,,0.5,mg/l,False,0.5,,,300(A),SNY001,Actual,SW,Water,,,Clayton,07060001,River/Stream,,43.0404991,-91.2055504
6,10220002,Volga River near Elkport,02/05/2002 08:50:00,AMBIENT,14265-44-2,Orthophosphate (as P),Dissolved,,0.05,mg/l,False,0.05,,,Unknown,UHL001,Actual,SW,Water,,,Clayton,07060004,River/Stream,,42.7497293,-91.2767798
6,10220002,Volga River near Elkport,08/06/2002 08:15:00,AMBIENT,14265-44-2,Orthophosphate (as P),Dissolved,,0.06,mg/l,True,0.05,,,Unknown,UHL001,Actual,SW,Water,,,Clayton,07060004,River/Stream,,42.7497293,-91.2767798
6,10220002,Volga River near Elkport,09/11/2002 12:15:00,AMBIENT,14265-44-2,Orthophosphate (as P),Dissolved,,0.05,mg/l,False,0.05,,,Unknown,UHL001,Actual,SW,Water,,,Clayton,07060004,River/Stream,,42.7497293,-91.2767798
6,10220002,Volga River near Elkport,11/06/2001 08:25:00,AMBIENT,14265-44-2,Orthophosphate (as P),Dissolved,,0.05,mg/l,False,0.05,,,Unknown,UHL001,Actual,SW,Water,,,Clayton,07060004,River/Stream,,42.7497293,-91.2767798
6,10220002,Volga River near Elkport,06/04/2002 08:20:00,AMBIENT,14265-44-2,Orthophosphate (as P),Dissolved,,0.12,mg/l,True,0.05,,,Unknown,UHL001,Actual,SW,Water,,,Clayton,07060004,River/Stream,,42.7497293,-91.2767798
6,10220002,Volga River near Elkport,03/05/2002 09:55:00,AMBIENT,14265-44-2,Orthophosphate (as P),Dissolved,,0.05,mg/l,False,0.05,,,Unknown,UHL001,Actual,SW,Water,,,Clayton,07060004,River/Stream,,42.7497293,-91.2767798
6,10220002,Volga River near Elkport,01/14/1999 08:40:00,AMBIENT,14265-44-2,Orthophosphate (as P),Dissolved,,0.1,mg/l,False,0.1,,,Unknown,UHL001,Actual,SW,Water,,,Clayton,07060004,River/Stream,,42.7497293,-91.2767798
6,10220002,Volga River near Elkport,04/21/1999 10:40:00,AMBIENT,14265-44-2,Orthophosphate (as P),Dissolved,,0.1,mg/l,False,0.1,,,Unknown,UHL001,Actual,SW,Water,,,Clayton,07060004,River/Stream,,42.7497293,-91.2767798
6,10220002,Volga River near Elkport,07/29/1999 14:40:00,AMBIENT,14265-44-2,Orthophosphate (as P),Dissolved,,0.5,mg/l,True,0.1,,,Unknown,UHL001,Actual,SW,Water,,,Clayton,07060004,River/Stream,,42.7497293,-91.2767798
6,10220002,Volga River near Elkport,10/15/1998 08:55:00,AMBIENT,14265-44-2,Orthophosphate (as P),Dissolved,,0.1,mg/l,False,0.1,,,Unknown,UHL001,Actual,SW,Water,,,Clayton,07060004,River/Stream,,42.7497293,-91.2767798
6,10220002,Volga River near Elkport,12/09/1998 09:15:00,AMBIENT,14265-44-2,Orthophosphate (as P),Dissolved,,0.1,mg/l,False,0.1,,,Unknown,UHL001,Actual,SW,Water,,,Clayton,07060004,River/Stream,,42.7497293,-91.2767798
6,10220002,Volga River near Elkport,10/01/2002 09:55:00,AMBIENT,14265-44-2,Orthophosphate (as P),Dissolved,,0.05,mg/l,False,0.05,,,Unknown,UHL001,Actual,SW,Water,,,Clayton,07060004,River/Stream,,42.7497293,-91.2767798
6,10220002,Volga River near Elkport,12/03/2002 08:50:00,AMBIENT,14265-44-2,Orthophosphate (as P),Dissolved,,0.05,mg/l,False,0.05,,,365.1,UHL001,Actual,SW,Water,,,Clayton,07060004,River/Stream,,42.7497293,-91.2767798
6,10220002,Volga River near Elkport,01/07/2003 08:45:00,AMBIENT,14265-44-2,Orthophosphate (as P),Dissolved,,0.05,mg/l,False,0.05,,,365.1,UHL001,Actual,SW,Water,,,Clayton,07060004,River/Stream,,42.7497293,-91.2767798
6,10220002,Volga River near Elkport,05/06/2003 08:00:00,AMBIENT,14265-44-2,Orthophosphate (as P),Dissolved,,0.05,mg/l,False,0.05,,,365.1,UHL001,Actual,SW,Water,,,Clayton,07060004,River/Stream,,42.7497293,-91.2767798
6,10220002,Volga River near Elkport,07/01/2002 09:45:00,AMBIENT,14265-44-2,Orthophosphate (as P),Dissolved,,0.05,mg/l,False,0.05,,,Unknown,UHL001,Actual,SW,Water,,,Clayton,07060004,River/Stream,,42.7497293,-91.2767798
6,10220002,Volga River near Elkport,06/03/2003 08:40:00,AMBIENT,14265-44-2,Orthophosphate (as P),Dissolved,,0.02,mg/l,True,0.02,,,365.1,UHL001,Actual,SW,Water,,,Clayton,07060004,River/Stream,,42.7497293,-91.2767798
6,10220002,Volga River near Elkport,09/02/2003 09:15:00,AMBIENT,14265-44-2,Orthophosphate (as P),Dissolved,,0.02,mg/l,False,0.02,,,365.1,UHL001,Actual,SW,Water,,,Clayton,07060004,River/Stream,,42.7497293,-91.2767798
6,10220002,Volga River near Elkport,10/07/2003 08:40:00,AMBIENT,14265-44-2,Orthophosphate (as P),Dissolved,,0.03,mg/l,True,0.02,,,365.1,UHL001,Actual,SW,Water,,,Clayton,07060004,River/Stream,,42.7497293,-91.2767798
6,10220002,Volga River near Elkport,11/04/2003 16:50:00,AMBIENT,14265-44-2,Orthophosphate (as P),Dissolved,,0.28,mg/l,True,0.02,,,365.1,UHL001,Actual,SW,Water,,,Clayton,07060004,River/Stream,,42.7497293,-91.2767798
6,10220002,Volga River near Elkport,12/02/2003 08:40:00,AMBIENT,14265-44-2,Orthophosphate (as P),Dissolved,,0.03,mg/l,True,0.02,,,365.1,UHL001,Actual,SW,Water,,,Clayton,07060004,River/Stream,,42.7497293,-91.2767798
6,10220002,Volga River near Elkport,01/06/2004 09:40:00,AMBIENT,14265-44-2,Orthophosphate (as P),Dissolved,,0.02,mg/l,True,0.02,,,365.1,UHL001,Actual,SW,Water,,,Clayton,07060004,River/Stream,,42.7497293,-91.2767798
6,10220002,Volga River near Elkport,03/02/2004 08:50:00,AMBIENT,14265-44-2,Orthophosphate (as P),Dissolved,,0.34,mg/l,True,0.05,,,365.1,UHL001,Actual,SW,Water,,,Clayton,07060004,River/Stream,,42.7497293,-91.2767798
6,10220002,Volga River near Elkport,08/03/2004 10:00:00,AMBIENT,14265-44-2,Orthophosphate (as P),Dissolved,,0.05,mg/l,True,0.02,,,365.1,UHL001,Actual,SW,Water,,,Clayton,07060004,River/Stream,,42.7497293,-91.2767798
6,10220002,Volga River near Elkport,11/09/2004 08:55:00,AMBIENT,14265-44-2,Orthophosphate (as P),Dissolved,,0.02,mg/l,False,0.02,,,365.1,UHL001,Actual,SW,Water,,,Clayton,07060004,River/Stream,,42.7497293,-91.2767798
6,10220002,Volga River near Elkport,01/11/2005 09:30:00,AMBIENT,14265-44-2,Orthophosphate (as P),Dissolved,,0.03,mg/l,True,0.02,,,365.1,UHL001,Actual,SW,Water,,,Clayton,07060004,River/Stream,,42.7497293,-91.2767798
6,10220002,Volga River near Elkport,02/08/2005 08:50:00,AMBIENT,14265-44-2,Orthophosphate (as P),Dissolved,,0.51,mg/l,True,0.02,,,365.1,UHL001,Actual,SW,Water,,,Clayton,07060004,River/Stream,,42.7497293,-91.2767798
6,10220002,Volga River near Elkport,06/07/2005 09:00:00,AMBIENT,14265-44-2,Orthophosphate (as P),Dissolved,,0.04,mg/l,True,0.02,,,365.1,UHL001,Actual,SW,Water,,,Clayton,07060004,River/Stream,,42.7497293,-91.2767798
6,10220002,Volga River near Elkport,10/05/2004 08:40:00,AMBIENT,14265-44-2,Orthophosphate (as P),Dissolved,,0.02,mg/l,False,0.02,,,365.1,UHL001,Actual,SW,Water,,,Clayton,07060004,River/Stream,,42.7497293,-91.2767798
6,10220002,Volga River near Elkport,07/06/2005 12:00:00,AMBIENT,14265-44-2,Orthophosphate (as P),Dissolved,,0.08,mg/l,True,0.02,,,365.1,UHL001,Actual,SW,Water,,,Clayton,07060004,River/Stream,,42.7497293,-91.2767798
6,10220002,Volga River near Elkport,11/01/2005 07:45:00,AMBIENT,14265-44-2,Orthophosphate (as P),Dissolved,,0.02,mg/l,False,0.02,,,365.1,UHL001,Actual,SW,Water,,,Clayton,07060004,River/Stream,,42.7497293,-91.2767798
6,10220002,Volga River near Elkport,01/03/2006 09:30:00,AMBIENT,14265-44-2,Orthophosphate (as P),Dissolved,,0.04,mg/l,True,0.02,,,365.1,UHL001,Actual,SW,Water,,,Clayton,07060004,River/Stream,,42.7497293,-91.2767798
6,10220002,Volga River near Elkport,06/05/2006 07:50:00,AMBIENT,14265-44-2,Orthophosphate (as P),Dissolved,,0.05,mg/l,True,0.02,,,365.1,UHL001,Actual,SW,Water,,,Clayton,07060004,River/Stream,,42.7497293,-91.2767798
6,10220002,Volga River near Elkport,07/06/2006 07:15:00,AMBIENT,14265-44-2,Orthophosphate (as P),Dissolved,,0.04,mg/l,True,0.02,,,365.1,UHL001,Actual,SW,Water,,,Clayton,07060004,River/Stream,,42.7497293,-91.2767798
6,10220002,Volga River near Elkport,08/01/2006 08:10:00,AMBIENT,14265-44-2,Orthophosphate (as P),Dissolved,,0.06,mg/l,True,0.02,,,365.1,UHL001,Actual,SW,Water,,,Clayton,07060004,River/Stream,,42.7497293,-91.2767798
6,10220002,Volga River near Elkport,09/07/2006 12:55:00,AMBIENT,14265-44-2,Orthophosphate (as P),Dissolved,,0.06,mg/l,True,0.02,,,365.1,UHL001,Actual,SW,Water,,,Clayton,07060004,River/Stream,,42.7497293,-91.2767798
6,10220002,Volga River near Elkport,02/21/2007 08:50:00,AMBIENT,14265-44-2,Orthophosphate (as P),Dissolved,,0.03,mg/l,True,0.02,,,365.1,UHL001,Actual,SW,Water,,,Clayton,07060004,River/Stream,,42.7497293,-91.2767798
6,10220002,Volga River near Elkport,03/13/2007 09:50:00,AMBIENT,14265-44-2,Orthophosphate (as P),Dissolved,,0.21,mg/l,True,0.02,,,365.1,UHL001,Actual,SW,Water,,,Clayton,07060004,River/Stream,,42.7497293,-91.2767798
6,10220002,Volga River near Elkport,04/10/2007 08:00:00,AMBIENT,14265-44-2,Orthophosphate (as P),Dissolved,,0.05,mg/l,True,0.02,,,365.1,UHL001,Actual,SW,Water,,,Clayton,07060004,River/Stream,,42.7497293,-91.2767798
6,10220002,Volga River near Elkport,07/12/2007 08:10:00,AMBIENT,14265-44-2,Orthophosphate (as P),Dissolved,,0.03,mg/l,True,0.02,,,365.1,UHL001,Actual,SW,Water,,,Clayton,07060004,River/Stream,,42.7497293,-91.2767798
6,10220002,Volga River near Elkport,09/12/2007 08:50:00,AMBIENT,14265-44-2,Orthophosphate (as P),Dissolved,,0.06,mg/l,True,0.02,,,365.1,UHL001,Actual,SW,Water,,,Clayton,07060004,River/Stream,,42.7497293,-91.2767798
6,10220002,Volga River near Elkport,11/01/2007 10:10:00,AMBIENT,14265-44-2,Orthophosphate (as P),Dissolved,,0.04,mg/l,True,0.02,,,365.1,UHL001,Actual,SW,Water,,,Clayton,07060004,River/Stream,,42.7497293,-91.2767798
6,10220002,Volga River near Elkport,11/08/2006 08:15:00,AMBIENT,14265-44-2,Orthophosphate (as P),Dissolved,,0.02,mg/l,False,0.02,,,365.1,UHL001,Actual,SW,Water,,,Clayton,07060004,River/Stream,,42.7497293,-91.2767798
6,10220002,Volga River near Elkport,12/04/2007 09:00:00,AMBIENT,14265-44-2,Orthophosphate (as P),Dissolved,,0.03,mg/l,True,0.02,,,365.1,UHL001,Actual,SW,Water,,,Clayton,07060004,River/Stream,,42.7497293,-91.2767798
6,10220002,Volga River near Elkport,03/10/2008 08:10:00,AMBIENT,14265-44-2,Orthophosphate (as P),Dissolved,,0.04,mg/l,True,0.02,,,365.1,UHL001,Actual,SW,Water,,,Clayton,07060004,River/Stream,,42.7497293,-91.2767798
6,10220002,Volga River near Elkport,06/03/2008 08:00:00,AMBIENT,14265-44-2,Orthophosphate (as P),Dissolved,,0.09,mg/l,True,0.02,,,365.1,UHL001,Actual,SW,Water,,,Clayton,07060004,River/Stream,,42.7497293,-91.2767798
6,10220002,Volga River near Elkport,07/06/2009 13:35:00,AMBIENT,14265-44-2,Orthophosphate (as P),Dissolved,,0.03,mg/l,True,0.02,,,365.1,UHL001,Actual,SW,Water,,,Clayton,07060004,River/Stream,,42.7497293,-91.2767798
6,10220002,Volga River near Elkport,12/03/2009 09:00:00,AMBIENT,14265-44-2,Orthophosphate (as P),Dissolved,,0.02,mg/l,True,0.02,,,365.1,UHL001,Actual,SW,Water,,,Clayton,07060004,River/Stream,,42.7497293,-91.2767798
6,10220002,Volga River near Elkport,11/05/2009 08:30:00,AMBIENT,14265-44-2,Orthophosphate (as P),Dissolved,,0.07,mg/l,True,0.02,,,365.1,UHL001,Actual,SW,Water,,,Clayton,07060004,River/Stream,,42.7497293,-91.2767798
6,10220002,Volga River near Elkport,10/08/2009 09:10:00,AMBIENT,14265-44-2,Orthophosphate (as P),Dissolved,,0.05,mg/l,True,0.02,,,365.1,UHL001,Actual,SW,Water,,,Clayton,07060004,River/Stream,,42.7497293,-91.2767798
6,10220002,Volga River near Elkport,04/04/2006 08:35:00,AMBIENT,14265-44-2,Orthophosphate (as P),Dissolved,,0.08,mg/l,True,0.02,,,365.1,UHL001,Actual,SW,Water,,,Clayton,07060004,River/Stream,,42.7497293,-91.2767798
6,10220002,Volga River near Elkport,02/03/2010 09:00:00,AMBIENT,14265-44-2,Orthophosphate (as P),Dissolved,,0.04,mg/l,True,0.02,,,365.1,UHL001,Actual,SW,Water,,,Clayton,07060004,River/Stream,,42.7497293,-91.2767798
6,10220002,Volga River near Elkport,04/05/2010 08:45:00,AMBIENT,14265-44-2,Orthophosphate (as P),Dissolved,,0.03,mg/l,True,0.02,,,365.1,UHL001,Actual,SW,Water,,,Clayton,07060004,River/Stream,,42.7497293,-91.2767798
6,10220002,Volga River near Elkport,05/03/2010 07:15:00,AMBIENT,14265-44-2,Orthophosphate (as P),Dissolved,,0.04,mg/l,True,0.02,,,365.1,UHL001,Actual,SW,Water,,,Clayton,07060004,River/Stream,,42.7497293,-91.2767798
6,10220002,Volga River near Elkport,11/02/2010 09:15:00,AMBIENT,14265-44-2,Orthophosphate (as P),Dissolved,,0.02,mg/l,True,0.02,,,365.1,UHL001,Actual,SW,Water,,,Clayton,07060004,River/Stream,,42.7497293,-91.2767798
6,10220002,Volga River near Elkport,12/02/2010 09:10:00,AMBIENT,14265-44-2,Orthophosphate (as P),Dissolved,,0.02,mg/l,True,0.02,,,365.1,UHL001,Actual,SW,Water,,,Clayton,07060004,River/Stream,,42.7497293,-91.2767798
6,10220002,Volga River near Elkport,03/01/2011 08:20:00,AMBIENT,14265-44-2,Orthophosphate (as P),Dissolved,,0.08,mg/l,True,0.02,,,365.1,UHL001,Actual,SW,Water,,,Clayton,07060004,River/Stream,,42.7497293,-91.2767798
6,10220002,Volga River near Elkport,05/02/2011 08:30:00,AMBIENT,14265-44-2,Orthophosphate (as P),Dissolved,,0.05,mg/l,True,0.02,,,365.1,UHL001,Actual,SW,Water,,,Clayton,07060004,River/Stream,,42.7497293,-91.2767798
6,10220002,Volga River near Elkport,06/08/2011 08:45:00,AMBIENT,14265-44-2,Orthophosphate (as P),Dissolved,,0.08,mg/l,True,0.02,,,365.1,UHL001,Actual,SW,Water,,,Clayton,07060004,River/Stream,,42.7497293,-91.2767798
6,10220002,Volga River near Elkport,09/01/2011 12:30:00,AMBIENT,14265-44-2,Orthophosphate (as P),Dissolved,,0.07,mg/l,True,0.02,,,365.1,UHL001,Actual,SW,Water,,,Clayton,07060004,River/Stream,,42.7497293,-91.2767798
6,10220002,Volga River near Elkport,10/03/2011 08:15:00,AMBIENT,14265-44-2,Orthophosphate (as P),Dissolved,,0.04,mg/l,True,0.02,,,365.1,UHL001,Actual,SW,Water,,,Clayton,07060004,River/Stream,,42.7497293,-91.2767798
6,10220002,Volga River near Elkport,11/02/2011 08:55:00,AMBIENT,14265-44-2,Orthophosphate (as P),Dissolved,,0.02,mg/l,False,0.02,,,365.1,UHL001,Actual,SW,Water,,,Clayton,07060004,River/Stream,,42.7497293,-91.2767798
6,10220002,Volga River near Elkport,12/06/2011 08:40:00,AMBIENT,14265-44-2,Orthophosphate (as P),Dissolved,,0.08,mg/l,True,0.02,,,365.1,UHL001,Actual,SW,Water,,,Clayton,07060004,River/Stream,,42.7497293,-91.2767798
6,10220002,Volga River near Elkport,05/03/2012 07:30:00,AMBIENT,14265-44-2,Orthophosphate (as P),Dissolved,,0.06,mg/l,True,0.02,,,LAC10-115-01-1A,UHL001,Actual,SW,Water,,,Clayton,07060004,River/Stream,,42.7497293,-91.2767798
6,10220002,Volga River near Elkport,07/05/2012 08:00:00,AMBIENT,14265-44-2,Orthophosphate (as P),Dissolved,,0.03,mg/l,True,0.02,,,LAC10-115-01-1A,UHL001,Actual,SW,Water,,,Clayton,07060004,River/Stream,,42.7497293,-91.2767798
6,10220002,Volga River near Elkport,08/01/2012 08:00:00,AMBIENT,14265-44-2,Orthophosphate (as P),Dissolved,,0.03,mg/l,True,0.02,,,LAC10-115-01-1A,UHL001,Actual,SW,Water,,,Clayton,07060004,River/Stream,,42.7497293,-91.2767798
6,10220002,Volga River near Elkport,11/01/2012 08:20:00,AMBIENT,14265-44-2,Orthophosphate (as P),Dissolved,,0.02,mg/l,True,0.02,,,LAC10-115-01-1A,UHL001,Actual,SW,Water,,,Clayton,07060004,River/Stream,,42.7497293,-91.2767798
6,10220002,Volga River near Elkport,01/03/2013 08:45:00,AMBIENT,14265-44-2,Orthophosphate (AS P),Dissolved,,0.02,mg/l,False,0.02,,,LAC10-115-01-1A,UHL001,Actual,SW,Water,,,Clayton,07060004,River/Stream,,42.7497293,-91.2767798
6,10220002,Volga River near Elkport,02/07/2013 12:30:00,AMBIENT,14265-44-2,Orthophosphate (AS P),Dissolved,,0.09,mg/l,True,0.02,,,LAC10-115-01-1A,UHL001,Actual,SW,Water,,,Clayton,07060004,River/Stream,,42.7497293,-91.2767798
6,10220002,Volga River near Elkport,05/02/2013 12:20:00,AMBIENT,14265-44-2,Orthophosphate (AS P),Dissolved,,0.03,mg/l,True,0.02,,,LAC10-115-01-1A,UHL001,Actual,SW,Water,,,Clayton,07060004,River/Stream,,42.7497293,-91.2767798
6,10220002,Volga River near Elkport,06/05/2013 08:15:00,AMBIENT,14265-44-2,Orthophosphate (AS P),Dissolved,,0.07,mg/l,True,0.02,,,LAC10-115-01-1A,UHL001,Actual,SW,Water,,,Clayton,07060004,River/Stream,,42.7497293,-91.2767798
6,10220002,Volga River near Elkport,07/02/2013 06:50:00,AMBIENT,14265-44-2,Orthophosphate (AS P),Dissolved,,0.07,mg/l,True,0.02,,,LAC10-115-01-1A,UHL001,Actual,SW,Water,,,Clayton,07060004,River/Stream,,42.7497293,-91.2767798
6,10220002,Volga River near Elkport,08/01/2013 12:50:00,AMBIENT,14265-44-2,Orthophosphate (AS P),Dissolved,,0.03,mg/l,True,0.02,,,LAC10-115-01-1A,UHL001,Actual,SW,Water,,,Clayton,07060004,River/Stream,,42.7497293,-91.2767798
6,10220002,Volga River near Elkport,11/06/2013 07:15:00,AMBIENT,14265-44-2,Orthophosphate (AS P),Dissolved,,0.02,mg/l,True,0.02,,,LAC10-115-01-1A,UHL001,Actual,SW,Water,,,Clayton,07060004,River/Stream,,42.7497293,-91.2767798
6,10220002,Volga River near Elkport,12/05/2013 09:00:00,AMBIENT,14265-44-2,Orthophosphate (AS P),Dissolved,,0.02,mg/l,True,0.02,,,LAC10-115-01-1A,UHL001,Actual,SW,Water,,,Clayton,07060004,River/Stream,,42.7497293,-91.2767798
6,10220002,Volga River near Elkport,03/03/2014 09:00:00,AMBIENT,14265-44-2,Orthophosphate (AS P),Dissolved,,0.03,mg/l,True,0.02,,,LAC10-115-01-1A,UHL001,Actual,SW,Water,,,Clayton,07060004,River/Stream,,42.7497293,-91.2767798
6,10220002,Volga River near Elkport,04/01/2014 07:30:00,AMBIENT,14265-44-2,Orthophosphate (AS P),Dissolved,,0.2,mg/l,True,0.02,,,LAC10-115-01-1A,UHL001,Actual,SW,Water,,,Clayton,07060004,River/Stream,,42.7497293,-91.2767798
6,10220002,Volga River near Elkport,05/05/2014 08:15:00,AMBIENT,14265-44-2,Orthophosphate (AS P),Dissolved,,0.04,mg/l,True,0.02,,,LAC10-115-01-1A,UHL001,Actual,SW,Water,,,Clayton,07060004,River/Stream,,42.7497293,-91.2767798
6,10220002,Volga River near Elkport,06/10/2014 08:00:00,AMBIENT,14265-44-2,Orthophosphate (AS P),Dissolved,,0.05,mg/l,True,0.02,,,LAC10-115-01-1A,UHL001,Actual,SW,Water,,,Clayton,07060004,River/Stream,,42.7497293,-91.2767798
6,10220002,Volga River near Elkport,08/04/2014 08:50:00,AMBIENT,14265-44-2,Orthophosphate (AS P),Dissolved,,0.04,mg/l,True,0.02,,,LAC10-115-01-1A,UHL001,Actual,SW,Water,,,Clayton,07060004,River/Stream,,42.7497293,-91.2767798
6,10220002,Volga River near Elkport,09/03/2014 11:25:00,AMBIENT,14265-44-2,Orthophosphate (AS P),Dissolved,,0.08,mg/l,True,0.02,,,LAC10-115-01-1A,UHL001,Actual,SW,Water,,,Clayton,07060004,River/Stream,,42.7497293,-91.2767798
6,10220003,Bloody Run Creek Site #1 (BR01),10/18/1994 10:30:00,SNY319,14265-44-2,Orthophosphate (as P),Dissolved,,0.5,mg/l,False,0.5,,,300(A),SNY001,Actual,SW,Water,,,Clayton,07060001,River/Stream,,43.0404991,-91.2055504
6,10220003,Bloody Run Creek Site #1 (BR01),10/25/1994 12:05:00,SNY319,14265-44-2,Orthophosphate (as P),Dissolved,,0.5,mg/l,False,0.5,,,300(A),SNY001,Actual,SW,Water,,,Clayton,07060001,River/Stream,,43.0404991,-91.2055504
6,10220002,Volga River near Elkport,12/03/2014 07:30:00,AMBIENT,14265-44-2,Orthophosphate (AS P),Dissolved,,0.02,mg/l,False,0.02,,,LAC10-115-01-1A,UHL001,Actual,SW,Water,,,Clayton,07060004,River/Stream,,42.7497293,-91.2767798
6,10220001,Turkey River near Garber,12/03/2014 07:55:00,AMBIENT,14265-44-2,Orthophosphate (AS P),Dissolved,,0.02,mg/l,True,0.02,,,LAC10-115-01-1A,UHL001,Actual,SW,Water,,,Clayton,07060004,River/Stream,,42.739547,-91.2619757
6,10220002,Volga River near Elkport,04/02/2015 07:30:00,AMBIENT,14265-44-2,Orthophosphate (AS P),Dissolved,,0.03,mg/l,True,0.02,,,LAC10-115-01-1A,UHL001,Actual,SW,Water,,,Clayton,07060004,River/Stream,,42.7497293,-91.2767798
6,10220001,Turkey River near Garber,04/02/2015 07:45:00,AMBIENT,14265-44-2,Orthophosphate (AS P),Dissolved,,0.05,mg/l,True,0.02,,,LAC10-115-01-1A,UHL001,Actual,SW,Water,,,Clayton,07060004,River/Stream,,42.739547,-91.2619757
6,10220002,Volga River near Elkport,07/02/2015 06:40:00,AMBIENT,14265-44-2,Orthophosphate (AS P),Dissolved,,0.1,mg/l,True,0.02,,,4500-P-E,UHL001,Actual,SW,Water,,,Clayton,07060004,River/Stream,,42.7497293,-91.2767798
6,10220001,Turkey River near Garber,07/02/2015 07:00:00,AMBIENT,14265-44-2,Orthophosphate (AS P),Dissolved,,0.1,mg/l,True,0.02,,,4500-P-E,UHL001,Actual,SW,Water,,,Clayton,07060004,River/Stream,,42.739547,-91.2619757
6,10220002,Volga River near Elkport,08/03/2015 07:10:00,AMBIENT,14265-44-2,Orthophosphate (AS P),Dissolved,,0.04,mg/l,True,0.02,,,LAC10-115-01-1A,UHL001,Actual,SW,Water,,,Clayton,07060004,River/Stream,,42.7497293,-91.2767798
6,10220001,Turkey River near Garber,08/03/2015 07:55:00,AMBIENT,14265-44-2,Orthophosphate (AS P),Dissolved,,0.04,mg/l,True,0.02,,,LAC10-115-01-1A,UHL001,Actual,SW,Water,,,Clayton,07060004,River/Stream,,42.739547,-91.2619757
6,10220002,Volga River near Elkport,09/02/2015 07:55:00,AMBIENT,14265-44-2,Orthophosphate (AS P),Dissolved,,0.04,mg/l,True,0.02,,,LAC10-115-01-1A,UHL001,Actual,SW,Water,,,Clayton,07060004,River/Stream,,42.7497293,-91.2767798
6,10220001,Turkey River near Garber,09/02/2015 07:40:00,AMBIENT,14265-44-2,Orthophosphate (AS P),Dissolved,,0.02,mg/l,False,0.02,,,LAC10-115-01-1A,UHL001,Actual,SW,Water,,,Clayton,07060004,River/Stream,,42.739547,-91.2619757
6,10220001,Turkey River near Garber,12/02/2015 09:10:00,AMBIENT,14265-44-2,Orthophosphate (AS P),Dissolved,,0.08,mg/l,True,0.02,,,LAC10-115-01-1A,UHL001,Actual,SW,Water,,,Clayton,07060004,River/Stream,,42.739547,-91.2619757
6,10220002,Volga River near Elkport,12/02/2015 08:50:00,AMBIENT,14265-44-2,Orthophosphate (AS P),Dissolved,,0.06,mg/l,True,0.02,,,LAC10-115-01-1A,UHL001,Actual,SW,Water,,,Clayton,07060004,River/Stream,,42.7497293,-91.2767798
6,10220002,Volga River near Elkport,11/09/2015 08:40:00,AMBIENT,14265-44-2,Orthophosphate (AS P),Dissolved,,0.03,mg/l,True,0.02,,,LAC10-115-01-1A,UHL001,Actual,SW,Water,,,Clayton,07060004,River/Stream,,42.7497293,-91.2767798
6,10220001,Turkey River near Garber,11/09/2015 09:00:00,AMBIENT,14265-44-2,Orthophosphate (AS P),Dissolved,,0.03,mg/l,True,0.02,,,LAC10-115-01-1A,UHL001,Actual,SW,Water,,,Clayton,07060004,River/Stream,,42.739547,-91.2619757
6,10220002,Volga River near Elkport,10/08/2015 07:45:00,AMBIENT,14265-44-2,Orthophosphate (AS P),Dissolved,,0.02,mg/l,False,0.02,,,LAC10-115-01-1A,UHL001,Actual,SW,Water,,,Clayton,07060004,River/Stream,,42.7497293,-91.2767798
6,10220001,Turkey River near Garber,10/08/2015 08:00:00,AMBIENT,14265-44-2,Orthophosphate (AS P),Dissolved,,0.02,mg/l,False,0.02,,,LAC10-115-01-1A,UHL001,Actual,SW,Water,,,Clayton,07060004,River/Stream,,42.739547,-91.2619757
6,10220002,Volga River near Elkport,01/11/2016 12:00:00,AMBIENT,14265-44-2,Orthophosphate (AS P),Dissolved,,0.05,mg/l,True,0.02,,,LAC10-115-01-1A,UHL001,Actual,SW,Water,,,Clayton,07060004,River/Stream,,42.7497293,-91.2767798
6,10220001,Turkey River near Garber,01/11/2016 11:45:00,AMBIENT,14265-44-2,Orthophosphate (AS P),Dissolved,,0.07,mg/l,True,0.02,,,LAC10-115-01-1A,UHL001,Actual,SW,Water,,,Clayton,07060004,River/Stream,,42.739547,-91.2619757
6,10220002,Volga River near Elkport,02/04/2016 12:00:00,AMBIENT,14265-44-2,Orthophosphate (AS P),Dissolved,,0.05,mg/l,True,0.02,,,LAC10-115-01-1A,UHL001,Actual,SW,Water,,,Clayton,07060004,River/Stream,,42.7497293,-91.2767798
6,10220001,Turkey River near Garber,02/04/2016 11:40:00,AMBIENT,14265-44-2,Orthophosphate (AS P),Dissolved,,0.05,mg/l,True,0.02,,,LAC10-115-01-1A,UHL001,Actual,SW,Water,,,Clayton,07060004,River/Stream,,42.739547,-91.2619757
6,10220001,Turkey River near Garber,03/08/2016 07:40:00,AMBIENT,14265-44-2,Orthophosphate (AS P),Dissolved,,0.06,mg/l,True,0.02,,,LAC10-115-01-1A,UHL001,Actual,SW,Water,,,Clayton,07060004,River/Stream,,42.739547,-91.2619757
6,10220002,Volga River near Elkport,03/08/2016 07:25:00,AMBIENT,14265-44-2,Orthophosphate (AS P),Dissolved,,0.04,mg/l,True,0.02,,,LAC10-115-01-1A,UHL001,Actual,SW,Water,,,Clayton,07060004,River/Stream,,42.7497293,-91.2767798
6,10220002,Volga River near Elkport,04/06/2016 07:20:00,AMBIENT,14265-44-2,Orthophosphate (AS P),Dissolved,,0.02,mg/l,True,0.02,,,LAC10-115-01-1A,UHL001,Actual,SW,Water,,,Clayton,07060004,River/Stream,,42.7497293,-91.2767798
6,10220001,Turkey River near Garber,04/06/2016 07:45:00,AMBIENT,14265-44-2,Orthophosphate (AS P),Dissolved,,0.05,mg/l,True,0.02,,,LAC10-115-01-1A,UHL001,Actual,SW,Water,,,Clayton,07060004,River/Stream,,42.739547,-91.2619757
6,10220002,Volga River near Elkport,05/04/2016 11:05:00,AMBIENT,14265-44-2,Orthophosphate (AS P),Dissolved,,0.03,mg/l,True,0.02,,,LAC10-115-01-1A,UHL001,Actual,SW,Water,,,Clayton,07060004,River/Stream,,42.7497293,-91.2767798
6,10220001,Turkey River near Garber,05/04/2016 10:50:00,AMBIENT,14265-44-2,Orthophosphate (AS P),Dissolved,,0.03,mg/l,True,0.02,,,LAC10-115-01-1A,UHL001,Actual,SW,Water,,,Clayton,07060004,River/Stream,,42.739547,-91.2619757
6,10220001,Turkey River near Garber,06/02/2016 11:00:00,AMBIENT,14265-44-2,Orthophosphate (AS P),Dissolved,,0.09,mg/l,True,0.02,,,LAC10-115-01-1A,UHL001,Actual,SW,Water,,,Clayton,07060004,River/Stream,,42.739547,-91.2619757
6,10220002,Volga River near Elkport,06/02/2016 11:15:00,AMBIENT,14265-44-2,Orthophosphate (AS P),Dissolved,,0.08,mg/l,True,0.02,,,LAC10-115-01-1A,UHL001,Actual,SW,Water,,,Clayton,07060004,River/Stream,,42.7497293,-91.2767798
6,10220002,Volga River near Elkport,07/06/2016 09:30:00,AMBIENT,14265-44-2,Orthophosphate (AS P),Dissolved,,0.03,mg/l,True,0.02,,,LAC10-115-01-1A,UHL001,Actual,SW,Water,,,Clayton,07060004,River/Stream,,42.7497293,-91.2767798
6,10220001,Turkey River near Garber,07/06/2016 09:50:00,AMBIENT,14265-44-2,Orthophosphate (AS P),Dissolved,,0.03,mg/l,True,0.02,,,LAC10-115-01-1A,UHL001,Actual,SW,Water,,,Clayton,07060004,River/Stream,,42.739547,-91.2619757
6,10220002,Volga River near Elkport,08/03/2016 00:00:00,AMBIENT,14265-44-2,Orthophosphate (AS P),Dissolved,,0.04,mg/l,True,0.02,,,LAC10-115-01-1A,UHL001,Actual,SW,Water,,,Clayton,07060004,River/Stream,,42.7497293,-91.2767798
6,10220001,Turkey River near Garber,08/03/2016 08:50:00,AMBIENT,14265-44-2,Orthophosphate (AS P),Dissolved,,0.09,mg/l,True,0.02,,,LAC10-115-01-1A,UHL001,Actual,SW,Water,,,Clayton,07060004,River/Stream,,42.739547,-91.2619757
6,10220001,Turkey River near Garber,09/01/2016 08:50:00,AMBIENT,14265-44-2,Orthophosphate (AS P),Dissolved,,0.1,mg/l,True,0.02,,,LAC10-115-01-1A,UHL001,Actual,SW,Water,,,Clayton,07060004,River/Stream,,42.739547,-91.2619757
6,15220003,North Cedar Creek (NCC),09/24/1996 14:40:00,SNY319,14265-44-2,Orthophosphate (as P),Dissolved,,0.5,mg/l,False,0.5,,,300(A),SNY001,Actual,SW,Water,,,Clayton,07060003,River/Stream,,42.96274242,-91.22931615
6,15220004,Sny Magill Creek Site #1 (SN01),01/09/1996 14:20:00,SNY319,14265-44-2,Orthophosphate (as P),Dissolved,,0.5,mg/l,False,0.5,,,300(A),SNY001,Actual,SW,Water,,,Clayton,07060003,River/Stream,,42.94880662,-91.18632674
6,15220004,Sny Magill Creek Site #1 (SN01),01/16/1996 13:00:00,SNY319,14265-44-2,Orthophosphate (as P),Dissolved,,0.5,mg/l,False,0.5,,,300(A),SNY001,Actual,SW,Water,,,Clayton,07060003,River/Stream,,42.94880662,-91.18632674
6,15220004,Sny Magill Creek Site #1 (SN01),02/06/1996 13:00:00,SNY319,14265-44-2,Orthophosphate (as P),Dissolved,,0.5,mg/l,False,0.5,,,300(A),SNY001,Actual,SW,Water,,,Clayton,07060003,River/Stream,,42.94880662,-91.18632674
6,15220004,Sny Magill Creek Site #1 (SN01),02/27/1996 13:35:00,SNY319,14265-44-2,Orthophosphate (as P),Dissolved,,0.5,mg/l,False,0.5,,,300(A),SNY001,Actual,SW,Water,,,Clayton,07060003,River/Stream,,42.94880662,-91.18632674
6,15220004,Sny Magill Creek Site #1 (SN01),03/05/1996 14:10:00,SNY319,14265-44-2,Orthophosphate (as P),Dissolved,,0.5,mg/l,False,0.5,,,300(A),SNY001,Actual,SW,Water,,,Clayton,07060003,River/Stream,,42.94880662,-91.18632674
6,15220004,Sny Magill Creek Site #1 (SN01),03/19/1996 12:15:00,SNY319,14265-44-2,Orthophosphate (as P),Dissolved,,0.5,mg/l,False,0.5,,,300(A),SNY001,Actual,SW,Water,,,Clayton,07060003,River/Stream,,42.94880662,-91.18632674
6,15220004,Sny Magill Creek Site #1 (SN01),03/26/1996 13:00:00,SNY319,14265-44-2,Orthophosphate (as P),Dissolved,,0.5,mg/l,False,0.5,,,300(A),SNY001,Actual,SW,Water,,,Clayton,07060003,River/Stream,,42.94880662,-91.18632674
6,15220004,Sny Magill Creek Site #1 (SN01),04/16/1996 13:40:00,SNY319,14265-44-2,Orthophosphate (as P),Dissolved,,0.5,mg/l,False,0.5,,,300(A),SNY001,Actual,SW,Water,,,Clayton,07060003,River/Stream,,42.94880662,-91.18632674
6,15220004,Sny Magill Creek Site #1 (SN01),05/07/1996 13:15:00,SNY319,14265-44-2,Orthophosphate (as P),Dissolved,,0.5,mg/l,False,0.5,,,300(A),SNY001,Actual,SW,Water,,,Clayton,07060003,River/Stream,,42.94880662,-91.18632674
6,15220004,Sny Magill Creek Site #1 (SN01),05/14/1996 12:00:00,SNY319,14265-44-2,Orthophosphate (as P),Dissolved,,0.5,mg/l,False,0.5,,,300(A),SNY001,Actual,SW,Water,,,Clayton,07060003,River/Stream,,42.94880662,-91.18632674
6,15220004,Sny Magill Creek Site #1 (SN01),05/28/1996 13:15:00,SNY319,14265-44-2,Orthophosphate (as P),Dissolved,,0.5,mg/l,False,0.5,,,300(A),SNY001,Actual,SW,Water,,,Clayton,07060003,River/Stream,,42.94880662,-91.18632674
6,15220004,Sny Magill Creek Site #1 (SN01),06/04/1996 13:20:00,SNY319,14265-44-2,Orthophosphate (as P),Dissolved,,0.5,mg/l,False,0.5,,,300(A),SNY001,Actual,SW,Water,,,Clayton,07060003,River/Stream,,42.94880662,-91.18632674
6,15220004,Sny Magill Creek Site #1 (SN01),06/25/1996 15:00:00,SNY319,14265-44-2,Orthophosphate (as P),Dissolved,,0.5,mg/l,False,0.5,,,300(A),SNY001,Actual,SW,Water,,,Clayton,07060003,River/Stream,,42.94880662,-91.18632674
6,15220004,Sny Magill Creek Site #1 (SN01),07/16/1996 13:00:00,SNY319,14265-44-2,Orthophosphate (as P),Dissolved,,0.5,mg/l,False,0.5,,,300(A),SNY001,Actual,SW,Water,,,Clayton,07060003,River/Stream,,42.94880662,-91.18632674
6,15220004,Sny Magill Creek Site #1 (SN01),07/23/1996 11:55:00,SNY319,14265-44-2,Orthophosphate (as P),Dissolved,,0.5,mg/l,False,0.5,,,300(A),SNY001,Actual,SW,Water,,,Clayton,07060003,River/Stream,,42.94880662,-91.18632674
6,15220004,Sny Magill Creek Site #1 (SN01),08/06/1996 13:00:00,SNY319,14265-44-2,Orthophosphate (as P),Dissolved,,0.5,mg/l,False,0.5,,,300(A),SNY001,Actual,SW,Water,,,Clayton,07060003,River/Stream,,42.94880662,-91.18632674
6,15220004,Sny Magill Creek Site #1 (SN01),08/13/1996 12:35:00,SNY319,14265-44-2,Orthophosphate (as P),Dissolved,,0.5,mg/l,False,0.5,,,300(A),SNY001,Actual,SW,Water,,,Clayton,07060003,River/Stream,,42.94880662,-91.18632674
6,15220004,Sny Magill Creek Site #1 (SN01),08/27/1996 14:00:00,SNY319,14265-44-2,Orthophosphate (as P),Dissolved,,0.5,mg/l,False,0.5,,,300(A),SNY001,Actual,SW,Water,,,Clayton,07060003,River/Stream,,42.94880662,-91.18632674
6,15220004,Sny Magill Creek Site #1 (SN01),09/03/1996 12:00:00,SNY319,14265-44-2,Orthophosphate (as P),Dissolved,,0.5,mg/l,False,0.5,,,300(A),SNY001,Actual,SW,Water,,,Clayton,07060003,River/Stream,,42.94880662,-91.18632674
6,15220004,Sny Magill Creek Site #1 (SN01),09/24/1996 14:20:00,SNY319,14265-44-2,Orthophosphate (as P),Dissolved,,0.5,mg/l,False,0.5,,,300(A),SNY001,Actual,SW,Water,,,Clayton,07060003,River/Stream,,42.94880662,-91.18632674
6,15220005,Sny Magill Creek Site #2 (SN02),01/30/1996 16:10:00,SNY319,14265-44-2,Orthophosphate (as P),Dissolved,,0.5,mg/l,False,0.5,,,300(A),SNY001,Actual,SW,Water,,,Clayton,07060003,River/Stream,,42.96808222,-91.22331192
6,15220005,Sny Magill Creek Site #2 (SN02),05/28/1996 13:45:00,SNY319,14265-44-2,Orthophosphate (as P),Dissolved,,0.5,mg/l,False,0.5,,,300(A),SNY001,Actual,SW,Water,,,Clayton,07060003,River/Stream,,42.96808222,-91.22331192
6,15220005,Sny Magill Creek Site #2 (SN02),06/25/1996 15:40:00,SNY319,14265-44-2,Orthophosphate (as P),Dissolved,,0.5,mg/l,False,0.5,,,300(A),SNY001,Actual,SW,Water,,,Clayton,07060003,River/Stream,,42.96808222,-91.22331192
6,15220005,Sny Magill Creek Site #2 (SN02),09/24/1996 14:50:00,SNY319,14265-44-2,Orthophosphate (as P),Dissolved,,0.5,mg/l,False,0.5,,,300(A),SNY001,Actual,SW,Water,,,Clayton,07060003,River/Stream,,42.96808222,-91.22331192
6,15220006,Sny Magill Creek Site #3 (SN03),01/02/1996 14:10:00,SNY319,14265-44-2,Orthophosphate (as P),Dissolved,,0.5,mg/l,False,0.5,,,300(A),SNY001,Actual,SW,Water,,,Clayton,07060003,River/Stream,,42.98149721,-91.24097377
6,15220006,Sny Magill Creek Site #3 (SN03),01/09/1996 15:10:00,SNY319,14265-44-2,Orthophosphate (as P),Dissolved,,0.5,mg/l,False,0.5,,,300(A),SNY001,Actual,SW,Water,,,Clayton,07060003,River/Stream,,42.98149721,-91.24097377
6,15220006,Sny Magill Creek Site #3 (SN03),02/06/1996 13:50:00,SNY319,14265-44-2,Orthophosphate (as P),Dissolved,,0.5,mg/l,False,0.5,,,300(A),SNY001,Actual,SW,Water,,,Clayton,07060003,River/Stream,,42.98149721,-91.24097377
6,15220006,Sny Magill Creek Site #3 (SN03),02/13/1996 14:00:00,SNY319,14265-44-2,Orthophosphate (as P),Dissolved,,0.5,mg/l,False,0.5,,,300(A),SNY001,Actual,SW,Water,,,Clayton,07060003,River/Stream,,42.98149721,-91.24097377
6,15220006,Sny Magill Creek Site #3 (SN03),03/12/1996 15:20:00,SNY319,14265-44-2,Orthophosphate (as P),Dissolved,,0.5,mg/l,False,0.5,,,300(A),SNY001,Actual,SW,Water,,,Clayton,07060003,River/Stream,,42.98149721,-91.24097377
6,15220006,Sny Magill Creek Site #3 (SN03),03/19/1996 11:20:00,SNY319,14265-44-2,Orthophosphate (as P),Dissolved,,0.5,mg/l,False,0.5,,,300(A),SNY001,Actual,SW,Water,,,Clayton,07060003,River/Stream,,42.98149721,-91.24097377
6,15220006,Sny Magill Creek Site #3 (SN03),03/26/1996 10:20:00,SNY319,14265-44-2,Orthophosphate (as P),Dissolved,,0.5,mg/l,False,0.5,,,300(A),SNY001,Actual,SW,Water,,,Clayton,07060003,River/Stream,,42.98149721,-91.24097377
6,15220006,Sny Magill Creek Site #3 (SN03),04/16/1996 14:20:00,SNY319,14265-44-2,Orthophosphate (as P),Dissolved,,0.5,mg/l,False,0.5,,,300(A),SNY001,Actual,SW,Water,,,Clayton,07060003,River/Stream,,42.98149721,-91.24097377
6,15220006,Sny Magill Creek Site #3 (SN03),04/23/1996 11:05:00,SNY319,14265-44-2,Orthophosphate (as P),Dissolved,,0.5,mg/l,False,0.5,,,300(A),SNY001,Actual,SW,Water,,,Clayton,07060003,River/Stream,,42.98149721,-91.24097377
6,15220006,Sny Magill Creek Site #3 (SN03),05/21/1996 13:50:00,SNY319,14265-44-2,Orthophosphate (as P),Dissolved,,0.5,mg/l,False,0.5,,,300(A),SNY001,Actual,SW,Water,,,Clayton,07060003,River/Stream,,42.98149721,-91.24097377
6,15220006,Sny Magill Creek Site #3 (SN03),05/28/1996 14:05:00,SNY319,14265-44-2,Orthophosphate (as P),Dissolved,,0.5,mg/l,False,0.5,,,300(A),SNY001,Actual,SW,Water,,,Clayton,07060003,River/Stream,,42.98149721,-91.24097377
6,15220006,Sny Magill Creek Site #3 (SN03),06/25/1996 16:10:00,SNY319,14265-44-2,Orthophosphate (as P),Dissolved,,0.5,mg/l,False,0.5,,,300(A),SNY001,Actual,SW,Water,,,Clayton,07060003,River/Stream,,42.98149721,-91.24097377
6,15220006,Sny Magill Creek Site #3 (SN03),07/02/1996 12:00:00,SNY319,14265-44-2,Orthophosphate (as P),Dissolved,,0.5,mg/l,False,0.5,,,300(A),SNY001,Actual,SW,Water,,,Clayton,07060003,River/Stream,,42.98149721,-91.24097377
6,15220006,Sny Magill Creek Site #3 (SN03),07/09/1996 14:05:00,SNY319,14265-44-2,Orthophosphate (as P),Dissolved,,0.5,mg/l,False,0.5,,,300(A),SNY001,Actual,SW,Water,,,Clayton,07060003,River/Stream,,42.98149721,-91.24097377
6,15220006,Sny Magill Creek Site #3 (SN03),07/30/1996 14:50:00,SNY319,14265-44-2,Orthophosphate (as P),Dissolved,,0.5,mg/l,False,0.5,,,300(A),SNY001,Actual,SW,Water,,,Clayton,07060003,River/Stream,,42.98149721,-91.24097377
6,15220006,Sny Magill Creek Site #3 (SN03),08/06/1996 12:00:00,SNY319,14265-44-2,Orthophosphate (as P),Dissolved,,0.5,mg/l,False,0.5,,,300(A),SNY001,Actual,SW,Water,,,Clayton,07060003,River/Stream,,42.98149721,-91.24097377
6,15220006,Sny Magill Creek Site #3 (SN03),08/13/1996 13:15:00,SNY319,14265-44-2,Orthophosphate (as P),Dissolved,,0.5,mg/l,False,0.5,,,300(A),SNY001,Actual,SW,Water,,,Clayton,07060003,River/Stream,,42.98149721,-91.24097377
6,15220006,Sny Magill Creek Site #3 (SN03),09/03/1996 12:40:00,SNY319,14265-44-2,Orthophosphate (as P),Dissolved,,0.5,mg/l,False,0.5,,,300(A),SNY001,Actual,SW,Water,,,Clayton,07060003,River/Stream,,42.98149721,-91.24097377
6,15220006,Sny Magill Creek Site #3 (SN03),09/10/1996 13:15:00,SNY319,14265-44-2,Orthophosphate (as P),Dissolved,,0.5,mg/l,False,0.5,,,300(A),SNY001,Actual,SW,Water,,,Clayton,07060003,River/Stream,,42.98149721,-91.24097377
6,15220006,Sny Magill Creek Site #3 (SN03),09/17/1996 12:40:00,SNY319,14265-44-2,Orthophosphate (as P),Dissolved,,0.5,mg/l,False,0.5,,,300(A),SNY001,Actual,SW,Water,,,Clayton,07060003,River/Stream,,42.98149721,-91.24097377
6,15220007,Sny Magill North Tributary (SNT),02/27/1996 14:10:00,SNY319,14265-44-2,Orthophosphate (as P),Dissolved,,0.5,mg/l,False,0.5,,,300(A),SNY001,Actual,SW,Water,,,Clayton,07060003,River/Stream,,42.96850981,-91.22439501
6,15220007,Sny Magill North Tributary (SNT),03/26/1996 11:50:00,SNY319,14265-44-2,Orthophosphate (as P),Dissolved,,0.5,mg/l,False,0.5,,,300(A),SNY001,Actual,SW,Water,,,Clayton,07060003,River/Stream,,42.96850981,-91.22439501
6,15220007,Sny Magill North Tributary (SNT),04/30/1996 13:35:00,SNY319,14265-44-2,Orthophosphate (as P),Dissolved,,0.5,mg/l,False,0.5,,,300(A),SNY001,Actual,SW,Water,,,Clayton,07060003,River/Stream,,42.96850981,-91.22439501
6,15220007,Sny Magill North Tributary (SNT),07/30/1996 14:35:00,SNY319,14265-44-2,Orthophosphate (as P),Dissolved,,0.5,mg/l,False,0.5,,,300(A),SNY001,Actual,SW,Water,,,Clayton,07060003,River/Stream,,42.96850981,-91.22439501
6,15220007,Sny Magill North Tributary (SNT),08/27/1996 15:45:00,SNY319,14265-44-2,Orthophosphate (as P),Dissolved,,0.5,mg/l,False,0.5,,,300(A),SNY001,Actual,SW,Water,,,Clayton,07060003,River/Stream,,42.96850981,-91.22439501
6,15220007,Sny Magill North Tributary (SNT),09/24/1996 15:05:00,SNY319,14265-44-2,Orthophosphate (as P),Dissolved,,0.5,mg/l,False,0.5,,,300(A),SNY001,Actual,SW,Water,,,Clayton,07060003,River/Stream,,42.96850981,-91.22439501
6,15220003,North Cedar Creek (NCC),10/03/1995 16:25:00,SNY319,14265-44-2,Orthophosphate (as P),Dissolved,,0.5,mg/l,False,0.5,,,300(A),SNY001,Actual,SW,Water,,,Clayton,07060003,River/Stream,,42.96274242,-91.22931615
6,15220003,North Cedar Creek (NCC),10/24/1995 13:35:00,SNY319,14265-44-2,Orthophosphate (as P),Dissolved,,0.5,mg/l,False,0.5,,,300(A),SNY001,Actual,SW,Water,,,Clayton,07060003,River/Stream,,42.96274242,-91.22931615
6,15220003,North Cedar Creek (NCC),10/31/1995 11:25:00,SNY319,14265-44-2,Orthophosphate (as P),Dissolved,,0.5,mg/l,False,0.5,,,300(A),SNY001,Actual,SW,Water,,,Clayton,07060003,River/Stream,,42.96274242,-91.22931615
6,15220003,North Cedar Creek (NCC),11/07/1995 14:30:00,SNY319,14265-44-2,Orthophosphate (as P),Dissolved,,0.5,mg/l,False,0.5,,,300(A),SNY001,Actual,SW,Water,,,Clayton,07060003,River/Stream,,42.96274242,-91.22931615
6,15220003,North Cedar Creek (NCC),11/28/1995 14:05:00,SNY319,14265-44-2,Orthophosphate (as P),Dissolved,,0.5,mg/l,False,0.5,,,300(A),SNY001,Actual,SW,Water,,,Clayton,07060003,River/Stream,,42.96274242,-91.22931615
6,15220003,North Cedar Creek (NCC),12/05/1995 14:00:00,SNY319,14265-44-2,Orthophosphate (as P),Dissolved,,0.5,mg/l,False,0.5,,,300(A),SNY001,Actual,SW,Water,,,Clayton,07060003,River/Stream,,42.96274242,-91.22931615
6,15220003,North Cedar Creek (NCC),12/12/1995 14:25:00,SNY319,14265-44-2,Orthophosphate (as P),Dissolved,,0.5,mg/l,False,0.5,,,300(A),SNY001,Actual,SW,Water,,,Clayton,07060003,River/Stream,,42.96274242,-91.22931615
6,15220004,Sny Magill Creek Site #1 (SN01),10/03/1995 16:10:00,SNY319,14265-44-2,Orthophosphate (as P),Dissolved,,0.5,mg/l,False,0.5,,,300(A),SNY001,Actual,SW,Water,,,Clayton,07060003,River/Stream,,42.94880662,-91.18632674
6,15220004,Sny Magill Creek Site #1 (SN01),10/24/1995 09:35:00,SNY319,14265-44-2,Orthophosphate (as P),Dissolved,,0.5,mg/l,False,0.5,,,300(A),SNY001,Actual,SW,Water,,,Clayton,07060003,River/Stream,,42.94880662,-91.18632674
6,15220004,Sny Magill Creek Site #1 (SN01),11/21/1995 13:45:00,SNY319,14265-44-2,Orthophosphate (as P),Dissolved,,0.5,mg/l,False,0.5,,,300(A),SNY001,Actual,SW,Water,,,Clayton,07060003,River/Stream,,42.94880662,-91.18632674
6,15220004,Sny Magill Creek Site #1 (SN01),10/31/1995 11:00:00,SNY319,14265-44-2,Orthophosphate (as P),Dissolved,,0.5,mg/l,False,0.5,,,300(A),SNY001,Actual,SW,Water,,,Clayton,07060003,River/Stream,,42.94880662,-91.18632674
6,15220004,Sny Magill Creek Site #1 (SN01),12/12/1995 13:50:00,SNY319,14265-44-2,Orthophosphate (as P),Dissolved,,0.5,mg/l,False,0.5,,,300(A),SNY001,Actual,SW,Water,,,Clayton,07060003,River/Stream,,42.94880662,-91.18632674
6,15220005,Sny Magill Creek Site #2 (SN02),10/31/1995 11:45:00,SNY319,14265-44-2,Orthophosphate (as P),Dissolved,,0.5,mg/l,False,0.5,,,300(A),SNY001,Actual,SW,Water,,,Clayton,07060003,River/Stream,,42.96808222,-91.22331192
6,15220005,Sny Magill Creek Site #2 (SN02),11/28/1995 14:15:00,SNY319,14265-44-2,Orthophosphate (as P),Dissolved,,0.5,mg/l,False,0.5,,,300(A),SNY001,Actual,SW,Water,,,Clayton,07060003,River/Stream,,42.96808222,-91.22331192
6,15220005,Sny Magill Creek Site #2 (SN02),12/26/1995 13:50:00,SNY319,14265-44-2,Orthophosphate (as P),Dissolved,,0.5,mg/l,False,0.5,,,300(A),SNY001,Actual,SW,Water,,,Clayton,07060003,River/Stream,,42.96808222,-91.22331192
6,15220006,Sny Magill Creek Site #3 (SN03),10/17/1995 15:20:00,SNY319,14265-44-2,Orthophosphate (as P),Dissolved,,0.5,mg/l,False,0.5,,,300(A),SNY001,Actual,SW,Water,,,Clayton,07060003,River/Stream,,42.98149721,-91.24097377
6,15220006,Sny Magill Creek Site #3 (SN03),10/24/1995 13:15:00,SNY319,14265-44-2,Orthophosphate (as P),Dissolved,,0.5,mg/l,False,0.5,,,300(A),SNY001,Actual,SW,Water,,,Clayton,07060003,River/Stream,,42.98149721,-91.24097377
6,15220006,Sny Magill Creek Site #3 (SN03),10/31/1995 12:20:00,SNY319,14265-44-2,Orthophosphate (as P),Dissolved,,0.5,mg/l,False,0.5,,,300(A),SNY001,Actual,SW,Water,,,Clayton,07060003,River/Stream,,42.98149721,-91.24097377
6,15220006,Sny Magill Creek Site #3 (SN03),11/21/1995 14:30:00,SNY319,14265-44-2,Orthophosphate (as P),Dissolved,,0.5,mg/l,False,0.5,,,300(A),SNY001,Actual,SW,Water,,,Clayton,07060003,River/Stream,,42.98149721,-91.24097377
6,15220006,Sny Magill Creek Site #3 (SN03),11/28/1995 14:45:00,SNY319,14265-44-2,Orthophosphate (as P),Dissolved,,0.5,mg/l,False,0.5,,,300(A),SNY001,Actual,SW,Water,,,Clayton,07060003,River/Stream,,42.98149721,-91.24097377
6,15220006,Sny Magill Creek Site #3 (SN03),12/05/1995 14:20:00,SNY319,14265-44-2,Orthophosphate (as P),Dissolved,,0.5,mg/l,False,0.5,,,300(A),SNY001,Actual,SW,Water,,,Clayton,07060003,River/Stream,,42.98149721,-91.24097377
6,15220006,Sny Magill Creek Site #3 (SN03),12/26/1995 14:15:00,SNY319,14265-44-2,Orthophosphate (as P),Dissolved,,0.5,mg/l,False,0.5,,,300(A),SNY001,Actual,SW,Water,,,Clayton,07060003,River/Stream,,42.98149721,-91.24097377
6,15220007,Sny Magill North Tributary (SNT),10/31/1995 12:05:00,SNY319,14265-44-2,Orthophosphate (as P),Dissolved,,0.5,mg/l,False,0.5,,,300(A),SNY001,Actual,SW,Water,,,Clayton,07060003,River/Stream,,42.96850981,-91.22439501
6,15220004,Sny Magill Creek Site #1 (SN01),05/02/1995 13:10:00,SNY319,14265-44-2,Orthophosphate (as P),Dissolved,,0.5,mg/l,False,0.5,,,300(A),SNY001,Actual,SW,Water,,,Clayton,07060003,River/Stream,,42.94880662,-91.18632674
6,15220004,Sny Magill Creek Site #1 (SN01),05/09/1995 13:50:00,SNY319,14265-44-2,Orthophosphate (as P),Dissolved,,0.5,mg/l,False,0.5,,,300(A),SNY001,Actual,SW,Water,,,Clayton,07060003,River/Stream,,42.94880662,-91.18632674
6,15220004,Sny Magill Creek Site #1 (SN01),06/20/1995 13:10:00,SNY319,14265-44-2,Orthophosphate (as P),Dissolved,,0.5,mg/l,False,0.5,,,300(A),SNY001,Actual,SW,Water,,,Clayton,07060003,River/Stream,,42.94880662,-91.18632674
6,15220004,Sny Magill Creek Site #1 (SN01),08/29/1995 14:35:00,SNY319,14265-44-2,Orthophosphate (as P),Dissolved,,0.5,mg/l,False,0.5,,,300(A),SNY001,Actual,SW,Water,,,Clayton,07060003,River/Stream,,42.94880662,-91.18632674
6,15220004,Sny Magill Creek Site #1 (SN01),05/21/1996 13:00:00,SNY319,14265-44-2,Orthophosphate (as P),Dissolved,,0.5,mg/l,False,0.5,,,300(A),SNY001,Actual,SW,Water,,,Clayton,07060003,River/Stream,,42.94880662,-91.18632674
6,15220004,Sny Magill Creek Site #1 (SN01),07/30/1996 14:05:00,SNY319,14265-44-2,Orthophosphate (as P),Dissolved,,0.5,mg/l,False,0.5,,,300(A),SNY001,Actual,SW,Water,,,Clayton,07060003,River/Stream,,42.94880662,-91.18632674
6,15220004,Sny Magill Creek Site #1 (SN01),08/20/1996 15:50:00,SNY319,14265-44-2,Orthophosphate (as P),Dissolved,,0.5,mg/l,False,0.5,,,300(A),SNY001,Actual,SW,Water,,,Clayton,07060003,River/Stream,,42.94880662,-91.18632674
6,15220004,Sny Magill Creek Site #1 (SN01),11/07/1995 14:00:00,SNY319,14265-44-2,Orthophosphate (as P),Dissolved,,0.5,mg/l,False,0.5,,,300(A),SNY001,Actual,SW,Water,,,Clayton,07060003,River/Stream,,42.94880662,-91.18632674
6,15220004,Sny Magill Creek Site #1 (SN01),11/14/1995 12:15:00,SNY319,14265-44-2,Orthophosphate (as P),Dissolved,,0.5,mg/l,False,0.5,,,300(A),SNY001,Actual,SW,Water,,,Clayton,07060003,River/Stream,,42.94880662,-91.18632674
6,15220004,Sny Magill Creek Site #1 (SN01),12/19/1995 13:00:00,SNY319,14265-44-2,Orthophosphate (as P),Dissolved,,0.5,mg/l,False,0.5,,,300(A),SNY001,Actual,SW,Water,,,Clayton,07060003,River/Stream,,42.94880662,-91.18632674
6,15220004,Sny Magill Creek Site #1 (SN01),12/26/1995 13:25:00,SNY319,14265-44-2,Orthophosphate (as P),Dissolved,,0.5,mg/l,False,0.5,,,300(A),SNY001,Actual,SW,Water,,,Clayton,07060003,River/Stream,,42.94880662,-91.18632674
6,15220004,Sny Magill Creek Site #1 (SN01),09/28/1994 10:20:00,SNY319,14265-44-2,Orthophosphate (as P),Dissolved,,0.5,mg/l,False,0.5,,,300(A),SNY001,Actual,SW,Water,,,Clayton,07060003,River/Stream,,42.94880662,-91.18632674
6,15220005,Sny Magill Creek Site #2 (SN02),09/28/1994 10:50:00,SNY319,14265-44-2,Orthophosphate (as P),Dissolved,,0.5,mg/l,False,0.5,,,300(A),SNY001,Actual,SW,Water,,,Clayton,07060003,River/Stream,,42.96808222,-91.22331192
6,15220006,Sny Magill Creek Site #3 (SN03),09/28/1994 11:20:00,SNY319,14265-44-2,Orthophosphate (as P),Dissolved,,0.5,mg/l,False,0.5,,,300(A),SNY001,Actual,SW,Water,,,Clayton,07060003,River/Stream,,42.98149721,-91.24097377
6,15220004,Sny Magill Creek Site #1 (SN01),10/04/1994 15:10:00,SNY319,14265-44-2,Orthophosphate (as P),Dissolved,,0.5,mg/l,False,0.5,,,300(A),SNY001,Actual,SW,Water,,,Clayton,07060003,River/Stream,,42.94880662,-91.18632674
6,15220004,Sny Magill Creek Site #1 (SN01),12/06/1994 10:30:00,SNY319,14265-44-2,Orthophosphate (as P),Dissolved,,0.5,mg/l,False,0.5,,,300(A),SNY001,Actual,SW,Water,,,Clayton,07060003,River/Stream,,42.94880662,-91.18632674
6,15220004,Sny Magill Creek Site #1 (SN01),12/13/1994 14:10:00,SNY319,14265-44-2,Orthophosphate (as P),Dissolved,,0.5,mg/l,False,0.5,,,300(A),SNY001,Actual,SW,Water,,,Clayton,07060003,River/Stream,,42.94880662,-91.18632674
6,15220004,Sny Magill Creek Site #1 (SN01),12/27/1994 10:05:00,SNY319,14265-44-2,Orthophosphate (as P),Dissolved,,0.5,mg/l,False,0.5,,,300(A),SNY001,Actual,SW,Water,,,Clayton,07060003,River/Stream,,42.94880662,-91.18632674
6,15220005,Sny Magill Creek Site #2 (SN02),10/25/1994 11:10:00,SNY319,14265-44-2,Orthophosphate (as P),Dissolved,,0.5,mg/l,False,0.5,,,300(A),SNY001,Actual,SW,Water,,,Clayton,07060003,River/Stream,,42.96808222,-91.22331192
6,15220005,Sny Magill Creek Site #2 (SN02),11/29/1994 10:55:00,SNY319,14265-44-2,Orthophosphate (as P),Dissolved,,0.5,mg/l,False,0.5,,,300(A),SNY001,Actual,SW,Water,,,Clayton,07060003,River/Stream,,42.96808222,-91.22331192
6,15220006,Sny Magill Creek Site #3 (SN03),10/11/1994 15:15:00,SNY319,14265-44-2,Orthophosphate (as P),Dissolved,,0.5,mg/l,False,0.5,,,300(A),SNY001,Actual,SW,Water,,,Clayton,07060003,River/Stream,,42.98149721,-91.24097377
6,15220006,Sny Magill Creek Site #3 (SN03),10/18/1994 12:00:00,SNY319,14265-44-2,Orthophosphate (as P),Dissolved,,0.5,mg/l,False,0.5,,,300(A),SNY001,Actual,SW,Water,,,Clayton,07060003,River/Stream,,42.98149721,-91.24097377
6,15220006,Sny Magill Creek Site #3 (SN03),10/25/1994 11:00:00,SNY319,14265-44-2,Orthophosphate (as P),Dissolved,,0.5,mg/l,False,0.5,,,300(A),SNY001,Actual,SW,Water,,,Clayton,07060003,River/Stream,,42.98149721,-91.24097377
6,15220006,Sny Magill Creek Site #3 (SN03),11/15/1994 14:35:00,SNY319,14265-44-2,Orthophosphate (as P),Dissolved,,0.5,mg/l,False,0.5,,,300(A),SNY001,Actual,SW,Water,,,Clayton,07060003,River/Stream,,42.98149721,-91.24097377
6,15220006,Sny Magill Creek Site #3 (SN03),11/22/1994 14:20:00,SNY319,14265-44-2,Orthophosphate (as P),Dissolved,,0.5,mg/l,False,0.5,,,300(A),SNY001,Actual,SW,Water,,,Clayton,07060003,River/Stream,,42.98149721,-91.24097377
6,15220006,Sny Magill Creek Site #3 (SN03),11/29/1994 11:15:00,SNY319,14265-44-2,Orthophosphate (as P),Dissolved,,0.5,mg/l,False,0.5,,,300(A),SNY001,Actual,SW,Water,,,Clayton,07060003,River/Stream,,42.98149721,-91.24097377
6,15220006,Sny Magill Creek Site #3 (SN03),12/20/1994 11:00:00,SNY319,14265-44-2,Orthophosphate (as P),Dissolved,,0.5,mg/l,False,0.5,,,300(A),SNY001,Actual,SW,Water,,,Clayton,07060003,River/Stream,,42.98149721,-91.24097377
6,15220006,Sny Magill Creek Site #3 (SN03),12/27/1994 11:00:00,SNY319,14265-44-2,Orthophosphate (as P),Dissolved,,0.5,mg/l,False,0.5,,,300(A),SNY001,Actual,SW,Water,,,Clayton,07060003,River/Stream,,42.98149721,-91.24097377
6,15220007,Sny Magill North Tributary (SNT),10/25/1994 11:05:00,SNY319,14265-44-2,Orthophosphate (as P),Dissolved,,2.6,mg/l,True,0.5,,,300(A),SNY001,Actual,SW,Water,,,Clayton,07060003,River/Stream,,42.96850981,-91.22439501
6,15220008,West Fork Sny Magill Creek  (SNWF),10/04/1994 16:10:00,SNY319,14265-44-2,Orthophosphate (as P),Dissolved,,0.5,mg/l,False,0.5,,,300(A),SNY001,Actual,SW,Water,,,Clayton,07060003,River/Stream,,42.97628121,-91.23730654
6,15220008,West Fork Sny Magill Creek  (SNWF),10/11/1994 15:30:00,SNY319,14265-44-2,Orthophosphate (as P),Dissolved,,0.5,mg/l,False,0.5,,,300(A),SNY001,Actual,SW,Water,,,Clayton,07060003,River/Stream,,42.97628121,-91.23730654
6,15220008,West Fork Sny Magill Creek  (SNWF),10/18/1994 11:30:00,SNY319,14265-44-2,Orthophosphate (as P),Dissolved,,0.5,mg/l,False,0.5,,,300(A),SNY001,Actual,SW,Water,,,Clayton,07060003,River/Stream,,42.97628121,-91.23730654
6,15220008,West Fork Sny Magill Creek  (SNWF),11/08/1994 17:00:00,SNY319,14265-44-2,Orthophosphate (as P),Dissolved,,0.5,mg/l,False,0.5,,,300(A),SNY001,Actual,SW,Water,,,Clayton,07060003,River/Stream,,42.97628121,-91.23730654
6,15220008,West Fork Sny Magill Creek  (SNWF),11/15/1994 15:00:00,SNY319,14265-44-2,Orthophosphate (as P),Dissolved,,0.5,mg/l,False,0.5,,,300(A),SNY001,Actual,SW,Water,,,Clayton,07060003,River/Stream,,42.97628121,-91.23730654
6,15220008,West Fork Sny Magill Creek  (SNWF),11/22/1994 14:30:00,SNY319,14265-44-2,Orthophosphate (as P),Dissolved,,0.5,mg/l,False,0.5,,,300(A),SNY001,Actual,SW,Water,,,Clayton,07060003,River/Stream,,42.97628121,-91.23730654
6,15220008,West Fork Sny Magill Creek  (SNWF),12/13/1994 15:00:00,SNY319,14265-44-2,Orthophosphate (as P),Dissolved,,0.5,mg/l,False,0.5,,,300(A),SNY001,Actual,SW,Water,,,Clayton,07060003,River/Stream,,42.97628121,-91.23730654
6,15220008,West Fork Sny Magill Creek  (SNWF),12/20/1994 10:35:00,SNY319,14265-44-2,Orthophosphate (as P),Dissolved,,0.5,mg/l,False,0.5,,,300(A),SNY001,Actual,SW,Water,,,Clayton,07060003,River/Stream,,42.97628121,-91.23730654
6,15220008,West Fork Sny Magill Creek  (SNWF),12/27/1994 11:15:00,SNY319,14265-44-2,Orthophosphate (as P),Dissolved,,0.5,mg/l,False,0.5,,,300(A),SNY001,Actual,SW,Water,,,Clayton,07060003,River/Stream,,42.97628121,-91.23730654
6,15220004,Sny Magill Creek Site #1 (SN01),01/10/1995 13:25:00,SNY319,14265-44-2,Orthophosphate (as P),Dissolved,,0.5,mg/l,False,0.5,,,300(A),SNY001,Actual,SW,Water,,,Clayton,07060003,River/Stream,,42.94880662,-91.18632674
6,15220004,Sny Magill Creek Site #1 (SN01),01/17/1995 13:00:00,SNY319,14265-44-2,Orthophosphate (as P),Dissolved,,0.5,mg/l,False,0.5,,,300(A),SNY001,Actual,SW,Water,,,Clayton,07060003,River/Stream,,42.94880662,-91.18632674
6,15220004,Sny Magill Creek Site #1 (SN01),01/31/1995 11:00:00,SNY319,14265-44-2,Orthophosphate (as P),Dissolved,,0.5,mg/l,False,0.5,,,300(A),SNY001,Actual,SW,Water,,,Clayton,07060003,River/Stream,,42.94880662,-91.18632674
6,15220004,Sny Magill Creek Site #1 (SN01),02/07/1995 12:30:00,SNY319,14265-44-2,Orthophosphate (as P),Dissolved,,0.5,mg/l,False,0.5,,,300(A),SNY001,Actual,SW,Water,,,Clayton,07060003,River/Stream,,42.94880662,-91.18632674
6,15220004,Sny Magill Creek Site #1 (SN01),02/28/1995 09:30:00,SNY319,14265-44-2,Orthophosphate (as P),Dissolved,,0.5,mg/l,False,0.5,,,300(A),SNY001,Actual,SW,Water,,,Clayton,07060003,River/Stream,,42.94880662,-91.18632674
6,15220004,Sny Magill Creek Site #1 (SN01),03/21/1995 12:30:00,SNY319,14265-44-2,Orthophosphate (as P),Dissolved,,0.5,mg/l,False,0.5,,,300(A),SNY001,Actual,SW,Water,,,Clayton,07060003,River/Stream,,42.94880662,-91.18632674
6,15220004,Sny Magill Creek Site #1 (SN01),03/28/1995 11:30:00,SNY319,14265-44-2,Orthophosphate (as P),Dissolved,,0.5,mg/l,False,0.5,,,300(A),SNY001,Actual,SW,Water,,,Clayton,07060003,River/Stream,,42.94880662,-91.18632674
6,15220004,Sny Magill Creek Site #1 (SN01),04/18/1995 13:30:00,SNY319,14265-44-2,Orthophosphate (as P),Dissolved,,0.5,mg/l,False,0.5,,,300(A),SNY001,Actual,SW,Water,,,Clayton,07060003,River/Stream,,42.94880662,-91.18632674
6,15220004,Sny Magill Creek Site #1 (SN01),05/23/1995 14:00:00,SNY319,14265-44-2,Orthophosphate (as P),Dissolved,,0.5,mg/l,False,0.5,,,300(A),SNY001,Actual,SW,Water,,,Clayton,07060003,River/Stream,,42.94880662,-91.18632674
6,15220004,Sny Magill Creek Site #1 (SN01),05/30/1995 14:10:00,SNY319,14265-44-2,Orthophosphate (as P),Dissolved,,0.5,mg/l,False,0.5,,,300(A),SNY001,Actual,SW,Water,,,Clayton,07060003,River/Stream,,42.94880662,-91.18632674
6,15220004,Sny Magill Creek Site #1 (SN01),07/11/1995 17:00:00,SNY319,14265-44-2,Orthophosphate (as P),Dissolved,,0.5,mg/l,False,0.5,,,300(A),SNY001,Actual,SW,Water,,,Clayton,07060003,River/Stream,,42.94880662,-91.18632674
6,15220004,Sny Magill Creek Site #1 (SN01),04/11/1995 13:20:00,SNY319,14265-44-2,Orthophosphate (as P),Dissolved,,0.5,mg/l,False,0.5,,,300(A),SNY001,Actual,SW,Water,,,Clayton,07060003,River/Stream,,42.94880662,-91.18632674
6,15220004,Sny Magill Creek Site #1 (SN01),07/18/1995 16:10:00,SNY319,14265-44-2,Orthophosphate (as P),Dissolved,,0.5,mg/l,False,0.5,,,300(A),SNY001,Actual,SW,Water,,,Clayton,07060003,River/Stream,,42.94880662,-91.18632674
6,15220004,Sny Magill Creek Site #1 (SN01),08/01/1995 13:00:00,SNY319,14265-44-2,Orthophosphate (as P),Dissolved,,0.5,mg/l,False,0.5,,,300(A),SNY001,Actual,SW,Water,,,Clayton,07060003,River/Stream,,42.94880662,-91.18632674
6,15220004,Sny Magill Creek Site #1 (SN01),08/08/1995 15:05:00,SNY319,14265-44-2,Orthophosphate (as P),Dissolved,,0.5,mg/l,False,0.5,,,300(A),SNY001,Actual,SW,Water,,,Clayton,07060003,River/Stream,,42.94880662,-91.18632674
6,15220004,Sny Magill Creek Site #1 (SN01),09/19/1995 13:25:00,SNY319,14265-44-2,Orthophosphate (as P),Dissolved,,0.5,mg/l,False,0.5,,,300(A),SNY001,Actual,SW,Water,,,Clayton,07060003,River/Stream,,42.94880662,-91.18632674
6,15220004,Sny Magill Creek Site #1 (SN01),09/26/1995 14:25:00,SNY319,14265-44-2,Orthophosphate (as P),Dissolved,,0.5,mg/l,False,0.5,,,300(A),SNY001,Actual,SW,Water,,,Clayton,07060003,River/Stream,,42.94880662,-91.18632674
6,15220005,Sny Magill Creek Site #2 (SN02),04/25/1995 10:20:00,SNY319,14265-44-2,Orthophosphate (as P),Dissolved,,0.5,mg/l,False,0.5,,,300(A),SNY001,Actual,SW,Water,,,Clayton,07060003,River/Stream,,42.96808222,-91.22331192
6,15220005,Sny Magill Creek Site #2 (SN02),05/30/1995 14:40:00,SNY319,14265-44-2,Orthophosphate (as P),Dissolved,,0.5,mg/l,False,0.5,,,300(A),SNY001,Actual,SW,Water,,,Clayton,07060003,River/Stream,,42.96808222,-91.22331192
6,15220005,Sny Magill Creek Site #2 (SN02),09/26/1995 14:50:00,SNY319,14265-44-2,Orthophosphate (as P),Dissolved,,0.5,mg/l,False,0.5,,,300(A),SNY001,Actual,SW,Water,,,Clayton,07060003,River/Stream,,42.96808222,-91.22331192
6,15220006,Sny Magill Creek Site #3 (SN03),01/24/1995 14:00:00,SNY319,14265-44-2,Orthophosphate (as P),Dissolved,,0.5,mg/l,False,0.5,,,300(A),SNY001,Actual,SW,Water,,,Clayton,07060003,River/Stream,,42.98149721,-91.24097377
6,15220006,Sny Magill Creek Site #3 (SN03),01/03/1995 11:30:00,SNY319,14265-44-2,Orthophosphate (as P),Dissolved,,0.5,mg/l,False,0.5,,,300(A),SNY001,Actual,SW,Water,,,Clayton,07060003,River/Stream,,42.98149721,-91.24097377
6,15220006,Sny Magill Creek Site #3 (SN03),01/31/1995 11:45:00,SNY319,14265-44-2,Orthophosphate (as P),Dissolved,,0.5,mg/l,False,0.5,,,300(A),SNY001,Actual,SW,Water,,,Clayton,07060003,River/Stream,,42.98149721,-91.24097377
6,15220006,Sny Magill Creek Site #3 (SN03),02/07/1995 11:30:00,SNY319,14265-44-2,Orthophosphate (as P),Dissolved,,0.5,mg/l,False,0.5,,,300(A),SNY001,Actual,SW,Water,,,Clayton,07060003,River/Stream,,42.98149721,-91.24097377
6,15220006,Sny Magill Creek Site #3 (SN03),02/28/1995 10:45:00,SNY319,14265-44-2,Orthophosphate (as P),Dissolved,,0.5,mg/l,False,0.5,,,300(A),SNY001,Actual,SW,Water,,,Clayton,07060003,River/Stream,,42.98149721,-91.24097377
6,15220006,Sny Magill Creek Site #3 (SN03),03/07/1995 12:00:00,SNY319,14265-44-2,Orthophosphate (as P),Dissolved,,0.5,mg/l,False,0.5,,,300(A),SNY001,Actual,SW,Water,,,Clayton,07060003,River/Stream,,42.98149721,-91.24097377
6,15220006,Sny Magill Creek Site #3 (SN03),03/14/1995 15:20:00,SNY319,14265-44-2,Orthophosphate (as P),Dissolved,,0.5,mg/l,False,0.5,,,300(A),SNY001,Actual,SW,Water,,,Clayton,07060003,River/Stream,,42.98149721,-91.24097377
6,15220006,Sny Magill Creek Site #3 (SN03),04/04/1995 14:20:00,SNY319,14265-44-2,Orthophosphate (as P),Dissolved,,0.5,mg/l,False,0.5,,,300(A),SNY001,Actual,SW,Water,,,Clayton,07060003,River/Stream,,42.98149721,-91.24097377
6,15220006,Sny Magill Creek Site #3 (SN03),04/11/1995 14:00:00,SNY319,14265-44-2,Orthophosphate (as P),Dissolved,,0.5,mg/l,False,0.5,,,300(A),SNY001,Actual,SW,Water,,,Clayton,07060003,River/Stream,,42.98149721,-91.24097377
6,15220006,Sny Magill Creek Site #3 (SN03),04/18/1995 12:00:00,SNY319,14265-44-2,Orthophosphate (as P),Dissolved,,0.5,mg/l,False,0.5,,,300(A),SNY001,Actual,SW,Water,,,Clayton,07060003,River/Stream,,42.98149721,-91.24097377
6,15220006,Sny Magill Creek Site #3 (SN03),05/09/1995 14:35:00,SNY319,14265-44-2,Orthophosphate (as P),Dissolved,,0.5,mg/l,False,0.5,,,300(A),SNY001,Actual,SW,Water,,,Clayton,07060003,River/Stream,,42.98149721,-91.24097377
6,15220006,Sny Magill Creek Site #3 (SN03),05/16/1995 11:30:00,SNY319,14265-44-2,Orthophosphate (as P),Dissolved,,0.5,mg/l,False,0.5,,,300(A),SNY001,Actual,SW,Water,,,Clayton,07060003,River/Stream,,42.98149721,-91.24097377
6,15220006,Sny Magill Creek Site #3 (SN03),05/23/1995 14:50:00,SNY319,14265-44-2,Orthophosphate (as P),Dissolved,,0.5,mg/l,False,0.5,,,300(A),SNY001,Actual,SW,Water,,,Clayton,07060003,River/Stream,,42.98149721,-91.24097377
6,15220006,Sny Magill Creek Site #3 (SN03),06/13/1995 15:15:00,SNY319,14265-44-2,Orthophosphate (as P),Dissolved,,0.5,mg/l,False,0.5,,,300(A),SNY001,Actual,SW,Water,,,Clayton,07060003,River/Stream,,42.98149721,-91.24097377
6,15220006,Sny Magill Creek Site #3 (SN03),06/20/1995 11:40:00,SNY319,14265-44-2,Orthophosphate (as P),Dissolved,,0.5,mg/l,False,0.5,,,300(A),SNY001,Actual,SW,Water,,,Clayton,07060003,River/Stream,,42.98149721,-91.24097377
6,15220006,Sny Magill Creek Site #3 (SN03),06/27/1995 15:35:00,SNY319,14265-44-2,Orthophosphate (as P),Dissolved,,0.5,mg/l,False,0.5,,,300(A),SNY001,Actual,SW,Water,,,Clayton,07060003,River/Stream,,42.98149721,-91.24097377
6,15220006,Sny Magill Creek Site #3 (SN03),07/18/1995 15:00:00,SNY319,14265-44-2,Orthophosphate (as P),Dissolved,,0.5,mg/l,False,0.5,,,300(A),SNY001,Actual,SW,Water,,,Clayton,07060003,River/Stream,,42.98149721,-91.24097377
6,15220006,Sny Magill Creek Site #3 (SN03),07/25/1995 18:10:00,SNY319,14265-44-2,Orthophosphate (as P),Dissolved,,0.5,mg/l,False,0.5,,,300(A),SNY001,Actual,SW,Water,,,Clayton,07060003,River/Stream,,42.98149721,-91.24097377
6,15220006,Sny Magill Creek Site #3 (SN03),08/01/1995 11:35:00,SNY319,14265-44-2,Orthophosphate (as P),Dissolved,,0.5,mg/l,False,0.5,,,300(A),SNY001,Actual,SW,Water,,,Clayton,07060003,River/Stream,,42.98149721,-91.24097377
6,15220006,Sny Magill Creek Site #3 (SN03),08/22/1995 15:15:00,SNY319,14265-44-2,Orthophosphate (as P),Dissolved,,0.5,mg/l,False,0.5,,,300(A),SNY001,Actual,SW,Water,,,Clayton,07060003,River/Stream,,42.98149721,-91.24097377
6,15220006,Sny Magill Creek Site #3 (SN03),08/29/1995 16:10:00,SNY319,14265-44-2,Orthophosphate (as P),Dissolved,,0.5,mg/l,False,0.5,,,300(A),SNY001,Actual,SW,Water,,,Clayton,07060003,River/Stream,,42.98149721,-91.24097377
6,15220006,Sny Magill Creek Site #3 (SN03),09/05/1995 11:30:00,SNY319,14265-44-2,Orthophosphate (as P),Dissolved,,0.5,mg/l,False,0.5,,,300(A),SNY001,Actual,SW,Water,,,Clayton,07060003,River/Stream,,42.98149721,-91.24097377
6,15220007,Sny Magill North Tributary (SNT),01/31/1995 11:25:00,SNY319,14265-44-2,Orthophosphate (as P),Dissolved,,0.5,mg/l,False,0.5,,,300(A),SNY001,Actual,SW,Water,,,Clayton,07060003,River/Stream,,42.96850981,-91.22439501
6,15220007,Sny Magill North Tributary (SNT),02/28/1995 10:30:00,SNY319,14265-44-2,Orthophosphate (as P),Dissolved,,0.5,mg/l,False,0.5,,,300(A),SNY001,Actual,SW,Water,,,Clayton,07060003,River/Stream,,42.96850981,-91.22439501
6,15220007,Sny Magill North Tributary (SNT),06/27/1995 15:20:00,SNY319,14265-44-2,Orthophosphate (as P),Dissolved,,0.5,mg/l,False,0.5,,,300(A),SNY001,Actual,SW,Water,,,Clayton,07060003,River/Stream,,42.96850981,-91.22439501
6,15220007,Sny Magill North Tributary (SNT),07/25/1995 18:00:00,SNY319,14265-44-2,Orthophosphate (as P),Dissolved,,0.5,mg/l,False,0.5,,,300(A),SNY001,Actual,SW,Water,,,Clayton,07060003,River/Stream,,42.96850981,-91.22439501
6,15220008,West Fork Sny Magill Creek  (SNWF),01/10/1995 14:05:00,SNY319,14265-44-2,Orthophosphate (as P),Dissolved,,0.5,mg/l,False,0.5,,,300(A),SNY001,Actual,SW,Water,,,Clayton,07060003,River/Stream,,42.97628121,-91.23730654
6,15220008,West Fork Sny Magill Creek  (SNWF),01/17/1995 11:30:00,SNY319,14265-44-2,Orthophosphate (as P),Dissolved,,0.5,mg/l,False,0.5,,,300(A),SNY001,Actual,SW,Water,,,Clayton,07060003,River/Stream,,42.97628121,-91.23730654
6,15220008,West Fork Sny Magill Creek  (SNWF),02/14/1995 13:35:00,SNY319,14265-44-2,Orthophosphate (as P),Dissolved,,0.5,mg/l,False,0.5,,,300(A),SNY001,Actual,SW,Water,,,Clayton,07060003,River/Stream,,42.97628121,-91.23730654
6,15220008,West Fork Sny Magill Creek  (SNWF),02/21/1995 11:30:00,SNY319,14265-44-2,Orthophosphate (as P),Dissolved,,0.5,mg/l,False,0.5,,,300(A),SNY001,Actual,SW,Water,,,Clayton,07060003,River/Stream,,42.97628121,-91.23730654
6,15220008,West Fork Sny Magill Creek  (SNWF),03/14/1995 15:35:00,SNY319,14265-44-2,Orthophosphate (as P),Dissolved,,0.5,mg/l,False,0.5,,,300(A),SNY001,Actual,SW,Water,,,Clayton,07060003,River/Stream,,42.97628121,-91.23730654
6,15220008,West Fork Sny Magill Creek  (SNWF),03/21/1995 11:00:00,SNY319,14265-44-2,Orthophosphate (as P),Dissolved,,0.5,mg/l,False,0.5,,,300(A),SNY001,Actual,SW,Water,,,Clayton,07060003,River/Stream,,42.97628121,-91.23730654
6,15220008,West Fork Sny Magill Creek  (SNWF),03/28/1995 13:20:00,SNY319,14265-44-2,Orthophosphate (as P),Dissolved,,0.5,mg/l,False,0.5,,,300(A),SNY001,Actual,SW,Water,,,Clayton,07060003,River/Stream,,42.97628121,-91.23730654
6,15220008,West Fork Sny Magill Creek  (SNWF),04/18/1995 11:20:00,SNY319,14265-44-2,Orthophosphate (as P),Dissolved,,0.5,mg/l,False,0.5,,,300(A),SNY001,Actual,SW,Water,,,Clayton,07060003,River/Stream,,42.97628121,-91.23730654
6,15220008,West Fork Sny Magill Creek  (SNWF),04/25/1995 10:50:00,SNY319,14265-44-2,Orthophosphate (as P),Dissolved,,0.5,mg/l,False,0.5,,,300(A),SNY001,Actual,SW,Water,,,Clayton,07060003,River/Stream,,42.97628121,-91.23730654
6,15220008,West Fork Sny Magill Creek  (SNWF),05/02/1995 11:00:00,SNY319,14265-44-2,Orthophosphate (as P),Dissolved,,0.5,mg/l,False,0.5,,,300(A),SNY001,Actual,SW,Water,,,Clayton,07060003,River/Stream,,42.97628121,-91.23730654
6,15220008,West Fork Sny Magill Creek  (SNWF),05/23/1995 15:15:00,SNY319,14265-44-2,Orthophosphate (as P),Dissolved,,0.5,mg/l,False,0.5,,,300(A),SNY001,Actual,SW,Water,,,Clayton,07060003,River/Stream,,42.97628121,-91.23730654
6,15220008,West Fork Sny Magill Creek  (SNWF),05/30/1995 15:05:00,SNY319,14265-44-2,Orthophosphate (as P),Dissolved,,0.5,mg/l,False,0.5,,,300(A),SNY001,Actual,SW,Water,,,Clayton,07060003,River/Stream,,42.97628121,-91.23730654
6,15220008,West Fork Sny Magill Creek  (SNWF),06/06/1995 08:50:00,SNY319,14265-44-2,Orthophosphate (as P),Dissolved,,0.5,mg/l,False,0.5,,,300(A),SNY001,Actual,SW,Water,,,Clayton,07060003,River/Stream,,42.97628121,-91.23730654
6,15220008,West Fork Sny Magill Creek  (SNWF),06/27/1995 15:45:00,SNY319,14265-44-2,Orthophosphate (as P),Dissolved,,0.5,mg/l,False,0.5,,,300(A),SNY001,Actual,SW,Water,,,Clayton,07060003,River/Stream,,42.97628121,-91.23730654
6,15220008,West Fork Sny Magill Creek  (SNWF),07/04/1995 13:35:00,SNY319,14265-44-2,Orthophosphate (as P),Dissolved,,0.5,mg/l,False,0.5,,,300(A),SNY001,Actual,SW,Water,,,Clayton,07060003,River/Stream,,42.97628121,-91.23730654
6,15220008,West Fork Sny Magill Creek  (SNWF),07/11/1995 17:50:00,SNY319,14265-44-2,Orthophosphate (as P),Dissolved,,0.5,mg/l,False,0.5,,,300(A),SNY001,Actual,SW,Water,,,Clayton,07060003,River/Stream,,42.97628121,-91.23730654
6,15220008,West Fork Sny Magill Creek  (SNWF),08/08/1995 16:00:00,SNY319,14265-44-2,Orthophosphate (as P),Dissolved,,0.5,mg/l,False,0.5,,,300(A),SNY001,Actual,SW,Water,,,Clayton,07060003,River/Stream,,42.97628121,-91.23730654
6,15220008,West Fork Sny Magill Creek  (SNWF),08/15/1995 17:10:00,SNY319,14265-44-2,Orthophosphate (as P),Dissolved,,0.5,mg/l,False,0.5,,,300(A),SNY001,Actual,SW,Water,,,Clayton,07060003,River/Stream,,42.97628121,-91.23730654
6,15220008,West Fork Sny Magill Creek  (SNWF),09/19/1995 11:20:00,SNY319,14265-44-2,Orthophosphate (as P),Dissolved,,0.5,mg/l,False,0.5,,,300(A),SNY001,Actual,SW,Water,,,Clayton,07060003,River/Stream,,42.97628121,-91.23730654
6,15220008,West Fork Sny Magill Creek  (SNWF),09/12/1995 13:45:00,SNY319,14265-44-2,Orthophosphate (as P),Dissolved,,0.5,mg/l,False,0.5,,,300(A),SNY001,Actual,SW,Water,,,Clayton,07060003,River/Stream,,42.97628121,-91.23730654
6,15220004,Sny Magill Creek Site #1 (SN01),01/02/1996 13:30:00,SNY319,14265-44-2,Orthophosphate (as P),Dissolved,,0.5,mg/l,False,0.5,,,300(A),SNY001,Actual,SW,Water,,,Clayton,07060003,River/Stream,,42.94880662,-91.18632674
6,15220004,Sny Magill Creek Site #1 (SN01),01/23/1996 14:10:00,SNY319,14265-44-2,Orthophosphate (as P),Dissolved,,0.5,mg/l,False,0.5,,,300(A),SNY001,Actual,SW,Water,,,Clayton,07060003,River/Stream,,42.94880662,-91.18632674
6,15220004,Sny Magill Creek Site #1 (SN01),02/13/1996 13:15:00,SNY319,14265-44-2,Orthophosphate (as P),Dissolved,,0.5,mg/l,False,0.5,,,300(A),SNY001,Actual,SW,Water,,,Clayton,07060003,River/Stream,,42.94880662,-91.18632674
6,15220004,Sny Magill Creek Site #1 (SN01),01/30/1996 15:40:00,SNY319,14265-44-2,Orthophosphate (as P),Dissolved,,0.5,mg/l,False,0.5,,,300(A),SNY001,Actual,SW,Water,,,Clayton,07060003,River/Stream,,42.94880662,-91.18632674
6,15220004,Sny Magill Creek Site #1 (SN01),02/20/1996 10:20:00,SNY319,14265-44-2,Orthophosphate (as P),Dissolved,,0.5,mg/l,False,0.5,,,300(A),SNY001,Actual,SW,Water,,,Clayton,07060003,River/Stream,,42.94880662,-91.18632674
6,15220004,Sny Magill Creek Site #1 (SN01),03/12/1996 14:45:00,SNY319,14265-44-2,Orthophosphate (as P),Dissolved,,0.5,mg/l,False,0.5,,,300(A),SNY001,Actual,SW,Water,,,Clayton,07060003,River/Stream,,42.94880662,-91.18632674
6,15220004,Sny Magill Creek Site #1 (SN01),04/02/1996 11:50:00,SNY319,14265-44-2,Orthophosphate (as P),Dissolved,,0.5,mg/l,False,0.5,,,300(A),SNY001,Actual,SW,Water,,,Clayton,07060003,River/Stream,,42.94880662,-91.18632674
6,15220004,Sny Magill Creek Site #1 (SN01),04/09/1996 10:40:00,SNY319,14265-44-2,Orthophosphate (as P),Dissolved,,0.5,mg/l,False,0.5,,,300(A),SNY001,Actual,SW,Water,,,Clayton,07060003,River/Stream,,42.94880662,-91.18632674
6,15220004,Sny Magill Creek Site #1 (SN01),04/23/1996 12:00:00,SNY319,14265-44-2,Orthophosphate (as P),Dissolved,,0.5,mg/l,False,0.5,,,300(A),SNY001,Actual,SW,Water,,,Clayton,07060003,River/Stream,,42.94880662,-91.18632674
6,15220004,Sny Magill Creek Site #1 (SN01),04/30/1996 13:00:00,SNY319,14265-44-2,Orthophosphate (as P),Dissolved,,0.5,mg/l,False,0.5,,,300(A),SNY001,Actual,SW,Water,,,Clayton,07060003,River/Stream,,42.94880662,-91.18632674
6,15220004,Sny Magill Creek Site #1 (SN01),06/11/1996 11:40:00,SNY319,14265-44-2,Orthophosphate (as P),Dissolved,,0.5,mg/l,False,0.5,,,300(A),SNY001,Actual,SW,Water,,,Clayton,07060003,River/Stream,,42.94880662,-91.18632674
6,15220004,Sny Magill Creek Site #1 (SN01),06/18/1996 12:30:00,SNY319,14265-44-2,Orthophosphate (as P),Dissolved,,0.5,mg/l,False,0.5,,,300(A),SNY001,Actual,SW,Water,,,Clayton,07060003,River/Stream,,42.94880662,-91.18632674
6,15220004,Sny Magill Creek Site #1 (SN01),07/02/1996 13:00:00,SNY319,14265-44-2,Orthophosphate (as P),Dissolved,,0.5,mg/l,False,0.5,,,300(A),SNY001,Actual,SW,Water,,,Clayton,07060003,River/Stream,,42.94880662,-91.18632674
6,15220004,Sny Magill Creek Site #1 (SN01),07/09/1996 13:20:00,SNY319,14265-44-2,Orthophosphate (as P),Dissolved,,0.5,mg/l,False,0.5,,,300(A),SNY001,Actual,SW,Water,,,Clayton,07060003,River/Stream,,42.94880662,-91.18632674
6,15220004,Sny Magill Creek Site #1 (SN01),09/10/1996 12:35:00,SNY319,14265-44-2,Orthophosphate (as P),Dissolved,,0.5,mg/l,False,0.5,,,300(A),SNY001,Actual,SW,Water,,,Clayton,07060003,River/Stream,,42.94880662,-91.18632674
6,15220004,Sny Magill Creek Site #1 (SN01),09/17/1996 12:00:00,SNY319,14265-44-2,Orthophosphate (as P),Dissolved,,0.5,mg/l,False,0.5,,,300(A),SNY001,Actual,SW,Water,,,Clayton,07060003,River/Stream,,42.94880662,-91.18632674
6,15220005,Sny Magill Creek Site #2 (SN02),02/27/1996 14:00:00,SNY319,14265-44-2,Orthophosphate (as P),Dissolved,,0.5,mg/l,False,0.5,,,300(A),SNY001,Actual,SW,Water,,,Clayton,07060003,River/Stream,,42.96808222,-91.22331192
6,15220005,Sny Magill Creek Site #2 (SN02),03/26/1996 12:15:00,SNY319,14265-44-2,Orthophosphate (as P),Dissolved,,0.5,mg/l,False,0.5,,,300(A),SNY001,Actual,SW,Water,,,Clayton,07060003,River/Stream,,42.96808222,-91.22331192
6,15220003,North Cedar Creek (NCC),09/19/1995 12:50:00,SNY319,14265-44-2,Orthophosphate (as P),Dissolved,,0.5,mg/l,False,0.5,,,300(A),SNY001,Actual,SW,Water,,,Clayton,07060003,River/Stream,,42.96274242,-91.22931615
6,15220003,North Cedar Creek (NCC),01/02/1996 13:50:00,SNY319,14265-44-2,Orthophosphate (as P),Dissolved,,0.5,mg/l,False,0.5,,,300(A),SNY001,Actual,SW,Water,,,Clayton,07060003,River/Stream,,42.96274242,-91.22931615
6,15220003,North Cedar Creek (NCC),01/23/1996 14:45:00,SNY319,14265-44-2,Orthophosphate (as P),Dissolved,,0.5,mg/l,False,0.5,,,300(A),SNY001,Actual,SW,Water,,,Clayton,07060003,River/Stream,,42.96274242,-91.22931615
6,15220003,North Cedar Creek (NCC),01/30/1996 16:00:00,SNY319,14265-44-2,Orthophosphate (as P),Dissolved,,0.5,mg/l,False,0.5,,,300(A),SNY001,Actual,SW,Water,,,Clayton,07060003,River/Stream,,42.96274242,-91.22931615
6,15220003,North Cedar Creek (NCC),02/06/1996 13:30:00,SNY319,14265-44-2,Orthophosphate (as P),Dissolved,,0.5,mg/l,False,0.5,,,300(A),SNY001,Actual,SW,Water,,,Clayton,07060003,River/Stream,,42.96274242,-91.22931615
6,15220003,North Cedar Creek (NCC),02/27/1996 13:50:00,SNY319,14265-44-2,Orthophosphate (as P),Dissolved,,0.5,mg/l,False,0.5,,,300(A),SNY001,Actual,SW,Water,,,Clayton,07060003,River/Stream,,42.96274242,-91.22931615
6,15220003,North Cedar Creek (NCC),03/12/1996 15:05:00,SNY319,14265-44-2,Orthophosphate (as P),Dissolved,,0.5,mg/l,False,0.5,,,300(A),SNY001,Actual,SW,Water,,,Clayton,07060003,River/Stream,,42.96274242,-91.22931615
6,15220003,North Cedar Creek (NCC),03/05/1996 14:30:00,SNY319,14265-44-2,Orthophosphate (as P),Dissolved,,0.5,mg/l,False,0.5,,,300(A),SNY001,Actual,SW,Water,,,Clayton,07060003,River/Stream,,42.96274242,-91.22931615
6,15220003,North Cedar Creek (NCC),04/16/1996 14:00:00,SNY319,14265-44-2,Orthophosphate (as P),Dissolved,,0.5,mg/l,False,0.5,,,300(A),SNY001,Actual,SW,Water,,,Clayton,07060003,River/Stream,,42.96274242,-91.22931615
6,15220003,North Cedar Creek (NCC),04/09/1996 10:10:00,SNY319,14265-44-2,Orthophosphate (as P),Dissolved,,0.5,mg/l,False,0.5,,,300(A),SNY001,Actual,SW,Water,,,Clayton,07060003,River/Stream,,42.96274242,-91.22931615
6,15220003,North Cedar Creek (NCC),05/21/1996 13:30:00,SNY319,14265-44-2,Orthophosphate (as P),Dissolved,,0.5,mg/l,False,0.5,,,300(A),SNY001,Actual,SW,Water,,,Clayton,07060003,River/Stream,,42.96274242,-91.22931615
6,15220003,North Cedar Creek (NCC),05/14/1996 12:15:00,SNY319,14265-44-2,Orthophosphate (as P),Dissolved,,0.5,mg/l,False,0.5,,,300(A),SNY001,Actual,SW,Water,,,Clayton,07060003,River/Stream,,42.96274242,-91.22931615
6,15220003,North Cedar Creek (NCC),06/18/1996 12:00:00,SNY319,14265-44-2,Orthophosphate (as P),Dissolved,,0.5,mg/l,False,0.5,,,300(A),SNY001,Actual,SW,Water,,,Clayton,07060003,River/Stream,,42.96274242,-91.22931615
6,15220003,North Cedar Creek (NCC),06/25/1996 15:30:00,SNY319,14265-44-2,Orthophosphate (as P),Dissolved,,0.5,mg/l,False,0.5,,,300(A),SNY001,Actual,SW,Water,,,Clayton,07060003,River/Stream,,42.96274242,-91.22931615
6,15220003,North Cedar Creek (NCC),07/23/1996 12:15:00,SNY319,14265-44-2,Orthophosphate (as P),Dissolved,,0.5,mg/l,False,0.5,,,300(A),SNY001,Actual,SW,Water,,,Clayton,07060003,River/Stream,,42.96274242,-91.22931615
6,15220003,North Cedar Creek (NCC),07/30/1996 14:20:00,SNY319,14265-44-2,Orthophosphate (as P),Dissolved,,0.5,mg/l,False,0.5,,,300(A),SNY001,Actual,SW,Water,,,Clayton,07060003,River/Stream,,42.96274242,-91.22931615
6,15220003,North Cedar Creek (NCC),09/03/1996 12:20:00,SNY319,14265-44-2,Orthophosphate (as P),Dissolved,,0.5,mg/l,False,0.5,,,300(A),SNY001,Actual,SW,Water,,,Clayton,07060003,River/Stream,,42.96274242,-91.22931615
6,15220003,North Cedar Creek (NCC),08/27/1996 15:00:00,SNY319,14265-44-2,Orthophosphate (as P),Dissolved,,0.5,mg/l,False,0.5,,,300(A),SNY001,Actual,SW,Water,,,Clayton,07060003,River/Stream,,42.96274242,-91.22931615
6,15220001,Bloody Run Creek Site #2 (BR02),10/17/1995 13:25:00,SNY319,14265-44-2,Orthophosphate (as P),Dissolved,,0.5,mg/l,False,0.5,,,300(A),SNY001,Actual,SW,Water,,,Clayton,07060001,River/Stream,,43.03547975,-91.26682808
6,15220001,Bloody Run Creek Site #2 (BR02),10/24/1995 10:40:00,SNY319,14265-44-2,Orthophosphate (as P),Dissolved,,0.5,mg/l,False,0.5,,,300(A),SNY001,Actual,SW,Water,,,Clayton,07060001,River/Stream,,43.03547975,-91.26682808
6,15220001,Bloody Run Creek Site #2 (BR02),11/21/1995 12:10:00,SNY319,14265-44-2,Orthophosphate (as P),Dissolved,,0.5,mg/l,False,0.5,,,300(A),SNY001,Actual,SW,Water,,,Clayton,07060001,River/Stream,,43.03547975,-91.26682808
6,15220001,Bloody Run Creek Site #2 (BR02),11/28/1995 12:30:00,SNY319,14265-44-2,Orthophosphate (as P),Dissolved,,0.5,mg/l,False,0.5,,,300(A),SNY001,Actual,SW,Water,,,Clayton,07060001,River/Stream,,43.03547975,-91.26682808
6,15220001,Bloody Run Creek Site #2 (BR02),12/26/1995 12:05:00,SNY319,14265-44-2,Orthophosphate (as P),Dissolved,,0.5,mg/l,False,0.5,,,300(A),SNY001,Actual,SW,Water,,,Clayton,07060001,River/Stream,,43.03547975,-91.26682808
6,15220002,Bloody Run Creek at Spook Cave (BRSC),10/31/1995 10:20:00,SNY319,14265-44-2,Orthophosphate (as P),Dissolved,,0.5,mg/l,False,0.5,,,300(A),SNY001,Actual,SW,Water,,,Clayton,07060001,River/Stream,,43.03326422,-91.30759437
6,15220001,Bloody Run Creek Site #2 (BR02),01/02/1996 12:20:00,SNY319,14265-44-2,Orthophosphate (as P),Dissolved,,0.5,mg/l,False,0.5,,,300(A),SNY001,Actual,SW,Water,,,Clayton,07060001,River/Stream,,43.03547975,-91.26682808
6,15220001,Bloody Run Creek Site #2 (BR02),01/30/1996 14:00:00,SNY319,14265-44-2,Orthophosphate (as P),Dissolved,,0.5,mg/l,False,0.5,,,300(A),SNY001,Actual,SW,Water,,,Clayton,07060001,River/Stream,,43.03547975,-91.26682808
6,15220001,Bloody Run Creek Site #2 (BR02),01/23/1996 12:30:00,SNY319,14265-44-2,Orthophosphate (as P),Dissolved,,0.5,mg/l,False,0.5,,,300(A),SNY001,Actual,SW,Water,,,Clayton,07060001,River/Stream,,43.03547975,-91.26682808
6,15220001,Bloody Run Creek Site #2 (BR02),02/06/1996 11:45:00,SNY319,14265-44-2,Orthophosphate (as P),Dissolved,,0.5,mg/l,False,0.5,,,300(A),SNY001,Actual,SW,Water,,,Clayton,07060001,River/Stream,,43.03547975,-91.26682808
6,15220001,Bloody Run Creek Site #2 (BR02),02/27/1996 12:15:00,SNY319,14265-44-2,Orthophosphate (as P),Dissolved,,0.5,mg/l,False,0.5,,,300(A),SNY001,Actual,SW,Water,,,Clayton,07060001,River/Stream,,43.03547975,-91.26682808
6,15220001,Bloody Run Creek Site #2 (BR02),03/05/1996 12:50:00,SNY319,14265-44-2,Orthophosphate (as P),Dissolved,,0.5,mg/l,False,0.5,,,300(A),SNY001,Actual,SW,Water,,,Clayton,07060001,River/Stream,,43.03547975,-91.26682808
6,15220001,Bloody Run Creek Site #2 (BR02),03/12/1996 13:35:00,SNY319,14265-44-2,Orthophosphate (as P),Dissolved,,0.54,mg/l,True,0.5,,,300(A),SNY001,Actual,SW,Water,,,Clayton,07060001,River/Stream,,43.03547975,-91.26682808
6,15220001,Bloody Run Creek Site #2 (BR02),04/02/1996 10:05:00,SNY319,14265-44-2,Orthophosphate (as P),Dissolved,,0.5,mg/l,False,0.5,,,300(A),SNY001,Actual,SW,Water,,,Clayton,07060001,River/Stream,,43.03547975,-91.26682808
6,15220001,Bloody Run Creek Site #2 (BR02),04/09/1996 12:30:00,SNY319,14265-44-2,Orthophosphate (as P),Dissolved,,0.5,mg/l,False,0.5,,,300(A),SNY001,Actual,SW,Water,,,Clayton,07060001,River/Stream,,43.03547975,-91.26682808
6,15220001,Bloody Run Creek Site #2 (BR02),04/16/1996 12:30:00,SNY319,14265-44-2,Orthophosphate (as P),Dissolved,,0.5,mg/l,False,0.5,,,300(A),SNY001,Actual,SW,Water,,,Clayton,07060001,River/Stream,,43.03547975,-91.26682808
6,15220001,Bloody Run Creek Site #2 (BR02),05/07/1996 12:00:00,SNY319,14265-44-2,Orthophosphate (as P),Dissolved,,0.5,mg/l,False,0.5,,,300(A),SNY001,Actual,SW,Water,,,Clayton,07060001,River/Stream,,43.03547975,-91.26682808
6,15220001,Bloody Run Creek Site #2 (BR02),05/14/1996 10:50:00,SNY319,14265-44-2,Orthophosphate (as P),Dissolved,,0.5,mg/l,False,0.5,,,300(A),SNY001,Actual,SW,Water,,,Clayton,07060001,River/Stream,,43.03547975,-91.26682808
6,15220001,Bloody Run Creek Site #2 (BR02),06/11/1996 10:50:00,SNY319,14265-44-2,Orthophosphate (as P),Dissolved,,0.5,mg/l,False,0.5,,,300(A),SNY001,Actual,SW,Water,,,Clayton,07060001,River/Stream,,43.03547975,-91.26682808
6,15220001,Bloody Run Creek Site #2 (BR02),05/21/1996 11:30:00,SNY319,14265-44-2,Orthophosphate (as P),Dissolved,,0.5,mg/l,False,0.5,,,300(A),SNY001,Actual,SW,Water,,,Clayton,07060001,River/Stream,,43.03547975,-91.26682808
6,15220001,Bloody Run Creek Site #2 (BR02),06/18/1996 10:30:00,SNY319,14265-44-2,Orthophosphate (as P),Dissolved,,0.5,mg/l,False,0.5,,,300(A),SNY001,Actual,SW,Water,,,Clayton,07060001,River/Stream,,43.03547975,-91.26682808
6,15220001,Bloody Run Creek Site #2 (BR02),06/25/1996 13:30:00,SNY319,14265-44-2,Orthophosphate (as P),Dissolved,,0.5,mg/l,False,0.5,,,300(A),SNY001,Actual,SW,Water,,,Clayton,07060001,River/Stream,,43.03547975,-91.26682808
6,15220001,Bloody Run Creek Site #2 (BR02),07/16/1996 10:30:00,SNY319,14265-44-2,Orthophosphate (as P),Dissolved,,0.5,mg/l,False,0.5,,,300(A),SNY001,Actual,SW,Water,,,Clayton,07060001,River/Stream,,43.03547975,-91.26682808
6,15220001,Bloody Run Creek Site #2 (BR02),07/23/1996 10:50:00,SNY319,14265-44-2,Orthophosphate (as P),Dissolved,,0.5,mg/l,False,0.5,,,300(A),SNY001,Actual,SW,Water,,,Clayton,07060001,River/Stream,,43.03547975,-91.26682808
6,15220001,Bloody Run Creek Site #2 (BR02),07/30/1996 12:45:00,SNY319,14265-44-2,Orthophosphate (as P),Dissolved,,0.5,mg/l,False,0.5,,,300(A),SNY001,Actual,SW,Water,,,Clayton,07060001,River/Stream,,43.03547975,-91.26682808
6,15220001,Bloody Run Creek Site #2 (BR02),08/20/1996 13:50:00,SNY319,14265-44-2,Orthophosphate (as P),Dissolved,,0.5,mg/l,False,0.5,,,300(A),SNY001,Actual,SW,Water,,,Clayton,07060001,River/Stream,,43.03547975,-91.26682808
6,15220001,Bloody Run Creek Site #2 (BR02),08/27/1996 12:40:00,SNY319,14265-44-2,Orthophosphate (as P),Dissolved,,0.5,mg/l,False,0.5,,,300(A),SNY001,Actual,SW,Water,,,Clayton,07060001,River/Stream,,43.03547975,-91.26682808
6,15220001,Bloody Run Creek Site #2 (BR02),09/03/1996 10:50:00,SNY319,14265-44-2,Orthophosphate (as P),Dissolved,,0.5,mg/l,False,0.5,,,300(A),SNY001,Actual,SW,Water,,,Clayton,07060001,River/Stream,,43.03547975,-91.26682808
6,15220001,Bloody Run Creek Site #2 (BR02),09/24/1996 12:50:00,SNY319,14265-44-2,Orthophosphate (as P),Dissolved,,0.5,mg/l,False,0.5,,,300(A),SNY001,Actual,SW,Water,,,Clayton,07060001,River/Stream,,43.03547975,-91.26682808
6,15220002,Bloody Run Creek at Spook Cave (BRSC),01/30/1996 13:40:00,SNY319,14265-44-2,Orthophosphate (as P),Dissolved,,0.5,mg/l,False,0.5,,,300(A),SNY001,Actual,SW,Water,,,Clayton,07060001,River/Stream,,43.03326422,-91.30759437
6,15220002,Bloody Run Creek at Spook Cave (BRSC),02/27/1996 11:55:00,SNY319,14265-44-2,Orthophosphate (as P),Dissolved,,0.5,mg/l,False,0.5,,,300(A),SNY001,Actual,SW,Water,,,Clayton,07060001,River/Stream,,43.03326422,-91.30759437
6,15220002,Bloody Run Creek at Spook Cave (BRSC),05/28/1996 11:40:00,SNY319,14265-44-2,Orthophosphate (as P),Dissolved,,0.5,mg/l,False,0.5,,,300(A),SNY001,Actual,SW,Water,,,Clayton,07060001,River/Stream,,43.03326422,-91.30759437
6,15220002,Bloody Run Creek at Spook Cave (BRSC),07/30/1996 12:25:00,SNY319,14265-44-2,Orthophosphate (as P),Dissolved,,0.5,mg/l,False,0.5,,,300(A),SNY001,Actual,SW,Water,,,Clayton,07060001,River/Stream,,43.03326422,-91.30759437
6,11220016,Unnamed Trib. to Silver Creek at 145th St (Site SC06/SiCr3),06/29/2006 08:35:00,TMDL,14265-44-2,Orthophosphate (as P),Dissolved,,2.7,mg/l,True,0.02,,,365.1,UHL001,Actual,SW,Water,,,Clayton,07060004,River/Stream,,43.015393,-91.459197
6,11220017,Silver Creek near Luana (Site SiCr4),06/29/2006 08:00:00,TMDL,14265-44-2,Orthophosphate (as P),Dissolved,,0.08,mg/l,True,0.02,,,365.1,UHL001,Actual,SW,Water,,,Clayton,07060004,River/Stream,,43.016854,-91.46942
6,15220002,Bloody Run Creek at Spook Cave (BRSC),06/25/1996 13:00:00,SNY319,14265-44-2,Orthophosphate (as P),Dissolved,,0.5,mg/l,False,0.5,,,300(A),SNY001,Actual,SW,Water,,,Clayton,07060001,River/Stream,,43.03326422,-91.30759437
6,11220012,Peck Creek near Osterdock (Site 326),08/10/2006 13:30:00,TMDL,14265-44-2,Orthophosphate (as P),Dissolved,,0.03,mg/l,True,0.02,,,365.1,UHL001,Actual,SW,Water,,,Clayton,07060004,River/Stream,,42.723821,-91.144286
6,11220014,Silver Creek at 172nd St. (Site SC04/SiCr1),08/07/2006 08:00:00,TMDL,14265-44-2,Orthophosphate (as P),Dissolved,,1.5,mg/l,True,0.02,,,365.1,UHL001,Actual,SW,Water,,,Clayton,07060004,River/Stream,,42.973151,-91.441907
6,11220018,Unnamed Tributary to Silver Creek near Luana (Site SiCr5),08/07/2006 14:00:00,TMDL,14265-44-2,Orthophosphate (as P),Dissolved,,4.6,mg/l,True,0.02,,,365.1,UHL001,Actual,SW,Water,,,Clayton,07060004,River/Stream,,43.042488,-91.441209
6,11220014,Silver Creek at 172nd St. (Site SC04/SiCr1),09/11/2006 17:55:00,TMDL,14265-44-2,Orthophosphate (as P),Dissolved,,2.4,mg/l,True,0.02,,,365.1,UHL001,Actual,SW,Water,,,Clayton,07060004,River/Stream,,42.973151,-91.441907
6,11220014,Silver Creek at 172nd St. (Site SC04/SiCr1),09/20/2006 11:00:00,TMDL,14265-44-2,Orthophosphate (as P),Dissolved,,0.37,mg/l,True,0.02,,,365.1,UHL001,Actual,SW,Water,,,Clayton,07060004,River/Stream,,42.973151,-91.441907
6,11220018,Unnamed Tributary to Silver Creek near Luana (Site SiCr5),09/20/2006 12:15:00,TMDL,14265-44-2,Orthophosphate (as P),Dissolved,,4.1,mg/l,True,0.02,,,365.1,UHL001,Actual,SW,Water,,,Clayton,07060004,River/Stream,,43.042488,-91.441209
6,11220014,Silver Creek at 172nd St. (Site SC04/SiCr1),09/06/2006 10:35:00,TMDL,14265-44-2,Orthophosphate (as P),Dissolved,,0.46,mg/l,True,0.02,,,365.1,UHL001,Actual,SW,Water,,,Clayton,07060004,River/Stream,,42.973151,-91.441907
6,11220018,Unnamed Tributary to Silver Creek near Luana (Site SiCr5),09/06/2006 14:05:00,TMDL,14265-44-2,Orthophosphate (as P),Dissolved,,8.3,mg/l,True,0.02,,,365.1,UHL001,Actual,SW,Water,,,Clayton,07060004,River/Stream,,43.042488,-91.441209
6,11220017,Silver Creek near Luana (Site SiCr4),01/08/2007 11:05:00,TMDL,14265-44-2,Orthophosphate (as P),Dissolved,,0.04,mg/l,True,0.02,,,365.1,UHL001,Actual,SW,Water,,,Clayton,07060004,River/Stream,,43.016854,-91.46942
6,11220018,Unnamed Tributary to Silver Creek near Luana (Site SiCr5),02/14/2007 10:30:00,TMDL,14265-44-2,Orthophosphate (as P),Dissolved,,2.6,mg/l,True,0.02,,,365.1,UHL001,Actual,SW,Water,,,Clayton,07060004,River/Stream,,43.042488,-91.441209
6,11220017,Silver Creek near Luana (Site SiCr4),03/07/2007 11:00:00,TMDL,14265-44-2,Orthophosphate (as P),Dissolved,,0.04,mg/l,True,0.02,,,365.1,UHL001,Actual,SW,Water,,,Clayton,07060004,River/Stream,,43.016854,-91.46942
6,11220018,Unnamed Tributary to Silver Creek near Luana (Site SiCr5),03/21/2007 10:30:00,TMDL,14265-44-2,Orthophosphate (as P),Dissolved,,0.95,mg/l,True,0.02,,,365.1,UHL001,Actual,SW,Water,,,Clayton,07060004,River/Stream,,43.042488,-91.441209
6,11220014,Silver Creek at 172nd St. (Site SC04/SiCr1),03/21/2007 11:20:00,TMDL,14265-44-2,Orthophosphate (as P),Dissolved,,0.55,mg/l,True,0.02,,,365.1,UHL001,Actual,SW,Water,,,Clayton,07060004,River/Stream,,42.973151,-91.441907
6,11220017,Silver Creek near Luana (Site SiCr4),04/03/2007 09:45:00,TMDL,14265-44-2,Orthophosphate (as P),Dissolved,,0.51,mg/l,True,0.02,,,365.1,UHL001,Actual,SW,Water,,,Clayton,07060004,River/Stream,,43.016854,-91.46942
6,11220018,Unnamed Tributary to Silver Creek near Luana (Site SiCr5),04/17/2007 10:30:00,TMDL,14265-44-2,Orthophosphate (as P),Dissolved,,0.85,mg/l,True,0.02,,,365.1,UHL001,Actual,SW,Water,,,Clayton,07060004,River/Stream,,43.042488,-91.441209
6,11220014,Silver Creek at 172nd St. (Site SC04/SiCr1),04/17/2007 11:30:00,TMDL,14265-44-2,Orthophosphate (as P),Dissolved,,0.35,mg/l,True,0.02,,,365.1,UHL001,Actual,SW,Water,,,Clayton,07060004,River/Stream,,42.973151,-91.441907
6,11220017,Silver Creek near Luana (Site SiCr4),06/07/2007 11:05:00,TMDL,14265-44-2,Orthophosphate (as P),Dissolved,,0.06,mg/l,True,0.02,,,365.1,UHL001,Actual,SW,Water,,,Clayton,07060004,River/Stream,,43.016854,-91.46942
6,11220017,Silver Creek near Luana (Site SiCr4),06/20/2007 11:05:00,TMDL,14265-44-2,Orthophosphate (as P),Dissolved,,0.06,mg/l,True,0.02,,,365.1,UHL001,Actual,SW,Water,,,Clayton,07060004,River/Stream,,43.016854,-91.46942
6,11220014,Silver Creek at 172nd St. (Site SC04/SiCr1),09/24/2007 09:40:00,TMDL,14265-44-2,Orthophosphate (as P),Dissolved,,0.21,mg/l,True,0.02,,,365.1,UHL001,Actual,SW,Water,,,Clayton,07060004,River/Stream,,42.973151,-91.441907
6,11220020,Unnamed Trib to Silver Creek at 125th St. (SC08),07/16/2008 10:30:00,TMDL,14265-44-2,Orthophosphate (as P),Dissolved,,0.28,mg/l,True,0.02,,,365.1,UHL001,Actual,SW,Water,,,Clayton,07060004,River/Stream,,43.044508,-91.408351
6,11220014,Silver Creek at 172nd St. (Site SC04/SiCr1),07/16/2008 11:50:00,TMDL,14265-44-2,Orthophosphate (as P),Dissolved,,0.74,mg/l,True,0.02,,,365.1,UHL001,Actual,SW,Water,,,Clayton,07060004,River/Stream,,42.973151,-91.441907
6,11220018,Unnamed Tributary to Silver Creek near Luana (Site SiCr5),07/31/2008 10:10:00,TMDL,14265-44-2,Orthophosphate (as P),Dissolved,,2.6,mg/l,True,0.02,,,365.1,UHL001,Actual,SW,Water,,,Clayton,07060004,River/Stream,,43.042488,-91.441209
6,11220020,Unnamed Trib to Silver Creek at 125th St. (SC08),07/31/2008 12:15:00,TMDL,14265-44-2,Orthophosphate (as P),Dissolved,,0.46,mg/l,True,0.02,,,365.1,UHL001,Actual,SW,Water,,,Clayton,07060004,River/Stream,,43.044508,-91.408351
6,11220020,Unnamed Trib to Silver Creek at 125th St. (SC08),08/11/2008 10:45:00,TMDL,14265-44-2,Orthophosphate (as P),Dissolved,,2.2,mg/l,True,0.02,,,365.1,UHL001,Actual,SW,Water,,,Clayton,07060004,River/Stream,,43.044508,-91.408351
6,11220021,Creamery Effluent at Highway 52 near Luana,08/11/2008 10:20:00,TMDL,14265-44-2,Orthophosphate (as P),Dissolved,,3.4,mg/l,True,0.02,,,365.1,UHL001,Actual,SW,Water,,,Clayton,07060004,River/Stream,,43.051165,-91.439633
6,11220014,Silver Creek at 172nd St. (Site SC04/SiCr1),08/11/2008 09:30:00,TMDL,14265-44-2,Orthophosphate (as P),Dissolved,,2.4,mg/l,True,0.02,,,365.1,UHL001,Actual,SW,Water,,,Clayton,07060004,River/Stream,,42.973151,-91.441907
6,11220022,Roberts Creek near Postville (site rob1),08/13/2008 08:50:00,TMDL,14265-44-2,Orthophosphate (as P),Dissolved,,0.14,mg/l,True,0.02,,,365.1,UHL001,Actual,SW,Water,,,Clayton,07060004,River/Stream,,43.051131,-91.555721
6,11220014,Silver Creek at 172nd St. (Site SC04/SiCr1),08/27/2008 09:00:00,TMDL,14265-44-2,Orthophosphate (as P),Dissolved,,4.5,mg/l,True,0.02,,,365.1,UHL001,Actual,SW,Water,,,Clayton,07060004,River/Stream,,42.973151,-91.441907
6,11220021,Creamery Effluent at Highway 52 near Luana,08/27/2008 10:30:00,TMDL,14265-44-2,Orthophosphate (as P),Dissolved,,3.8,mg/l,True,0.02,,,365.1,UHL001,Actual,SW,Water,,,Clayton,07060004,River/Stream,,43.051165,-91.439633
6,11220020,Unnamed Trib to Silver Creek at 125th St. (SC08),09/11/2008 11:50:00,TMDL,14265-44-2,Orthophosphate (as P),Dissolved,,0.4,mg/l,True,0.02,,,365.1,UHL001,Actual,SW,Water,,,Clayton,07060004,River/Stream,,43.044508,-91.408351
6,11220014,Silver Creek at 172nd St. (Site SC04/SiCr1),09/11/2008 10:00:00,TMDL,14265-44-2,Orthophosphate (as P),Dissolved,,3.2,mg/l,True,0.02,,,365.1,UHL001,Actual,SW,Water,,,Clayton,07060004,River/Stream,,42.973151,-91.441907
6,11220018,Unnamed Tributary to Silver Creek near Luana (Site SiCr5),09/24/2008 11:50:00,TMDL,14265-44-2,Orthophosphate (as P),Dissolved,,3.6,mg/l,True,0.02,,,365.1,UHL001,Actual,SW,Water,,,Clayton,07060004,River/Stream,,43.042488,-91.441209
6,11220021,Creamery Effluent at Highway 52 near Luana,09/24/2008 12:30:00,TMDL,14265-44-2,Orthophosphate (as P),Dissolved,,3.5,mg/l,True,0.02,,,365.1,UHL001,Actual,SW,Water,,,Clayton,07060004,River/Stream,,43.051165,-91.439633
6,11220014,Silver Creek at 172nd St. (Site SC04/SiCr1),07/31/2008 09:05:00,TMDL,14265-44-2,Orthophosphate (as P),Dissolved,,0.2,mg/l,True,0.02,,,365.1,UHL001,Actual,SW,Water,,,Clayton,07060004,River/Stream,,42.973151,-91.441907
6,11220018,Unnamed Tributary to Silver Creek near Luana (Site SiCr5),10/07/2008 10:00:00,TMDL,14265-44-2,Orthophosphate (as P),Dissolved,,4.6,mg/l,True,0.02,,,365.1,UHL001,Actual,SW,Water,,,Clayton,07060004,River/Stream,,43.042488,-91.441209
6,11220021,Creamery Effluent at Highway 52 near Luana,10/07/2008 10:30:00,TMDL,14265-44-2,Orthophosphate (as P),Dissolved,,3.2,mg/l,True,0.02,,,365.1,UHL001,Actual,SW,Water,,,Clayton,07060004,River/Stream,,43.051165,-91.439633
6,11220014,Silver Creek at 172nd St. (Site SC04/SiCr1),10/07/2008 09:20:00,TMDL,14265-44-2,Orthophosphate (as P),Dissolved,,5.1,mg/l,True,0.02,,,365.1,UHL001,Actual,SW,Water,,,Clayton,07060004,River/Stream,,42.973151,-91.441907
6,15220002,Bloody Run Creek at Spook Cave (BRSC),09/24/1996 12:30:00,SNY319,14265-44-2,Orthophosphate (as P),Dissolved,,0.5,mg/l,False,0.5,,,300(A),SNY001,Actual,SW,Water,,,Clayton,07060001,River/Stream,,43.03326422,-91.30759437
6,11220023,Peck Creek at Osterdock (site pecr3),03/30/2011 09:20:00,TMDL,14265-44-2,Orthophosphate (as P),Dissolved,,0.04,mg/l,True,0.02,,,365.1,UHL001,Actual,SW,Water,,,Clayton,07060004,River/Stream,,42.695322,-91.166768
6,11220023,Peck Creek at Osterdock (site pecr3),04/14/2011 09:40:00,TMDL,14265-44-2,Orthophosphate (as P),Dissolved,,0.02,mg/l,True,0.02,,,365.1,UHL001,Actual,SW,Water,,,Clayton,07060004,River/Stream,,42.695322,-91.166768
6,11220023,Peck Creek at Osterdock (site pecr3),04/27/2011 12:20:00,TMDL,14265-44-2,Orthophosphate (as P),Dissolved,,0.09,mg/l,True,0.02,,,365.1,UHL001,Actual,SW,Water,,,Clayton,07060004,River/Stream,,42.695322,-91.166768
6,11220013,Peck Creek near Osterdock (Site PeC2),04/19/2011 18:14:00,TMDL,14265-44-2,Orthophosphate (as P),Dissolved,,0.16,mg/l,True,0.02,,,365.1,UHL002,Actual,SW,Water,,,Clayton,07060004,River/Stream,,42.714055,-91.153443
6,11220013,Peck Creek near Osterdock (Site PeC2),04/20/2011 05:14:00,TMDL,14265-44-2,Orthophosphate (as P),Dissolved,,0.22,mg/l,True,0.02,,,365.1,UHL002,Actual,SW,Water,,,Clayton,07060004,River/Stream,,42.714055,-91.153443
6,11220023,Peck Creek at Osterdock (site pecr3),06/22/2011 09:45:00,TMDL,14265-44-2,Orthophosphate (as P),Dissolved,,0.05,mg/l,True,0.02,,,365.1,UHL001,Actual,SW,Water,,,Clayton,07060004,River/Stream,,42.695322,-91.166768
6,11220013,Peck Creek near Osterdock (Site PeC2),05/09/2011 09:30:00,TMDL,14265-44-2,Orthophosphate (as P),Dissolved,,0.02,mg/l,True,0.02,,,365.1,UHL001,Actual,SW,Water,,,Clayton,07060004,River/Stream,,42.714055,-91.153443
6,11220023,Peck Creek at Osterdock (site pecr3),05/26/2011 08:10:00,TMDL,14265-44-2,Orthophosphate (as P),Dissolved,,0.05,mg/l,True,0.02,,,365.1,UHL001,Actual,SW,Water,,,Clayton,07060004,River/Stream,,42.695322,-91.166768
6,11220013,Peck Creek near Osterdock (Site PeC2),07/11/2011 13:10:00,TMDL,14265-44-2,Orthophosphate (as P),Dissolved,,0.07,mg/l,True,0.02,,,365.1,UHL001,Actual,SW,Water,,,Clayton,07060004,River/Stream,,42.714055,-91.153443
6,11220013,Peck Creek near Osterdock (Site PeC2),07/25/2011 10:10:00,TMDL,14265-44-2,Orthophosphate (as P),Dissolved,,0.06,mg/l,True,0.02,,,365.1,UHL001,Actual,SW,Water,,,Clayton,07060004,River/Stream,,42.714055,-91.153443
6,11220013,Peck Creek near Osterdock (Site PeC2),07/22/2011 11:44:00,TMDL,14265-44-2,Orthophosphate (as P),Dissolved,,0.1,mg/l,True,0.02,,,4500-P-E,UHL002,Actual,SW,Water,,,Clayton,07060004,River/Stream,,42.714055,-91.153443
6,11220023,Peck Creek at Osterdock (site pecr3),08/08/2011 10:00:00,TMDL,14265-44-2,Orthophosphate (as P),Dissolved,,0.06,mg/l,True,0.02,,,365.1,UHL001,Actual,SW,Water,,,Clayton,07060004,River/Stream,,42.695322,-91.166768
6,11220023,Peck Creek at Osterdock (site pecr3),08/24/2011 09:00:00,TMDL,14265-44-2,Orthophosphate (as P),Dissolved,,0.12,mg/l,True,0.02,,,365.1,UHL001,Actual,SW,Water,,,Clayton,07060004,River/Stream,,42.695322,-91.166768
6,11220013,Peck Creek near Osterdock (Site PeC2),09/07/2011 08:10:00,TMDL,14265-44-2,Orthophosphate (as P),Dissolved,,0.05,mg/l,True,0.02,,,365.1,UHL001,Actual,SW,Water,,,Clayton,07060004,River/Stream,,42.714055,-91.153443
6,11220013,Peck Creek near Osterdock (Site PeC2),09/22/2011 10:30:00,TMDL,14265-44-2,Orthophosphate (as P),Dissolved,,0.05,mg/l,True,0.02,,,365.1,UHL001,Actual,SW,Water,,,Clayton,07060004,River/Stream,,42.714055,-91.153443
6,11220013,Peck Creek near Osterdock (Site PeC2),10/11/2011 12:20:00,TMDL,14265-44-2,Orthophosphate (as P),Dissolved,,0.05,mg/l,True,0.02,,,365.1,UHL001,Actual,SW,Water,,,Clayton,07060004,River/Stream,,42.714055,-91.153443
6,11220023,Peck Creek at Osterdock (site pecr3),10/11/2011 09:30:00,TMDL,14265-44-2,Orthophosphate (as P),Dissolved,,0.06,mg/l,True,0.02,,,365.1,UHL001,Actual,SW,Water,,,Clayton,07060004,River/Stream,,42.695322,-91.166768
6,11220023,Peck Creek at Osterdock (site pecr3),10/24/2011 09:15:00,TMDL,14265-44-2,Orthophosphate (as P),Dissolved,,0.05,mg/l,True,0.02,,,365.1,UHL001,Actual,SW,Water,,,Clayton,07060004,River/Stream,,42.695322,-91.166768
6,12220002,North Cedar Creek-Public Access Area- Sny Magill,07/11/2011 13:50:00,AMBBIO,14265-44-2,Orthophosphate (as P),Dissolved,,0.07,mg/l,True,0.02,,,LAC10-115-01-1A,UHL001,Actual,SW,Water,,,Clayton,07060003,River/Stream,,42.96248573,-91.22933069
6,12220010,South Cedar Creek-Garnavillo-SoCed1,07/11/2011 09:40:00,AMBBIO,14265-44-2,Orthophosphate (as P),Dissolved,,0.05,mg/l,True,0.02,,,LAC10-115-01-1A,UHL001,Actual,SW,Water,,,Clayton,07060004,River/Stream,,42.8298658,-91.2442284
6,12220011,Buck Creek-Garnavillo (S.E. near Ceres),07/14/2011 11:30:00,AMBBIO,14265-44-2,Orthophosphate (as P),Dissolved,,0.06,mg/l,True,0.02,,,LAC10-115-01-1A,UHL001,Actual,SW,Water,,,Clayton,07060003,River/Stream,,42.8418987,-91.1678821
6,12220010,South Cedar Creek-Garnavillo-SoCed1,08/08/2011 14:00:00,AMBBIO,14265-44-2,Orthophosphate (as P),Dissolved,,0.08,mg/l,True,0.02,,,LAC10-115-01-1A,UHL001,Actual,SW,Water,,,Clayton,07060004,River/Stream,,42.8298658,-91.2442284
6,12220002,North Cedar Creek-Public Access Area- Sny Magill,08/11/2011 08:10:00,AMBBIO,14265-44-2,Orthophosphate (as P),Dissolved,,0.05,mg/l,True,0.02,,,LAC10-115-01-1A,UHL001,Actual,SW,Water,,,Clayton,07060003,River/Stream,,42.96248573,-91.22933069
6,12220010,South Cedar Creek-Garnavillo-SoCed1,09/20/2011 09:15:00,AMBBIO,14265-44-2,Orthophosphate (as P),Dissolved,,0.07,mg/l,True,0.02,,,LAC10-115-01-1A,UHL001,Actual,SW,Water,,,Clayton,07060004,River/Stream,,42.8298658,-91.2442284
6,12220002,North Cedar Creek-Public Access Area- Sny Magill,09/20/2011 11:40:00,AMBBIO,14265-44-2,Orthophosphate (as P),Dissolved,,0.04,mg/l,True,0.02,,,LAC10-115-01-1A,UHL001,Actual,SW,Water,,,Clayton,07060003,River/Stream,,42.96248573,-91.22933069
6,12220016,Bluebell Creek-Millville,05/28/2015 08:20:00,AMBBIO,14265-44-2,Orthophosphate (AS P),Dissolved,,0.12,mg/l,True,0.02,,,LAC10-115-01-1A,UHL001,Actual,SW,Water,,,Clayton,07060004,River/Stream,,42.68761645,-91.03553088
6,14000049,Mossy Glen Creek - Edgewood-Mossy Glen Preserve,07/20/2015 09:10:00,AMBBIO,14265-44-2,Orthophosphate (AS P),Dissolved,,0.08,mg/l,True,0.02,,,LAC10-115-01-1A,UHL001,Actual,SW,Water,,,Clayton,07060004,River/Stream,,42.7085,-91.426101
6,14000103,Unnamed Tributary to Volga River - Volga (UTVR2),09/21/2015 12:00:00,AMBBIO,14265-44-2,Orthophosphate (AS P),Dissolved,,0.06,mg/l,True,0.02,,,LAC10-115-01-1A,UHL001,Actual,SW,Water,,,Clayton,07060004,River/Stream,,42.836556,-91.562467
6,12220007,Maquoketa River-Strawberry Point-Maq2,09/12/2007 00:00:00,LEGACYAMBBIO,14265-44-2,Orthophosphate (AS P),Dissolved,,0.06,mg/l,True,0.02,,,4500-P-E,UHL001,Actual,SW,Water,,,Clayton,07060006,River/Stream,,42.669964,-91.594525
6,12220009,Buck Creek-Garnavillo-BuCr1,09/18/2007 00:00:00,LEGACYAMBBIO,14265-44-2,Orthophosphate (AS P),Dissolved,,0.1,mg/l,True,0.02,,,4500-P-E,UHL001,Actual,SW,Water,,,Clayton,07060003,River/Stream,,42.88706,-91.203849
6,12220008,Brownfield Creek-Colesburg-BroCr1,09/18/2007 00:00:00,LEGACYAMBBIO,14265-44-2,Orthophosphate (AS P),Dissolved,,0.07,mg/l,True,0.02,,,4500-P-E,UHL001,Actual,SW,Water,,,Clayton,07060004,River/Stream,,42.656774,-91.24807
6,12220010,South Cedar Creek-Garnavillo-SoCed1,09/18/2007 00:00:00,LEGACYAMBBIO,14265-44-2,Orthophosphate (AS P),Dissolved,,0.1,mg/l,True,0.02,,,4500-P-E,UHL001,Actual,SW,Water,,,Clayton,07060004,River/Stream,,42.8298658,-91.2442284
6,12220016,Bluebell Creek-Millville,06/10/2013 12:30:00,AMBBIO,14265-44-2,Orthophosphate (AS P),Dissolved,,0.1,mg/l,True,0.02,,,LAC10-115-01-1A,UHL001,Actual,SW,Water,,,Clayton,07060004,River/Stream,,42.68761645,-91.03553088
6,12220014,Doe Creek-Littleport,07/30/2013 08:45:00,AMBBIO,14265-44-2,Orthophosphate (AS P),Dissolved,,0.06,mg/l,True,0.02,,,LAC10-115-01-1A,UHL001,Actual,SW,Water,,,Clayton,07060004,River/Stream,,42.72758663,-91.36722113
6,12220013,Honey Creek-Littleport-HW60,07/30/2013 13:15:00,AMBBIO,14265-44-2,Orthophosphate (AS P),Dissolved,,0.05,mg/l,True,0.02,,,LAC10-115-01-1A,UHL001,Actual,SW,Water,,,Clayton,07060004,River/Stream,,42.72517921,-91.44927689
6,12220011,Buck Creek-Garnavillo (S.E. near Ceres),08/05/2013 12:30:00,AMBBIO,14265-44-2,Orthophosphate (AS P),Dissolved,,0.06,mg/l,True,0.02,,,LAC10-115-01-1A,UHL001,Actual,SW,Water,,,Clayton,07060003,River/Stream,,42.8418987,-91.1678821
6,12220015,Wolf Creek-Volga,09/17/2013 07:45:00,AMBBIO,14265-44-2,Orthophosphate (AS P),Dissolved,,0.03,mg/l,True,0.02,,,4500-P-E,UHL001,Actual,SW,Water,,,Clayton,07060004,River/Stream,,42.816033,-91.525647
6,12220012,Cox Creek (aka Alderson Hollow)-Strawberry Point,09/17/2013 12:00:00,AMBBIO,14265-44-2,Orthophosphate (AS P),Dissolved,,0.06,mg/l,True,0.02,,,4500-P-E,UHL001,Actual,SW,Water,,,Clayton,07060004,River/Stream,,42.7045269,-91.5006885
6,12220016,Bluebell Creek-Millville,05/27/2014 09:25:00,AMBBIO,14265-44-2,Orthophosphate (AS P),Dissolved,,0.06,mg/l,True,0.02,,,LAC10-115-01-1A,UHL001,Actual,SW,Water,,,Clayton,07060004,River/Stream,,42.68761645,-91.03553088
6,14000104,Unnamed Tributary to Volga River - Volga (UTVR1),07/22/2014 07:45:00,AMBBIO,14265-44-2,Orthophosphate (AS P),Dissolved,,0.04,mg/l,True,0.02,,,LAC10-115-01-1A,UHL001,Actual,SW,Water,,,Clayton,07060004,River/Stream,,42.814928,-91.580019
6,12220002,North Cedar Creek-Public Access Area- Sny Magill,08/05/2014 08:25:00,AMBBIO,14265-44-2,Orthophosphate (AS P),Dissolved,,0.06,mg/l,True,0.02,,,LAC10-115-01-1A,UHL001,Actual,SW,Water,,,Clayton,07060003,River/Stream,,42.96248573,-91.22933069
6,11220014,Silver Creek at 172nd St. (Site SC04/SiCr1),08/14/2014 11:10:00,AMBBIO,14265-44-2,Orthophosphate (AS P),Dissolved,,0.02,mg/l,True,0.02,,,LAC10-115-01-1A,UHL001,Actual,SW,Water,,,Clayton,07060004,River/Stream,,42.973151,-91.441907
6,14000133,Silver Creek near Luana,08/14/2014 08:35:00,AMBBIO,14265-44-2,Orthophosphate (AS P),Dissolved,,0.07,mg/l,True,0.02,,,LAC10-115-01-1A,UHL001,Actual,SW,Water,,,Clayton,07060004,River/Stream,,43.00276,-91.45235
6,14000097,Unnamed Tributary to Turkey River - Elgin (Site 6),09/24/2014 08:15:00,AMBBIO,14265-44-2,Orthophosphate (AS P),Dissolved,,0.08,mg/l,True,0.02,,,LAC10-115-01-1A,UHL001,Actual,SW,Water,,,Clayton,07060004,River/Stream,,42.987802,-91.564454
6,12220013,Honey Creek-Littleport-HW60,07/23/2012 14:40:00,AMBBIO,14265-44-2,Orthophosphate (AS P),Dissolved,,0.05,mg/l,True,0.02,,,LAC10-115-01-1A,UHL001,Actual,SW,Water,,,Clayton,07060004,River/Stream,,42.72517921,-91.44927689
6,12220014,Doe Creek-Littleport,07/23/2012 09:00:00,AMBBIO,14265-44-2,Orthophosphate (AS P),Dissolved,,0.06,mg/l,True,0.02,,,LAC10-115-01-1A,UHL001,Actual,SW,Water,,Analytical holding time was exceeded due to transport time between facilities.,Clayton,07060004,River/Stream,,42.72758663,-91.36722113
6,12220015,Wolf Creek-Volga,09/10/2012 09:00:00,AMBBIO,14265-44-2,Orthophosphate (AS P),Dissolved,,0.04,mg/l,True,0.02,,,LAC10-115-01-1A,UHL001,Actual,SW,Water,,,Clayton,07060004,River/Stream,,42.816033,-91.525647
6,14000076,Unnamed Tributary to Cox Creek - Volga,05/23/2016 10:00:00,AMBBIO,14265-44-2,Orthophosphate (AS P),Dissolved,,0.04,mg/l,True,0.02,,,LAC10-115-01-1A,UHL001,Actual,SW,Water,,,Clayton,07060004,River/Stream,,42.752911,-91.464324
6,12220002,North Cedar Creek-Public Access Area- Sny Magill,08/31/2016 09:15:00,AMBBIO,14265-44-2,Orthophosphate (AS P),Dissolved,,0.08,mg/l,True,0.02,,,LAC10-115-01-1A,UHL001,Actual,SW,Water,,,Clayton,07060003,River/Stream,,42.96248573,-91.22933069
6,12220002,North Cedar Creek-Public Access Area- Sny Magill,07/17/2017 09:15:00,AMBBIO,14265-44-2,Orthophosphate (AS P),Dissolved,,0.07,mg/l,True,0.02,,,LAC10-115-01-1A,UHL001,Actual,SW,Water,,,Clayton,07060003,River/Stream,,42.96248573,-91.22933069
6,14000225,Wolf Creek,08/28/2017 07:00:00,AMBBIO,14265-44-2,Orthophosphate (AS P),Dissolved,,0.12,mg/l,True,0.02,,,LAC10-115-01-1A,UHL001,Actual,SW,Water,,Sample exceeded required temperature upon receipt. Collection time of sample to receipt in laboratory was outside the acceptable limits.,Clayton,07060004,River/Stream,,42.72829,-91.29208
6,12220002,North Cedar Creek-Public Access Area- Sny Magill,07/24/2018 08:45:00,AMBBIO,14265-44-2,Orthophosphate (AS P),Dissolved,,0.05,mg/l,True,0.02,,,LAC10-115-01-1A,UHL001,Actual,SW,Water,,,Clayton,07060003,River/Stream,,42.96248573,-91.22933069
6,14000104,Unnamed Tributary to Volga River - Volga (UTVR1),07/31/2018 11:15:00,AMBBIO,14265-44-2,Orthophosphate (AS P),Dissolved,,0.03,mg/l,True,0.02,,,LAC10-115-01-1A,UHL001,Actual,SW,Water,,,Clayton,07060004,River/Stream,,42.814928,-91.580019
6,11220014,Silver Creek at 172nd St. (Site SC04/SiCr1),08/20/2018 10:10:00,AMBBIO,14265-44-2,Orthophosphate (AS P),Dissolved,,0.16,mg/l,True,0.02,,,LAC10-115-01-1A,UHL001,Actual,SW,Water,,,Clayton,07060004,River/Stream,,42.973151,-91.441907
6,14000049,Mossy Glen Creek - Edgewood-Mossy Glen Preserve,07/15/2019 09:30:00,AMBBIO,14265-44-2,Orthophosphate (AS P),Dissolved,,0.05,mg/l,True,0.02,,,LAC10-115-01-1A,UHL001,Actual,SW,Water,,,Clayton,07060004,River/Stream,,42.7085,-91.426101
6,12220002,North Cedar Creek-Public Access Area- Sny Magill,07/17/2019 07:40:00,AMBBIO,14265-44-2,Orthophosphate (AS P),Dissolved,,0.04,mg/l,True,0.02,,,LAC10-115-01-1A,UHL001,Actual,SW,Water,,,Clayton,07060003,River/Stream,,42.96248573,-91.22933069
6,14000336,Sny McGill- North Cedar WMA,06/09/2020 11:30:00,AMBWETLAND,14265-44-2,Orthophosphate (AS P),Dissolved,,0.02,mg/l,False,0.02,,,LAC10-115-01-1A,UHL001,Actual,SW,Water,,,Clayton,07060003,Wetland-Riverine,,42.9545,-91.199
6,14000336,Sny McGill- North Cedar WMA,07/28/2020 11:15:00,AMBWETLAND,14265-44-2,Orthophosphate (AS P),Dissolved,,0.02,mg/l,False,0.02,,,LAC10-115-01-1A,UHL001,Actual,SW,Water,,,Clayton,07060003,Wetland-Riverine,,42.9545,-91.199
6,15220007,Sny Magill North Tributary (SNT),09/28/1994 11:10:00,SNY319,14265-44-2,Orthophosphate (as P),Dissolved,,0.5,mg/l,False,0.5,,,300(A),SNY001,Actual,SW,Water,,,Clayton,07060003,River/Stream,,42.96850981,-91.22439501
6,15220008,West Fork Sny Magill Creek  (SNWF),09/28/1994 11:40:00,SNY319,14265-44-2,Orthophosphate (as P),Dissolved,,0.5,mg/l,False,0.5,,,300(A),SNY001,Actual,SW,Water,,,Clayton,07060003,River/Stream,,42.97628121,-91.23730654
6,15220004,Sny Magill Creek Site #1 (SN01),10/11/1994 14:20:00,SNY319,14265-44-2,Orthophosphate (as P),Dissolved,,0.5,mg/l,False,0.5,,,300(A),SNY001,Actual,SW,Water,,,Clayton,07060003,River/Stream,,42.94880662,-91.18632674
6,15220004,Sny Magill Creek Site #1 (SN01),10/18/1994 13:00:00,SNY319,14265-44-2,Orthophosphate (as P),Dissolved,,0.5,mg/l,False,0.5,,,300(A),SNY001,Actual,SW,Water,,,Clayton,07060003,River/Stream,,42.94880662,-91.18632674
6,15220004,Sny Magill Creek Site #1 (SN01),11/01/1994 13:10:00,SNY319,14265-44-2,Orthophosphate (as P),Dissolved,,0.5,mg/l,False,0.5,,,300(A),SNY001,Actual,SW,Water,,,Clayton,07060003,River/Stream,,42.94880662,-91.18632674
6,15220004,Sny Magill Creek Site #1 (SN01),11/08/1994 16:00:00,SNY319,14265-44-2,Orthophosphate (as P),Dissolved,,0.5,mg/l,False,0.5,,,300(A),SNY001,Actual,SW,Water,,,Clayton,07060003,River/Stream,,42.94880662,-91.18632674
6,15220004,Sny Magill Creek Site #1 (SN01),11/22/1994 13:40:00,SNY319,14265-44-2,Orthophosphate (as P),Dissolved,,0.5,mg/l,False,0.5,,,300(A),SNY001,Actual,SW,Water,,,Clayton,07060003,River/Stream,,42.94880662,-91.18632674
6,15220004,Sny Magill Creek Site #1 (SN01),11/29/1994 10:30:00,SNY319,14265-44-2,Orthophosphate (as P),Dissolved,,0.5,mg/l,False,0.5,,,300(A),SNY001,Actual,SW,Water,,,Clayton,07060003,River/Stream,,42.94880662,-91.18632674
6,15220004,Sny Magill Creek Site #1 (SN01),12/20/1994 11:40:00,SNY319,14265-44-2,Orthophosphate (as P),Dissolved,,0.5,mg/l,False,0.5,,,300(A),SNY001,Actual,SW,Water,,,Clayton,07060003,River/Stream,,42.94880662,-91.18632674
6,15220006,Sny Magill Creek Site #3 (SN03),10/04/1994 14:00:00,SNY319,14265-44-2,Orthophosphate (as P),Dissolved,,0.5,mg/l,False,0.5,,,300(A),SNY001,Actual,SW,Water,,,Clayton,07060003,River/Stream,,42.98149721,-91.24097377
6,15220005,Sny Magill Creek Site #2 (SN02),12/27/1994 10:35:00,SNY319,14265-44-2,Orthophosphate (as P),Dissolved,,0.5,mg/l,False,0.5,,,300(A),SNY001,Actual,SW,Water,,,Clayton,07060003,River/Stream,,42.96808222,-91.22331192
6,15220006,Sny Magill Creek Site #3 (SN03),11/01/1994 12:15:00,SNY319,14265-44-2,Orthophosphate (as P),Dissolved,,0.5,mg/l,False,0.5,,,300(A),SNY001,Actual,SW,Water,,,Clayton,07060003,River/Stream,,42.98149721,-91.24097377
6,15220006,Sny Magill Creek Site #3 (SN03),11/08/1994 16:45:00,SNY319,14265-44-2,Orthophosphate (as P),Dissolved,,0.5,mg/l,False,0.5,,,300(A),SNY001,Actual,SW,Water,,,Clayton,07060003,River/Stream,,42.98149721,-91.24097377
6,15220006,Sny Magill Creek Site #3 (SN03),12/06/1994 11:15:00,SNY319,14265-44-2,Orthophosphate (as P),Dissolved,,0.5,mg/l,False,0.5,,,300(A),SNY001,Actual,SW,Water,,,Clayton,07060003,River/Stream,,42.98149721,-91.24097377
6,15220006,Sny Magill Creek Site #3 (SN03),12/13/1994 14:45:00,SNY319,14265-44-2,Orthophosphate (as P),Dissolved,,0.5,mg/l,False,0.5,,,300(A),SNY001,Actual,SW,Water,,,Clayton,07060003,River/Stream,,42.98149721,-91.24097377
6,15220007,Sny Magill North Tributary (SNT),11/29/1994 11:00:00,SNY319,14265-44-2,Orthophosphate (as P),Dissolved,,0.5,mg/l,False,0.5,,,300(A),SNY001,Actual,SW,Water,,,Clayton,07060003,River/Stream,,42.96850981,-91.22439501
6,15220007,Sny Magill North Tributary (SNT),12/27/1994 10:50:00,SNY319,14265-44-2,Orthophosphate (as P),Dissolved,,0.5,mg/l,False,0.5,,,300(A),SNY001,Actual,SW,Water,,,Clayton,07060003,River/Stream,,42.96850981,-91.22439501
6,15220008,West Fork Sny Magill Creek  (SNWF),10/25/1994 10:35:00,SNY319,14265-44-2,Orthophosphate (as P),Dissolved,,0.5,mg/l,False,0.5,,,300(A),SNY001,Actual,SW,Water,,,Clayton,07060003,River/Stream,,42.97628121,-91.23730654
6,15220008,West Fork Sny Magill Creek  (SNWF),11/01/1994 11:45:00,SNY319,14265-44-2,Orthophosphate (as P),Dissolved,,0.8,mg/l,True,0.5,,,300(A),SNY001,Actual,SW,Water,,,Clayton,07060003,River/Stream,,42.97628121,-91.23730654
6,15220008,West Fork Sny Magill Creek  (SNWF),11/29/1994 11:25:00,SNY319,14265-44-2,Orthophosphate (as P),Dissolved,,0.5,mg/l,False,0.5,,,300(A),SNY001,Actual,SW,Water,,,Clayton,07060003,River/Stream,,42.97628121,-91.23730654
6,15220008,West Fork Sny Magill Creek  (SNWF),12/06/1994 12:45:00,SNY319,14265-44-2,Orthophosphate (as P),Dissolved,,0.5,mg/l,False,0.5,,,300(A),SNY001,Actual,SW,Water,,,Clayton,07060003,River/Stream,,42.97628121,-91.23730654
6,15220004,Sny Magill Creek Site #1 (SN01),01/03/1995 10:30:00,SNY319,14265-44-2,Orthophosphate (as P),Dissolved,,0.5,mg/l,False,0.5,,,300(A),SNY001,Actual,SW,Water,,,Clayton,07060003,River/Stream,,42.94880662,-91.18632674
6,15220004,Sny Magill Creek Site #1 (SN01),01/24/1995 13:35:00,SNY319,14265-44-2,Orthophosphate (as P),Dissolved,,0.5,mg/l,False,0.5,,,300(A),SNY001,Actual,SW,Water,,,Clayton,07060003,River/Stream,,42.94880662,-91.18632674
6,15220004,Sny Magill Creek Site #1 (SN01),02/14/1995 12:50:00,SNY319,14265-44-2,Orthophosphate (as P),Dissolved,,0.85,mg/l,True,0.5,,,300(A),SNY001,Actual,SW,Water,,,Clayton,07060003,River/Stream,,42.94880662,-91.18632674
6,15220004,Sny Magill Creek Site #1 (SN01),02/21/1995 13:00:00,SNY319,14265-44-2,Orthophosphate (as P),Dissolved,,0.5,mg/l,False,0.5,,,300(A),SNY001,Actual,SW,Water,,,Clayton,07060003,River/Stream,,42.94880662,-91.18632674
6,15220004,Sny Magill Creek Site #1 (SN01),03/07/1995 13:00:00,SNY319,14265-44-2,Orthophosphate (as P),Dissolved,,0.5,mg/l,False,0.5,,,300(A),SNY001,Actual,SW,Water,,,Clayton,07060003,River/Stream,,42.94880662,-91.18632674
6,15220004,Sny Magill Creek Site #1 (SN01),03/14/1995 14:45:00,SNY319,14265-44-2,Orthophosphate (as P),Dissolved,,0.5,mg/l,False,0.5,,,300(A),SNY001,Actual,SW,Water,,,Clayton,07060003,River/Stream,,42.94880662,-91.18632674
6,15220004,Sny Magill Creek Site #1 (SN01),04/04/1995 13:40:00,SNY319,14265-44-2,Orthophosphate (as P),Dissolved,,0.5,mg/l,False,0.5,,,300(A),SNY001,Actual,SW,Water,,,Clayton,07060003,River/Stream,,42.94880662,-91.18632674
6,15220004,Sny Magill Creek Site #1 (SN01),04/25/1995 09:50:00,SNY319,14265-44-2,Orthophosphate (as P),Dissolved,,0.5,mg/l,False,0.5,,,300(A),SNY001,Actual,SW,Water,,,Clayton,07060003,River/Stream,,42.94880662,-91.18632674
6,15220004,Sny Magill Creek Site #1 (SN01),05/16/1995 12:50:00,SNY319,14265-44-2,Orthophosphate (as P),Dissolved,,0.5,mg/l,False,0.5,,,300(A),SNY001,Actual,SW,Water,,,Clayton,07060003,River/Stream,,42.94880662,-91.18632674
6,15220004,Sny Magill Creek Site #1 (SN01),06/13/1995 14:15:00,SNY319,14265-44-2,Orthophosphate (as P),Dissolved,,0.5,mg/l,False,0.5,,,300(A),SNY001,Actual,SW,Water,,,Clayton,07060003,River/Stream,,42.94880662,-91.18632674
6,15220004,Sny Magill Creek Site #1 (SN01),06/27/1995 14:45:00,SNY319,14265-44-2,Orthophosphate (as P),Dissolved,,0.5,mg/l,False,0.5,,,300(A),SNY001,Actual,SW,Water,,,Clayton,07060003,River/Stream,,42.94880662,-91.18632674
6,15220004,Sny Magill Creek Site #1 (SN01),06/06/1995 10:50:00,SNY319,14265-44-2,Orthophosphate (as P),Dissolved,,0.5,mg/l,False,0.5,,,300(A),SNY001,Actual,SW,Water,,,Clayton,07060003,River/Stream,,42.94880662,-91.18632674
6,15220004,Sny Magill Creek Site #1 (SN01),07/04/1995 15:00:00,SNY319,14265-44-2,Orthophosphate (as P),Dissolved,,0.5,mg/l,False,0.5,,,300(A),SNY001,Actual,SW,Water,,,Clayton,07060003,River/Stream,,42.94880662,-91.18632674
6,15220004,Sny Magill Creek Site #1 (SN01),07/25/1995 17:20:00,SNY319,14265-44-2,Orthophosphate (as P),Dissolved,,0.5,mg/l,False,0.5,,,300(A),SNY001,Actual,SW,Water,,,Clayton,07060003,River/Stream,,42.94880662,-91.18632674
6,15220004,Sny Magill Creek Site #1 (SN01),08/15/1995 15:50:00,SNY319,14265-44-2,Orthophosphate (as P),Dissolved,,0.5,mg/l,False,0.5,,,300(A),SNY001,Actual,SW,Water,,,Clayton,07060003,River/Stream,,42.94880662,-91.18632674
6,15220004,Sny Magill Creek Site #1 (SN01),08/22/1995 14:30:00,SNY319,14265-44-2,Orthophosphate (as P),Dissolved,,0.5,mg/l,False,0.5,,,300(A),SNY001,Actual,SW,Water,,,Clayton,07060003,River/Stream,,42.94880662,-91.18632674
6,15220004,Sny Magill Creek Site #1 (SN01),09/05/1995 12:40:00,SNY319,14265-44-2,Orthophosphate (as P),Dissolved,,0.5,mg/l,False,0.5,,,300(A),SNY001,Actual,SW,Water,,,Clayton,07060003,River/Stream,,42.94880662,-91.18632674
6,15220004,Sny Magill Creek Site #1 (SN01),09/12/1995 13:00:00,SNY319,14265-44-2,Orthophosphate (as P),Dissolved,,0.5,mg/l,False,0.5,,,300(A),SNY001,Actual,SW,Water,,,Clayton,07060003,River/Stream,,42.94880662,-91.18632674
6,15220005,Sny Magill Creek Site #2 (SN02),01/31/1995 11:15:00,SNY319,14265-44-2,Orthophosphate (as P),Dissolved,,0.5,mg/l,False,0.5,,,300(A),SNY001,Actual,SW,Water,,,Clayton,07060003,River/Stream,,42.96808222,-91.22331192
6,15220005,Sny Magill Creek Site #2 (SN02),02/28/1995 10:20:00,SNY319,14265-44-2,Orthophosphate (as P),Dissolved,,0.5,mg/l,False,0.5,,,300(A),SNY001,Actual,SW,Water,,,Clayton,07060003,River/Stream,,42.96808222,-91.22331192
6,15220005,Sny Magill Creek Site #2 (SN02),03/28/1995 12:20:00,SNY319,14265-44-2,Orthophosphate (as P),Dissolved,,0.5,mg/l,False,0.5,,,300(A),SNY001,Actual,SW,Water,,,Clayton,07060003,River/Stream,,42.96808222,-91.22331192
6,15220005,Sny Magill Creek Site #2 (SN02),06/27/1995 15:10:00,SNY319,14265-44-2,Orthophosphate (as P),Dissolved,,0.5,mg/l,False,0.5,,,300(A),SNY001,Actual,SW,Water,,,Clayton,07060003,River/Stream,,42.96808222,-91.22331192
6,15220005,Sny Magill Creek Site #2 (SN02),07/25/1995 17:50:00,SNY319,14265-44-2,Orthophosphate (as P),Dissolved,,0.5,mg/l,False,0.5,,,300(A),SNY001,Actual,SW,Water,,,Clayton,07060003,River/Stream,,42.96808222,-91.22331192
6,15220005,Sny Magill Creek Site #2 (SN02),08/29/1995 15:25:00,SNY319,14265-44-2,Orthophosphate (as P),Dissolved,,0.5,mg/l,False,0.5,,,300(A),SNY001,Actual,SW,Water,,,Clayton,07060003,River/Stream,,42.96808222,-91.22331192
6,15220006,Sny Magill Creek Site #3 (SN03),01/10/1995 13:55:00,SNY319,14265-44-2,Orthophosphate (as P),Dissolved,,0.5,mg/l,False,0.5,,,300(A),SNY001,Actual,SW,Water,,,Clayton,07060003,River/Stream,,42.98149721,-91.24097377
6,15220006,Sny Magill Creek Site #3 (SN03),01/17/1995 12:00:00,SNY319,14265-44-2,Orthophosphate (as P),Dissolved,,0.5,mg/l,False,0.5,,,300(A),SNY001,Actual,SW,Water,,,Clayton,07060003,River/Stream,,42.98149721,-91.24097377
6,15220006,Sny Magill Creek Site #3 (SN03),02/14/1995 13:20:00,SNY319,14265-44-2,Orthophosphate (as P),Dissolved,,0.5,mg/l,False,0.5,,,300(A),SNY001,Actual,SW,Water,,,Clayton,07060003,River/Stream,,42.98149721,-91.24097377
6,15220006,Sny Magill Creek Site #3 (SN03),02/21/1995 12:00:00,SNY319,14265-44-2,Orthophosphate (as P),Dissolved,,0.5,mg/l,False,0.5,,,300(A),SNY001,Actual,SW,Water,,,Clayton,07060003,River/Stream,,42.98149721,-91.24097377
6,15220006,Sny Magill Creek Site #3 (SN03),03/21/1995 11:20:00,SNY319,14265-44-2,Orthophosphate (as P),Dissolved,,0.5,mg/l,False,0.5,,,300(A),SNY001,Actual,SW,Water,,,Clayton,07060003,River/Stream,,42.98149721,-91.24097377
6,15220006,Sny Magill Creek Site #3 (SN03),03/28/1995 13:00:00,SNY319,14265-44-2,Orthophosphate (as P),Dissolved,,0.5,mg/l,False,0.5,,,300(A),SNY001,Actual,SW,Water,,,Clayton,07060003,River/Stream,,42.98149721,-91.24097377
6,15220006,Sny Magill Creek Site #3 (SN03),04/25/1995 10:35:00,SNY319,14265-44-2,Orthophosphate (as P),Dissolved,,0.5,mg/l,False,0.5,,,300(A),SNY001,Actual,SW,Water,,,Clayton,07060003,River/Stream,,42.98149721,-91.24097377
6,15220006,Sny Magill Creek Site #3 (SN03),05/02/1995 12:00:00,SNY319,14265-44-2,Orthophosphate (as P),Dissolved,,0.5,mg/l,False,0.5,,,300(A),SNY001,Actual,SW,Water,,,Clayton,07060003,River/Stream,,42.98149721,-91.24097377
6,15220006,Sny Magill Creek Site #3 (SN03),05/30/1995 13:00:00,SNY319,14265-44-2,Orthophosphate (as P),Dissolved,,0.5,mg/l,False,0.5,,,300(A),SNY001,Actual,SW,Water,,,Clayton,07060003,River/Stream,,42.98149721,-91.24097377
6,15220006,Sny Magill Creek Site #3 (SN03),06/06/1995 09:30:00,SNY319,14265-44-2,Orthophosphate (as P),Dissolved,,0.5,mg/l,False,0.5,,,300(A),SNY001,Actual,SW,Water,,,Clayton,07060003,River/Stream,,42.98149721,-91.24097377
6,15220006,Sny Magill Creek Site #3 (SN03),07/04/1995 14:05:00,SNY319,14265-44-2,Orthophosphate (as P),Dissolved,,0.5,mg/l,False,0.5,,,300(A),SNY001,Actual,SW,Water,,,Clayton,07060003,River/Stream,,42.98149721,-91.24097377
6,15220006,Sny Magill Creek Site #3 (SN03),07/11/1995 17:40:00,SNY319,14265-44-2,Orthophosphate (as P),Dissolved,,0.5,mg/l,False,0.5,,,300(A),SNY001,Actual,SW,Water,,,Clayton,07060003,River/Stream,,42.98149721,-91.24097377
6,15220006,Sny Magill Creek Site #3 (SN03),08/08/1995 15:45:00,SNY319,14265-44-2,Orthophosphate (as P),Dissolved,,0.5,mg/l,False,0.5,,,300(A),SNY001,Actual,SW,Water,,,Clayton,07060003,River/Stream,,42.98149721,-91.24097377
6,15220006,Sny Magill Creek Site #3 (SN03),08/15/1995 16:40:00,SNY319,14265-44-2,Orthophosphate (as P),Dissolved,,0.5,mg/l,False,0.5,,,300(A),SNY001,Actual,SW,Water,,,Clayton,07060003,River/Stream,,42.98149721,-91.24097377
6,15220006,Sny Magill Creek Site #3 (SN03),09/12/1995 13:30:00,SNY319,14265-44-2,Orthophosphate (as P),Dissolved,,0.5,mg/l,False,0.5,,,300(A),SNY001,Actual,SW,Water,,,Clayton,07060003,River/Stream,,42.98149721,-91.24097377
6,15220006,Sny Magill Creek Site #3 (SN03),09/19/1995 12:10:00,SNY319,14265-44-2,Orthophosphate (as P),Dissolved,,0.5,mg/l,False,0.5,,,300(A),SNY001,Actual,SW,Water,,,Clayton,07060003,River/Stream,,42.98149721,-91.24097377
6,15220006,Sny Magill Creek Site #3 (SN03),09/26/1995 15:15:00,SNY319,14265-44-2,Orthophosphate (as P),Dissolved,,0.5,mg/l,False,0.5,,,300(A),SNY001,Actual,SW,Water,,,Clayton,07060003,River/Stream,,42.98149721,-91.24097377
6,15220007,Sny Magill North Tributary (SNT),03/28/1995 12:40:00,SNY319,14265-44-2,Orthophosphate (as P),Dissolved,,0.5,mg/l,False,0.5,,,300(A),SNY001,Actual,SW,Water,,,Clayton,07060003,River/Stream,,42.96850981,-91.22439501
6,15220007,Sny Magill North Tributary (SNT),04/25/1995 10:25:00,SNY319,14265-44-2,Orthophosphate (as P),Dissolved,,0.5,mg/l,False,0.5,,,300(A),SNY001,Actual,SW,Water,,,Clayton,07060003,River/Stream,,42.96850981,-91.22439501
6,15220007,Sny Magill North Tributary (SNT),05/30/1995 14:45:00,SNY319,14265-44-2,Orthophosphate (as P),Dissolved,,0.5,mg/l,False,0.5,,,300(A),SNY001,Actual,SW,Water,,,Clayton,07060003,River/Stream,,42.96850981,-91.22439501
6,15220007,Sny Magill North Tributary (SNT),08/29/1995 15:55:00,SNY319,14265-44-2,Orthophosphate (as P),Dissolved,,0.5,mg/l,False,0.5,,,300(A),SNY001,Actual,SW,Water,,,Clayton,07060003,River/Stream,,42.96850981,-91.22439501
6,15220007,Sny Magill North Tributary (SNT),09/26/1995 15:00:00,SNY319,14265-44-2,Orthophosphate (as P),Dissolved,,0.5,mg/l,False,0.5,,,300(A),SNY001,Actual,SW,Water,,,Clayton,07060003,River/Stream,,42.96850981,-91.22439501
6,15220008,West Fork Sny Magill Creek  (SNWF),01/24/1995 14:20:00,SNY319,14265-44-2,Orthophosphate (as P),Dissolved,,0.5,mg/l,False,0.5,,,300(A),SNY001,Actual,SW,Water,,,Clayton,07060003,River/Stream,,42.97628121,-91.23730654
6,15220008,West Fork Sny Magill Creek  (SNWF),01/03/1995 12:00:00,SNY319,14265-44-2,Orthophosphate (as P),Dissolved,,0.5,mg/l,False,0.5,,,300(A),SNY001,Actual,SW,Water,,,Clayton,07060003,River/Stream,,42.97628121,-91.23730654
6,15220008,West Fork Sny Magill Creek  (SNWF),01/31/1995 12:00:00,SNY319,14265-44-2,Orthophosphate (as P),Dissolved,,0.5,mg/l,False,0.5,,,300(A),SNY001,Actual,SW,Water,,,Clayton,07060003,River/Stream,,42.97628121,-91.23730654
6,15220008,West Fork Sny Magill Creek  (SNWF),02/07/1995 11:00:00,SNY319,14265-44-2,Orthophosphate (as P),Dissolved,,0.5,mg/l,False,0.5,,,300(A),SNY001,Actual,SW,Water,,,Clayton,07060003,River/Stream,,42.97628121,-91.23730654
6,15220008,West Fork Sny Magill Creek  (SNWF),02/28/1995 10:55:00,SNY319,14265-44-2,Orthophosphate (as P),Dissolved,,0.5,mg/l,False,0.5,,,300(A),SNY001,Actual,SW,Water,,,Clayton,07060003,River/Stream,,42.97628121,-91.23730654
6,15220008,West Fork Sny Magill Creek  (SNWF),03/07/1995 11:00:00,SNY319,14265-44-2,Orthophosphate (as P),Dissolved,,0.5,mg/l,False,0.5,,,300(A),SNY001,Actual,SW,Water,,,Clayton,07060003,River/Stream,,42.97628121,-91.23730654
6,15220008,West Fork Sny Magill Creek  (SNWF),04/04/1995 14:30:00,SNY319,14265-44-2,Orthophosphate (as P),Dissolved,,0.5,mg/l,False,0.5,,,300(A),SNY001,Actual,SW,Water,,,Clayton,07060003,River/Stream,,42.97628121,-91.23730654
6,15220008,West Fork Sny Magill Creek  (SNWF),04/11/1995 14:10:00,SNY319,14265-44-2,Orthophosphate (as P),Dissolved,,0.5,mg/l,False,0.5,,,300(A),SNY001,Actual,SW,Water,,,Clayton,07060003,River/Stream,,42.97628121,-91.23730654
6,15220008,West Fork Sny Magill Creek  (SNWF),05/09/1995 14:50:00,SNY319,14265-44-2,Orthophosphate (as P),Dissolved,,0.5,mg/l,False,0.5,,,300(A),SNY001,Actual,SW,Water,,,Clayton,07060003,River/Stream,,42.97628121,-91.23730654
6,15220008,West Fork Sny Magill Creek  (SNWF),05/16/1995 10:55:00,SNY319,14265-44-2,Orthophosphate (as P),Dissolved,,0.5,mg/l,False,0.5,,,300(A),SNY001,Actual,SW,Water,,,Clayton,07060003,River/Stream,,42.97628121,-91.23730654
6,15220008,West Fork Sny Magill Creek  (SNWF),06/13/1995 15:40:00,SNY319,14265-44-2,Orthophosphate (as P),Dissolved,,0.5,mg/l,False,0.5,,,300(A),SNY001,Actual,SW,Water,,,Clayton,07060003,River/Stream,,42.97628121,-91.23730654
6,15220008,West Fork Sny Magill Creek  (SNWF),06/20/1995 10:55:00,SNY319,14265-44-2,Orthophosphate (as P),Dissolved,,0.5,mg/l,False,0.5,,,300(A),SNY001,Actual,SW,Water,,,Clayton,07060003,River/Stream,,42.97628121,-91.23730654
6,15220008,West Fork Sny Magill Creek  (SNWF),07/18/1995 15:20:00,SNY319,14265-44-2,Orthophosphate (as P),Dissolved,,0.5,mg/l,False,0.5,,,300(A),SNY001,Actual,SW,Water,,,Clayton,07060003,River/Stream,,42.97628121,-91.23730654
6,15220008,West Fork Sny Magill Creek  (SNWF),07/25/1995 18:25:00,SNY319,14265-44-2,Orthophosphate (as P),Dissolved,,0.5,mg/l,False,0.5,,,300(A),SNY001,Actual,SW,Water,,,Clayton,07060003,River/Stream,,42.97628121,-91.23730654
6,15220008,West Fork Sny Magill Creek  (SNWF),08/01/1995 11:00:00,SNY319,14265-44-2,Orthophosphate (as P),Dissolved,,0.5,mg/l,False,0.5,,,300(A),SNY001,Actual,SW,Water,,,Clayton,07060003,River/Stream,,42.97628121,-91.23730654
6,15220008,West Fork Sny Magill Creek  (SNWF),08/22/1995 15:30:00,SNY319,14265-44-2,Orthophosphate (as P),Dissolved,,0.5,mg/l,False,0.5,,,300(A),SNY001,Actual,SW,Water,,,Clayton,07060003,River/Stream,,42.97628121,-91.23730654
6,15220008,West Fork Sny Magill Creek  (SNWF),08/29/1995 16:20:00,SNY319,14265-44-2,Orthophosphate (as P),Dissolved,,0.5,mg/l,False,0.5,,,300(A),SNY001,Actual,SW,Water,,,Clayton,07060003,River/Stream,,42.97628121,-91.23730654
6,15220008,West Fork Sny Magill Creek  (SNWF),09/05/1995 10:50:00,SNY319,14265-44-2,Orthophosphate (as P),Dissolved,,0.5,mg/l,False,0.5,,,300(A),SNY001,Actual,SW,Water,,,Clayton,07060003,River/Stream,,42.97628121,-91.23730654
6,15220008,West Fork Sny Magill Creek  (SNWF),09/26/1995 15:25:00,SNY319,14265-44-2,Orthophosphate (as P),Dissolved,,0.5,mg/l,False,0.5,,,300(A),SNY001,Actual,SW,Water,,,Clayton,07060003,River/Stream,,42.97628121,-91.23730654
6,16220007,Volga River - Site 196,07/11/2006 00:00:00,LEGACYREMAP,14265-44-2,Orthophosphate (AS P),Dissolved,,0.03,mg/l,True,0.02,,,4500-P-E,UHL001,Actual,SW,Water,,,Clayton,07060004,River/Stream,,42.754989,-91.363441
6,16220004,Hewitt Creek - Volga # 133,07/01/2013 09:00:00,AMBBIO,14265-44-2,Orthophosphate (AS P),Dissolved,,0.05,mg/l,True,0.02,,,LAC10-115-01-1A,UHL001,Actual,SW,Water,,,Clayton,07060004,River/Stream,,42.756825,-91.563285
6,16220004,Hewitt Creek - Volga # 133,07/16/2013 09:07:00,AMBBIO,14265-44-2,Orthophosphate (AS P),Dissolved,,0.05,mg/l,True,0.02,,,LAC10-115-01-1A,UHL001,Actual,SW,Water,,Analytical holding time was exceeded due to transport time between facilities.,Clayton,07060004,River/Stream,,42.756825,-91.563285
6,16220004,Hewitt Creek - Volga # 133,07/30/2013 09:00:00,AMBBIO,14265-44-2,Orthophosphate (AS P),Dissolved,,0.03,mg/l,True,0.02,,,LAC10-115-01-1A,UHL001,Actual,SW,Water,,,Clayton,07060004,River/Stream,,42.756825,-91.563285
6,16220004,Hewitt Creek - Volga # 133,08/14/2013 08:50:00,AMBBIO,14265-44-2,Orthophosphate (AS P),Dissolved,,0.04,mg/l,True,0.02,,,LAC10-115-01-1A,UHL001,Actual,SW,Water,,,Clayton,07060004,River/Stream,,42.756825,-91.563285
6,16220004,Hewitt Creek - Volga # 133,08/29/2013 12:30:00,AMBBIO,14265-44-2,Orthophosphate (AS P),Dissolved,,0.04,mg/l,True,0.02,,,LAC10-115-01-1A,UHL001,Actual,SW,Water,,,Clayton,07060004,River/Stream,,42.756825,-91.563285
6,16220004,Hewitt Creek - Volga # 133,09/09/2013 12:00:00,AMBBIO,14265-44-2,Orthophosphate (AS P),Dissolved,,0.04,mg/l,True,0.02,,,LAC10-115-01-1A,UHL001,Actual,SW,Water,,,Clayton,07060004,River/Stream,,42.756825,-91.563285
6,16220004,Hewitt Creek - Volga # 133,07/08/2014 13:00:00,AMBBIO,14265-44-2,Orthophosphate (AS P),Dissolved,,0.07,mg/l,True,0.02,,,LAC10-115-01-1A,UHL001,Actual,SW,Water,,,Clayton,07060004,River/Stream,,42.756825,-91.563285
6,16220004,Hewitt Creek - Volga # 133,07/21/2014 09:00:00,AMBBIO,14265-44-2,Orthophosphate (AS P),Dissolved,,0.04,mg/l,True,0.02,,,LAC10-115-01-1A,UHL001,Actual,SW,Water,,,Clayton,07060004,River/Stream,,42.756825,-91.563285
6,16220004,Hewitt Creek - Volga # 133,08/04/2014 08:50:00,AMBBIO,14265-44-2,Orthophosphate (AS P),Dissolved,,0.06,mg/l,True,0.02,,,LAC10-115-01-1A,UHL001,Actual,SW,Water,,,Clayton,07060004,River/Stream,,42.756825,-91.563285
6,16220004,Hewitt Creek - Volga # 133,08/18/2014 09:00:00,AMBBIO,14265-44-2,Orthophosphate (AS P),Dissolved,,0.05,mg/l,True,0.02,,,LAC10-115-01-1A,UHL001,Actual,SW,Water,,,Clayton,07060004,River/Stream,,42.756825,-91.563285
6,16220004,Hewitt Creek - Volga # 133,09/02/2014 09:00:00,AMBBIO,14265-44-2,Orthophosphate (AS P),Dissolved,,0.07,mg/l,True,0.02,,,LAC10-115-01-1A,UHL001,Actual,SW,Water,,,Clayton,07060004,River/Stream,,42.756825,-91.563285
6,16220004,Hewitt Creek - Volga # 133,09/15/2014 08:40:00,AMBBIO,14265-44-2,Orthophosphate (AS P),Dissolved,,0.05,mg/l,True,0.02,,,LAC10-115-01-1A,UHL001,Actual,SW,Water,,,Clayton,07060004,River/Stream,,42.756825,-91.563285
6,16220001,Roberts Creek,08/01/2017 09:30:00,AMBBIO,14265-44-2,Orthophosphate (AS P),Dissolved,,0.04,mg/l,True,0.02,,,LAC10-115-01-1A,UHL001,Actual,SW,Water,,,Clayton,07060004,River/Stream,,42.963184,-91.461441
6,16220006,North Cedar Creek - Clayton # 159,07/17/2019 09:00:00,AMBBIO,14265-44-2,Orthophosphate (AS P),Dissolved,,0.06,mg/l,True,0.02,,,LAC10-115-01-1A,UHL001,Actual,SW,Water,,,Clayton,07060003,River/Stream,,42.947107,-91.232895
6,10220002,Volga River near Elkport,09/01/2016 08:30:00,AMBIENT,14265-44-2,Orthophosphate (AS P),Dissolved,,0.06,mg/l,True,0.02,,,LAC10-115-01-1A,UHL001,Actual,SW,Water,,,Clayton,07060004,River/Stream,,42.7497293,-91.2767798
6,10220001,Turkey River near Garber,10/03/2016 08:00:00,AMBIENT,14265-44-2,Orthophosphate (AS P),Dissolved,,0.09,mg/l,True,0.02,,,LAC10-115-01-1A,UHL001,Actual,SW,Water,,,Clayton,07060004,River/Stream,,42.739547,-91.2619757
6,10220002,Volga River near Elkport,10/03/2016 07:40:00,AMBIENT,14265-44-2,Orthophosphate (AS P),Dissolved,,0.08,mg/l,True,0.02,,,LAC10-115-01-1A,UHL001,Actual,SW,Water,,,Clayton,07060004,River/Stream,,42.7497293,-91.2767798
6,10220001,Turkey River near Garber,11/01/2016 11:50:00,AMBIENT,14265-44-2,Orthophosphate (AS P),Dissolved,,0.09,mg/l,True,0.02,,,LAC10-115-01-1A,UHL001,Actual,SW,Water,,,Clayton,07060004,River/Stream,,42.739547,-91.2619757
6,10220002,Volga River near Elkport,11/01/2016 11:35:00,AMBIENT,14265-44-2,Orthophosphate (AS P),Dissolved,,0.07,mg/l,True,0.02,,,LAC10-115-01-1A,UHL001,Actual,SW,Water,,,Clayton,07060004,River/Stream,,42.7497293,-91.2767798
6,10220002,Volga River near Elkport,12/07/2016 09:20:00,AMBIENT,14265-44-2,Orthophosphate (AS P),Dissolved,,0.04,mg/l,True,0.02,,,LAC10-115-01-1A,UHL001,Actual,SW,Water,,,Clayton,07060004,River/Stream,,42.7497293,-91.2767798
6,10220001,Turkey River near Garber,12/07/2016 09:40:00,AMBIENT,14265-44-2,Orthophosphate (AS P),Dissolved,,0.05,mg/l,True,0.02,,,LAC10-115-01-1A,UHL001,Actual,SW,Water,,,Clayton,07060004,River/Stream,,42.739547,-91.2619757
6,10220002,Volga River near Elkport,01/05/2017 11:30:00,AMBIENT,14265-44-2,Orthophosphate (AS P),Dissolved,,0.04,mg/l,True,0.02,,,LAC10-115-01-1A,UHL001,Actual,SW,Water,,,Clayton,07060004,River/Stream,,42.7497293,-91.2767798
6,10220001,Turkey River near Garber,01/05/2017 12:05:00,AMBIENT,14265-44-2,Orthophosphate (AS P),Dissolved,,0.05,mg/l,True,0.02,,,LAC10-115-01-1A,UHL001,Actual,SW,Water,,,Clayton,07060004,River/Stream,,42.739547,-91.2619757
6,10220002,Volga River near Elkport,02/01/2017 09:10:00,AMBIENT,14265-44-2,Orthophosphate (AS P),Dissolved,,0.14,mg/l,True,0.02,,,LAC10-115-01-1A,UHL001,Actual,SW,Water,,,Clayton,07060004,River/Stream,,42.7497293,-91.2767798
6,10220001,Turkey River near Garber,02/01/2017 08:55:00,AMBIENT,14265-44-2,Orthophosphate (AS P),Dissolved,,0.11,mg/l,True,0.02,,,LAC10-115-01-1A,UHL001,Actual,SW,Water,,,Clayton,07060004,River/Stream,,42.739547,-91.2619757
6,10220002,Volga River near Elkport,03/02/2017 11:25:00,AMBIENT,14265-44-2,Orthophosphate (AS P),Dissolved,,0.06,mg/l,True,0.02,,,LAC10-115-01-1A,UHL001,Actual,SW,Water,,,Clayton,07060004,River/Stream,,42.7497293,-91.2767798
6,10220001,Turkey River near Garber,03/02/2017 11:10:00,AMBIENT,14265-44-2,Orthophosphate (AS P),Dissolved,,0.09,mg/l,True,0.02,,,LAC10-115-01-1A,UHL001,Actual,SW,Water,,,Clayton,07060004,River/Stream,,42.739547,-91.2619757
6,10220001,Turkey River near Garber,04/10/2017 08:35:00,AMBIENT,14265-44-2,Orthophosphate (AS P),Dissolved,,0.06,mg/l,True,0.02,,,LAC10-115-01-1A,UHL001,Actual,SW,Water,,,Clayton,07060004,River/Stream,,42.739547,-91.2619757
6,10220002,Volga River near Elkport,04/10/2017 08:45:00,AMBIENT,14265-44-2,Orthophosphate (AS P),Dissolved,,0.05,mg/l,True,0.02,,,LAC10-115-01-1A,UHL001,Actual,SW,Water,,,Clayton,07060004,River/Stream,,42.7497293,-91.2767798
6,10220002,Volga River near Elkport,05/01/2017 09:20:00,AMBIENT,14265-44-2,Orthophosphate (AS P),Dissolved,,0.06,mg/l,True,0.02,,,LAC10-115-01-1A,UHL001,Actual,SW,Water,,,Clayton,07060004,River/Stream,,42.7497293,-91.2767798
6,10220001,Turkey River near Garber,05/01/2017 09:35:00,AMBIENT,14265-44-2,Orthophosphate (AS P),Dissolved,,0.06,mg/l,True,0.02,,,LAC10-115-01-1A,UHL001,Actual,SW,Water,,,Clayton,07060004,River/Stream,,42.739547,-91.2619757
6,10220001,Turkey River near Garber,06/07/2017 09:15:00,AMBIENT,14265-44-2,Orthophosphate (AS P),Dissolved,,0.03,mg/l,True,0.02,,,LAC10-115-01-1A,UHL001,Actual,SW,Water,,,Clayton,07060004,River/Stream,,42.739547,-91.2619757
6,10220002,Volga River near Elkport,06/07/2017 09:30:00,AMBIENT,14265-44-2,Orthophosphate (AS P),Dissolved,,0.03,mg/l,True,0.02,,,LAC10-115-01-1A,UHL001,Actual,SW,Water,,,Clayton,07060004,River/Stream,,42.7497293,-91.2767798
6,10220001,Turkey River near Garber,07/06/2017 08:50:00,AMBIENT,14265-44-2,Orthophosphate (AS P),Dissolved,,0.08,mg/l,True,0.02,,,LAC10-115-01-1A,UHL001,Actual,SW,Water,,,Clayton,07060004,River/Stream,,42.739547,-91.2619757
6,10220002,Volga River near Elkport,07/06/2017 08:15:00,AMBIENT,14265-44-2,Orthophosphate (AS P),Dissolved,,0.07,mg/l,True,0.02,,,LAC10-115-01-1A,UHL001,Actual,SW,Water,,,Clayton,07060004,River/Stream,,42.7497293,-91.2767798
6,10220001,Turkey River near Garber,08/02/2017 08:20:00,AMBIENT,14265-44-2,Orthophosphate (AS P),Dissolved,,0.04,mg/l,True,0.02,,,LAC10-115-01-1A,UHL001,Actual,SW,Water,,,Clayton,07060004,River/Stream,,42.739547,-91.2619757
6,10220002,Volga River near Elkport,08/02/2017 08:05:00,AMBIENT,14265-44-2,Orthophosphate (AS P),Dissolved,,0.04,mg/l,True,0.02,,,LAC10-115-01-1A,UHL001,Actual,SW,Water,,,Clayton,07060004,River/Stream,,42.7497293,-91.2767798
6,10220002,Volga River near Elkport,10/04/2017 09:00:00,AMBIENT,14265-44-2,Orthophosphate (AS P),Dissolved,,0.03,mg/l,True,0.02,,,LAC10-115-01-1A,UHL001,Actual,SW,Water,,,Clayton,07060004,River/Stream,,42.7497293,-91.2767798
6,10220001,Turkey River near Garber,10/04/2017 09:30:00,AMBIENT,14265-44-2,Orthophosphate (AS P),Dissolved,,0.04,mg/l,True,0.02,,,LAC10-115-01-1A,UHL001,Actual,SW,Water,,,Clayton,07060004,River/Stream,,42.739547,-91.2619757
6,10220002,Volga River near Elkport,09/07/2017 09:00:00,AMBIENT,14265-44-2,Orthophosphate (AS P),Dissolved,,0.03,mg/l,True,0.02,,,LAC10-115-01-1A,UHL001,Actual,SW,Water,,,Clayton,07060004,River/Stream,,42.7497293,-91.2767798
6,10220001,Turkey River near Garber,09/07/2017 09:30:00,AMBIENT,14265-44-2,Orthophosphate (AS P),Dissolved,,0.03,mg/l,True,0.02,,,LAC10-115-01-1A,UHL001,Actual,SW,Water,,,Clayton,07060004,River/Stream,,42.739547,-91.2619757
6,10220002,Volga River near Elkport,12/04/2017 09:00:00,AMBIENT,14265-44-2,Orthophosphate (AS P),Dissolved,,0.02,mg/l,False,0.02,,,LAC10-115-01-1A,UHL001,Actual,SW,Water,,,Clayton,07060004,River/Stream,,42.7497293,-91.2767798
6,10220001,Turkey River near Garber,12/04/2017 09:30:00,AMBIENT,14265-44-2,Orthophosphate (AS P),Dissolved,,0.02,mg/l,False,0.02,,,LAC10-115-01-1A,UHL001,Actual,SW,Water,,,Clayton,07060004,River/Stream,,42.739547,-91.2619757
6,10220002,Volga River near Elkport,11/06/2017 09:00:00,AMBIENT,14265-44-2,Orthophosphate (AS P),Dissolved,,0.03,mg/l,True,0.02,,,LAC10-115-01-1A,UHL001,Actual,SW,Water,,,Clayton,07060004,River/Stream,,42.7497293,-91.2767798
6,10220001,Turkey River near Garber,11/06/2017 09:40:00,AMBIENT,14265-44-2,Orthophosphate (AS P),Dissolved,,0.05,mg/l,True,0.02,,,LAC10-115-01-1A,UHL001,Actual,SW,Water,,,Clayton,07060004,River/Stream,,42.739547,-91.2619757
6,10220002,Volga River near Elkport,01/03/2018 09:20:00,AMBIENT,14265-44-2,Orthophosphate (AS P),Dissolved,,0.02,mg/l,False,0.02,,,LAC10-115-01-1A,UHL001,Actual,SW,Water,,,Clayton,07060004,River/Stream,,42.7497293,-91.2767798
6,10220001,Turkey River near Garber,01/03/2018 10:00:00,AMBIENT,14265-44-2,Orthophosphate (AS P),Dissolved,,0.03,mg/l,True,0.02,,,LAC10-115-01-1A,UHL001,Actual,SW,Water,,,Clayton,07060004,River/Stream,,42.739547,-91.2619757
6,10220001,Turkey River near Garber,02/05/2018 10:10:00,AMBIENT,14265-44-2,Orthophosphate (AS P),Dissolved,,0.34,mg/l,True,0.02,,,LAC10-115-01-1A,UHL001,Actual,SW,Water,,,Clayton,07060004,River/Stream,,42.739547,-91.2619757
6,10220002,Volga River near Elkport,02/05/2018 10:30:00,AMBIENT,14265-44-2,Orthophosphate (AS P),Dissolved,,0.12,mg/l,True,0.02,,,LAC10-115-01-1A,UHL001,Actual,SW,Water,,,Clayton,07060004,River/Stream,,42.7497293,-91.2767798
6,10220001,Turkey River near Garber,03/08/2018 10:45:00,AMBIENT,14265-44-2,Orthophosphate (AS P),Dissolved,,0.28,mg/l,True,0.02,,,LAC10-115-01-1A,UHL001,Actual,SW,Water,,,Clayton,07060004,River/Stream,,42.739547,-91.2619757
6,10220002,Volga River near Elkport,03/08/2018 10:15:00,AMBIENT,14265-44-2,Orthophosphate (AS P),Dissolved,,0.13,mg/l,True,0.02,,,LAC10-115-01-1A,UHL001,Actual,SW,Water,,,Clayton,07060004,River/Stream,,42.7497293,-91.2767798
6,10220002,Volga River near Elkport,04/10/2018 10:30:00,AMBIENT,14265-44-2,Orthophosphate (AS P),Dissolved,,0.02,mg/l,True,0.02,,,LAC10-115-01-1A,UHL001,Actual,SW,Water,,,Clayton,07060004,River/Stream,,42.7497293,-91.2767798
6,10220001,Turkey River near Garber,04/10/2018 10:15:00,AMBIENT,14265-44-2,Orthophosphate (AS P),Dissolved,,0.02,mg/l,True,0.02,,,LAC10-115-01-1A,UHL001,Actual,SW,Water,,,Clayton,07060004,River/Stream,,42.739547,-91.2619757
6,10220001,Turkey River near Garber,04/16/2018 11:00:00,PCALIB,14265-44-2,Orthophosphate (AS P),Dissolved,,0.1,mg/l,True,0.02,,,LAC10-115-01-1A,UHL001,Actual,SW,Water,,Event Sample. Sample was not field filtered per method and was filtered for analysis after receipt by the laboratory.,Clayton,07060004,River/Stream,,42.739547,-91.2619757
6,10220001,Turkey River near Garber,05/03/2018 12:50:00,PCALIB,14265-44-2,Orthophosphate (AS P),Dissolved,,0.06,mg/l,True,0.02,,,LAC10-115-01-1A,UHL001,Actual,SW,Water,,Event Sample.,Clayton,07060004,River/Stream,,42.739547,-91.2619757
6,10220001,Turkey River near Garber,05/07/2018 12:10:00,PCALIB,14265-44-2,Orthophosphate (AS P),Dissolved,,0.12,mg/l,True,0.02,,,LAC10-115-01-1A,UHL001,Actual,SW,Water,,Event Sample. Sample was not field filtered per method and was filtered for analysis after receipt by the laboratory.,Clayton,07060004,River/Stream,,42.739547,-91.2619757
6,10220001,Turkey River near Garber,05/08/2018 08:30:00,AMBIENT,14265-44-2,Orthophosphate (AS P),Dissolved,,0.1,mg/l,True,0.02,,,LAC10-115-01-1A,UHL001,Actual,SW,Water,,,Clayton,07060004,River/Stream,,42.739547,-91.2619757
6,10220002,Volga River near Elkport,05/08/2018 08:10:00,AMBIENT,14265-44-2,Orthophosphate (AS P),Dissolved,,0.06,mg/l,True,0.02,,,LAC10-115-01-1A,UHL001,Actual,SW,Water,,,Clayton,07060004,River/Stream,,42.7497293,-91.2767798
6,10220001,Turkey River near Garber,06/07/2018 11:05:00,AMBIENT,14265-44-2,Orthophosphate (AS P),Dissolved,,0.06,mg/l,True,0.02,,,LAC10-115-01-1A,UHL001,Actual,SW,Water,,,Clayton,07060004,River/Stream,,42.739547,-91.2619757
6,10220002,Volga River near Elkport,06/07/2018 11:20:00,AMBIENT,14265-44-2,Orthophosphate (AS P),Dissolved,,0.05,mg/l,True,0.02,,,LAC10-115-01-1A,UHL001,Actual,SW,Water,,,Clayton,07060004,River/Stream,,42.7497293,-91.2767798
6,10220002,Volga River near Elkport,07/09/2018 09:00:00,AMBIENT,14265-44-2,Orthophosphate (AS P),Dissolved,,0.06,mg/l,True,0.02,,,LAC10-115-01-1A,UHL001,Actual,SW,Water,,,Clayton,07060004,River/Stream,,42.7497293,-91.2767798
6,10220001,Turkey River near Garber,07/09/2018 09:25:00,AMBIENT,14265-44-2,Orthophosphate (AS P),Dissolved,,0.08,mg/l,True,0.02,,,LAC10-115-01-1A,UHL001,Actual,SW,Water,,,Clayton,07060004,River/Stream,,42.739547,-91.2619757
6,10220002,Volga River near Elkport,08/07/2018 09:00:00,AMBIENT,14265-44-2,Orthophosphate (AS P),Dissolved,,0.11,mg/l,True,0.02,,,LAC10-115-01-1A,UHL001,Actual,SW,Water,,,Clayton,07060004,River/Stream,,42.7497293,-91.2767798
6,10220001,Turkey River near Garber,08/07/2018 09:20:00,AMBIENT,14265-44-2,Orthophosphate (AS P),Dissolved,,0.12,mg/l,True,0.02,,,LAC10-115-01-1A,UHL001,Actual,SW,Water,,,Clayton,07060004,River/Stream,,42.739547,-91.2619757
6,10220001,Turkey River near Garber,06/11/2018 12:30:00,PCALIB,14265-44-2,Orthophosphate (AS P),Dissolved,,0.15,mg/l,True,0.02,,,LAC10-115-01-1A,UHL001,Actual,SW,Water,,,Clayton,07060004,River/Stream,,42.739547,-91.2619757
6,10220001,Turkey River near Garber,06/21/2018 14:10:00,PCALIB,14265-44-2,Orthophosphate (AS P),Dissolved,,0.16,mg/l,True,0.02,,,LAC10-115-01-1A,UHL001,Actual,SW,Water,,Sample was not field filtered per method and was filtered for analysis after receipt by the laboratory.,Clayton,07060004,River/Stream,,42.739547,-91.2619757
6,10220001,Turkey River near Garber,08/06/2018 14:50:00,PCALIB,14265-44-2,Orthophosphate (AS P),Dissolved,,0.27,mg/l,True,0.02,,,LAC10-115-01-1A,UHL001,Actual,SW,Water,,Sample was not field filtered per method and was filtered for analysis after receipt by the laboratory.,Clayton,07060004,River/Stream,,42.739547,-91.2619757
6,10220002,Volga River near Elkport,09/06/2018 09:00:00,AMBIENT,14265-44-2,Orthophosphate (AS P),Dissolved,,0.14,mg/l,True,0.02,,,LAC10-115-01-1A,UHL001,Actual,SW,Water,,,Clayton,07060004,River/Stream,,42.7497293,-91.2767798
6,10220001,Turkey River near Garber,09/06/2018 09:20:00,AMBIENT,14265-44-2,Orthophosphate (AS P),Dissolved,,0.2,mg/l,True,0.02,,,LAC10-115-01-1A,UHL001,Actual,SW,Water,,,Clayton,07060004,River/Stream,,42.739547,-91.2619757
6,10220002,Volga River near Elkport,10/02/2018 09:10:00,AMBIENT,14265-44-2,Orthophosphate (AS P),Dissolved,,0.12,mg/l,True,0.02,,,LAC10-115-01-1A,UHL001,Actual,SW,Water,,,Clayton,07060004,River/Stream,,42.7497293,-91.2767798
6,10220001,Turkey River near Garber,10/02/2018 09:40:00,AMBIENT,14265-44-2,Orthophosphate (AS P),Dissolved,,0.16,mg/l,True,0.02,,,LAC10-115-01-1A,UHL001,Actual,SW,Water,,,Clayton,07060004,River/Stream,,42.739547,-91.2619757
6,10220001,Turkey River near Garber,11/07/2018 09:15:00,AMBIENT,14265-44-2,Orthophosphate (AS P),Dissolved,,0.1,mg/l,True,0.02,,,LAC10-115-01-1A,UHL001,Actual,SW,Water,,,Clayton,07060004,River/Stream,,42.739547,-91.2619757
6,10220002,Volga River near Elkport,11/07/2018 09:00:00,AMBIENT,14265-44-2,Orthophosphate (AS P),Dissolved,,0.08,mg/l,True,0.02,,,LAC10-115-01-1A,UHL001,Actual,SW,Water,,,Clayton,07060004,River/Stream,,42.7497293,-91.2767798
6,10220002,Volga River near Elkport,12/05/2018 11:15:00,AMBIENT,14265-44-2,Orthophosphate (AS P),Dissolved,,0.03,mg/l,True,0.02,,,LAC10-115-01-1A,UHL001,Actual,SW,Water,,,Clayton,07060004,River/Stream,,42.7497293,-91.2767798
6,10220001,Turkey River near Garber,12/05/2018 10:50:00,AMBIENT,14265-44-2,Orthophosphate (AS P),Dissolved,,0.04,mg/l,True,0.02,,,LAC10-115-01-1A,UHL001,Actual,SW,Water,,,Clayton,07060004,River/Stream,,42.739547,-91.2619757
6,10220001,Turkey River near Garber,01/07/2019 12:30:00,AMBIENT,14265-44-2,Orthophosphate (AS P),Dissolved,,0.2,mg/l,True,0.02,,,LAC10-115-01-1A,UHL001,Actual,SW,Water,,,Clayton,07060004,River/Stream,,42.739547,-91.2619757
6,10220002,Volga River near Elkport,01/07/2019 12:45:00,AMBIENT,14265-44-2,Orthophosphate (AS P),Dissolved,,0.32,mg/l,True,0.02,,,LAC10-115-01-1A,UHL001,Actual,SW,Water,,,Clayton,07060004,River/Stream,,42.7497293,-91.2767798
6,10220001,Turkey River near Garber,02/07/2019 10:05:00,AMBIENT,14265-44-2,Orthophosphate (AS P),Dissolved,,0.54,mg/l,True,0.02,,,LAC10-115-01-1A,UHL001,Actual,SW,Water,,,Clayton,07060004,River/Stream,,42.739547,-91.2619757
6,10220002,Volga River near Elkport,02/07/2019 10:30:00,AMBIENT,14265-44-2,Orthophosphate (AS P),Dissolved,,0.29,mg/l,True,0.02,,,LAC10-115-01-1A,UHL001,Actual,SW,Water,,,Clayton,07060004,River/Stream,,42.7497293,-91.2767798
6,10220001,Turkey River near Garber,03/07/2019 08:30:00,AMBIENT,14265-44-2,Orthophosphate (AS P),Dissolved,,0.06,mg/l,True,0.02,,,LAC10-115-01-1A,UHL001,Actual,SW,Water,,,Clayton,07060004,River/Stream,,42.739547,-91.2619757
6,10220002,Volga River near Elkport,03/07/2019 08:00:00,AMBIENT,14265-44-2,Orthophosphate (AS P),Dissolved,,0.05,mg/l,True,0.02,,,LAC10-115-01-1A,UHL001,Actual,SW,Water,,,Clayton,07060004,River/Stream,,42.7497293,-91.2767798
6,10220002,Volga River near Elkport,04/04/2019 08:10:00,AMBIENT,14265-44-2,Orthophosphate (AS P),Dissolved,,0.04,mg/l,True,0.02,,,LAC10-115-01-1A,UHL001,Actual,SW,Water,,,Clayton,07060004,River/Stream,,42.7497293,-91.2767798
6,10220001,Turkey River near Garber,04/04/2019 08:35:00,AMBIENT,14265-44-2,Orthophosphate (AS P),Dissolved,,0.07,mg/l,True,0.02,,,LAC10-115-01-1A,UHL001,Actual,SW,Water,,,Clayton,07060004,River/Stream,,42.739547,-91.2619757
6,10220001,Turkey River near Garber,05/07/2019 08:30:00,AMBIENT,14265-44-2,Orthophosphate (AS P),Dissolved,,0.04,mg/l,True,0.02,,,LAC10-115-01-1A,UHL001,Actual,SW,Water,,,Clayton,07060004,River/Stream,,42.739547,-91.2619757
6,10220002,Volga River near Elkport,05/07/2019 08:05:00,AMBIENT,14265-44-2,Orthophosphate (AS P),Dissolved,,0.03,mg/l,True,0.02,,,LAC10-115-01-1A,UHL001,Actual,SW,Water,,,Clayton,07060004,River/Stream,,42.7497293,-91.2767798
6,10220001,Turkey River near Garber,06/05/2019 08:00:00,AMBIENT,14265-44-2,Orthophosphate (AS P),Dissolved,,0.07,mg/l,True,0.02,,,LAC10-115-01-1A,UHL001,Actual,SW,Water,,,Clayton,07060004,River/Stream,,42.739547,-91.2619757
6,10220002,Volga River near Elkport,06/05/2019 07:40:00,AMBIENT,14265-44-2,Orthophosphate (AS P),Dissolved,,0.06,mg/l,True,0.02,,,LAC10-115-01-1A,UHL001,Actual,SW,Water,,,Clayton,07060004,River/Stream,,42.7497293,-91.2767798
6,10220001,Turkey River near Garber,09/05/2018 12:00:00,PCALIB,14265-44-2,Orthophosphate (AS P),Dissolved,,0.22,mg/l,True,0.02,,,LAC10-115-01-1A,UHL001,Actual,SW,Water,,Sample was not field filtered per method and was filtered for analysis after receipt by the laboratory.,Clayton,07060004,River/Stream,,42.739547,-91.2619757
6,10220001,Turkey River near Garber,10/09/2018 14:10:00,PCALIB,14265-44-2,Orthophosphate (AS P),Dissolved,,0.19,mg/l,True,0.02,,,LAC10-115-01-1A,UHL001,Actual,SW,Water,,Sample was not field filtered per method and was filtered for analysis after receipt by the laboratory.,Clayton,07060004,River/Stream,,42.739547,-91.2619757
6,10220001,Turkey River near Garber,05/20/2019 12:00:00,PCALIB,14265-44-2,Orthophosphate (AS P),Dissolved,,0.12,mg/l,True,0.02,,,LAC10-115-01-1A,UHL001,Actual,SW,Water,,Sample was not field filtered per method and was filtered for analysis after receipt by the laboratory.,Clayton,07060004,River/Stream,,42.739547,-91.2619757
6,10220002,Volga River near Elkport,07/02/2019 09:00:00,AMBIENT,14265-44-2,Orthophosphate (AS P),Dissolved,,0.08,mg/l,True,0.02,,,LAC10-115-01-1A,UHL001,Actual,SW,Water,,,Clayton,07060004,River/Stream,,42.7497293,-91.2767798
6,10220001,Turkey River near Garber,07/02/2019 09:30:00,AMBIENT,14265-44-2,Orthophosphate (AS P),Dissolved,,0.12,mg/l,True,0.02,,,LAC10-115-01-1A,UHL001,Actual,SW,Water,,,Clayton,07060004,River/Stream,,42.739547,-91.2619757
6,10220002,Volga River near Elkport,08/08/2019 09:10:00,AMBIENT,14265-44-2,Orthophosphate (AS P),Dissolved,,0.03,mg/l,True,0.02,,,LAC10-115-01-1A,UHL001,Actual,SW,Water,,,Clayton,07060004,River/Stream,,42.7497293,-91.2767798
6,10220001,Turkey River near Garber,08/08/2019 09:20:00,AMBIENT,14265-44-2,Orthophosphate (AS P),Dissolved,,0.02,mg/l,False,0.02,,,LAC10-115-01-1A,UHL001,Actual,SW,Water,,,Clayton,07060004,River/Stream,,42.739547,-91.2619757
6,10220001,Turkey River near Garber,09/05/2019 10:00:00,AMBIENT,14265-44-2,Orthophosphate (AS P),Dissolved,,0.02,mg/l,False,0.02,,,LAC10-115-01-1A,UHL001,Actual,SW,Water,,,Clayton,07060004,River/Stream,,42.739547,-91.2619757
6,10220002,Volga River near Elkport,09/05/2019 10:15:00,AMBIENT,14265-44-2,Orthophosphate (AS P),Dissolved,,0.03,mg/l,True,0.02,,,LAC10-115-01-1A,UHL001,Actual,SW,Water,,,Clayton,07060004,River/Stream,,42.7497293,-91.2767798
6,10220001,Turkey River near Garber,10/02/2019 09:20:00,AMBIENT,14265-44-2,Orthophosphate (AS P),Dissolved,,0.21,mg/l,True,0.02,,,LAC10-115-01-1A,UHL001,Actual,SW,Water,,,Clayton,07060004,River/Stream,,42.739547,-91.2619757
6,10220002,Volga River near Elkport,10/02/2019 09:00:00,AMBIENT,14265-44-2,Orthophosphate (AS P),Dissolved,,0.17,mg/l,True,0.02,,,LAC10-115-01-1A,UHL001,Actual,SW,Water,,,Clayton,07060004,River/Stream,,42.7497293,-91.2767798
6,10220001,Turkey River near Garber,12/05/2019 11:25:00,AMBIENT,14265-44-2,Orthophosphate (AS P),Dissolved,,0.05,mg/l,True,0.02,,,LAC10-115-01-1A,UHL001,Actual,SW,Water,,,Clayton,07060004,River/Stream,,42.739547,-91.2619757
6,10220002,Volga River near Elkport,12/05/2019 11:45:00,AMBIENT,14265-44-2,Orthophosphate (AS P),Dissolved,,0.04,mg/l,True,0.02,,,LAC10-115-01-1A,UHL001,Actual,SW,Water,,,Clayton,07060004,River/Stream,,42.7497293,-91.2767798
6,10220001,Turkey River near Garber,11/05/2019 12:15:00,AMBIENT,14265-44-2,Orthophosphate (AS P),Dissolved,,0.04,mg/l,True,0.02,,,LAC10-115-01-1A,UHL001,Actual,SW,Water,,,Clayton,07060004,River/Stream,,42.739547,-91.2619757
6,10220002,Volga River near Elkport,11/05/2019 12:40:00,AMBIENT,14265-44-2,Orthophosphate (AS P),Dissolved,,0.03,mg/l,True,0.02,,,LAC10-115-01-1A,UHL001,Actual,SW,Water,,,Clayton,07060004,River/Stream,,42.7497293,-91.2767798
6,10220001,Turkey River near Garber,01/07/2020 12:25:00,AMBIENT,14265-44-2,Orthophosphate (AS P),Dissolved,,0.04,mg/l,True,0.02,,,LAC10-115-01-1A,UHL001,Actual,SW,Water,,,Clayton,07060004,River/Stream,,42.739547,-91.2619757
6,10220002,Volga River near Elkport,01/07/2020 12:40:00,AMBIENT,14265-44-2,Orthophosphate (AS P),Dissolved,,0.03,mg/l,True,0.02,,,LAC10-115-01-1A,UHL001,Actual,SW,Water,,,Clayton,07060004,River/Stream,,42.7497293,-91.2767798
6,10220001,Turkey River near Garber,02/04/2020 10:45:00,AMBIENT,14265-44-2,Orthophosphate (AS P),Dissolved,,0.03,mg/l,True,0.02,,,LAC10-115-01-1A,UHL001,Actual,SW,Water,,,Clayton,07060004,River/Stream,,42.739547,-91.2619757
6,10220002,Volga River near Elkport,02/04/2020 11:10:00,AMBIENT,14265-44-2,Orthophosphate (AS P),Dissolved,,0.03,mg/l,True,0.02,,,LAC10-115-01-1A,UHL001,Actual,SW,Water,,,Clayton,07060004,River/Stream,,42.7497293,-91.2767798
6,10220002,Volga River near Elkport,03/03/2020 12:45:00,AMBIENT,14265-44-2,Orthophosphate (AS P),Dissolved,,0.06,mg/l,True,0.02,,,LAC10-115-01-1A,UHL001,Actual,SW,Water,,,Clayton,07060004,River/Stream,,42.7497293,-91.2767798
6,10220001,Turkey River near Garber,03/03/2020 12:30:00,AMBIENT,14265-44-2,Orthophosphate (AS P),Dissolved,,0.06,mg/l,True,0.02,,,LAC10-115-01-1A,UHL001,Actual,SW,Water,,,Clayton,07060004,River/Stream,,42.739547,-91.2619757
6,10220001,Turkey River near Garber,04/07/2020 10:40:00,AMBIENT,14265-44-2,Orthophosphate (AS P),Dissolved,,0.04,mg/l,True,0.02,,,LAC10-115-01-1A,UHL001,Actual,SW,Water,,,Clayton,07060004,River/Stream,,42.739547,-91.2619757
6,10220002,Volga River near Elkport,04/07/2020 11:00:00,AMBIENT,14265-44-2,Orthophosphate (AS P),Dissolved,,0.04,mg/l,True,0.02,,,LAC10-115-01-1A,UHL001,Actual,SW,Water,,,Clayton,07060004,River/Stream,,42.7497293,-91.2767798
6,10220001,Turkey River near Garber,05/07/2020 12:15:00,AMBIENT,14265-44-2,Orthophosphate (AS P),Dissolved,,0.02,mg/l,False,0.02,,,LAC10-115-01-1A,UHL001,Actual,SW,Water,,,Clayton,07060004,River/Stream,,42.739547,-91.2619757
6,10220002,Volga River near Elkport,05/07/2020 12:30:00,AMBIENT,14265-44-2,Orthophosphate (AS P),Dissolved,,0.02,mg/l,True,0.02,,,LAC10-115-01-1A,UHL001,Actual,SW,Water,,,Clayton,07060004,River/Stream,,42.7497293,-91.2767798
6,10220002,Volga River near Elkport,06/04/2020 12:35:00,AMBIENT,14265-44-2,Orthophosphate (AS P),Dissolved,,0.09,mg/l,True,0.02,,,LAC10-115-01-1A,UHL001,Actual,SW,Water,,,Clayton,07060004,River/Stream,,42.7497293,-91.2767798
6,10220001,Turkey River near Garber,06/04/2020 12:20:00,AMBIENT,14265-44-2,Orthophosphate (AS P),Dissolved,,0.09,mg/l,True,0.02,,,LAC10-115-01-1A,UHL001,Actual,SW,Water,,,Clayton,07060004,River/Stream,,42.739547,-91.2619757
6,10220001,Turkey River near Garber,07/08/2020 12:20:00,AMBIENT,14265-44-2,Orthophosphate (AS P),Dissolved,,0.03,mg/l,True,0.02,,,LAC10-115-01-1A,UHL001,Actual,SW,Water,,,Clayton,07060004,River/Stream,,42.739547,-91.2619757
6,10220002,Volga River near Elkport,07/08/2020 12:40:00,AMBIENT,14265-44-2,Orthophosphate (AS P),Dissolved,,0.05,mg/l,True,0.02,,,LAC10-115-01-1A,UHL001,Actual,SW,Water,,,Clayton,07060004,River/Stream,,42.7497293,-91.2767798
6,10220001,Turkey River near Garber,08/06/2020 12:30:00,AMBIENT,14265-44-2,Orthophosphate (AS P),Dissolved,,0.03,mg/l,True,0.02,,,LAC10-115-01-1A,UHL001,Actual,SW,Water,,,Clayton,07060004,River/Stream,,42.739547,-91.2619757
6,10220002,Volga River near Elkport,08/06/2020 12:50:00,AMBIENT,14265-44-2,Orthophosphate (AS P),Dissolved,,0.03,mg/l,True,0.02,,,LAC10-115-01-1A,UHL001,Actual,SW,Water,,,Clayton,07060004,River/Stream,,42.7497293,-91.2767798
6,11220008,Volga River at Littleport (32),05/01/2003 14:00:00,EVENT,14265-44-2,Orthophosphate (as P),Dissolved,,0.05,mg/l,False,0.05,,,365.1,UHL001,Actual,SW,Water,,,Clayton,07060004,River/Stream,,42.7536427,-91.3691492
6,10220003,Bloody Run Creek Site #1 (BR01),06/20/1995 09:30:00,SNY319,14265-44-2,Orthophosphate (as P),Dissolved,,0.5,mg/l,False,0.5,,,300(A),SNY001,Actual,SW,Water,,,Clayton,07060001,River/Stream,,43.0404991,-91.2055504
6,10220003,Bloody Run Creek Site #1 (BR01),07/11/1995 15:40:00,SNY319,14265-44-2,Orthophosphate (as P),Dissolved,,0.5,mg/l,False,0.5,,,300(A),SNY001,Actual,SW,Water,,,Clayton,07060001,River/Stream,,43.0404991,-91.2055504
6,10220003,Bloody Run Creek Site #1 (BR01),07/18/1995 14:15:00,SNY319,14265-44-2,Orthophosphate (as P),Dissolved,,0.5,mg/l,False,0.5,,,300(A),SNY001,Actual,SW,Water,,,Clayton,07060001,River/Stream,,43.0404991,-91.2055504
6,10220003,Bloody Run Creek Site #1 (BR01),08/01/1995 09:30:00,SNY319,14265-44-2,Orthophosphate (as P),Dissolved,,0.5,mg/l,False,0.5,,,300(A),SNY001,Actual,SW,Water,,,Clayton,07060001,River/Stream,,43.0404991,-91.2055504
6,10220003,Bloody Run Creek Site #1 (BR01),08/08/1995 13:50:00,SNY319,14265-44-2,Orthophosphate (as P),Dissolved,,0.5,mg/l,False,0.5,,,300(A),SNY001,Actual,SW,Water,,,Clayton,07060001,River/Stream,,43.0404991,-91.2055504
6,10220003,Bloody Run Creek Site #1 (BR01),08/22/1995 13:30:00,SNY319,14265-44-2,Orthophosphate (as P),Dissolved,,0.5,mg/l,False,0.5,,,300(A),SNY001,Actual,SW,Water,,,Clayton,07060001,River/Stream,,43.0404991,-91.2055504
6,10220003,Bloody Run Creek Site #1 (BR01),09/19/1995 10:00:00,SNY319,14265-44-2,Orthophosphate (as P),Dissolved,,0.5,mg/l,False,0.5,,,300(A),SNY001,Actual,SW,Water,,,Clayton,07060001,River/Stream,,43.0404991,-91.2055504
6,10220003,Bloody Run Creek Site #1 (BR01),08/29/1995 13:30:00,SNY319,14265-44-2,Orthophosphate (as P),Dissolved,,0.5,mg/l,False,0.5,,,300(A),SNY001,Actual,SW,Water,,,Clayton,07060001,River/Stream,,43.0404991,-91.2055504
6,10220003,Bloody Run Creek Site #1 (BR01),10/03/1995 15:30:00,SNY319,14265-44-2,Orthophosphate (as P),Dissolved,,0.5,mg/l,False,0.5,,,300(A),SNY001,Actual,SW,Water,,,Clayton,07060001,River/Stream,,43.0404991,-91.2055504
6,10220003,Bloody Run Creek Site #1 (BR01),10/10/1995 13:40:00,SNY319,14265-44-2,Orthophosphate (as P),Dissolved,,0.5,mg/l,False,0.5,,,300(A),SNY001,Actual,SW,Water,,,Clayton,07060001,River/Stream,,43.0404991,-91.2055504
6,10220003,Bloody Run Creek Site #1 (BR01),10/24/1995 10:05:00,SNY319,14265-44-2,Orthophosphate (as P),Dissolved,,0.5,mg/l,False,0.5,,,300(A),SNY001,Actual,SW,Water,,,Clayton,07060001,River/Stream,,43.0404991,-91.2055504
6,10220003,Bloody Run Creek Site #1 (BR01),10/31/1995 09:20:00,SNY319,14265-44-2,Orthophosphate (as P),Dissolved,,0.5,mg/l,False,0.5,,,300(A),SNY001,Actual,SW,Water,,,Clayton,07060001,River/Stream,,43.0404991,-91.2055504
6,10220003,Bloody Run Creek Site #1 (BR01),11/14/1995 11:30:00,SNY319,14265-44-2,Orthophosphate (as P),Dissolved,,0.5,mg/l,False,0.5,,,300(A),SNY001,Actual,SW,Water,,,Clayton,07060001,River/Stream,,43.0404991,-91.2055504
6,10220003,Bloody Run Creek Site #1 (BR01),11/21/1995 13:10:00,SNY319,14265-44-2,Orthophosphate (as P),Dissolved,,0.5,mg/l,False,0.5,,,300(A),SNY001,Actual,SW,Water,,,Clayton,07060001,River/Stream,,43.0404991,-91.2055504
6,10220003,Bloody Run Creek Site #1 (BR01),12/05/1995 12:55:00,SNY319,14265-44-2,Orthophosphate (as P),Dissolved,,0.5,mg/l,False,0.5,,,300(A),SNY001,Actual,SW,Water,,,Clayton,07060001,River/Stream,,43.0404991,-91.2055504
6,10220003,Bloody Run Creek Site #1 (BR01),12/12/1995 13:00:00,SNY319,14265-44-2,Orthophosphate (as P),Dissolved,,0.5,mg/l,False,0.5,,,300(A),SNY001,Actual,SW,Water,,,Clayton,07060001,River/Stream,,43.0404991,-91.2055504
6,10220003,Bloody Run Creek Site #1 (BR01),02/06/1996 12:30:00,SNY319,14265-44-2,Orthophosphate (as P),Dissolved,,0.5,mg/l,False,0.5,,,300(A),SNY001,Actual,SW,Water,,,Clayton,07060001,River/Stream,,43.0404991,-91.2055504
6,10220003,Bloody Run Creek Site #1 (BR01),01/16/1996 11:00:00,SNY319,14265-44-2,Orthophosphate (as P),Dissolved,,0.5,mg/l,False,0.5,,,300(A),SNY001,Actual,SW,Water,,,Clayton,07060001,River/Stream,,43.0404991,-91.2055504
6,10220003,Bloody Run Creek Site #1 (BR01),02/27/1996 12:30:00,SNY319,14265-44-2,Orthophosphate (as P),Dissolved,,0.5,mg/l,False,0.5,,,300(A),SNY001,Actual,SW,Water,,,Clayton,07060001,River/Stream,,43.0404991,-91.2055504
6,10220003,Bloody Run Creek Site #1 (BR01),03/05/1996 13:30:00,SNY319,14265-44-2,Orthophosphate (as P),Dissolved,,0.5,mg/l,False,0.5,,,300(A),SNY001,Actual,SW,Water,,,Clayton,07060001,River/Stream,,43.0404991,-91.2055504
6,10220003,Bloody Run Creek Site #1 (BR01),03/19/1996 09:25:00,SNY319,14265-44-2,Orthophosphate (as P),Dissolved,,0.5,mg/l,False,0.5,,,300(A),SNY001,Actual,SW,Water,,,Clayton,07060001,River/Stream,,43.0404991,-91.2055504
6,10220003,Bloody Run Creek Site #1 (BR01),03/26/1996 08:30:00,SNY319,14265-44-2,Orthophosphate (as P),Dissolved,,0.5,mg/l,False,0.5,,,300(A),SNY001,Actual,SW,Water,,,Clayton,07060001,River/Stream,,43.0404991,-91.2055504
6,10220003,Bloody Run Creek Site #1 (BR01),04/09/1996 12:10:00,SNY319,14265-44-2,Orthophosphate (as P),Dissolved,,0.5,mg/l,False,0.5,,,300(A),SNY001,Actual,SW,Water,,,Clayton,07060001,River/Stream,,43.0404991,-91.2055504
6,10220003,Bloody Run Creek Site #1 (BR01),04/16/1996 13:10:00,SNY319,14265-44-2,Orthophosphate (as P),Dissolved,,0.5,mg/l,False,0.5,,,300(A),SNY001,Actual,SW,Water,,,Clayton,07060001,River/Stream,,43.0404991,-91.2055504
6,10220003,Bloody Run Creek Site #1 (BR01),04/30/1996 11:55:00,SNY319,14265-44-2,Orthophosphate (as P),Dissolved,,0.5,mg/l,False,0.5,,,300(A),SNY001,Actual,SW,Water,,,Clayton,07060001,River/Stream,,43.0404991,-91.2055504
6,10220003,Bloody Run Creek Site #1 (BR01),05/28/1996 12:20:00,SNY319,14265-44-2,Orthophosphate (as P),Dissolved,,0.5,mg/l,False,0.5,,,300(A),SNY001,Actual,SW,Water,,,Clayton,07060001,River/Stream,,43.0404991,-91.2055504
6,10220003,Bloody Run Creek Site #1 (BR01),05/07/1996 12:35:00,SNY319,14265-44-2,Orthophosphate (as P),Dissolved,,0.5,mg/l,False,0.5,,,300(A),SNY001,Actual,SW,Water,,,Clayton,07060001,River/Stream,,43.0404991,-91.2055504
6,10220003,Bloody Run Creek Site #1 (BR01),06/18/1996 10:00:00,SNY319,14265-44-2,Orthophosphate (as P),Dissolved,,0.5,mg/l,False,0.5,,,300(A),SNY001,Actual,SW,Water,,,Clayton,07060001,River/Stream,,43.0404991,-91.2055504
6,10220003,Bloody Run Creek Site #1 (BR01),07/09/1996 12:05:00,SNY319,14265-44-2,Orthophosphate (as P),Dissolved,,0.5,mg/l,False,0.5,,,300(A),SNY001,Actual,SW,Water,,,Clayton,07060001,River/Stream,,43.0404991,-91.2055504
6,10220003,Bloody Run Creek Site #1 (BR01),07/30/1996 13:00:00,SNY319,14265-44-2,Orthophosphate (as P),Dissolved,,0.5,mg/l,False,0.5,,,300(A),SNY001,Actual,SW,Water,,,Clayton,07060001,River/Stream,,43.0404991,-91.2055504
6,10220003,Bloody Run Creek Site #1 (BR01),08/20/1996 14:50:00,SNY319,14265-44-2,Orthophosphate (as P),Dissolved,,0.5,mg/l,False,0.5,,,300(A),SNY001,Actual,SW,Water,,,Clayton,07060001,River/Stream,,43.0404991,-91.2055504
6,10220003,Bloody Run Creek Site #1 (BR01),09/10/1996 11:30:00,SNY319,14265-44-2,Orthophosphate (as P),Dissolved,,0.5,mg/l,False,0.5,,,300(A),SNY001,Actual,SW,Water,,,Clayton,07060001,River/Stream,,43.0404991,-91.2055504
6,10220003,Bloody Run Creek Site #1 (BR01),08/06/2002 09:45:00,AMBIENT,14265-44-2,Orthophosphate (as P),Dissolved,,0.09,mg/l,True,0.05,,,Unknown,UHL001,Actual,SW,Water,,,Clayton,07060001,River/Stream,,43.0404991,-91.2055504
6,10220003,Bloody Run Creek Site #1 (BR01),02/05/2002 10:25:00,AMBIENT,14265-44-2,Orthophosphate (as P),Dissolved,,0.05,mg/l,False,0.05,,,Unknown,UHL001,Actual,SW,Water,,,Clayton,07060001,River/Stream,,43.0404991,-91.2055504
6,10220003,Bloody Run Creek Site #1 (BR01),11/06/2001 10:05:00,AMBIENT,14265-44-2,Orthophosphate (as P),Dissolved,,0.05,mg/l,False,0.05,,,Unknown,UHL001,Actual,SW,Water,,,Clayton,07060001,River/Stream,,43.0404991,-91.2055504
6,10220003,Bloody Run Creek Site #1 (BR01),01/02/2002 12:40:00,AMBIENT,14265-44-2,Orthophosphate (as P),Dissolved,,0.05,mg/l,False,0.05,,,Unknown,UHL001,Actual,SW,Water,,,Clayton,07060001,River/Stream,,43.0404991,-91.2055504
6,10220003,Bloody Run Creek Site #1 (BR01),05/07/2002 12:20:00,AMBIENT,14265-44-2,Orthophosphate (as P),Dissolved,,0.05,mg/l,False,0.05,,,Unknown,UHL001,Actual,SW,Water,,,Clayton,07060001,River/Stream,,43.0404991,-91.2055504
6,10220003,Bloody Run Creek Site #1 (BR01),06/04/2002 09:55:00,AMBIENT,14265-44-2,Orthophosphate (as P),Dissolved,,0.18,mg/l,True,0.05,,,Unknown,UHL001,Actual,SW,Water,,,Clayton,07060001,River/Stream,,43.0404991,-91.2055504
6,10220003,Bloody Run Creek Site #1 (BR01),07/01/2002 12:40:00,AMBIENT,14265-44-2,Orthophosphate (as P),Dissolved,,0.07,mg/l,True,0.05,,,Unknown,UHL001,Actual,SW,Water,,,Clayton,07060001,River/Stream,,43.0404991,-91.2055504
6,10220003,Bloody Run Creek Site #1 (BR01),03/05/2002 11:15:00,AMBIENT,14265-44-2,Orthophosphate (as P),Dissolved,,0.05,mg/l,True,0.05,,,Unknown,UHL001,Actual,SW,Water,,,Clayton,07060001,River/Stream,,43.0404991,-91.2055504
6,10220003,Bloody Run Creek Site #1 (BR01),11/05/2002 13:40:00,AMBIENT,14265-44-2,Orthophosphate (as P),Dissolved,,0.05,mg/l,False,0.05,,,Unknown,UHL001,Actual,SW,Water,,,Clayton,07060001,River/Stream,,43.0404991,-91.2055504
6,10220003,Bloody Run Creek Site #1 (BR01),01/07/2003 10:00:00,AMBIENT,14265-44-2,Orthophosphate (as P),Dissolved,,0.06,mg/l,True,0.05,,,365.1,UHL001,Actual,SW,Water,,,Clayton,07060001,River/Stream,,43.0404991,-91.2055504
6,10220003,Bloody Run Creek Site #1 (BR01),02/04/2003 10:40:00,AMBIENT,14265-44-2,Orthophosphate (as P),Dissolved,,0.05,mg/l,False,0.05,,,365.1,UHL001,Actual,SW,Water,,,Clayton,07060001,River/Stream,,43.0404991,-91.2055504
6,10220003,Bloody Run Creek Site #1 (BR01),05/06/2003 09:30:00,AMBIENT,14265-44-2,Orthophosphate (as P),Dissolved,,0.05,mg/l,False,0.05,,,365.1,UHL001,Actual,SW,Water,,,Clayton,07060001,River/Stream,,43.0404991,-91.2055504
6,10220003,Bloody Run Creek Site #1 (BR01),10/01/2002 12:55:00,AMBIENT,14265-44-2,Orthophosphate (as P),Dissolved,,0.05,mg/l,True,0.05,,,Unknown,UHL001,Actual,SW,Water,,,Clayton,07060001,River/Stream,,43.0404991,-91.2055504
6,10220003,Bloody Run Creek Site #1 (BR01),03/04/2003 10:15:00,AMBIENT,14265-44-2,Orthophosphate (as P),Dissolved,,0.05,mg/l,True,0.05,,,365.1,UHL001,Actual,SW,Water,,,Clayton,07060001,River/Stream,,43.0404991,-91.2055504
6,10220003,Bloody Run Creek Site #1 (BR01),06/03/2003 10:30:00,AMBIENT,14265-44-2,Orthophosphate (as P),Dissolved,,0.05,mg/l,True,0.02,,,365.1,UHL001,Actual,SW,Water,,,Clayton,07060001,River/Stream,,43.0404991,-91.2055504
6,10220003,Bloody Run Creek Site #1 (BR01),07/08/2003 10:10:00,AMBIENT,14265-44-2,Orthophosphate (as P),Dissolved,,0.08,mg/l,True,0.02,,,365.1,UHL001,Actual,SW,Water,,,Clayton,07060001,River/Stream,,43.0404991,-91.2055504
6,10220003,Bloody Run Creek Site #1 (BR01),02/03/2004 11:45:00,AMBIENT,14265-44-2,Orthophosphate (as P),Dissolved,,0.04,mg/l,True,0.02,,,365.1,UHL001,Actual,SW,Water,,,Clayton,07060001,River/Stream,,43.0404991,-91.2055504
6,10220003,Bloody Run Creek Site #1 (BR01),04/06/2004 11:10:00,AMBIENT,14265-44-2,Orthophosphate (as P),Dissolved,,0.02,mg/l,True,0.02,,,365.1,UHL001,Actual,SW,Water,,,Clayton,07060001,River/Stream,,43.0404991,-91.2055504
6,10220003,Bloody Run Creek Site #1 (BR01),05/04/2004 10:45:00,AMBIENT,14265-44-2,Orthophosphate (as P),Dissolved,,0.02,mg/l,False,0.02,,,365.1,UHL001,Actual,SW,Water,,,Clayton,07060001,River/Stream,,43.0404991,-91.2055504
6,10220003,Bloody Run Creek Site #1 (BR01),06/01/2004 10:40:00,AMBIENT,14265-44-2,Orthophosphate (as P),Dissolved,,0.14,mg/l,True,0.02,,,365.1,UHL001,Actual,SW,Water,,,Clayton,07060001,River/Stream,,43.0404991,-91.2055504
6,10220003,Bloody Run Creek Site #1 (BR01),07/06/2004 11:45:00,AMBIENT,14265-44-2,Orthophosphate (as P),Dissolved,,0.06,mg/l,True,0.02,,,365.1,UHL001,Actual,SW,Water,,,Clayton,07060001,River/Stream,,43.0404991,-91.2055504
6,10220003,Bloody Run Creek Site #1 (BR01),01/11/2005 11:10:00,AMBIENT,14265-44-2,Orthophosphate (as P),Dissolved,,0.04,mg/l,True,0.02,,,365.1,UHL001,Actual,SW,Water,,,Clayton,07060001,River/Stream,,43.0404991,-91.2055504
6,10220003,Bloody Run Creek Site #1 (BR01),11/09/2004 10:55:00,AMBIENT,14265-44-2,Orthophosphate (as P),Dissolved,,0.04,mg/l,True,0.02,,,365.1,UHL001,Actual,SW,Water,,,Clayton,07060001,River/Stream,,43.0404991,-91.2055504
6,10220003,Bloody Run Creek Site #1 (BR01),02/08/2005 10:25:00,AMBIENT,14265-44-2,Orthophosphate (as P),Dissolved,,0.62,mg/l,True,0.02,,,365.1,UHL001,Actual,SW,Water,,,Clayton,07060001,River/Stream,,43.0404991,-91.2055504
6,10220003,Bloody Run Creek Site #1 (BR01),04/05/2005 09:10:00,AMBIENT,14265-44-2,Orthophosphate (as P),Dissolved,,0.03,mg/l,True,0.02,,,365.1,UHL001,Actual,SW,Water,,,Clayton,07060001,River/Stream,,43.0404991,-91.2055504
6,10220003,Bloody Run Creek Site #1 (BR01),09/05/2005 08:15:00,AMBIENT,14265-44-2,Orthophosphate (as P),Dissolved,,0.04,mg/l,True,0.02,,,365.1,UHL001,Actual,SW,Water,,,Clayton,07060001,River/Stream,,43.0404991,-91.2055504
6,10220003,Bloody Run Creek Site #1 (BR01),10/11/2005 11:00:00,AMBIENT,14265-44-2,Orthophosphate (as P),Dissolved,,0.04,mg/l,True,0.02,,,365.1,UHL001,Actual,SW,Water,,,Clayton,07060001,River/Stream,,43.0404991,-91.2055504
6,10220003,Bloody Run Creek Site #1 (BR01),12/06/2005 11:05:00,AMBIENT,14265-44-2,Orthophosphate (as P),Dissolved,,0.04,mg/l,True,0.02,,,365.1,UHL001,Actual,SW,Water,,,Clayton,07060001,River/Stream,,43.0404991,-91.2055504
6,10220003,Bloody Run Creek Site #1 (BR01),03/01/2005 10:45:00,AMBIENT,14265-44-2,Orthophosphate (as P),Dissolved,,0.09,mg/l,True,0.02,,,365.1,UHL001,Actual,SW,Water,,,Clayton,07060001,River/Stream,,43.0404991,-91.2055504
6,10220003,Bloody Run Creek Site #1 (BR01),01/03/2006 10:35:00,AMBIENT,14265-44-2,Orthophosphate (as P),Dissolved,,0.04,mg/l,True,0.02,,,365.1,UHL001,Actual,SW,Water,,,Clayton,07060001,River/Stream,,43.0404991,-91.2055504
6,10220003,Bloody Run Creek Site #1 (BR01),04/04/2006 10:00:00,AMBIENT,14265-44-2,Orthophosphate (as P),Dissolved,,0.07,mg/l,True,0.02,,,365.1,UHL001,Actual,SW,Water,,,Clayton,07060001,River/Stream,,43.0404991,-91.2055504
6,10220003,Bloody Run Creek Site #1 (BR01),08/01/2006 12:10:00,AMBIENT,14265-44-2,Orthophosphate (as P),Dissolved,,0.06,mg/l,True,0.02,,,365.1,UHL001,Actual,SW,Water,,,Clayton,07060001,River/Stream,,43.0404991,-91.2055504
6,10220003,Bloody Run Creek Site #1 (BR01),10/04/2006 12:20:00,AMBIENT,14265-44-2,Orthophosphate (as P),Dissolved,,0.04,mg/l,True,0.02,,,365.1,UHL001,Actual,SW,Water,,,Clayton,07060001,River/Stream,,43.0404991,-91.2055504
6,10220003,Bloody Run Creek Site #1 (BR01),02/21/2007 09:45:00,AMBIENT,14265-44-2,Orthophosphate (as P),Dissolved,,0.04,mg/l,True,0.02,,,365.1,UHL001,Actual,SW,Water,,,Clayton,07060001,River/Stream,,43.0404991,-91.2055504
6,10220003,Bloody Run Creek Site #1 (BR01),03/13/2007 10:50:00,AMBIENT,14265-44-2,Orthophosphate (as P),Dissolved,,0.41,mg/l,True,0.02,,,365.1,UHL001,Actual,SW,Water,,,Clayton,07060001,River/Stream,,43.0404991,-91.2055504
6,10220003,Bloody Run Creek Site #1 (BR01),05/08/2007 09:10:00,AMBIENT,14265-44-2,Orthophosphate (as P),Dissolved,,0.02,mg/l,False,0.02,,,365.1,UHL001,Actual,SW,Water,,,Clayton,07060001,River/Stream,,43.0404991,-91.2055504
6,10220003,Bloody Run Creek Site #1 (BR01),08/02/2007 10:25:00,AMBIENT,14265-44-2,Orthophosphate (as P),Dissolved,,0.05,mg/l,True,0.02,,,365.1,UHL001,Actual,SW,Water,,,Clayton,07060001,River/Stream,,43.0404991,-91.2055504
6,10220003,Bloody Run Creek Site #1 (BR01),10/09/2007 10:20:00,AMBIENT,14265-44-2,Orthophosphate (as P),Dissolved,,0.12,mg/l,True,0.02,,,365.1,UHL001,Actual,SW,Water,,,Clayton,07060001,River/Stream,,43.0404991,-91.2055504
6,10220003,Bloody Run Creek Site #1 (BR01),11/01/2007 11:35:00,AMBIENT,14265-44-2,Orthophosphate (as P),Dissolved,,0.05,mg/l,True,0.02,,,365.1,UHL001,Actual,SW,Water,,,Clayton,07060001,River/Stream,,43.0404991,-91.2055504
6,10220003,Bloody Run Creek Site #1 (BR01),01/03/2008 09:20:00,AMBIENT,14265-44-2,Orthophosphate (as P),Dissolved,,0.05,mg/l,True,0.02,,,365.1,UHL001,Actual,SW,Water,,,Clayton,07060001,River/Stream,,43.0404991,-91.2055504
6,10220003,Bloody Run Creek Site #1 (BR01),03/10/2008 09:40:00,AMBIENT,14265-44-2,Orthophosphate (as P),Dissolved,,0.04,mg/l,True,0.02,,,365.1,UHL001,Actual,SW,Water,,,Clayton,07060001,River/Stream,,43.0404991,-91.2055504
6,10220003,Bloody Run Creek Site #1 (BR01),04/09/2008 09:20:00,AMBIENT,14265-44-2,Orthophosphate (as P),Dissolved,,0.06,mg/l,True,0.02,,,365.1,UHL001,Actual,SW,Water,,,Clayton,07060001,River/Stream,,43.0404991,-91.2055504
6,10220003,Bloody Run Creek Site #1 (BR01),05/07/2008 09:20:00,AMBIENT,14265-44-2,Orthophosphate (as P),Dissolved,,0.06,mg/l,True,0.02,,,365.1,UHL001,Actual,SW,Water,,,Clayton,07060001,River/Stream,,43.0404991,-91.2055504
6,10220003,Bloody Run Creek Site #1 (BR01),06/03/2008 08:55:00,AMBIENT,14265-44-2,Orthophosphate (as P),Dissolved,,0.06,mg/l,True,0.02,,,365.1,UHL001,Actual,SW,Water,,,Clayton,07060001,River/Stream,,43.0404991,-91.2055504
6,10220003,Bloody Run Creek Site #1 (BR01),01/04/2007 08:30:00,AMBIENT,14265-44-2,Orthophosphate (as P),Dissolved,,0.04,mg/l,True,0.02,,,365.1,UHL001,Actual,SW,Water,,,Clayton,07060001,River/Stream,,43.0404991,-91.2055504
6,10220003,Bloody Run Creek Site #1 (BR01),02/05/2009 10:00:00,AMBIENT,14265-44-2,Orthophosphate (as P),Dissolved,,0.1,mg/l,False,0.1,,,300(A),UHL001,Actual,SW,Water,,,Clayton,07060001,River/Stream,,43.0404991,-91.2055504
6,10220003,Bloody Run Creek Site #1 (BR01),09/08/2009 10:45:00,AMBIENT,14265-44-2,Orthophosphate (as P),Dissolved,,0.03,mg/l,True,0.02,,,365.1,UHL001,Actual,SW,Water,,,Clayton,07060001,River/Stream,,43.0404991,-91.2055504
6,10220003,Bloody Run Creek Site #1 (BR01),12/03/2009 10:10:00,AMBIENT,14265-44-2,Orthophosphate (as P),Dissolved,,0.03,mg/l,True,0.02,,,365.1,UHL001,Actual,SW,Water,,,Clayton,07060001,River/Stream,,43.0404991,-91.2055504
6,10220003,Bloody Run Creek Site #1 (BR01),01/06/2009 10:00:00,AMBIENT,14265-44-2,Orthophosphate (as P),Dissolved,,0.1,mg/l,False,0.1,,,300(A),UHL001,Actual,SW,Water,,,Clayton,07060001,River/Stream,,43.0404991,-91.2055504
6,10220003,Bloody Run Creek Site #1 (BR01),01/06/2010 10:15:00,AMBIENT,14265-44-2,Orthophosphate (as P),Dissolved,,0.05,mg/l,True,0.02,,,365.1,UHL001,Actual,SW,Water,,,Clayton,07060001,River/Stream,,43.0404991,-91.2055504
6,10220003,Bloody Run Creek Site #1 (BR01),03/01/2010 09:20:00,AMBIENT,14265-44-2,Orthophosphate (as P),Dissolved,,0.02,mg/l,True,0.02,,,365.1,UHL001,Actual,SW,Water,,,Clayton,07060001,River/Stream,,43.0404991,-91.2055504
6,10220003,Bloody Run Creek Site #1 (BR01),05/03/2010 08:30:00,AMBIENT,14265-44-2,Orthophosphate (as P),Dissolved,,0.03,mg/l,True,0.02,,,365.1,UHL001,Actual,SW,Water,,,Clayton,07060001,River/Stream,,43.0404991,-91.2055504
6,10220003,Bloody Run Creek Site #1 (BR01),06/03/2010 09:25:00,AMBIENT,14265-44-2,Orthophosphate (as P),Dissolved,,0.05,mg/l,True,0.02,,,365.1,UHL001,Actual,SW,Water,,,Clayton,07060001,River/Stream,,43.0404991,-91.2055504
6,10220003,Bloody Run Creek Site #1 (BR01),09/02/2010 08:45:00,AMBIENT,14265-44-2,Orthophosphate (as P),Dissolved,,0.14,mg/l,True,0.02,,,365.1,UHL001,Actual,SW,Water,,,Clayton,07060001,River/Stream,,43.0404991,-91.2055504
6,10220003,Bloody Run Creek Site #1 (BR01),10/04/2010 10:15:00,AMBIENT,14265-44-2,Orthophosphate (as P),Dissolved,,0.04,mg/l,True,0.02,,,365.1,UHL001,Actual,SW,Water,,,Clayton,07060001,River/Stream,,43.0404991,-91.2055504
6,10220003,Bloody Run Creek Site #1 (BR01),12/02/2010 10:15:00,AMBIENT,14265-44-2,Orthophosphate (as P),Dissolved,,0.05,mg/l,True,0.02,,,365.1,UHL001,Actual,SW,Water,,,Clayton,07060001,River/Stream,,43.0404991,-91.2055504
6,10220003,Bloody Run Creek Site #1 (BR01),01/04/2011 10:05:00,AMBIENT,14265-44-2,Orthophosphate (as P),Dissolved,,0.06,mg/l,True,0.02,,,365.1,UHL001,Actual,SW,Water,,,Clayton,07060001,River/Stream,,43.0404991,-91.2055504
6,10220003,Bloody Run Creek Site #1 (BR01),03/01/2011 09:40:00,AMBIENT,14265-44-2,Orthophosphate (as P),Dissolved,,0.04,mg/l,True,0.02,,,365.1,UHL001,Actual,SW,Water,,,Clayton,07060001,River/Stream,,43.0404991,-91.2055504
6,10220003,Bloody Run Creek Site #1 (BR01),09/01/2011 10:40:00,AMBIENT,14265-44-2,Orthophosphate (as P),Dissolved,,0.05,mg/l,True,0.02,,,365.1,UHL001,Actual,SW,Water,,,Clayton,07060001,River/Stream,,43.0404991,-91.2055504
6,10220003,Bloody Run Creek Site #1 (BR01),11/02/2011 10:00:00,AMBIENT,14265-44-2,Orthophosphate (as P),Dissolved,,0.02,mg/l,True,0.02,,,365.1,UHL001,Actual,SW,Water,,,Clayton,07060001,River/Stream,,43.0404991,-91.2055504
6,10220003,Bloody Run Creek Site #1 (BR01),01/05/2012 09:05:00,AMBIENT,14265-44-2,Orthophosphate (as P),Dissolved,,0.04,mg/l,True,0.02,,,LAC10-115-01-1A,UHL001,Actual,SW,Water,,,Clayton,07060001,River/Stream,,43.0404991,-91.2055504
6,10220003,Bloody Run Creek Site #1 (BR01),02/07/2012 09:30:00,AMBIENT,14265-44-2,Orthophosphate (as P),Dissolved,,0.03,mg/l,True,0.02,,,LAC10-115-01-1A,UHL001,Actual,SW,Water,,,Clayton,07060001,River/Stream,,43.0404991,-91.2055504
6,10220003,Bloody Run Creek Site #1 (BR01),05/03/2012 08:50:00,AMBIENT,14265-44-2,Orthophosphate (as P),Dissolved,,0.04,mg/l,True,0.02,,,LAC10-115-01-1A,UHL001,Actual,SW,Water,,,Clayton,07060001,River/Stream,,43.0404991,-91.2055504
6,10220003,Bloody Run Creek Site #1 (BR01),06/04/2012 09:50:00,AMBIENT,14265-44-2,Orthophosphate (as P),Dissolved,,0.05,mg/l,True,0.02,,,LAC10-115-01-1A,UHL001,Actual,SW,Water,,,Clayton,07060001,River/Stream,,43.0404991,-91.2055504
6,10220003,Bloody Run Creek Site #1 (BR01),07/05/2012 09:15:00,AMBIENT,14265-44-2,Orthophosphate (as P),Dissolved,,0.05,mg/l,True,0.02,,,LAC10-115-01-1A,UHL001,Actual,SW,Water,,,Clayton,07060001,River/Stream,,43.0404991,-91.2055504
6,10220003,Bloody Run Creek Site #1 (BR01),08/01/2012 10:45:00,AMBIENT,14265-44-2,Orthophosphate (as P),Dissolved,,0.04,mg/l,True,0.02,,,LAC10-115-01-1A,UHL001,Actual,SW,Water,,,Clayton,07060001,River/Stream,,43.0404991,-91.2055504
6,10220003,Bloody Run Creek Site #1 (BR01),11/01/2012 09:45:00,AMBIENT,14265-44-2,Orthophosphate (as P),Dissolved,,0.04,mg/l,True,0.02,,,LAC10-115-01-1A,UHL001,Actual,SW,Water,,,Clayton,07060001,River/Stream,,43.0404991,-91.2055504
6,10220003,Bloody Run Creek Site #1 (BR01),02/03/2015 09:25:00,AMBIENT,14265-44-2,Orthophosphate (AS P),Dissolved,,0.033,mg/l,True,0.02,,,LAC10-115-01-1A,UHL001,Actual,SW,Water,,,Clayton,07060001,River/Stream,,43.0404991,-91.2055504
6,10220003,Bloody Run Creek Site #1 (BR01),05/06/2015 07:55:00,AMBIENT,14265-44-2,Orthophosphate (AS P),Dissolved,,0.02,mg/l,False,0.02,,,LAC10-115-01-1A,UHL001,Actual,SW,Water,,,Clayton,07060001,River/Stream,,43.0404991,-91.2055504
6,10220003,Bloody Run Creek Site #1 (BR01),01/03/2013 09:55:00,AMBIENT,14265-44-2,Orthophosphate (AS P),Dissolved,,0.05,mg/l,True,0.02,,,LAC10-115-01-1A,UHL001,Actual,SW,Water,,,Clayton,07060001,River/Stream,,43.0404991,-91.2055504
6,10220003,Bloody Run Creek Site #1 (BR01),04/04/2013 09:10:00,AMBIENT,14265-44-2,Orthophosphate (AS P),Dissolved,,0.1,mg/l,True,0.02,,,LAC10-115-01-1A,UHL001,Actual,SW,Water,,,Clayton,07060001,River/Stream,,43.0404991,-91.2055504
6,10220003,Bloody Run Creek Site #1 (BR01),06/05/2013 10:15:00,AMBIENT,14265-44-2,Orthophosphate (AS P),Dissolved,,0.07,mg/l,True,0.02,,,LAC10-115-01-1A,UHL001,Actual,SW,Water,,,Clayton,07060001,River/Stream,,43.0404991,-91.2055504
6,10220003,Bloody Run Creek Site #1 (BR01),09/04/2013 10:00:00,AMBIENT,14265-44-2,Orthophosphate (AS P),Dissolved,,0.04,mg/l,True,0.02,,,LAC10-115-01-1A,UHL001,Actual,SW,Water,,,Clayton,07060001,River/Stream,,43.0404991,-91.2055504
6,10220003,Bloody Run Creek Site #1 (BR01),10/02/2013 08:55:00,AMBIENT,14265-44-2,Orthophosphate (AS P),Dissolved,,0.04,mg/l,True,0.02,,,LAC10-115-01-1A,UHL001,Actual,SW,Water,,,Clayton,07060001,River/Stream,,43.0404991,-91.2055504
6,10220003,Bloody Run Creek Site #1 (BR01),03/03/2014 10:25:00,AMBIENT,14265-44-2,Orthophosphate (AS P),Dissolved,,0.04,mg/l,True,0.02,,,LAC10-115-01-1A,UHL001,Actual,SW,Water,,,Clayton,07060001,River/Stream,,43.0404991,-91.2055504
6,10220003,Bloody Run Creek Site #1 (BR01),07/08/2014 08:55:00,AMBIENT,14265-44-2,Orthophosphate (AS P),Dissolved,,0.1,mg/l,True,0.02,,,LAC10-115-01-1A,UHL001,Actual,SW,Water,,,Clayton,07060001,River/Stream,,43.0404991,-91.2055504
6,10220003,Bloody Run Creek Site #1 (BR01),05/05/2014 10:00:00,AMBIENT,14265-44-2,Orthophosphate (AS P),Dissolved,,0.02,mg/l,False,0.02,,,LAC10-115-01-1A,UHL001,Actual,SW,Water,,,Clayton,07060001,River/Stream,,43.0404991,-91.2055504
6,10220003,Bloody Run Creek Site #1 (BR01),06/10/2014 09:30:00,AMBIENT,14265-44-2,Orthophosphate (AS P),Dissolved,,0.05,mg/l,True,0.02,,,LAC10-115-01-1A,UHL001,Actual,SW,Water,,,Clayton,07060001,River/Stream,,43.0404991,-91.2055504
6,10220003,Bloody Run Creek Site #1 (BR01),06/01/2015 11:00:00,AMBIENT,14265-44-2,Orthophosphate (AS P),Dissolved,,0.06,mg/l,True,0.02,,,LAC10-115-01-1A,UHL001,Actual,SW,Water,,,Clayton,07060001,River/Stream,,43.0404991,-91.2055504
6,10220003,Bloody Run Creek Site #1 (BR01),03/07/2012 09:00:00,AMBIENT,14265-44-2,Orthophosphate (as P),Dissolved,,0.05,mg/l,True,0.02,,,LAC10-115-01-1A,UHL001,Actual,SW,Water,,,Clayton,07060001,River/Stream,,43.0404991,-91.2055504
6,10220003,Bloody Run Creek Site #1 (BR01),11/03/2014 08:30:00,AMBIENT,14265-44-2,Orthophosphate (AS P),Dissolved,,0.02,mg/l,True,0.02,,,LAC10-115-01-1A,UHL001,Actual,SW,Water,,,Clayton,07060001,River/Stream,,43.0404991,-91.2055504
6,10220003,Bloody Run Creek Site #1 (BR01),10/07/2014 12:15:00,AMBIENT,14265-44-2,Orthophosphate (AS P),Dissolved,,0.04,mg/l,True,0.02,,,LAC10-115-01-1A,UHL001,Actual,SW,Water,,,Clayton,07060001,River/Stream,,43.0404991,-91.2055504
6,10220003,Bloody Run Creek Site #1 (BR01),01/14/2015 09:15:00,AMBIENT,14265-44-2,Orthophosphate (AS P),Dissolved,,0.04,mg/l,True,0.02,,,LAC10-115-01-1A,UHL001,Actual,SW,Water,,,Clayton,07060001,River/Stream,,43.0404991,-91.2055504
6,10220003,Bloody Run Creek Site #1 (BR01),03/05/2015 08:40:00,AMBIENT,14265-44-2,Orthophosphate (AS P),Dissolved,,0.026,mg/l,True,0.02,,,LAC10-115-01-1A,UHL001,Actual,SW,Water,,,Clayton,07060001,River/Stream,,43.0404991,-91.2055504
6,11220008,Volga River at Littleport (32),05/13/2003 09:30:00,EVENT,14265-44-2,Orthophosphate (as P),Dissolved,,0.07,mg/l,True,0.05,,,365.1,UHL001,Actual,SW,Water,,,Clayton,07060004,River/Stream,,42.7536427,-91.3691492
6,11220008,Volga River at Littleport (32),07/09/2003 13:30:00,EVENT,14265-44-2,Orthophosphate (as P),Dissolved,,0.13,mg/l,True,0.02,,,365.1,UHL001,Actual,SW,Water,,,Clayton,07060004,River/Stream,,42.7536427,-91.3691492
6,10220003,Bloody Run Creek Site #1 (BR01),06/13/1995 12:30:00,SNY319,14265-44-2,Orthophosphate (as P),Dissolved,,0.5,mg/l,False,0.5,,,300(A),SNY001,Actual,SW,Water,,,Clayton,07060001,River/Stream,,43.0404991,-91.2055504
6,10220003,Bloody Run Creek Site #1 (BR01),06/27/1995 13:10:00,SNY319,14265-44-2,Orthophosphate (as P),Dissolved,,0.5,mg/l,False,0.5,,,300(A),SNY001,Actual,SW,Water,,,Clayton,07060001,River/Stream,,43.0404991,-91.2055504
6,10220003,Bloody Run Creek Site #1 (BR01),07/04/1995 12:15:00,SNY319,14265-44-2,Orthophosphate (as P),Dissolved,,0.5,mg/l,False,0.5,,,300(A),SNY001,Actual,SW,Water,,,Clayton,07060001,River/Stream,,43.0404991,-91.2055504
6,10220003,Bloody Run Creek Site #1 (BR01),07/25/1995 15:10:00,SNY319,14265-44-2,Orthophosphate (as P),Dissolved,,0.5,mg/l,False,0.5,,,300(A),SNY001,Actual,SW,Water,,,Clayton,07060001,River/Stream,,43.0404991,-91.2055504
6,10220003,Bloody Run Creek Site #1 (BR01),08/15/1995 14:30:00,SNY319,14265-44-2,Orthophosphate (as P),Dissolved,,0.5,mg/l,False,0.5,,,300(A),SNY001,Actual,SW,Water,,,Clayton,07060001,River/Stream,,43.0404991,-91.2055504
6,10220003,Bloody Run Creek Site #1 (BR01),09/05/1995 09:15:00,SNY319,14265-44-2,Orthophosphate (as P),Dissolved,,0.5,mg/l,False,0.5,,,300(A),SNY001,Actual,SW,Water,,,Clayton,07060001,River/Stream,,43.0404991,-91.2055504
6,10220003,Bloody Run Creek Site #1 (BR01),09/12/1995 11:35:00,SNY319,14265-44-2,Orthophosphate (as P),Dissolved,,0.5,mg/l,False,0.5,,,300(A),SNY001,Actual,SW,Water,,,Clayton,07060001,River/Stream,,43.0404991,-91.2055504
6,10220003,Bloody Run Creek Site #1 (BR01),09/26/1995 12:40:00,SNY319,14265-44-2,Orthophosphate (as P),Dissolved,,0.5,mg/l,False,0.5,,,300(A),SNY001,Actual,SW,Water,,,Clayton,07060001,River/Stream,,43.0404991,-91.2055504
6,10220003,Bloody Run Creek Site #1 (BR01),10/17/1995 13:55:00,SNY319,14265-44-2,Orthophosphate (as P),Dissolved,,0.5,mg/l,False,0.5,,,300(A),SNY001,Actual,SW,Water,,,Clayton,07060001,River/Stream,,43.0404991,-91.2055504
6,10220003,Bloody Run Creek Site #1 (BR01),11/07/1995 13:30:00,SNY319,14265-44-2,Orthophosphate (as P),Dissolved,,0.5,mg/l,False,0.5,,,300(A),SNY001,Actual,SW,Water,,,Clayton,07060001,River/Stream,,43.0404991,-91.2055504
6,10220003,Bloody Run Creek Site #1 (BR01),11/28/1995 12:50:00,SNY319,14265-44-2,Orthophosphate (as P),Dissolved,,0.5,mg/l,False,0.5,,,300(A),SNY001,Actual,SW,Water,,,Clayton,07060001,River/Stream,,43.0404991,-91.2055504
6,10220003,Bloody Run Creek Site #1 (BR01),12/19/1995 12:30:00,SNY319,14265-44-2,Orthophosphate (as P),Dissolved,,0.5,mg/l,False,0.5,,,300(A),SNY001,Actual,SW,Water,,,Clayton,07060001,River/Stream,,43.0404991,-91.2055504
6,10220003,Bloody Run Creek Site #1 (BR01),12/26/1995 12:25:00,SNY319,14265-44-2,Orthophosphate (as P),Dissolved,,0.5,mg/l,False,0.5,,,300(A),SNY001,Actual,SW,Water,,,Clayton,07060001,River/Stream,,43.0404991,-91.2055504
6,10220003,Bloody Run Creek Site #1 (BR01),01/02/1996 12:50:00,SNY319,14265-44-2,Orthophosphate (as P),Dissolved,,0.5,mg/l,False,0.5,,,300(A),SNY001,Actual,SW,Water,,,Clayton,07060001,River/Stream,,43.0404991,-91.2055504
6,10220003,Bloody Run Creek Site #1 (BR01),01/09/1996 13:40:00,SNY319,14265-44-2,Orthophosphate (as P),Dissolved,,0.5,mg/l,False,0.5,,,300(A),SNY001,Actual,SW,Water,,,Clayton,07060001,River/Stream,,43.0404991,-91.2055504
6,10220003,Bloody Run Creek Site #1 (BR01),01/23/1996 13:15:00,SNY319,14265-44-2,Orthophosphate (as P),Dissolved,,0.5,mg/l,False,0.5,,,300(A),SNY001,Actual,SW,Water,,,Clayton,07060001,River/Stream,,43.0404991,-91.2055504
6,10220003,Bloody Run Creek Site #1 (BR01),01/30/1996 14:30:00,SNY319,14265-44-2,Orthophosphate (as P),Dissolved,,0.5,mg/l,False,0.5,,,300(A),SNY001,Actual,SW,Water,,,Clayton,07060001,River/Stream,,43.0404991,-91.2055504
6,10220003,Bloody Run Creek Site #1 (BR01),02/13/1996 12:30:00,SNY319,14265-44-2,Orthophosphate (as P),Dissolved,,0.5,mg/l,False,0.5,,,300(A),SNY001,Actual,SW,Water,,,Clayton,07060001,River/Stream,,43.0404991,-91.2055504
6,10220003,Bloody Run Creek Site #1 (BR01),02/20/1996 12:30:00,SNY319,14265-44-2,Orthophosphate (as P),Dissolved,,0.5,mg/l,False,0.5,,,300(A),SNY001,Actual,SW,Water,,,Clayton,07060001,River/Stream,,43.0404991,-91.2055504
6,10220003,Bloody Run Creek Site #1 (BR01),03/12/1996 14:10:00,SNY319,14265-44-2,Orthophosphate (as P),Dissolved,,0.5,mg/l,False,0.5,,,300(A),SNY001,Actual,SW,Water,,,Clayton,07060001,River/Stream,,43.0404991,-91.2055504
6,10220003,Bloody Run Creek Site #1 (BR01),04/02/1996 09:40:00,SNY319,14265-44-2,Orthophosphate (as P),Dissolved,,0.5,mg/l,False,0.5,,,300(A),SNY001,Actual,SW,Water,,,Clayton,07060001,River/Stream,,43.0404991,-91.2055504
6,10220003,Bloody Run Creek Site #1 (BR01),04/23/1996 12:50:00,SNY319,14265-44-2,Orthophosphate (as P),Dissolved,,0.5,mg/l,False,0.5,,,300(A),SNY001,Actual,SW,Water,,,Clayton,07060001,River/Stream,,43.0404991,-91.2055504
6,10220003,Bloody Run Creek Site #1 (BR01),05/14/1996 11:15:00,SNY319,14265-44-2,Orthophosphate (as P),Dissolved,,0.5,mg/l,False,0.5,,,300(A),SNY001,Actual,SW,Water,,,Clayton,07060001,River/Stream,,43.0404991,-91.2055504
6,10220003,Bloody Run Creek Site #1 (BR01),06/04/1996 12:40:00,SNY319,14265-44-2,Orthophosphate (as P),Dissolved,,0.5,mg/l,False,0.5,,,300(A),SNY001,Actual,SW,Water,,,Clayton,07060001,River/Stream,,43.0404991,-91.2055504
6,10220003,Bloody Run Creek Site #1 (BR01),06/11/1996 11:15:00,SNY319,14265-44-2,Orthophosphate (as P),Dissolved,,0.5,mg/l,False,0.5,,,300(A),SNY001,Actual,SW,Water,,,Clayton,07060001,River/Stream,,43.0404991,-91.2055504
6,10220003,Bloody Run Creek Site #1 (BR01),05/21/1996 12:05:00,SNY319,14265-44-2,Orthophosphate (as P),Dissolved,,0.5,mg/l,False,0.5,,,300(A),SNY001,Actual,SW,Water,,,Clayton,07060001,River/Stream,,43.0404991,-91.2055504
6,15220005,Sny Magill Creek Site #2 (SN02),04/30/1996 13:25:00,SNY319,14265-44-2,Orthophosphate (as P),Dissolved,,0.5,mg/l,False,0.5,,,300(A),SNY001,Actual,SW,Water,,,Clayton,07060003,River/Stream,,42.96808222,-91.22331192
6,15220005,Sny Magill Creek Site #2 (SN02),07/30/1996 14:25:00,SNY319,14265-44-2,Orthophosphate (as P),Dissolved,,0.5,mg/l,False,0.5,,,300(A),SNY001,Actual,SW,Water,,,Clayton,07060003,River/Stream,,42.96808222,-91.22331192
6,15220005,Sny Magill Creek Site #2 (SN02),08/27/1996 15:10:00,SNY319,14265-44-2,Orthophosphate (as P),Dissolved,,0.5,mg/l,False,0.5,,,300(A),SNY001,Actual,SW,Water,,,Clayton,07060003,River/Stream,,42.96808222,-91.22331192
6,15220006,Sny Magill Creek Site #3 (SN03),01/16/1996 12:20:00,SNY319,14265-44-2,Orthophosphate (as P),Dissolved,,0.5,mg/l,False,0.5,,,300(A),SNY001,Actual,SW,Water,,,Clayton,07060003,River/Stream,,42.98149721,-91.24097377
6,15220006,Sny Magill Creek Site #3 (SN03),01/23/1996 15:15:00,SNY319,14265-44-2,Orthophosphate (as P),Dissolved,,0.5,mg/l,False,0.5,,,300(A),SNY001,Actual,SW,Water,,,Clayton,07060003,River/Stream,,42.98149721,-91.24097377
6,15220006,Sny Magill Creek Site #3 (SN03),01/30/1996 16:40:00,SNY319,14265-44-2,Orthophosphate (as P),Dissolved,,0.5,mg/l,False,0.5,,,300(A),SNY001,Actual,SW,Water,,,Clayton,07060003,River/Stream,,42.98149721,-91.24097377
6,15220006,Sny Magill Creek Site #3 (SN03),02/27/1996 14:20:00,SNY319,14265-44-2,Orthophosphate (as P),Dissolved,,0.5,mg/l,False,0.5,,,300(A),SNY001,Actual,SW,Water,,,Clayton,07060003,River/Stream,,42.98149721,-91.24097377
6,15220006,Sny Magill Creek Site #3 (SN03),03/05/1996 14:50:00,SNY319,14265-44-2,Orthophosphate (as P),Dissolved,,0.5,mg/l,False,0.5,,,300(A),SNY001,Actual,SW,Water,,,Clayton,07060003,River/Stream,,42.98149721,-91.24097377
6,15220006,Sny Magill Creek Site #3 (SN03),02/20/1996 11:10:00,SNY319,14265-44-2,Orthophosphate (as P),Dissolved,,0.5,mg/l,False,0.5,,,300(A),SNY001,Actual,SW,Water,,,Clayton,07060003,River/Stream,,42.98149721,-91.24097377
6,15220006,Sny Magill Creek Site #3 (SN03),04/02/1996 11:05:00,SNY319,14265-44-2,Orthophosphate (as P),Dissolved,,0.5,mg/l,False,0.5,,,300(A),SNY001,Actual,SW,Water,,,Clayton,07060003,River/Stream,,42.98149721,-91.24097377
6,15220006,Sny Magill Creek Site #3 (SN03),04/09/1996 11:30:00,SNY319,14265-44-2,Orthophosphate (as P),Dissolved,,0.5,mg/l,False,0.5,,,300(A),SNY001,Actual,SW,Water,,,Clayton,07060003,River/Stream,,42.98149721,-91.24097377
6,15220006,Sny Magill Creek Site #3 (SN03),04/30/1996 13:55:00,SNY319,14265-44-2,Orthophosphate (as P),Dissolved,,0.5,mg/l,False,0.5,,,300(A),SNY001,Actual,SW,Water,,,Clayton,07060003,River/Stream,,42.98149721,-91.24097377
6,15220006,Sny Magill Creek Site #3 (SN03),05/07/1996 14:10:00,SNY319,14265-44-2,Orthophosphate (as P),Dissolved,,0.5,mg/l,False,0.5,,,300(A),SNY001,Actual,SW,Water,,,Clayton,07060003,River/Stream,,42.98149721,-91.24097377
6,15220006,Sny Magill Creek Site #3 (SN03),05/14/1996 13:00:00,SNY319,14265-44-2,Orthophosphate (as P),Dissolved,,0.5,mg/l,False,0.5,,,300(A),SNY001,Actual,SW,Water,,,Clayton,07060003,River/Stream,,42.98149721,-91.24097377
6,15220006,Sny Magill Creek Site #3 (SN03),06/04/1996 14:00:00,SNY319,14265-44-2,Orthophosphate (as P),Dissolved,,0.5,mg/l,False,0.5,,,300(A),SNY001,Actual,SW,Water,,,Clayton,07060003,River/Stream,,42.98149721,-91.24097377
6,15220006,Sny Magill Creek Site #3 (SN03),06/11/1996 12:15:00,SNY319,14265-44-2,Orthophosphate (as P),Dissolved,,0.5,mg/l,False,0.5,,,300(A),SNY001,Actual,SW,Water,,,Clayton,07060003,River/Stream,,42.98149721,-91.24097377
6,15220006,Sny Magill Creek Site #3 (SN03),06/18/1996 11:30:00,SNY319,14265-44-2,Orthophosphate (as P),Dissolved,,0.5,mg/l,False,0.5,,,300(A),SNY001,Actual,SW,Water,,,Clayton,07060003,River/Stream,,42.98149721,-91.24097377
6,15220006,Sny Magill Creek Site #3 (SN03),07/16/1996 11:30:00,SNY319,14265-44-2,Orthophosphate (as P),Dissolved,,0.5,mg/l,False,0.5,,,300(A),SNY001,Actual,SW,Water,,,Clayton,07060003,River/Stream,,42.98149721,-91.24097377
6,15220006,Sny Magill Creek Site #3 (SN03),07/23/1996 12:30:00,SNY319,14265-44-2,Orthophosphate (as P),Dissolved,,0.5,mg/l,False,0.5,,,300(A),SNY001,Actual,SW,Water,,,Clayton,07060003,River/Stream,,42.98149721,-91.24097377
6,15220006,Sny Magill Creek Site #3 (SN03),08/20/1996 16:30:00,SNY319,14265-44-2,Orthophosphate (as P),Dissolved,,0.5,mg/l,False,0.5,,,300(A),SNY001,Actual,SW,Water,,,Clayton,07060003,River/Stream,,42.98149721,-91.24097377
6,15220006,Sny Magill Creek Site #3 (SN03),08/27/1996 15:50:00,SNY319,14265-44-2,Orthophosphate (as P),Dissolved,,0.5,mg/l,False,0.5,,,300(A),SNY001,Actual,SW,Water,,,Clayton,07060003,River/Stream,,42.98149721,-91.24097377
6,15220006,Sny Magill Creek Site #3 (SN03),09/24/1996 15:15:00,SNY319,14265-44-2,Orthophosphate (as P),Dissolved,,0.5,mg/l,False,0.5,,,300(A),SNY001,Actual,SW,Water,,,Clayton,07060003,River/Stream,,42.98149721,-91.24097377
6,15220007,Sny Magill North Tributary (SNT),01/30/1996 16:20:00,SNY319,14265-44-2,Orthophosphate (as P),Dissolved,,0.5,mg/l,False,0.5,,,300(A),SNY001,Actual,SW,Water,,,Clayton,07060003,River/Stream,,42.96850981,-91.22439501
6,15220007,Sny Magill North Tributary (SNT),06/25/1996 15:50:00,SNY319,14265-44-2,Orthophosphate (as P),Dissolved,,0.5,mg/l,False,0.5,,,300(A),SNY001,Actual,SW,Water,,,Clayton,07060003,River/Stream,,42.96850981,-91.22439501
6,15220007,Sny Magill North Tributary (SNT),05/28/1996 13:55:00,SNY319,14265-44-2,Orthophosphate (as P),Dissolved,,0.5,mg/l,False,0.5,,,300(A),SNY001,Actual,SW,Water,,,Clayton,07060003,River/Stream,,42.96850981,-91.22439501
6,15220003,North Cedar Creek (NCC),10/17/1995 15:00:00,SNY319,14265-44-2,Orthophosphate (as P),Dissolved,,0.5,mg/l,False,0.5,,,300(A),SNY001,Actual,SW,Water,,,Clayton,07060003,River/Stream,,42.96274242,-91.22931615
6,15220003,North Cedar Creek (NCC),10/10/1995 14:55:00,SNY319,14265-44-2,Orthophosphate (as P),Dissolved,,0.5,mg/l,False,0.5,,,300(A),SNY001,Actual,SW,Water,,,Clayton,07060003,River/Stream,,42.96274242,-91.22931615
6,15220003,North Cedar Creek (NCC),11/21/1995 14:10:00,SNY319,14265-44-2,Orthophosphate (as P),Dissolved,,0.5,mg/l,False,0.5,,,300(A),SNY001,Actual,SW,Water,,,Clayton,07060003,River/Stream,,42.96274242,-91.22931615
6,15220003,North Cedar Creek (NCC),11/14/1995 12:35:00,SNY319,14265-44-2,Orthophosphate (as P),Dissolved,,0.5,mg/l,False,0.5,,,300(A),SNY001,Actual,SW,Water,,,Clayton,07060003,River/Stream,,42.96274242,-91.22931615
6,15220003,North Cedar Creek (NCC),12/26/1995 13:35:00,SNY319,14265-44-2,Orthophosphate (as P),Dissolved,,0.5,mg/l,False,0.5,,,300(A),SNY001,Actual,SW,Water,,,Clayton,07060003,River/Stream,,42.96274242,-91.22931615
6,15220004,Sny Magill Creek Site #1 (SN01),10/10/1995 14:20:00,SNY319,14265-44-2,Orthophosphate (as P),Dissolved,,0.5,mg/l,False,0.5,,,300(A),SNY001,Actual,SW,Water,,,Clayton,07060003,River/Stream,,42.94880662,-91.18632674
6,15220003,North Cedar Creek (NCC),12/19/1995 13:25:00,SNY319,14265-44-2,Orthophosphate (as P),Dissolved,,0.5,mg/l,False,0.5,,,300(A),SNY001,Actual,SW,Water,,,Clayton,07060003,River/Stream,,42.96274242,-91.22931615
6,15220004,Sny Magill Creek Site #1 (SN01),10/17/1995 14:30:00,SNY319,14265-44-2,Orthophosphate (as P),Dissolved,,0.5,mg/l,False,0.5,,,300(A),SNY001,Actual,SW,Water,,,Clayton,07060003,River/Stream,,42.94880662,-91.18632674
6,15220004,Sny Magill Creek Site #1 (SN01),11/28/1995 13:50:00,SNY319,14265-44-2,Orthophosphate (as P),Dissolved,,0.5,mg/l,False,0.5,,,300(A),SNY001,Actual,SW,Water,,,Clayton,07060003,River/Stream,,42.94880662,-91.18632674
6,15220004,Sny Magill Creek Site #1 (SN01),12/05/1995 13:30:00,SNY319,14265-44-2,Orthophosphate (as P),Dissolved,,0.5,mg/l,False,0.5,,,300(A),SNY001,Actual,SW,Water,,,Clayton,07060003,River/Stream,,42.94880662,-91.18632674
6,15220006,Sny Magill Creek Site #3 (SN03),10/03/1995 16:45:00,SNY319,14265-44-2,Orthophosphate (as P),Dissolved,,0.5,mg/l,False,0.5,,,300(A),SNY001,Actual,SW,Water,,,Clayton,07060003,River/Stream,,42.98149721,-91.24097377
6,15220006,Sny Magill Creek Site #3 (SN03),10/10/1995 15:15:00,SNY319,14265-44-2,Orthophosphate (as P),Dissolved,,0.5,mg/l,False,0.5,,,300(A),SNY001,Actual,SW,Water,,,Clayton,07060003,River/Stream,,42.98149721,-91.24097377
6,15220006,Sny Magill Creek Site #3 (SN03),11/07/1995 15:00:00,SNY319,14265-44-2,Orthophosphate (as P),Dissolved,,0.5,mg/l,False,0.5,,,300(A),SNY001,Actual,SW,Water,,,Clayton,07060003,River/Stream,,42.98149721,-91.24097377
6,15220006,Sny Magill Creek Site #3 (SN03),11/14/1995 12:50:00,SNY319,14265-44-2,Orthophosphate (as P),Dissolved,,0.5,mg/l,False,0.5,,,300(A),SNY001,Actual,SW,Water,,,Clayton,07060003,River/Stream,,42.98149721,-91.24097377
6,15220006,Sny Magill Creek Site #3 (SN03),12/12/1995 15:00:00,SNY319,14265-44-2,Orthophosphate (as P),Dissolved,,0.5,mg/l,False,0.5,,,300(A),SNY001,Actual,SW,Water,,,Clayton,07060003,River/Stream,,42.98149721,-91.24097377
6,15220006,Sny Magill Creek Site #3 (SN03),12/19/1995 14:00:00,SNY319,14265-44-2,Orthophosphate (as P),Dissolved,,0.5,mg/l,False,0.5,,,300(A),SNY001,Actual,SW,Water,,,Clayton,07060003,River/Stream,,42.98149721,-91.24097377
6,15220007,Sny Magill North Tributary (SNT),11/28/1995 14:30:00,SNY319,14265-44-2,Orthophosphate (as P),Dissolved,,0.5,mg/l,False,0.5,,,300(A),SNY001,Actual,SW,Water,,,Clayton,07060003,River/Stream,,42.96850981,-91.22439501
6,15220007,Sny Magill North Tributary (SNT),12/26/1995 14:00:00,SNY319,14265-44-2,Orthophosphate (as P),Dissolved,,0.5,mg/l,False,0.5,,,300(A),SNY001,Actual,SW,Water,,,Clayton,07060003,River/Stream,,42.96850981,-91.22439501
6,15220004,Sny Magill Creek Site #1 (SN01),10/25/1994 11:45:00,SNY319,14265-44-2,Orthophosphate (as P),Dissolved,,0.5,mg/l,False,0.5,,,300(A),SNY001,Actual,SW,Water,,,Clayton,07060003,River/Stream,,42.94880662,-91.18632674
6,15220004,Sny Magill Creek Site #1 (SN01),11/15/1994 13:30:00,SNY319,14265-44-2,Orthophosphate (as P),Dissolved,,0.5,mg/l,False,0.5,,,300(A),SNY001,Actual,SW,Water,,,Clayton,07060003,River/Stream,,42.94880662,-91.18632674
6,15220008,West Fork Sny Magill Creek  (SNWF),01/16/1996 12:00:00,SNY319,14265-44-2,Orthophosphate (as P),Dissolved,,0.5,mg/l,False,0.5,,,300(A),SNY001,Actual,SW,Water,,,Clayton,07060003,River/Stream,,42.97628121,-91.23730654
6,15220008,West Fork Sny Magill Creek  (SNWF),01/23/1996 15:40:00,SNY319,14265-44-2,Orthophosphate (as P),Dissolved,,0.5,mg/l,False,0.5,,,300(A),SNY001,Actual,SW,Water,,,Clayton,07060003,River/Stream,,42.97628121,-91.23730654
6,15220008,West Fork Sny Magill Creek  (SNWF),02/27/1996 14:30:00,SNY319,14265-44-2,Orthophosphate (as P),Dissolved,,0.51,mg/l,True,0.5,,,300(A),SNY001,Actual,SW,Water,,,Clayton,07060003,River/Stream,,42.97628121,-91.23730654
6,15220008,West Fork Sny Magill Creek  (SNWF),03/05/1996 15:10:00,SNY319,14265-44-2,Orthophosphate (as P),Dissolved,,0.5,mg/l,False,0.5,,,300(A),SNY001,Actual,SW,Water,,,Clayton,07060003,River/Stream,,42.97628121,-91.23730654
6,15220008,West Fork Sny Magill Creek  (SNWF),01/30/1996 16:50:00,SNY319,14265-44-2,Orthophosphate (as P),Dissolved,,0.5,mg/l,False,0.5,,,300(A),SNY001,Actual,SW,Water,,,Clayton,07060003,River/Stream,,42.97628121,-91.23730654
6,15220008,West Fork Sny Magill Creek  (SNWF),04/09/1996 11:40:00,SNY319,14265-44-2,Orthophosphate (as P),Dissolved,,0.5,mg/l,False,0.5,,,300(A),SNY001,Actual,SW,Water,,,Clayton,07060003,River/Stream,,42.97628121,-91.23730654
6,15220008,West Fork Sny Magill Creek  (SNWF),04/02/1996 10:50:00,SNY319,14265-44-2,Orthophosphate (as P),Dissolved,,0.5,mg/l,False,0.5,,,300(A),SNY001,Actual,SW,Water,,,Clayton,07060003,River/Stream,,42.97628121,-91.23730654
6,15220008,West Fork Sny Magill Creek  (SNWF),05/14/1996 13:10:00,SNY319,14265-44-2,Orthophosphate (as P),Dissolved,,0.5,mg/l,False,0.5,,,300(A),SNY001,Actual,SW,Water,,,Clayton,07060003,River/Stream,,42.97628121,-91.23730654
6,15220008,West Fork Sny Magill Creek  (SNWF),06/11/1996 12:30:00,SNY319,14265-44-2,Orthophosphate (as P),Dissolved,,0.5,mg/l,False,0.5,,,300(A),SNY001,Actual,SW,Water,,,Clayton,07060003,River/Stream,,42.97628121,-91.23730654
6,15220008,West Fork Sny Magill Creek  (SNWF),06/18/1996 11:00:00,SNY319,14265-44-2,Orthophosphate (as P),Dissolved,,0.5,mg/l,False,0.5,,,300(A),SNY001,Actual,SW,Water,,,Clayton,07060003,River/Stream,,42.97628121,-91.23730654
6,15220008,West Fork Sny Magill Creek  (SNWF),05/07/1996 14:30:00,SNY319,14265-44-2,Orthophosphate (as P),Dissolved,,0.5,mg/l,False,0.5,,,300(A),SNY001,Actual,SW,Water,,,Clayton,07060003,River/Stream,,42.97628121,-91.23730654
6,15220008,West Fork Sny Magill Creek  (SNWF),07/23/1996 12:50:00,SNY319,14265-44-2,Orthophosphate (as P),Dissolved,,0.5,mg/l,False,0.5,,,300(A),SNY001,Actual,SW,Water,,,Clayton,07060003,River/Stream,,42.97628121,-91.23730654
6,15220008,West Fork Sny Magill Creek  (SNWF),07/16/1996 11:00:00,SNY319,14265-44-2,Orthophosphate (as P),Dissolved,,0.5,mg/l,False,0.5,,,300(A),SNY001,Actual,SW,Water,,,Clayton,07060003,River/Stream,,42.97628121,-91.23730654
6,15220008,West Fork Sny Magill Creek  (SNWF),08/27/1996 16:00:00,SNY319,14265-44-2,Orthophosphate (as P),Dissolved,,0.5,mg/l,False,0.5,,,300(A),SNY001,Actual,SW,Water,,,Clayton,07060003,River/Stream,,42.97628121,-91.23730654
6,15220008,West Fork Sny Magill Creek  (SNWF),08/20/1996 16:50:00,SNY319,14265-44-2,Orthophosphate (as P),Dissolved,,0.5,mg/l,False,0.5,,,300(A),SNY001,Actual,SW,Water,,,Clayton,07060003,River/Stream,,42.97628121,-91.23730654
6,15220008,West Fork Sny Magill Creek  (SNWF),09/24/1996 15:25:00,SNY319,14265-44-2,Orthophosphate (as P),Dissolved,,0.5,mg/l,False,0.5,,,300(A),SNY001,Actual,SW,Water,,,Clayton,07060003,River/Stream,,42.97628121,-91.23730654
6,15220008,West Fork Sny Magill Creek  (SNWF),10/10/1995 15:40:00,SNY319,14265-44-2,Orthophosphate (as P),Dissolved,,0.5,mg/l,False,0.5,,,300(A),SNY001,Actual,SW,Water,,,Clayton,07060003,River/Stream,,42.97628121,-91.23730654
6,15220008,West Fork Sny Magill Creek  (SNWF),10/17/1995 15:40:00,SNY319,14265-44-2,Orthophosphate (as P),Dissolved,,0.5,mg/l,False,0.5,,,300(A),SNY001,Actual,SW,Water,,,Clayton,07060003,River/Stream,,42.97628121,-91.23730654
6,15220008,West Fork Sny Magill Creek  (SNWF),11/14/1995 13:00:00,SNY319,14265-44-2,Orthophosphate (as P),Dissolved,,0.5,mg/l,False,0.5,,,300(A),SNY001,Actual,SW,Water,,,Clayton,07060003,River/Stream,,42.97628121,-91.23730654
6,15220008,West Fork Sny Magill Creek  (SNWF),11/21/1995 14:50:00,SNY319,14265-44-2,Orthophosphate (as P),Dissolved,,0.5,mg/l,False,0.5,,,300(A),SNY001,Actual,SW,Water,,,Clayton,07060003,River/Stream,,42.97628121,-91.23730654
6,15220008,West Fork Sny Magill Creek  (SNWF),12/19/1995 14:15:00,SNY319,14265-44-2,Orthophosphate (as P),Dissolved,,0.5,mg/l,False,0.5,,,300(A),SNY001,Actual,SW,Water,,,Clayton,07060003,River/Stream,,42.97628121,-91.23730654
6,15220008,West Fork Sny Magill Creek  (SNWF),12/26/1995 14:20:00,SNY319,14265-44-2,Orthophosphate (as P),Dissolved,,0.5,mg/l,False,0.5,,,300(A),SNY001,Actual,SW,Water,,,Clayton,07060003,River/Stream,,42.97628121,-91.23730654
6,16220002,Peck Creek - REMAP #229,09/10/2002 09:55:00,REMAP,14265-44-2,Orthophosphate (as P),Dissolved,,0.05,mg/l,False,0.05,,,365.1,UHL001,Actual,SW,Water,,,Clayton,07060004,River/Stream,,42.723821,-91.144286
6,16220001,Roberts Creek,07/30/2002 14:10:00,REMAP,14265-44-2,Orthophosphate (as P),Dissolved,,0.45,mg/l,True,0.05,,,365.1,UHL001,Actual,SW,Water,,,Clayton,07060004,River/Stream,,42.963184,-91.461441
6,16220001,Roberts Creek,08/13/2002 09:45:00,REMAP,14265-44-2,Orthophosphate (as P),Dissolved,,0.14,mg/l,True,0.05,,,365.1,UHL001,Actual,SW,Water,,,Clayton,07060004,River/Stream,,42.963184,-91.461441
6,16220003,Turkey River - Garber - REMAP # 70,09/23/2003 09:30:00,REMAP,14265-44-2,Orthophosphate (as P),Dissolved,,0.02,mg/l,False,0.02,,,365.1,UHL001,Actual,SW,Water,,,Clayton,07060004,River/Stream,,42.738283,-91.265993
6,16220006,North Cedar Creek - Clayton # 159,07/05/2005 10:15:00,REMAP,14265-44-2,Orthophosphate (as P),Dissolved,,0.06,mg/l,True,0.02,,,365.1,UHL001,Actual,SW,Water,,,Clayton,07060003,River/Stream,,42.947107,-91.232895
6,16220005,Bear Creek - Edgewood # 155,07/19/2005 12:30:00,REMAP,14265-44-2,Orthophosphate (as P),Dissolved,,0.04,mg/l,True,0.02,,,365.1,UHL001,Actual,SW,Water,,,Clayton,07060004,River/Stream,,42.672969,-91.393914
6,16220007,Volga River - Site 196,07/24/2006 10:35:00,REMAP,14265-44-2,Orthophosphate (as P),Dissolved,,0.09,mg/l,True,0.02,,,365.1,UHL001,Actual,SW,Water,,,Clayton,07060004,River/Stream,,42.754989,-91.363441
6,16220006,North Cedar Creek - Clayton # 159,09/24/2007 15:30:00,TMDL,14265-44-2,Orthophosphate (as P),Dissolved,,0.08,mg/l,True,0.02,,,365.1,UHL001,Actual,SW,Water,,,Clayton,07060003,River/Stream,,42.947107,-91.232895
6,16220001,Roberts Creek,08/11/2008 10:30:00,TMDL,14265-44-2,Orthophosphate (as P),Dissolved,,0.06,mg/l,True,0.02,,,365.1,UHL001,Actual,SW,Water,,,Clayton,07060004,River/Stream,,42.963184,-91.461441
6,16220001,Roberts Creek,08/12/2009 13:15:00,TMDL,14265-44-2,Orthophosphate (as P),Dissolved,,0.24,mg/l,True,0.02,,,365.1,UHL001,Actual,SW,Water,,,Clayton,07060004,River/Stream,,42.963184,-91.461441
6,16220001,Roberts Creek,07/28/2009 12:10:00,TMDL,14265-44-2,Orthophosphate (as P),Dissolved,,0.16,mg/l,True,0.02,,,365.1,UHL001,Actual,SW,Water,,,Clayton,07060004,River/Stream,,42.963184,-91.461441
6,15220018,Roberts Creek @ 206th St/B65 (RC02/ROB30),10/05/1999 13:15:00,BSP,14265-44-2,Orthophosphate (as P),Dissolved,,0.1,mg/l,False,0.1,,,TIM 781-86T,BSP,Actual,SW,Water,,,Clayton,07060004,River/Stream,,42.9304245,-91.38552335
6,15220018,Roberts Creek @ 206th St/B65 (RC02/ROB30),10/12/1999 10:35:00,BSP,14265-44-2,Orthophosphate (as P),Dissolved,,0.1,mg/l,False,0.1,,,TIM 781-86T,BSP,Actual,SW,Water,,,Clayton,07060004,River/Stream,,42.9304245,-91.38552335
6,15220018,Roberts Creek @ 206th St/B65 (RC02/ROB30),10/26/1999 11:05:00,BSP,14265-44-2,Orthophosphate (as P),Dissolved,,0.1,mg/l,False,0.1,,,TIM 781-86T,BSP,Actual,SW,Water,,,Clayton,07060004,River/Stream,,42.9304245,-91.38552335
6,15220018,Roberts Creek @ 206th St/B65 (RC02/ROB30),11/02/1999 11:20:00,BSP,14265-44-2,Orthophosphate (as P),Dissolved,,0.1,mg/l,False,0.1,,,TIM 781-86T,BSP,Actual,SW,Water,,,Clayton,07060004,River/Stream,,42.9304245,-91.38552335
6,15220018,Roberts Creek @ 206th St/B65 (RC02/ROB30),11/23/1999 10:25:00,BSP,14265-44-2,Orthophosphate (as P),Dissolved,,0.1,mg/l,False,0.1,,,TIM 781-86T,BSP,Actual,SW,Water,,,Clayton,07060004,River/Stream,,42.9304245,-91.38552335
6,15220018,Roberts Creek @ 206th St/B65 (RC02/ROB30),12/14/1999 11:15:00,BSP,14265-44-2,Orthophosphate (as P),Dissolved,,0.1,mg/l,False,0.1,,,TIM 781-86T,BSP,Actual,SW,Water,,,Clayton,07060004,River/Stream,,42.9304245,-91.38552335
6,15220018,Roberts Creek @ 206th St/B65 (RC02/ROB30),01/04/2000 09:55:00,BSP,14265-44-2,Orthophosphate (as P),Dissolved,,0.1,mg/l,False,0.1,,,TIM 781-86T,BSP,Actual,SW,Water,,,Clayton,07060004,River/Stream,,42.9304245,-91.38552335
6,15220018,Roberts Creek @ 206th St/B65 (RC02/ROB30),01/25/2000 11:15:00,BSP,14265-44-2,Orthophosphate (as P),Dissolved,,0.2,mg/l,True,0.1,,,TIM 781-86T,BSP,Actual,SW,Water,,,Clayton,07060004,River/Stream,,42.9304245,-91.38552335
6,15220018,Roberts Creek @ 206th St/B65 (RC02/ROB30),02/15/2000 11:20:00,BSP,14265-44-2,Orthophosphate (as P),Dissolved,,0.2,mg/l,True,0.1,,,TIM 781-86T,BSP,Actual,SW,Water,,,Clayton,07060004,River/Stream,,42.9304245,-91.38552335
6,15220018,Roberts Creek @ 206th St/B65 (RC02/ROB30),02/22/2000 11:30:00,BSP,14265-44-2,Orthophosphate (as P),Dissolved,,0.2,mg/l,True,0.1,,,TIM 781-86T,BSP,Actual,SW,Water,,,Clayton,07060004,River/Stream,,42.9304245,-91.38552335
6,15220018,Roberts Creek @ 206th St/B65 (RC02/ROB30),03/07/2000 10:20:00,BSP,14265-44-2,Orthophosphate (as P),Dissolved,,0.1,mg/l,True,0.1,,,TIM 781-86T,BSP,Actual,SW,Water,,,Clayton,07060004,River/Stream,,42.9304245,-91.38552335
6,15220018,Roberts Creek @ 206th St/B65 (RC02/ROB30),03/14/2000 11:20:00,BSP,14265-44-2,Orthophosphate (as P),Dissolved,,0.1,mg/l,True,0.1,,,TIM 781-86T,BSP,Actual,SW,Water,,,Clayton,07060004,River/Stream,,42.9304245,-91.38552335
6,15220018,Roberts Creek @ 206th St/B65 (RC02/ROB30),03/28/2000 12:00:00,BSP,14265-44-2,Orthophosphate (as P),Dissolved,,0.1,mg/l,True,0.1,,,TIM 781-86T,BSP,Actual,SW,Water,,,Clayton,07060004,River/Stream,,42.9304245,-91.38552335
6,15220018,Roberts Creek @ 206th St/B65 (RC02/ROB30),04/04/2000 11:10:00,BSP,14265-44-2,Orthophosphate (as P),Dissolved,,0.1,mg/l,False,0.1,,,TIM 781-86T,BSP,Actual,SW,Water,,,Clayton,07060004,River/Stream,,42.9304245,-91.38552335
6,15220018,Roberts Creek @ 206th St/B65 (RC02/ROB30),04/25/2000 11:55:00,BSP,14265-44-2,Orthophosphate (as P),Dissolved,,0.1,mg/l,True,0.1,,,TIM 781-86T,BSP,Actual,SW,Water,,,Clayton,07060004,River/Stream,,42.9304245,-91.38552335
6,15220018,Roberts Creek @ 206th St/B65 (RC02/ROB30),05/16/2000 10:45:00,BSP,14265-44-2,Orthophosphate (as P),Dissolved,,0.1,mg/l,False,0.1,,,TIM 781-86T,BSP,Actual,SW,Water,,,Clayton,07060004,River/Stream,,42.9304245,-91.38552335
6,15220018,Roberts Creek @ 206th St/B65 (RC02/ROB30),06/06/2000 10:30:00,BSP,14265-44-2,Orthophosphate (as P),Dissolved,,0.4,mg/l,True,0.1,,,TIM 781-86T,BSP,Actual,SW,Water,,,Clayton,07060004,River/Stream,,42.9304245,-91.38552335
6,15220018,Roberts Creek @ 206th St/B65 (RC02/ROB30),06/27/2000 11:35:00,BSP,14265-44-2,Orthophosphate (as P),Dissolved,,0.3,mg/l,True,0.1,,,TIM 781-86T,BSP,Actual,SW,Water,,,Clayton,07060004,River/Stream,,42.9304245,-91.38552335
6,15220018,Roberts Creek @ 206th St/B65 (RC02/ROB30),07/18/2000 11:15:00,BSP,14265-44-2,Orthophosphate (as P),Dissolved,,0.1,mg/l,True,0.1,,,TIM 781-86T,BSP,Actual,SW,Water,,,Clayton,07060004,River/Stream,,42.9304245,-91.38552335
6,15220018,Roberts Creek @ 206th St/B65 (RC02/ROB30),08/08/2000 10:50:00,BSP,14265-44-2,Orthophosphate (as P),Dissolved,,0.1,mg/l,True,0.1,,,4500-P-E,BSP,Actual,SW,Water,,,Clayton,07060004,River/Stream,,42.9304245,-91.38552335
6,15220018,Roberts Creek @ 206th St/B65 (RC02/ROB30),08/15/2000 11:30:00,BSP,14265-44-2,Orthophosphate (as P),Dissolved,,0.2,mg/l,True,0.1,,,4500-P-E,BSP,Actual,SW,Water,,,Clayton,07060004,River/Stream,,42.9304245,-91.38552335
6,15220018,Roberts Creek @ 206th St/B65 (RC02/ROB30),08/29/2000 11:45:00,BSP,14265-44-2,Orthophosphate (as P),Dissolved,,0.2,mg/l,True,0.1,,,4500-P-E,BSP,Actual,SW,Water,,,Clayton,07060004,River/Stream,,42.9304245,-91.38552335
6,15220018,Roberts Creek @ 206th St/B65 (RC02/ROB30),09/05/2000 10:40:00,BSP,14265-44-2,Orthophosphate (as P),Dissolved,,0.2,mg/l,True,0.1,,,4500-P-E,BSP,Actual,SW,Water,,,Clayton,07060004,River/Stream,,42.9304245,-91.38552335
6,15220018,Roberts Creek @ 206th St/B65 (RC02/ROB30),09/19/2000 10:45:00,BSP,14265-44-2,Orthophosphate (as P),Dissolved,,0.1,mg/l,False,0.1,,,4500-P-E,BSP,Actual,SW,Water,,,Clayton,07060004,River/Stream,,42.9304245,-91.38552335
6,15220018,Roberts Creek @ 206th St/B65 (RC02/ROB30),09/26/2000 11:45:00,BSP,14265-44-2,Orthophosphate (as P),Dissolved,,0.1,mg/l,True,0.1,,,4500-P-E,BSP,Actual,SW,Water,,,Clayton,07060004,River/Stream,,42.9304245,-91.38552335
6,15220018,Roberts Creek @ 206th St/B65 (RC02/ROB30),10/10/2000 11:00:00,BSP,14265-44-2,Orthophosphate (as P),Dissolved,,0.1,mg/l,False,0.1,,,4500-P-E,BSP,Actual,SW,Water,,,Clayton,07060004,River/Stream,,42.9304245,-91.38552335
6,15220018,Roberts Creek @ 206th St/B65 (RC02/ROB30),11/07/2000 11:25:00,BSP,14265-44-2,Orthophosphate (as P),Dissolved,,0.3,mg/l,True,0.1,,,4500-P-E,BSP,Actual,SW,Water,,,Clayton,07060004,River/Stream,,42.9304245,-91.38552335
6,15220018,Roberts Creek @ 206th St/B65 (RC02/ROB30),11/28/2000 11:35:00,BSP,14265-44-2,Orthophosphate (as P),Dissolved,,0.1,mg/l,True,0.1,,,TIM 781-86T,BSP,Actual,SW,Water,,,Clayton,07060004,River/Stream,,42.9304245,-91.38552335
6,15220018,Roberts Creek @ 206th St/B65 (RC02/ROB30),12/19/2000 12:20:00,BSP,14265-44-2,Orthophosphate (as P),Dissolved,,0.1,mg/l,True,0.1,,,TIM 781-86T,BSP,Actual,SW,Water,,,Clayton,07060004,River/Stream,,42.9304245,-91.38552335
6,15220018,Roberts Creek @ 206th St/B65 (RC02/ROB30),01/09/2001 11:00:00,BSP,14265-44-2,Orthophosphate (as P),Dissolved,,0.1,mg/l,False,0.1,,,4500-P-E,BSP,Actual,SW,Water,,,Clayton,07060004,River/Stream,,42.9304245,-91.38552335
6,15220018,Roberts Creek @ 206th St/B65 (RC02/ROB30),01/30/2001 11:15:00,BSP,14265-44-2,Orthophosphate (as P),Dissolved,,0.3,mg/l,True,0.1,,,4500-P-E,BSP,Actual,SW,Water,,,Clayton,07060004,River/Stream,,42.9304245,-91.38552335
6,15220018,Roberts Creek @ 206th St/B65 (RC02/ROB30),02/20/2001 10:55:00,BSP,14265-44-2,Orthophosphate (as P),Dissolved,,0.1,mg/l,True,0.1,,,TIM 781-86T,BSP,Actual,SW,Water,,,Clayton,07060004,River/Stream,,42.9304245,-91.38552335
6,15220018,Roberts Creek @ 206th St/B65 (RC02/ROB30),03/13/2001 10:40:00,BSP,14265-44-2,Orthophosphate (as P),Dissolved,,0.2,mg/l,True,0.1,,,TIM 781-86T,BSP,Actual,SW,Water,,,Clayton,07060004,River/Stream,,42.9304245,-91.38552335
6,15220018,Roberts Creek @ 206th St/B65 (RC02/ROB30),03/20/2001 11:10:00,BSP,14265-44-2,Orthophosphate (as P),Dissolved,,0.4,mg/l,True,0.1,,,TIM 781-86T,BSP,Actual,SW,Water,,,Clayton,07060004,River/Stream,,42.9304245,-91.38552335
6,15220018,Roberts Creek @ 206th St/B65 (RC02/ROB30),04/03/2001 11:00:00,BSP,14265-44-2,Orthophosphate (as P),Dissolved,,0.1,mg/l,True,0.1,,,TIM 781-86T,BSP,Actual,SW,Water,,,Clayton,07060004,River/Stream,,42.9304245,-91.38552335
6,15220018,Roberts Creek @ 206th St/B65 (RC02/ROB30),04/10/2001 11:05:00,BSP,14265-44-2,Orthophosphate (as P),Dissolved,,0.1,mg/l,True,0.1,,,4500-P-E,BSP,Actual,SW,Water,,,Clayton,07060004,River/Stream,,42.9304245,-91.38552335
6,15220018,Roberts Creek @ 206th St/B65 (RC02/ROB30),04/24/2001 12:45:00,BSP,14265-44-2,Orthophosphate (as P),Dissolved,,0.1,mg/l,True,0.1,,,4500-P-E,BSP,Actual,SW,Water,,,Clayton,07060004,River/Stream,,42.9304245,-91.38552335
6,15220018,Roberts Creek @ 206th St/B65 (RC02/ROB30),05/01/2001 10:45:00,BSP,14265-44-2,Orthophosphate (as P),Dissolved,,0.06,mg/l,True,0.02,,,4500-P-E,BSP,Actual,SW,Water,,,Clayton,07060004,River/Stream,,42.9304245,-91.38552335
6,15220018,Roberts Creek @ 206th St/B65 (RC02/ROB30),05/15/2001 10:30:00,BSP,14265-44-2,Orthophosphate (as P),Dissolved,,0.09,mg/l,True,0.02,,,4500-P-E,BSP,Actual,SW,Water,,,Clayton,07060004,River/Stream,,42.9304245,-91.38552335
6,15220018,Roberts Creek @ 206th St/B65 (RC02/ROB30),05/22/2001 11:05:00,BSP,14265-44-2,Orthophosphate (as P),Dissolved,,0.06,mg/l,True,0.02,,,4500-P-E,BSP,Actual,SW,Water,,,Clayton,07060004,River/Stream,,42.9304245,-91.38552335
6,15220018,Roberts Creek @ 206th St/B65 (RC02/ROB30),06/12/2001 10:30:00,BSP,14265-44-2,Orthophosphate (as P),Dissolved,,0.27,mg/l,True,0.02,,,4500-P-E,BSP,Actual,SW,Water,,,Clayton,07060004,River/Stream,,42.9304245,-91.38552335
6,15220018,Roberts Creek @ 206th St/B65 (RC02/ROB30),07/03/2001 10:05:00,BSP,14265-44-2,Orthophosphate (as P),Dissolved,,0.11,mg/l,True,0.02,,,4500-P-E,BSP,Actual,SW,Water,,,Clayton,07060004,River/Stream,,42.9304245,-91.38552335
6,15220018,Roberts Creek @ 206th St/B65 (RC02/ROB30),08/14/2001 12:00:00,BSP,14265-44-2,Orthophosphate (as P),Dissolved,,0.04,mg/l,True,0.02,,,4500-P-E,BSP,Actual,SW,Water,,,Clayton,07060004,River/Stream,,42.9304245,-91.38552335
6,15220018,Roberts Creek @ 206th St/B65 (RC02/ROB30),07/24/2001 10:45:00,BSP,14265-44-2,Orthophosphate (as P),Dissolved,,0.07,mg/l,True,0.02,,,4500-P-E,BSP,Actual,SW,Water,,,Clayton,07060004,River/Stream,,42.9304245,-91.38552335
6,15220018,Roberts Creek @ 206th St/B65 (RC02/ROB30),09/04/2001 10:20:00,BSP,14265-44-2,Orthophosphate (as P),Dissolved,,0.02,mg/l,True,0.02,,,4500-P-E,BSP,Actual,SW,Water,,,Clayton,07060004,River/Stream,,42.9304245,-91.38552335
6,15220018,Roberts Creek @ 206th St/B65 (RC02/ROB30),09/25/2001 11:30:00,BSP,14265-44-2,Orthophosphate (as P),Dissolved,,0.73,mg/l,True,0.02,,,4500-P-E,BSP,Actual,SW,Water,,,Clayton,07060004,River/Stream,,42.9304245,-91.38552335
6,15220018,Roberts Creek @ 206th St/B65 (RC02/ROB30),08/22/2000 10:55:00,BSP,14265-44-2,Orthophosphate (as P),Dissolved,,0.2,mg/l,True,0.1,,,4500-P-E,BSP,Actual,SW,Water,,,Clayton,07060004,River/Stream,,42.9304245,-91.38552335
6,15220018,Roberts Creek @ 206th St/B65 (RC02/ROB30),09/12/2000 11:10:00,BSP,14265-44-2,Orthophosphate (as P),Dissolved,,0.1,mg/l,False,0.1,,,TIM 781-86T,BSP,Actual,SW,Water,,,Clayton,07060004,River/Stream,,42.9304245,-91.38552335
6,15220008,West Fork Sny Magill Creek  (SNWF),01/02/1996 14:40:00,SNY319,14265-44-2,Orthophosphate (as P),Dissolved,,0.5,mg/l,False,0.5,,,300(A),SNY001,Actual,SW,Water,,,Clayton,07060003,River/Stream,,42.97628121,-91.23730654
6,15220008,West Fork Sny Magill Creek  (SNWF),01/09/1996 14:20:00,SNY319,14265-44-2,Orthophosphate (as P),Dissolved,,0.5,mg/l,False,0.5,,,300(A),SNY001,Actual,SW,Water,,,Clayton,07060003,River/Stream,,42.97628121,-91.23730654
6,15220008,West Fork Sny Magill Creek  (SNWF),02/06/1996 14:15:00,SNY319,14265-44-2,Orthophosphate (as P),Dissolved,,0.5,mg/l,False,0.5,,,300(A),SNY001,Actual,SW,Water,,,Clayton,07060003,River/Stream,,42.97628121,-91.23730654
6,15220008,West Fork Sny Magill Creek  (SNWF),02/13/1996 14:10:00,SNY319,14265-44-2,Orthophosphate (as P),Dissolved,,0.5,mg/l,False,0.5,,,300(A),SNY001,Actual,SW,Water,,,Clayton,07060003,River/Stream,,42.97628121,-91.23730654
6,15220008,West Fork Sny Magill Creek  (SNWF),03/12/1996 15:35:00,SNY319,14265-44-2,Orthophosphate (as P),Dissolved,,0.5,mg/l,False,0.5,,,300(A),SNY001,Actual,SW,Water,,,Clayton,07060003,River/Stream,,42.97628121,-91.23730654
6,15220008,West Fork Sny Magill Creek  (SNWF),03/19/1996 11:00:00,SNY319,14265-44-2,Orthophosphate (as P),Dissolved,,0.5,mg/l,False,0.5,,,300(A),SNY001,Actual,SW,Water,,,Clayton,07060003,River/Stream,,42.97628121,-91.23730654
6,15220008,West Fork Sny Magill Creek  (SNWF),02/20/1996 11:26:00,SNY319,14265-44-2,Orthophosphate (as P),Dissolved,,0.5,mg/l,False,0.5,,,300(A),SNY001,Actual,SW,Water,,,Clayton,07060003,River/Stream,,42.97628121,-91.23730654
6,15220008,West Fork Sny Magill Creek  (SNWF),03/26/1996 10:50:00,SNY319,14265-44-2,Orthophosphate (as P),Dissolved,,0.5,mg/l,False,0.5,,,300(A),SNY001,Actual,SW,Water,,,Clayton,07060003,River/Stream,,42.97628121,-91.23730654
6,15220008,West Fork Sny Magill Creek  (SNWF),04/16/1996 14:40:00,SNY319,14265-44-2,Orthophosphate (as P),Dissolved,,0.5,mg/l,False,0.5,,,300(A),SNY001,Actual,SW,Water,,,Clayton,07060003,River/Stream,,42.97628121,-91.23730654
6,15220008,West Fork Sny Magill Creek  (SNWF),04/23/1996 10:50:00,SNY319,14265-44-2,Orthophosphate (as P),Dissolved,,0.5,mg/l,False,0.5,,,300(A),SNY001,Actual,SW,Water,,,Clayton,07060003,River/Stream,,42.97628121,-91.23730654
6,15220008,West Fork Sny Magill Creek  (SNWF),04/30/1996 14:05:00,SNY319,14265-44-2,Orthophosphate (as P),Dissolved,,0.5,mg/l,False,0.5,,,300(A),SNY001,Actual,SW,Water,,,Clayton,07060003,River/Stream,,42.97628121,-91.23730654
6,15220008,West Fork Sny Magill Creek  (SNWF),05/21/1996 14:15:00,SNY319,14265-44-2,Orthophosphate (as P),Dissolved,,0.5,mg/l,False,0.5,,,300(A),SNY001,Actual,SW,Water,,,Clayton,07060003,River/Stream,,42.97628121,-91.23730654
6,15220008,West Fork Sny Magill Creek  (SNWF),05/28/1996 14:10:00,SNY319,14265-44-2,Orthophosphate (as P),Dissolved,,0.5,mg/l,False,0.5,,,300(A),SNY001,Actual,SW,Water,,,Clayton,07060003,River/Stream,,42.97628121,-91.23730654
6,15220008,West Fork Sny Magill Creek  (SNWF),06/04/1996 14:20:00,SNY319,14265-44-2,Orthophosphate (as P),Dissolved,,0.5,mg/l,False,0.5,,,300(A),SNY001,Actual,SW,Water,,,Clayton,07060003,River/Stream,,42.97628121,-91.23730654
6,15220008,West Fork Sny Magill Creek  (SNWF),06/25/1996 16:25:00,SNY319,14265-44-2,Orthophosphate (as P),Dissolved,,0.5,mg/l,False,0.5,,,300(A),SNY001,Actual,SW,Water,,,Clayton,07060003,River/Stream,,42.97628121,-91.23730654
6,15220008,West Fork Sny Magill Creek  (SNWF),07/02/1996 11:30:00,SNY319,14265-44-2,Orthophosphate (as P),Dissolved,,0.5,mg/l,False,0.5,,,300(A),SNY001,Actual,SW,Water,,,Clayton,07060003,River/Stream,,42.97628121,-91.23730654
6,15220008,West Fork Sny Magill Creek  (SNWF),07/09/1996 14:25:00,SNY319,14265-44-2,Orthophosphate (as P),Dissolved,,0.5,mg/l,False,0.5,,,300(A),SNY001,Actual,SW,Water,,,Clayton,07060003,River/Stream,,42.97628121,-91.23730654
6,15220008,West Fork Sny Magill Creek  (SNWF),07/30/1996 15:00:00,SNY319,14265-44-2,Orthophosphate (as P),Dissolved,,0.5,mg/l,False,0.5,,,300(A),SNY001,Actual,SW,Water,,,Clayton,07060003,River/Stream,,42.97628121,-91.23730654
6,15220008,West Fork Sny Magill Creek  (SNWF),08/06/1996 11:30:00,SNY319,14265-44-2,Orthophosphate (as P),Dissolved,,0.5,mg/l,False,0.5,,,300(A),SNY001,Actual,SW,Water,,,Clayton,07060003,River/Stream,,42.97628121,-91.23730654
6,15220008,West Fork Sny Magill Creek  (SNWF),08/13/1996 13:35:00,SNY319,14265-44-2,Orthophosphate (as P),Dissolved,,0.5,mg/l,False,0.5,,,300(A),SNY001,Actual,SW,Water,,,Clayton,07060003,River/Stream,,42.97628121,-91.23730654
6,15220008,West Fork Sny Magill Creek  (SNWF),09/03/1996 13:00:00,SNY319,14265-44-2,Orthophosphate (as P),Dissolved,,0.5,mg/l,False,0.5,,,300(A),SNY001,Actual,SW,Water,,,Clayton,07060003,River/Stream,,42.97628121,-91.23730654
6,15220008,West Fork Sny Magill Creek  (SNWF),09/10/1996 13:30:00,SNY319,14265-44-2,Orthophosphate (as P),Dissolved,,0.5,mg/l,False,0.5,,,300(A),SNY001,Actual,SW,Water,,,Clayton,07060003,River/Stream,,42.97628121,-91.23730654
6,15220008,West Fork Sny Magill Creek  (SNWF),09/17/1996 12:55:00,SNY319,14265-44-2,Orthophosphate (as P),Dissolved,,0.5,mg/l,False,0.5,,,300(A),SNY001,Actual,SW,Water,,,Clayton,07060003,River/Stream,,42.97628121,-91.23730654
6,15220008,West Fork Sny Magill Creek  (SNWF),10/03/1995 17:00:00,SNY319,14265-44-2,Orthophosphate (as P),Dissolved,,0.5,mg/l,False,0.5,,,300(A),SNY001,Actual,SW,Water,,,Clayton,07060003,River/Stream,,42.97628121,-91.23730654
6,15220008,West Fork Sny Magill Creek  (SNWF),10/24/1995 13:00:00,SNY319,14265-44-2,Orthophosphate (as P),Dissolved,,0.5,mg/l,False,0.5,,,300(A),SNY001,Actual,SW,Water,,,Clayton,07060003,River/Stream,,42.97628121,-91.23730654
6,15220008,West Fork Sny Magill Creek  (SNWF),10/31/1995 12:45:00,SNY319,14265-44-2,Orthophosphate (as P),Dissolved,,0.5,mg/l,False,0.5,,,300(A),SNY001,Actual,SW,Water,,,Clayton,07060003,River/Stream,,42.97628121,-91.23730654
6,15220008,West Fork Sny Magill Creek  (SNWF),11/07/1995 15:20:00,SNY319,14265-44-2,Orthophosphate (as P),Dissolved,,0.5,mg/l,False,0.5,,,300(A),SNY001,Actual,SW,Water,,,Clayton,07060003,River/Stream,,42.97628121,-91.23730654
6,15220008,West Fork Sny Magill Creek  (SNWF),11/28/1995 15:00:00,SNY319,14265-44-2,Orthophosphate (as P),Dissolved,,0.53,mg/l,True,0.5,,,300(A),SNY001,Actual,SW,Water,,,Clayton,07060003,River/Stream,,42.97628121,-91.23730654
6,15220008,West Fork Sny Magill Creek  (SNWF),12/05/1995 14:50:00,SNY319,14265-44-2,Orthophosphate (as P),Dissolved,,0.5,mg/l,False,0.5,,,300(A),SNY001,Actual,SW,Water,,,Clayton,07060003,River/Stream,,42.97628121,-91.23730654
6,15220008,West Fork Sny Magill Creek  (SNWF),12/12/1995 15:30:00,SNY319,14265-44-2,Orthophosphate (as P),Dissolved,,0.5,mg/l,False,0.5,,,300(A),SNY001,Actual,SW,Water,,,Clayton,07060003,River/Stream,,42.97628121,-91.23730654
6,16220002,Peck Creek - REMAP #229,08/07/2002 13:30:00,REMAP,14265-44-2,Orthophosphate (as P),Dissolved,,0.05,mg/l,False,0.05,,,365.1,UHL001,Actual,SW,Water,,,Clayton,07060004,River/Stream,,42.723821,-91.144286
6,16220002,Peck Creek - REMAP #229,08/26/2002 12:30:00,REMAP,14265-44-2,Orthophosphate (as P),Dissolved,,0.07,mg/l,True,0.05,,,365.1,UHL001,Actual,SW,Water,,,Clayton,07060004,River/Stream,,42.723821,-91.144286
6,16220003,Turkey River - Garber - REMAP # 70,10/02/2003 08:45:00,REMAP,14265-44-2,Orthophosphate (as P),Dissolved,,0.02,mg/l,False,0.02,,,365.1,UHL001,Actual,SW,Water,,,Clayton,07060004,River/Stream,,42.738283,-91.265993
6,16220004,Hewitt Creek - Volga # 133,09/09/2004 08:30:00,REMAP,14265-44-2,Orthophosphate (as P),Dissolved,,0.04,mg/l,True,0.02,,,365.1,UHL001,Actual,SW,Water,,,Clayton,07060004,River/Stream,,42.756825,-91.563285
6,16220005,Bear Creek - Edgewood # 155,07/05/2005 13:30:00,REMAP,14265-44-2,Orthophosphate (as P),Dissolved,,0.07,mg/l,True,0.02,,,365.1,UHL001,Actual,SW,Water,,,Clayton,07060004,River/Stream,,42.672969,-91.393914
6,16220006,North Cedar Creek - Clayton # 159,07/19/2005 09:45:00,REMAP,14265-44-2,Orthophosphate (as P),Dissolved,,0.04,mg/l,True,0.02,,,365.1,UHL001,Actual,SW,Water,,,Clayton,07060003,River/Stream,,42.947107,-91.232895
6,16220006,North Cedar Creek - Clayton # 159,07/26/2005 10:30:00,REMAP,14265-44-2,Orthophosphate (as P),Dissolved,,0.07,mg/l,True,0.02,,,365.1,UHL001,Actual,SW,Water,,,Clayton,07060003,River/Stream,,42.947107,-91.232895
6,16220005,Bear Creek - Edgewood # 155,07/26/2005 13:15:00,REMAP,14265-44-2,Orthophosphate (as P),Dissolved,,0.13,mg/l,True,0.02,,,365.1,UHL001,Actual,SW,Water,,,Clayton,07060004,River/Stream,,42.672969,-91.393914
6,16220006,North Cedar Creek - Clayton # 159,08/12/2008 13:15:00,TMDL,14265-44-2,Orthophosphate (as P),Dissolved,,0.06,mg/l,True,0.02,,,365.1,UHL001,Actual,SW,Water,,,Clayton,07060003,River/Stream,,42.947107,-91.232895
6,15220018,Roberts Creek @ 206th St/B65 (RC02/ROB30),10/19/1999 11:45:00,BSP,14265-44-2,Orthophosphate (as P),Dissolved,,0.1,mg/l,False,0.1,,,TIM 781-86T,BSP,Actual,SW,Water,,,Clayton,07060004,River/Stream,,42.9304245,-91.38552335
6,15220018,Roberts Creek @ 206th St/B65 (RC02/ROB30),11/09/1999 11:40:00,BSP,14265-44-2,Orthophosphate (as P),Dissolved,,0.1,mg/l,False,0.1,,,TIM 781-86T,BSP,Actual,SW,Water,,,Clayton,07060004,River/Stream,,42.9304245,-91.38552335
6,15220018,Roberts Creek @ 206th St/B65 (RC02/ROB30),11/30/1999 11:50:00,BSP,14265-44-2,Orthophosphate (as P),Dissolved,,0.2,mg/l,True,0.1,,,TIM 781-86T,BSP,Actual,SW,Water,,,Clayton,07060004,River/Stream,,42.9304245,-91.38552335
6,15220018,Roberts Creek @ 206th St/B65 (RC02/ROB30),12/07/1999 11:20:00,BSP,14265-44-2,Orthophosphate (as P),Dissolved,,0.1,mg/l,False,0.1,,,TIM 781-86T,BSP,Actual,SW,Water,,,Clayton,07060004,River/Stream,,42.9304245,-91.38552335
6,15220018,Roberts Creek @ 206th St/B65 (RC02/ROB30),12/21/1999 11:05:00,BSP,14265-44-2,Orthophosphate (as P),Dissolved,,0.1,mg/l,False,0.1,,,TIM 781-86T,BSP,Actual,SW,Water,,,Clayton,07060004,River/Stream,,42.9304245,-91.38552335
6,15220018,Roberts Creek @ 206th St/B65 (RC02/ROB30),12/28/1999 12:00:00,BSP,14265-44-2,Orthophosphate (as P),Dissolved,,0.1,mg/l,False,0.1,,,TIM 781-86T,BSP,Actual,SW,Water,,,Clayton,07060004,River/Stream,,42.9304245,-91.38552335
6,15220018,Roberts Creek @ 206th St/B65 (RC02/ROB30),01/11/2000 11:45:00,BSP,14265-44-2,Orthophosphate (as P),Dissolved,,0.2,mg/l,True,0.1,,,TIM 781-86T,BSP,Actual,SW,Water,,,Clayton,07060004,River/Stream,,42.9304245,-91.38552335
6,15220018,Roberts Creek @ 206th St/B65 (RC02/ROB30),01/18/2000 11:10:00,BSP,14265-44-2,Orthophosphate (as P),Dissolved,,0.2,mg/l,True,0.1,,,TIM 781-86T,BSP,Actual,SW,Water,,,Clayton,07060004,River/Stream,,42.9304245,-91.38552335
6,15220018,Roberts Creek @ 206th St/B65 (RC02/ROB30),02/01/2000 10:50:00,BSP,14265-44-2,Orthophosphate (as P),Dissolved,,0.2,mg/l,True,0.1,,,TIM 781-86T,BSP,Actual,SW,Water,,,Clayton,07060004,River/Stream,,42.9304245,-91.38552335
6,15220018,Roberts Creek @ 206th St/B65 (RC02/ROB30),02/08/2000 11:10:00,BSP,14265-44-2,Orthophosphate (as P),Dissolved,,0.1,mg/l,True,0.1,,,TIM 781-86T,BSP,Actual,SW,Water,,,Clayton,07060004,River/Stream,,42.9304245,-91.38552335
6,15220018,Roberts Creek @ 206th St/B65 (RC02/ROB30),03/21/2000 11:00:00,BSP,14265-44-2,Orthophosphate (as P),Dissolved,,0.1,mg/l,False,0.1,,,TIM 781-86T,BSP,Actual,SW,Water,,,Clayton,07060004,River/Stream,,42.9304245,-91.38552335
6,15220018,Roberts Creek @ 206th St/B65 (RC02/ROB30),04/11/2000 12:15:00,BSP,14265-44-2,Orthophosphate (as P),Dissolved,,0.1,mg/l,False,0.1,,,TIM 781-86T,BSP,Actual,SW,Water,,,Clayton,07060004,River/Stream,,42.9304245,-91.38552335
6,15220018,Roberts Creek @ 206th St/B65 (RC02/ROB30),04/18/2000 10:30:00,BSP,14265-44-2,Orthophosphate (as P),Dissolved,,0.1,mg/l,False,0.1,,,TIM 781-86T,BSP,Actual,SW,Water,,,Clayton,07060004,River/Stream,,42.9304245,-91.38552335
6,15220018,Roberts Creek @ 206th St/B65 (RC02/ROB30),05/02/2000 15:10:00,BSP,14265-44-2,Orthophosphate (as P),Dissolved,,0.1,mg/l,False,0.1,,,TIM 781-86T,BSP,Actual,SW,Water,,,Clayton,07060004,River/Stream,,42.9304245,-91.38552335
6,15220018,Roberts Creek @ 206th St/B65 (RC02/ROB30),05/09/2000 11:25:00,BSP,14265-44-2,Orthophosphate (as P),Dissolved,,0.1,mg/l,False,0.1,,,TIM 781-86T,BSP,Actual,SW,Water,,,Clayton,07060004,River/Stream,,42.9304245,-91.38552335
6,15220018,Roberts Creek @ 206th St/B65 (RC02/ROB30),05/23/2000 11:00:00,BSP,14265-44-2,Orthophosphate (as P),Dissolved,,0.1,mg/l,True,0.1,,,TIM 781-86T,BSP,Actual,SW,Water,,,Clayton,07060004,River/Stream,,42.9304245,-91.38552335
6,15220018,Roberts Creek @ 206th St/B65 (RC02/ROB30),05/30/2000 11:50:00,BSP,14265-44-2,Orthophosphate (as P),Dissolved,,0.2,mg/l,True,0.1,,,TIM 781-86T,BSP,Actual,SW,Water,,,Clayton,07060004,River/Stream,,42.9304245,-91.38552335
6,15220018,Roberts Creek @ 206th St/B65 (RC02/ROB30),06/13/2000 11:40:00,BSP,14265-44-2,Orthophosphate (as P),Dissolved,,0.1,mg/l,True,0.1,,,TIM 781-86T,BSP,Actual,SW,Water,,,Clayton,07060004,River/Stream,,42.9304245,-91.38552335
6,15220018,Roberts Creek @ 206th St/B65 (RC02/ROB30),06/20/2000 10:40:00,BSP,14265-44-2,Orthophosphate (as P),Dissolved,,0.2,mg/l,True,0.1,,,TIM 781-86T,BSP,Actual,SW,Water,,,Clayton,07060004,River/Stream,,42.9304245,-91.38552335
6,15220018,Roberts Creek @ 206th St/B65 (RC02/ROB30),07/04/2000 11:10:00,BSP,14265-44-2,Orthophosphate (as P),Dissolved,,0.4,mg/l,True,0.1,,,TIM 781-86T,BSP,Actual,SW,Water,,,Clayton,07060004,River/Stream,,42.9304245,-91.38552335
6,15220018,Roberts Creek @ 206th St/B65 (RC02/ROB30),07/11/2000 10:50:00,BSP,14265-44-2,Orthophosphate (as P),Dissolved,,0.4,mg/l,True,0.1,,,TIM 781-86T,BSP,Actual,SW,Water,,,Clayton,07060004,River/Stream,,42.9304245,-91.38552335
6,15220018,Roberts Creek @ 206th St/B65 (RC02/ROB30),07/25/2000 10:50:00,BSP,14265-44-2,Orthophosphate (as P),Dissolved,,0.1,mg/l,False,0.1,,,TIM 781-86T,BSP,Actual,SW,Water,,,Clayton,07060004,River/Stream,,42.9304245,-91.38552335
6,15220018,Roberts Creek @ 206th St/B65 (RC02/ROB30),08/01/2000 12:10:00,BSP,14265-44-2,Orthophosphate (as P),Dissolved,,0.1,mg/l,False,0.1,,,4500-P-E,BSP,Actual,SW,Water,,,Clayton,07060004,River/Stream,,42.9304245,-91.38552335
6,15220018,Roberts Creek @ 206th St/B65 (RC02/ROB30),10/03/2000 11:00:00,BSP,14265-44-2,Orthophosphate (as P),Dissolved,,0.1,mg/l,False,0.1,,,TIM 781-86T,BSP,Actual,SW,Water,,,Clayton,07060004,River/Stream,,42.9304245,-91.38552335
6,15220018,Roberts Creek @ 206th St/B65 (RC02/ROB30),10/24/2000 11:45:00,BSP,14265-44-2,Orthophosphate (as P),Dissolved,,0.3,mg/l,True,0.1,,,TIM 781-86T,BSP,Actual,SW,Water,,,Clayton,07060004,River/Stream,,42.9304245,-91.38552335
6,15220018,Roberts Creek @ 206th St/B65 (RC02/ROB30),10/31/2000 11:10:00,BSP,14265-44-2,Orthophosphate (as P),Dissolved,,0.5,mg/l,True,0.1,,,TIM 781-86T,BSP,Actual,SW,Water,,,Clayton,07060004,River/Stream,,42.9304245,-91.38552335
6,15220018,Roberts Creek @ 206th St/B65 (RC02/ROB30),11/21/2000 11:25:00,BSP,14265-44-2,Orthophosphate (as P),Dissolved,,0.1,mg/l,True,0.1,,,TIM 781-86T,BSP,Actual,SW,Water,,,Clayton,07060004,River/Stream,,42.9304245,-91.38552335
6,15220018,Roberts Creek @ 206th St/B65 (RC02/ROB30),11/14/2000 11:00:00,BSP,14265-44-2,Orthophosphate (as P),Dissolved,,0.2,mg/l,True,0.1,,,TIM 781-86T,BSP,Actual,SW,Water,,,Clayton,07060004,River/Stream,,42.9304245,-91.38552335
6,15220018,Roberts Creek @ 206th St/B65 (RC02/ROB30),12/05/2000 10:55:00,BSP,14265-44-2,Orthophosphate (as P),Dissolved,,0.1,mg/l,False,0.1,,,TIM 781-86T,BSP,Actual,SW,Water,,,Clayton,07060004,River/Stream,,42.9304245,-91.38552335
6,15220018,Roberts Creek @ 206th St/B65 (RC02/ROB30),12/12/2000 11:10:00,BSP,14265-44-2,Orthophosphate (as P),Dissolved,,0.1,mg/l,True,0.1,,,4500-P-E,BSP,Actual,SW,Water,,,Clayton,07060004,River/Stream,,42.9304245,-91.38552335
6,15220018,Roberts Creek @ 206th St/B65 (RC02/ROB30),12/26/2000 08:30:00,BSP,14265-44-2,Orthophosphate (as P),Dissolved,,0.1,mg/l,True,0.1,,,4500-P-E,BSP,Actual,SW,Water,,,Clayton,07060004,River/Stream,,42.9304245,-91.38552335
6,15220018,Roberts Creek @ 206th St/B65 (RC02/ROB30),01/02/2001 11:10:00,BSP,14265-44-2,Orthophosphate (as P),Dissolved,,0.1,mg/l,True,0.1,,,TIM 781-86T,BSP,Actual,SW,Water,,,Clayton,07060004,River/Stream,,42.9304245,-91.38552335
6,15220018,Roberts Creek @ 206th St/B65 (RC02/ROB30),02/06/2001 10:45:00,BSP,14265-44-2,Orthophosphate (as P),Dissolved,,0.1,mg/l,True,0.1,,,TIM 781-86T,BSP,Actual,SW,Water,,,Clayton,07060004,River/Stream,,42.9304245,-91.38552335
6,15220018,Roberts Creek @ 206th St/B65 (RC02/ROB30),02/13/2001 11:40:00,BSP,14265-44-2,Orthophosphate (as P),Dissolved,,0.7,mg/l,True,0.1,,,TIM 781-86T,BSP,Actual,SW,Water,,,Clayton,07060004,River/Stream,,42.9304245,-91.38552335
6,15220018,Roberts Creek @ 206th St/B65 (RC02/ROB30),02/27/2001 11:20:00,BSP,14265-44-2,Orthophosphate (as P),Dissolved,,0.1,mg/l,True,0.1,,,TIM 781-86T,BSP,Actual,SW,Water,,,Clayton,07060004,River/Stream,,42.9304245,-91.38552335
6,15220018,Roberts Creek @ 206th St/B65 (RC02/ROB30),03/06/2001 11:00:00,BSP,14265-44-2,Orthophosphate (as P),Dissolved,,0.1,mg/l,True,0.1,,,TIM 781-86T,BSP,Actual,SW,Water,,,Clayton,07060004,River/Stream,,42.9304245,-91.38552335
6,15220018,Roberts Creek @ 206th St/B65 (RC02/ROB30),03/27/2001 11:05:00,BSP,14265-44-2,Orthophosphate (as P),Dissolved,,0.1,mg/l,False,0.1,,,TIM 781-86T,BSP,Actual,SW,Water,,,Clayton,07060004,River/Stream,,42.9304245,-91.38552335
6,15220018,Roberts Creek @ 206th St/B65 (RC02/ROB30),04/17/2001 11:20:00,BSP,14265-44-2,Orthophosphate (as P),Dissolved,,0.1,mg/l,True,0.1,,,4500-P-E,BSP,Actual,SW,Water,,,Clayton,07060004,River/Stream,,42.9304245,-91.38552335
6,15220018,Roberts Creek @ 206th St/B65 (RC02/ROB30),07/31/2001 12:10:00,BSP,14265-44-2,Orthophosphate (as P),Dissolved,,0.04,mg/l,True,0.02,,,4500-P-E,BSP,Actual,SW,Water,,,Clayton,07060004,River/Stream,,42.9304245,-91.38552335
6,15220018,Roberts Creek @ 206th St/B65 (RC02/ROB30),08/07/2001 10:30:00,BSP,14265-44-2,Orthophosphate (as P),Dissolved,,0.19,mg/l,True,0.02,,,4500-P-E,BSP,Actual,SW,Water,,,Clayton,07060004,River/Stream,,42.9304245,-91.38552335
6,15220018,Roberts Creek @ 206th St/B65 (RC02/ROB30),08/21/2001 10:25:00,BSP,14265-44-2,Orthophosphate (as P),Dissolved,,0.02,mg/l,False,0.02,,,4500-P-E,BSP,Actual,SW,Water,,,Clayton,07060004,River/Stream,,42.9304245,-91.38552335
6,15220018,Roberts Creek @ 206th St/B65 (RC02/ROB30),08/28/2001 11:45:00,BSP,14265-44-2,Orthophosphate (as P),Dissolved,,0.02,mg/l,True,0.02,,,4500-P-E,BSP,Actual,SW,Water,,,Clayton,07060004,River/Stream,,42.9304245,-91.38552335
6,15220018,Roberts Creek @ 206th St/B65 (RC02/ROB30),09/11/2001 11:45:00,BSP,14265-44-2,Orthophosphate (as P),Dissolved,,0.49,mg/l,True,0.02,,,LAC10-115-01-1A,BSP,Actual,SW,Water,,,Clayton,07060004,River/Stream,,42.9304245,-91.38552335
6,15220018,Roberts Creek @ 206th St/B65 (RC02/ROB30),09/18/2001 10:20:00,BSP,14265-44-2,Orthophosphate (as P),Dissolved,,0.1,mg/l,True,0.02,,,4500-P-E,BSP,Actual,SW,Water,,,Clayton,07060004,River/Stream,,42.9304245,-91.38552335
6,16220001,Roberts Creek,08/08/2012 12:10:00,TMDL,14265-44-2,Orthophosphate (as P),Dissolved,,0.09,mg/l,True,0.02,,,LAC10-115-01-1A,UHL001,Actual,SW,Water,,,Clayton,07060004,River/Stream,,42.963184,-91.461441
6,15220018,Roberts Creek @ 206th St/B65 (RC02/ROB30),01/16/2001 10:55:00,BSP,14265-44-2,Orthophosphate (as P),Dissolved,,0.1,mg/l,True,0.1,,,4500-P-E,BSP,Actual,SW,Water,,,Clayton,07060004,River/Stream,,42.9304245,-91.38552335
6,15220018,Roberts Creek @ 206th St/B65 (RC02/ROB30),01/23/2001 11:00:00,BSP,14265-44-2,Orthophosphate (as P),Dissolved,,0.1,mg/l,True,0.1,,,4500-P-E,BSP,Actual,SW,Water,,,Clayton,07060004,River/Stream,,42.9304245,-91.38552335
6,15220018,Roberts Creek @ 206th St/B65 (RC02/ROB30),05/08/2001 11:35:00,BSP,14265-44-2,Orthophosphate (as P),Dissolved,,0.25,mg/l,True,0.02,,,4500-P-E,BSP,Actual,SW,Water,,,Clayton,07060004,River/Stream,,42.9304245,-91.38552335
6,15220018,Roberts Creek @ 206th St/B65 (RC02/ROB30),05/29/2001 10:45:00,BSP,14265-44-2,Orthophosphate (as P),Dissolved,,0.08,mg/l,True,0.02,,,4500-P-E,BSP,Actual,SW,Water,,,Clayton,07060004,River/Stream,,42.9304245,-91.38552335
6,15220018,Roberts Creek @ 206th St/B65 (RC02/ROB30),06/05/2001 10:55:00,BSP,14265-44-2,Orthophosphate (as P),Dissolved,,0.07,mg/l,True,0.02,,,4500-P-E,BSP,Actual,SW,Water,,,Clayton,07060004,River/Stream,,42.9304245,-91.38552335
6,15220018,Roberts Creek @ 206th St/B65 (RC02/ROB30),06/19/2001 10:55:00,BSP,14265-44-2,Orthophosphate (as P),Dissolved,,0.49,mg/l,True,0.02,,,4500-P-E,BSP,Actual,SW,Water,,,Clayton,07060004,River/Stream,,42.9304245,-91.38552335
6,15220018,Roberts Creek @ 206th St/B65 (RC02/ROB30),06/26/2001 10:45:00,BSP,14265-44-2,Orthophosphate (as P),Dissolved,,0.17,mg/l,True,0.02,,,4500-P-E,BSP,Actual,SW,Water,,,Clayton,07060004,River/Stream,,42.9304245,-91.38552335
6,15220018,Roberts Creek @ 206th St/B65 (RC02/ROB30),07/10/2001 10:25:00,BSP,14265-44-2,Orthophosphate (as P),Dissolved,,0.06,mg/l,True,0.02,,,4500-P-E,BSP,Actual,SW,Water,,,Clayton,07060004,River/Stream,,42.9304245,-91.38552335
6,15220018,Roberts Creek @ 206th St/B65 (RC02/ROB30),07/17/2001 10:50:00,BSP,14265-44-2,Orthophosphate (as P),Dissolved,,0.09,mg/l,True,0.02,,,4500-P-E,BSP,Actual,SW,Water,,,Clayton,07060004,River/Stream,,42.9304245,-91.38552335
6,16220006,North Cedar Creek - Clayton # 159,07/07/2015 12:00:00,AMBBIO,14265-44-2,Orthophosphate (AS P),Dissolved,,0.06,mg/l,True,0.02,,,LAC10-115-01-1A,UHL001,Actual,SW,Water,,,Clayton,07060003,River/Stream,,42.947107,-91.232895
6,16220006,North Cedar Creek - Clayton # 159,07/22/2015 12:15:00,AMBBIO,14265-44-2,Orthophosphate (AS P),Dissolved,,0.08,mg/l,True,0.02,,,LAC10-115-01-1A,UHL001,Actual,SW,Water,,,Clayton,07060003,River/Stream,,42.947107,-91.232895
6,16220006,North Cedar Creek - Clayton # 159,08/05/2015 10:00:00,AMBBIO,14265-44-2,Orthophosphate (AS P),Dissolved,,0.05,mg/l,True,0.02,,,4500-P-E,UHL001,Actual,SW,Water,,,Clayton,07060003,River/Stream,,42.947107,-91.232895
6,16220006,North Cedar Creek - Clayton # 159,08/19/2015 10:45:00,AMBBIO,14265-44-2,Orthophosphate (AS P),Dissolved,,0.07,mg/l,True,0.02,,,LAC10-115-01-1A,UHL001,Actual,SW,Water,,,Clayton,07060003,River/Stream,,42.947107,-91.232895
6,16220006,North Cedar Creek - Clayton # 159,09/02/2015 10:00:00,AMBBIO,14265-44-2,Orthophosphate (AS P),Dissolved,,0.06,mg/l,True,0.02,,,LAC10-115-01-1A,UHL001,Actual,SW,Water,,,Clayton,07060003,River/Stream,,42.947107,-91.232895
6,16220006,North Cedar Creek - Clayton # 159,09/15/2015 09:30:00,AMBBIO,14265-44-2,Orthophosphate (AS P),Dissolved,,0.06,mg/l,True,0.02,,,LAC10-115-01-1A,UHL001,Actual,SW,Water,,,Clayton,07060003,River/Stream,,42.947107,-91.232895
6,16220001,Roberts Creek,07/31/2002 00:00:00,LEGACYREMAP,14265-44-2,Orthophosphate (AS P),Dissolved,,0.32,mg/l,True,0.05,,,4500-P-E,UHL001,Actual,SW,Water,,,Clayton,07060004,River/Stream,,42.963184,-91.461441
6,16220002,Peck Creek - REMAP #229,08/07/2002 00:00:00,LEGACYREMAP,14265-44-2,Orthophosphate (AS P),Dissolved,,0.05,mg/l,False,0.05,,,4500-P-E,UHL001,Actual,SW,Water,,,Clayton,07060004,River/Stream,,42.723821,-91.144286
6,16220002,Peck Creek - REMAP #229,09/10/2002 00:00:00,LEGACYREMAP,14265-44-2,Orthophosphate (AS P),Dissolved,,0.05,mg/l,False,0.05,,,4500-P-E,UHL001,Actual,SW,Water,,,Clayton,07060004,River/Stream,,42.723821,-91.144286
6,16220003,Turkey River - Garber - REMAP # 70,09/23/2003 00:00:00,LEGACYREMAP,14265-44-2,Orthophosphate (AS P),Dissolved,,0.02,mg/l,False,0.02,,,4500-P-E,UHL001,Actual,SW,Water,,,Clayton,07060004,River/Stream,,42.738283,-91.265993
6,16220002,Peck Creek - REMAP #229,09/25/2002 00:00:00,LEGACYREMAP,14265-44-2,Orthophosphate (AS P),Dissolved,,0.05,mg/l,False,0.05,,,4500-P-E,UHL001,Actual,SW,Water,,,Clayton,07060004,River/Stream,,42.723821,-91.144286
6,16220003,Turkey River - Garber - REMAP # 70,10/02/2003 00:00:00,LEGACYREMAP,14265-44-2,Orthophosphate (AS P),Dissolved,,0.02,mg/l,False,0.02,,,4500-P-E,UHL001,Actual,SW,Water,,,Clayton,07060004,River/Stream,,42.738283,-91.265993
6,16220003,Turkey River - Garber - REMAP # 70,10/02/2003 00:00:00,LEGACYREMAP,14265-44-2,Orthophosphate (AS P),Dissolved,,0.02,mg/l,False,0.02,,,4500-P-E,UHL001,Actual,SW,Water,,,Clayton,07060004,River/Stream,,42.738283,-91.265993
6,16220004,Hewitt Creek - Volga # 133,09/01/2004 00:00:00,LEGACYREMAP,14265-44-2,Orthophosphate (AS P),Dissolved,,0.05,mg/l,True,0.02,,,4500-P-E,UHL001,Actual,SW,Water,,,Clayton,07060004,River/Stream,,42.756825,-91.563285
6,16220005,Bear Creek - Edgewood # 155,07/12/2005 00:00:00,LEGACYREMAP,14265-44-2,Orthophosphate (AS P),Dissolved,,0.05,mg/l,True,0.02,,,4500-P-E,UHL001,Actual,SW,Water,,,Clayton,07060004,River/Stream,,42.672969,-91.393914
6,16220006,North Cedar Creek - Clayton # 159,07/13/2005 00:00:00,LEGACYREMAP,14265-44-2,Orthophosphate (AS P),Dissolved,,0.03,mg/l,True,0.02,,,4500-P-E,UHL001,Actual,SW,Water,,,Clayton,07060003,River/Stream,,42.947107,-91.232895
6,15220003,North Cedar Creek (NCC),08/15/1995 16:20:00,SNY319,14797-55-8,Nitrate (as N),Total,,1.7,mg/l,True,0.5,,,300(A),SNY001,Actual,SW,Water,,,Clayton,07060003,River/Stream,,42.96274242,-91.22931615
6,15220003,North Cedar Creek (NCC),08/22/1995 14:45:00,SNY319,14797-55-8,Nitrate (as N),Total,,1.7,mg/l,True,0.5,,,300(A),SNY001,Actual,SW,Water,,,Clayton,07060003,River/Stream,,42.96274242,-91.22931615
6,15220003,North Cedar Creek (NCC),09/12/1995 13:15:00,SNY319,14797-55-8,Nitrate (as N),Total,,1.6,mg/l,True,0.5,,,300(A),SNY001,Actual,SW,Water,,,Clayton,07060003,River/Stream,,42.96274242,-91.22931615
6,15220003,North Cedar Creek (NCC),06/13/1995 14:50:00,SNY319,14797-55-8,Nitrate (as N),Total,,3.1,mg/l,True,0.5,,,300(A),SNY001,Actual,SW,Water,,,Clayton,07060003,River/Stream,,42.96274242,-91.22931615
6,15220003,North Cedar Creek (NCC),07/18/1995 15:45:00,SNY319,14797-55-8,Nitrate (as N),Total,,2,mg/l,True,0.5,,,300(A),SNY001,Actual,SW,Water,,,Clayton,07060003,River/Stream,,42.96274242,-91.22931615
6,15220003,North Cedar Creek (NCC),08/08/1995 15:25:00,SNY319,14797-55-8,Nitrate (as N),Total,,1.9,mg/l,True,0.5,,,300(A),SNY001,Actual,SW,Water,,,Clayton,07060003,River/Stream,,42.96274242,-91.22931615
6,15220003,North Cedar Creek (NCC),07/11/1995 17:25:00,SNY319,14797-55-8,Nitrate (as N),Total,,1.9,mg/l,True,0.5,,,300(A),SNY001,Actual,SW,Water,,,Clayton,07060003,River/Stream,,42.96274242,-91.22931615
6,15220003,North Cedar Creek (NCC),07/04/1995 14:30:00,SNY319,14797-55-8,Nitrate (as N),Total,,2.2,mg/l,True,0.5,,,300(A),SNY001,Actual,SW,Water,,,Clayton,07060003,River/Stream,,42.96274242,-91.22931615
6,15220003,North Cedar Creek (NCC),06/06/1995 10:05:00,SNY319,14797-55-8,Nitrate (as N),Total,,4.1,mg/l,True,0.5,,,300(A),SNY001,Actual,SW,Water,,,Clayton,07060003,River/Stream,,42.96274242,-91.22931615
6,15220003,North Cedar Creek (NCC),05/30/1995 14:25:00,SNY319,14797-55-8,Nitrate (as N),Total,,6.3,mg/l,True,0.5,,,300(A),SNY001,Actual,SW,Water,,,Clayton,07060003,River/Stream,,42.96274242,-91.22931615
6,15220003,North Cedar Creek (NCC),05/09/1995 14:20:00,SNY319,14797-55-8,Nitrate (as N),Total,,4.6,mg/l,True,0.5,,,300(A),SNY001,Actual,SW,Water,,,Clayton,07060003,River/Stream,,42.96274242,-91.22931615
6,15220003,North Cedar Creek (NCC),05/02/1995 12:40:00,SNY319,14797-55-8,Nitrate (as N),Total,,3.4,mg/l,True,0.5,,,300(A),SNY001,Actual,SW,Water,,,Clayton,07060003,River/Stream,,42.96274242,-91.22931615
6,15220003,North Cedar Creek (NCC),04/04/1995 14:10:00,SNY319,14797-55-8,Nitrate (as N),Total,,2.1,mg/l,True,0.5,,,300(A),SNY001,Actual,SW,Water,,,Clayton,07060003,River/Stream,,42.96274242,-91.22931615
6,15220003,North Cedar Creek (NCC),04/25/1995 10:15:00,SNY319,14797-55-8,Nitrate (as N),Total,,4.4,mg/l,True,0.5,,,300(A),SNY001,Actual,SW,Water,,,Clayton,07060003,River/Stream,,42.96274242,-91.22931615
6,15220003,North Cedar Creek (NCC),03/28/1995 12:00:00,SNY319,14797-55-8,Nitrate (as N),Total,,2.5,mg/l,True,0.5,,,300(A),SNY001,Actual,SW,Water,,,Clayton,07060003,River/Stream,,42.96274242,-91.22931615
6,15220003,North Cedar Creek (NCC),02/28/1995 09:50:00,SNY319,14797-55-8,Nitrate (as N),Total,,1.9,mg/l,True,0.5,,,300(A),SNY001,Actual,SW,Water,,,Clayton,07060003,River/Stream,,42.96274242,-91.22931615
6,15220003,North Cedar Creek (NCC),03/21/1995 12:00:00,SNY319,14797-55-8,Nitrate (as N),Total,,3.1,mg/l,True,0.5,,,300(A),SNY001,Actual,SW,Water,,,Clayton,07060003,River/Stream,,42.96274242,-91.22931615
6,15220003,North Cedar Creek (NCC),02/21/1995 12:30:00,SNY319,14797-55-8,Nitrate (as N),Total,,2.2,mg/l,True,0.5,,,300(A),SNY001,Actual,SW,Water,,,Clayton,07060003,River/Stream,,42.96274242,-91.22931615
6,15220003,North Cedar Creek (NCC),01/24/1995 13:50:00,SNY319,14797-55-8,Nitrate (as N),Total,,2,mg/l,True,0.5,,,300(A),SNY001,Actual,SW,Water,,,Clayton,07060003,River/Stream,,42.96274242,-91.22931615
6,15220003,North Cedar Creek (NCC),02/14/1995 13:10:00,SNY319,14797-55-8,Nitrate (as N),Total,,1.9,mg/l,True,0.5,,,300(A),SNY001,Actual,SW,Water,,,Clayton,07060003,River/Stream,,42.96274242,-91.22931615
6,15220003,North Cedar Creek (NCC),01/17/1995 12:30:00,SNY319,14797-55-8,Nitrate (as N),Total,,1.8,mg/l,True,0.5,,,300(A),SNY001,Actual,SW,Water,,,Clayton,07060003,River/Stream,,42.96274242,-91.22931615
6,15220002,Bloody Run Creek at Spook Cave (BRSC),08/29/1995 12:45:00,SNY319,14797-55-8,Nitrate (as N),Total,,8.4,mg/l,True,0.5,,,300(A),SNY001,Actual,SW,Water,,,Clayton,07060001,River/Stream,,43.03326422,-91.30759437
6,15220003,North Cedar Creek (NCC),01/10/1995 13:40:00,SNY319,14797-55-8,Nitrate (as N),Total,,1.9,mg/l,True,0.5,,,300(A),SNY001,Actual,SW,Water,,,Clayton,07060003,River/Stream,,42.96274242,-91.22931615
6,15220002,Bloody Run Creek at Spook Cave (BRSC),07/25/1995 14:15:00,SNY319,14797-55-8,Nitrate (as N),Total,,11,mg/l,True,0.5,,,300(A),SNY001,Actual,SW,Water,,,Clayton,07060001,River/Stream,,43.03326422,-91.30759437
6,15220002,Bloody Run Creek at Spook Cave (BRSC),03/28/1995 10:45:00,SNY319,14797-55-8,Nitrate (as N),Total,,9,mg/l,True,0.5,,,300(A),SNY001,Actual,SW,Water,,,Clayton,07060001,River/Stream,,43.03326422,-91.30759437
6,15220002,Bloody Run Creek at Spook Cave (BRSC),02/28/1995 08:20:00,SNY319,14797-55-8,Nitrate (as N),Total,,9.9,mg/l,True,0.5,,,300(A),SNY001,Actual,SW,Water,,,Clayton,07060001,River/Stream,,43.03326422,-91.30759437
6,15220001,Bloody Run Creek Site #2 (BR02),09/12/1995 11:05:00,SNY319,14797-55-8,Nitrate (as N),Total,,10,mg/l,True,0.5,,,300(A),SNY001,Actual,SW,Water,,,Clayton,07060001,River/Stream,,43.03547975,-91.26682808
6,15220001,Bloody Run Creek Site #2 (BR02),09/05/1995 10:00:00,SNY319,14797-55-8,Nitrate (as N),Total,,9.5,mg/l,True,0.5,,,300(A),SNY001,Actual,SW,Water,,,Clayton,07060001,River/Stream,,43.03547975,-91.26682808
6,15220001,Bloody Run Creek Site #2 (BR02),08/08/1995 13:20:00,SNY319,14797-55-8,Nitrate (as N),Total,,9.4,mg/l,True,0.5,,,300(A),SNY001,Actual,SW,Water,,,Clayton,07060001,River/Stream,,43.03547975,-91.26682808
6,15220001,Bloody Run Creek Site #2 (BR02),08/29/1995 13:05:00,SNY319,14797-55-8,Nitrate (as N),Total,,8.3,mg/l,True,0.5,,,300(A),SNY001,Actual,SW,Water,,,Clayton,07060001,River/Stream,,43.03547975,-91.26682808
6,15220001,Bloody Run Creek Site #2 (BR02),08/01/1995 10:10:00,SNY319,14797-55-8,Nitrate (as N),Total,,9.4,mg/l,True,0.5,,,300(A),SNY001,Actual,SW,Water,,,Clayton,07060001,River/Stream,,43.03547975,-91.26682808
6,15220001,Bloody Run Creek Site #2 (BR02),06/27/1995 12:40:00,SNY319,14797-55-8,Nitrate (as N),Total,,9.4,mg/l,True,0.5,,,300(A),SNY001,Actual,SW,Water,,,Clayton,07060001,River/Stream,,43.03547975,-91.26682808
6,15220001,Bloody Run Creek Site #2 (BR02),07/04/1995 13:00:00,SNY319,14797-55-8,Nitrate (as N),Total,,9.1,mg/l,True,0.5,,,300(A),SNY001,Actual,SW,Water,,,Clayton,07060001,River/Stream,,43.03547975,-91.26682808
6,15220001,Bloody Run Creek Site #2 (BR02),07/25/1995 14:35:00,SNY319,14797-55-8,Nitrate (as N),Total,,9.7,mg/l,True,0.5,,,300(A),SNY001,Actual,SW,Water,,,Clayton,07060001,River/Stream,,43.03547975,-91.26682808
6,15220001,Bloody Run Creek Site #2 (BR02),05/23/1995 12:45:00,SNY319,14797-55-8,Nitrate (as N),Total,,8.2,mg/l,True,0.5,,,300(A),SNY001,Actual,SW,Water,,,Clayton,07060001,River/Stream,,43.03547975,-91.26682808
6,15220001,Bloody Run Creek Site #2 (BR02),05/30/1995 12:55:00,SNY319,14797-55-8,Nitrate (as N),Total,,8.7,mg/l,True,0.5,,,300(A),SNY001,Actual,SW,Water,,,Clayton,07060001,River/Stream,,43.03547975,-91.26682808
6,15220001,Bloody Run Creek Site #2 (BR02),06/20/1995 10:10:00,SNY319,14797-55-8,Nitrate (as N),Total,,8.8,mg/l,True,0.5,,,300(A),SNY001,Actual,SW,Water,,,Clayton,07060001,River/Stream,,43.03547975,-91.26682808
6,15220001,Bloody Run Creek Site #2 (BR02),04/25/1995 09:15:00,SNY319,14797-55-8,Nitrate (as N),Total,,9.6,mg/l,True,0.5,,,300(A),SNY001,Actual,SW,Water,,,Clayton,07060001,River/Stream,,43.03547975,-91.26682808
6,15220001,Bloody Run Creek Site #2 (BR02),05/16/1995 10:05:00,SNY319,14797-55-8,Nitrate (as N),Total,,8.6,mg/l,True,0.5,,,300(A),SNY001,Actual,SW,Water,,,Clayton,07060001,River/Stream,,43.03547975,-91.26682808
6,15220001,Bloody Run Creek Site #2 (BR02),04/18/1995 10:30:00,SNY319,14797-55-8,Nitrate (as N),Total,,8.7,mg/l,True,0.5,,,300(A),SNY001,Actual,SW,Water,,,Clayton,07060001,River/Stream,,43.03547975,-91.26682808
6,15220001,Bloody Run Creek Site #2 (BR02),03/21/1995 10:40:00,SNY319,14797-55-8,Nitrate (as N),Total,,7.6,mg/l,True,0.5,,,300(A),SNY001,Actual,SW,Water,,,Clayton,07060001,River/Stream,,43.03547975,-91.26682808
6,15220001,Bloody Run Creek Site #2 (BR02),04/11/1995 12:20:00,SNY319,14797-55-8,Nitrate (as N),Total,,7.5,mg/l,True,0.5,,,300(A),SNY001,Actual,SW,Water,,,Clayton,07060001,River/Stream,,43.03547975,-91.26682808
6,15220001,Bloody Run Creek Site #2 (BR02),03/14/1995 13:20:00,SNY319,14797-55-8,Nitrate (as N),Total,,7.7,mg/l,True,0.5,,,300(A),SNY001,Actual,SW,Water,,,Clayton,07060001,River/Stream,,43.03547975,-91.26682808
6,15220001,Bloody Run Creek Site #2 (BR02),03/07/1995 10:30:00,SNY319,14797-55-8,Nitrate (as N),Total,,9.8,mg/l,True,0.5,,,300(A),SNY001,Actual,SW,Water,,,Clayton,07060001,River/Stream,,43.03547975,-91.26682808
6,15220001,Bloody Run Creek Site #2 (BR02),02/14/1995 11:25:00,SNY319,14797-55-8,Nitrate (as N),Total,,11,mg/l,True,0.5,,,300(A),SNY001,Actual,SW,Water,,,Clayton,07060001,River/Stream,,43.03547975,-91.26682808
6,15220001,Bloody Run Creek Site #2 (BR02),02/07/1995 10:00:00,SNY319,14797-55-8,Nitrate (as N),Total,,9.9,mg/l,True,0.5,,,300(A),SNY001,Actual,SW,Water,,,Clayton,07060001,River/Stream,,43.03547975,-91.26682808
6,15220001,Bloody Run Creek Site #2 (BR02),01/31/1995 10:00:00,SNY319,14797-55-8,Nitrate (as N),Total,,11,mg/l,True,0.5,,,300(A),SNY001,Actual,SW,Water,,,Clayton,07060001,River/Stream,,43.03547975,-91.26682808
6,15220001,Bloody Run Creek Site #2 (BR02),01/10/1995 12:20:00,SNY319,14797-55-8,Nitrate (as N),Total,,9.7,mg/l,True,0.5,,,300(A),SNY001,Actual,SW,Water,,,Clayton,07060001,River/Stream,,43.03547975,-91.26682808
6,15220001,Bloody Run Creek Site #2 (BR02),01/03/1995 12:30:00,SNY319,14797-55-8,Nitrate (as N),Total,,8.7,mg/l,True,0.5,,,300(A),SNY001,Actual,SW,Water,,,Clayton,07060001,River/Stream,,43.03547975,-91.26682808
6,15220003,North Cedar Creek (NCC),12/06/1994 13:15:00,SNY319,14797-55-8,Nitrate (as N),Total,,1.8,mg/l,True,0.5,,,300(A),SNY001,Actual,SW,Water,,,Clayton,07060003,River/Stream,,42.96274242,-91.22931615
6,15220003,North Cedar Creek (NCC),11/29/1994 10:40:00,SNY319,14797-55-8,Nitrate (as N),Total,,2.1,mg/l,True,0.5,,,300(A),SNY001,Actual,SW,Water,,,Clayton,07060003,River/Stream,,42.96274242,-91.22931615
6,15220003,North Cedar Creek (NCC),11/01/1994 12:45:00,SNY319,14797-55-8,Nitrate (as N),Total,,1.5,mg/l,True,0.5,,,300(A),SNY001,Actual,SW,Water,,,Clayton,07060003,River/Stream,,42.96274242,-91.22931615
6,15220003,North Cedar Creek (NCC),10/25/1994 11:20:00,SNY319,14797-55-8,Nitrate (as N),Total,,1.5,mg/l,True,0.5,,,300(A),SNY001,Actual,SW,Water,,,Clayton,07060003,River/Stream,,42.96274242,-91.22931615
6,15220002,Bloody Run Creek at Spook Cave (BRSC),12/27/1994 09:35:00,SNY319,14797-55-8,Nitrate (as N),Total,,9.4,mg/l,True,0.5,,,300(A),SNY001,Actual,SW,Water,,,Clayton,07060001,River/Stream,,43.03326422,-91.30759437
6,15220002,Bloody Run Creek at Spook Cave (BRSC),11/29/1994 09:40:00,SNY319,14797-55-8,Nitrate (as N),Total,,9.9,mg/l,True,0.5,,,300(A),SNY001,Actual,SW,Water,,,Clayton,07060001,River/Stream,,43.03326422,-91.30759437
6,15220001,Bloody Run Creek Site #2 (BR02),12/13/1994 13:00:00,SNY319,14797-55-8,Nitrate (as N),Total,,9.8,mg/l,True,0.5,,,300(A),SNY001,Actual,SW,Water,,,Clayton,07060001,River/Stream,,43.03547975,-91.26682808
6,15220001,Bloody Run Creek Site #2 (BR02),12/06/1994 10:50:00,SNY319,14797-55-8,Nitrate (as N),Total,,9.4,mg/l,True,0.5,,,300(A),SNY001,Actual,SW,Water,,,Clayton,07060001,River/Stream,,43.03547975,-91.26682808
6,15220001,Bloody Run Creek Site #2 (BR02),11/08/1994 14:30:00,SNY319,14797-55-8,Nitrate (as N),Total,,9.5,mg/l,True,0.5,,,300(A),SNY001,Actual,SW,Water,,,Clayton,07060001,River/Stream,,43.03547975,-91.26682808
6,15220001,Bloody Run Creek Site #2 (BR02),11/01/1994 11:00:00,SNY319,14797-55-8,Nitrate (as N),Total,,10,mg/l,True,0.5,,,300(A),SNY001,Actual,SW,Water,,,Clayton,07060001,River/Stream,,43.03547975,-91.26682808
6,15220001,Bloody Run Creek Site #2 (BR02),10/04/1994 16:00:00,SNY319,14797-55-8,Nitrate (as N),Total,,4.4,mg/l,True,0.5,,,300(A),SNY001,Actual,SW,Water,,,Clayton,07060001,River/Stream,,43.03547975,-91.26682808
6,15220003,North Cedar Creek (NCC),09/28/1994 10:40:00,SNY319,14797-55-8,Nitrate (as N),Total,,1.9,mg/l,True,0.5,,,300(A),SNY001,Actual,SW,Water,,,Clayton,07060003,River/Stream,,42.96274242,-91.22931615
6,15220002,Bloody Run Creek at Spook Cave (BRSC),09/28/1994 08:05:00,SNY319,14797-55-8,Nitrate (as N),Total,,8.7,mg/l,True,0.5,,,300(A),SNY001,Actual,SW,Water,,,Clayton,07060001,River/Stream,,43.03326422,-91.30759437
6,15220002,Bloody Run Creek at Spook Cave (BRSC),05/28/1996 11:40:00,SNY319,14797-55-8,Nitrate (as N),Total,,6.9,mg/l,True,0.5,,,300(A),SNY001,Actual,SW,Water,,,Clayton,07060001,River/Stream,,43.03326422,-91.30759437
6,15220002,Bloody Run Creek at Spook Cave (BRSC),04/30/1996 11:20:00,SNY319,14797-55-8,Nitrate (as N),Total,,8.5,mg/l,True,0.5,,,300(A),SNY001,Actual,SW,Water,,,Clayton,07060001,River/Stream,,43.03326422,-91.30759437
6,15220001,Bloody Run Creek Site #2 (BR02),09/24/1996 12:50:00,SNY319,14797-55-8,Nitrate (as N),Total,,9.8,mg/l,True,0.5,,,300(A),SNY001,Actual,SW,Water,,,Clayton,07060001,River/Stream,,43.03547975,-91.26682808
6,15220001,Bloody Run Creek Site #2 (BR02),09/17/1996 11:00:00,SNY319,14797-55-8,Nitrate (as N),Total,,9.7,mg/l,True,0.5,,,300(A),SNY001,Actual,SW,Water,,,Clayton,07060001,River/Stream,,43.03547975,-91.26682808
6,15220001,Bloody Run Creek Site #2 (BR02),08/20/1996 13:50:00,SNY319,14797-55-8,Nitrate (as N),Total,,9.2,mg/l,True,0.5,,,300(A),SNY001,Actual,SW,Water,,,Clayton,07060001,River/Stream,,43.03547975,-91.26682808
6,15220001,Bloody Run Creek Site #2 (BR02),08/13/1996 11:00:00,SNY319,14797-55-8,Nitrate (as N),Total,,9.4,mg/l,True,0.5,,,300(A),SNY001,Actual,SW,Water,,,Clayton,07060001,River/Stream,,43.03547975,-91.26682808
6,15220001,Bloody Run Creek Site #2 (BR02),07/16/1996 10:30:00,SNY319,14797-55-8,Nitrate (as N),Total,,9.3,mg/l,True,0.5,,,300(A),SNY001,Actual,SW,Water,,,Clayton,07060001,River/Stream,,43.03547975,-91.26682808
6,15220001,Bloody Run Creek Site #2 (BR02),08/06/1996 10:30:00,SNY319,14797-55-8,Nitrate (as N),Total,,8.5,mg/l,True,0.5,,,300(A),SNY001,Actual,SW,Water,,,Clayton,07060001,River/Stream,,43.03547975,-91.26682808
6,15220001,Bloody Run Creek Site #2 (BR02),07/09/1996 11:35:00,SNY319,14797-55-8,Nitrate (as N),Total,,9.2,mg/l,True,0.5,,,300(A),SNY001,Actual,SW,Water,,,Clayton,07060001,River/Stream,,43.03547975,-91.26682808
6,15220001,Bloody Run Creek Site #2 (BR02),06/11/1996 10:50:00,SNY319,14797-55-8,Nitrate (as N),Total,,8.4,mg/l,True,0.5,,,300(A),SNY001,Actual,SW,Water,,,Clayton,07060001,River/Stream,,43.03547975,-91.26682808
6,15220001,Bloody Run Creek Site #2 (BR02),06/04/1996 12:10:00,SNY319,14797-55-8,Nitrate (as N),Total,,7.7,mg/l,True,0.5,,,300(A),SNY001,Actual,SW,Water,,,Clayton,07060001,River/Stream,,43.03547975,-91.26682808
6,15220001,Bloody Run Creek Site #2 (BR02),05/28/1996 12:00:00,SNY319,14797-55-8,Nitrate (as N),Total,,6.2,mg/l,True,0.5,,,300(A),SNY001,Actual,SW,Water,,,Clayton,07060001,River/Stream,,43.03547975,-91.26682808
6,15220001,Bloody Run Creek Site #2 (BR02),05/07/1996 12:00:00,SNY319,14797-55-8,Nitrate (as N),Total,,8.1,mg/l,True,0.5,,,300(A),SNY001,Actual,SW,Water,,,Clayton,07060001,River/Stream,,43.03547975,-91.26682808
6,15220001,Bloody Run Creek Site #2 (BR02),04/30/1996 11:40:00,SNY319,14797-55-8,Nitrate (as N),Total,,7.9,mg/l,True,0.5,,,300(A),SNY001,Actual,SW,Water,,,Clayton,07060001,River/Stream,,43.03547975,-91.26682808
6,15220001,Bloody Run Creek Site #2 (BR02),04/02/1996 10:05:00,SNY319,14797-55-8,Nitrate (as N),Total,,8.2,mg/l,True,0.5,,,300(A),SNY001,Actual,SW,Water,,,Clayton,07060001,River/Stream,,43.03547975,-91.26682808
6,15220001,Bloody Run Creek Site #2 (BR02),03/26/1996 09:05:00,SNY319,14797-55-8,Nitrate (as N),Total,,8.2,mg/l,True,0.5,,,300(A),SNY001,Actual,SW,Water,,,Clayton,07060001,River/Stream,,43.03547975,-91.26682808
6,15220001,Bloody Run Creek Site #2 (BR02),02/27/1996 12:15:00,SNY319,14797-55-8,Nitrate (as N),Total,,6.7,mg/l,True,0.5,,,300(A),SNY001,Actual,SW,Water,,,Clayton,07060001,River/Stream,,43.03547975,-91.26682808
6,15220001,Bloody Run Creek Site #2 (BR02),03/19/1996 10:10:00,SNY319,14797-55-8,Nitrate (as N),Total,,7.4,mg/l,True,0.5,,,300(A),SNY001,Actual,SW,Water,,,Clayton,07060001,River/Stream,,43.03547975,-91.26682808
6,15220001,Bloody Run Creek Site #2 (BR02),02/20/1996 12:00:00,SNY319,14797-55-8,Nitrate (as N),Total,,9.7,mg/l,True,0.5,,,300(A),SNY001,Actual,SW,Water,,,Clayton,07060001,River/Stream,,43.03547975,-91.26682808
6,15220002,Bloody Run Creek at Spook Cave (BRSC),12/26/1995 11:45:00,SNY319,14797-55-8,Nitrate (as N),Total,,11,mg/l,True,0.5,,,300(A),SNY001,Actual,SW,Water,,,Clayton,07060001,River/Stream,,43.03326422,-91.30759437
6,15220001,Bloody Run Creek Site #2 (BR02),01/23/1996 12:30:00,SNY319,14797-55-8,Nitrate (as N),Total,,12,mg/l,True,0.5,,,300(A),SNY001,Actual,SW,Water,,,Clayton,07060001,River/Stream,,43.03547975,-91.26682808
6,15220001,Bloody Run Creek Site #2 (BR02),02/13/1996 12:05:00,SNY319,14797-55-8,Nitrate (as N),Total,,7.3,mg/l,True,0.5,,,300(A),SNY001,Actual,SW,Water,,,Clayton,07060001,River/Stream,,43.03547975,-91.26682808
6,15220001,Bloody Run Creek Site #2 (BR02),01/16/1996 11:30:00,SNY319,14797-55-8,Nitrate (as N),Total,,10,mg/l,True,0.5,,,300(A),SNY001,Actual,SW,Water,,,Clayton,07060001,River/Stream,,43.03547975,-91.26682808
6,15220001,Bloody Run Creek Site #2 (BR02),01/09/1996 13:10:00,SNY319,14797-55-8,Nitrate (as N),Total,,13,mg/l,True,0.5,,,300(A),SNY001,Actual,SW,Water,,,Clayton,07060001,River/Stream,,43.03547975,-91.26682808
6,15220001,Bloody Run Creek Site #2 (BR02),12/19/1995 12:00:00,SNY319,14797-55-8,Nitrate (as N),Total,,10,mg/l,True,0.5,,,300(A),SNY001,Actual,SW,Water,,,Clayton,07060001,River/Stream,,43.03547975,-91.26682808
6,15220001,Bloody Run Creek Site #2 (BR02),12/12/1995 12:10:00,SNY319,14797-55-8,Nitrate (as N),Total,,13,mg/l,True,0.5,,,300(A),SNY001,Actual,SW,Water,,,Clayton,07060001,River/Stream,,43.03547975,-91.26682808
6,15220001,Bloody Run Creek Site #2 (BR02),11/14/1995 11:00:00,SNY319,14797-55-8,Nitrate (as N),Total,,10,mg/l,True,0.5,,,300(A),SNY001,Actual,SW,Water,,,Clayton,07060001,River/Stream,,43.03547975,-91.26682808
6,15220001,Bloody Run Creek Site #2 (BR02),11/07/1995 12:30:00,SNY319,14797-55-8,Nitrate (as N),Total,,12,mg/l,True,0.5,,,300(A),SNY001,Actual,SW,Water,,,Clayton,07060001,River/Stream,,43.03547975,-91.26682808
6,15220001,Bloody Run Creek Site #2 (BR02),10/10/1995 13:00:00,SNY319,14797-55-8,Nitrate (as N),Total,,9.5,mg/l,True,0.5,,,300(A),SNY001,Actual,SW,Water,,,Clayton,07060001,River/Stream,,43.03547975,-91.26682808
6,15220001,Bloody Run Creek Site #2 (BR02),10/03/1995 14:50:00,SNY319,14797-55-8,Nitrate (as N),Total,,9.8,mg/l,True,0.5,,,300(A),SNY001,Actual,SW,Water,,,Clayton,07060001,River/Stream,,43.03547975,-91.26682808
6,15220003,North Cedar Creek (NCC),09/17/1996 12:20:00,SNY319,14797-55-8,Nitrate (as N),Total,,1.6,mg/l,True,0.5,,,300(A),SNY001,Actual,SW,Water,,,Clayton,07060003,River/Stream,,42.96274242,-91.22931615
6,15220003,North Cedar Creek (NCC),08/20/1996 16:15:00,SNY319,14797-55-8,Nitrate (as N),Total,,1.9,mg/l,True,0.5,,,300(A),SNY001,Actual,SW,Water,,,Clayton,07060003,River/Stream,,42.96274242,-91.22931615
6,15220003,North Cedar Creek (NCC),08/13/1996 13:00:00,SNY319,14797-55-8,Nitrate (as N),Total,,1.9,mg/l,True,0.5,,,300(A),SNY001,Actual,SW,Water,,,Clayton,07060003,River/Stream,,42.96274242,-91.22931615
6,15220003,North Cedar Creek (NCC),07/16/1996 12:00:00,SNY319,14797-55-8,Nitrate (as N),Total,,2.4,mg/l,True,0.5,,,300(A),SNY001,Actual,SW,Water,,,Clayton,07060003,River/Stream,,42.96274242,-91.22931615
6,15220003,North Cedar Creek (NCC),06/04/1996 13:40:00,SNY319,14797-55-8,Nitrate (as N),Total,,2.3,mg/l,True,0.5,,,300(A),SNY001,Actual,SW,Water,,,Clayton,07060003,River/Stream,,42.96274242,-91.22931615
6,15220003,North Cedar Creek (NCC),07/09/1996 13:45:00,SNY319,14797-55-8,Nitrate (as N),Total,,2.9,mg/l,True,0.5,,,300(A),SNY001,Actual,SW,Water,,,Clayton,07060003,River/Stream,,42.96274242,-91.22931615
6,15220003,North Cedar Creek (NCC),06/11/1996 12:00:00,SNY319,14797-55-8,Nitrate (as N),Total,,4,mg/l,True,0.5,,,300(A),SNY001,Actual,SW,Water,,,Clayton,07060003,River/Stream,,42.96274242,-91.22931615
6,15220003,North Cedar Creek (NCC),05/07/1996 13:45:00,SNY319,14797-55-8,Nitrate (as N),Total,,1.8,mg/l,True,0.5,,,300(A),SNY001,Actual,SW,Water,,,Clayton,07060003,River/Stream,,42.96274242,-91.22931615
6,15220003,North Cedar Creek (NCC),04/30/1996 13:15:00,SNY319,14797-55-8,Nitrate (as N),Total,,2.1,mg/l,True,0.5,,,300(A),SNY001,Actual,SW,Water,,,Clayton,07060003,River/Stream,,42.96274242,-91.22931615
6,15220003,North Cedar Creek (NCC),04/02/1996 11:30:00,SNY319,14797-55-8,Nitrate (as N),Total,,2,mg/l,True,0.5,,,300(A),SNY001,Actual,SW,Water,,,Clayton,07060003,River/Stream,,42.96274242,-91.22931615
6,15220003,North Cedar Creek (NCC),03/26/1996 12:30:00,SNY319,14797-55-8,Nitrate (as N),Total,,2.9,mg/l,True,0.5,,,300(A),SNY001,Actual,SW,Water,,,Clayton,07060003,River/Stream,,42.96274242,-91.22931615
6,15220003,North Cedar Creek (NCC),02/27/1996 13:50:00,SNY319,14797-55-8,Nitrate (as N),Total,,3.4,mg/l,True,0.5,,,300(A),SNY001,Actual,SW,Water,,,Clayton,07060003,River/Stream,,42.96274242,-91.22931615
6,15220003,North Cedar Creek (NCC),02/20/1996 10:50:00,SNY319,14797-55-8,Nitrate (as N),Total,,2.2,mg/l,True,0.5,,,300(A),SNY001,Actual,SW,Water,,,Clayton,07060003,River/Stream,,42.96274242,-91.22931615
6,15220003,North Cedar Creek (NCC),01/09/1996 14:50:00,SNY319,14797-55-8,Nitrate (as N),Total,,1.9,mg/l,True,0.5,,,300(A),SNY001,Actual,SW,Water,,,Clayton,07060003,River/Stream,,42.96274242,-91.22931615
6,15220003,North Cedar Creek (NCC),01/23/1996 14:45:00,SNY319,14797-55-8,Nitrate (as N),Total,,2.4,mg/l,True,0.5,,,300(A),SNY001,Actual,SW,Water,,,Clayton,07060003,River/Stream,,42.96274242,-91.22931615
6,15220003,North Cedar Creek (NCC),01/16/1996 12:45:00,SNY319,14797-55-8,Nitrate (as N),Total,,1.9,mg/l,True,0.5,,,300(A),SNY001,Actual,SW,Water,,,Clayton,07060003,River/Stream,,42.96274242,-91.22931615
6,15220003,North Cedar Creek (NCC),09/05/1995 12:05:00,SNY319,14797-55-8,Nitrate (as N),Total,,1.5,mg/l,True,0.5,,,300(A),SNY001,Actual,SW,Water,,,Clayton,07060003,River/Stream,,42.96274242,-91.22931615
6,15220003,North Cedar Creek (NCC),08/29/1995 15:10:00,SNY319,14797-55-8,Nitrate (as N),Total,,1.9,mg/l,True,0.5,,,300(A),SNY001,Actual,SW,Water,,,Clayton,07060003,River/Stream,,42.96274242,-91.22931615
6,15220003,North Cedar Creek (NCC),08/01/1995 12:10:00,SNY319,14797-55-8,Nitrate (as N),Total,,2,mg/l,True,0.5,,,300(A),SNY001,Actual,SW,Water,,,Clayton,07060003,River/Stream,,42.96274242,-91.22931615
6,15220003,North Cedar Creek (NCC),07/25/1995 17:40:00,SNY319,14797-55-8,Nitrate (as N),Total,,1.9,mg/l,True,0.5,,,300(A),SNY001,Actual,SW,Water,,,Clayton,07060003,River/Stream,,42.96274242,-91.22931615
6,15220003,North Cedar Creek (NCC),06/27/1995 15:00:00,SNY319,14797-55-8,Nitrate (as N),Total,,2.7,mg/l,True,0.5,,,300(A),SNY001,Actual,SW,Water,,,Clayton,07060003,River/Stream,,42.96274242,-91.22931615
6,15220003,North Cedar Creek (NCC),06/20/1995 12:30:00,SNY319,14797-55-8,Nitrate (as N),Total,,2.5,mg/l,True,0.5,,,300(A),SNY001,Actual,SW,Water,,,Clayton,07060003,River/Stream,,42.96274242,-91.22931615
6,15220003,North Cedar Creek (NCC),05/23/1995 14:25:00,SNY319,14797-55-8,Nitrate (as N),Total,,3.2,mg/l,True,0.5,,,300(A),SNY001,Actual,SW,Water,,,Clayton,07060003,River/Stream,,42.96274242,-91.22931615
6,15220003,North Cedar Creek (NCC),05/16/1995 12:10:00,SNY319,14797-55-8,Nitrate (as N),Total,,4.8,mg/l,True,0.5,,,300(A),SNY001,Actual,SW,Water,,,Clayton,07060003,River/Stream,,42.96274242,-91.22931615
6,15220003,North Cedar Creek (NCC),04/18/1995 12:45:00,SNY319,14797-55-8,Nitrate (as N),Total,,4.4,mg/l,True,0.5,,,300(A),SNY001,Actual,SW,Water,,,Clayton,07060003,River/Stream,,42.96274242,-91.22931615
6,15220003,North Cedar Creek (NCC),04/11/1995 13:45:00,SNY319,14797-55-8,Nitrate (as N),Total,,3.7,mg/l,True,0.5,,,300(A),SNY001,Actual,SW,Water,,,Clayton,07060003,River/Stream,,42.96274242,-91.22931615
6,15220003,North Cedar Creek (NCC),03/14/1995 15:05:00,SNY319,14797-55-8,Nitrate (as N),Total,,2.4,mg/l,True,0.5,,,300(A),SNY001,Actual,SW,Water,,,Clayton,07060003,River/Stream,,42.96274242,-91.22931615
6,15220003,North Cedar Creek (NCC),03/07/1995 12:30:00,SNY319,14797-55-8,Nitrate (as N),Total,,1.7,mg/l,True,0.5,,,300(A),SNY001,Actual,SW,Water,,,Clayton,07060003,River/Stream,,42.96274242,-91.22931615
6,15220003,North Cedar Creek (NCC),02/07/1995 12:00:00,SNY319,14797-55-8,Nitrate (as N),Total,,1.9,mg/l,True,0.5,,,300(A),SNY001,Actual,SW,Water,,,Clayton,07060003,River/Stream,,42.96274242,-91.22931615
6,15220003,North Cedar Creek (NCC),01/31/1995 11:10:00,SNY319,14797-55-8,Nitrate (as N),Total,,1.9,mg/l,True,0.5,,,300(A),SNY001,Actual,SW,Water,,,Clayton,07060003,River/Stream,,42.96274242,-91.22931615
6,15220003,North Cedar Creek (NCC),01/03/1995 11:00:00,SNY319,14797-55-8,Nitrate (as N),Total,,2,mg/l,True,0.5,,,300(A),SNY001,Actual,SW,Water,,,Clayton,07060003,River/Stream,,42.96274242,-91.22931615
6,15220002,Bloody Run Creek at Spook Cave (BRSC),09/26/1995 11:45:00,SNY319,14797-55-8,Nitrate (as N),Total,,10,mg/l,True,0.5,,,300(A),SNY001,Actual,SW,Water,,,Clayton,07060001,River/Stream,,43.03326422,-91.30759437
6,15220002,Bloody Run Creek at Spook Cave (BRSC),06/27/1995 12:25:00,SNY319,14797-55-8,Nitrate (as N),Total,,9.7,mg/l,True,0.5,,,300(A),SNY001,Actual,SW,Water,,,Clayton,07060001,River/Stream,,43.03326422,-91.30759437
6,15220002,Bloody Run Creek at Spook Cave (BRSC),05/30/1995 12:40:00,SNY319,14797-55-8,Nitrate (as N),Total,,9.3,mg/l,True,0.5,,,300(A),SNY001,Actual,SW,Water,,,Clayton,07060001,River/Stream,,43.03326422,-91.30759437
6,15220002,Bloody Run Creek at Spook Cave (BRSC),01/31/1995 10:20:00,SNY319,14797-55-8,Nitrate (as N),Total,,11,mg/l,True,0.5,,,300(A),SNY001,Actual,SW,Water,,,Clayton,07060001,River/Stream,,43.03326422,-91.30759437
6,15220002,Bloody Run Creek at Spook Cave (BRSC),04/25/1995 09:25:00,SNY319,14797-55-8,Nitrate (as N),Total,,10,mg/l,True,0.5,,,300(A),SNY001,Actual,SW,Water,,,Clayton,07060001,River/Stream,,43.03326422,-91.30759437
6,15220001,Bloody Run Creek Site #2 (BR02),09/26/1995 12:20:00,SNY319,14797-55-8,Nitrate (as N),Total,,9.8,mg/l,True,0.5,,,300(A),SNY001,Actual,SW,Water,,,Clayton,07060001,River/Stream,,43.03547975,-91.26682808
6,15220001,Bloody Run Creek Site #2 (BR02),09/19/1995 10:40:00,SNY319,14797-55-8,Nitrate (as N),Total,,9.3,mg/l,True,0.5,,,300(A),SNY001,Actual,SW,Water,,,Clayton,07060001,River/Stream,,43.03547975,-91.26682808
6,15220001,Bloody Run Creek Site #2 (BR02),08/22/1995 13:00:00,SNY319,14797-55-8,Nitrate (as N),Total,,9.8,mg/l,True,0.5,,,300(A),SNY001,Actual,SW,Water,,,Clayton,07060001,River/Stream,,43.03547975,-91.26682808
6,15220001,Bloody Run Creek Site #2 (BR02),08/15/1995 15:00:00,SNY319,14797-55-8,Nitrate (as N),Total,,9.7,mg/l,True,0.5,,,300(A),SNY001,Actual,SW,Water,,,Clayton,07060001,River/Stream,,43.03547975,-91.26682808
6,15220001,Bloody Run Creek Site #2 (BR02),07/18/1995 13:45:00,SNY319,14797-55-8,Nitrate (as N),Total,,9.4,mg/l,True,0.5,,,300(A),SNY001,Actual,SW,Water,,,Clayton,07060001,River/Stream,,43.03547975,-91.26682808
6,15220001,Bloody Run Creek Site #2 (BR02),07/11/1995 15:10:00,SNY319,14797-55-8,Nitrate (as N),Total,,8.9,mg/l,True,0.5,,,300(A),SNY001,Actual,SW,Water,,,Clayton,07060001,River/Stream,,43.03547975,-91.26682808
6,15220001,Bloody Run Creek Site #2 (BR02),06/13/1995 11:50:00,SNY319,14797-55-8,Nitrate (as N),Total,,9.3,mg/l,True,0.5,,,300(A),SNY001,Actual,SW,Water,,,Clayton,07060001,River/Stream,,43.03547975,-91.26682808
6,15220001,Bloody Run Creek Site #2 (BR02),06/06/1995 08:10:00,SNY319,14797-55-8,Nitrate (as N),Total,,9,mg/l,True,0.5,,,300(A),SNY001,Actual,SW,Water,,,Clayton,07060001,River/Stream,,43.03547975,-91.26682808
6,15220001,Bloody Run Creek Site #2 (BR02),05/09/1995 12:40:00,SNY319,14797-55-8,Nitrate (as N),Total,,7.7,mg/l,True,0.5,,,300(A),SNY001,Actual,SW,Water,,,Clayton,07060001,River/Stream,,43.03547975,-91.26682808
6,15220001,Bloody Run Creek Site #2 (BR02),05/02/1995 10:00:00,SNY319,14797-55-8,Nitrate (as N),Total,,9,mg/l,True,0.5,,,300(A),SNY001,Actual,SW,Water,,,Clayton,07060001,River/Stream,,43.03547975,-91.26682808
6,15220001,Bloody Run Creek Site #2 (BR02),04/04/1995 12:40:00,SNY319,14797-55-8,Nitrate (as N),Total,,8.7,mg/l,True,0.5,,,300(A),SNY001,Actual,SW,Water,,,Clayton,07060001,River/Stream,,43.03547975,-91.26682808
6,15220001,Bloody Run Creek Site #2 (BR02),03/28/1995 10:15:00,SNY319,14797-55-8,Nitrate (as N),Total,,8.5,mg/l,True,0.5,,,300(A),SNY001,Actual,SW,Water,,,Clayton,07060001,River/Stream,,43.03547975,-91.26682808
6,15220001,Bloody Run Creek Site #2 (BR02),02/28/1995 08:45:00,SNY319,14797-55-8,Nitrate (as N),Total,,9.7,mg/l,True,0.5,,,300(A),SNY001,Actual,SW,Water,,,Clayton,07060001,River/Stream,,43.03547975,-91.26682808
6,15220001,Bloody Run Creek Site #2 (BR02),02/21/1995 10:30:00,SNY319,14797-55-8,Nitrate (as N),Total,,5.1,mg/l,True,0.5,,,300(A),SNY001,Actual,SW,Water,,,Clayton,07060001,River/Stream,,43.03547975,-91.26682808
6,15220001,Bloody Run Creek Site #2 (BR02),01/24/1995 12:40:00,SNY319,14797-55-8,Nitrate (as N),Total,,10,mg/l,True,0.5,,,300(A),SNY001,Actual,SW,Water,,,Clayton,07060001,River/Stream,,43.03547975,-91.26682808
6,15220001,Bloody Run Creek Site #2 (BR02),01/17/1995 11:00:00,SNY319,14797-55-8,Nitrate (as N),Total,,9.3,mg/l,True,0.5,,,300(A),SNY001,Actual,SW,Water,,,Clayton,07060001,River/Stream,,43.03547975,-91.26682808
6,15220003,North Cedar Creek (NCC),12/27/1994 10:25:00,SNY319,14797-55-8,Nitrate (as N),Total,,1.9,mg/l,True,0.5,,,300(A),SNY001,Actual,SW,Water,,,Clayton,07060003,River/Stream,,42.96274242,-91.22931615
6,15220003,North Cedar Creek (NCC),12/20/1994 11:15:00,SNY319,14797-55-8,Nitrate (as N),Total,,1.8,mg/l,True,0.5,,,300(A),SNY001,Actual,SW,Water,,,Clayton,07060003,River/Stream,,42.96274242,-91.22931615
6,15220003,North Cedar Creek (NCC),11/22/1994 14:05:00,SNY319,14797-55-8,Nitrate (as N),Total,,1.8,mg/l,True,0.5,,,300(A),SNY001,Actual,SW,Water,,,Clayton,07060003,River/Stream,,42.96274242,-91.22931615
6,15220003,North Cedar Creek (NCC),12/13/1994 14:30:00,SNY319,14797-55-8,Nitrate (as N),Total,,1.8,mg/l,True,0.5,,,300(A),SNY001,Actual,SW,Water,,,Clayton,07060003,River/Stream,,42.96274242,-91.22931615
6,15220003,North Cedar Creek (NCC),11/15/1994 14:15:00,SNY319,14797-55-8,Nitrate (as N),Total,,1.6,mg/l,True,0.5,,,300(A),SNY001,Actual,SW,Water,,,Clayton,07060003,River/Stream,,42.96274242,-91.22931615
6,15220003,North Cedar Creek (NCC),10/11/1994 14:50:00,SNY319,14797-55-8,Nitrate (as N),Total,,1.6,mg/l,True,0.5,,,300(A),SNY001,Actual,SW,Water,,,Clayton,07060003,River/Stream,,42.96274242,-91.22931615
6,15220003,North Cedar Creek (NCC),10/18/1994 12:30:00,SNY319,14797-55-8,Nitrate (as N),Total,,1.6,mg/l,True,0.5,,,300(A),SNY001,Actual,SW,Water,,,Clayton,07060003,River/Stream,,42.96274242,-91.22931615
6,15220003,North Cedar Creek (NCC),11/08/1994 16:15:00,SNY319,14797-55-8,Nitrate (as N),Total,,1.5,mg/l,True,0.5,,,300(A),SNY001,Actual,SW,Water,,,Clayton,07060003,River/Stream,,42.96274242,-91.22931615
6,15220001,Bloody Run Creek Site #2 (BR02),12/27/1994 09:00:00,SNY319,14797-55-8,Nitrate (as N),Total,,8,mg/l,True,0.5,,,300(A),SNY001,Actual,SW,Water,,,Clayton,07060001,River/Stream,,43.03547975,-91.26682808
6,15220002,Bloody Run Creek at Spook Cave (BRSC),10/25/1994 12:55:00,SNY319,14797-55-8,Nitrate (as N),Total,,9.8,mg/l,True,0.5,,,300(A),SNY001,Actual,SW,Water,,,Clayton,07060001,River/Stream,,43.03326422,-91.30759437
6,15220003,North Cedar Creek (NCC),10/04/1994 15:30:00,SNY319,14797-55-8,Nitrate (as N),Total,,1.7,mg/l,True,0.5,,,300(A),SNY001,Actual,SW,Water,,,Clayton,07060003,River/Stream,,42.96274242,-91.22931615
6,15220001,Bloody Run Creek Site #2 (BR02),11/22/1994 12:10:00,SNY319,14797-55-8,Nitrate (as N),Total,,9.2,mg/l,True,0.5,,,300(A),SNY001,Actual,SW,Water,,,Clayton,07060001,River/Stream,,43.03547975,-91.26682808
6,15220001,Bloody Run Creek Site #2 (BR02),11/29/1994 09:50:00,SNY319,14797-55-8,Nitrate (as N),Total,,9.5,mg/l,True,0.5,,,300(A),SNY001,Actual,SW,Water,,,Clayton,07060001,River/Stream,,43.03547975,-91.26682808
6,15220001,Bloody Run Creek Site #2 (BR02),12/20/1994 10:10:00,SNY319,14797-55-8,Nitrate (as N),Total,,9.6,mg/l,True,0.5,,,300(A),SNY001,Actual,SW,Water,,,Clayton,07060001,River/Stream,,43.03547975,-91.26682808
6,15220001,Bloody Run Creek Site #2 (BR02),10/18/1994 11:00:00,SNY319,14797-55-8,Nitrate (as N),Total,,0.5,mg/l,False,0.5,,,300(A),SNY001,Actual,SW,Water,,,Clayton,07060001,River/Stream,,43.03547975,-91.26682808
6,15220001,Bloody Run Creek Site #2 (BR02),10/25/1994 12:35:00,SNY319,14797-55-8,Nitrate (as N),Total,,9.6,mg/l,True,0.5,,,300(A),SNY001,Actual,SW,Water,,,Clayton,07060001,River/Stream,,43.03547975,-91.26682808
6,15220001,Bloody Run Creek Site #2 (BR02),11/15/1994 12:40:00,SNY319,14797-55-8,Nitrate (as N),Total,,9.6,mg/l,True,0.5,,,300(A),SNY001,Actual,SW,Water,,,Clayton,07060001,River/Stream,,43.03547975,-91.26682808
6,15220001,Bloody Run Creek Site #2 (BR02),10/11/1994 13:30:00,SNY319,14797-55-8,Nitrate (as N),Total,,9.4,mg/l,True,0.5,,,300(A),SNY001,Actual,SW,Water,,,Clayton,07060001,River/Stream,,43.03547975,-91.26682808
6,15220001,Bloody Run Creek Site #2 (BR02),09/28/1994 08:40:00,SNY319,14797-55-8,Nitrate (as N),Total,,8,mg/l,True,0.5,,,300(A),SNY001,Actual,SW,Water,,,Clayton,07060001,River/Stream,,43.03547975,-91.26682808
6,10220003,Bloody Run Creek Site #1 (BR01),12/11/2008 10:05:00,AMBIENT,14797-55-8,Nitrate (as N),Total,,7,mg/l,True,0.05,,,300(A),UHL001,Actual,SW,Water,,,Clayton,07060001,River/Stream,,43.0404991,-91.2055504
6,10220003,Bloody Run Creek Site #1 (BR01),09/10/1996 11:30:00,SNY319,14797-55-8,Nitrate (as N),Total,,4.4,mg/l,True,0.5,,,300(A),SNY001,Actual,SW,Water,,,Clayton,07060001,River/Stream,,43.0404991,-91.2055504
6,10220003,Bloody Run Creek Site #1 (BR01),09/24/1996 13:10:00,SNY319,14797-55-8,Nitrate (as N),Total,,5,mg/l,True,0.5,,,300(A),SNY001,Actual,SW,Water,,,Clayton,07060001,River/Stream,,43.0404991,-91.2055504
6,10220003,Bloody Run Creek Site #1 (BR01),09/03/1996 11:25:00,SNY319,14797-55-8,Nitrate (as N),Total,,4.5,mg/l,True,0.5,,,300(A),SNY001,Actual,SW,Water,,,Clayton,07060001,River/Stream,,43.0404991,-91.2055504
6,10220003,Bloody Run Creek Site #1 (BR01),08/13/1996 11:35:00,SNY319,14797-55-8,Nitrate (as N),Total,,4.6,mg/l,True,0.5,,,300(A),SNY001,Actual,SW,Water,,,Clayton,07060001,River/Stream,,43.0404991,-91.2055504
6,10220003,Bloody Run Creek Site #1 (BR01),07/23/1996 11:20:00,SNY319,14797-55-8,Nitrate (as N),Total,,5,mg/l,True,0.5,,,300(A),SNY001,Actual,SW,Water,,,Clayton,07060001,River/Stream,,43.0404991,-91.2055504
6,10220003,Bloody Run Creek Site #1 (BR01),07/02/1996 10:00:00,SNY319,14797-55-8,Nitrate (as N),Total,,4.8,mg/l,True,0.5,,,300(A),SNY001,Actual,SW,Water,,,Clayton,07060001,River/Stream,,43.0404991,-91.2055504
6,10220003,Bloody Run Creek Site #1 (BR01),11/01/1994 10:00:00,SNY319,14797-55-8,Nitrate (as N),Total,,4.9,mg/l,True,0.5,,,300(A),SNY001,Actual,SW,Water,,,Clayton,07060001,River/Stream,,43.0404991,-91.2055504
6,10220003,Bloody Run Creek Site #1 (BR01),10/25/1994 12:05:00,SNY319,14797-55-8,Nitrate (as N),Total,,4.8,mg/l,True,0.5,,,300(A),SNY001,Actual,SW,Water,,,Clayton,07060001,River/Stream,,43.0404991,-91.2055504
6,10220003,Bloody Run Creek Site #1 (BR01),05/30/1995 13:15:00,SNY319,14797-55-8,Nitrate (as N),Total,,4.7,mg/l,True,0.5,,,300(A),SNY001,Actual,SW,Water,,,Clayton,07060001,River/Stream,,43.0404991,-91.2055504
6,10220003,Bloody Run Creek Site #1 (BR01),05/23/1995 13:20:00,SNY319,14797-55-8,Nitrate (as N),Total,,4.7,mg/l,True,0.5,,,300(A),SNY001,Actual,SW,Water,,,Clayton,07060001,River/Stream,,43.0404991,-91.2055504
6,10220003,Bloody Run Creek Site #1 (BR01),05/09/1995 13:15:00,SNY319,14797-55-8,Nitrate (as N),Total,,5.6,mg/l,True,0.5,,,300(A),SNY001,Actual,SW,Water,,,Clayton,07060001,River/Stream,,43.0404991,-91.2055504
6,10220003,Bloody Run Creek Site #1 (BR01),05/02/1995 09:20:00,SNY319,14797-55-8,Nitrate (as N),Total,,5.3,mg/l,True,0.5,,,300(A),SNY001,Actual,SW,Water,,,Clayton,07060001,River/Stream,,43.0404991,-91.2055504
6,10220003,Bloody Run Creek Site #1 (BR01),04/18/1995 09:45:00,SNY319,14797-55-8,Nitrate (as N),Total,,5.9,mg/l,True,0.5,,,300(A),SNY001,Actual,SW,Water,,,Clayton,07060001,River/Stream,,43.0404991,-91.2055504
6,10220003,Bloody Run Creek Site #1 (BR01),03/28/1995 09:40:00,SNY319,14797-55-8,Nitrate (as N),Total,,5.4,mg/l,True,0.5,,,300(A),SNY001,Actual,SW,Water,,,Clayton,07060001,River/Stream,,43.0404991,-91.2055504
6,10220003,Bloody Run Creek Site #1 (BR01),04/11/1995 12:45:00,SNY319,14797-55-8,Nitrate (as N),Total,,5.7,mg/l,True,0.5,,,300(A),SNY001,Actual,SW,Water,,,Clayton,07060001,River/Stream,,43.0404991,-91.2055504
6,10220003,Bloody Run Creek Site #1 (BR01),03/21/1995 10:10:00,SNY319,14797-55-8,Nitrate (as N),Total,,5.6,mg/l,True,0.5,,,300(A),SNY001,Actual,SW,Water,,,Clayton,07060001,River/Stream,,43.0404991,-91.2055504
6,10220003,Bloody Run Creek Site #1 (BR01),03/07/1995 13:30:00,SNY319,14797-55-8,Nitrate (as N),Total,,5,mg/l,True,0.5,,,300(A),SNY001,Actual,SW,Water,,,Clayton,07060001,River/Stream,,43.0404991,-91.2055504
6,10220003,Bloody Run Creek Site #1 (BR01),02/28/1995 09:05:00,SNY319,14797-55-8,Nitrate (as N),Total,,5.2,mg/l,True,0.5,,,300(A),SNY001,Actual,SW,Water,,,Clayton,07060001,River/Stream,,43.0404991,-91.2055504
6,10220003,Bloody Run Creek Site #1 (BR01),02/07/1995 09:30:00,SNY319,14797-55-8,Nitrate (as N),Total,,6.6,mg/l,True,0.5,,,300(A),SNY001,Actual,SW,Water,,,Clayton,07060001,River/Stream,,43.0404991,-91.2055504
6,10220003,Bloody Run Creek Site #1 (BR01),01/17/1995 10:30:00,SNY319,14797-55-8,Nitrate (as N),Total,,5.4,mg/l,True,0.5,,,300(A),SNY001,Actual,SW,Water,,,Clayton,07060001,River/Stream,,43.0404991,-91.2055504
6,10220003,Bloody Run Creek Site #1 (BR01),12/13/1994 13:20:00,SNY319,14797-55-8,Nitrate (as N),Total,,5.6,mg/l,True,0.5,,,300(A),SNY001,Actual,SW,Water,,,Clayton,07060001,River/Stream,,43.0404991,-91.2055504
6,10220003,Bloody Run Creek Site #1 (BR01),12/27/1994 08:35:00,SNY319,14797-55-8,Nitrate (as N),Total,,5.8,mg/l,True,0.5,,,300(A),SNY001,Actual,SW,Water,,,Clayton,07060001,River/Stream,,43.0404991,-91.2055504
6,10220003,Bloody Run Creek Site #1 (BR01),11/22/1994 13:00:00,SNY319,14797-55-8,Nitrate (as N),Total,,5,mg/l,True,0.5,,,300(A),SNY001,Actual,SW,Water,,,Clayton,07060001,River/Stream,,43.0404991,-91.2055504
6,10220003,Bloody Run Creek Site #1 (BR01),12/06/1994 10:50:00,SNY319,14797-55-8,Nitrate (as N),Total,,5.4,mg/l,True,0.5,,,300(A),SNY001,Actual,SW,Water,,,Clayton,07060001,River/Stream,,43.0404991,-91.2055504
6,10220003,Bloody Run Creek Site #1 (BR01),11/15/1994 13:00:00,SNY319,14797-55-8,Nitrate (as N),Total,,5,mg/l,True,0.5,,,300(A),SNY001,Actual,SW,Water,,,Clayton,07060001,River/Stream,,43.0404991,-91.2055504
6,10220003,Bloody Run Creek Site #1 (BR01),10/11/1994 13:55:00,SNY319,14797-55-8,Nitrate (as N),Total,,4.9,mg/l,True,0.5,,,300(A),SNY001,Actual,SW,Water,,,Clayton,07060001,River/Stream,,43.0404991,-91.2055504
6,10220003,Bloody Run Creek Site #1 (BR01),10/04/1994 14:30:00,SNY319,14797-55-8,Nitrate (as N),Total,,5,mg/l,True,0.5,,,300(A),SNY001,Actual,SW,Water,,,Clayton,07060001,River/Stream,,43.0404991,-91.2055504
6,10220003,Bloody Run Creek Site #1 (BR01),06/06/1995 07:30:00,SNY319,14797-55-8,Nitrate (as N),Total,,4.8,mg/l,True,0.5,,,300(A),SNY001,Actual,SW,Water,,,Clayton,07060001,River/Stream,,43.0404991,-91.2055504
6,10220003,Bloody Run Creek Site #1 (BR01),05/16/1995 09:25:00,SNY319,14797-55-8,Nitrate (as N),Total,,5,mg/l,True,0.5,,,300(A),SNY001,Actual,SW,Water,,,Clayton,07060001,River/Stream,,43.0404991,-91.2055504
6,10220003,Bloody Run Creek Site #1 (BR01),04/25/1995 08:50:00,SNY319,14797-55-8,Nitrate (as N),Total,,5.9,mg/l,True,0.5,,,300(A),SNY001,Actual,SW,Water,,,Clayton,07060001,River/Stream,,43.0404991,-91.2055504
6,10220003,Bloody Run Creek Site #1 (BR01),04/04/1995 13:05:00,SNY319,14797-55-8,Nitrate (as N),Total,,4.9,mg/l,True,0.5,,,300(A),SNY001,Actual,SW,Water,,,Clayton,07060001,River/Stream,,43.0404991,-91.2055504
6,10220003,Bloody Run Creek Site #1 (BR01),03/14/1995 13:50:00,SNY319,14797-55-8,Nitrate (as N),Total,,4.6,mg/l,True,0.5,,,300(A),SNY001,Actual,SW,Water,,,Clayton,07060001,River/Stream,,43.0404991,-91.2055504
6,10220003,Bloody Run Creek Site #1 (BR01),02/21/1995 10:00:00,SNY319,14797-55-8,Nitrate (as N),Total,,4,mg/l,True,0.5,,,300(A),SNY001,Actual,SW,Water,,,Clayton,07060001,River/Stream,,43.0404991,-91.2055504
6,10220003,Bloody Run Creek Site #1 (BR01),01/31/1995 09:20:00,SNY319,14797-55-8,Nitrate (as N),Total,,5.6,mg/l,True,0.5,,,300(A),SNY001,Actual,SW,Water,,,Clayton,07060001,River/Stream,,43.0404991,-91.2055504
6,10220003,Bloody Run Creek Site #1 (BR01),02/14/1995 11:50:00,SNY319,14797-55-8,Nitrate (as N),Total,,5.9,mg/l,True,0.5,,,300(A),SNY001,Actual,SW,Water,,,Clayton,07060001,River/Stream,,43.0404991,-91.2055504
6,10220003,Bloody Run Creek Site #1 (BR01),01/10/1995 12:50:00,SNY319,14797-55-8,Nitrate (as N),Total,,5.7,mg/l,True,0.5,,,300(A),SNY001,Actual,SW,Water,,,Clayton,07060001,River/Stream,,43.0404991,-91.2055504
6,10220003,Bloody Run Creek Site #1 (BR01),01/03/1995 13:00:00,SNY319,14797-55-8,Nitrate (as N),Total,,5.6,mg/l,True,0.5,,,300(A),SNY001,Actual,SW,Water,,,Clayton,07060001,River/Stream,,43.0404991,-91.2055504
6,10220003,Bloody Run Creek Site #1 (BR01),01/24/1995 13:00:00,SNY319,14797-55-8,Nitrate (as N),Total,,5.3,mg/l,True,0.5,,,300(A),SNY001,Actual,SW,Water,,,Clayton,07060001,River/Stream,,43.0404991,-91.2055504
6,10220003,Bloody Run Creek Site #1 (BR01),12/20/1994 09:30:00,SNY319,14797-55-8,Nitrate (as N),Total,,5.4,mg/l,True,0.5,,,300(A),SNY001,Actual,SW,Water,,,Clayton,07060001,River/Stream,,43.0404991,-91.2055504
6,10220003,Bloody Run Creek Site #1 (BR01),11/29/1994 09:10:00,SNY319,14797-55-8,Nitrate (as N),Total,,5.8,mg/l,True,0.5,,,300(A),SNY001,Actual,SW,Water,,,Clayton,07060001,River/Stream,,43.0404991,-91.2055504
6,10220003,Bloody Run Creek Site #1 (BR01),11/08/1994 15:10:00,SNY319,14797-55-8,Nitrate (as N),Total,,5,mg/l,True,0.5,,,300(A),SNY001,Actual,SW,Water,,,Clayton,07060001,River/Stream,,43.0404991,-91.2055504
6,10220003,Bloody Run Creek Site #1 (BR01),10/18/1994 10:30:00,SNY319,14797-55-8,Nitrate (as N),Total,,4.5,mg/l,True,0.5,,,300(A),SNY001,Actual,SW,Water,,,Clayton,07060001,River/Stream,,43.0404991,-91.2055504
6,10220003,Bloody Run Creek Site #1 (BR01),09/28/1994 09:10:00,SNY319,14797-55-8,Nitrate (as N),Total,,1.9,mg/l,True,0.5,,,300(A),SNY001,Actual,SW,Water,,,Clayton,07060001,River/Stream,,43.0404991,-91.2055504
6,15220005,Sny Magill Creek Site #2 (SN02),04/30/1996 13:25:00,SNY319,14797-55-8,Nitrate (as N),Total,,2.8,mg/l,True,0.5,,,300(A),SNY001,Actual,SW,Water,,,Clayton,07060003,River/Stream,,42.96808222,-91.22331192
6,15220005,Sny Magill Creek Site #2 (SN02),03/26/1996 12:15:00,SNY319,14797-55-8,Nitrate (as N),Total,,3.2,mg/l,True,0.5,,,300(A),SNY001,Actual,SW,Water,,,Clayton,07060003,River/Stream,,42.96808222,-91.22331192
6,15220005,Sny Magill Creek Site #2 (SN02),02/27/1996 14:00:00,SNY319,14797-55-8,Nitrate (as N),Total,,3.3,mg/l,True,0.5,,,300(A),SNY001,Actual,SW,Water,,,Clayton,07060003,River/Stream,,42.96808222,-91.22331192
6,15220004,Sny Magill Creek Site #1 (SN01),09/17/1996 12:00:00,SNY319,14797-55-8,Nitrate (as N),Total,,2,mg/l,True,0.5,,,300(A),SNY001,Actual,SW,Water,,,Clayton,07060003,River/Stream,,42.94880662,-91.18632674
6,15220004,Sny Magill Creek Site #1 (SN01),07/16/1996 13:00:00,SNY319,14797-55-8,Nitrate (as N),Total,,2.2,mg/l,True,0.5,,,300(A),SNY001,Actual,SW,Water,,,Clayton,07060003,River/Stream,,42.94880662,-91.18632674
6,15220004,Sny Magill Creek Site #1 (SN01),07/09/1996 13:20:00,SNY319,14797-55-8,Nitrate (as N),Total,,2.3,mg/l,True,0.5,,,300(A),SNY001,Actual,SW,Water,,,Clayton,07060003,River/Stream,,42.94880662,-91.18632674
6,15220004,Sny Magill Creek Site #1 (SN01),06/18/1996 12:30:00,SNY319,14797-55-8,Nitrate (as N),Total,,3.6,mg/l,True,0.5,,,300(A),SNY001,Actual,SW,Water,,,Clayton,07060003,River/Stream,,42.94880662,-91.18632674
6,15220004,Sny Magill Creek Site #1 (SN01),05/07/1996 13:15:00,SNY319,14797-55-8,Nitrate (as N),Total,,2,mg/l,True,0.5,,,300(A),SNY001,Actual,SW,Water,,,Clayton,07060003,River/Stream,,42.94880662,-91.18632674
6,15220004,Sny Magill Creek Site #1 (SN01),04/30/1996 13:00:00,SNY319,14797-55-8,Nitrate (as N),Total,,2.2,mg/l,True,0.5,,,300(A),SNY001,Actual,SW,Water,,,Clayton,07060003,River/Stream,,42.94880662,-91.18632674
6,15220004,Sny Magill Creek Site #1 (SN01),04/09/1996 10:40:00,SNY319,14797-55-8,Nitrate (as N),Total,,2.2,mg/l,True,0.5,,,300(A),SNY001,Actual,SW,Water,,,Clayton,07060003,River/Stream,,42.94880662,-91.18632674
6,15220004,Sny Magill Creek Site #1 (SN01),03/19/1996 12:15:00,SNY319,14797-55-8,Nitrate (as N),Total,,2.8,mg/l,True,0.5,,,300(A),SNY001,Actual,SW,Water,,,Clayton,07060003,River/Stream,,42.94880662,-91.18632674
6,15220004,Sny Magill Creek Site #1 (SN01),02/27/1996 13:35:00,SNY319,14797-55-8,Nitrate (as N),Total,,2.7,mg/l,True,0.5,,,300(A),SNY001,Actual,SW,Water,,,Clayton,07060003,River/Stream,,42.94880662,-91.18632674
6,15220004,Sny Magill Creek Site #1 (SN01),03/12/1996 14:45:00,SNY319,14797-55-8,Nitrate (as N),Total,,2,mg/l,True,0.5,,,300(A),SNY001,Actual,SW,Water,,,Clayton,07060003,River/Stream,,42.94880662,-91.18632674
6,15220004,Sny Magill Creek Site #1 (SN01),02/20/1996 10:20:00,SNY319,14797-55-8,Nitrate (as N),Total,,2.6,mg/l,True,0.5,,,300(A),SNY001,Actual,SW,Water,,,Clayton,07060003,River/Stream,,42.94880662,-91.18632674
6,15220004,Sny Magill Creek Site #1 (SN01),01/30/1996 15:40:00,SNY319,14797-55-8,Nitrate (as N),Total,,2.8,mg/l,True,0.5,,,300(A),SNY001,Actual,SW,Water,,,Clayton,07060003,River/Stream,,42.94880662,-91.18632674
6,15220004,Sny Magill Creek Site #1 (SN01),01/09/1996 14:20:00,SNY319,14797-55-8,Nitrate (as N),Total,,2.4,mg/l,True,0.5,,,300(A),SNY001,Actual,SW,Water,,,Clayton,07060003,River/Stream,,42.94880662,-91.18632674
6,15220004,Sny Magill Creek Site #1 (SN01),01/02/1996 13:30:00,SNY319,14797-55-8,Nitrate (as N),Total,,2.4,mg/l,True,0.5,,,300(A),SNY001,Actual,SW,Water,,,Clayton,07060003,River/Stream,,42.94880662,-91.18632674
6,15220008,West Fork Sny Magill Creek  (SNWF),09/19/1995 11:20:00,SNY319,14797-55-8,Nitrate (as N),Total,,2.8,mg/l,True,0.5,,,300(A),SNY001,Actual,SW,Water,,,Clayton,07060003,River/Stream,,42.97628121,-91.23730654
6,15220008,West Fork Sny Magill Creek  (SNWF),09/26/1995 15:25:00,SNY319,14797-55-8,Nitrate (as N),Total,,3,mg/l,True,0.5,,,300(A),SNY001,Actual,SW,Water,,,Clayton,07060003,River/Stream,,42.97628121,-91.23730654
6,15220008,West Fork Sny Magill Creek  (SNWF),08/22/1995 15:30:00,SNY319,14797-55-8,Nitrate (as N),Total,,3,mg/l,True,0.5,,,300(A),SNY001,Actual,SW,Water,,,Clayton,07060003,River/Stream,,42.97628121,-91.23730654
6,15220008,West Fork Sny Magill Creek  (SNWF),09/12/1995 13:45:00,SNY319,14797-55-8,Nitrate (as N),Total,,3.3,mg/l,True,0.5,,,300(A),SNY001,Actual,SW,Water,,,Clayton,07060003,River/Stream,,42.97628121,-91.23730654
6,15220008,West Fork Sny Magill Creek  (SNWF),08/15/1995 17:10:00,SNY319,14797-55-8,Nitrate (as N),Total,,3,mg/l,True,0.5,,,300(A),SNY001,Actual,SW,Water,,,Clayton,07060003,River/Stream,,42.97628121,-91.23730654
6,15220008,West Fork Sny Magill Creek  (SNWF),07/18/1995 15:20:00,SNY319,14797-55-8,Nitrate (as N),Total,,3,mg/l,True,0.5,,,300(A),SNY001,Actual,SW,Water,,,Clayton,07060003,River/Stream,,42.97628121,-91.23730654
6,15220008,West Fork Sny Magill Creek  (SNWF),08/08/1995 16:00:00,SNY319,14797-55-8,Nitrate (as N),Total,,3.1,mg/l,True,0.5,,,300(A),SNY001,Actual,SW,Water,,,Clayton,07060003,River/Stream,,42.97628121,-91.23730654
6,15220008,West Fork Sny Magill Creek  (SNWF),07/11/1995 17:50:00,SNY319,14797-55-8,Nitrate (as N),Total,,2.8,mg/l,True,0.5,,,300(A),SNY001,Actual,SW,Water,,,Clayton,07060003,River/Stream,,42.97628121,-91.23730654
6,15220008,West Fork Sny Magill Creek  (SNWF),07/04/1995 13:35:00,SNY319,14797-55-8,Nitrate (as N),Total,,2.8,mg/l,True,0.5,,,300(A),SNY001,Actual,SW,Water,,,Clayton,07060003,River/Stream,,42.97628121,-91.23730654
6,15220008,West Fork Sny Magill Creek  (SNWF),06/06/1995 08:50:00,SNY319,14797-55-8,Nitrate (as N),Total,,2.9,mg/l,True,0.5,,,300(A),SNY001,Actual,SW,Water,,,Clayton,07060003,River/Stream,,42.97628121,-91.23730654
6,15220008,West Fork Sny Magill Creek  (SNWF),05/30/1995 15:05:00,SNY319,14797-55-8,Nitrate (as N),Total,,2.9,mg/l,True,0.5,,,300(A),SNY001,Actual,SW,Water,,,Clayton,07060003,River/Stream,,42.97628121,-91.23730654
6,15220008,West Fork Sny Magill Creek  (SNWF),05/02/1995 11:00:00,SNY319,14797-55-8,Nitrate (as N),Total,,3,mg/l,True,0.5,,,300(A),SNY001,Actual,SW,Water,,,Clayton,07060003,River/Stream,,42.97628121,-91.23730654
6,15220008,West Fork Sny Magill Creek  (SNWF),04/25/1995 10:50:00,SNY319,14797-55-8,Nitrate (as N),Total,,3.2,mg/l,True,0.5,,,300(A),SNY001,Actual,SW,Water,,,Clayton,07060003,River/Stream,,42.97628121,-91.23730654
6,15220008,West Fork Sny Magill Creek  (SNWF),04/04/1995 14:30:00,SNY319,14797-55-8,Nitrate (as N),Total,,3.5,mg/l,True,0.5,,,300(A),SNY001,Actual,SW,Water,,,Clayton,07060003,River/Stream,,42.97628121,-91.23730654
6,15220008,West Fork Sny Magill Creek  (SNWF),03/28/1995 13:20:00,SNY319,14797-55-8,Nitrate (as N),Total,,3.4,mg/l,True,0.5,,,300(A),SNY001,Actual,SW,Water,,,Clayton,07060003,River/Stream,,42.97628121,-91.23730654
6,15220008,West Fork Sny Magill Creek  (SNWF),03/21/1995 11:00:00,SNY319,14797-55-8,Nitrate (as N),Total,,3.5,mg/l,True,0.5,,,300(A),SNY001,Actual,SW,Water,,,Clayton,07060003,River/Stream,,42.97628121,-91.23730654
6,15220008,West Fork Sny Magill Creek  (SNWF),02/28/1995 10:55:00,SNY319,14797-55-8,Nitrate (as N),Total,,3.4,mg/l,True,0.5,,,300(A),SNY001,Actual,SW,Water,,,Clayton,07060003,River/Stream,,42.97628121,-91.23730654
6,15220008,West Fork Sny Magill Creek  (SNWF),02/21/1995 11:30:00,SNY319,14797-55-8,Nitrate (as N),Total,,3.4,mg/l,True,0.5,,,300(A),SNY001,Actual,SW,Water,,,Clayton,07060003,River/Stream,,42.97628121,-91.23730654
6,15220008,West Fork Sny Magill Creek  (SNWF),01/24/1995 14:20:00,SNY319,14797-55-8,Nitrate (as N),Total,,3.8,mg/l,True,0.5,,,300(A),SNY001,Actual,SW,Water,,,Clayton,07060003,River/Stream,,42.97628121,-91.23730654
6,15220008,West Fork Sny Magill Creek  (SNWF),02/14/1995 13:35:00,SNY319,14797-55-8,Nitrate (as N),Total,,3.6,mg/l,True,0.5,,,300(A),SNY001,Actual,SW,Water,,,Clayton,07060003,River/Stream,,42.97628121,-91.23730654
6,15220008,West Fork Sny Magill Creek  (SNWF),01/17/1995 11:30:00,SNY319,14797-55-8,Nitrate (as N),Total,,3.4,mg/l,True,0.5,,,300(A),SNY001,Actual,SW,Water,,,Clayton,07060003,River/Stream,,42.97628121,-91.23730654
6,15220007,Sny Magill North Tributary (SNT),08/29/1995 15:55:00,SNY319,14797-55-8,Nitrate (as N),Total,,3,mg/l,True,0.5,,,300(A),SNY001,Actual,SW,Water,,,Clayton,07060003,River/Stream,,42.96850981,-91.22439501
6,15220008,West Fork Sny Magill Creek  (SNWF),01/10/1995 14:05:00,SNY319,14797-55-8,Nitrate (as N),Total,,3.5,mg/l,True,0.5,,,300(A),SNY001,Actual,SW,Water,,,Clayton,07060003,River/Stream,,42.97628121,-91.23730654
6,15220007,Sny Magill North Tributary (SNT),07/25/1995 18:00:00,SNY319,14797-55-8,Nitrate (as N),Total,,3,mg/l,True,0.5,,,300(A),SNY001,Actual,SW,Water,,,Clayton,07060003,River/Stream,,42.96850981,-91.22439501
6,15220007,Sny Magill North Tributary (SNT),03/28/1995 12:40:00,SNY319,14797-55-8,Nitrate (as N),Total,,3.5,mg/l,True,0.5,,,300(A),SNY001,Actual,SW,Water,,,Clayton,07060003,River/Stream,,42.96850981,-91.22439501
6,15220007,Sny Magill North Tributary (SNT),06/27/1995 15:20:00,SNY319,14797-55-8,Nitrate (as N),Total,,2.9,mg/l,True,0.5,,,300(A),SNY001,Actual,SW,Water,,,Clayton,07060003,River/Stream,,42.96850981,-91.22439501
6,15220007,Sny Magill North Tributary (SNT),02/28/1995 10:30:00,SNY319,14797-55-8,Nitrate (as N),Total,,3.1,mg/l,True,0.5,,,300(A),SNY001,Actual,SW,Water,,,Clayton,07060003,River/Stream,,42.96850981,-91.22439501
6,15220006,Sny Magill Creek Site #3 (SN03),09/12/1995 13:30:00,SNY319,14797-55-8,Nitrate (as N),Total,,4.2,mg/l,True,0.5,,,300(A),SNY001,Actual,SW,Water,,,Clayton,07060003,River/Stream,,42.98149721,-91.24097377
6,15220007,Sny Magill North Tributary (SNT),01/31/1995 11:25:00,SNY319,14797-55-8,Nitrate (as N),Total,,3,mg/l,True,0.5,,,300(A),SNY001,Actual,SW,Water,,,Clayton,07060003,River/Stream,,42.96850981,-91.22439501
6,15220006,Sny Magill Creek Site #3 (SN03),09/05/1995 11:30:00,SNY319,14797-55-8,Nitrate (as N),Total,,3.9,mg/l,True,0.5,,,300(A),SNY001,Actual,SW,Water,,,Clayton,07060003,River/Stream,,42.98149721,-91.24097377
6,15220006,Sny Magill Creek Site #3 (SN03),08/29/1995 16:10:00,SNY319,14797-55-8,Nitrate (as N),Total,,3.5,mg/l,True,0.5,,,300(A),SNY001,Actual,SW,Water,,,Clayton,07060003,River/Stream,,42.98149721,-91.24097377
6,15220006,Sny Magill Creek Site #3 (SN03),08/08/1995 15:45:00,SNY319,14797-55-8,Nitrate (as N),Total,,3.6,mg/l,True,0.5,,,300(A),SNY001,Actual,SW,Water,,,Clayton,07060003,River/Stream,,42.98149721,-91.24097377
6,15220006,Sny Magill Creek Site #3 (SN03),08/01/1995 11:35:00,SNY319,14797-55-8,Nitrate (as N),Total,,3.9,mg/l,True,0.5,,,300(A),SNY001,Actual,SW,Water,,,Clayton,07060003,River/Stream,,42.98149721,-91.24097377
6,15220006,Sny Magill Creek Site #3 (SN03),07/25/1995 18:10:00,SNY319,14797-55-8,Nitrate (as N),Total,,3.8,mg/l,True,0.5,,,300(A),SNY001,Actual,SW,Water,,,Clayton,07060003,River/Stream,,42.98149721,-91.24097377
6,15220006,Sny Magill Creek Site #3 (SN03),06/27/1995 15:35:00,SNY319,14797-55-8,Nitrate (as N),Total,,3.8,mg/l,True,0.5,,,300(A),SNY001,Actual,SW,Water,,,Clayton,07060003,River/Stream,,42.98149721,-91.24097377
6,15220006,Sny Magill Creek Site #3 (SN03),06/20/1995 11:40:00,SNY319,14797-55-8,Nitrate (as N),Total,,3.7,mg/l,True,0.5,,,300(A),SNY001,Actual,SW,Water,,,Clayton,07060003,River/Stream,,42.98149721,-91.24097377
6,15220006,Sny Magill Creek Site #3 (SN03),05/23/1995 14:50:00,SNY319,14797-55-8,Nitrate (as N),Total,,3.5,mg/l,True,0.5,,,300(A),SNY001,Actual,SW,Water,,,Clayton,07060003,River/Stream,,42.98149721,-91.24097377
6,15220006,Sny Magill Creek Site #3 (SN03),05/16/1995 11:30:00,SNY319,14797-55-8,Nitrate (as N),Total,,3.5,mg/l,True,0.5,,,300(A),SNY001,Actual,SW,Water,,,Clayton,07060003,River/Stream,,42.98149721,-91.24097377
6,15220006,Sny Magill Creek Site #3 (SN03),04/18/1995 12:00:00,SNY319,14797-55-8,Nitrate (as N),Total,,3.3,mg/l,True,0.5,,,300(A),SNY001,Actual,SW,Water,,,Clayton,07060003,River/Stream,,42.98149721,-91.24097377
6,15220006,Sny Magill Creek Site #3 (SN03),04/11/1995 14:00:00,SNY319,14797-55-8,Nitrate (as N),Total,,3.9,mg/l,True,0.5,,,300(A),SNY001,Actual,SW,Water,,,Clayton,07060003,River/Stream,,42.98149721,-91.24097377
6,15220006,Sny Magill Creek Site #3 (SN03),03/21/1995 11:20:00,SNY319,14797-55-8,Nitrate (as N),Total,,4.4,mg/l,True,0.5,,,300(A),SNY001,Actual,SW,Water,,,Clayton,07060003,River/Stream,,42.98149721,-91.24097377
6,15220006,Sny Magill Creek Site #3 (SN03),03/14/1995 15:20:00,SNY319,14797-55-8,Nitrate (as N),Total,,4.4,mg/l,True,0.5,,,300(A),SNY001,Actual,SW,Water,,,Clayton,07060003,River/Stream,,42.98149721,-91.24097377
6,15220006,Sny Magill Creek Site #3 (SN03),03/07/1995 12:00:00,SNY319,14797-55-8,Nitrate (as N),Total,,4.9,mg/l,True,0.5,,,300(A),SNY001,Actual,SW,Water,,,Clayton,07060003,River/Stream,,42.98149721,-91.24097377
6,15220006,Sny Magill Creek Site #3 (SN03),02/14/1995 13:20:00,SNY319,14797-55-8,Nitrate (as N),Total,,5.3,mg/l,True,0.5,,,300(A),SNY001,Actual,SW,Water,,,Clayton,07060003,River/Stream,,42.98149721,-91.24097377
6,15220006,Sny Magill Creek Site #3 (SN03),02/07/1995 11:30:00,SNY319,14797-55-8,Nitrate (as N),Total,,5.3,mg/l,True,0.5,,,300(A),SNY001,Actual,SW,Water,,,Clayton,07060003,River/Stream,,42.98149721,-91.24097377
6,15220006,Sny Magill Creek Site #3 (SN03),01/10/1995 13:55:00,SNY319,14797-55-8,Nitrate (as N),Total,,5.1,mg/l,True,0.5,,,300(A),SNY001,Actual,SW,Water,,,Clayton,07060003,River/Stream,,42.98149721,-91.24097377
6,15220006,Sny Magill Creek Site #3 (SN03),01/31/1995 11:45:00,SNY319,14797-55-8,Nitrate (as N),Total,,5.1,mg/l,True,0.5,,,300(A),SNY001,Actual,SW,Water,,,Clayton,07060003,River/Stream,,42.98149721,-91.24097377
6,15220006,Sny Magill Creek Site #3 (SN03),01/03/1995 11:30:00,SNY319,14797-55-8,Nitrate (as N),Total,,5.4,mg/l,True,0.5,,,300(A),SNY001,Actual,SW,Water,,,Clayton,07060003,River/Stream,,42.98149721,-91.24097377
6,15220005,Sny Magill Creek Site #2 (SN02),06/27/1995 15:10:00,SNY319,14797-55-8,Nitrate (as N),Total,,2.8,mg/l,True,0.5,,,300(A),SNY001,Actual,SW,Water,,,Clayton,07060003,River/Stream,,42.96808222,-91.22331192
6,15220005,Sny Magill Creek Site #2 (SN02),09/26/1995 14:50:00,SNY319,14797-55-8,Nitrate (as N),Total,,2.5,mg/l,True,0.5,,,300(A),SNY001,Actual,SW,Water,,,Clayton,07060003,River/Stream,,42.96808222,-91.22331192
6,15220005,Sny Magill Creek Site #2 (SN02),05/30/1995 14:40:00,SNY319,14797-55-8,Nitrate (as N),Total,,3.7,mg/l,True,0.5,,,300(A),SNY001,Actual,SW,Water,,,Clayton,07060003,River/Stream,,42.96808222,-91.22331192
6,15220005,Sny Magill Creek Site #2 (SN02),01/31/1995 11:15:00,SNY319,14797-55-8,Nitrate (as N),Total,,2.9,mg/l,True,0.5,,,300(A),SNY001,Actual,SW,Water,,,Clayton,07060003,River/Stream,,42.96808222,-91.22331192
6,15220005,Sny Magill Creek Site #2 (SN02),04/25/1995 10:20:00,SNY319,14797-55-8,Nitrate (as N),Total,,3.4,mg/l,True,0.5,,,300(A),SNY001,Actual,SW,Water,,,Clayton,07060003,River/Stream,,42.96808222,-91.22331192
6,15220004,Sny Magill Creek Site #1 (SN01),09/26/1995 14:25:00,SNY319,14797-55-8,Nitrate (as N),Total,,1.9,mg/l,True,0.5,,,300(A),SNY001,Actual,SW,Water,,,Clayton,07060003,River/Stream,,42.94880662,-91.18632674
6,15220004,Sny Magill Creek Site #1 (SN01),08/15/1995 15:50:00,SNY319,14797-55-8,Nitrate (as N),Total,,1.8,mg/l,True,0.5,,,300(A),SNY001,Actual,SW,Water,,,Clayton,07060003,River/Stream,,42.94880662,-91.18632674
6,15220004,Sny Magill Creek Site #1 (SN01),08/08/1995 15:05:00,SNY319,14797-55-8,Nitrate (as N),Total,,2,mg/l,True,0.5,,,300(A),SNY001,Actual,SW,Water,,,Clayton,07060003,River/Stream,,42.94880662,-91.18632674
6,15220004,Sny Magill Creek Site #1 (SN01),04/18/1995 13:30:00,SNY319,14797-55-8,Nitrate (as N),Total,,2.6,mg/l,True,0.5,,,300(A),SNY001,Actual,SW,Water,,,Clayton,07060003,River/Stream,,42.94880662,-91.18632674
6,15220004,Sny Magill Creek Site #1 (SN01),07/18/1995 16:10:00,SNY319,14797-55-8,Nitrate (as N),Total,,1.9,mg/l,True,0.5,,,300(A),SNY001,Actual,SW,Water,,,Clayton,07060003,River/Stream,,42.94880662,-91.18632674
6,15220004,Sny Magill Creek Site #1 (SN01),06/06/1995 10:50:00,SNY319,14797-55-8,Nitrate (as N),Total,,2.4,mg/l,True,0.5,,,300(A),SNY001,Actual,SW,Water,,,Clayton,07060003,River/Stream,,42.94880662,-91.18632674
6,15220004,Sny Magill Creek Site #1 (SN01),07/11/1995 17:00:00,SNY319,14797-55-8,Nitrate (as N),Total,,1.8,mg/l,True,0.5,,,300(A),SNY001,Actual,SW,Water,,,Clayton,07060003,River/Stream,,42.94880662,-91.18632674
6,15220004,Sny Magill Creek Site #1 (SN01),05/30/1995 14:10:00,SNY319,14797-55-8,Nitrate (as N),Total,,3.1,mg/l,True,0.5,,,300(A),SNY001,Actual,SW,Water,,,Clayton,07060003,River/Stream,,42.94880662,-91.18632674
6,15220004,Sny Magill Creek Site #1 (SN01),03/28/1995 11:30:00,SNY319,14797-55-8,Nitrate (as N),Total,,2.5,mg/l,True,0.5,,,300(A),SNY001,Actual,SW,Water,,,Clayton,07060003,River/Stream,,42.94880662,-91.18632674
6,15220004,Sny Magill Creek Site #1 (SN01),03/21/1995 12:30:00,SNY319,14797-55-8,Nitrate (as N),Total,,2.7,mg/l,True,0.5,,,300(A),SNY001,Actual,SW,Water,,,Clayton,07060003,River/Stream,,42.94880662,-91.18632674
6,15220004,Sny Magill Creek Site #1 (SN01),03/07/1995 13:00:00,SNY319,14797-55-8,Nitrate (as N),Total,,2.1,mg/l,True,0.5,,,300(A),SNY001,Actual,SW,Water,,,Clayton,07060003,River/Stream,,42.94880662,-91.18632674
6,15220004,Sny Magill Creek Site #1 (SN01),02/28/1995 09:30:00,SNY319,14797-55-8,Nitrate (as N),Total,,2.2,mg/l,True,0.5,,,300(A),SNY001,Actual,SW,Water,,,Clayton,07060003,River/Stream,,42.94880662,-91.18632674
6,15220004,Sny Magill Creek Site #1 (SN01),02/07/1995 12:30:00,SNY319,14797-55-8,Nitrate (as N),Total,,2.6,mg/l,True,0.5,,,300(A),SNY001,Actual,SW,Water,,,Clayton,07060003,River/Stream,,42.94880662,-91.18632674
6,15220004,Sny Magill Creek Site #1 (SN01),01/17/1995 13:00:00,SNY319,14797-55-8,Nitrate (as N),Total,,2.3,mg/l,True,0.5,,,300(A),SNY001,Actual,SW,Water,,,Clayton,07060003,River/Stream,,42.94880662,-91.18632674
6,15220008,West Fork Sny Magill Creek  (SNWF),12/27/1994 11:15:00,SNY319,14797-55-8,Nitrate (as N),Total,,3.5,mg/l,True,0.5,,,300(A),SNY001,Actual,SW,Water,,,Clayton,07060003,River/Stream,,42.97628121,-91.23730654
6,15220008,West Fork Sny Magill Creek  (SNWF),12/20/1994 10:35:00,SNY319,14797-55-8,Nitrate (as N),Total,,3.2,mg/l,True,0.5,,,300(A),SNY001,Actual,SW,Water,,,Clayton,07060003,River/Stream,,42.97628121,-91.23730654
6,15220008,West Fork Sny Magill Creek  (SNWF),11/22/1994 14:30:00,SNY319,14797-55-8,Nitrate (as N),Total,,3.1,mg/l,True,0.5,,,300(A),SNY001,Actual,SW,Water,,,Clayton,07060003,River/Stream,,42.97628121,-91.23730654
6,15220008,West Fork Sny Magill Creek  (SNWF),11/15/1994 15:00:00,SNY319,14797-55-8,Nitrate (as N),Total,,3.1,mg/l,True,0.5,,,300(A),SNY001,Actual,SW,Water,,,Clayton,07060003,River/Stream,,42.97628121,-91.23730654
6,15220008,West Fork Sny Magill Creek  (SNWF),11/08/1994 17:00:00,SNY319,14797-55-8,Nitrate (as N),Total,,3.2,mg/l,True,0.5,,,300(A),SNY001,Actual,SW,Water,,,Clayton,07060003,River/Stream,,42.97628121,-91.23730654
6,15220008,West Fork Sny Magill Creek  (SNWF),10/18/1994 11:30:00,SNY319,14797-55-8,Nitrate (as N),Total,,2.9,mg/l,True,0.5,,,300(A),SNY001,Actual,SW,Water,,,Clayton,07060003,River/Stream,,42.97628121,-91.23730654
6,15220008,West Fork Sny Magill Creek  (SNWF),10/11/1994 15:30:00,SNY319,14797-55-8,Nitrate (as N),Total,,3,mg/l,True,0.5,,,300(A),SNY001,Actual,SW,Water,,,Clayton,07060003,River/Stream,,42.97628121,-91.23730654
6,15220007,Sny Magill North Tributary (SNT),10/25/1994 11:05:00,SNY319,14797-55-8,Nitrate (as N),Total,,0.5,mg/l,False,0.5,,,300(A),SNY001,Actual,SW,Water,,,Clayton,07060003,River/Stream,,42.96850981,-91.22439501
6,15220006,Sny Magill Creek Site #3 (SN03),12/27/1994 11:00:00,SNY319,14797-55-8,Nitrate (as N),Total,,5.1,mg/l,True,0.5,,,300(A),SNY001,Actual,SW,Water,,,Clayton,07060003,River/Stream,,42.98149721,-91.24097377
6,15220006,Sny Magill Creek Site #3 (SN03),11/29/1994 11:15:00,SNY319,14797-55-8,Nitrate (as N),Total,,5.1,mg/l,True,0.5,,,300(A),SNY001,Actual,SW,Water,,,Clayton,07060003,River/Stream,,42.98149721,-91.24097377
6,15220006,Sny Magill Creek Site #3 (SN03),11/22/1994 14:20:00,SNY319,14797-55-8,Nitrate (as N),Total,,4.5,mg/l,True,0.5,,,300(A),SNY001,Actual,SW,Water,,,Clayton,07060003,River/Stream,,42.98149721,-91.24097377
6,15220006,Sny Magill Creek Site #3 (SN03),10/25/1994 11:00:00,SNY319,14797-55-8,Nitrate (as N),Total,,4.6,mg/l,True,0.5,,,300(A),SNY001,Actual,SW,Water,,,Clayton,07060003,River/Stream,,42.98149721,-91.24097377
6,15220006,Sny Magill Creek Site #3 (SN03),10/18/1994 12:00:00,SNY319,14797-55-8,Nitrate (as N),Total,,4.3,mg/l,True,0.5,,,300(A),SNY001,Actual,SW,Water,,,Clayton,07060003,River/Stream,,42.98149721,-91.24097377
6,15220005,Sny Magill Creek Site #2 (SN02),11/29/1994 10:55:00,SNY319,14797-55-8,Nitrate (as N),Total,,2.9,mg/l,True,0.5,,,300(A),SNY001,Actual,SW,Water,,,Clayton,07060003,River/Stream,,42.96808222,-91.22331192
6,15220005,Sny Magill Creek Site #2 (SN02),10/25/1994 11:10:00,SNY319,14797-55-8,Nitrate (as N),Total,,2.5,mg/l,True,0.5,,,300(A),SNY001,Actual,SW,Water,,,Clayton,07060003,River/Stream,,42.96808222,-91.22331192
6,15220004,Sny Magill Creek Site #1 (SN01),12/13/1994 14:10:00,SNY319,14797-55-8,Nitrate (as N),Total,,2.3,mg/l,True,0.5,,,300(A),SNY001,Actual,SW,Water,,,Clayton,07060003,River/Stream,,42.94880662,-91.18632674
6,15220004,Sny Magill Creek Site #1 (SN01),10/11/1994 14:20:00,SNY319,14797-55-8,Nitrate (as N),Total,,2,mg/l,True,0.5,,,300(A),SNY001,Actual,SW,Water,,,Clayton,07060003,River/Stream,,42.94880662,-91.18632674
6,15220006,Sny Magill Creek Site #3 (SN03),09/28/1994 11:20:00,SNY319,14797-55-8,Nitrate (as N),Total,,4.4,mg/l,True,0.5,,,300(A),SNY001,Actual,SW,Water,,,Clayton,07060003,River/Stream,,42.98149721,-91.24097377
6,15220004,Sny Magill Creek Site #1 (SN01),10/04/1994 15:10:00,SNY319,14797-55-8,Nitrate (as N),Total,,2,mg/l,True,0.5,,,300(A),SNY001,Actual,SW,Water,,,Clayton,07060003,River/Stream,,42.94880662,-91.18632674
6,15220005,Sny Magill Creek Site #2 (SN02),09/28/1994 10:50:00,SNY319,14797-55-8,Nitrate (as N),Total,,2.9,mg/l,True,0.5,,,300(A),SNY001,Actual,SW,Water,,,Clayton,07060003,River/Stream,,42.96808222,-91.22331192
6,15220005,Sny Magill Creek Site #2 (SN02),10/31/1995 11:45:00,SNY319,14797-55-8,Nitrate (as N),Total,,2.6,mg/l,True,0.5,,,300(A),SNY001,Actual,SW,Water,,,Clayton,07060003,River/Stream,,42.96808222,-91.22331192
6,15220004,Sny Magill Creek Site #1 (SN01),12/26/1995 13:25:00,SNY319,14797-55-8,Nitrate (as N),Total,,2.5,mg/l,True,0.5,,,300(A),SNY001,Actual,SW,Water,,,Clayton,07060003,River/Stream,,42.94880662,-91.18632674
6,15220004,Sny Magill Creek Site #1 (SN01),11/07/1995 14:00:00,SNY319,14797-55-8,Nitrate (as N),Total,,2.5,mg/l,True,0.5,,,300(A),SNY001,Actual,SW,Water,,,Clayton,07060003,River/Stream,,42.94880662,-91.18632674
6,15220004,Sny Magill Creek Site #1 (SN01),11/14/1995 12:15:00,SNY319,14797-55-8,Nitrate (as N),Total,,2.5,mg/l,True,0.5,,,300(A),SNY001,Actual,SW,Water,,,Clayton,07060003,River/Stream,,42.94880662,-91.18632674
6,15220004,Sny Magill Creek Site #1 (SN01),08/27/1996 14:00:00,SNY319,14797-55-8,Nitrate (as N),Total,,2,mg/l,True,0.5,,,300(A),SNY001,Actual,SW,Water,,,Clayton,07060003,River/Stream,,42.94880662,-91.18632674
6,15220004,Sny Magill Creek Site #1 (SN01),08/20/1996 15:50:00,SNY319,14797-55-8,Nitrate (as N),Total,,2.1,mg/l,True,0.5,,,300(A),SNY001,Actual,SW,Water,,,Clayton,07060003,River/Stream,,42.94880662,-91.18632674
6,15220004,Sny Magill Creek Site #1 (SN01),08/06/1996 13:00:00,SNY319,14797-55-8,Nitrate (as N),Total,,2.1,mg/l,True,0.5,,,300(A),SNY001,Actual,SW,Water,,,Clayton,07060003,River/Stream,,42.94880662,-91.18632674
6,15220004,Sny Magill Creek Site #1 (SN01),07/30/1996 14:05:00,SNY319,14797-55-8,Nitrate (as N),Total,,2.2,mg/l,True,0.5,,,300(A),SNY001,Actual,SW,Water,,,Clayton,07060003,River/Stream,,42.94880662,-91.18632674
6,15220004,Sny Magill Creek Site #1 (SN01),05/28/1996 13:15:00,SNY319,14797-55-8,Nitrate (as N),Total,,2.1,mg/l,True,0.5,,,300(A),SNY001,Actual,SW,Water,,,Clayton,07060003,River/Stream,,42.94880662,-91.18632674
6,15220004,Sny Magill Creek Site #1 (SN01),05/21/1996 13:00:00,SNY319,14797-55-8,Nitrate (as N),Total,,1.9,mg/l,True,0.5,,,300(A),SNY001,Actual,SW,Water,,,Clayton,07060003,River/Stream,,42.94880662,-91.18632674
6,15220004,Sny Magill Creek Site #1 (SN01),09/05/1995 12:40:00,SNY319,14797-55-8,Nitrate (as N),Total,,1.7,mg/l,True,0.5,,,300(A),SNY001,Actual,SW,Water,,,Clayton,07060003,River/Stream,,42.94880662,-91.18632674
6,15220004,Sny Magill Creek Site #1 (SN01),08/29/1995 14:35:00,SNY319,14797-55-8,Nitrate (as N),Total,,1.9,mg/l,True,0.5,,,300(A),SNY001,Actual,SW,Water,,,Clayton,07060003,River/Stream,,42.94880662,-91.18632674
6,15220004,Sny Magill Creek Site #1 (SN01),06/27/1995 14:45:00,SNY319,14797-55-8,Nitrate (as N),Total,,2.2,mg/l,True,0.5,,,300(A),SNY001,Actual,SW,Water,,,Clayton,07060003,River/Stream,,42.94880662,-91.18632674
6,15220004,Sny Magill Creek Site #1 (SN01),06/20/1995 13:10:00,SNY319,14797-55-8,Nitrate (as N),Total,,2.1,mg/l,True,0.5,,,300(A),SNY001,Actual,SW,Water,,,Clayton,07060003,River/Stream,,42.94880662,-91.18632674
6,15220004,Sny Magill Creek Site #1 (SN01),05/09/1995 13:50:00,SNY319,14797-55-8,Nitrate (as N),Total,,3,mg/l,True,0.5,,,300(A),SNY001,Actual,SW,Water,,,Clayton,07060003,River/Stream,,42.94880662,-91.18632674
6,15220007,Sny Magill North Tributary (SNT),11/28/1995 14:30:00,SNY319,14797-55-8,Nitrate (as N),Total,,3.6,mg/l,True,0.5,,,300(A),SNY001,Actual,SW,Water,,,Clayton,07060003,River/Stream,,42.96850981,-91.22439501
6,15220007,Sny Magill North Tributary (SNT),10/31/1995 12:05:00,SNY319,14797-55-8,Nitrate (as N),Total,,3.2,mg/l,True,0.5,,,300(A),SNY001,Actual,SW,Water,,,Clayton,07060003,River/Stream,,42.96850981,-91.22439501
6,15220006,Sny Magill Creek Site #3 (SN03),12/05/1995 14:20:00,SNY319,14797-55-8,Nitrate (as N),Total,,5.1,mg/l,True,0.5,,,300(A),SNY001,Actual,SW,Water,,,Clayton,07060003,River/Stream,,42.98149721,-91.24097377
6,15220006,Sny Magill Creek Site #3 (SN03),11/28/1995 14:45:00,SNY319,14797-55-8,Nitrate (as N),Total,,5.2,mg/l,True,0.5,,,300(A),SNY001,Actual,SW,Water,,,Clayton,07060003,River/Stream,,42.98149721,-91.24097377
6,15220006,Sny Magill Creek Site #3 (SN03),10/31/1995 12:20:00,SNY319,14797-55-8,Nitrate (as N),Total,,4.5,mg/l,True,0.5,,,300(A),SNY001,Actual,SW,Water,,,Clayton,07060003,River/Stream,,42.98149721,-91.24097377
6,15220006,Sny Magill Creek Site #3 (SN03),10/24/1995 13:15:00,SNY319,14797-55-8,Nitrate (as N),Total,,4.6,mg/l,True,0.5,,,300(A),SNY001,Actual,SW,Water,,,Clayton,07060003,River/Stream,,42.98149721,-91.24097377
6,15220005,Sny Magill Creek Site #2 (SN02),12/26/1995 13:50:00,SNY319,14797-55-8,Nitrate (as N),Total,,3.1,mg/l,True,0.5,,,300(A),SNY001,Actual,SW,Water,,,Clayton,07060003,River/Stream,,42.96808222,-91.22331192
6,15220005,Sny Magill Creek Site #2 (SN02),11/28/1995 14:15:00,SNY319,14797-55-8,Nitrate (as N),Total,,3.1,mg/l,True,0.5,,,300(A),SNY001,Actual,SW,Water,,,Clayton,07060003,River/Stream,,42.96808222,-91.22331192
6,15220004,Sny Magill Creek Site #1 (SN01),12/19/1995 13:00:00,SNY319,14797-55-8,Nitrate (as N),Total,,2.4,mg/l,True,0.5,,,300(A),SNY001,Actual,SW,Water,,,Clayton,07060003,River/Stream,,42.94880662,-91.18632674
6,15220004,Sny Magill Creek Site #1 (SN01),11/21/1995 13:45:00,SNY319,14797-55-8,Nitrate (as N),Total,,2.5,mg/l,True,0.5,,,300(A),SNY001,Actual,SW,Water,,,Clayton,07060003,River/Stream,,42.94880662,-91.18632674
6,15220004,Sny Magill Creek Site #1 (SN01),11/28/1995 13:50:00,SNY319,14797-55-8,Nitrate (as N),Total,,2.4,mg/l,True,0.5,,,300(A),SNY001,Actual,SW,Water,,,Clayton,07060003,River/Stream,,42.94880662,-91.18632674
6,15220004,Sny Magill Creek Site #1 (SN01),12/12/1995 13:50:00,SNY319,14797-55-8,Nitrate (as N),Total,,2.5,mg/l,True,0.5,,,300(A),SNY001,Actual,SW,Water,,,Clayton,07060003,River/Stream,,42.94880662,-91.18632674
6,15220004,Sny Magill Creek Site #1 (SN01),10/31/1995 11:00:00,SNY319,14797-55-8,Nitrate (as N),Total,,2.1,mg/l,True,0.5,,,300(A),SNY001,Actual,SW,Water,,,Clayton,07060003,River/Stream,,42.94880662,-91.18632674
6,15220004,Sny Magill Creek Site #1 (SN01),10/10/1995 14:20:00,SNY319,14797-55-8,Nitrate (as N),Total,,1.9,mg/l,True,0.5,,,300(A),SNY001,Actual,SW,Water,,,Clayton,07060003,River/Stream,,42.94880662,-91.18632674
6,15220004,Sny Magill Creek Site #1 (SN01),10/03/1995 16:10:00,SNY319,14797-55-8,Nitrate (as N),Total,,1.9,mg/l,True,0.5,,,300(A),SNY001,Actual,SW,Water,,,Clayton,07060003,River/Stream,,42.94880662,-91.18632674
6,15220003,North Cedar Creek (NCC),12/12/1995 14:25:00,SNY319,14797-55-8,Nitrate (as N),Total,,2.2,mg/l,True,0.5,,,300(A),SNY001,Actual,SW,Water,,,Clayton,07060003,River/Stream,,42.96274242,-91.22931615
6,15220003,North Cedar Creek (NCC),12/05/1995 14:00:00,SNY319,14797-55-8,Nitrate (as N),Total,,2.1,mg/l,True,0.5,,,300(A),SNY001,Actual,SW,Water,,,Clayton,07060003,River/Stream,,42.96274242,-91.22931615
6,15220003,North Cedar Creek (NCC),11/07/1995 14:30:00,SNY319,14797-55-8,Nitrate (as N),Total,,2.2,mg/l,True,0.5,,,300(A),SNY001,Actual,SW,Water,,,Clayton,07060003,River/Stream,,42.96274242,-91.22931615
6,15220003,North Cedar Creek (NCC),10/31/1995 11:25:00,SNY319,14797-55-8,Nitrate (as N),Total,,1.5,mg/l,True,0.5,,,300(A),SNY001,Actual,SW,Water,,,Clayton,07060003,River/Stream,,42.96274242,-91.22931615
6,15220003,North Cedar Creek (NCC),10/03/1995 16:25:00,SNY319,14797-55-8,Nitrate (as N),Total,,1.4,mg/l,True,0.5,,,300(A),SNY001,Actual,SW,Water,,,Clayton,07060003,River/Stream,,42.96274242,-91.22931615
6,15220007,Sny Magill North Tributary (SNT),09/24/1996 15:05:00,SNY319,14797-55-8,Nitrate (as N),Total,,3.1,mg/l,True,0.5,,,300(A),SNY001,Actual,SW,Water,,,Clayton,07060003,River/Stream,,42.96850981,-91.22439501
6,15220007,Sny Magill North Tributary (SNT),08/27/1996 15:45:00,SNY319,14797-55-8,Nitrate (as N),Total,,3.1,mg/l,True,0.5,,,300(A),SNY001,Actual,SW,Water,,,Clayton,07060003,River/Stream,,42.96850981,-91.22439501
6,15220007,Sny Magill North Tributary (SNT),04/30/1996 13:35:00,SNY319,14797-55-8,Nitrate (as N),Total,,3.1,mg/l,True,0.5,,,300(A),SNY001,Actual,SW,Water,,,Clayton,07060003,River/Stream,,42.96850981,-91.22439501
6,15220007,Sny Magill North Tributary (SNT),03/26/1996 11:50:00,SNY319,14797-55-8,Nitrate (as N),Total,,3.4,mg/l,True,0.5,,,300(A),SNY001,Actual,SW,Water,,,Clayton,07060003,River/Stream,,42.96850981,-91.22439501
6,15220006,Sny Magill Creek Site #3 (SN03),09/17/1996 12:40:00,SNY319,14797-55-8,Nitrate (as N),Total,,4.4,mg/l,True,0.5,,,300(A),SNY001,Actual,SW,Water,,,Clayton,07060003,River/Stream,,42.98149721,-91.24097377
6,15220006,Sny Magill Creek Site #3 (SN03),09/10/1996 13:15:00,SNY319,14797-55-8,Nitrate (as N),Total,,4.1,mg/l,True,0.5,,,300(A),SNY001,Actual,SW,Water,,,Clayton,07060003,River/Stream,,42.98149721,-91.24097377
6,15220006,Sny Magill Creek Site #3 (SN03),08/13/1996 13:15:00,SNY319,14797-55-8,Nitrate (as N),Total,,4.1,mg/l,True,0.5,,,300(A),SNY001,Actual,SW,Water,,,Clayton,07060003,River/Stream,,42.98149721,-91.24097377
6,15220006,Sny Magill Creek Site #3 (SN03),08/06/1996 12:00:00,SNY319,14797-55-8,Nitrate (as N),Total,,4,mg/l,True,0.5,,,300(A),SNY001,Actual,SW,Water,,,Clayton,07060003,River/Stream,,42.98149721,-91.24097377
6,15220006,Sny Magill Creek Site #3 (SN03),07/09/1996 14:05:00,SNY319,14797-55-8,Nitrate (as N),Total,,3.6,mg/l,True,0.5,,,300(A),SNY001,Actual,SW,Water,,,Clayton,07060003,River/Stream,,42.98149721,-91.24097377
6,15220006,Sny Magill Creek Site #3 (SN03),07/02/1996 12:00:00,SNY319,14797-55-8,Nitrate (as N),Total,,3.4,mg/l,True,0.5,,,300(A),SNY001,Actual,SW,Water,,,Clayton,07060003,River/Stream,,42.98149721,-91.24097377
6,15220006,Sny Magill Creek Site #3 (SN03),06/04/1996 14:00:00,SNY319,14797-55-8,Nitrate (as N),Total,,3.7,mg/l,True,0.5,,,300(A),SNY001,Actual,SW,Water,,,Clayton,07060003,River/Stream,,42.98149721,-91.24097377
6,15220006,Sny Magill Creek Site #3 (SN03),05/28/1996 14:05:00,SNY319,14797-55-8,Nitrate (as N),Total,,3,mg/l,True,0.5,,,300(A),SNY001,Actual,SW,Water,,,Clayton,07060003,River/Stream,,42.98149721,-91.24097377
6,15220006,Sny Magill Creek Site #3 (SN03),04/30/1996 13:55:00,SNY319,14797-55-8,Nitrate (as N),Total,,4.1,mg/l,True,0.5,,,300(A),SNY001,Actual,SW,Water,,,Clayton,07060003,River/Stream,,42.98149721,-91.24097377
6,15220006,Sny Magill Creek Site #3 (SN03),04/23/1996 11:05:00,SNY319,14797-55-8,Nitrate (as N),Total,,4.3,mg/l,True,0.5,,,300(A),SNY001,Actual,SW,Water,,,Clayton,07060003,River/Stream,,42.98149721,-91.24097377
6,15220006,Sny Magill Creek Site #3 (SN03),03/26/1996 10:20:00,SNY319,14797-55-8,Nitrate (as N),Total,,4.7,mg/l,True,0.5,,,300(A),SNY001,Actual,SW,Water,,,Clayton,07060003,River/Stream,,42.98149721,-91.24097377
6,15220006,Sny Magill Creek Site #3 (SN03),03/19/1996 11:20:00,SNY319,14797-55-8,Nitrate (as N),Total,,4.4,mg/l,True,0.5,,,300(A),SNY001,Actual,SW,Water,,,Clayton,07060003,River/Stream,,42.98149721,-91.24097377
6,15220006,Sny Magill Creek Site #3 (SN03),02/20/1996 11:10:00,SNY319,14797-55-8,Nitrate (as N),Total,,5.1,mg/l,True,0.5,,,300(A),SNY001,Actual,SW,Water,,,Clayton,07060003,River/Stream,,42.98149721,-91.24097377
6,15220006,Sny Magill Creek Site #3 (SN03),02/13/1996 14:00:00,SNY319,14797-55-8,Nitrate (as N),Total,,5.1,mg/l,True,0.5,,,300(A),SNY001,Actual,SW,Water,,,Clayton,07060003,River/Stream,,42.98149721,-91.24097377
6,15220006,Sny Magill Creek Site #3 (SN03),01/16/1996 12:20:00,SNY319,14797-55-8,Nitrate (as N),Total,,5.1,mg/l,True,0.5,,,300(A),SNY001,Actual,SW,Water,,,Clayton,07060003,River/Stream,,42.98149721,-91.24097377
6,15220006,Sny Magill Creek Site #3 (SN03),02/06/1996 13:50:00,SNY319,14797-55-8,Nitrate (as N),Total,,5.3,mg/l,True,0.5,,,300(A),SNY001,Actual,SW,Water,,,Clayton,07060003,River/Stream,,42.98149721,-91.24097377
6,15220006,Sny Magill Creek Site #3 (SN03),01/09/1996 15:10:00,SNY319,14797-55-8,Nitrate (as N),Total,,5,mg/l,True,0.5,,,300(A),SNY001,Actual,SW,Water,,,Clayton,07060003,River/Stream,,42.98149721,-91.24097377
6,15220006,Sny Magill Creek Site #3 (SN03),01/02/1996 14:10:00,SNY319,14797-55-8,Nitrate (as N),Total,,5,mg/l,True,0.5,,,300(A),SNY001,Actual,SW,Water,,,Clayton,07060003,River/Stream,,42.98149721,-91.24097377
6,15220005,Sny Magill Creek Site #2 (SN02),06/25/1996 15:40:00,SNY319,14797-55-8,Nitrate (as N),Total,,3.8,mg/l,True,0.5,,,300(A),SNY001,Actual,SW,Water,,,Clayton,07060003,River/Stream,,42.96808222,-91.22331192
6,15220005,Sny Magill Creek Site #2 (SN02),05/28/1996 13:45:00,SNY319,14797-55-8,Nitrate (as N),Total,,2.4,mg/l,True,0.5,,,300(A),SNY001,Actual,SW,Water,,,Clayton,07060003,River/Stream,,42.96808222,-91.22331192
6,15220005,Sny Magill Creek Site #2 (SN02),01/30/1996 16:10:00,SNY319,14797-55-8,Nitrate (as N),Total,,3.2,mg/l,True,0.5,,,300(A),SNY001,Actual,SW,Water,,,Clayton,07060003,River/Stream,,42.96808222,-91.22331192
6,15220004,Sny Magill Creek Site #1 (SN01),09/10/1996 12:35:00,SNY319,14797-55-8,Nitrate (as N),Total,,1.8,mg/l,True,0.5,,,300(A),SNY001,Actual,SW,Water,,,Clayton,07060003,River/Stream,,42.94880662,-91.18632674
6,15220004,Sny Magill Creek Site #1 (SN01),09/24/1996 14:20:00,SNY319,14797-55-8,Nitrate (as N),Total,,2.1,mg/l,True,0.5,,,300(A),SNY001,Actual,SW,Water,,,Clayton,07060003,River/Stream,,42.94880662,-91.18632674
6,15220004,Sny Magill Creek Site #1 (SN01),09/03/1996 12:00:00,SNY319,14797-55-8,Nitrate (as N),Total,,1.7,mg/l,True,0.5,,,300(A),SNY001,Actual,SW,Water,,,Clayton,07060003,River/Stream,,42.94880662,-91.18632674
6,15220004,Sny Magill Creek Site #1 (SN01),08/13/1996 12:35:00,SNY319,14797-55-8,Nitrate (as N),Total,,2,mg/l,True,0.5,,,300(A),SNY001,Actual,SW,Water,,,Clayton,07060003,River/Stream,,42.94880662,-91.18632674
6,15220004,Sny Magill Creek Site #1 (SN01),07/23/1996 11:55:00,SNY319,14797-55-8,Nitrate (as N),Total,,2.4,mg/l,True,0.5,,,300(A),SNY001,Actual,SW,Water,,,Clayton,07060003,River/Stream,,42.94880662,-91.18632674
6,15220004,Sny Magill Creek Site #1 (SN01),07/02/1996 13:00:00,SNY319,14797-55-8,Nitrate (as N),Total,,2.7,mg/l,True,0.5,,,300(A),SNY001,Actual,SW,Water,,,Clayton,07060003,River/Stream,,42.94880662,-91.18632674
6,15220004,Sny Magill Creek Site #1 (SN01),06/11/1996 11:40:00,SNY319,14797-55-8,Nitrate (as N),Total,,2.7,mg/l,True,0.5,,,300(A),SNY001,Actual,SW,Water,,,Clayton,07060003,River/Stream,,42.94880662,-91.18632674
6,15220004,Sny Magill Creek Site #1 (SN01),06/25/1996 15:00:00,SNY319,14797-55-8,Nitrate (as N),Total,,3.2,mg/l,True,0.5,,,300(A),SNY001,Actual,SW,Water,,,Clayton,07060003,River/Stream,,42.94880662,-91.18632674
6,15220004,Sny Magill Creek Site #1 (SN01),06/04/1996 13:20:00,SNY319,14797-55-8,Nitrate (as N),Total,,2.2,mg/l,True,0.5,,,300(A),SNY001,Actual,SW,Water,,,Clayton,07060003,River/Stream,,42.94880662,-91.18632674
6,15220004,Sny Magill Creek Site #1 (SN01),05/14/1996 12:00:00,SNY319,14797-55-8,Nitrate (as N),Total,,1.9,mg/l,True,0.5,,,300(A),SNY001,Actual,SW,Water,,,Clayton,07060003,River/Stream,,42.94880662,-91.18632674
6,15220004,Sny Magill Creek Site #1 (SN01),04/23/1996 12:00:00,SNY319,14797-55-8,Nitrate (as N),Total,,2.3,mg/l,True,0.5,,,300(A),SNY001,Actual,SW,Water,,,Clayton,07060003,River/Stream,,42.94880662,-91.18632674
6,15220004,Sny Magill Creek Site #1 (SN01),04/02/1996 11:50:00,SNY319,14797-55-8,Nitrate (as N),Total,,2.2,mg/l,True,0.5,,,300(A),SNY001,Actual,SW,Water,,,Clayton,07060003,River/Stream,,42.94880662,-91.18632674
6,15220004,Sny Magill Creek Site #1 (SN01),04/16/1996 13:40:00,SNY319,14797-55-8,Nitrate (as N),Total,,2.3,mg/l,True,0.5,,,300(A),SNY001,Actual,SW,Water,,,Clayton,07060003,River/Stream,,42.94880662,-91.18632674
6,15220004,Sny Magill Creek Site #1 (SN01),03/26/1996 13:00:00,SNY319,14797-55-8,Nitrate (as N),Total,,2.6,mg/l,True,0.5,,,300(A),SNY001,Actual,SW,Water,,,Clayton,07060003,River/Stream,,42.94880662,-91.18632674
6,15220004,Sny Magill Creek Site #1 (SN01),03/05/1996 14:10:00,SNY319,14797-55-8,Nitrate (as N),Total,,2.7,mg/l,True,0.5,,,300(A),SNY001,Actual,SW,Water,,,Clayton,07060003,River/Stream,,42.94880662,-91.18632674
6,15220004,Sny Magill Creek Site #1 (SN01),02/13/1996 13:15:00,SNY319,14797-55-8,Nitrate (as N),Total,,2.6,mg/l,True,0.5,,,300(A),SNY001,Actual,SW,Water,,,Clayton,07060003,River/Stream,,42.94880662,-91.18632674
6,15220004,Sny Magill Creek Site #1 (SN01),01/23/1996 14:10:00,SNY319,14797-55-8,Nitrate (as N),Total,,2.7,mg/l,True,0.5,,,300(A),SNY001,Actual,SW,Water,,,Clayton,07060003,River/Stream,,42.94880662,-91.18632674
6,15220004,Sny Magill Creek Site #1 (SN01),02/06/1996 13:00:00,SNY319,14797-55-8,Nitrate (as N),Total,,2.6,mg/l,True,0.5,,,300(A),SNY001,Actual,SW,Water,,,Clayton,07060003,River/Stream,,42.94880662,-91.18632674
6,15220004,Sny Magill Creek Site #1 (SN01),01/16/1996 13:00:00,SNY319,14797-55-8,Nitrate (as N),Total,,2.4,mg/l,True,0.5,,,300(A),SNY001,Actual,SW,Water,,,Clayton,07060003,River/Stream,,42.94880662,-91.18632674
6,15220003,North Cedar Creek (NCC),09/24/1996 14:40:00,SNY319,14797-55-8,Nitrate (as N),Total,,1.6,mg/l,True,0.5,,,300(A),SNY001,Actual,SW,Water,,,Clayton,07060003,River/Stream,,42.96274242,-91.22931615
6,15220008,West Fork Sny Magill Creek  (SNWF),09/05/1995 10:50:00,SNY319,14797-55-8,Nitrate (as N),Total,,3,mg/l,True,0.5,,,300(A),SNY001,Actual,SW,Water,,,Clayton,07060003,River/Stream,,42.97628121,-91.23730654
6,15220008,West Fork Sny Magill Creek  (SNWF),08/29/1995 16:20:00,SNY319,14797-55-8,Nitrate (as N),Total,,2.8,mg/l,True,0.5,,,300(A),SNY001,Actual,SW,Water,,,Clayton,07060003,River/Stream,,42.97628121,-91.23730654
6,15220008,West Fork Sny Magill Creek  (SNWF),08/01/1995 11:00:00,SNY319,14797-55-8,Nitrate (as N),Total,,3.1,mg/l,True,0.5,,,300(A),SNY001,Actual,SW,Water,,,Clayton,07060003,River/Stream,,42.97628121,-91.23730654
6,15220008,West Fork Sny Magill Creek  (SNWF),07/25/1995 18:25:00,SNY319,14797-55-8,Nitrate (as N),Total,,3,mg/l,True,0.5,,,300(A),SNY001,Actual,SW,Water,,,Clayton,07060003,River/Stream,,42.97628121,-91.23730654
6,15220008,West Fork Sny Magill Creek  (SNWF),06/27/1995 15:45:00,SNY319,14797-55-8,Nitrate (as N),Total,,2.9,mg/l,True,0.5,,,300(A),SNY001,Actual,SW,Water,,,Clayton,07060003,River/Stream,,42.97628121,-91.23730654
6,15220008,West Fork Sny Magill Creek  (SNWF),06/20/1995 10:55:00,SNY319,14797-55-8,Nitrate (as N),Total,,2.8,mg/l,True,0.5,,,300(A),SNY001,Actual,SW,Water,,,Clayton,07060003,River/Stream,,42.97628121,-91.23730654
6,15220008,West Fork Sny Magill Creek  (SNWF),05/23/1995 15:15:00,SNY319,14797-55-8,Nitrate (as N),Total,,2.8,mg/l,True,0.5,,,300(A),SNY001,Actual,SW,Water,,,Clayton,07060003,River/Stream,,42.97628121,-91.23730654
6,15220008,West Fork Sny Magill Creek  (SNWF),06/13/1995 15:40:00,SNY319,14797-55-8,Nitrate (as N),Total,,2.8,mg/l,True,0.5,,,300(A),SNY001,Actual,SW,Water,,,Clayton,07060003,River/Stream,,42.97628121,-91.23730654
6,15220008,West Fork Sny Magill Creek  (SNWF),05/16/1995 10:55:00,SNY319,14797-55-8,Nitrate (as N),Total,,2.9,mg/l,True,0.5,,,300(A),SNY001,Actual,SW,Water,,,Clayton,07060003,River/Stream,,42.97628121,-91.23730654
6,15220008,West Fork Sny Magill Creek  (SNWF),04/18/1995 11:20:00,SNY319,14797-55-8,Nitrate (as N),Total,,3.1,mg/l,True,0.5,,,300(A),SNY001,Actual,SW,Water,,,Clayton,07060003,River/Stream,,42.97628121,-91.23730654
6,15220008,West Fork Sny Magill Creek  (SNWF),05/09/1995 14:50:00,SNY319,14797-55-8,Nitrate (as N),Total,,3,mg/l,True,0.5,,,300(A),SNY001,Actual,SW,Water,,,Clayton,07060003,River/Stream,,42.97628121,-91.23730654
6,15220008,West Fork Sny Magill Creek  (SNWF),04/11/1995 14:10:00,SNY319,14797-55-8,Nitrate (as N),Total,,3.4,mg/l,True,0.5,,,300(A),SNY001,Actual,SW,Water,,,Clayton,07060003,River/Stream,,42.97628121,-91.23730654
6,15220008,West Fork Sny Magill Creek  (SNWF),03/14/1995 15:35:00,SNY319,14797-55-8,Nitrate (as N),Total,,3.3,mg/l,True,0.5,,,300(A),SNY001,Actual,SW,Water,,,Clayton,07060003,River/Stream,,42.97628121,-91.23730654
6,15220008,West Fork Sny Magill Creek  (SNWF),03/07/1995 11:00:00,SNY319,14797-55-8,Nitrate (as N),Total,,3.4,mg/l,True,0.5,,,300(A),SNY001,Actual,SW,Water,,,Clayton,07060003,River/Stream,,42.97628121,-91.23730654
6,15220008,West Fork Sny Magill Creek  (SNWF),02/07/1995 11:00:00,SNY319,14797-55-8,Nitrate (as N),Total,,3.7,mg/l,True,0.5,,,300(A),SNY001,Actual,SW,Water,,,Clayton,07060003,River/Stream,,42.97628121,-91.23730654
6,15220008,West Fork Sny Magill Creek  (SNWF),01/31/1995 12:00:00,SNY319,14797-55-8,Nitrate (as N),Total,,3.5,mg/l,True,0.5,,,300(A),SNY001,Actual,SW,Water,,,Clayton,07060003,River/Stream,,42.97628121,-91.23730654
6,15220008,West Fork Sny Magill Creek  (SNWF),01/03/1995 12:00:00,SNY319,14797-55-8,Nitrate (as N),Total,,3.6,mg/l,True,0.5,,,300(A),SNY001,Actual,SW,Water,,,Clayton,07060003,River/Stream,,42.97628121,-91.23730654
6,15220007,Sny Magill North Tributary (SNT),09/26/1995 15:00:00,SNY319,14797-55-8,Nitrate (as N),Total,,3.2,mg/l,True,0.5,,,300(A),SNY001,Actual,SW,Water,,,Clayton,07060003,River/Stream,,42.96850981,-91.22439501
6,15220007,Sny Magill North Tributary (SNT),05/30/1995 14:45:00,SNY319,14797-55-8,Nitrate (as N),Total,,3.8,mg/l,True,0.5,,,300(A),SNY001,Actual,SW,Water,,,Clayton,07060003,River/Stream,,42.96850981,-91.22439501
6,15220007,Sny Magill North Tributary (SNT),04/25/1995 10:25:00,SNY319,14797-55-8,Nitrate (as N),Total,,3.3,mg/l,True,0.5,,,300(A),SNY001,Actual,SW,Water,,,Clayton,07060003,River/Stream,,42.96850981,-91.22439501
6,15220006,Sny Magill Creek Site #3 (SN03),09/26/1995 15:15:00,SNY319,14797-55-8,Nitrate (as N),Total,,4.4,mg/l,True,0.5,,,300(A),SNY001,Actual,SW,Water,,,Clayton,07060003,River/Stream,,42.98149721,-91.24097377
6,15220006,Sny Magill Creek Site #3 (SN03),09/19/1995 12:10:00,SNY319,14797-55-8,Nitrate (as N),Total,,4,mg/l,True,0.5,,,300(A),SNY001,Actual,SW,Water,,,Clayton,07060003,River/Stream,,42.98149721,-91.24097377
6,15220006,Sny Magill Creek Site #3 (SN03),08/22/1995 15:15:00,SNY319,14797-55-8,Nitrate (as N),Total,,4,mg/l,True,0.5,,,300(A),SNY001,Actual,SW,Water,,,Clayton,07060003,River/Stream,,42.98149721,-91.24097377
6,15220006,Sny Magill Creek Site #3 (SN03),08/15/1995 16:40:00,SNY319,14797-55-8,Nitrate (as N),Total,,3.9,mg/l,True,0.5,,,300(A),SNY001,Actual,SW,Water,,,Clayton,07060003,River/Stream,,42.98149721,-91.24097377
6,15220006,Sny Magill Creek Site #3 (SN03),07/18/1995 15:00:00,SNY319,14797-55-8,Nitrate (as N),Total,,3.9,mg/l,True,0.5,,,300(A),SNY001,Actual,SW,Water,,,Clayton,07060003,River/Stream,,42.98149721,-91.24097377
6,15220006,Sny Magill Creek Site #3 (SN03),07/11/1995 17:40:00,SNY319,14797-55-8,Nitrate (as N),Total,,3.5,mg/l,True,0.5,,,300(A),SNY001,Actual,SW,Water,,,Clayton,07060003,River/Stream,,42.98149721,-91.24097377
6,15220006,Sny Magill Creek Site #3 (SN03),06/13/1995 15:15:00,SNY319,14797-55-8,Nitrate (as N),Total,,3.6,mg/l,True,0.5,,,300(A),SNY001,Actual,SW,Water,,,Clayton,07060003,River/Stream,,42.98149721,-91.24097377
6,15220006,Sny Magill Creek Site #3 (SN03),07/04/1995 14:05:00,SNY319,14797-55-8,Nitrate (as N),Total,,3.7,mg/l,True,0.5,,,300(A),SNY001,Actual,SW,Water,,,Clayton,07060003,River/Stream,,42.98149721,-91.24097377
6,15220006,Sny Magill Creek Site #3 (SN03),06/06/1995 09:30:00,SNY319,14797-55-8,Nitrate (as N),Total,,3.6,mg/l,True,0.5,,,300(A),SNY001,Actual,SW,Water,,,Clayton,07060003,River/Stream,,42.98149721,-91.24097377
6,15220006,Sny Magill Creek Site #3 (SN03),05/09/1995 14:35:00,SNY319,14797-55-8,Nitrate (as N),Total,,3.6,mg/l,True,0.5,,,300(A),SNY001,Actual,SW,Water,,,Clayton,07060003,River/Stream,,42.98149721,-91.24097377
6,15220006,Sny Magill Creek Site #3 (SN03),05/30/1995 13:00:00,SNY319,14797-55-8,Nitrate (as N),Total,,3.5,mg/l,True,0.5,,,300(A),SNY001,Actual,SW,Water,,,Clayton,07060003,River/Stream,,42.98149721,-91.24097377
6,15220006,Sny Magill Creek Site #3 (SN03),05/02/1995 12:00:00,SNY319,14797-55-8,Nitrate (as N),Total,,3.8,mg/l,True,0.5,,,300(A),SNY001,Actual,SW,Water,,,Clayton,07060003,River/Stream,,42.98149721,-91.24097377
6,15220006,Sny Magill Creek Site #3 (SN03),04/04/1995 14:20:00,SNY319,14797-55-8,Nitrate (as N),Total,,4.6,mg/l,True,0.5,,,300(A),SNY001,Actual,SW,Water,,,Clayton,07060003,River/Stream,,42.98149721,-91.24097377
6,15220006,Sny Magill Creek Site #3 (SN03),04/25/1995 10:35:00,SNY319,14797-55-8,Nitrate (as N),Total,,4,mg/l,True,0.5,,,300(A),SNY001,Actual,SW,Water,,,Clayton,07060003,River/Stream,,42.98149721,-91.24097377
6,15220006,Sny Magill Creek Site #3 (SN03),03/28/1995 13:00:00,SNY319,14797-55-8,Nitrate (as N),Total,,4.5,mg/l,True,0.5,,,300(A),SNY001,Actual,SW,Water,,,Clayton,07060003,River/Stream,,42.98149721,-91.24097377
6,15220006,Sny Magill Creek Site #3 (SN03),02/28/1995 10:45:00,SNY319,14797-55-8,Nitrate (as N),Total,,4.8,mg/l,True,0.5,,,300(A),SNY001,Actual,SW,Water,,,Clayton,07060003,River/Stream,,42.98149721,-91.24097377
6,15220006,Sny Magill Creek Site #3 (SN03),02/21/1995 12:00:00,SNY319,14797-55-8,Nitrate (as N),Total,,4.2,mg/l,True,0.5,,,300(A),SNY001,Actual,SW,Water,,,Clayton,07060003,River/Stream,,42.98149721,-91.24097377
6,15220006,Sny Magill Creek Site #3 (SN03),01/24/1995 14:00:00,SNY319,14797-55-8,Nitrate (as N),Total,,5.4,mg/l,True,0.5,,,300(A),SNY001,Actual,SW,Water,,,Clayton,07060003,River/Stream,,42.98149721,-91.24097377
6,15220006,Sny Magill Creek Site #3 (SN03),01/17/1995 12:00:00,SNY319,14797-55-8,Nitrate (as N),Total,,5.5,mg/l,True,0.5,,,300(A),SNY001,Actual,SW,Water,,,Clayton,07060003,River/Stream,,42.98149721,-91.24097377
6,15220005,Sny Magill Creek Site #2 (SN02),08/29/1995 15:25:00,SNY319,14797-55-8,Nitrate (as N),Total,,2.3,mg/l,True,0.5,,,300(A),SNY001,Actual,SW,Water,,,Clayton,07060003,River/Stream,,42.96808222,-91.22331192
6,15220005,Sny Magill Creek Site #2 (SN02),07/25/1995 17:50:00,SNY319,14797-55-8,Nitrate (as N),Total,,2.5,mg/l,True,0.5,,,300(A),SNY001,Actual,SW,Water,,,Clayton,07060003,River/Stream,,42.96808222,-91.22331192
6,15220005,Sny Magill Creek Site #2 (SN02),03/28/1995 12:20:00,SNY319,14797-55-8,Nitrate (as N),Total,,3,mg/l,True,0.5,,,300(A),SNY001,Actual,SW,Water,,,Clayton,07060003,River/Stream,,42.96808222,-91.22331192
6,15220005,Sny Magill Creek Site #2 (SN02),02/28/1995 10:20:00,SNY319,14797-55-8,Nitrate (as N),Total,,2.8,mg/l,True,0.5,,,300(A),SNY001,Actual,SW,Water,,,Clayton,07060003,River/Stream,,42.96808222,-91.22331192
6,15220004,Sny Magill Creek Site #1 (SN01),09/19/1995 13:25:00,SNY319,14797-55-8,Nitrate (as N),Total,,1.9,mg/l,True,0.5,,,300(A),SNY001,Actual,SW,Water,,,Clayton,07060003,River/Stream,,42.94880662,-91.18632674
6,15220004,Sny Magill Creek Site #1 (SN01),09/12/1995 13:00:00,SNY319,14797-55-8,Nitrate (as N),Total,,2,mg/l,True,0.5,,,300(A),SNY001,Actual,SW,Water,,,Clayton,07060003,River/Stream,,42.94880662,-91.18632674
6,15220004,Sny Magill Creek Site #1 (SN01),08/22/1995 14:30:00,SNY319,14797-55-8,Nitrate (as N),Total,,1.8,mg/l,True,0.5,,,300(A),SNY001,Actual,SW,Water,,,Clayton,07060003,River/Stream,,42.94880662,-91.18632674
6,15220004,Sny Magill Creek Site #1 (SN01),08/01/1995 13:00:00,SNY319,14797-55-8,Nitrate (as N),Total,,2.2,mg/l,True,0.5,,,300(A),SNY001,Actual,SW,Water,,,Clayton,07060003,River/Stream,,42.94880662,-91.18632674
6,15220004,Sny Magill Creek Site #1 (SN01),07/25/1995 17:20:00,SNY319,14797-55-8,Nitrate (as N),Total,,1.8,mg/l,True,0.5,,,300(A),SNY001,Actual,SW,Water,,,Clayton,07060003,River/Stream,,42.94880662,-91.18632674
6,15220004,Sny Magill Creek Site #1 (SN01),06/13/1995 14:15:00,SNY319,14797-55-8,Nitrate (as N),Total,,2.2,mg/l,True,0.5,,,300(A),SNY001,Actual,SW,Water,,,Clayton,07060003,River/Stream,,42.94880662,-91.18632674
6,15220004,Sny Magill Creek Site #1 (SN01),07/04/1995 15:00:00,SNY319,14797-55-8,Nitrate (as N),Total,,1.5,mg/l,True,0.5,,,300(A),SNY001,Actual,SW,Water,,,Clayton,07060003,River/Stream,,42.94880662,-91.18632674
6,15220004,Sny Magill Creek Site #1 (SN01),05/23/1995 14:00:00,SNY319,14797-55-8,Nitrate (as N),Total,,2.2,mg/l,True,0.5,,,300(A),SNY001,Actual,SW,Water,,,Clayton,07060003,River/Stream,,42.94880662,-91.18632674
6,15220004,Sny Magill Creek Site #1 (SN01),05/02/1995 13:10:00,SNY319,14797-55-8,Nitrate (as N),Total,,2.2,mg/l,True,0.5,,,300(A),SNY001,Actual,SW,Water,,,Clayton,07060003,River/Stream,,42.94880662,-91.18632674
6,15220004,Sny Magill Creek Site #1 (SN01),04/25/1995 09:50:00,SNY319,14797-55-8,Nitrate (as N),Total,,2.8,mg/l,True,0.5,,,300(A),SNY001,Actual,SW,Water,,,Clayton,07060003,River/Stream,,42.94880662,-91.18632674
6,15220004,Sny Magill Creek Site #1 (SN01),05/16/1995 12:50:00,SNY319,14797-55-8,Nitrate (as N),Total,,2.7,mg/l,True,0.5,,,300(A),SNY001,Actual,SW,Water,,,Clayton,07060003,River/Stream,,42.94880662,-91.18632674
6,15220004,Sny Magill Creek Site #1 (SN01),04/11/1995 13:20:00,SNY319,14797-55-8,Nitrate (as N),Total,,2.6,mg/l,True,0.5,,,300(A),SNY001,Actual,SW,Water,,,Clayton,07060003,River/Stream,,42.94880662,-91.18632674
6,15220004,Sny Magill Creek Site #1 (SN01),04/04/1995 13:40:00,SNY319,14797-55-8,Nitrate (as N),Total,,2,mg/l,True,0.5,,,300(A),SNY001,Actual,SW,Water,,,Clayton,07060003,River/Stream,,42.94880662,-91.18632674
6,15220004,Sny Magill Creek Site #1 (SN01),03/14/1995 14:45:00,SNY319,14797-55-8,Nitrate (as N),Total,,2.4,mg/l,True,0.5,,,300(A),SNY001,Actual,SW,Water,,,Clayton,07060003,River/Stream,,42.94880662,-91.18632674
6,15220004,Sny Magill Creek Site #1 (SN01),02/21/1995 13:00:00,SNY319,14797-55-8,Nitrate (as N),Total,,2,mg/l,True,0.5,,,300(A),SNY001,Actual,SW,Water,,,Clayton,07060003,River/Stream,,42.94880662,-91.18632674
6,15220004,Sny Magill Creek Site #1 (SN01),02/14/1995 12:50:00,SNY319,14797-55-8,Nitrate (as N),Total,,2.4,mg/l,True,0.5,,,300(A),SNY001,Actual,SW,Water,,,Clayton,07060003,River/Stream,,42.94880662,-91.18632674
6,15220004,Sny Magill Creek Site #1 (SN01),01/31/1995 11:00:00,SNY319,14797-55-8,Nitrate (as N),Total,,2.4,mg/l,True,0.5,,,300(A),SNY001,Actual,SW,Water,,,Clayton,07060003,River/Stream,,42.94880662,-91.18632674
6,15220004,Sny Magill Creek Site #1 (SN01),01/10/1995 13:25:00,SNY319,14797-55-8,Nitrate (as N),Total,,2.5,mg/l,True,0.5,,,300(A),SNY001,Actual,SW,Water,,,Clayton,07060003,River/Stream,,42.94880662,-91.18632674
6,15220004,Sny Magill Creek Site #1 (SN01),01/24/1995 13:35:00,SNY319,14797-55-8,Nitrate (as N),Total,,2.4,mg/l,True,0.5,,,300(A),SNY001,Actual,SW,Water,,,Clayton,07060003,River/Stream,,42.94880662,-91.18632674
6,15220008,West Fork Sny Magill Creek  (SNWF),12/13/1994 15:00:00,SNY319,14797-55-8,Nitrate (as N),Total,,3.3,mg/l,True,0.5,,,300(A),SNY001,Actual,SW,Water,,,Clayton,07060003,River/Stream,,42.97628121,-91.23730654
6,15220004,Sny Magill Creek Site #1 (SN01),01/03/1995 10:30:00,SNY319,14797-55-8,Nitrate (as N),Total,,2.5,mg/l,True,0.5,,,300(A),SNY001,Actual,SW,Water,,,Clayton,07060003,River/Stream,,42.94880662,-91.18632674
6,15220008,West Fork Sny Magill Creek  (SNWF),12/06/1994 12:45:00,SNY319,14797-55-8,Nitrate (as N),Total,,3.3,mg/l,True,0.5,,,300(A),SNY001,Actual,SW,Water,,,Clayton,07060003,River/Stream,,42.97628121,-91.23730654
6,15220008,West Fork Sny Magill Creek  (SNWF),11/29/1994 11:25:00,SNY319,14797-55-8,Nitrate (as N),Total,,3.4,mg/l,True,0.5,,,300(A),SNY001,Actual,SW,Water,,,Clayton,07060003,River/Stream,,42.97628121,-91.23730654
6,15220008,West Fork Sny Magill Creek  (SNWF),11/01/1994 11:45:00,SNY319,14797-55-8,Nitrate (as N),Total,,3.1,mg/l,True,0.5,,,300(A),SNY001,Actual,SW,Water,,,Clayton,07060003,River/Stream,,42.97628121,-91.23730654
6,15220008,West Fork Sny Magill Creek  (SNWF),10/04/1994 16:10:00,SNY319,14797-55-8,Nitrate (as N),Total,,3.1,mg/l,True,0.5,,,300(A),SNY001,Actual,SW,Water,,,Clayton,07060003,River/Stream,,42.97628121,-91.23730654
6,15220008,West Fork Sny Magill Creek  (SNWF),10/25/1994 10:35:00,SNY319,14797-55-8,Nitrate (as N),Total,,3.1,mg/l,True,0.5,,,300(A),SNY001,Actual,SW,Water,,,Clayton,07060003,River/Stream,,42.97628121,-91.23730654
6,15220007,Sny Magill North Tributary (SNT),12/27/1994 10:50:00,SNY319,14797-55-8,Nitrate (as N),Total,,3.1,mg/l,True,0.5,,,300(A),SNY001,Actual,SW,Water,,,Clayton,07060003,River/Stream,,42.96850981,-91.22439501
6,15220006,Sny Magill Creek Site #3 (SN03),12/20/1994 11:00:00,SNY319,14797-55-8,Nitrate (as N),Total,,4.8,mg/l,True,0.5,,,300(A),SNY001,Actual,SW,Water,,,Clayton,07060003,River/Stream,,42.98149721,-91.24097377
6,15220007,Sny Magill North Tributary (SNT),11/29/1994 11:00:00,SNY319,14797-55-8,Nitrate (as N),Total,,3,mg/l,True,0.5,,,300(A),SNY001,Actual,SW,Water,,,Clayton,07060003,River/Stream,,42.96850981,-91.22439501
6,15220006,Sny Magill Creek Site #3 (SN03),12/13/1994 14:45:00,SNY319,14797-55-8,Nitrate (as N),Total,,4.6,mg/l,True,0.5,,,300(A),SNY001,Actual,SW,Water,,,Clayton,07060003,River/Stream,,42.98149721,-91.24097377
6,15220006,Sny Magill Creek Site #3 (SN03),11/15/1994 14:35:00,SNY319,14797-55-8,Nitrate (as N),Total,,4.8,mg/l,True,0.5,,,300(A),SNY001,Actual,SW,Water,,,Clayton,07060003,River/Stream,,42.98149721,-91.24097377
6,15220006,Sny Magill Creek Site #3 (SN03),12/06/1994 11:15:00,SNY319,14797-55-8,Nitrate (as N),Total,,4.7,mg/l,True,0.5,,,300(A),SNY001,Actual,SW,Water,,,Clayton,07060003,River/Stream,,42.98149721,-91.24097377
6,15220006,Sny Magill Creek Site #3 (SN03),11/08/1994 16:45:00,SNY319,14797-55-8,Nitrate (as N),Total,,4.7,mg/l,True,0.5,,,300(A),SNY001,Actual,SW,Water,,,Clayton,07060003,River/Stream,,42.98149721,-91.24097377
6,15220006,Sny Magill Creek Site #3 (SN03),10/04/1994 14:00:00,SNY319,14797-55-8,Nitrate (as N),Total,,9.2,mg/l,True,0.5,,,300(A),SNY001,Actual,SW,Water,,,Clayton,07060003,River/Stream,,42.98149721,-91.24097377
6,15220006,Sny Magill Creek Site #3 (SN03),10/11/1994 15:15:00,SNY319,14797-55-8,Nitrate (as N),Total,,4.6,mg/l,True,0.5,,,300(A),SNY001,Actual,SW,Water,,,Clayton,07060003,River/Stream,,42.98149721,-91.24097377
6,15220006,Sny Magill Creek Site #3 (SN03),11/01/1994 12:15:00,SNY319,14797-55-8,Nitrate (as N),Total,,4.9,mg/l,True,0.5,,,300(A),SNY001,Actual,SW,Water,,,Clayton,07060003,River/Stream,,42.98149721,-91.24097377
6,15220005,Sny Magill Creek Site #2 (SN02),12/27/1994 10:35:00,SNY319,14797-55-8,Nitrate (as N),Total,,2.9,mg/l,True,0.5,,,300(A),SNY001,Actual,SW,Water,,,Clayton,07060003,River/Stream,,42.96808222,-91.22331192
6,15220004,Sny Magill Creek Site #1 (SN01),12/27/1994 10:05:00,SNY319,14797-55-8,Nitrate (as N),Total,,2.5,mg/l,True,0.5,,,300(A),SNY001,Actual,SW,Water,,,Clayton,07060003,River/Stream,,42.94880662,-91.18632674
6,15220004,Sny Magill Creek Site #1 (SN01),12/06/1994 10:30:00,SNY319,14797-55-8,Nitrate (as N),Total,,2.3,mg/l,True,0.5,,,300(A),SNY001,Actual,SW,Water,,,Clayton,07060003,River/Stream,,42.94880662,-91.18632674
6,15220004,Sny Magill Creek Site #1 (SN01),12/20/1994 11:40:00,SNY319,14797-55-8,Nitrate (as N),Total,,2.5,mg/l,True,0.5,,,300(A),SNY001,Actual,SW,Water,,,Clayton,07060003,River/Stream,,42.94880662,-91.18632674
6,15220004,Sny Magill Creek Site #1 (SN01),11/29/1994 10:30:00,SNY319,14797-55-8,Nitrate (as N),Total,,2.4,mg/l,True,0.5,,,300(A),SNY001,Actual,SW,Water,,,Clayton,07060003,River/Stream,,42.94880662,-91.18632674
6,15220004,Sny Magill Creek Site #1 (SN01),11/08/1994 16:00:00,SNY319,14797-55-8,Nitrate (as N),Total,,2.1,mg/l,True,0.5,,,300(A),SNY001,Actual,SW,Water,,,Clayton,07060003,River/Stream,,42.94880662,-91.18632674
6,15220004,Sny Magill Creek Site #1 (SN01),10/18/1994 13:00:00,SNY319,14797-55-8,Nitrate (as N),Total,,1.8,mg/l,True,0.5,,,300(A),SNY001,Actual,SW,Water,,,Clayton,07060003,River/Stream,,42.94880662,-91.18632674
6,15220008,West Fork Sny Magill Creek  (SNWF),09/28/1994 11:40:00,SNY319,14797-55-8,Nitrate (as N),Total,,3.1,mg/l,True,0.5,,,300(A),SNY001,Actual,SW,Water,,,Clayton,07060003,River/Stream,,42.97628121,-91.23730654
6,15220007,Sny Magill North Tributary (SNT),09/28/1994 11:10:00,SNY319,14797-55-8,Nitrate (as N),Total,,2.5,mg/l,True,0.5,,,300(A),SNY001,Actual,SW,Water,,,Clayton,07060003,River/Stream,,42.96850981,-91.22439501
6,15220004,Sny Magill Creek Site #1 (SN01),09/28/1994 10:20:00,SNY319,14797-55-8,Nitrate (as N),Total,,2.1,mg/l,True,0.5,,,300(A),SNY001,Actual,SW,Water,,,Clayton,07060003,River/Stream,,42.94880662,-91.18632674
6,15220002,Bloody Run Creek at Spook Cave (BRSC),09/24/1996 12:30:00,SNY319,14797-55-8,Nitrate (as N),Total,,11,mg/l,True,0.5,,,300(A),SNY001,Actual,SW,Water,,,Clayton,07060001,River/Stream,,43.03326422,-91.30759437
6,15220002,Bloody Run Creek at Spook Cave (BRSC),07/30/1996 12:25:00,SNY319,14797-55-8,Nitrate (as N),Total,,9.6,mg/l,True,0.5,,,300(A),SNY001,Actual,SW,Water,,,Clayton,07060001,River/Stream,,43.03326422,-91.30759437
6,15220002,Bloody Run Creek at Spook Cave (BRSC),08/27/1996 12:00:00,SNY319,14797-55-8,Nitrate (as N),Total,,9.9,mg/l,True,0.5,,,300(A),SNY001,Actual,SW,Water,,,Clayton,07060001,River/Stream,,43.03326422,-91.30759437
6,15220002,Bloody Run Creek at Spook Cave (BRSC),06/25/1996 13:00:00,SNY319,14797-55-8,Nitrate (as N),Total,,9.8,mg/l,True,0.5,,,300(A),SNY001,Actual,SW,Water,,,Clayton,07060001,River/Stream,,43.03326422,-91.30759437
6,15220002,Bloody Run Creek at Spook Cave (BRSC),03/26/1996 09:45:00,SNY319,14797-55-8,Nitrate (as N),Total,,8.8,mg/l,True,0.5,,,300(A),SNY001,Actual,SW,Water,,,Clayton,07060001,River/Stream,,43.03326422,-91.30759437
6,15220002,Bloody Run Creek at Spook Cave (BRSC),02/27/1996 11:55:00,SNY319,14797-55-8,Nitrate (as N),Total,,7.5,mg/l,True,0.5,,,300(A),SNY001,Actual,SW,Water,,,Clayton,07060001,River/Stream,,43.03326422,-91.30759437
6,15220002,Bloody Run Creek at Spook Cave (BRSC),01/30/1996 13:40:00,SNY319,14797-55-8,Nitrate (as N),Total,,11,mg/l,True,0.5,,,300(A),SNY001,Actual,SW,Water,,,Clayton,07060001,River/Stream,,43.03326422,-91.30759437
6,15220001,Bloody Run Creek Site #2 (BR02),09/10/1996 10:55:00,SNY319,14797-55-8,Nitrate (as N),Total,,8.4,mg/l,True,0.5,,,300(A),SNY001,Actual,SW,Water,,,Clayton,07060001,River/Stream,,43.03547975,-91.26682808
6,15220001,Bloody Run Creek Site #2 (BR02),09/03/1996 10:50:00,SNY319,14797-55-8,Nitrate (as N),Total,,9.2,mg/l,True,0.5,,,300(A),SNY001,Actual,SW,Water,,,Clayton,07060001,River/Stream,,43.03547975,-91.26682808
6,15220001,Bloody Run Creek Site #2 (BR02),08/27/1996 12:40:00,SNY319,14797-55-8,Nitrate (as N),Total,,9.3,mg/l,True,0.5,,,300(A),SNY001,Actual,SW,Water,,,Clayton,07060001,River/Stream,,43.03547975,-91.26682808
6,15220001,Bloody Run Creek Site #2 (BR02),07/30/1996 12:45:00,SNY319,14797-55-8,Nitrate (as N),Total,,9.2,mg/l,True,0.5,,,300(A),SNY001,Actual,SW,Water,,,Clayton,07060001,River/Stream,,43.03547975,-91.26682808
6,15220001,Bloody Run Creek Site #2 (BR02),07/23/1996 10:50:00,SNY319,14797-55-8,Nitrate (as N),Total,,9.3,mg/l,True,0.5,,,300(A),SNY001,Actual,SW,Water,,,Clayton,07060001,River/Stream,,43.03547975,-91.26682808
6,15220001,Bloody Run Creek Site #2 (BR02),07/02/1996 10:30:00,SNY319,14797-55-8,Nitrate (as N),Total,,8.9,mg/l,True,0.5,,,300(A),SNY001,Actual,SW,Water,,,Clayton,07060001,River/Stream,,43.03547975,-91.26682808
6,15220001,Bloody Run Creek Site #2 (BR02),06/25/1996 13:30:00,SNY319,14797-55-8,Nitrate (as N),Total,,10,mg/l,True,0.5,,,300(A),SNY001,Actual,SW,Water,,,Clayton,07060001,River/Stream,,43.03547975,-91.26682808
6,15220001,Bloody Run Creek Site #2 (BR02),06/18/1996 10:30:00,SNY319,14797-55-8,Nitrate (as N),Total,,11,mg/l,True,0.5,,,300(A),SNY001,Actual,SW,Water,,,Clayton,07060001,River/Stream,,43.03547975,-91.26682808
6,15220001,Bloody Run Creek Site #2 (BR02),05/21/1996 11:30:00,SNY319,14797-55-8,Nitrate (as N),Total,,7.4,mg/l,True,0.5,,,300(A),SNY001,Actual,SW,Water,,,Clayton,07060001,River/Stream,,43.03547975,-91.26682808
6,15220001,Bloody Run Creek Site #2 (BR02),05/14/1996 10:50:00,SNY319,14797-55-8,Nitrate (as N),Total,,7.6,mg/l,True,0.5,,,300(A),SNY001,Actual,SW,Water,,,Clayton,07060001,River/Stream,,43.03547975,-91.26682808
6,15220001,Bloody Run Creek Site #2 (BR02),04/23/1996 13:10:00,SNY319,14797-55-8,Nitrate (as N),Total,,7.8,mg/l,True,0.5,,,300(A),SNY001,Actual,SW,Water,,,Clayton,07060001,River/Stream,,43.03547975,-91.26682808
6,15220001,Bloody Run Creek Site #2 (BR02),04/16/1996 12:30:00,SNY319,14797-55-8,Nitrate (as N),Total,,8.5,mg/l,True,0.5,,,300(A),SNY001,Actual,SW,Water,,,Clayton,07060001,River/Stream,,43.03547975,-91.26682808
6,15220001,Bloody Run Creek Site #2 (BR02),04/09/1996 12:30:00,SNY319,14797-55-8,Nitrate (as N),Total,,7.9,mg/l,True,0.5,,,300(A),SNY001,Actual,SW,Water,,,Clayton,07060001,River/Stream,,43.03547975,-91.26682808
6,15220001,Bloody Run Creek Site #2 (BR02),03/12/1996 13:35:00,SNY319,14797-55-8,Nitrate (as N),Total,,4.6,mg/l,True,0.5,,,300(A),SNY001,Actual,SW,Water,,,Clayton,07060001,River/Stream,,43.03547975,-91.26682808
6,15220001,Bloody Run Creek Site #2 (BR02),03/05/1996 12:50:00,SNY319,14797-55-8,Nitrate (as N),Total,,9.2,mg/l,True,0.5,,,300(A),SNY001,Actual,SW,Water,,,Clayton,07060001,River/Stream,,43.03547975,-91.26682808
6,15220001,Bloody Run Creek Site #2 (BR02),01/30/1996 14:00:00,SNY319,14797-55-8,Nitrate (as N),Total,,12,mg/l,True,0.5,,,300(A),SNY001,Actual,SW,Water,,,Clayton,07060001,River/Stream,,43.03547975,-91.26682808
6,15220001,Bloody Run Creek Site #2 (BR02),02/06/1996 11:45:00,SNY319,14797-55-8,Nitrate (as N),Total,,10,mg/l,True,0.5,,,300(A),SNY001,Actual,SW,Water,,,Clayton,07060001,River/Stream,,43.03547975,-91.26682808
6,15220002,Bloody Run Creek at Spook Cave (BRSC),11/28/1995 12:05:00,SNY319,14797-55-8,Nitrate (as N),Total,,12,mg/l,True,0.5,,,300(A),SNY001,Actual,SW,Water,,,Clayton,07060001,River/Stream,,43.03326422,-91.30759437
6,15220001,Bloody Run Creek Site #2 (BR02),01/02/1996 12:20:00,SNY319,14797-55-8,Nitrate (as N),Total,,9.9,mg/l,True,0.5,,,300(A),SNY001,Actual,SW,Water,,,Clayton,07060001,River/Stream,,43.03547975,-91.26682808
6,15220002,Bloody Run Creek at Spook Cave (BRSC),10/31/1995 10:20:00,SNY319,14797-55-8,Nitrate (as N),Total,,11,mg/l,True,0.5,,,300(A),SNY001,Actual,SW,Water,,,Clayton,07060001,River/Stream,,43.03326422,-91.30759437
6,15220001,Bloody Run Creek Site #2 (BR02),12/05/1995 12:20:00,SNY319,14797-55-8,Nitrate (as N),Total,,11,mg/l,True,0.5,,,300(A),SNY001,Actual,SW,Water,,,Clayton,07060001,River/Stream,,43.03547975,-91.26682808
6,15220001,Bloody Run Creek Site #2 (BR02),12/26/1995 12:05:00,SNY319,14797-55-8,Nitrate (as N),Total,,11,mg/l,True,0.5,,,300(A),SNY001,Actual,SW,Water,,,Clayton,07060001,River/Stream,,43.03547975,-91.26682808
6,15220001,Bloody Run Creek Site #2 (BR02),11/28/1995 12:30:00,SNY319,14797-55-8,Nitrate (as N),Total,,12,mg/l,True,0.5,,,300(A),SNY001,Actual,SW,Water,,,Clayton,07060001,River/Stream,,43.03547975,-91.26682808
6,15220001,Bloody Run Creek Site #2 (BR02),11/21/1995 12:10:00,SNY319,14797-55-8,Nitrate (as N),Total,,12,mg/l,True,0.5,,,300(A),SNY001,Actual,SW,Water,,,Clayton,07060001,River/Stream,,43.03547975,-91.26682808
6,15220001,Bloody Run Creek Site #2 (BR02),10/31/1995 09:45:00,SNY319,14797-55-8,Nitrate (as N),Total,,10,mg/l,True,0.5,,,300(A),SNY001,Actual,SW,Water,,,Clayton,07060001,River/Stream,,43.03547975,-91.26682808
6,15220001,Bloody Run Creek Site #2 (BR02),10/24/1995 10:40:00,SNY319,14797-55-8,Nitrate (as N),Total,,9.9,mg/l,True,0.5,,,300(A),SNY001,Actual,SW,Water,,,Clayton,07060001,River/Stream,,43.03547975,-91.26682808
6,15220003,North Cedar Creek (NCC),09/03/1996 12:20:00,SNY319,14797-55-8,Nitrate (as N),Total,,1.5,mg/l,True,0.5,,,300(A),SNY001,Actual,SW,Water,,,Clayton,07060003,River/Stream,,42.96274242,-91.22931615
6,15220003,North Cedar Creek (NCC),09/10/1996 12:50:00,SNY319,14797-55-8,Nitrate (as N),Total,,1.5,mg/l,True,0.5,,,300(A),SNY001,Actual,SW,Water,,,Clayton,07060003,River/Stream,,42.96274242,-91.22931615
6,15220001,Bloody Run Creek Site #2 (BR02),10/17/1995 13:25:00,SNY319,14797-55-8,Nitrate (as N),Total,,9.8,mg/l,True,0.5,,,300(A),SNY001,Actual,SW,Water,,,Clayton,07060001,River/Stream,,43.03547975,-91.26682808
6,15220003,North Cedar Creek (NCC),08/27/1996 15:00:00,SNY319,14797-55-8,Nitrate (as N),Total,,1.8,mg/l,True,0.5,,,300(A),SNY001,Actual,SW,Water,,,Clayton,07060003,River/Stream,,42.96274242,-91.22931615
6,15220003,North Cedar Creek (NCC),08/06/1996 12:30:00,SNY319,14797-55-8,Nitrate (as N),Total,,1.9,mg/l,True,0.5,,,300(A),SNY001,Actual,SW,Water,,,Clayton,07060003,River/Stream,,42.96274242,-91.22931615
6,15220003,North Cedar Creek (NCC),07/30/1996 14:20:00,SNY319,14797-55-8,Nitrate (as N),Total,,2.2,mg/l,True,0.5,,,300(A),SNY001,Actual,SW,Water,,,Clayton,07060003,River/Stream,,42.96274242,-91.22931615
6,15220003,North Cedar Creek (NCC),07/23/1996 12:15:00,SNY319,14797-55-8,Nitrate (as N),Total,,2.5,mg/l,True,0.5,,,300(A),SNY001,Actual,SW,Water,,,Clayton,07060003,River/Stream,,42.96274242,-91.22931615
6,15220003,North Cedar Creek (NCC),07/02/1996 12:30:00,SNY319,14797-55-8,Nitrate (as N),Total,,4,mg/l,True,0.5,,,300(A),SNY001,Actual,SW,Water,,,Clayton,07060003,River/Stream,,42.96274242,-91.22931615
6,15220003,North Cedar Creek (NCC),06/25/1996 15:30:00,SNY319,14797-55-8,Nitrate (as N),Total,,5.6,mg/l,True,0.5,,,300(A),SNY001,Actual,SW,Water,,,Clayton,07060003,River/Stream,,42.96274242,-91.22931615
6,15220003,North Cedar Creek (NCC),05/21/1996 13:30:00,SNY319,14797-55-8,Nitrate (as N),Total,,1.7,mg/l,True,0.5,,,300(A),SNY001,Actual,SW,Water,,,Clayton,07060003,River/Stream,,42.96274242,-91.22931615
6,15220003,North Cedar Creek (NCC),05/28/1996 13:30:00,SNY319,14797-55-8,Nitrate (as N),Total,,2,mg/l,True,0.5,,,300(A),SNY001,Actual,SW,Water,,,Clayton,07060003,River/Stream,,42.96274242,-91.22931615
6,15220003,North Cedar Creek (NCC),06/18/1996 12:00:00,SNY319,14797-55-8,Nitrate (as N),Total,,8.7,mg/l,True,0.5,,,300(A),SNY001,Actual,SW,Water,,,Clayton,07060003,River/Stream,,42.96274242,-91.22931615
6,15220003,North Cedar Creek (NCC),04/16/1996 14:00:00,SNY319,14797-55-8,Nitrate (as N),Total,,2,mg/l,True,0.5,,,300(A),SNY001,Actual,SW,Water,,,Clayton,07060003,River/Stream,,42.96274242,-91.22931615
6,15220003,North Cedar Creek (NCC),04/23/1996 11:25:00,SNY319,14797-55-8,Nitrate (as N),Total,,2.3,mg/l,True,0.5,,,300(A),SNY001,Actual,SW,Water,,,Clayton,07060003,River/Stream,,42.96274242,-91.22931615
6,15220003,North Cedar Creek (NCC),05/14/1996 12:15:00,SNY319,14797-55-8,Nitrate (as N),Total,,2,mg/l,True,0.5,,,300(A),SNY001,Actual,SW,Water,,,Clayton,07060003,River/Stream,,42.96274242,-91.22931615
6,15220003,North Cedar Creek (NCC),03/12/1996 15:05:00,SNY319,14797-55-8,Nitrate (as N),Total,,1.8,mg/l,True,0.5,,,300(A),SNY001,Actual,SW,Water,,,Clayton,07060003,River/Stream,,42.96274242,-91.22931615
6,15220003,North Cedar Creek (NCC),03/19/1996 11:45:00,SNY319,14797-55-8,Nitrate (as N),Total,,2.6,mg/l,True,0.5,,,300(A),SNY001,Actual,SW,Water,,,Clayton,07060003,River/Stream,,42.96274242,-91.22931615
6,15220003,North Cedar Creek (NCC),04/09/1996 10:10:00,SNY319,14797-55-8,Nitrate (as N),Total,,2,mg/l,True,0.5,,,300(A),SNY001,Actual,SW,Water,,,Clayton,07060003,River/Stream,,42.96274242,-91.22931615
6,15220003,North Cedar Creek (NCC),03/05/1996 14:30:00,SNY319,14797-55-8,Nitrate (as N),Total,,2.6,mg/l,True,0.5,,,300(A),SNY001,Actual,SW,Water,,,Clayton,07060003,River/Stream,,42.96274242,-91.22931615
6,15220003,North Cedar Creek (NCC),02/13/1996 13:40:00,SNY319,14797-55-8,Nitrate (as N),Total,,2.4,mg/l,True,0.5,,,300(A),SNY001,Actual,SW,Water,,,Clayton,07060003,River/Stream,,42.96274242,-91.22931615
6,15220003,North Cedar Creek (NCC),02/06/1996 13:30:00,SNY319,14797-55-8,Nitrate (as N),Total,,2.1,mg/l,True,0.5,,,300(A),SNY001,Actual,SW,Water,,,Clayton,07060003,River/Stream,,42.96274242,-91.22931615
6,15220003,North Cedar Creek (NCC),01/30/1996 16:00:00,SNY319,14797-55-8,Nitrate (as N),Total,,2.3,mg/l,True,0.5,,,300(A),SNY001,Actual,SW,Water,,,Clayton,07060003,River/Stream,,42.96274242,-91.22931615
6,15220003,North Cedar Creek (NCC),01/02/1996 13:50:00,SNY319,14797-55-8,Nitrate (as N),Total,,2,mg/l,True,0.5,,,300(A),SNY001,Actual,SW,Water,,,Clayton,07060003,River/Stream,,42.96274242,-91.22931615
6,15220003,North Cedar Creek (NCC),09/26/1995 16:40:00,SNY319,14797-55-8,Nitrate (as N),Total,,1.6,mg/l,True,0.5,,,300(A),SNY001,Actual,SW,Water,,,Clayton,07060003,River/Stream,,42.96274242,-91.22931615
6,15220003,North Cedar Creek (NCC),09/19/1995 12:50:00,SNY319,14797-55-8,Nitrate (as N),Total,,1.5,mg/l,True,0.5,,,300(A),SNY001,Actual,SW,Water,,,Clayton,07060003,River/Stream,,42.96274242,-91.22931615
6,10220003,Bloody Run Creek Site #1 (BR01),06/11/1996 11:15:00,SNY319,14797-55-8,Nitrate (as N),Total,,5.2,mg/l,True,0.5,,,300(A),SNY001,Actual,SW,Water,,,Clayton,07060001,River/Stream,,43.0404991,-91.2055504
6,10220003,Bloody Run Creek Site #1 (BR01),05/21/1996 12:05:00,SNY319,14797-55-8,Nitrate (as N),Total,,4.2,mg/l,True,0.5,,,300(A),SNY001,Actual,SW,Water,,,Clayton,07060001,River/Stream,,43.0404991,-91.2055504
6,10220003,Bloody Run Creek Site #1 (BR01),04/23/1996 12:50:00,SNY319,14797-55-8,Nitrate (as N),Total,,4.7,mg/l,True,0.5,,,300(A),SNY001,Actual,SW,Water,,,Clayton,07060001,River/Stream,,43.0404991,-91.2055504
6,10220003,Bloody Run Creek Site #1 (BR01),05/14/1996 11:15:00,SNY319,14797-55-8,Nitrate (as N),Total,,4.2,mg/l,True,0.5,,,300(A),SNY001,Actual,SW,Water,,,Clayton,07060001,River/Stream,,43.0404991,-91.2055504
6,10220003,Bloody Run Creek Site #1 (BR01),04/30/1996 11:55:00,SNY319,14797-55-8,Nitrate (as N),Total,,4.6,mg/l,True,0.5,,,300(A),SNY001,Actual,SW,Water,,,Clayton,07060001,River/Stream,,43.0404991,-91.2055504
6,10220003,Bloody Run Creek Site #1 (BR01),04/09/1996 12:10:00,SNY319,14797-55-8,Nitrate (as N),Total,,5,mg/l,True,0.5,,,300(A),SNY001,Actual,SW,Water,,,Clayton,07060001,River/Stream,,43.0404991,-91.2055504
6,10220003,Bloody Run Creek Site #1 (BR01),04/02/1996 09:40:00,SNY319,14797-55-8,Nitrate (as N),Total,,5,mg/l,True,0.5,,,300(A),SNY001,Actual,SW,Water,,,Clayton,07060001,River/Stream,,43.0404991,-91.2055504
6,10220003,Bloody Run Creek Site #1 (BR01),03/19/1996 09:25:00,SNY319,14797-55-8,Nitrate (as N),Total,,4.8,mg/l,True,0.5,,,300(A),SNY001,Actual,SW,Water,,,Clayton,07060001,River/Stream,,43.0404991,-91.2055504
6,10220003,Bloody Run Creek Site #1 (BR01),02/27/1996 12:30:00,SNY319,14797-55-8,Nitrate (as N),Total,,4.4,mg/l,True,0.5,,,300(A),SNY001,Actual,SW,Water,,,Clayton,07060001,River/Stream,,43.0404991,-91.2055504
6,10220003,Bloody Run Creek Site #1 (BR01),03/12/1996 14:10:00,SNY319,14797-55-8,Nitrate (as N),Total,,5,mg/l,True,0.5,,,300(A),SNY001,Actual,SW,Water,,,Clayton,07060001,River/Stream,,43.0404991,-91.2055504
6,10220003,Bloody Run Creek Site #1 (BR01),02/20/1996 12:30:00,SNY319,14797-55-8,Nitrate (as N),Total,,5.6,mg/l,True,0.5,,,300(A),SNY001,Actual,SW,Water,,,Clayton,07060001,River/Stream,,43.0404991,-91.2055504
6,10220003,Bloody Run Creek Site #1 (BR01),01/30/1996 14:30:00,SNY319,14797-55-8,Nitrate (as N),Total,,5.8,mg/l,True,0.5,,,300(A),SNY001,Actual,SW,Water,,,Clayton,07060001,River/Stream,,43.0404991,-91.2055504
6,10220003,Bloody Run Creek Site #1 (BR01),01/09/1996 13:40:00,SNY319,14797-55-8,Nitrate (as N),Total,,5.6,mg/l,True,0.5,,,300(A),SNY001,Actual,SW,Water,,,Clayton,07060001,River/Stream,,43.0404991,-91.2055504
6,10220003,Bloody Run Creek Site #1 (BR01),12/26/1995 12:25:00,SNY319,14797-55-8,Nitrate (as N),Total,,5.6,mg/l,True,0.5,,,300(A),SNY001,Actual,SW,Water,,,Clayton,07060001,River/Stream,,43.0404991,-91.2055504
6,10220003,Bloody Run Creek Site #1 (BR01),12/19/1995 12:30:00,SNY319,14797-55-8,Nitrate (as N),Total,,5.8,mg/l,True,0.5,,,300(A),SNY001,Actual,SW,Water,,,Clayton,07060001,River/Stream,,43.0404991,-91.2055504
6,10220003,Bloody Run Creek Site #1 (BR01),12/05/1995 12:55:00,SNY319,14797-55-8,Nitrate (as N),Total,,5.7,mg/l,True,0.5,,,300(A),SNY001,Actual,SW,Water,,,Clayton,07060001,River/Stream,,43.0404991,-91.2055504
6,10220003,Bloody Run Creek Site #1 (BR01),11/28/1995 12:50:00,SNY319,14797-55-8,Nitrate (as N),Total,,5.1,mg/l,True,0.5,,,300(A),SNY001,Actual,SW,Water,,,Clayton,07060001,River/Stream,,43.0404991,-91.2055504
6,10220003,Bloody Run Creek Site #1 (BR01),11/14/1995 11:30:00,SNY319,14797-55-8,Nitrate (as N),Total,,5.9,mg/l,True,0.5,,,300(A),SNY001,Actual,SW,Water,,,Clayton,07060001,River/Stream,,43.0404991,-91.2055504
6,10220003,Bloody Run Creek Site #1 (BR01),10/24/1995 10:05:00,SNY319,14797-55-8,Nitrate (as N),Total,,5.6,mg/l,True,0.5,,,300(A),SNY001,Actual,SW,Water,,,Clayton,07060001,River/Stream,,43.0404991,-91.2055504
6,10220003,Bloody Run Creek Site #1 (BR01),11/07/1995 13:30:00,SNY319,14797-55-8,Nitrate (as N),Total,,6,mg/l,True,0.5,,,300(A),SNY001,Actual,SW,Water,,,Clayton,07060001,River/Stream,,43.0404991,-91.2055504
6,10220003,Bloody Run Creek Site #1 (BR01),10/03/1995 15:30:00,SNY319,14797-55-8,Nitrate (as N),Total,,5,mg/l,True,0.5,,,300(A),SNY001,Actual,SW,Water,,,Clayton,07060001,River/Stream,,43.0404991,-91.2055504
6,10220003,Bloody Run Creek Site #1 (BR01),10/17/1995 13:55:00,SNY319,14797-55-8,Nitrate (as N),Total,,5.1,mg/l,True,0.5,,,300(A),SNY001,Actual,SW,Water,,,Clayton,07060001,River/Stream,,43.0404991,-91.2055504
6,10220003,Bloody Run Creek Site #1 (BR01),09/12/1995 11:35:00,SNY319,14797-55-8,Nitrate (as N),Total,,5.3,mg/l,True,0.5,,,300(A),SNY001,Actual,SW,Water,,,Clayton,07060001,River/Stream,,43.0404991,-91.2055504
6,10220003,Bloody Run Creek Site #1 (BR01),09/05/1995 09:15:00,SNY319,14797-55-8,Nitrate (as N),Total,,4.8,mg/l,True,0.5,,,300(A),SNY001,Actual,SW,Water,,,Clayton,07060001,River/Stream,,43.0404991,-91.2055504
6,10220003,Bloody Run Creek Site #1 (BR01),08/22/1995 13:30:00,SNY319,14797-55-8,Nitrate (as N),Total,,5,mg/l,True,0.5,,,300(A),SNY001,Actual,SW,Water,,,Clayton,07060001,River/Stream,,43.0404991,-91.2055504
6,10220003,Bloody Run Creek Site #1 (BR01),08/01/1995 09:30:00,SNY319,14797-55-8,Nitrate (as N),Total,,5.3,mg/l,True,0.5,,,300(A),SNY001,Actual,SW,Water,,,Clayton,07060001,River/Stream,,43.0404991,-91.2055504
6,10220003,Bloody Run Creek Site #1 (BR01),08/15/1995 14:30:00,SNY319,14797-55-8,Nitrate (as N),Total,,5.1,mg/l,True,0.5,,,300(A),SNY001,Actual,SW,Water,,,Clayton,07060001,River/Stream,,43.0404991,-91.2055504
6,10220003,Bloody Run Creek Site #1 (BR01),07/11/1995 15:40:00,SNY319,14797-55-8,Nitrate (as N),Total,,4.5,mg/l,True,0.5,,,300(A),SNY001,Actual,SW,Water,,,Clayton,07060001,River/Stream,,43.0404991,-91.2055504
6,10220003,Bloody Run Creek Site #1 (BR01),07/25/1995 15:10:00,SNY319,14797-55-8,Nitrate (as N),Total,,4.9,mg/l,True,0.5,,,300(A),SNY001,Actual,SW,Water,,,Clayton,07060001,River/Stream,,43.0404991,-91.2055504
6,10220003,Bloody Run Creek Site #1 (BR01),07/04/1995 12:15:00,SNY319,14797-55-8,Nitrate (as N),Total,,4.9,mg/l,True,0.5,,,300(A),SNY001,Actual,SW,Water,,,Clayton,07060001,River/Stream,,43.0404991,-91.2055504
6,10220003,Bloody Run Creek Site #1 (BR01),06/20/1995 09:30:00,SNY319,14797-55-8,Nitrate (as N),Total,,4.6,mg/l,True,0.5,,,300(A),SNY001,Actual,SW,Water,,,Clayton,07060001,River/Stream,,43.0404991,-91.2055504
6,10220003,Bloody Run Creek Site #1 (BR01),06/13/1995 12:30:00,SNY319,14797-55-8,Nitrate (as N),Total,,4.9,mg/l,True,0.5,,,300(A),SNY001,Actual,SW,Water,,,Clayton,07060001,River/Stream,,43.0404991,-91.2055504
6,10220003,Bloody Run Creek Site #1 (BR01),02/05/2009 10:00:00,AMBIENT,14797-55-8,Nitrate (as N),Total,,7.1,mg/l,True,0.05,,,300(A),UHL001,Actual,SW,Water,,,Clayton,07060001,River/Stream,,43.0404991,-91.2055504
6,10220003,Bloody Run Creek Site #1 (BR01),01/06/2009 10:00:00,AMBIENT,14797-55-8,Nitrate (as N),Total,,7.4,mg/l,True,0.05,,,300(A),UHL001,Actual,SW,Water,,,Clayton,07060001,River/Stream,,43.0404991,-91.2055504
6,10220003,Bloody Run Creek Site #1 (BR01),09/17/1996 11:30:00,SNY319,14797-55-8,Nitrate (as N),Total,,4.8,mg/l,True,0.5,,,300(A),SNY001,Actual,SW,Water,,,Clayton,07060001,River/Stream,,43.0404991,-91.2055504
6,10220003,Bloody Run Creek Site #1 (BR01),08/27/1996 13:00:00,SNY319,14797-55-8,Nitrate (as N),Total,,4.7,mg/l,True,0.5,,,300(A),SNY001,Actual,SW,Water,,,Clayton,07060001,River/Stream,,43.0404991,-91.2055504
6,10220003,Bloody Run Creek Site #1 (BR01),08/06/1996 10:00:00,SNY319,14797-55-8,Nitrate (as N),Total,,4.6,mg/l,True,0.5,,,300(A),SNY001,Actual,SW,Water,,,Clayton,07060001,River/Stream,,43.0404991,-91.2055504
6,10220003,Bloody Run Creek Site #1 (BR01),07/30/1996 13:00:00,SNY319,14797-55-8,Nitrate (as N),Total,,4.7,mg/l,True,0.5,,,300(A),SNY001,Actual,SW,Water,,,Clayton,07060001,River/Stream,,43.0404991,-91.2055504
6,10220003,Bloody Run Creek Site #1 (BR01),08/20/1996 14:50:00,SNY319,14797-55-8,Nitrate (as N),Total,,4.8,mg/l,True,0.5,,,300(A),SNY001,Actual,SW,Water,,,Clayton,07060001,River/Stream,,43.0404991,-91.2055504
6,10220003,Bloody Run Creek Site #1 (BR01),07/16/1996 10:00:00,SNY319,14797-55-8,Nitrate (as N),Total,,4.8,mg/l,True,0.5,,,300(A),SNY001,Actual,SW,Water,,,Clayton,07060001,River/Stream,,43.0404991,-91.2055504
6,10220003,Bloody Run Creek Site #1 (BR01),07/09/1996 12:05:00,SNY319,14797-55-8,Nitrate (as N),Total,,5,mg/l,True,0.5,,,300(A),SNY001,Actual,SW,Water,,,Clayton,07060001,River/Stream,,43.0404991,-91.2055504
6,10220003,Bloody Run Creek Site #1 (BR01),06/25/1996 13:55:00,SNY319,14797-55-8,Nitrate (as N),Total,,5.9,mg/l,True,0.5,,,300(A),SNY001,Actual,SW,Water,,,Clayton,07060001,River/Stream,,43.0404991,-91.2055504
6,10220003,Bloody Run Creek Site #1 (BR01),05/28/1996 12:20:00,SNY319,14797-55-8,Nitrate (as N),Total,,4.6,mg/l,True,0.5,,,300(A),SNY001,Actual,SW,Water,,,Clayton,07060001,River/Stream,,43.0404991,-91.2055504
6,10220003,Bloody Run Creek Site #1 (BR01),06/04/1996 12:40:00,SNY319,14797-55-8,Nitrate (as N),Total,,4.6,mg/l,True,0.5,,,300(A),SNY001,Actual,SW,Water,,,Clayton,07060001,River/Stream,,43.0404991,-91.2055504
6,10220003,Bloody Run Creek Site #1 (BR01),06/18/1996 10:00:00,SNY319,14797-55-8,Nitrate (as N),Total,,5.6,mg/l,True,0.5,,,300(A),SNY001,Actual,SW,Water,,,Clayton,07060001,River/Stream,,43.0404991,-91.2055504
6,10220003,Bloody Run Creek Site #1 (BR01),05/07/1996 12:35:00,SNY319,14797-55-8,Nitrate (as N),Total,,4.3,mg/l,True,0.5,,,300(A),SNY001,Actual,SW,Water,,,Clayton,07060001,River/Stream,,43.0404991,-91.2055504
6,10220003,Bloody Run Creek Site #1 (BR01),04/16/1996 13:10:00,SNY319,14797-55-8,Nitrate (as N),Total,,5.1,mg/l,True,0.5,,,300(A),SNY001,Actual,SW,Water,,,Clayton,07060001,River/Stream,,43.0404991,-91.2055504
6,10220003,Bloody Run Creek Site #1 (BR01),03/26/1996 08:30:00,SNY319,14797-55-8,Nitrate (as N),Total,,5.2,mg/l,True,0.5,,,300(A),SNY001,Actual,SW,Water,,,Clayton,07060001,River/Stream,,43.0404991,-91.2055504
6,10220003,Bloody Run Creek Site #1 (BR01),03/05/1996 13:30:00,SNY319,14797-55-8,Nitrate (as N),Total,,5.8,mg/l,True,0.5,,,300(A),SNY001,Actual,SW,Water,,,Clayton,07060001,River/Stream,,43.0404991,-91.2055504
6,10220003,Bloody Run Creek Site #1 (BR01),01/23/1996 13:15:00,SNY319,14797-55-8,Nitrate (as N),Total,,5.7,mg/l,True,0.5,,,300(A),SNY001,Actual,SW,Water,,,Clayton,07060001,River/Stream,,43.0404991,-91.2055504
6,10220003,Bloody Run Creek Site #1 (BR01),02/13/1996 12:30:00,SNY319,14797-55-8,Nitrate (as N),Total,,4.6,mg/l,True,0.5,,,300(A),SNY001,Actual,SW,Water,,,Clayton,07060001,River/Stream,,43.0404991,-91.2055504
6,10220003,Bloody Run Creek Site #1 (BR01),01/02/1996 12:50:00,SNY319,14797-55-8,Nitrate (as N),Total,,5.4,mg/l,True,0.5,,,300(A),SNY001,Actual,SW,Water,,,Clayton,07060001,River/Stream,,43.0404991,-91.2055504
6,10220003,Bloody Run Creek Site #1 (BR01),01/16/1996 11:00:00,SNY319,14797-55-8,Nitrate (as N),Total,,5.4,mg/l,True,0.5,,,300(A),SNY001,Actual,SW,Water,,,Clayton,07060001,River/Stream,,43.0404991,-91.2055504
6,10220003,Bloody Run Creek Site #1 (BR01),02/06/1996 12:30:00,SNY319,14797-55-8,Nitrate (as N),Total,,5.2,mg/l,True,0.5,,,300(A),SNY001,Actual,SW,Water,,,Clayton,07060001,River/Stream,,43.0404991,-91.2055504
6,10220003,Bloody Run Creek Site #1 (BR01),12/12/1995 13:00:00,SNY319,14797-55-8,Nitrate (as N),Total,,6,mg/l,True,0.5,,,300(A),SNY001,Actual,SW,Water,,,Clayton,07060001,River/Stream,,43.0404991,-91.2055504
6,10220003,Bloody Run Creek Site #1 (BR01),11/21/1995 13:10:00,SNY319,14797-55-8,Nitrate (as N),Total,,5.7,mg/l,True,0.5,,,300(A),SNY001,Actual,SW,Water,,,Clayton,07060001,River/Stream,,43.0404991,-91.2055504
6,10220003,Bloody Run Creek Site #1 (BR01),10/31/1995 09:20:00,SNY319,14797-55-8,Nitrate (as N),Total,,5.2,mg/l,True,0.5,,,300(A),SNY001,Actual,SW,Water,,,Clayton,07060001,River/Stream,,43.0404991,-91.2055504
6,10220003,Bloody Run Creek Site #1 (BR01),10/10/1995 13:40:00,SNY319,14797-55-8,Nitrate (as N),Total,,5.1,mg/l,True,0.5,,,300(A),SNY001,Actual,SW,Water,,,Clayton,07060001,River/Stream,,43.0404991,-91.2055504
6,10220003,Bloody Run Creek Site #1 (BR01),09/19/1995 10:00:00,SNY319,14797-55-8,Nitrate (as N),Total,,5,mg/l,True,0.5,,,300(A),SNY001,Actual,SW,Water,,,Clayton,07060001,River/Stream,,43.0404991,-91.2055504
6,10220003,Bloody Run Creek Site #1 (BR01),09/26/1995 12:40:00,SNY319,14797-55-8,Nitrate (as N),Total,,5.2,mg/l,True,0.5,,,300(A),SNY001,Actual,SW,Water,,,Clayton,07060001,River/Stream,,43.0404991,-91.2055504
6,10220003,Bloody Run Creek Site #1 (BR01),08/29/1995 13:30:00,SNY319,14797-55-8,Nitrate (as N),Total,,5.4,mg/l,True,0.5,,,300(A),SNY001,Actual,SW,Water,,,Clayton,07060001,River/Stream,,43.0404991,-91.2055504
6,10220003,Bloody Run Creek Site #1 (BR01),08/08/1995 13:50:00,SNY319,14797-55-8,Nitrate (as N),Total,,5.2,mg/l,True,0.5,,,300(A),SNY001,Actual,SW,Water,,,Clayton,07060001,River/Stream,,43.0404991,-91.2055504
6,10220003,Bloody Run Creek Site #1 (BR01),07/18/1995 14:15:00,SNY319,14797-55-8,Nitrate (as N),Total,,4.8,mg/l,True,0.5,,,300(A),SNY001,Actual,SW,Water,,,Clayton,07060001,River/Stream,,43.0404991,-91.2055504
6,10220003,Bloody Run Creek Site #1 (BR01),06/27/1995 13:10:00,SNY319,14797-55-8,Nitrate (as N),Total,,5,mg/l,True,0.5,,,300(A),SNY001,Actual,SW,Water,,,Clayton,07060001,River/Stream,,43.0404991,-91.2055504
6,15220008,West Fork Sny Magill Creek  (SNWF),06/04/1996 14:20:00,SNY319,14797-55-8,Nitrate (as N),Total,,2.8,mg/l,True,0.5,,,300(A),SNY001,Actual,SW,Water,,,Clayton,07060003,River/Stream,,42.97628121,-91.23730654
6,15220008,West Fork Sny Magill Creek  (SNWF),05/28/1996 14:10:00,SNY319,14797-55-8,Nitrate (as N),Total,,5.2,mg/l,True,0.5,,,300(A),SNY001,Actual,SW,Water,,,Clayton,07060003,River/Stream,,42.97628121,-91.23730654
6,15220008,West Fork Sny Magill Creek  (SNWF),04/30/1996 14:05:00,SNY319,14797-55-8,Nitrate (as N),Total,,2.6,mg/l,True,0.5,,,300(A),SNY001,Actual,SW,Water,,,Clayton,07060003,River/Stream,,42.97628121,-91.23730654
6,15220008,West Fork Sny Magill Creek  (SNWF),04/23/1996 10:50:00,SNY319,14797-55-8,Nitrate (as N),Total,,3,mg/l,True,0.5,,,300(A),SNY001,Actual,SW,Water,,,Clayton,07060003,River/Stream,,42.97628121,-91.23730654
6,15220008,West Fork Sny Magill Creek  (SNWF),03/26/1996 10:50:00,SNY319,14797-55-8,Nitrate (as N),Total,,3.2,mg/l,True,0.5,,,300(A),SNY001,Actual,SW,Water,,,Clayton,07060003,River/Stream,,42.97628121,-91.23730654
6,15220008,West Fork Sny Magill Creek  (SNWF),03/19/1996 11:00:00,SNY319,14797-55-8,Nitrate (as N),Total,,3.3,mg/l,True,0.5,,,300(A),SNY001,Actual,SW,Water,,,Clayton,07060003,River/Stream,,42.97628121,-91.23730654
6,15220008,West Fork Sny Magill Creek  (SNWF),02/20/1996 11:26:00,SNY319,14797-55-8,Nitrate (as N),Total,,3.3,mg/l,True,0.5,,,300(A),SNY001,Actual,SW,Water,,,Clayton,07060003,River/Stream,,42.97628121,-91.23730654
6,15220008,West Fork Sny Magill Creek  (SNWF),02/13/1996 14:10:00,SNY319,14797-55-8,Nitrate (as N),Total,,3.3,mg/l,True,0.5,,,300(A),SNY001,Actual,SW,Water,,,Clayton,07060003,River/Stream,,42.97628121,-91.23730654
6,15220008,West Fork Sny Magill Creek  (SNWF),01/16/1996 12:00:00,SNY319,14797-55-8,Nitrate (as N),Total,,3.3,mg/l,True,0.5,,,300(A),SNY001,Actual,SW,Water,,,Clayton,07060003,River/Stream,,42.97628121,-91.23730654
6,15220008,West Fork Sny Magill Creek  (SNWF),01/02/1996 14:40:00,SNY319,14797-55-8,Nitrate (as N),Total,,3.4,mg/l,True,0.5,,,300(A),SNY001,Actual,SW,Water,,,Clayton,07060003,River/Stream,,42.97628121,-91.23730654
6,15220008,West Fork Sny Magill Creek  (SNWF),02/06/1996 14:15:00,SNY319,14797-55-8,Nitrate (as N),Total,,3.4,mg/l,True,0.5,,,300(A),SNY001,Actual,SW,Water,,,Clayton,07060003,River/Stream,,42.97628121,-91.23730654
6,15220008,West Fork Sny Magill Creek  (SNWF),01/09/1996 14:20:00,SNY319,14797-55-8,Nitrate (as N),Total,,3.4,mg/l,True,0.5,,,300(A),SNY001,Actual,SW,Water,,,Clayton,07060003,River/Stream,,42.97628121,-91.23730654
6,15220008,West Fork Sny Magill Creek  (SNWF),12/26/1995 14:20:00,SNY319,14797-55-8,Nitrate (as N),Total,,3.5,mg/l,True,0.5,,,300(A),SNY001,Actual,SW,Water,,,Clayton,07060003,River/Stream,,42.97628121,-91.23730654
6,15220008,West Fork Sny Magill Creek  (SNWF),12/19/1995 14:15:00,SNY319,14797-55-8,Nitrate (as N),Total,,3.4,mg/l,True,0.5,,,300(A),SNY001,Actual,SW,Water,,,Clayton,07060003,River/Stream,,42.97628121,-91.23730654
6,15220008,West Fork Sny Magill Creek  (SNWF),11/28/1995 15:00:00,SNY319,14797-55-8,Nitrate (as N),Total,,3.4,mg/l,True,0.5,,,300(A),SNY001,Actual,SW,Water,,,Clayton,07060003,River/Stream,,42.97628121,-91.23730654
6,15220008,West Fork Sny Magill Creek  (SNWF),11/21/1995 14:50:00,SNY319,14797-55-8,Nitrate (as N),Total,,3.3,mg/l,True,0.5,,,300(A),SNY001,Actual,SW,Water,,,Clayton,07060003,River/Stream,,42.97628121,-91.23730654
6,15220008,West Fork Sny Magill Creek  (SNWF),10/24/1995 13:00:00,SNY319,14797-55-8,Nitrate (as N),Total,,3.1,mg/l,True,0.5,,,300(A),SNY001,Actual,SW,Water,,,Clayton,07060003,River/Stream,,42.97628121,-91.23730654
6,15220008,West Fork Sny Magill Creek  (SNWF),10/17/1995 15:40:00,SNY319,14797-55-8,Nitrate (as N),Total,,3.1,mg/l,True,0.5,,,300(A),SNY001,Actual,SW,Water,,,Clayton,07060003,River/Stream,,42.97628121,-91.23730654
6,15220008,West Fork Sny Magill Creek  (SNWF),08/27/1996 16:00:00,SNY319,14797-55-8,Nitrate (as N),Total,,2.8,mg/l,True,0.5,,,300(A),SNY001,Actual,SW,Water,,,Clayton,07060003,River/Stream,,42.97628121,-91.23730654
6,15220008,West Fork Sny Magill Creek  (SNWF),09/03/1996 13:00:00,SNY319,14797-55-8,Nitrate (as N),Total,,2.7,mg/l,True,0.5,,,300(A),SNY001,Actual,SW,Water,,,Clayton,07060003,River/Stream,,42.97628121,-91.23730654
6,15220008,West Fork Sny Magill Creek  (SNWF),09/24/1996 15:25:00,SNY319,14797-55-8,Nitrate (as N),Total,,3,mg/l,True,0.5,,,300(A),SNY001,Actual,SW,Water,,,Clayton,07060003,River/Stream,,42.97628121,-91.23730654
6,15220008,West Fork Sny Magill Creek  (SNWF),07/23/1996 12:50:00,SNY319,14797-55-8,Nitrate (as N),Total,,2.9,mg/l,True,0.5,,,300(A),SNY001,Actual,SW,Water,,,Clayton,07060003,River/Stream,,42.97628121,-91.23730654
6,15220008,West Fork Sny Magill Creek  (SNWF),07/30/1996 15:00:00,SNY319,14797-55-8,Nitrate (as N),Total,,2.8,mg/l,True,0.5,,,300(A),SNY001,Actual,SW,Water,,,Clayton,07060003,River/Stream,,42.97628121,-91.23730654
6,15220008,West Fork Sny Magill Creek  (SNWF),08/20/1996 16:50:00,SNY319,14797-55-8,Nitrate (as N),Total,,2.9,mg/l,True,0.5,,,300(A),SNY001,Actual,SW,Water,,,Clayton,07060003,River/Stream,,42.97628121,-91.23730654
6,15220008,West Fork Sny Magill Creek  (SNWF),05/14/1996 13:10:00,SNY319,14797-55-8,Nitrate (as N),Total,,2.8,mg/l,True,0.5,,,300(A),SNY001,Actual,SW,Water,,,Clayton,07060003,River/Stream,,42.97628121,-91.23730654
6,15220008,West Fork Sny Magill Creek  (SNWF),06/25/1996 16:25:00,SNY319,14797-55-8,Nitrate (as N),Total,,3,mg/l,True,0.5,,,300(A),SNY001,Actual,SW,Water,,,Clayton,07060003,River/Stream,,42.97628121,-91.23730654
6,15220008,West Fork Sny Magill Creek  (SNWF),07/16/1996 11:00:00,SNY319,14797-55-8,Nitrate (as N),Total,,2.7,mg/l,True,0.5,,,300(A),SNY001,Actual,SW,Water,,,Clayton,07060003,River/Stream,,42.97628121,-91.23730654
6,15220008,West Fork Sny Magill Creek  (SNWF),06/18/1996 11:00:00,SNY319,14797-55-8,Nitrate (as N),Total,,3,mg/l,True,0.5,,,300(A),SNY001,Actual,SW,Water,,,Clayton,07060003,River/Stream,,42.97628121,-91.23730654
6,15220008,West Fork Sny Magill Creek  (SNWF),05/21/1996 14:15:00,SNY319,14797-55-8,Nitrate (as N),Total,,2.5,mg/l,True,0.5,,,300(A),SNY001,Actual,SW,Water,,,Clayton,07060003,River/Stream,,42.97628121,-91.23730654
6,15220008,West Fork Sny Magill Creek  (SNWF),06/11/1996 12:30:00,SNY319,14797-55-8,Nitrate (as N),Total,,2.9,mg/l,True,0.5,,,300(A),SNY001,Actual,SW,Water,,,Clayton,07060003,River/Stream,,42.97628121,-91.23730654
6,15220008,West Fork Sny Magill Creek  (SNWF),04/09/1996 11:40:00,SNY319,14797-55-8,Nitrate (as N),Total,,3,mg/l,True,0.5,,,300(A),SNY001,Actual,SW,Water,,,Clayton,07060003,River/Stream,,42.97628121,-91.23730654
6,15220008,West Fork Sny Magill Creek  (SNWF),04/16/1996 14:40:00,SNY319,14797-55-8,Nitrate (as N),Total,,3,mg/l,True,0.5,,,300(A),SNY001,Actual,SW,Water,,,Clayton,07060003,River/Stream,,42.97628121,-91.23730654
6,15220008,West Fork Sny Magill Creek  (SNWF),05/07/1996 14:30:00,SNY319,14797-55-8,Nitrate (as N),Total,,2.8,mg/l,True,0.5,,,300(A),SNY001,Actual,SW,Water,,,Clayton,07060003,River/Stream,,42.97628121,-91.23730654
6,15220008,West Fork Sny Magill Creek  (SNWF),02/27/1996 14:30:00,SNY319,14797-55-8,Nitrate (as N),Total,,3.3,mg/l,True,0.5,,,300(A),SNY001,Actual,SW,Water,,,Clayton,07060003,River/Stream,,42.97628121,-91.23730654
6,15220008,West Fork Sny Magill Creek  (SNWF),03/12/1996 15:35:00,SNY319,14797-55-8,Nitrate (as N),Total,,2.2,mg/l,True,0.5,,,300(A),SNY001,Actual,SW,Water,,,Clayton,07060003,River/Stream,,42.97628121,-91.23730654
6,15220008,West Fork Sny Magill Creek  (SNWF),04/02/1996 10:50:00,SNY319,14797-55-8,Nitrate (as N),Total,,3,mg/l,True,0.5,,,300(A),SNY001,Actual,SW,Water,,,Clayton,07060003,River/Stream,,42.97628121,-91.23730654
6,15220008,West Fork Sny Magill Creek  (SNWF),03/05/1996 15:10:00,SNY319,14797-55-8,Nitrate (as N),Total,,3.2,mg/l,True,0.5,,,300(A),SNY001,Actual,SW,Water,,,Clayton,07060003,River/Stream,,42.97628121,-91.23730654
6,15220008,West Fork Sny Magill Creek  (SNWF),01/30/1996 16:50:00,SNY319,14797-55-8,Nitrate (as N),Total,,3.5,mg/l,True,0.5,,,300(A),SNY001,Actual,SW,Water,,,Clayton,07060003,River/Stream,,42.97628121,-91.23730654
6,15220008,West Fork Sny Magill Creek  (SNWF),01/23/1996 15:40:00,SNY319,14797-55-8,Nitrate (as N),Total,,3.7,mg/l,True,0.5,,,300(A),SNY001,Actual,SW,Water,,,Clayton,07060003,River/Stream,,42.97628121,-91.23730654
6,15220004,Sny Magill Creek Site #1 (SN01),11/22/1994 13:40:00,SNY319,14797-55-8,Nitrate (as N),Total,,2.1,mg/l,True,0.5,,,300(A),SNY001,Actual,SW,Water,,,Clayton,07060003,River/Stream,,42.94880662,-91.18632674
6,15220004,Sny Magill Creek Site #1 (SN01),11/01/1994 13:10:00,SNY319,14797-55-8,Nitrate (as N),Total,,2.1,mg/l,True,0.5,,,300(A),SNY001,Actual,SW,Water,,,Clayton,07060003,River/Stream,,42.94880662,-91.18632674
6,15220004,Sny Magill Creek Site #1 (SN01),11/15/1994 13:30:00,SNY319,14797-55-8,Nitrate (as N),Total,,2.1,mg/l,True,0.5,,,300(A),SNY001,Actual,SW,Water,,,Clayton,07060003,River/Stream,,42.94880662,-91.18632674
6,15220004,Sny Magill Creek Site #1 (SN01),10/25/1994 11:45:00,SNY319,14797-55-8,Nitrate (as N),Total,,2,mg/l,True,0.5,,,300(A),SNY001,Actual,SW,Water,,,Clayton,07060003,River/Stream,,42.94880662,-91.18632674
6,15220007,Sny Magill North Tributary (SNT),12/26/1995 14:00:00,SNY319,14797-55-8,Nitrate (as N),Total,,3.2,mg/l,True,0.5,,,300(A),SNY001,Actual,SW,Water,,,Clayton,07060003,River/Stream,,42.96850981,-91.22439501
6,15220006,Sny Magill Creek Site #3 (SN03),12/26/1995 14:15:00,SNY319,14797-55-8,Nitrate (as N),Total,,5.4,mg/l,True,0.5,,,300(A),SNY001,Actual,SW,Water,,,Clayton,07060003,River/Stream,,42.98149721,-91.24097377
6,15220006,Sny Magill Creek Site #3 (SN03),12/19/1995 14:00:00,SNY319,14797-55-8,Nitrate (as N),Total,,5.3,mg/l,True,0.5,,,300(A),SNY001,Actual,SW,Water,,,Clayton,07060003,River/Stream,,42.98149721,-91.24097377
6,15220006,Sny Magill Creek Site #3 (SN03),11/21/1995 14:30:00,SNY319,14797-55-8,Nitrate (as N),Total,,4.9,mg/l,True,0.5,,,300(A),SNY001,Actual,SW,Water,,,Clayton,07060003,River/Stream,,42.98149721,-91.24097377
6,15220006,Sny Magill Creek Site #3 (SN03),12/12/1995 15:00:00,SNY319,14797-55-8,Nitrate (as N),Total,,5.3,mg/l,True,0.5,,,300(A),SNY001,Actual,SW,Water,,,Clayton,07060003,River/Stream,,42.98149721,-91.24097377
6,15220006,Sny Magill Creek Site #3 (SN03),11/14/1995 12:50:00,SNY319,14797-55-8,Nitrate (as N),Total,,4.9,mg/l,True,0.5,,,300(A),SNY001,Actual,SW,Water,,,Clayton,07060003,River/Stream,,42.98149721,-91.24097377
6,15220006,Sny Magill Creek Site #3 (SN03),10/17/1995 15:20:00,SNY319,14797-55-8,Nitrate (as N),Total,,4.2,mg/l,True,0.5,,,300(A),SNY001,Actual,SW,Water,,,Clayton,07060003,River/Stream,,42.98149721,-91.24097377
6,15220006,Sny Magill Creek Site #3 (SN03),11/07/1995 15:00:00,SNY319,14797-55-8,Nitrate (as N),Total,,4.8,mg/l,True,0.5,,,300(A),SNY001,Actual,SW,Water,,,Clayton,07060003,River/Stream,,42.98149721,-91.24097377
6,15220006,Sny Magill Creek Site #3 (SN03),10/10/1995 15:15:00,SNY319,14797-55-8,Nitrate (as N),Total,,4.2,mg/l,True,0.5,,,300(A),SNY001,Actual,SW,Water,,,Clayton,07060003,River/Stream,,42.98149721,-91.24097377
6,15220006,Sny Magill Creek Site #3 (SN03),10/03/1995 16:45:00,SNY319,14797-55-8,Nitrate (as N),Total,,4.1,mg/l,True,0.5,,,300(A),SNY001,Actual,SW,Water,,,Clayton,07060003,River/Stream,,42.98149721,-91.24097377
6,15220004,Sny Magill Creek Site #1 (SN01),12/05/1995 13:30:00,SNY319,14797-55-8,Nitrate (as N),Total,,2.6,mg/l,True,0.5,,,300(A),SNY001,Actual,SW,Water,,,Clayton,07060003,River/Stream,,42.94880662,-91.18632674
6,15220004,Sny Magill Creek Site #1 (SN01),10/24/1995 09:35:00,SNY319,14797-55-8,Nitrate (as N),Total,,2.2,mg/l,True,0.5,,,300(A),SNY001,Actual,SW,Water,,,Clayton,07060003,River/Stream,,42.94880662,-91.18632674
6,15220003,North Cedar Creek (NCC),12/26/1995 13:35:00,SNY319,14797-55-8,Nitrate (as N),Total,,2.1,mg/l,True,0.5,,,300(A),SNY001,Actual,SW,Water,,,Clayton,07060003,River/Stream,,42.96274242,-91.22931615
6,15220004,Sny Magill Creek Site #1 (SN01),10/17/1995 14:30:00,SNY319,14797-55-8,Nitrate (as N),Total,,1.9,mg/l,True,0.5,,,300(A),SNY001,Actual,SW,Water,,,Clayton,07060003,River/Stream,,42.94880662,-91.18632674
6,15220003,North Cedar Creek (NCC),11/21/1995 14:10:00,SNY319,14797-55-8,Nitrate (as N),Total,,2,mg/l,True,0.5,,,300(A),SNY001,Actual,SW,Water,,,Clayton,07060003,River/Stream,,42.96274242,-91.22931615
6,15220003,North Cedar Creek (NCC),11/28/1995 14:05:00,SNY319,14797-55-8,Nitrate (as N),Total,,2.1,mg/l,True,0.5,,,300(A),SNY001,Actual,SW,Water,,,Clayton,07060003,River/Stream,,42.96274242,-91.22931615
6,15220003,North Cedar Creek (NCC),12/19/1995 13:25:00,SNY319,14797-55-8,Nitrate (as N),Total,,2,mg/l,True,0.5,,,300(A),SNY001,Actual,SW,Water,,,Clayton,07060003,River/Stream,,42.96274242,-91.22931615
6,15220003,North Cedar Creek (NCC),10/17/1995 15:00:00,SNY319,14797-55-8,Nitrate (as N),Total,,1.5,mg/l,True,0.5,,,300(A),SNY001,Actual,SW,Water,,,Clayton,07060003,River/Stream,,42.96274242,-91.22931615
6,15220003,North Cedar Creek (NCC),10/24/1995 13:35:00,SNY319,14797-55-8,Nitrate (as N),Total,,1.7,mg/l,True,0.5,,,300(A),SNY001,Actual,SW,Water,,,Clayton,07060003,River/Stream,,42.96274242,-91.22931615
6,15220003,North Cedar Creek (NCC),11/14/1995 12:35:00,SNY319,14797-55-8,Nitrate (as N),Total,,2.1,mg/l,True,0.5,,,300(A),SNY001,Actual,SW,Water,,,Clayton,07060003,River/Stream,,42.96274242,-91.22931615
6,15220007,Sny Magill North Tributary (SNT),06/25/1996 15:50:00,SNY319,14797-55-8,Nitrate (as N),Total,,3.1,mg/l,True,0.5,,,300(A),SNY001,Actual,SW,Water,,,Clayton,07060003,River/Stream,,42.96850981,-91.22439501
6,15220007,Sny Magill North Tributary (SNT),07/30/1996 14:35:00,SNY319,14797-55-8,Nitrate (as N),Total,,2.9,mg/l,True,0.5,,,300(A),SNY001,Actual,SW,Water,,,Clayton,07060003,River/Stream,,42.96850981,-91.22439501
6,15220003,North Cedar Creek (NCC),10/10/1995 14:55:00,SNY319,14797-55-8,Nitrate (as N),Total,,1.5,mg/l,True,0.5,,,300(A),SNY001,Actual,SW,Water,,,Clayton,07060003,River/Stream,,42.96274242,-91.22931615
6,15220007,Sny Magill North Tributary (SNT),02/27/1996 14:10:00,SNY319,14797-55-8,Nitrate (as N),Total,,3.9,mg/l,True,0.5,,,300(A),SNY001,Actual,SW,Water,,,Clayton,07060003,River/Stream,,42.96850981,-91.22439501
6,15220007,Sny Magill North Tributary (SNT),05/28/1996 13:55:00,SNY319,14797-55-8,Nitrate (as N),Total,,2.9,mg/l,True,0.5,,,300(A),SNY001,Actual,SW,Water,,,Clayton,07060003,River/Stream,,42.96850981,-91.22439501
6,15220007,Sny Magill North Tributary (SNT),01/30/1996 16:20:00,SNY319,14797-55-8,Nitrate (as N),Total,,3.4,mg/l,True,0.5,,,300(A),SNY001,Actual,SW,Water,,,Clayton,07060003,River/Stream,,42.96850981,-91.22439501
6,15220006,Sny Magill Creek Site #3 (SN03),09/03/1996 12:40:00,SNY319,14797-55-8,Nitrate (as N),Total,,4,mg/l,True,0.5,,,300(A),SNY001,Actual,SW,Water,,,Clayton,07060003,River/Stream,,42.98149721,-91.24097377
6,15220006,Sny Magill Creek Site #3 (SN03),09/24/1996 15:15:00,SNY319,14797-55-8,Nitrate (as N),Total,,4.6,mg/l,True,0.5,,,300(A),SNY001,Actual,SW,Water,,,Clayton,07060003,River/Stream,,42.98149721,-91.24097377
6,15220006,Sny Magill Creek Site #3 (SN03),08/27/1996 15:50:00,SNY319,14797-55-8,Nitrate (as N),Total,,4.1,mg/l,True,0.5,,,300(A),SNY001,Actual,SW,Water,,,Clayton,07060003,River/Stream,,42.98149721,-91.24097377
6,15220006,Sny Magill Creek Site #3 (SN03),08/20/1996 16:30:00,SNY319,14797-55-8,Nitrate (as N),Total,,4.2,mg/l,True,0.5,,,300(A),SNY001,Actual,SW,Water,,,Clayton,07060003,River/Stream,,42.98149721,-91.24097377
6,15220006,Sny Magill Creek Site #3 (SN03),07/30/1996 14:50:00,SNY319,14797-55-8,Nitrate (as N),Total,,4,mg/l,True,0.5,,,300(A),SNY001,Actual,SW,Water,,,Clayton,07060003,River/Stream,,42.98149721,-91.24097377
6,15220006,Sny Magill Creek Site #3 (SN03),07/23/1996 12:30:00,SNY319,14797-55-8,Nitrate (as N),Total,,4.2,mg/l,True,0.5,,,300(A),SNY001,Actual,SW,Water,,,Clayton,07060003,River/Stream,,42.98149721,-91.24097377
6,15220006,Sny Magill Creek Site #3 (SN03),07/16/1996 11:30:00,SNY319,14797-55-8,Nitrate (as N),Total,,3.8,mg/l,True,0.5,,,300(A),SNY001,Actual,SW,Water,,,Clayton,07060003,River/Stream,,42.98149721,-91.24097377
6,15220006,Sny Magill Creek Site #3 (SN03),06/25/1996 16:10:00,SNY319,14797-55-8,Nitrate (as N),Total,,3.3,mg/l,True,0.5,,,300(A),SNY001,Actual,SW,Water,,,Clayton,07060003,River/Stream,,42.98149721,-91.24097377
6,15220006,Sny Magill Creek Site #3 (SN03),06/18/1996 11:30:00,SNY319,14797-55-8,Nitrate (as N),Total,,2.8,mg/l,True,0.5,,,300(A),SNY001,Actual,SW,Water,,,Clayton,07060003,River/Stream,,42.98149721,-91.24097377
6,15220006,Sny Magill Creek Site #3 (SN03),06/11/1996 12:15:00,SNY319,14797-55-8,Nitrate (as N),Total,,3.7,mg/l,True,0.5,,,300(A),SNY001,Actual,SW,Water,,,Clayton,07060003,River/Stream,,42.98149721,-91.24097377
6,15220006,Sny Magill Creek Site #3 (SN03),05/21/1996 13:50:00,SNY319,14797-55-8,Nitrate (as N),Total,,3.6,mg/l,True,0.5,,,300(A),SNY001,Actual,SW,Water,,,Clayton,07060003,River/Stream,,42.98149721,-91.24097377
6,15220006,Sny Magill Creek Site #3 (SN03),05/14/1996 13:00:00,SNY319,14797-55-8,Nitrate (as N),Total,,4,mg/l,True,0.5,,,300(A),SNY001,Actual,SW,Water,,,Clayton,07060003,River/Stream,,42.98149721,-91.24097377
6,15220006,Sny Magill Creek Site #3 (SN03),05/07/1996 14:10:00,SNY319,14797-55-8,Nitrate (as N),Total,,4.2,mg/l,True,0.5,,,300(A),SNY001,Actual,SW,Water,,,Clayton,07060003,River/Stream,,42.98149721,-91.24097377
6,15220006,Sny Magill Creek Site #3 (SN03),04/16/1996 14:20:00,SNY319,14797-55-8,Nitrate (as N),Total,,4.4,mg/l,True,0.5,,,300(A),SNY001,Actual,SW,Water,,,Clayton,07060003,River/Stream,,42.98149721,-91.24097377
6,15220006,Sny Magill Creek Site #3 (SN03),04/09/1996 11:30:00,SNY319,14797-55-8,Nitrate (as N),Total,,4.5,mg/l,True,0.5,,,300(A),SNY001,Actual,SW,Water,,,Clayton,07060003,River/Stream,,42.98149721,-91.24097377
6,15220006,Sny Magill Creek Site #3 (SN03),02/27/1996 14:20:00,SNY319,14797-55-8,Nitrate (as N),Total,,4.4,mg/l,True,0.5,,,300(A),SNY001,Actual,SW,Water,,,Clayton,07060003,River/Stream,,42.98149721,-91.24097377
6,15220006,Sny Magill Creek Site #3 (SN03),03/12/1996 15:20:00,SNY319,14797-55-8,Nitrate (as N),Total,,2.5,mg/l,True,0.5,,,300(A),SNY001,Actual,SW,Water,,,Clayton,07060003,River/Stream,,42.98149721,-91.24097377
6,15220006,Sny Magill Creek Site #3 (SN03),04/02/1996 11:05:00,SNY319,14797-55-8,Nitrate (as N),Total,,4.1,mg/l,True,0.5,,,300(A),SNY001,Actual,SW,Water,,,Clayton,07060003,River/Stream,,42.98149721,-91.24097377
6,15220006,Sny Magill Creek Site #3 (SN03),03/05/1996 14:50:00,SNY319,14797-55-8,Nitrate (as N),Total,,4.8,mg/l,True,0.5,,,300(A),SNY001,Actual,SW,Water,,,Clayton,07060003,River/Stream,,42.98149721,-91.24097377
6,15220006,Sny Magill Creek Site #3 (SN03),01/30/1996 16:40:00,SNY319,14797-55-8,Nitrate (as N),Total,,5.5,mg/l,True,0.5,,,300(A),SNY001,Actual,SW,Water,,,Clayton,07060003,River/Stream,,42.98149721,-91.24097377
6,15220006,Sny Magill Creek Site #3 (SN03),01/23/1996 15:15:00,SNY319,14797-55-8,Nitrate (as N),Total,,5.2,mg/l,True,0.5,,,300(A),SNY001,Actual,SW,Water,,,Clayton,07060003,River/Stream,,42.98149721,-91.24097377
6,15220005,Sny Magill Creek Site #2 (SN02),09/24/1996 14:50:00,SNY319,14797-55-8,Nitrate (as N),Total,,2.6,mg/l,True,0.5,,,300(A),SNY001,Actual,SW,Water,,,Clayton,07060003,River/Stream,,42.96808222,-91.22331192
6,15220005,Sny Magill Creek Site #2 (SN02),08/27/1996 15:10:00,SNY319,14797-55-8,Nitrate (as N),Total,,2.6,mg/l,True,0.5,,,300(A),SNY001,Actual,SW,Water,,,Clayton,07060003,River/Stream,,42.96808222,-91.22331192
6,15220005,Sny Magill Creek Site #2 (SN02),07/30/1996 14:25:00,SNY319,14797-55-8,Nitrate (as N),Total,,2.7,mg/l,True,0.5,,,300(A),SNY001,Actual,SW,Water,,,Clayton,07060003,River/Stream,,42.96808222,-91.22331192
6,15220008,West Fork Sny Magill Creek  (SNWF),12/12/1995 15:30:00,SNY319,14797-55-8,Nitrate (as N),Total,,3.4,mg/l,True,0.5,,,300(A),SNY001,Actual,SW,Water,,,Clayton,07060003,River/Stream,,42.97628121,-91.23730654
6,15220008,West Fork Sny Magill Creek  (SNWF),12/05/1995 14:50:00,SNY319,14797-55-8,Nitrate (as N),Total,,3.4,mg/l,True,0.5,,,300(A),SNY001,Actual,SW,Water,,,Clayton,07060003,River/Stream,,42.97628121,-91.23730654
6,15220008,West Fork Sny Magill Creek  (SNWF),11/14/1995 13:00:00,SNY319,14797-55-8,Nitrate (as N),Total,,3.6,mg/l,True,0.5,,,300(A),SNY001,Actual,SW,Water,,,Clayton,07060003,River/Stream,,42.97628121,-91.23730654
6,15220008,West Fork Sny Magill Creek  (SNWF),11/07/1995 15:20:00,SNY319,14797-55-8,Nitrate (as N),Total,,3.6,mg/l,True,0.5,,,300(A),SNY001,Actual,SW,Water,,,Clayton,07060003,River/Stream,,42.97628121,-91.23730654
6,15220008,West Fork Sny Magill Creek  (SNWF),10/31/1995 12:45:00,SNY319,14797-55-8,Nitrate (as N),Total,,3.1,mg/l,True,0.5,,,300(A),SNY001,Actual,SW,Water,,,Clayton,07060003,River/Stream,,42.97628121,-91.23730654
6,15220008,West Fork Sny Magill Creek  (SNWF),10/10/1995 15:40:00,SNY319,14797-55-8,Nitrate (as N),Total,,3,mg/l,True,0.5,,,300(A),SNY001,Actual,SW,Water,,,Clayton,07060003,River/Stream,,42.97628121,-91.23730654
6,15220008,West Fork Sny Magill Creek  (SNWF),10/03/1995 17:00:00,SNY319,14797-55-8,Nitrate (as N),Total,,2.9,mg/l,True,0.5,,,300(A),SNY001,Actual,SW,Water,,,Clayton,07060003,River/Stream,,42.97628121,-91.23730654
6,15220008,West Fork Sny Magill Creek  (SNWF),09/17/1996 12:55:00,SNY319,14797-55-8,Nitrate (as N),Total,,2.9,mg/l,True,0.5,,,300(A),SNY001,Actual,SW,Water,,,Clayton,07060003,River/Stream,,42.97628121,-91.23730654
6,15220008,West Fork Sny Magill Creek  (SNWF),09/10/1996 13:30:00,SNY319,14797-55-8,Nitrate (as N),Total,,2.7,mg/l,True,0.5,,,300(A),SNY001,Actual,SW,Water,,,Clayton,07060003,River/Stream,,42.97628121,-91.23730654
6,15220008,West Fork Sny Magill Creek  (SNWF),08/13/1996 13:35:00,SNY319,14797-55-8,Nitrate (as N),Total,,2.8,mg/l,True,0.5,,,300(A),SNY001,Actual,SW,Water,,,Clayton,07060003,River/Stream,,42.97628121,-91.23730654
6,15220008,West Fork Sny Magill Creek  (SNWF),08/06/1996 11:30:00,SNY319,14797-55-8,Nitrate (as N),Total,,2.8,mg/l,True,0.5,,,300(A),SNY001,Actual,SW,Water,,,Clayton,07060003,River/Stream,,42.97628121,-91.23730654
6,15220008,West Fork Sny Magill Creek  (SNWF),07/09/1996 14:25:00,SNY319,14797-55-8,Nitrate (as N),Total,,2.6,mg/l,True,0.5,,,300(A),SNY001,Actual,SW,Water,,,Clayton,07060003,River/Stream,,42.97628121,-91.23730654
6,15220008,West Fork Sny Magill Creek  (SNWF),07/02/1996 11:30:00,SNY319,14797-55-8,Nitrate (as N),Total,,2.6,mg/l,True,0.5,,,300(A),SNY001,Actual,SW,Water,,,Clayton,07060003,River/Stream,,42.97628121,-91.23730654
6,10220003,Bloody Run Creek Site #1 (BR01),07/02/1996 10:00:00,SNY319,14797-65-0,Nitrite (as N),Total,,0.5,mg/l,False,0.5,,,Unknown,SNY001,Actual,SW,Water,,,Clayton,07060001,River/Stream,,43.0404991,-91.2055504
6,10220003,Bloody Run Creek Site #1 (BR01),07/23/1996 11:20:00,SNY319,14797-65-0,Nitrite (as N),Total,,0.5,mg/l,False,0.5,,,Unknown,SNY001,Actual,SW,Water,,,Clayton,07060001,River/Stream,,43.0404991,-91.2055504
6,10220003,Bloody Run Creek Site #1 (BR01),08/13/1996 11:35:00,SNY319,14797-65-0,Nitrite (as N),Total,,0.5,mg/l,False,0.5,,,Unknown,SNY001,Actual,SW,Water,,,Clayton,07060001,River/Stream,,43.0404991,-91.2055504
6,10220003,Bloody Run Creek Site #1 (BR01),09/03/1996 11:25:00,SNY319,14797-65-0,Nitrite (as N),Total,,0.5,mg/l,False,0.5,,,Unknown,SNY001,Actual,SW,Water,,,Clayton,07060001,River/Stream,,43.0404991,-91.2055504
6,10220003,Bloody Run Creek Site #1 (BR01),09/24/1996 13:10:00,SNY319,14797-65-0,Nitrite (as N),Total,,0.5,mg/l,False,0.5,,,Unknown,SNY001,Actual,SW,Water,,,Clayton,07060001,River/Stream,,43.0404991,-91.2055504
6,10220003,Bloody Run Creek Site #1 (BR01),12/11/2008 10:05:00,AMBIENT,14797-65-0,Nitrite (as N),Total,,0.05,mg/l,False,0.05,,,300(A),UHL001,Actual,SW,Water,,,Clayton,07060001,River/Stream,,43.0404991,-91.2055504
6,15220001,Bloody Run Creek Site #2 (BR02),09/28/1994 08:40:00,SNY319,14797-65-0,Nitrite (as N),Total,,0.5,mg/l,False,0.5,,,Unknown,SNY001,Actual,SW,Water,,,Clayton,07060001,River/Stream,,43.03547975,-91.26682808
6,15220001,Bloody Run Creek Site #2 (BR02),10/11/1994 13:30:00,SNY319,14797-65-0,Nitrite (as N),Total,,0.5,mg/l,False,0.5,,,Unknown,SNY001,Actual,SW,Water,,,Clayton,07060001,River/Stream,,43.03547975,-91.26682808
6,15220001,Bloody Run Creek Site #2 (BR02),10/18/1994 11:00:00,SNY319,14797-65-0,Nitrite (as N),Total,,0.5,mg/l,False,0.5,,,Unknown,SNY001,Actual,SW,Water,,,Clayton,07060001,River/Stream,,43.03547975,-91.26682808
6,15220001,Bloody Run Creek Site #2 (BR02),11/15/1994 12:40:00,SNY319,14797-65-0,Nitrite (as N),Total,,0.5,mg/l,False,0.5,,,Unknown,SNY001,Actual,SW,Water,,,Clayton,07060001,River/Stream,,43.03547975,-91.26682808
6,15220001,Bloody Run Creek Site #2 (BR02),11/22/1994 12:10:00,SNY319,14797-65-0,Nitrite (as N),Total,,0.5,mg/l,False,0.5,,,Unknown,SNY001,Actual,SW,Water,,,Clayton,07060001,River/Stream,,43.03547975,-91.26682808
6,15220001,Bloody Run Creek Site #2 (BR02),12/20/1994 10:10:00,SNY319,14797-65-0,Nitrite (as N),Total,,0.5,mg/l,False,0.5,,,Unknown,SNY001,Actual,SW,Water,,,Clayton,07060001,River/Stream,,43.03547975,-91.26682808
6,15220001,Bloody Run Creek Site #2 (BR02),12/27/1994 09:00:00,SNY319,14797-65-0,Nitrite (as N),Total,,0.5,mg/l,False,0.5,,,Unknown,SNY001,Actual,SW,Water,,,Clayton,07060001,River/Stream,,43.03547975,-91.26682808
6,15220003,North Cedar Creek (NCC),10/04/1994 15:30:00,SNY319,14797-65-0,Nitrite (as N),Total,,0.5,mg/l,False,0.5,,,Unknown,SNY001,Actual,SW,Water,,,Clayton,07060003,River/Stream,,42.96274242,-91.22931615
6,15220003,North Cedar Creek (NCC),11/08/1994 16:15:00,SNY319,14797-65-0,Nitrite (as N),Total,,0.5,mg/l,False,0.5,,,Unknown,SNY001,Actual,SW,Water,,,Clayton,07060003,River/Stream,,42.96274242,-91.22931615
6,15220003,North Cedar Creek (NCC),10/11/1994 14:50:00,SNY319,14797-65-0,Nitrite (as N),Total,,0.5,mg/l,False,0.5,,,Unknown,SNY001,Actual,SW,Water,,,Clayton,07060003,River/Stream,,42.96274242,-91.22931615
6,15220003,North Cedar Creek (NCC),11/15/1994 14:15:00,SNY319,14797-65-0,Nitrite (as N),Total,,0.5,mg/l,False,0.5,,,Unknown,SNY001,Actual,SW,Water,,,Clayton,07060003,River/Stream,,42.96274242,-91.22931615
6,15220003,North Cedar Creek (NCC),12/13/1994 14:30:00,SNY319,14797-65-0,Nitrite (as N),Total,,0.5,mg/l,False,0.5,,,Unknown,SNY001,Actual,SW,Water,,,Clayton,07060003,River/Stream,,42.96274242,-91.22931615
6,15220003,North Cedar Creek (NCC),12/20/1994 11:15:00,SNY319,14797-65-0,Nitrite (as N),Total,,0.5,mg/l,False,0.5,,,Unknown,SNY001,Actual,SW,Water,,,Clayton,07060003,River/Stream,,42.96274242,-91.22931615
6,15220001,Bloody Run Creek Site #2 (BR02),01/17/1995 11:00:00,SNY319,14797-65-0,Nitrite (as N),Total,,0.5,mg/l,False,0.5,,,Unknown,SNY001,Actual,SW,Water,,,Clayton,07060001,River/Stream,,43.03547975,-91.26682808
6,15220001,Bloody Run Creek Site #2 (BR02),01/24/1995 12:40:00,SNY319,14797-65-0,Nitrite (as N),Total,,0.5,mg/l,False,0.5,,,Unknown,SNY001,Actual,SW,Water,,,Clayton,07060001,River/Stream,,43.03547975,-91.26682808
6,15220001,Bloody Run Creek Site #2 (BR02),03/21/1995 10:40:00,SNY319,14797-65-0,Nitrite (as N),Total,,0.5,mg/l,False,0.5,,,Unknown,SNY001,Actual,SW,Water,,,Clayton,07060001,River/Stream,,43.03547975,-91.26682808
6,15220001,Bloody Run Creek Site #2 (BR02),02/21/1995 10:30:00,SNY319,14797-65-0,Nitrite (as N),Total,,0.5,mg/l,False,0.5,,,Unknown,SNY001,Actual,SW,Water,,,Clayton,07060001,River/Stream,,43.03547975,-91.26682808
6,15220001,Bloody Run Creek Site #2 (BR02),02/28/1995 08:45:00,SNY319,14797-65-0,Nitrite (as N),Total,,0.5,mg/l,False,0.5,,,Unknown,SNY001,Actual,SW,Water,,,Clayton,07060001,River/Stream,,43.03547975,-91.26682808
6,15220001,Bloody Run Creek Site #2 (BR02),04/25/1995 09:15:00,SNY319,14797-65-0,Nitrite (as N),Total,,0.5,mg/l,False,0.5,,,Unknown,SNY001,Actual,SW,Water,,,Clayton,07060001,River/Stream,,43.03547975,-91.26682808
6,15220001,Bloody Run Creek Site #2 (BR02),05/02/1995 10:00:00,SNY319,14797-65-0,Nitrite (as N),Total,,0.5,mg/l,False,0.5,,,Unknown,SNY001,Actual,SW,Water,,,Clayton,07060001,River/Stream,,43.03547975,-91.26682808
6,15220001,Bloody Run Creek Site #2 (BR02),03/28/1995 10:15:00,SNY319,14797-65-0,Nitrite (as N),Total,,0.5,mg/l,False,0.5,,,Unknown,SNY001,Actual,SW,Water,,,Clayton,07060001,River/Stream,,43.03547975,-91.26682808
6,15220001,Bloody Run Creek Site #2 (BR02),04/04/1995 12:40:00,SNY319,14797-65-0,Nitrite (as N),Total,,0.5,mg/l,False,0.5,,,Unknown,SNY001,Actual,SW,Water,,,Clayton,07060001,River/Stream,,43.03547975,-91.26682808
6,15220001,Bloody Run Creek Site #2 (BR02),05/09/1995 12:40:00,SNY319,14797-65-0,Nitrite (as N),Total,,0.5,mg/l,False,0.5,,,Unknown,SNY001,Actual,SW,Water,,,Clayton,07060001,River/Stream,,43.03547975,-91.26682808
6,15220001,Bloody Run Creek Site #2 (BR02),05/30/1995 12:55:00,SNY319,14797-65-0,Nitrite (as N),Total,,0.5,mg/l,False,0.5,,,Unknown,SNY001,Actual,SW,Water,,,Clayton,07060001,River/Stream,,43.03547975,-91.26682808
6,15220001,Bloody Run Creek Site #2 (BR02),06/06/1995 08:10:00,SNY319,14797-65-0,Nitrite (as N),Total,,0.5,mg/l,False,0.5,,,Unknown,SNY001,Actual,SW,Water,,,Clayton,07060001,River/Stream,,43.03547975,-91.26682808
6,15220001,Bloody Run Creek Site #2 (BR02),06/13/1995 11:50:00,SNY319,14797-65-0,Nitrite (as N),Total,,0.5,mg/l,False,0.5,,,Unknown,SNY001,Actual,SW,Water,,,Clayton,07060001,River/Stream,,43.03547975,-91.26682808
6,15220001,Bloody Run Creek Site #2 (BR02),07/11/1995 15:10:00,SNY319,14797-65-0,Nitrite (as N),Total,,0.5,mg/l,False,0.5,,,Unknown,SNY001,Actual,SW,Water,,,Clayton,07060001,River/Stream,,43.03547975,-91.26682808
6,15220001,Bloody Run Creek Site #2 (BR02),07/18/1995 13:45:00,SNY319,14797-65-0,Nitrite (as N),Total,,0.5,mg/l,False,0.5,,,Unknown,SNY001,Actual,SW,Water,,,Clayton,07060001,River/Stream,,43.03547975,-91.26682808
6,15220001,Bloody Run Creek Site #2 (BR02),07/04/1995 13:00:00,SNY319,14797-65-0,Nitrite (as N),Total,,0.5,mg/l,False,0.5,,,Unknown,SNY001,Actual,SW,Water,,,Clayton,07060001,River/Stream,,43.03547975,-91.26682808
6,15220001,Bloody Run Creek Site #2 (BR02),08/15/1995 15:00:00,SNY319,14797-65-0,Nitrite (as N),Total,,0.5,mg/l,False,0.5,,,Unknown,SNY001,Actual,SW,Water,,,Clayton,07060001,River/Stream,,43.03547975,-91.26682808
6,15220001,Bloody Run Creek Site #2 (BR02),08/22/1995 13:00:00,SNY319,14797-65-0,Nitrite (as N),Total,,0.5,mg/l,False,0.5,,,Unknown,SNY001,Actual,SW,Water,,,Clayton,07060001,River/Stream,,43.03547975,-91.26682808
6,15220001,Bloody Run Creek Site #2 (BR02),09/19/1995 10:40:00,SNY319,14797-65-0,Nitrite (as N),Total,,0.5,mg/l,False,0.5,,,Unknown,SNY001,Actual,SW,Water,,,Clayton,07060001,River/Stream,,43.03547975,-91.26682808
6,15220001,Bloody Run Creek Site #2 (BR02),09/26/1995 12:20:00,SNY319,14797-65-0,Nitrite (as N),Total,,0.5,mg/l,False,0.5,,,Unknown,SNY001,Actual,SW,Water,,,Clayton,07060001,River/Stream,,43.03547975,-91.26682808
6,15220002,Bloody Run Creek at Spook Cave (BRSC),04/25/1995 09:25:00,SNY319,14797-65-0,Nitrite (as N),Total,,0.5,mg/l,False,0.5,,,Unknown,SNY001,Actual,SW,Water,,,Clayton,07060001,River/Stream,,43.03326422,-91.30759437
6,15220002,Bloody Run Creek at Spook Cave (BRSC),05/30/1995 12:40:00,SNY319,14797-65-0,Nitrite (as N),Total,,0.5,mg/l,False,0.5,,,Unknown,SNY001,Actual,SW,Water,,,Clayton,07060001,River/Stream,,43.03326422,-91.30759437
6,15220002,Bloody Run Creek at Spook Cave (BRSC),09/26/1995 11:45:00,SNY319,14797-65-0,Nitrite (as N),Total,,0.5,mg/l,False,0.5,,,Unknown,SNY001,Actual,SW,Water,,,Clayton,07060001,River/Stream,,43.03326422,-91.30759437
6,15220003,North Cedar Creek (NCC),01/03/1995 11:00:00,SNY319,14797-65-0,Nitrite (as N),Total,,0.5,mg/l,False,0.5,,,Unknown,SNY001,Actual,SW,Water,,,Clayton,07060003,River/Stream,,42.96274242,-91.22931615
6,15220003,North Cedar Creek (NCC),01/31/1995 11:10:00,SNY319,14797-65-0,Nitrite (as N),Total,,0.5,mg/l,False,0.5,,,Unknown,SNY001,Actual,SW,Water,,,Clayton,07060003,River/Stream,,42.96274242,-91.22931615
6,15220003,North Cedar Creek (NCC),01/24/1995 13:50:00,SNY319,14797-65-0,Nitrite (as N),Total,,0.5,mg/l,False,0.5,,,Unknown,SNY001,Actual,SW,Water,,,Clayton,07060003,River/Stream,,42.96274242,-91.22931615
6,15220003,North Cedar Creek (NCC),02/28/1995 09:50:00,SNY319,14797-65-0,Nitrite (as N),Total,,0.5,mg/l,False,0.5,,,Unknown,SNY001,Actual,SW,Water,,,Clayton,07060003,River/Stream,,42.96274242,-91.22931615
6,15220003,North Cedar Creek (NCC),02/07/1995 12:00:00,SNY319,14797-65-0,Nitrite (as N),Total,,0.5,mg/l,False,0.5,,,Unknown,SNY001,Actual,SW,Water,,,Clayton,07060003,River/Stream,,42.96274242,-91.22931615
6,15220003,North Cedar Creek (NCC),03/07/1995 12:30:00,SNY319,14797-65-0,Nitrite (as N),Total,,0.5,mg/l,False,0.5,,,Unknown,SNY001,Actual,SW,Water,,,Clayton,07060003,River/Stream,,42.96274242,-91.22931615
6,15220003,North Cedar Creek (NCC),03/14/1995 15:05:00,SNY319,14797-65-0,Nitrite (as N),Total,,0.5,mg/l,False,0.5,,,Unknown,SNY001,Actual,SW,Water,,,Clayton,07060003,River/Stream,,42.96274242,-91.22931615
6,15220003,North Cedar Creek (NCC),04/04/1995 14:10:00,SNY319,14797-65-0,Nitrite (as N),Total,,0.5,mg/l,False,0.5,,,Unknown,SNY001,Actual,SW,Water,,,Clayton,07060003,River/Stream,,42.96274242,-91.22931615
6,15220003,North Cedar Creek (NCC),04/11/1995 13:45:00,SNY319,14797-65-0,Nitrite (as N),Total,,0.5,mg/l,False,0.5,,,Unknown,SNY001,Actual,SW,Water,,,Clayton,07060003,River/Stream,,42.96274242,-91.22931615
6,15220003,North Cedar Creek (NCC),04/18/1995 12:45:00,SNY319,14797-65-0,Nitrite (as N),Total,,0.5,mg/l,False,0.5,,,Unknown,SNY001,Actual,SW,Water,,,Clayton,07060003,River/Stream,,42.96274242,-91.22931615
6,15220003,North Cedar Creek (NCC),05/16/1995 12:10:00,SNY319,14797-65-0,Nitrite (as N),Total,,0.5,mg/l,False,0.5,,,Unknown,SNY001,Actual,SW,Water,,,Clayton,07060003,River/Stream,,42.96274242,-91.22931615
6,15220003,North Cedar Creek (NCC),05/23/1995 14:25:00,SNY319,14797-65-0,Nitrite (as N),Total,,0.5,mg/l,False,0.5,,,Unknown,SNY001,Actual,SW,Water,,,Clayton,07060003,River/Stream,,42.96274242,-91.22931615
6,15220003,North Cedar Creek (NCC),05/09/1995 14:20:00,SNY319,14797-65-0,Nitrite (as N),Total,,0.5,mg/l,False,0.5,,,Unknown,SNY001,Actual,SW,Water,,,Clayton,07060003,River/Stream,,42.96274242,-91.22931615
6,15220003,North Cedar Creek (NCC),06/13/1995 14:50:00,SNY319,14797-65-0,Nitrite (as N),Total,,0.5,mg/l,False,0.5,,,Unknown,SNY001,Actual,SW,Water,,,Clayton,07060003,River/Stream,,42.96274242,-91.22931615
6,15220003,North Cedar Creek (NCC),07/18/1995 15:45:00,SNY319,14797-65-0,Nitrite (as N),Total,,0.5,mg/l,False,0.5,,,Unknown,SNY001,Actual,SW,Water,,,Clayton,07060003,River/Stream,,42.96274242,-91.22931615
6,15220003,North Cedar Creek (NCC),06/20/1995 12:30:00,SNY319,14797-65-0,Nitrite (as N),Total,,0.5,mg/l,False,0.5,,,Unknown,SNY001,Actual,SW,Water,,,Clayton,07060003,River/Stream,,42.96274242,-91.22931615
6,15220003,North Cedar Creek (NCC),07/25/1995 17:40:00,SNY319,14797-65-0,Nitrite (as N),Total,,0.5,mg/l,False,0.5,,,Unknown,SNY001,Actual,SW,Water,,,Clayton,07060003,River/Stream,,42.96274242,-91.22931615
6,15220003,North Cedar Creek (NCC),08/01/1995 12:10:00,SNY319,14797-65-0,Nitrite (as N),Total,,0.5,mg/l,False,0.5,,,Unknown,SNY001,Actual,SW,Water,,,Clayton,07060003,River/Stream,,42.96274242,-91.22931615
6,15220003,North Cedar Creek (NCC),09/05/1995 12:05:00,SNY319,14797-65-0,Nitrite (as N),Total,,0.5,mg/l,False,0.5,,,Unknown,SNY001,Actual,SW,Water,,,Clayton,07060003,River/Stream,,42.96274242,-91.22931615
6,15220003,North Cedar Creek (NCC),08/22/1995 14:45:00,SNY319,14797-65-0,Nitrite (as N),Total,,0.5,mg/l,False,0.5,,,Unknown,SNY001,Actual,SW,Water,,,Clayton,07060003,River/Stream,,42.96274242,-91.22931615
6,15220003,North Cedar Creek (NCC),08/29/1995 15:10:00,SNY319,14797-65-0,Nitrite (as N),Total,,0.5,mg/l,False,0.5,,,Unknown,SNY001,Actual,SW,Water,,,Clayton,07060003,River/Stream,,42.96274242,-91.22931615
6,15220003,North Cedar Creek (NCC),01/16/1996 12:45:00,SNY319,14797-65-0,Nitrite (as N),Total,,0.5,mg/l,False,0.5,,,Unknown,SNY001,Actual,SW,Water,,,Clayton,07060003,River/Stream,,42.96274242,-91.22931615
6,15220003,North Cedar Creek (NCC),02/13/1996 13:40:00,SNY319,14797-65-0,Nitrite (as N),Total,,0.5,mg/l,False,0.5,,,Unknown,SNY001,Actual,SW,Water,,,Clayton,07060003,River/Stream,,42.96274242,-91.22931615
6,15220003,North Cedar Creek (NCC),01/09/1996 14:50:00,SNY319,14797-65-0,Nitrite (as N),Total,,0.5,mg/l,False,0.5,,,Unknown,SNY001,Actual,SW,Water,,,Clayton,07060003,River/Stream,,42.96274242,-91.22931615
6,15220003,North Cedar Creek (NCC),02/27/1996 13:50:00,SNY319,14797-65-0,Nitrite (as N),Total,,0.5,mg/l,False,0.5,,,Unknown,SNY001,Actual,SW,Water,,,Clayton,07060003,River/Stream,,42.96274242,-91.22931615
6,15220003,North Cedar Creek (NCC),03/19/1996 11:45:00,SNY319,14797-65-0,Nitrite (as N),Total,,0.5,mg/l,False,0.5,,,Unknown,SNY001,Actual,SW,Water,,,Clayton,07060003,River/Stream,,42.96274242,-91.22931615
6,15220003,North Cedar Creek (NCC),03/26/1996 12:30:00,SNY319,14797-65-0,Nitrite (as N),Total,,0.5,mg/l,False,0.5,,,Unknown,SNY001,Actual,SW,Water,,,Clayton,07060003,River/Stream,,42.96274242,-91.22931615
6,15220003,North Cedar Creek (NCC),02/20/1996 10:50:00,SNY319,14797-65-0,Nitrite (as N),Total,,0.5,mg/l,False,0.5,,,Unknown,SNY001,Actual,SW,Water,,,Clayton,07060003,River/Stream,,42.96274242,-91.22931615
6,15220003,North Cedar Creek (NCC),04/02/1996 11:30:00,SNY319,14797-65-0,Nitrite (as N),Total,,0.5,mg/l,False,0.5,,,Unknown,SNY001,Actual,SW,Water,,,Clayton,07060003,River/Stream,,42.96274242,-91.22931615
6,15220003,North Cedar Creek (NCC),04/23/1996 11:25:00,SNY319,14797-65-0,Nitrite (as N),Total,,0.5,mg/l,False,0.5,,,Unknown,SNY001,Actual,SW,Water,,,Clayton,07060003,River/Stream,,42.96274242,-91.22931615
6,15220003,North Cedar Creek (NCC),04/30/1996 13:15:00,SNY319,14797-65-0,Nitrite (as N),Total,,0.5,mg/l,False,0.5,,,Unknown,SNY001,Actual,SW,Water,,,Clayton,07060003,River/Stream,,42.96274242,-91.22931615
6,15220003,North Cedar Creek (NCC),05/07/1996 13:45:00,SNY319,14797-65-0,Nitrite (as N),Total,,0.5,mg/l,False,0.5,,,Unknown,SNY001,Actual,SW,Water,,,Clayton,07060003,River/Stream,,42.96274242,-91.22931615
6,15220003,North Cedar Creek (NCC),05/28/1996 13:30:00,SNY319,14797-65-0,Nitrite (as N),Total,,0.5,mg/l,False,0.5,,,Unknown,SNY001,Actual,SW,Water,,,Clayton,07060003,River/Stream,,42.96274242,-91.22931615
6,15220003,North Cedar Creek (NCC),06/11/1996 12:00:00,SNY319,14797-65-0,Nitrite (as N),Total,,0.5,mg/l,False,0.5,,,Unknown,SNY001,Actual,SW,Water,,,Clayton,07060003,River/Stream,,42.96274242,-91.22931615
6,15220003,North Cedar Creek (NCC),06/04/1996 13:40:00,SNY319,14797-65-0,Nitrite (as N),Total,,0.5,mg/l,False,0.5,,,Unknown,SNY001,Actual,SW,Water,,,Clayton,07060003,River/Stream,,42.96274242,-91.22931615
6,15220003,North Cedar Creek (NCC),07/09/1996 13:45:00,SNY319,14797-65-0,Nitrite (as N),Total,,0.5,mg/l,False,0.5,,,Unknown,SNY001,Actual,SW,Water,,,Clayton,07060003,River/Stream,,42.96274242,-91.22931615
6,15220003,North Cedar Creek (NCC),08/06/1996 12:30:00,SNY319,14797-65-0,Nitrite (as N),Total,,0.5,mg/l,False,0.5,,,Unknown,SNY001,Actual,SW,Water,,,Clayton,07060003,River/Stream,,42.96274242,-91.22931615
6,15220003,North Cedar Creek (NCC),07/16/1996 12:00:00,SNY319,14797-65-0,Nitrite (as N),Total,,0.5,mg/l,False,0.5,,,Unknown,SNY001,Actual,SW,Water,,,Clayton,07060003,River/Stream,,42.96274242,-91.22931615
6,15220003,North Cedar Creek (NCC),08/13/1996 13:00:00,SNY319,14797-65-0,Nitrite (as N),Total,,0.5,mg/l,False,0.5,,,Unknown,SNY001,Actual,SW,Water,,,Clayton,07060003,River/Stream,,42.96274242,-91.22931615
6,15220003,North Cedar Creek (NCC),08/20/1996 16:15:00,SNY319,14797-65-0,Nitrite (as N),Total,,0.5,mg/l,False,0.5,,,Unknown,SNY001,Actual,SW,Water,,,Clayton,07060003,River/Stream,,42.96274242,-91.22931615
6,15220003,North Cedar Creek (NCC),09/10/1996 12:50:00,SNY319,14797-65-0,Nitrite (as N),Total,,0.5,mg/l,False,0.5,,,Unknown,SNY001,Actual,SW,Water,,,Clayton,07060003,River/Stream,,42.96274242,-91.22931615
6,15220001,Bloody Run Creek Site #2 (BR02),10/03/1995 14:50:00,SNY319,14797-65-0,Nitrite (as N),Total,,0.5,mg/l,False,0.5,,,Unknown,SNY001,Actual,SW,Water,,,Clayton,07060001,River/Stream,,43.03547975,-91.26682808
6,15220001,Bloody Run Creek Site #2 (BR02),10/10/1995 13:00:00,SNY319,14797-65-0,Nitrite (as N),Total,,0.5,mg/l,False,0.5,,,Unknown,SNY001,Actual,SW,Water,,,Clayton,07060001,River/Stream,,43.03547975,-91.26682808
6,15220001,Bloody Run Creek Site #2 (BR02),11/07/1995 12:30:00,SNY319,14797-65-0,Nitrite (as N),Total,,0.5,mg/l,False,0.5,,,Unknown,SNY001,Actual,SW,Water,,,Clayton,07060001,River/Stream,,43.03547975,-91.26682808
6,15220001,Bloody Run Creek Site #2 (BR02),11/14/1995 11:00:00,SNY319,14797-65-0,Nitrite (as N),Total,,0.5,mg/l,False,0.5,,,Unknown,SNY001,Actual,SW,Water,,,Clayton,07060001,River/Stream,,43.03547975,-91.26682808
6,15220001,Bloody Run Creek Site #2 (BR02),01/09/1996 13:10:00,SNY319,14797-65-0,Nitrite (as N),Total,,0.5,mg/l,False,0.5,,,Unknown,SNY001,Actual,SW,Water,,,Clayton,07060001,River/Stream,,43.03547975,-91.26682808
6,15220002,Bloody Run Creek at Spook Cave (BRSC),11/28/1995 12:05:00,SNY319,14797-65-0,Nitrite (as N),Total,,0.5,mg/l,False,0.5,,,Unknown,SNY001,Actual,SW,Water,,,Clayton,07060001,River/Stream,,43.03326422,-91.30759437
6,15220001,Bloody Run Creek Site #2 (BR02),12/12/1995 12:10:00,SNY319,14797-65-0,Nitrite (as N),Total,,0.5,mg/l,False,0.5,,,Unknown,SNY001,Actual,SW,Water,,,Clayton,07060001,River/Stream,,43.03547975,-91.26682808
6,15220001,Bloody Run Creek Site #2 (BR02),12/19/1995 12:00:00,SNY319,14797-65-0,Nitrite (as N),Total,,0.5,mg/l,False,0.5,,,Unknown,SNY001,Actual,SW,Water,,,Clayton,07060001,River/Stream,,43.03547975,-91.26682808
6,15220001,Bloody Run Creek Site #2 (BR02),01/16/1996 11:30:00,SNY319,14797-65-0,Nitrite (as N),Total,,0.5,mg/l,False,0.5,,,Unknown,SNY001,Actual,SW,Water,,,Clayton,07060001,River/Stream,,43.03547975,-91.26682808
6,15220001,Bloody Run Creek Site #2 (BR02),02/13/1996 12:05:00,SNY319,14797-65-0,Nitrite (as N),Total,,0.5,mg/l,False,0.5,,,Unknown,SNY001,Actual,SW,Water,,,Clayton,07060001,River/Stream,,43.03547975,-91.26682808
6,15220001,Bloody Run Creek Site #2 (BR02),03/19/1996 10:10:00,SNY319,14797-65-0,Nitrite (as N),Total,,0.5,mg/l,False,0.5,,,Unknown,SNY001,Actual,SW,Water,,,Clayton,07060001,River/Stream,,43.03547975,-91.26682808
6,15220001,Bloody Run Creek Site #2 (BR02),03/26/1996 09:05:00,SNY319,14797-65-0,Nitrite (as N),Total,,0.5,mg/l,False,0.5,,,Unknown,SNY001,Actual,SW,Water,,,Clayton,07060001,River/Stream,,43.03547975,-91.26682808
6,15220002,Bloody Run Creek at Spook Cave (BRSC),12/26/1995 11:45:00,SNY319,14797-65-0,Nitrite (as N),Total,,0.5,mg/l,False,0.5,,,Unknown,SNY001,Actual,SW,Water,,,Clayton,07060001,River/Stream,,43.03326422,-91.30759437
6,15220001,Bloody Run Creek Site #2 (BR02),02/20/1996 12:00:00,SNY319,14797-65-0,Nitrite (as N),Total,,0.5,mg/l,False,0.5,,,Unknown,SNY001,Actual,SW,Water,,,Clayton,07060001,River/Stream,,43.03547975,-91.26682808
6,15220001,Bloody Run Creek Site #2 (BR02),04/02/1996 10:05:00,SNY319,14797-65-0,Nitrite (as N),Total,,0.5,mg/l,False,0.5,,,Unknown,SNY001,Actual,SW,Water,,,Clayton,07060001,River/Stream,,43.03547975,-91.26682808
6,15220001,Bloody Run Creek Site #2 (BR02),04/23/1996 13:10:00,SNY319,14797-65-0,Nitrite (as N),Total,,0.5,mg/l,False,0.5,,,Unknown,SNY001,Actual,SW,Water,,,Clayton,07060001,River/Stream,,43.03547975,-91.26682808
6,15220001,Bloody Run Creek Site #2 (BR02),04/30/1996 11:40:00,SNY319,14797-65-0,Nitrite (as N),Total,,0.5,mg/l,False,0.5,,,Unknown,SNY001,Actual,SW,Water,,,Clayton,07060001,River/Stream,,43.03547975,-91.26682808
6,15220001,Bloody Run Creek Site #2 (BR02),05/28/1996 12:00:00,SNY319,14797-65-0,Nitrite (as N),Total,,0.5,mg/l,False,0.5,,,Unknown,SNY001,Actual,SW,Water,,,Clayton,07060001,River/Stream,,43.03547975,-91.26682808
6,15220001,Bloody Run Creek Site #2 (BR02),06/04/1996 12:10:00,SNY319,14797-65-0,Nitrite (as N),Total,,0.5,mg/l,False,0.5,,,Unknown,SNY001,Actual,SW,Water,,,Clayton,07060001,River/Stream,,43.03547975,-91.26682808
6,15220001,Bloody Run Creek Site #2 (BR02),07/02/1996 10:30:00,SNY319,14797-65-0,Nitrite (as N),Total,,0.5,mg/l,False,0.5,,,Unknown,SNY001,Actual,SW,Water,,,Clayton,07060001,River/Stream,,43.03547975,-91.26682808
6,15220001,Bloody Run Creek Site #2 (BR02),07/09/1996 11:35:00,SNY319,14797-65-0,Nitrite (as N),Total,,0.5,mg/l,False,0.5,,,Unknown,SNY001,Actual,SW,Water,,,Clayton,07060001,River/Stream,,43.03547975,-91.26682808
6,15220001,Bloody Run Creek Site #2 (BR02),08/06/1996 10:30:00,SNY319,14797-65-0,Nitrite (as N),Total,,0.5,mg/l,False,0.5,,,Unknown,SNY001,Actual,SW,Water,,,Clayton,07060001,River/Stream,,43.03547975,-91.26682808
6,15220001,Bloody Run Creek Site #2 (BR02),08/13/1996 11:00:00,SNY319,14797-65-0,Nitrite (as N),Total,,0.5,mg/l,False,0.5,,,Unknown,SNY001,Actual,SW,Water,,,Clayton,07060001,River/Stream,,43.03547975,-91.26682808
6,15220001,Bloody Run Creek Site #2 (BR02),08/20/1996 13:50:00,SNY319,14797-65-0,Nitrite (as N),Total,,0.5,mg/l,False,0.5,,,Unknown,SNY001,Actual,SW,Water,,,Clayton,07060001,River/Stream,,43.03547975,-91.26682808
6,15220001,Bloody Run Creek Site #2 (BR02),09/10/1996 10:55:00,SNY319,14797-65-0,Nitrite (as N),Total,,0.5,mg/l,False,0.5,,,Unknown,SNY001,Actual,SW,Water,,,Clayton,07060001,River/Stream,,43.03547975,-91.26682808
6,15220001,Bloody Run Creek Site #2 (BR02),09/17/1996 11:00:00,SNY319,14797-65-0,Nitrite (as N),Total,,0.5,mg/l,False,0.5,,,Unknown,SNY001,Actual,SW,Water,,,Clayton,07060001,River/Stream,,43.03547975,-91.26682808
6,15220002,Bloody Run Creek at Spook Cave (BRSC),03/26/1996 09:45:00,SNY319,14797-65-0,Nitrite (as N),Total,,0.5,mg/l,False,0.5,,,Unknown,SNY001,Actual,SW,Water,,,Clayton,07060001,River/Stream,,43.03326422,-91.30759437
6,15220002,Bloody Run Creek at Spook Cave (BRSC),05/28/1996 11:40:00,SNY319,14797-65-0,Nitrite (as N),Total,,0.5,mg/l,False,0.5,,,Unknown,SNY001,Actual,SW,Water,,,Clayton,07060001,River/Stream,,43.03326422,-91.30759437
6,15220002,Bloody Run Creek at Spook Cave (BRSC),04/30/1996 11:20:00,SNY319,14797-65-0,Nitrite (as N),Total,,0.5,mg/l,False,0.5,,,Unknown,SNY001,Actual,SW,Water,,,Clayton,07060001,River/Stream,,43.03326422,-91.30759437
6,15220002,Bloody Run Creek at Spook Cave (BRSC),08/27/1996 12:00:00,SNY319,14797-65-0,Nitrite (as N),Total,,0.5,mg/l,False,0.5,,,Unknown,SNY001,Actual,SW,Water,,,Clayton,07060001,River/Stream,,43.03326422,-91.30759437
6,15220002,Bloody Run Creek at Spook Cave (BRSC),09/28/1994 08:05:00,SNY319,14797-65-0,Nitrite (as N),Total,,0.5,mg/l,False,0.5,,,Unknown,SNY001,Actual,SW,Water,,,Clayton,07060001,River/Stream,,43.03326422,-91.30759437
6,15220003,North Cedar Creek (NCC),09/28/1994 10:40:00,SNY319,14797-65-0,Nitrite (as N),Total,,0.5,mg/l,False,0.5,,,Unknown,SNY001,Actual,SW,Water,,,Clayton,07060003,River/Stream,,42.96274242,-91.22931615
6,15220001,Bloody Run Creek Site #2 (BR02),10/04/1994 16:00:00,SNY319,14797-65-0,Nitrite (as N),Total,,0.5,mg/l,False,0.5,,,Unknown,SNY001,Actual,SW,Water,,,Clayton,07060001,River/Stream,,43.03547975,-91.26682808
6,15220001,Bloody Run Creek Site #2 (BR02),10/25/1994 12:35:00,SNY319,14797-65-0,Nitrite (as N),Total,,0.5,mg/l,False,0.5,,,Unknown,SNY001,Actual,SW,Water,,,Clayton,07060001,River/Stream,,43.03547975,-91.26682808
6,15220001,Bloody Run Creek Site #2 (BR02),11/08/1994 14:30:00,SNY319,14797-65-0,Nitrite (as N),Total,,0.5,mg/l,False,0.5,,,Unknown,SNY001,Actual,SW,Water,,,Clayton,07060001,River/Stream,,43.03547975,-91.26682808
6,15220001,Bloody Run Creek Site #2 (BR02),11/01/1994 11:00:00,SNY319,14797-65-0,Nitrite (as N),Total,,0.5,mg/l,False,0.5,,,Unknown,SNY001,Actual,SW,Water,,,Clayton,07060001,River/Stream,,43.03547975,-91.26682808
6,15220001,Bloody Run Creek Site #2 (BR02),11/29/1994 09:50:00,SNY319,14797-65-0,Nitrite (as N),Total,,0.5,mg/l,False,0.5,,,Unknown,SNY001,Actual,SW,Water,,,Clayton,07060001,River/Stream,,43.03547975,-91.26682808
6,15220001,Bloody Run Creek Site #2 (BR02),12/06/1994 10:50:00,SNY319,14797-65-0,Nitrite (as N),Total,,0.5,mg/l,False,0.5,,,Unknown,SNY001,Actual,SW,Water,,,Clayton,07060001,River/Stream,,43.03547975,-91.26682808
6,15220001,Bloody Run Creek Site #2 (BR02),12/13/1994 13:00:00,SNY319,14797-65-0,Nitrite (as N),Total,,0.5,mg/l,False,0.5,,,Unknown,SNY001,Actual,SW,Water,,,Clayton,07060001,River/Stream,,43.03547975,-91.26682808
6,15220002,Bloody Run Creek at Spook Cave (BRSC),10/25/1994 12:55:00,SNY319,14797-65-0,Nitrite (as N),Total,,0.5,mg/l,False,0.5,,,Unknown,SNY001,Actual,SW,Water,,,Clayton,07060001,River/Stream,,43.03326422,-91.30759437
6,15220002,Bloody Run Creek at Spook Cave (BRSC),11/29/1994 09:40:00,SNY319,14797-65-0,Nitrite (as N),Total,,0.5,mg/l,False,0.5,,,Unknown,SNY001,Actual,SW,Water,,,Clayton,07060001,River/Stream,,43.03326422,-91.30759437
6,15220002,Bloody Run Creek at Spook Cave (BRSC),12/27/1994 09:35:00,SNY319,14797-65-0,Nitrite (as N),Total,,0.5,mg/l,False,0.5,,,Unknown,SNY001,Actual,SW,Water,,,Clayton,07060001,River/Stream,,43.03326422,-91.30759437
6,15220003,North Cedar Creek (NCC),10/18/1994 12:30:00,SNY319,14797-65-0,Nitrite (as N),Total,,0.5,mg/l,False,0.5,,,Unknown,SNY001,Actual,SW,Water,,,Clayton,07060003,River/Stream,,42.96274242,-91.22931615
6,15220003,North Cedar Creek (NCC),10/25/1994 11:20:00,SNY319,14797-65-0,Nitrite (as N),Total,,0.5,mg/l,False,0.5,,,Unknown,SNY001,Actual,SW,Water,,,Clayton,07060003,River/Stream,,42.96274242,-91.22931615
6,15220003,North Cedar Creek (NCC),11/01/1994 12:45:00,SNY319,14797-65-0,Nitrite (as N),Total,,0.5,mg/l,False,0.5,,,Unknown,SNY001,Actual,SW,Water,,,Clayton,07060003,River/Stream,,42.96274242,-91.22931615
6,15220003,North Cedar Creek (NCC),11/22/1994 14:05:00,SNY319,14797-65-0,Nitrite (as N),Total,,0.5,mg/l,False,0.5,,,Unknown,SNY001,Actual,SW,Water,,,Clayton,07060003,River/Stream,,42.96274242,-91.22931615
6,15220003,North Cedar Creek (NCC),11/29/1994 10:40:00,SNY319,14797-65-0,Nitrite (as N),Total,,0.5,mg/l,False,0.5,,,Unknown,SNY001,Actual,SW,Water,,,Clayton,07060003,River/Stream,,42.96274242,-91.22931615
6,15220003,North Cedar Creek (NCC),12/06/1994 13:15:00,SNY319,14797-65-0,Nitrite (as N),Total,,0.5,mg/l,False,0.5,,,Unknown,SNY001,Actual,SW,Water,,,Clayton,07060003,River/Stream,,42.96274242,-91.22931615
6,15220003,North Cedar Creek (NCC),12/27/1994 10:25:00,SNY319,14797-65-0,Nitrite (as N),Total,,0.5,mg/l,False,0.5,,,Unknown,SNY001,Actual,SW,Water,,,Clayton,07060003,River/Stream,,42.96274242,-91.22931615
6,15220001,Bloody Run Creek Site #2 (BR02),01/31/1995 10:00:00,SNY319,14797-65-0,Nitrite (as N),Total,,0.5,mg/l,False,0.5,,,Unknown,SNY001,Actual,SW,Water,,,Clayton,07060001,River/Stream,,43.03547975,-91.26682808
6,15220001,Bloody Run Creek Site #2 (BR02),01/03/1995 12:30:00,SNY319,14797-65-0,Nitrite (as N),Total,,0.5,mg/l,False,0.5,,,Unknown,SNY001,Actual,SW,Water,,,Clayton,07060001,River/Stream,,43.03547975,-91.26682808
6,15220001,Bloody Run Creek Site #2 (BR02),01/10/1995 12:20:00,SNY319,14797-65-0,Nitrite (as N),Total,,0.5,mg/l,False,0.5,,,Unknown,SNY001,Actual,SW,Water,,,Clayton,07060001,River/Stream,,43.03547975,-91.26682808
6,15220001,Bloody Run Creek Site #2 (BR02),02/07/1995 10:00:00,SNY319,14797-65-0,Nitrite (as N),Total,,0.5,mg/l,False,0.5,,,Unknown,SNY001,Actual,SW,Water,,,Clayton,07060001,River/Stream,,43.03547975,-91.26682808
6,15220001,Bloody Run Creek Site #2 (BR02),02/14/1995 11:25:00,SNY319,14797-65-0,Nitrite (as N),Total,,0.5,mg/l,False,0.5,,,Unknown,SNY001,Actual,SW,Water,,,Clayton,07060001,River/Stream,,43.03547975,-91.26682808
6,15220001,Bloody Run Creek Site #2 (BR02),03/07/1995 10:30:00,SNY319,14797-65-0,Nitrite (as N),Total,,0.5,mg/l,False,0.5,,,Unknown,SNY001,Actual,SW,Water,,,Clayton,07060001,River/Stream,,43.03547975,-91.26682808
6,15220001,Bloody Run Creek Site #2 (BR02),03/14/1995 13:20:00,SNY319,14797-65-0,Nitrite (as N),Total,,0.5,mg/l,False,0.5,,,Unknown,SNY001,Actual,SW,Water,,,Clayton,07060001,River/Stream,,43.03547975,-91.26682808
6,15220001,Bloody Run Creek Site #2 (BR02),04/11/1995 12:20:00,SNY319,14797-65-0,Nitrite (as N),Total,,0.5,mg/l,False,0.5,,,Unknown,SNY001,Actual,SW,Water,,,Clayton,07060001,River/Stream,,43.03547975,-91.26682808
6,15220001,Bloody Run Creek Site #2 (BR02),04/18/1995 10:30:00,SNY319,14797-65-0,Nitrite (as N),Total,,0.5,mg/l,False,0.5,,,Unknown,SNY001,Actual,SW,Water,,,Clayton,07060001,River/Stream,,43.03547975,-91.26682808
6,15220001,Bloody Run Creek Site #2 (BR02),05/16/1995 10:05:00,SNY319,14797-65-0,Nitrite (as N),Total,,0.5,mg/l,False,0.5,,,Unknown,SNY001,Actual,SW,Water,,,Clayton,07060001,River/Stream,,43.03547975,-91.26682808
6,15220001,Bloody Run Creek Site #2 (BR02),05/23/1995 12:45:00,SNY319,14797-65-0,Nitrite (as N),Total,,0.5,mg/l,False,0.5,,,Unknown,SNY001,Actual,SW,Water,,,Clayton,07060001,River/Stream,,43.03547975,-91.26682808
6,15220001,Bloody Run Creek Site #2 (BR02),06/20/1995 10:10:00,SNY319,14797-65-0,Nitrite (as N),Total,,0.5,mg/l,False,0.5,,,Unknown,SNY001,Actual,SW,Water,,,Clayton,07060001,River/Stream,,43.03547975,-91.26682808
6,15220001,Bloody Run Creek Site #2 (BR02),06/27/1995 12:40:00,SNY319,14797-65-0,Nitrite (as N),Total,,0.5,mg/l,False,0.5,,,Unknown,SNY001,Actual,SW,Water,,,Clayton,07060001,River/Stream,,43.03547975,-91.26682808
6,15220001,Bloody Run Creek Site #2 (BR02),07/25/1995 14:35:00,SNY319,14797-65-0,Nitrite (as N),Total,,0.5,mg/l,False,0.5,,,Unknown,SNY001,Actual,SW,Water,,,Clayton,07060001,River/Stream,,43.03547975,-91.26682808
6,15220001,Bloody Run Creek Site #2 (BR02),08/01/1995 10:10:00,SNY319,14797-65-0,Nitrite (as N),Total,,0.5,mg/l,False,0.5,,,Unknown,SNY001,Actual,SW,Water,,,Clayton,07060001,River/Stream,,43.03547975,-91.26682808
6,15220001,Bloody Run Creek Site #2 (BR02),09/05/1995 10:00:00,SNY319,14797-65-0,Nitrite (as N),Total,,0.5,mg/l,False,0.5,,,Unknown,SNY001,Actual,SW,Water,,,Clayton,07060001,River/Stream,,43.03547975,-91.26682808
6,15220001,Bloody Run Creek Site #2 (BR02),09/12/1995 11:05:00,SNY319,14797-65-0,Nitrite (as N),Total,,0.5,mg/l,False,0.5,,,Unknown,SNY001,Actual,SW,Water,,,Clayton,07060001,River/Stream,,43.03547975,-91.26682808
6,15220002,Bloody Run Creek at Spook Cave (BRSC),01/31/1995 10:20:00,SNY319,14797-65-0,Nitrite (as N),Total,,0.5,mg/l,False,0.5,,,Unknown,SNY001,Actual,SW,Water,,,Clayton,07060001,River/Stream,,43.03326422,-91.30759437
6,15220001,Bloody Run Creek Site #2 (BR02),08/08/1995 13:20:00,SNY319,14797-65-0,Nitrite (as N),Total,,0.5,mg/l,False,0.5,,,Unknown,SNY001,Actual,SW,Water,,,Clayton,07060001,River/Stream,,43.03547975,-91.26682808
6,15220001,Bloody Run Creek Site #2 (BR02),08/29/1995 13:05:00,SNY319,14797-65-0,Nitrite (as N),Total,,0.5,mg/l,False,0.5,,,Unknown,SNY001,Actual,SW,Water,,,Clayton,07060001,River/Stream,,43.03547975,-91.26682808
6,15220002,Bloody Run Creek at Spook Cave (BRSC),02/28/1995 08:20:00,SNY319,14797-65-0,Nitrite (as N),Total,,0.5,mg/l,False,0.5,,,Unknown,SNY001,Actual,SW,Water,,,Clayton,07060001,River/Stream,,43.03326422,-91.30759437
6,15220002,Bloody Run Creek at Spook Cave (BRSC),03/28/1995 10:45:00,SNY319,14797-65-0,Nitrite (as N),Total,,0.5,mg/l,False,0.5,,,Unknown,SNY001,Actual,SW,Water,,,Clayton,07060001,River/Stream,,43.03326422,-91.30759437
6,15220002,Bloody Run Creek at Spook Cave (BRSC),06/27/1995 12:25:00,SNY319,14797-65-0,Nitrite (as N),Total,,0.5,mg/l,False,0.5,,,Unknown,SNY001,Actual,SW,Water,,,Clayton,07060001,River/Stream,,43.03326422,-91.30759437
6,15220002,Bloody Run Creek at Spook Cave (BRSC),07/25/1995 14:15:00,SNY319,14797-65-0,Nitrite (as N),Total,,0.5,mg/l,False,0.5,,,Unknown,SNY001,Actual,SW,Water,,,Clayton,07060001,River/Stream,,43.03326422,-91.30759437
6,15220002,Bloody Run Creek at Spook Cave (BRSC),08/29/1995 12:45:00,SNY319,14797-65-0,Nitrite (as N),Total,,0.5,mg/l,False,0.5,,,Unknown,SNY001,Actual,SW,Water,,,Clayton,07060001,River/Stream,,43.03326422,-91.30759437
6,15220003,North Cedar Creek (NCC),01/10/1995 13:40:00,SNY319,14797-65-0,Nitrite (as N),Total,,0.5,mg/l,False,0.5,,,Unknown,SNY001,Actual,SW,Water,,,Clayton,07060003,River/Stream,,42.96274242,-91.22931615
6,15220003,North Cedar Creek (NCC),01/17/1995 12:30:00,SNY319,14797-65-0,Nitrite (as N),Total,,0.5,mg/l,False,0.5,,,Unknown,SNY001,Actual,SW,Water,,,Clayton,07060003,River/Stream,,42.96274242,-91.22931615
6,15220003,North Cedar Creek (NCC),02/14/1995 13:10:00,SNY319,14797-65-0,Nitrite (as N),Total,,0.5,mg/l,False,0.5,,,Unknown,SNY001,Actual,SW,Water,,,Clayton,07060003,River/Stream,,42.96274242,-91.22931615
6,15220003,North Cedar Creek (NCC),02/21/1995 12:30:00,SNY319,14797-65-0,Nitrite (as N),Total,,0.5,mg/l,False,0.5,,,Unknown,SNY001,Actual,SW,Water,,,Clayton,07060003,River/Stream,,42.96274242,-91.22931615
6,15220003,North Cedar Creek (NCC),03/21/1995 12:00:00,SNY319,14797-65-0,Nitrite (as N),Total,,0.5,mg/l,False,0.5,,,Unknown,SNY001,Actual,SW,Water,,,Clayton,07060003,River/Stream,,42.96274242,-91.22931615
6,15220003,North Cedar Creek (NCC),03/28/1995 12:00:00,SNY319,14797-65-0,Nitrite (as N),Total,,0.5,mg/l,False,0.5,,,Unknown,SNY001,Actual,SW,Water,,,Clayton,07060003,River/Stream,,42.96274242,-91.22931615
6,15220003,North Cedar Creek (NCC),04/25/1995 10:15:00,SNY319,14797-65-0,Nitrite (as N),Total,,0.5,mg/l,False,0.5,,,Unknown,SNY001,Actual,SW,Water,,,Clayton,07060003,River/Stream,,42.96274242,-91.22931615
6,15220003,North Cedar Creek (NCC),05/02/1995 12:40:00,SNY319,14797-65-0,Nitrite (as N),Total,,0.5,mg/l,False,0.5,,,Unknown,SNY001,Actual,SW,Water,,,Clayton,07060003,River/Stream,,42.96274242,-91.22931615
6,15220003,North Cedar Creek (NCC),05/30/1995 14:25:00,SNY319,14797-65-0,Nitrite (as N),Total,,0.5,mg/l,False,0.5,,,Unknown,SNY001,Actual,SW,Water,,,Clayton,07060003,River/Stream,,42.96274242,-91.22931615
6,15220003,North Cedar Creek (NCC),07/04/1995 14:30:00,SNY319,14797-65-0,Nitrite (as N),Total,,0.5,mg/l,False,0.5,,,Unknown,SNY001,Actual,SW,Water,,,Clayton,07060003,River/Stream,,42.96274242,-91.22931615
6,15220003,North Cedar Creek (NCC),07/11/1995 17:25:00,SNY319,14797-65-0,Nitrite (as N),Total,,0.5,mg/l,False,0.5,,,Unknown,SNY001,Actual,SW,Water,,,Clayton,07060003,River/Stream,,42.96274242,-91.22931615
6,15220003,North Cedar Creek (NCC),06/27/1995 15:00:00,SNY319,14797-65-0,Nitrite (as N),Total,,0.5,mg/l,False,0.5,,,Unknown,SNY001,Actual,SW,Water,,,Clayton,07060003,River/Stream,,42.96274242,-91.22931615
6,15220003,North Cedar Creek (NCC),06/06/1995 10:05:00,SNY319,14797-65-0,Nitrite (as N),Total,,0.5,mg/l,False,0.5,,,Unknown,SNY001,Actual,SW,Water,,,Clayton,07060003,River/Stream,,42.96274242,-91.22931615
6,15220003,North Cedar Creek (NCC),08/08/1995 15:25:00,SNY319,14797-65-0,Nitrite (as N),Total,,0.5,mg/l,False,0.5,,,Unknown,SNY001,Actual,SW,Water,,,Clayton,07060003,River/Stream,,42.96274242,-91.22931615
6,15220003,North Cedar Creek (NCC),09/12/1995 13:15:00,SNY319,14797-65-0,Nitrite (as N),Total,,0.5,mg/l,False,0.5,,,Unknown,SNY001,Actual,SW,Water,,,Clayton,07060003,River/Stream,,42.96274242,-91.22931615
6,15220003,North Cedar Creek (NCC),08/15/1995 16:20:00,SNY319,14797-65-0,Nitrite (as N),Total,,0.5,mg/l,False,0.5,,,Unknown,SNY001,Actual,SW,Water,,,Clayton,07060003,River/Stream,,42.96274242,-91.22931615
6,10220003,Bloody Run Creek Site #1 (BR01),09/28/1994 09:10:00,SNY319,14797-65-0,Nitrite (as N),Total,,0.5,mg/l,False,0.5,,,Unknown,SNY001,Actual,SW,Water,,,Clayton,07060001,River/Stream,,43.0404991,-91.2055504
6,10220003,Bloody Run Creek Site #1 (BR01),10/11/1994 13:55:00,SNY319,14797-65-0,Nitrite (as N),Total,,0.5,mg/l,False,0.5,,,Unknown,SNY001,Actual,SW,Water,,,Clayton,07060001,River/Stream,,43.0404991,-91.2055504
6,10220003,Bloody Run Creek Site #1 (BR01),10/18/1994 10:30:00,SNY319,14797-65-0,Nitrite (as N),Total,,0.5,mg/l,False,0.5,,,Unknown,SNY001,Actual,SW,Water,,,Clayton,07060001,River/Stream,,43.0404991,-91.2055504
6,10220003,Bloody Run Creek Site #1 (BR01),11/08/1994 15:10:00,SNY319,14797-65-0,Nitrite (as N),Total,,0.5,mg/l,False,0.5,,,Unknown,SNY001,Actual,SW,Water,,,Clayton,07060001,River/Stream,,43.0404991,-91.2055504
6,10220003,Bloody Run Creek Site #1 (BR01),11/22/1994 13:00:00,SNY319,14797-65-0,Nitrite (as N),Total,,0.5,mg/l,False,0.5,,,Unknown,SNY001,Actual,SW,Water,,,Clayton,07060001,River/Stream,,43.0404991,-91.2055504
6,10220003,Bloody Run Creek Site #1 (BR01),12/13/1994 13:20:00,SNY319,14797-65-0,Nitrite (as N),Total,,0.5,mg/l,False,0.5,,,Unknown,SNY001,Actual,SW,Water,,,Clayton,07060001,River/Stream,,43.0404991,-91.2055504
6,10220003,Bloody Run Creek Site #1 (BR01),11/29/1994 09:10:00,SNY319,14797-65-0,Nitrite (as N),Total,,0.5,mg/l,False,0.5,,,Unknown,SNY001,Actual,SW,Water,,,Clayton,07060001,River/Stream,,43.0404991,-91.2055504
6,10220003,Bloody Run Creek Site #1 (BR01),12/20/1994 09:30:00,SNY319,14797-65-0,Nitrite (as N),Total,,0.5,mg/l,False,0.5,,,Unknown,SNY001,Actual,SW,Water,,,Clayton,07060001,River/Stream,,43.0404991,-91.2055504
6,10220003,Bloody Run Creek Site #1 (BR01),01/10/1995 12:50:00,SNY319,14797-65-0,Nitrite (as N),Total,,0.5,mg/l,False,0.5,,,Unknown,SNY001,Actual,SW,Water,,,Clayton,07060001,River/Stream,,43.0404991,-91.2055504
6,10220003,Bloody Run Creek Site #1 (BR01),01/24/1995 13:00:00,SNY319,14797-65-0,Nitrite (as N),Total,,0.5,mg/l,False,0.5,,,Unknown,SNY001,Actual,SW,Water,,,Clayton,07060001,River/Stream,,43.0404991,-91.2055504
6,10220003,Bloody Run Creek Site #1 (BR01),01/03/1995 13:00:00,SNY319,14797-65-0,Nitrite (as N),Total,,0.5,mg/l,False,0.5,,,Unknown,SNY001,Actual,SW,Water,,,Clayton,07060001,River/Stream,,43.0404991,-91.2055504
6,10220003,Bloody Run Creek Site #1 (BR01),02/14/1995 11:50:00,SNY319,14797-65-0,Nitrite (as N),Total,,0.5,mg/l,False,0.5,,,Unknown,SNY001,Actual,SW,Water,,,Clayton,07060001,River/Stream,,43.0404991,-91.2055504
6,10220003,Bloody Run Creek Site #1 (BR01),01/31/1995 09:20:00,SNY319,14797-65-0,Nitrite (as N),Total,,0.5,mg/l,False,0.5,,,Unknown,SNY001,Actual,SW,Water,,,Clayton,07060001,River/Stream,,43.0404991,-91.2055504
6,10220003,Bloody Run Creek Site #1 (BR01),02/21/1995 10:00:00,SNY319,14797-65-0,Nitrite (as N),Total,,0.5,mg/l,False,0.5,,,Unknown,SNY001,Actual,SW,Water,,,Clayton,07060001,River/Stream,,43.0404991,-91.2055504
6,10220003,Bloody Run Creek Site #1 (BR01),03/28/1995 09:40:00,SNY319,14797-65-0,Nitrite (as N),Total,,0.5,mg/l,False,0.5,,,Unknown,SNY001,Actual,SW,Water,,,Clayton,07060001,River/Stream,,43.0404991,-91.2055504
6,10220003,Bloody Run Creek Site #1 (BR01),03/07/1995 13:30:00,SNY319,14797-65-0,Nitrite (as N),Total,,0.5,mg/l,False,0.5,,,Unknown,SNY001,Actual,SW,Water,,,Clayton,07060001,River/Stream,,43.0404991,-91.2055504
6,10220003,Bloody Run Creek Site #1 (BR01),03/14/1995 13:50:00,SNY319,14797-65-0,Nitrite (as N),Total,,0.5,mg/l,False,0.5,,,Unknown,SNY001,Actual,SW,Water,,,Clayton,07060001,River/Stream,,43.0404991,-91.2055504
6,10220003,Bloody Run Creek Site #1 (BR01),04/25/1995 08:50:00,SNY319,14797-65-0,Nitrite (as N),Total,,0.5,mg/l,False,0.5,,,Unknown,SNY001,Actual,SW,Water,,,Clayton,07060001,River/Stream,,43.0404991,-91.2055504
6,10220003,Bloody Run Creek Site #1 (BR01),04/04/1995 13:05:00,SNY319,14797-65-0,Nitrite (as N),Total,,0.5,mg/l,False,0.5,,,Unknown,SNY001,Actual,SW,Water,,,Clayton,07060001,River/Stream,,43.0404991,-91.2055504
6,10220003,Bloody Run Creek Site #1 (BR01),04/18/1995 09:45:00,SNY319,14797-65-0,Nitrite (as N),Total,,0.5,mg/l,False,0.5,,,Unknown,SNY001,Actual,SW,Water,,,Clayton,07060001,River/Stream,,43.0404991,-91.2055504
6,10220003,Bloody Run Creek Site #1 (BR01),05/16/1995 09:25:00,SNY319,14797-65-0,Nitrite (as N),Total,,0.5,mg/l,False,0.5,,,Unknown,SNY001,Actual,SW,Water,,,Clayton,07060001,River/Stream,,43.0404991,-91.2055504
6,10220003,Bloody Run Creek Site #1 (BR01),05/09/1995 13:15:00,SNY319,14797-65-0,Nitrite (as N),Total,,0.5,mg/l,False,0.5,,,Unknown,SNY001,Actual,SW,Water,,,Clayton,07060001,River/Stream,,43.0404991,-91.2055504
6,10220003,Bloody Run Creek Site #1 (BR01),05/30/1995 13:15:00,SNY319,14797-65-0,Nitrite (as N),Total,,0.5,mg/l,False,0.5,,,Unknown,SNY001,Actual,SW,Water,,,Clayton,07060001,River/Stream,,43.0404991,-91.2055504
6,10220003,Bloody Run Creek Site #1 (BR01),06/06/1995 07:30:00,SNY319,14797-65-0,Nitrite (as N),Total,,0.5,mg/l,False,0.5,,,Unknown,SNY001,Actual,SW,Water,,,Clayton,07060001,River/Stream,,43.0404991,-91.2055504
6,10220003,Bloody Run Creek Site #1 (BR01),10/04/1994 14:30:00,SNY319,14797-65-0,Nitrite (as N),Total,,0.5,mg/l,False,0.5,,,Unknown,SNY001,Actual,SW,Water,,,Clayton,07060001,River/Stream,,43.0404991,-91.2055504
6,10220003,Bloody Run Creek Site #1 (BR01),11/15/1994 13:00:00,SNY319,14797-65-0,Nitrite (as N),Total,,0.5,mg/l,False,0.5,,,Unknown,SNY001,Actual,SW,Water,,,Clayton,07060001,River/Stream,,43.0404991,-91.2055504
6,10220003,Bloody Run Creek Site #1 (BR01),12/06/1994 10:50:00,SNY319,14797-65-0,Nitrite (as N),Total,,0.5,mg/l,False,0.5,,,Unknown,SNY001,Actual,SW,Water,,,Clayton,07060001,River/Stream,,43.0404991,-91.2055504
6,10220003,Bloody Run Creek Site #1 (BR01),12/27/1994 08:35:00,SNY319,14797-65-0,Nitrite (as N),Total,,0.5,mg/l,False,0.5,,,Unknown,SNY001,Actual,SW,Water,,,Clayton,07060001,River/Stream,,43.0404991,-91.2055504
6,10220003,Bloody Run Creek Site #1 (BR01),01/17/1995 10:30:00,SNY319,14797-65-0,Nitrite (as N),Total,,0.5,mg/l,False,0.5,,,Unknown,SNY001,Actual,SW,Water,,,Clayton,07060001,River/Stream,,43.0404991,-91.2055504
6,10220003,Bloody Run Creek Site #1 (BR01),02/07/1995 09:30:00,SNY319,14797-65-0,Nitrite (as N),Total,,0.5,mg/l,False,0.5,,,Unknown,SNY001,Actual,SW,Water,,,Clayton,07060001,River/Stream,,43.0404991,-91.2055504
6,10220003,Bloody Run Creek Site #1 (BR01),02/28/1995 09:05:00,SNY319,14797-65-0,Nitrite (as N),Total,,0.5,mg/l,False,0.5,,,Unknown,SNY001,Actual,SW,Water,,,Clayton,07060001,River/Stream,,43.0404991,-91.2055504
6,10220003,Bloody Run Creek Site #1 (BR01),03/21/1995 10:10:00,SNY319,14797-65-0,Nitrite (as N),Total,,0.5,mg/l,False,0.5,,,Unknown,SNY001,Actual,SW,Water,,,Clayton,07060001,River/Stream,,43.0404991,-91.2055504
6,10220003,Bloody Run Creek Site #1 (BR01),04/11/1995 12:45:00,SNY319,14797-65-0,Nitrite (as N),Total,,0.5,mg/l,False,0.5,,,Unknown,SNY001,Actual,SW,Water,,,Clayton,07060001,River/Stream,,43.0404991,-91.2055504
6,10220003,Bloody Run Creek Site #1 (BR01),05/02/1995 09:20:00,SNY319,14797-65-0,Nitrite (as N),Total,,0.5,mg/l,False,0.5,,,Unknown,SNY001,Actual,SW,Water,,,Clayton,07060001,River/Stream,,43.0404991,-91.2055504
6,10220003,Bloody Run Creek Site #1 (BR01),05/23/1995 13:20:00,SNY319,14797-65-0,Nitrite (as N),Total,,0.5,mg/l,False,0.5,,,Unknown,SNY001,Actual,SW,Water,,,Clayton,07060001,River/Stream,,43.0404991,-91.2055504
6,10220003,Bloody Run Creek Site #1 (BR01),10/25/1994 12:05:00,SNY319,14797-65-0,Nitrite (as N),Total,,0.5,mg/l,False,0.5,,,Unknown,SNY001,Actual,SW,Water,,,Clayton,07060001,River/Stream,,43.0404991,-91.2055504
6,10220003,Bloody Run Creek Site #1 (BR01),11/01/1994 10:00:00,SNY319,14797-65-0,Nitrite (as N),Total,,0.5,mg/l,False,0.5,,,Unknown,SNY001,Actual,SW,Water,,,Clayton,07060001,River/Stream,,43.0404991,-91.2055504
6,15220004,Sny Magill Creek Site #1 (SN01),01/16/1996 13:00:00,SNY319,14797-65-0,Nitrite (as N),Total,,0.5,mg/l,False,0.5,,,Unknown,SNY001,Actual,SW,Water,,,Clayton,07060003,River/Stream,,42.94880662,-91.18632674
6,15220003,North Cedar Creek (NCC),09/17/1996 12:20:00,SNY319,14797-65-0,Nitrite (as N),Total,,0.5,mg/l,False,0.5,,,Unknown,SNY001,Actual,SW,Water,,,Clayton,07060003,River/Stream,,42.96274242,-91.22931615
6,15220003,North Cedar Creek (NCC),09/24/1996 14:40:00,SNY319,14797-65-0,Nitrite (as N),Total,,0.5,mg/l,False,0.5,,,Unknown,SNY001,Actual,SW,Water,,,Clayton,07060003,River/Stream,,42.96274242,-91.22931615
6,15220004,Sny Magill Creek Site #1 (SN01),02/06/1996 13:00:00,SNY319,14797-65-0,Nitrite (as N),Total,,0.5,mg/l,False,0.5,,,Unknown,SNY001,Actual,SW,Water,,,Clayton,07060003,River/Stream,,42.94880662,-91.18632674
6,15220004,Sny Magill Creek Site #1 (SN01),02/13/1996 13:15:00,SNY319,14797-65-0,Nitrite (as N),Total,,0.5,mg/l,False,0.5,,,Unknown,SNY001,Actual,SW,Water,,,Clayton,07060003,River/Stream,,42.94880662,-91.18632674
6,15220004,Sny Magill Creek Site #1 (SN01),03/05/1996 14:10:00,SNY319,14797-65-0,Nitrite (as N),Total,,0.5,mg/l,False,0.5,,,Unknown,SNY001,Actual,SW,Water,,,Clayton,07060003,River/Stream,,42.94880662,-91.18632674
6,15220004,Sny Magill Creek Site #1 (SN01),02/27/1996 13:35:00,SNY319,14797-65-0,Nitrite (as N),Total,,0.5,mg/l,False,0.5,,,Unknown,SNY001,Actual,SW,Water,,,Clayton,07060003,River/Stream,,42.94880662,-91.18632674
6,15220004,Sny Magill Creek Site #1 (SN01),03/26/1996 13:00:00,SNY319,14797-65-0,Nitrite (as N),Total,,0.5,mg/l,False,0.5,,,Unknown,SNY001,Actual,SW,Water,,,Clayton,07060003,River/Stream,,42.94880662,-91.18632674
6,15220004,Sny Magill Creek Site #1 (SN01),04/16/1996 13:40:00,SNY319,14797-65-0,Nitrite (as N),Total,,0.5,mg/l,False,0.5,,,Unknown,SNY001,Actual,SW,Water,,,Clayton,07060003,River/Stream,,42.94880662,-91.18632674
6,15220004,Sny Magill Creek Site #1 (SN01),05/07/1996 13:15:00,SNY319,14797-65-0,Nitrite (as N),Total,,0.5,mg/l,False,0.5,,,Unknown,SNY001,Actual,SW,Water,,,Clayton,07060003,River/Stream,,42.94880662,-91.18632674
6,15220004,Sny Magill Creek Site #1 (SN01),04/23/1996 12:00:00,SNY319,14797-65-0,Nitrite (as N),Total,,0.5,mg/l,False,0.5,,,Unknown,SNY001,Actual,SW,Water,,,Clayton,07060003,River/Stream,,42.94880662,-91.18632674
6,15220004,Sny Magill Creek Site #1 (SN01),05/14/1996 12:00:00,SNY319,14797-65-0,Nitrite (as N),Total,,0.5,mg/l,False,0.5,,,Unknown,SNY001,Actual,SW,Water,,,Clayton,07060003,River/Stream,,42.94880662,-91.18632674
6,15220004,Sny Magill Creek Site #1 (SN01),06/04/1996 13:20:00,SNY319,14797-65-0,Nitrite (as N),Total,,0.5,mg/l,False,0.5,,,Unknown,SNY001,Actual,SW,Water,,,Clayton,07060003,River/Stream,,42.94880662,-91.18632674
6,15220004,Sny Magill Creek Site #1 (SN01),06/25/1996 15:00:00,SNY319,14797-65-0,Nitrite (as N),Total,,0.5,mg/l,False,0.5,,,Unknown,SNY001,Actual,SW,Water,,,Clayton,07060003,River/Stream,,42.94880662,-91.18632674
6,15220004,Sny Magill Creek Site #1 (SN01),07/02/1996 13:00:00,SNY319,14797-65-0,Nitrite (as N),Total,,0.5,mg/l,False,0.5,,,Unknown,SNY001,Actual,SW,Water,,,Clayton,07060003,River/Stream,,42.94880662,-91.18632674
6,15220004,Sny Magill Creek Site #1 (SN01),07/16/1996 13:00:00,SNY319,14797-65-0,Nitrite (as N),Total,,0.5,mg/l,False,0.5,,,Unknown,SNY001,Actual,SW,Water,,,Clayton,07060003,River/Stream,,42.94880662,-91.18632674
6,15220004,Sny Magill Creek Site #1 (SN01),07/23/1996 11:55:00,SNY319,14797-65-0,Nitrite (as N),Total,,0.5,mg/l,False,0.5,,,Unknown,SNY001,Actual,SW,Water,,,Clayton,07060003,River/Stream,,42.94880662,-91.18632674
6,15220004,Sny Magill Creek Site #1 (SN01),09/03/1996 12:00:00,SNY319,14797-65-0,Nitrite (as N),Total,,0.5,mg/l,False,0.5,,,Unknown,SNY001,Actual,SW,Water,,,Clayton,07060003,River/Stream,,42.94880662,-91.18632674
6,15220004,Sny Magill Creek Site #1 (SN01),08/13/1996 12:35:00,SNY319,14797-65-0,Nitrite (as N),Total,,0.5,mg/l,False,0.5,,,Unknown,SNY001,Actual,SW,Water,,,Clayton,07060003,River/Stream,,42.94880662,-91.18632674
6,15220004,Sny Magill Creek Site #1 (SN01),09/24/1996 14:20:00,SNY319,14797-65-0,Nitrite (as N),Total,,0.5,mg/l,False,0.5,,,Unknown,SNY001,Actual,SW,Water,,,Clayton,07060003,River/Stream,,42.94880662,-91.18632674
6,15220005,Sny Magill Creek Site #2 (SN02),01/30/1996 16:10:00,SNY319,14797-65-0,Nitrite (as N),Total,,0.5,mg/l,False,0.5,,,Unknown,SNY001,Actual,SW,Water,,,Clayton,07060003,River/Stream,,42.96808222,-91.22331192
6,15220005,Sny Magill Creek Site #2 (SN02),05/28/1996 13:45:00,SNY319,14797-65-0,Nitrite (as N),Total,,0.5,mg/l,False,0.5,,,Unknown,SNY001,Actual,SW,Water,,,Clayton,07060003,River/Stream,,42.96808222,-91.22331192
6,15220005,Sny Magill Creek Site #2 (SN02),06/25/1996 15:40:00,SNY319,14797-65-0,Nitrite (as N),Total,,0.5,mg/l,False,0.5,,,Unknown,SNY001,Actual,SW,Water,,,Clayton,07060003,River/Stream,,42.96808222,-91.22331192
6,15220006,Sny Magill Creek Site #3 (SN03),01/02/1996 14:10:00,SNY319,14797-65-0,Nitrite (as N),Total,,0.5,mg/l,False,0.5,,,Unknown,SNY001,Actual,SW,Water,,,Clayton,07060003,River/Stream,,42.98149721,-91.24097377
6,15220006,Sny Magill Creek Site #3 (SN03),01/09/1996 15:10:00,SNY319,14797-65-0,Nitrite (as N),Total,,0.5,mg/l,False,0.5,,,Unknown,SNY001,Actual,SW,Water,,,Clayton,07060003,River/Stream,,42.98149721,-91.24097377
6,15220006,Sny Magill Creek Site #3 (SN03),02/06/1996 13:50:00,SNY319,14797-65-0,Nitrite (as N),Total,,0.5,mg/l,False,0.5,,,Unknown,SNY001,Actual,SW,Water,,,Clayton,07060003,River/Stream,,42.98149721,-91.24097377
6,15220006,Sny Magill Creek Site #3 (SN03),02/13/1996 14:00:00,SNY319,14797-65-0,Nitrite (as N),Total,,0.5,mg/l,False,0.5,,,Unknown,SNY001,Actual,SW,Water,,,Clayton,07060003,River/Stream,,42.98149721,-91.24097377
6,15220006,Sny Magill Creek Site #3 (SN03),03/19/1996 11:20:00,SNY319,14797-65-0,Nitrite (as N),Total,,0.5,mg/l,False,0.5,,,Unknown,SNY001,Actual,SW,Water,,,Clayton,07060003,River/Stream,,42.98149721,-91.24097377
6,15220006,Sny Magill Creek Site #3 (SN03),03/26/1996 10:20:00,SNY319,14797-65-0,Nitrite (as N),Total,,0.5,mg/l,False,0.5,,,Unknown,SNY001,Actual,SW,Water,,,Clayton,07060003,River/Stream,,42.98149721,-91.24097377
6,15220006,Sny Magill Creek Site #3 (SN03),03/12/1996 15:20:00,SNY319,14797-65-0,Nitrite (as N),Total,,0.5,mg/l,False,0.5,,,Unknown,SNY001,Actual,SW,Water,,,Clayton,07060003,River/Stream,,42.98149721,-91.24097377
6,15220006,Sny Magill Creek Site #3 (SN03),04/16/1996 14:20:00,SNY319,14797-65-0,Nitrite (as N),Total,,0.5,mg/l,False,0.5,,,Unknown,SNY001,Actual,SW,Water,,,Clayton,07060003,River/Stream,,42.98149721,-91.24097377
6,15220006,Sny Magill Creek Site #3 (SN03),04/30/1996 13:55:00,SNY319,14797-65-0,Nitrite (as N),Total,,0.5,mg/l,False,0.5,,,Unknown,SNY001,Actual,SW,Water,,,Clayton,07060003,River/Stream,,42.98149721,-91.24097377
6,15220006,Sny Magill Creek Site #3 (SN03),04/23/1996 11:05:00,SNY319,14797-65-0,Nitrite (as N),Total,,0.5,mg/l,False,0.5,,,Unknown,SNY001,Actual,SW,Water,,,Clayton,07060003,River/Stream,,42.98149721,-91.24097377
6,15220006,Sny Magill Creek Site #3 (SN03),05/21/1996 13:50:00,SNY319,14797-65-0,Nitrite (as N),Total,,0.5,mg/l,False,0.5,,,Unknown,SNY001,Actual,SW,Water,,,Clayton,07060003,River/Stream,,42.98149721,-91.24097377
6,15220006,Sny Magill Creek Site #3 (SN03),05/28/1996 14:05:00,SNY319,14797-65-0,Nitrite (as N),Total,,0.5,mg/l,False,0.5,,,Unknown,SNY001,Actual,SW,Water,,,Clayton,07060003,River/Stream,,42.98149721,-91.24097377
6,15220006,Sny Magill Creek Site #3 (SN03),06/04/1996 14:00:00,SNY319,14797-65-0,Nitrite (as N),Total,,0.5,mg/l,False,0.5,,,Unknown,SNY001,Actual,SW,Water,,,Clayton,07060003,River/Stream,,42.98149721,-91.24097377
6,15220006,Sny Magill Creek Site #3 (SN03),07/02/1996 12:00:00,SNY319,14797-65-0,Nitrite (as N),Total,,0.5,mg/l,False,0.5,,,Unknown,SNY001,Actual,SW,Water,,,Clayton,07060003,River/Stream,,42.98149721,-91.24097377
6,15220006,Sny Magill Creek Site #3 (SN03),07/09/1996 14:05:00,SNY319,14797-65-0,Nitrite (as N),Total,,0.5,mg/l,False,0.5,,,Unknown,SNY001,Actual,SW,Water,,,Clayton,07060003,River/Stream,,42.98149721,-91.24097377
6,15220006,Sny Magill Creek Site #3 (SN03),07/30/1996 14:50:00,SNY319,14797-65-0,Nitrite (as N),Total,,0.5,mg/l,False,0.5,,,Unknown,SNY001,Actual,SW,Water,,,Clayton,07060003,River/Stream,,42.98149721,-91.24097377
6,15220006,Sny Magill Creek Site #3 (SN03),08/06/1996 12:00:00,SNY319,14797-65-0,Nitrite (as N),Total,,0.5,mg/l,False,0.5,,,Unknown,SNY001,Actual,SW,Water,,,Clayton,07060003,River/Stream,,42.98149721,-91.24097377
6,15220006,Sny Magill Creek Site #3 (SN03),08/13/1996 13:15:00,SNY319,14797-65-0,Nitrite (as N),Total,,0.5,mg/l,False,0.5,,,Unknown,SNY001,Actual,SW,Water,,,Clayton,07060003,River/Stream,,42.98149721,-91.24097377
6,15220006,Sny Magill Creek Site #3 (SN03),09/03/1996 12:40:00,SNY319,14797-65-0,Nitrite (as N),Total,,0.5,mg/l,False,0.5,,,Unknown,SNY001,Actual,SW,Water,,,Clayton,07060003,River/Stream,,42.98149721,-91.24097377
6,15220006,Sny Magill Creek Site #3 (SN03),09/10/1996 13:15:00,SNY319,14797-65-0,Nitrite (as N),Total,,0.5,mg/l,False,0.5,,,Unknown,SNY001,Actual,SW,Water,,,Clayton,07060003,River/Stream,,42.98149721,-91.24097377
6,15220007,Sny Magill North Tributary (SNT),03/26/1996 11:50:00,SNY319,14797-65-0,Nitrite (as N),Total,,0.5,mg/l,False,0.5,,,Unknown,SNY001,Actual,SW,Water,,,Clayton,07060003,River/Stream,,42.96850981,-91.22439501
6,15220006,Sny Magill Creek Site #3 (SN03),09/17/1996 12:40:00,SNY319,14797-65-0,Nitrite (as N),Total,,0.5,mg/l,False,0.5,,,Unknown,SNY001,Actual,SW,Water,,,Clayton,07060003,River/Stream,,42.98149721,-91.24097377
6,15220007,Sny Magill North Tributary (SNT),02/27/1996 14:10:00,SNY319,14797-65-0,Nitrite (as N),Total,,0.5,mg/l,False,0.5,,,Unknown,SNY001,Actual,SW,Water,,,Clayton,07060003,River/Stream,,42.96850981,-91.22439501
6,15220007,Sny Magill North Tributary (SNT),04/30/1996 13:35:00,SNY319,14797-65-0,Nitrite (as N),Total,,0.5,mg/l,False,0.5,,,Unknown,SNY001,Actual,SW,Water,,,Clayton,07060003,River/Stream,,42.96850981,-91.22439501
6,15220007,Sny Magill North Tributary (SNT),07/30/1996 14:35:00,SNY319,14797-65-0,Nitrite (as N),Total,,0.5,mg/l,False,0.5,,,Unknown,SNY001,Actual,SW,Water,,,Clayton,07060003,River/Stream,,42.96850981,-91.22439501
6,15220007,Sny Magill North Tributary (SNT),08/27/1996 15:45:00,SNY319,14797-65-0,Nitrite (as N),Total,,0.5,mg/l,False,0.5,,,Unknown,SNY001,Actual,SW,Water,,,Clayton,07060003,River/Stream,,42.96850981,-91.22439501
6,15220007,Sny Magill North Tributary (SNT),09/24/1996 15:05:00,SNY319,14797-65-0,Nitrite (as N),Total,,0.5,mg/l,False,0.5,,,Unknown,SNY001,Actual,SW,Water,,,Clayton,07060003,River/Stream,,42.96850981,-91.22439501
6,15220003,North Cedar Creek (NCC),10/03/1995 16:25:00,SNY319,14797-65-0,Nitrite (as N),Total,,0.5,mg/l,False,0.5,,,Unknown,SNY001,Actual,SW,Water,,,Clayton,07060003,River/Stream,,42.96274242,-91.22931615
6,15220003,North Cedar Creek (NCC),10/24/1995 13:35:00,SNY319,14797-65-0,Nitrite (as N),Total,,0.5,mg/l,False,0.5,,,Unknown,SNY001,Actual,SW,Water,,,Clayton,07060003,River/Stream,,42.96274242,-91.22931615
6,15220003,North Cedar Creek (NCC),10/31/1995 11:25:00,SNY319,14797-65-0,Nitrite (as N),Total,,0.5,mg/l,False,0.5,,,Unknown,SNY001,Actual,SW,Water,,,Clayton,07060003,River/Stream,,42.96274242,-91.22931615
6,15220003,North Cedar Creek (NCC),11/07/1995 14:30:00,SNY319,14797-65-0,Nitrite (as N),Total,,0.5,mg/l,False,0.5,,,Unknown,SNY001,Actual,SW,Water,,,Clayton,07060003,River/Stream,,42.96274242,-91.22931615
6,15220003,North Cedar Creek (NCC),11/28/1995 14:05:00,SNY319,14797-65-0,Nitrite (as N),Total,,0.5,mg/l,False,0.5,,,Unknown,SNY001,Actual,SW,Water,,,Clayton,07060003,River/Stream,,42.96274242,-91.22931615
6,15220003,North Cedar Creek (NCC),12/05/1995 14:00:00,SNY319,14797-65-0,Nitrite (as N),Total,,0.5,mg/l,False,0.5,,,Unknown,SNY001,Actual,SW,Water,,,Clayton,07060003,River/Stream,,42.96274242,-91.22931615
6,15220004,Sny Magill Creek Site #1 (SN01),10/03/1995 16:10:00,SNY319,14797-65-0,Nitrite (as N),Total,,0.5,mg/l,False,0.5,,,Unknown,SNY001,Actual,SW,Water,,,Clayton,07060003,River/Stream,,42.94880662,-91.18632674
6,15220004,Sny Magill Creek Site #1 (SN01),10/10/1995 14:20:00,SNY319,14797-65-0,Nitrite (as N),Total,,0.5,mg/l,False,0.5,,,Unknown,SNY001,Actual,SW,Water,,,Clayton,07060003,River/Stream,,42.94880662,-91.18632674
6,15220004,Sny Magill Creek Site #1 (SN01),10/24/1995 09:35:00,SNY319,14797-65-0,Nitrite (as N),Total,,0.5,mg/l,False,0.5,,,Unknown,SNY001,Actual,SW,Water,,,Clayton,07060003,River/Stream,,42.94880662,-91.18632674
6,15220004,Sny Magill Creek Site #1 (SN01),10/31/1995 11:00:00,SNY319,14797-65-0,Nitrite (as N),Total,,0.5,mg/l,False,0.5,,,Unknown,SNY001,Actual,SW,Water,,,Clayton,07060003,River/Stream,,42.94880662,-91.18632674
6,15220004,Sny Magill Creek Site #1 (SN01),11/21/1995 13:45:00,SNY319,14797-65-0,Nitrite (as N),Total,,0.5,mg/l,False,0.5,,,Unknown,SNY001,Actual,SW,Water,,,Clayton,07060003,River/Stream,,42.94880662,-91.18632674
6,15220004,Sny Magill Creek Site #1 (SN01),12/12/1995 13:50:00,SNY319,14797-65-0,Nitrite (as N),Total,,0.5,mg/l,False,0.5,,,Unknown,SNY001,Actual,SW,Water,,,Clayton,07060003,River/Stream,,42.94880662,-91.18632674
6,15220004,Sny Magill Creek Site #1 (SN01),12/19/1995 13:00:00,SNY319,14797-65-0,Nitrite (as N),Total,,0.5,mg/l,False,0.5,,,Unknown,SNY001,Actual,SW,Water,,,Clayton,07060003,River/Stream,,42.94880662,-91.18632674
6,15220003,North Cedar Creek (NCC),12/12/1995 14:25:00,SNY319,14797-65-0,Nitrite (as N),Total,,0.5,mg/l,False,0.5,,,Unknown,SNY001,Actual,SW,Water,,,Clayton,07060003,River/Stream,,42.96274242,-91.22931615
6,15220005,Sny Magill Creek Site #2 (SN02),10/31/1995 11:45:00,SNY319,14797-65-0,Nitrite (as N),Total,,0.5,mg/l,False,0.5,,,Unknown,SNY001,Actual,SW,Water,,,Clayton,07060003,River/Stream,,42.96808222,-91.22331192
6,15220005,Sny Magill Creek Site #2 (SN02),11/28/1995 14:15:00,SNY319,14797-65-0,Nitrite (as N),Total,,0.5,mg/l,False,0.5,,,Unknown,SNY001,Actual,SW,Water,,,Clayton,07060003,River/Stream,,42.96808222,-91.22331192
6,15220005,Sny Magill Creek Site #2 (SN02),12/26/1995 13:50:00,SNY319,14797-65-0,Nitrite (as N),Total,,0.5,mg/l,False,0.5,,,Unknown,SNY001,Actual,SW,Water,,,Clayton,07060003,River/Stream,,42.96808222,-91.22331192
6,15220006,Sny Magill Creek Site #3 (SN03),10/17/1995 15:20:00,SNY319,14797-65-0,Nitrite (as N),Total,,0.5,mg/l,False,0.5,,,Unknown,SNY001,Actual,SW,Water,,,Clayton,07060003,River/Stream,,42.98149721,-91.24097377
6,15220006,Sny Magill Creek Site #3 (SN03),10/24/1995 13:15:00,SNY319,14797-65-0,Nitrite (as N),Total,,0.5,mg/l,False,0.5,,,Unknown,SNY001,Actual,SW,Water,,,Clayton,07060003,River/Stream,,42.98149721,-91.24097377
6,15220006,Sny Magill Creek Site #3 (SN03),10/31/1995 12:20:00,SNY319,14797-65-0,Nitrite (as N),Total,,0.5,mg/l,False,0.5,,,Unknown,SNY001,Actual,SW,Water,,,Clayton,07060003,River/Stream,,42.98149721,-91.24097377
6,15220006,Sny Magill Creek Site #3 (SN03),11/21/1995 14:30:00,SNY319,14797-65-0,Nitrite (as N),Total,,0.5,mg/l,False,0.5,,,Unknown,SNY001,Actual,SW,Water,,,Clayton,07060003,River/Stream,,42.98149721,-91.24097377
6,15220006,Sny Magill Creek Site #3 (SN03),11/28/1995 14:45:00,SNY319,14797-65-0,Nitrite (as N),Total,,0.5,mg/l,False,0.5,,,Unknown,SNY001,Actual,SW,Water,,,Clayton,07060003,River/Stream,,42.98149721,-91.24097377
6,15220006,Sny Magill Creek Site #3 (SN03),12/05/1995 14:20:00,SNY319,14797-65-0,Nitrite (as N),Total,,0.5,mg/l,False,0.5,,,Unknown,SNY001,Actual,SW,Water,,,Clayton,07060003,River/Stream,,42.98149721,-91.24097377
6,15220006,Sny Magill Creek Site #3 (SN03),12/26/1995 14:15:00,SNY319,14797-65-0,Nitrite (as N),Total,,0.5,mg/l,False,0.5,,,Unknown,SNY001,Actual,SW,Water,,,Clayton,07060003,River/Stream,,42.98149721,-91.24097377
6,15220007,Sny Magill North Tributary (SNT),11/28/1995 14:30:00,SNY319,14797-65-0,Nitrite (as N),Total,,0.5,mg/l,False,0.5,,,Unknown,SNY001,Actual,SW,Water,,,Clayton,07060003,River/Stream,,42.96850981,-91.22439501
6,15220004,Sny Magill Creek Site #1 (SN01),05/09/1995 13:50:00,SNY319,14797-65-0,Nitrite (as N),Total,,0.5,mg/l,False,0.5,,,Unknown,SNY001,Actual,SW,Water,,,Clayton,07060003,River/Stream,,42.94880662,-91.18632674
6,15220004,Sny Magill Creek Site #1 (SN01),06/20/1995 13:10:00,SNY319,14797-65-0,Nitrite (as N),Total,,0.5,mg/l,False,0.5,,,Unknown,SNY001,Actual,SW,Water,,,Clayton,07060003,River/Stream,,42.94880662,-91.18632674
6,15220007,Sny Magill North Tributary (SNT),10/31/1995 12:05:00,SNY319,14797-65-0,Nitrite (as N),Total,,0.5,mg/l,False,0.5,,,Unknown,SNY001,Actual,SW,Water,,,Clayton,07060003,River/Stream,,42.96850981,-91.22439501
6,15220004,Sny Magill Creek Site #1 (SN01),06/27/1995 14:45:00,SNY319,14797-65-0,Nitrite (as N),Total,,0.5,mg/l,False,0.5,,,Unknown,SNY001,Actual,SW,Water,,,Clayton,07060003,River/Stream,,42.94880662,-91.18632674
6,15220004,Sny Magill Creek Site #1 (SN01),09/05/1995 12:40:00,SNY319,14797-65-0,Nitrite (as N),Total,,0.5,mg/l,False,0.5,,,Unknown,SNY001,Actual,SW,Water,,,Clayton,07060003,River/Stream,,42.94880662,-91.18632674
6,15220004,Sny Magill Creek Site #1 (SN01),08/29/1995 14:35:00,SNY319,14797-65-0,Nitrite (as N),Total,,0.5,mg/l,False,0.5,,,Unknown,SNY001,Actual,SW,Water,,,Clayton,07060003,River/Stream,,42.94880662,-91.18632674
6,15220004,Sny Magill Creek Site #1 (SN01),05/21/1996 13:00:00,SNY319,14797-65-0,Nitrite (as N),Total,,0.5,mg/l,False,0.5,,,Unknown,SNY001,Actual,SW,Water,,,Clayton,07060003,River/Stream,,42.94880662,-91.18632674
6,15220004,Sny Magill Creek Site #1 (SN01),05/28/1996 13:15:00,SNY319,14797-65-0,Nitrite (as N),Total,,0.5,mg/l,False,0.5,,,Unknown,SNY001,Actual,SW,Water,,,Clayton,07060003,River/Stream,,42.94880662,-91.18632674
6,15220004,Sny Magill Creek Site #1 (SN01),07/30/1996 14:05:00,SNY319,14797-65-0,Nitrite (as N),Total,,0.5,mg/l,False,0.5,,,Unknown,SNY001,Actual,SW,Water,,,Clayton,07060003,River/Stream,,42.94880662,-91.18632674
6,15220004,Sny Magill Creek Site #1 (SN01),08/20/1996 15:50:00,SNY319,14797-65-0,Nitrite (as N),Total,,0.5,mg/l,False,0.5,,,Unknown,SNY001,Actual,SW,Water,,,Clayton,07060003,River/Stream,,42.94880662,-91.18632674
6,15220004,Sny Magill Creek Site #1 (SN01),08/27/1996 14:00:00,SNY319,14797-65-0,Nitrite (as N),Total,,0.5,mg/l,False,0.5,,,Unknown,SNY001,Actual,SW,Water,,,Clayton,07060003,River/Stream,,42.94880662,-91.18632674
6,15220004,Sny Magill Creek Site #1 (SN01),08/06/1996 13:00:00,SNY319,14797-65-0,Nitrite (as N),Total,,0.5,mg/l,False,0.5,,,Unknown,SNY001,Actual,SW,Water,,,Clayton,07060003,River/Stream,,42.94880662,-91.18632674
6,15220004,Sny Magill Creek Site #1 (SN01),11/07/1995 14:00:00,SNY319,14797-65-0,Nitrite (as N),Total,,0.5,mg/l,False,0.5,,,Unknown,SNY001,Actual,SW,Water,,,Clayton,07060003,River/Stream,,42.94880662,-91.18632674
6,15220004,Sny Magill Creek Site #1 (SN01),11/14/1995 12:15:00,SNY319,14797-65-0,Nitrite (as N),Total,,0.5,mg/l,False,0.5,,,Unknown,SNY001,Actual,SW,Water,,,Clayton,07060003,River/Stream,,42.94880662,-91.18632674
6,15220004,Sny Magill Creek Site #1 (SN01),12/26/1995 13:25:00,SNY319,14797-65-0,Nitrite (as N),Total,,0.5,mg/l,False,0.5,,,Unknown,SNY001,Actual,SW,Water,,,Clayton,07060003,River/Stream,,42.94880662,-91.18632674
6,15220005,Sny Magill Creek Site #2 (SN02),09/28/1994 10:50:00,SNY319,14797-65-0,Nitrite (as N),Total,,0.5,mg/l,False,0.5,,,Unknown,SNY001,Actual,SW,Water,,,Clayton,07060003,River/Stream,,42.96808222,-91.22331192
6,15220004,Sny Magill Creek Site #1 (SN01),10/04/1994 15:10:00,SNY319,14797-65-0,Nitrite (as N),Total,,0.5,mg/l,False,0.5,,,Unknown,SNY001,Actual,SW,Water,,,Clayton,07060003,River/Stream,,42.94880662,-91.18632674
6,15220004,Sny Magill Creek Site #1 (SN01),12/06/1994 10:30:00,SNY319,14797-65-0,Nitrite (as N),Total,,0.5,mg/l,False,0.5,,,Unknown,SNY001,Actual,SW,Water,,,Clayton,07060003,River/Stream,,42.94880662,-91.18632674
6,15220004,Sny Magill Creek Site #1 (SN01),12/13/1994 14:10:00,SNY319,14797-65-0,Nitrite (as N),Total,,0.5,mg/l,False,0.5,,,Unknown,SNY001,Actual,SW,Water,,,Clayton,07060003,River/Stream,,42.94880662,-91.18632674
6,15220006,Sny Magill Creek Site #3 (SN03),09/28/1994 11:20:00,SNY319,14797-65-0,Nitrite (as N),Total,,0.5,mg/l,False,0.5,,,Unknown,SNY001,Actual,SW,Water,,,Clayton,07060003,River/Stream,,42.98149721,-91.24097377
6,15220005,Sny Magill Creek Site #2 (SN02),10/25/1994 11:10:00,SNY319,14797-65-0,Nitrite (as N),Total,,0.5,mg/l,False,0.5,,,Unknown,SNY001,Actual,SW,Water,,,Clayton,07060003,River/Stream,,42.96808222,-91.22331192
6,15220005,Sny Magill Creek Site #2 (SN02),11/29/1994 10:55:00,SNY319,14797-65-0,Nitrite (as N),Total,,0.5,mg/l,False,0.5,,,Unknown,SNY001,Actual,SW,Water,,,Clayton,07060003,River/Stream,,42.96808222,-91.22331192
6,15220006,Sny Magill Creek Site #3 (SN03),10/11/1994 15:15:00,SNY319,14797-65-0,Nitrite (as N),Total,,0.5,mg/l,False,0.5,,,Unknown,SNY001,Actual,SW,Water,,,Clayton,07060003,River/Stream,,42.98149721,-91.24097377
6,15220006,Sny Magill Creek Site #3 (SN03),11/15/1994 14:35:00,SNY319,14797-65-0,Nitrite (as N),Total,,0.5,mg/l,False,0.5,,,Unknown,SNY001,Actual,SW,Water,,,Clayton,07060003,River/Stream,,42.98149721,-91.24097377
6,15220006,Sny Magill Creek Site #3 (SN03),11/22/1994 14:20:00,SNY319,14797-65-0,Nitrite (as N),Total,,0.5,mg/l,False,0.5,,,Unknown,SNY001,Actual,SW,Water,,,Clayton,07060003,River/Stream,,42.98149721,-91.24097377
6,15220006,Sny Magill Creek Site #3 (SN03),10/18/1994 12:00:00,SNY319,14797-65-0,Nitrite (as N),Total,,0.5,mg/l,False,0.5,,,Unknown,SNY001,Actual,SW,Water,,,Clayton,07060003,River/Stream,,42.98149721,-91.24097377
6,15220006,Sny Magill Creek Site #3 (SN03),10/25/1994 11:00:00,SNY319,14797-65-0,Nitrite (as N),Total,,0.5,mg/l,False,0.5,,,Unknown,SNY001,Actual,SW,Water,,,Clayton,07060003,River/Stream,,42.98149721,-91.24097377
6,15220006,Sny Magill Creek Site #3 (SN03),11/29/1994 11:15:00,SNY319,14797-65-0,Nitrite (as N),Total,,0.5,mg/l,False,0.5,,,Unknown,SNY001,Actual,SW,Water,,,Clayton,07060003,River/Stream,,42.98149721,-91.24097377
6,15220006,Sny Magill Creek Site #3 (SN03),12/20/1994 11:00:00,SNY319,14797-65-0,Nitrite (as N),Total,,0.5,mg/l,False,0.5,,,Unknown,SNY001,Actual,SW,Water,,,Clayton,07060003,River/Stream,,42.98149721,-91.24097377
6,15220006,Sny Magill Creek Site #3 (SN03),12/27/1994 11:00:00,SNY319,14797-65-0,Nitrite (as N),Total,,0.5,mg/l,False,0.5,,,Unknown,SNY001,Actual,SW,Water,,,Clayton,07060003,River/Stream,,42.98149721,-91.24097377
6,15220007,Sny Magill North Tributary (SNT),10/25/1994 11:05:00,SNY319,14797-65-0,Nitrite (as N),Total,,0.5,mg/l,False,0.5,,,Unknown,SNY001,Actual,SW,Water,,,Clayton,07060003,River/Stream,,42.96850981,-91.22439501
6,15220008,West Fork Sny Magill Creek  (SNWF),10/04/1994 16:10:00,SNY319,14797-65-0,Nitrite (as N),Total,,0.5,mg/l,False,0.5,,,Unknown,SNY001,Actual,SW,Water,,,Clayton,07060003,River/Stream,,42.97628121,-91.23730654
6,15220008,West Fork Sny Magill Creek  (SNWF),10/11/1994 15:30:00,SNY319,14797-65-0,Nitrite (as N),Total,,0.5,mg/l,False,0.5,,,Unknown,SNY001,Actual,SW,Water,,,Clayton,07060003,River/Stream,,42.97628121,-91.23730654
6,15220008,West Fork Sny Magill Creek  (SNWF),11/08/1994 17:00:00,SNY319,14797-65-0,Nitrite (as N),Total,,0.5,mg/l,False,0.5,,,Unknown,SNY001,Actual,SW,Water,,,Clayton,07060003,River/Stream,,42.97628121,-91.23730654
6,15220008,West Fork Sny Magill Creek  (SNWF),10/18/1994 11:30:00,SNY319,14797-65-0,Nitrite (as N),Total,,0.5,mg/l,False,0.5,,,Unknown,SNY001,Actual,SW,Water,,,Clayton,07060003,River/Stream,,42.97628121,-91.23730654
6,15220008,West Fork Sny Magill Creek  (SNWF),11/15/1994 15:00:00,SNY319,14797-65-0,Nitrite (as N),Total,,0.5,mg/l,False,0.5,,,Unknown,SNY001,Actual,SW,Water,,,Clayton,07060003,River/Stream,,42.97628121,-91.23730654
6,15220008,West Fork Sny Magill Creek  (SNWF),11/22/1994 14:30:00,SNY319,14797-65-0,Nitrite (as N),Total,,0.5,mg/l,False,0.5,,,Unknown,SNY001,Actual,SW,Water,,,Clayton,07060003,River/Stream,,42.97628121,-91.23730654
6,15220008,West Fork Sny Magill Creek  (SNWF),12/13/1994 15:00:00,SNY319,14797-65-0,Nitrite (as N),Total,,0.5,mg/l,False,0.5,,,Unknown,SNY001,Actual,SW,Water,,,Clayton,07060003,River/Stream,,42.97628121,-91.23730654
6,15220008,West Fork Sny Magill Creek  (SNWF),12/20/1994 10:35:00,SNY319,14797-65-0,Nitrite (as N),Total,,0.5,mg/l,False,0.5,,,Unknown,SNY001,Actual,SW,Water,,,Clayton,07060003,River/Stream,,42.97628121,-91.23730654
6,15220008,West Fork Sny Magill Creek  (SNWF),12/27/1994 11:15:00,SNY319,14797-65-0,Nitrite (as N),Total,,0.5,mg/l,False,0.5,,,Unknown,SNY001,Actual,SW,Water,,,Clayton,07060003,River/Stream,,42.97628121,-91.23730654
6,15220004,Sny Magill Creek Site #1 (SN01),01/10/1995 13:25:00,SNY319,14797-65-0,Nitrite (as N),Total,,0.5,mg/l,False,0.5,,,Unknown,SNY001,Actual,SW,Water,,,Clayton,07060003,River/Stream,,42.94880662,-91.18632674
6,15220004,Sny Magill Creek Site #1 (SN01),02/07/1995 12:30:00,SNY319,14797-65-0,Nitrite (as N),Total,,0.5,mg/l,False,0.5,,,Unknown,SNY001,Actual,SW,Water,,,Clayton,07060003,River/Stream,,42.94880662,-91.18632674
6,15220004,Sny Magill Creek Site #1 (SN01),01/17/1995 13:00:00,SNY319,14797-65-0,Nitrite (as N),Total,,0.5,mg/l,False,0.5,,,Unknown,SNY001,Actual,SW,Water,,,Clayton,07060003,River/Stream,,42.94880662,-91.18632674
6,15220004,Sny Magill Creek Site #1 (SN01),02/28/1995 09:30:00,SNY319,14797-65-0,Nitrite (as N),Total,,0.5,mg/l,False,0.5,,,Unknown,SNY001,Actual,SW,Water,,,Clayton,07060003,River/Stream,,42.94880662,-91.18632674
6,15220004,Sny Magill Creek Site #1 (SN01),03/21/1995 12:30:00,SNY319,14797-65-0,Nitrite (as N),Total,,0.5,mg/l,False,0.5,,,Unknown,SNY001,Actual,SW,Water,,,Clayton,07060003,River/Stream,,42.94880662,-91.18632674
6,15220004,Sny Magill Creek Site #1 (SN01),04/18/1995 13:30:00,SNY319,14797-65-0,Nitrite (as N),Total,,0.5,mg/l,False,0.5,,,Unknown,SNY001,Actual,SW,Water,,,Clayton,07060003,River/Stream,,42.94880662,-91.18632674
6,15220004,Sny Magill Creek Site #1 (SN01),04/11/1995 13:20:00,SNY319,14797-65-0,Nitrite (as N),Total,,0.5,mg/l,False,0.5,,,Unknown,SNY001,Actual,SW,Water,,,Clayton,07060003,River/Stream,,42.94880662,-91.18632674
6,15220004,Sny Magill Creek Site #1 (SN01),03/07/1995 13:00:00,SNY319,14797-65-0,Nitrite (as N),Total,,0.5,mg/l,False,0.5,,,Unknown,SNY001,Actual,SW,Water,,,Clayton,07060003,River/Stream,,42.94880662,-91.18632674
6,15220004,Sny Magill Creek Site #1 (SN01),03/28/1995 11:30:00,SNY319,14797-65-0,Nitrite (as N),Total,,0.5,mg/l,False,0.5,,,Unknown,SNY001,Actual,SW,Water,,,Clayton,07060003,River/Stream,,42.94880662,-91.18632674
6,15220004,Sny Magill Creek Site #1 (SN01),07/11/1995 17:00:00,SNY319,14797-65-0,Nitrite (as N),Total,,0.5,mg/l,False,0.5,,,Unknown,SNY001,Actual,SW,Water,,,Clayton,07060003,River/Stream,,42.94880662,-91.18632674
6,15220004,Sny Magill Creek Site #1 (SN01),07/18/1995 16:10:00,SNY319,14797-65-0,Nitrite (as N),Total,,0.5,mg/l,False,0.5,,,Unknown,SNY001,Actual,SW,Water,,,Clayton,07060003,River/Stream,,42.94880662,-91.18632674
6,15220004,Sny Magill Creek Site #1 (SN01),05/30/1995 14:10:00,SNY319,14797-65-0,Nitrite (as N),Total,,0.5,mg/l,False,0.5,,,Unknown,SNY001,Actual,SW,Water,,,Clayton,07060003,River/Stream,,42.94880662,-91.18632674
6,15220004,Sny Magill Creek Site #1 (SN01),09/19/1995 13:25:00,SNY319,14797-65-0,Nitrite (as N),Total,,0.5,mg/l,False,0.5,,,Unknown,SNY001,Actual,SW,Water,,,Clayton,07060003,River/Stream,,42.94880662,-91.18632674
6,15220004,Sny Magill Creek Site #1 (SN01),08/08/1995 15:05:00,SNY319,14797-65-0,Nitrite (as N),Total,,0.5,mg/l,False,0.5,,,Unknown,SNY001,Actual,SW,Water,,,Clayton,07060003,River/Stream,,42.94880662,-91.18632674
6,15220004,Sny Magill Creek Site #1 (SN01),09/26/1995 14:25:00,SNY319,14797-65-0,Nitrite (as N),Total,,0.5,mg/l,False,0.5,,,Unknown,SNY001,Actual,SW,Water,,,Clayton,07060003,River/Stream,,42.94880662,-91.18632674
6,15220005,Sny Magill Creek Site #2 (SN02),04/25/1995 10:20:00,SNY319,14797-65-0,Nitrite (as N),Total,,0.5,mg/l,False,0.5,,,Unknown,SNY001,Actual,SW,Water,,,Clayton,07060003,River/Stream,,42.96808222,-91.22331192
6,15220005,Sny Magill Creek Site #2 (SN02),05/30/1995 14:40:00,SNY319,14797-65-0,Nitrite (as N),Total,,0.5,mg/l,False,0.5,,,Unknown,SNY001,Actual,SW,Water,,,Clayton,07060003,River/Stream,,42.96808222,-91.22331192
6,15220005,Sny Magill Creek Site #2 (SN02),09/26/1995 14:50:00,SNY319,14797-65-0,Nitrite (as N),Total,,0.5,mg/l,False,0.5,,,Unknown,SNY001,Actual,SW,Water,,,Clayton,07060003,River/Stream,,42.96808222,-91.22331192
6,15220006,Sny Magill Creek Site #3 (SN03),01/03/1995 11:30:00,SNY319,14797-65-0,Nitrite (as N),Total,,0.5,mg/l,False,0.5,,,Unknown,SNY001,Actual,SW,Water,,,Clayton,07060003,River/Stream,,42.98149721,-91.24097377
6,15220006,Sny Magill Creek Site #3 (SN03),01/31/1995 11:45:00,SNY319,14797-65-0,Nitrite (as N),Total,,0.5,mg/l,False,0.5,,,Unknown,SNY001,Actual,SW,Water,,,Clayton,07060003,River/Stream,,42.98149721,-91.24097377
6,15220006,Sny Magill Creek Site #3 (SN03),02/07/1995 11:30:00,SNY319,14797-65-0,Nitrite (as N),Total,,0.5,mg/l,False,0.5,,,Unknown,SNY001,Actual,SW,Water,,,Clayton,07060003,River/Stream,,42.98149721,-91.24097377
6,15220006,Sny Magill Creek Site #3 (SN03),03/07/1995 12:00:00,SNY319,14797-65-0,Nitrite (as N),Total,,0.5,mg/l,False,0.5,,,Unknown,SNY001,Actual,SW,Water,,,Clayton,07060003,River/Stream,,42.98149721,-91.24097377
6,15220006,Sny Magill Creek Site #3 (SN03),04/04/1995 14:20:00,SNY319,14797-65-0,Nitrite (as N),Total,,0.5,mg/l,False,0.5,,,Unknown,SNY001,Actual,SW,Water,,,Clayton,07060003,River/Stream,,42.98149721,-91.24097377
6,15220006,Sny Magill Creek Site #3 (SN03),03/14/1995 15:20:00,SNY319,14797-65-0,Nitrite (as N),Total,,0.5,mg/l,False,0.5,,,Unknown,SNY001,Actual,SW,Water,,,Clayton,07060003,River/Stream,,42.98149721,-91.24097377
6,15220006,Sny Magill Creek Site #3 (SN03),04/11/1995 14:00:00,SNY319,14797-65-0,Nitrite (as N),Total,,0.5,mg/l,False,0.5,,,Unknown,SNY001,Actual,SW,Water,,,Clayton,07060003,River/Stream,,42.98149721,-91.24097377
6,15220006,Sny Magill Creek Site #3 (SN03),04/18/1995 12:00:00,SNY319,14797-65-0,Nitrite (as N),Total,,0.5,mg/l,False,0.5,,,Unknown,SNY001,Actual,SW,Water,,,Clayton,07060003,River/Stream,,42.98149721,-91.24097377
6,15220006,Sny Magill Creek Site #3 (SN03),05/09/1995 14:35:00,SNY319,14797-65-0,Nitrite (as N),Total,,0.5,mg/l,False,0.5,,,Unknown,SNY001,Actual,SW,Water,,,Clayton,07060003,River/Stream,,42.98149721,-91.24097377
6,15220006,Sny Magill Creek Site #3 (SN03),05/16/1995 11:30:00,SNY319,14797-65-0,Nitrite (as N),Total,,0.5,mg/l,False,0.5,,,Unknown,SNY001,Actual,SW,Water,,,Clayton,07060003,River/Stream,,42.98149721,-91.24097377
6,15220006,Sny Magill Creek Site #3 (SN03),05/23/1995 14:50:00,SNY319,14797-65-0,Nitrite (as N),Total,,0.5,mg/l,False,0.5,,,Unknown,SNY001,Actual,SW,Water,,,Clayton,07060003,River/Stream,,42.98149721,-91.24097377
6,15220006,Sny Magill Creek Site #3 (SN03),06/13/1995 15:15:00,SNY319,14797-65-0,Nitrite (as N),Total,,0.5,mg/l,False,0.5,,,Unknown,SNY001,Actual,SW,Water,,,Clayton,07060003,River/Stream,,42.98149721,-91.24097377
6,15220006,Sny Magill Creek Site #3 (SN03),06/20/1995 11:40:00,SNY319,14797-65-0,Nitrite (as N),Total,,0.5,mg/l,False,0.5,,,Unknown,SNY001,Actual,SW,Water,,,Clayton,07060003,River/Stream,,42.98149721,-91.24097377
6,15220006,Sny Magill Creek Site #3 (SN03),06/27/1995 15:35:00,SNY319,14797-65-0,Nitrite (as N),Total,,0.5,mg/l,False,0.5,,,Unknown,SNY001,Actual,SW,Water,,,Clayton,07060003,River/Stream,,42.98149721,-91.24097377
6,15220006,Sny Magill Creek Site #3 (SN03),08/01/1995 11:35:00,SNY319,14797-65-0,Nitrite (as N),Total,,0.5,mg/l,False,0.5,,,Unknown,SNY001,Actual,SW,Water,,,Clayton,07060003,River/Stream,,42.98149721,-91.24097377
6,15220006,Sny Magill Creek Site #3 (SN03),09/05/1995 11:30:00,SNY319,14797-65-0,Nitrite (as N),Total,,0.5,mg/l,False,0.5,,,Unknown,SNY001,Actual,SW,Water,,,Clayton,07060003,River/Stream,,42.98149721,-91.24097377
6,15220007,Sny Magill North Tributary (SNT),01/31/1995 11:25:00,SNY319,14797-65-0,Nitrite (as N),Total,,0.5,mg/l,False,0.5,,,Unknown,SNY001,Actual,SW,Water,,,Clayton,07060003,River/Stream,,42.96850981,-91.22439501
6,15220006,Sny Magill Creek Site #3 (SN03),07/25/1995 18:10:00,SNY319,14797-65-0,Nitrite (as N),Total,,0.5,mg/l,False,0.5,,,Unknown,SNY001,Actual,SW,Water,,,Clayton,07060003,River/Stream,,42.98149721,-91.24097377
6,15220006,Sny Magill Creek Site #3 (SN03),08/29/1995 16:10:00,SNY319,14797-65-0,Nitrite (as N),Total,,0.5,mg/l,False,0.5,,,Unknown,SNY001,Actual,SW,Water,,,Clayton,07060003,River/Stream,,42.98149721,-91.24097377
6,15220007,Sny Magill North Tributary (SNT),02/28/1995 10:30:00,SNY319,14797-65-0,Nitrite (as N),Total,,0.5,mg/l,False,0.5,,,Unknown,SNY001,Actual,SW,Water,,,Clayton,07060003,River/Stream,,42.96850981,-91.22439501
6,15220007,Sny Magill North Tributary (SNT),06/27/1995 15:20:00,SNY319,14797-65-0,Nitrite (as N),Total,,0.5,mg/l,False,0.5,,,Unknown,SNY001,Actual,SW,Water,,,Clayton,07060003,River/Stream,,42.96850981,-91.22439501
6,15220007,Sny Magill North Tributary (SNT),07/25/1995 18:00:00,SNY319,14797-65-0,Nitrite (as N),Total,,0.5,mg/l,False,0.5,,,Unknown,SNY001,Actual,SW,Water,,,Clayton,07060003,River/Stream,,42.96850981,-91.22439501
6,15220008,West Fork Sny Magill Creek  (SNWF),01/10/1995 14:05:00,SNY319,14797-65-0,Nitrite (as N),Total,,0.5,mg/l,False,0.5,,,Unknown,SNY001,Actual,SW,Water,,,Clayton,07060003,River/Stream,,42.97628121,-91.23730654
6,15220008,West Fork Sny Magill Creek  (SNWF),01/17/1995 11:30:00,SNY319,14797-65-0,Nitrite (as N),Total,,0.5,mg/l,False,0.5,,,Unknown,SNY001,Actual,SW,Water,,,Clayton,07060003,River/Stream,,42.97628121,-91.23730654
6,15220008,West Fork Sny Magill Creek  (SNWF),02/14/1995 13:35:00,SNY319,14797-65-0,Nitrite (as N),Total,,0.5,mg/l,False,0.5,,,Unknown,SNY001,Actual,SW,Water,,,Clayton,07060003,River/Stream,,42.97628121,-91.23730654
6,15220008,West Fork Sny Magill Creek  (SNWF),02/21/1995 11:30:00,SNY319,14797-65-0,Nitrite (as N),Total,,0.5,mg/l,False,0.5,,,Unknown,SNY001,Actual,SW,Water,,,Clayton,07060003,River/Stream,,42.97628121,-91.23730654
6,15220008,West Fork Sny Magill Creek  (SNWF),03/21/1995 11:00:00,SNY319,14797-65-0,Nitrite (as N),Total,,0.5,mg/l,False,0.5,,,Unknown,SNY001,Actual,SW,Water,,,Clayton,07060003,River/Stream,,42.97628121,-91.23730654
6,15220008,West Fork Sny Magill Creek  (SNWF),04/18/1995 11:20:00,SNY319,14797-65-0,Nitrite (as N),Total,,0.5,mg/l,False,0.5,,,Unknown,SNY001,Actual,SW,Water,,,Clayton,07060003,River/Stream,,42.97628121,-91.23730654
6,15220008,West Fork Sny Magill Creek  (SNWF),03/28/1995 13:20:00,SNY319,14797-65-0,Nitrite (as N),Total,,0.5,mg/l,False,0.5,,,Unknown,SNY001,Actual,SW,Water,,,Clayton,07060003,River/Stream,,42.97628121,-91.23730654
6,15220008,West Fork Sny Magill Creek  (SNWF),04/25/1995 10:50:00,SNY319,14797-65-0,Nitrite (as N),Total,,0.5,mg/l,False,0.5,,,Unknown,SNY001,Actual,SW,Water,,,Clayton,07060003,River/Stream,,42.97628121,-91.23730654
6,15220008,West Fork Sny Magill Creek  (SNWF),05/23/1995 15:15:00,SNY319,14797-65-0,Nitrite (as N),Total,,0.5,mg/l,False,0.5,,,Unknown,SNY001,Actual,SW,Water,,,Clayton,07060003,River/Stream,,42.97628121,-91.23730654
6,15220008,West Fork Sny Magill Creek  (SNWF),05/02/1995 11:00:00,SNY319,14797-65-0,Nitrite (as N),Total,,0.5,mg/l,False,0.5,,,Unknown,SNY001,Actual,SW,Water,,,Clayton,07060003,River/Stream,,42.97628121,-91.23730654
6,15220008,West Fork Sny Magill Creek  (SNWF),05/30/1995 15:05:00,SNY319,14797-65-0,Nitrite (as N),Total,,0.5,mg/l,False,0.5,,,Unknown,SNY001,Actual,SW,Water,,,Clayton,07060003,River/Stream,,42.97628121,-91.23730654
6,15220008,West Fork Sny Magill Creek  (SNWF),07/04/1995 13:35:00,SNY319,14797-65-0,Nitrite (as N),Total,,0.5,mg/l,False,0.5,,,Unknown,SNY001,Actual,SW,Water,,,Clayton,07060003,River/Stream,,42.97628121,-91.23730654
6,15220008,West Fork Sny Magill Creek  (SNWF),06/06/1995 08:50:00,SNY319,14797-65-0,Nitrite (as N),Total,,0.5,mg/l,False,0.5,,,Unknown,SNY001,Actual,SW,Water,,,Clayton,07060003,River/Stream,,42.97628121,-91.23730654
6,15220008,West Fork Sny Magill Creek  (SNWF),06/27/1995 15:45:00,SNY319,14797-65-0,Nitrite (as N),Total,,0.5,mg/l,False,0.5,,,Unknown,SNY001,Actual,SW,Water,,,Clayton,07060003,River/Stream,,42.97628121,-91.23730654
6,15220008,West Fork Sny Magill Creek  (SNWF),07/11/1995 17:50:00,SNY319,14797-65-0,Nitrite (as N),Total,,0.5,mg/l,False,0.5,,,Unknown,SNY001,Actual,SW,Water,,,Clayton,07060003,River/Stream,,42.97628121,-91.23730654
6,15220008,West Fork Sny Magill Creek  (SNWF),08/08/1995 16:00:00,SNY319,14797-65-0,Nitrite (as N),Total,,0.5,mg/l,False,0.5,,,Unknown,SNY001,Actual,SW,Water,,,Clayton,07060003,River/Stream,,42.97628121,-91.23730654
6,15220008,West Fork Sny Magill Creek  (SNWF),08/15/1995 17:10:00,SNY319,14797-65-0,Nitrite (as N),Total,,0.5,mg/l,False,0.5,,,Unknown,SNY001,Actual,SW,Water,,,Clayton,07060003,River/Stream,,42.97628121,-91.23730654
6,15220008,West Fork Sny Magill Creek  (SNWF),09/12/1995 13:45:00,SNY319,14797-65-0,Nitrite (as N),Total,,0.5,mg/l,False,0.5,,,Unknown,SNY001,Actual,SW,Water,,,Clayton,07060003,River/Stream,,42.97628121,-91.23730654
6,15220008,West Fork Sny Magill Creek  (SNWF),09/19/1995 11:20:00,SNY319,14797-65-0,Nitrite (as N),Total,,0.5,mg/l,False,0.5,,,Unknown,SNY001,Actual,SW,Water,,,Clayton,07060003,River/Stream,,42.97628121,-91.23730654
6,15220004,Sny Magill Creek Site #1 (SN01),01/02/1996 13:30:00,SNY319,14797-65-0,Nitrite (as N),Total,,0.5,mg/l,False,0.5,,,Unknown,SNY001,Actual,SW,Water,,,Clayton,07060003,River/Stream,,42.94880662,-91.18632674
6,15220004,Sny Magill Creek Site #1 (SN01),01/09/1996 14:20:00,SNY319,14797-65-0,Nitrite (as N),Total,,0.5,mg/l,False,0.5,,,Unknown,SNY001,Actual,SW,Water,,,Clayton,07060003,River/Stream,,42.94880662,-91.18632674
6,15220004,Sny Magill Creek Site #1 (SN01),01/23/1996 14:10:00,SNY319,14797-65-0,Nitrite (as N),Total,,0.5,mg/l,False,0.5,,,Unknown,SNY001,Actual,SW,Water,,,Clayton,07060003,River/Stream,,42.94880662,-91.18632674
6,15220004,Sny Magill Creek Site #1 (SN01),01/30/1996 15:40:00,SNY319,14797-65-0,Nitrite (as N),Total,,0.5,mg/l,False,0.5,,,Unknown,SNY001,Actual,SW,Water,,,Clayton,07060003,River/Stream,,42.94880662,-91.18632674
6,15220004,Sny Magill Creek Site #1 (SN01),02/20/1996 10:20:00,SNY319,14797-65-0,Nitrite (as N),Total,,0.5,mg/l,False,0.5,,,Unknown,SNY001,Actual,SW,Water,,,Clayton,07060003,River/Stream,,42.94880662,-91.18632674
6,15220004,Sny Magill Creek Site #1 (SN01),03/19/1996 12:15:00,SNY319,14797-65-0,Nitrite (as N),Total,,0.5,mg/l,False,0.5,,,Unknown,SNY001,Actual,SW,Water,,,Clayton,07060003,River/Stream,,42.94880662,-91.18632674
6,15220004,Sny Magill Creek Site #1 (SN01),03/12/1996 14:45:00,SNY319,14797-65-0,Nitrite (as N),Total,,0.5,mg/l,False,0.5,,,Unknown,SNY001,Actual,SW,Water,,,Clayton,07060003,River/Stream,,42.94880662,-91.18632674
6,15220004,Sny Magill Creek Site #1 (SN01),04/02/1996 11:50:00,SNY319,14797-65-0,Nitrite (as N),Total,,0.5,mg/l,False,0.5,,,Unknown,SNY001,Actual,SW,Water,,,Clayton,07060003,River/Stream,,42.94880662,-91.18632674
6,15220004,Sny Magill Creek Site #1 (SN01),04/09/1996 10:40:00,SNY319,14797-65-0,Nitrite (as N),Total,,0.5,mg/l,False,0.5,,,Unknown,SNY001,Actual,SW,Water,,,Clayton,07060003,River/Stream,,42.94880662,-91.18632674
6,15220004,Sny Magill Creek Site #1 (SN01),06/11/1996 11:40:00,SNY319,14797-65-0,Nitrite (as N),Total,,0.5,mg/l,False,0.5,,,Unknown,SNY001,Actual,SW,Water,,,Clayton,07060003,River/Stream,,42.94880662,-91.18632674
6,15220004,Sny Magill Creek Site #1 (SN01),06/18/1996 12:30:00,SNY319,14797-65-0,Nitrite (as N),Total,,0.5,mg/l,False,0.5,,,Unknown,SNY001,Actual,SW,Water,,,Clayton,07060003,River/Stream,,42.94880662,-91.18632674
6,15220004,Sny Magill Creek Site #1 (SN01),09/10/1996 12:35:00,SNY319,14797-65-0,Nitrite (as N),Total,,0.5,mg/l,False,0.5,,,Unknown,SNY001,Actual,SW,Water,,,Clayton,07060003,River/Stream,,42.94880662,-91.18632674
6,15220004,Sny Magill Creek Site #1 (SN01),04/30/1996 13:00:00,SNY319,14797-65-0,Nitrite (as N),Total,,0.5,mg/l,False,0.5,,,Unknown,SNY001,Actual,SW,Water,,,Clayton,07060003,River/Stream,,42.94880662,-91.18632674
6,15220004,Sny Magill Creek Site #1 (SN01),07/09/1996 13:20:00,SNY319,14797-65-0,Nitrite (as N),Total,,0.5,mg/l,False,0.5,,,Unknown,SNY001,Actual,SW,Water,,,Clayton,07060003,River/Stream,,42.94880662,-91.18632674
6,15220004,Sny Magill Creek Site #1 (SN01),09/17/1996 12:00:00,SNY319,14797-65-0,Nitrite (as N),Total,,0.5,mg/l,False,0.5,,,Unknown,SNY001,Actual,SW,Water,,,Clayton,07060003,River/Stream,,42.94880662,-91.18632674
6,15220005,Sny Magill Creek Site #2 (SN02),03/26/1996 12:15:00,SNY319,14797-65-0,Nitrite (as N),Total,,0.5,mg/l,False,0.5,,,Unknown,SNY001,Actual,SW,Water,,,Clayton,07060003,River/Stream,,42.96808222,-91.22331192
6,15220005,Sny Magill Creek Site #2 (SN02),02/27/1996 14:00:00,SNY319,14797-65-0,Nitrite (as N),Total,,0.5,mg/l,False,0.5,,,Unknown,SNY001,Actual,SW,Water,,,Clayton,07060003,River/Stream,,42.96808222,-91.22331192
6,15220003,North Cedar Creek (NCC),09/26/1995 16:40:00,SNY319,14797-65-0,Nitrite (as N),Total,,0.5,mg/l,False,0.5,,,Unknown,SNY001,Actual,SW,Water,,,Clayton,07060003,River/Stream,,42.96274242,-91.22931615
6,15220003,North Cedar Creek (NCC),01/02/1996 13:50:00,SNY319,14797-65-0,Nitrite (as N),Total,,0.5,mg/l,False,0.5,,,Unknown,SNY001,Actual,SW,Water,,,Clayton,07060003,River/Stream,,42.96274242,-91.22931615
6,15220003,North Cedar Creek (NCC),01/30/1996 16:00:00,SNY319,14797-65-0,Nitrite (as N),Total,,0.5,mg/l,False,0.5,,,Unknown,SNY001,Actual,SW,Water,,,Clayton,07060003,River/Stream,,42.96274242,-91.22931615
6,15220003,North Cedar Creek (NCC),02/06/1996 13:30:00,SNY319,14797-65-0,Nitrite (as N),Total,,0.5,mg/l,False,0.5,,,Unknown,SNY001,Actual,SW,Water,,,Clayton,07060003,River/Stream,,42.96274242,-91.22931615
6,15220003,North Cedar Creek (NCC),09/19/1995 12:50:00,SNY319,14797-65-0,Nitrite (as N),Total,,0.5,mg/l,False,0.5,,,Unknown,SNY001,Actual,SW,Water,,,Clayton,07060003,River/Stream,,42.96274242,-91.22931615
6,15220003,North Cedar Creek (NCC),01/23/1996 14:45:00,SNY319,14797-65-0,Nitrite (as N),Total,,0.5,mg/l,False,0.5,,,Unknown,SNY001,Actual,SW,Water,,,Clayton,07060003,River/Stream,,42.96274242,-91.22931615
6,15220003,North Cedar Creek (NCC),03/05/1996 14:30:00,SNY319,14797-65-0,Nitrite (as N),Total,,0.5,mg/l,False,0.5,,,Unknown,SNY001,Actual,SW,Water,,,Clayton,07060003,River/Stream,,42.96274242,-91.22931615
6,15220003,North Cedar Creek (NCC),03/12/1996 15:05:00,SNY319,14797-65-0,Nitrite (as N),Total,,0.5,mg/l,False,0.5,,,Unknown,SNY001,Actual,SW,Water,,,Clayton,07060003,River/Stream,,42.96274242,-91.22931615
6,15220003,North Cedar Creek (NCC),04/09/1996 10:10:00,SNY319,14797-65-0,Nitrite (as N),Total,,0.5,mg/l,False,0.5,,,Unknown,SNY001,Actual,SW,Water,,,Clayton,07060003,River/Stream,,42.96274242,-91.22931615
6,15220003,North Cedar Creek (NCC),04/16/1996 14:00:00,SNY319,14797-65-0,Nitrite (as N),Total,,0.5,mg/l,False,0.5,,,Unknown,SNY001,Actual,SW,Water,,,Clayton,07060003,River/Stream,,42.96274242,-91.22931615
6,15220003,North Cedar Creek (NCC),05/14/1996 12:15:00,SNY319,14797-65-0,Nitrite (as N),Total,,0.5,mg/l,False,0.5,,,Unknown,SNY001,Actual,SW,Water,,,Clayton,07060003,River/Stream,,42.96274242,-91.22931615
6,15220003,North Cedar Creek (NCC),06/18/1996 12:00:00,SNY319,14797-65-0,Nitrite (as N),Total,,0.5,mg/l,False,0.5,,,Unknown,SNY001,Actual,SW,Water,,,Clayton,07060003,River/Stream,,42.96274242,-91.22931615
6,15220003,North Cedar Creek (NCC),05/21/1996 13:30:00,SNY319,14797-65-0,Nitrite (as N),Total,,0.5,mg/l,False,0.5,,,Unknown,SNY001,Actual,SW,Water,,,Clayton,07060003,River/Stream,,42.96274242,-91.22931615
6,15220003,North Cedar Creek (NCC),06/25/1996 15:30:00,SNY319,14797-65-0,Nitrite (as N),Total,,0.5,mg/l,False,0.5,,,Unknown,SNY001,Actual,SW,Water,,,Clayton,07060003,River/Stream,,42.96274242,-91.22931615
6,15220003,North Cedar Creek (NCC),07/02/1996 12:30:00,SNY319,14797-65-0,Nitrite (as N),Total,,0.5,mg/l,False,0.5,,,Unknown,SNY001,Actual,SW,Water,,,Clayton,07060003,River/Stream,,42.96274242,-91.22931615
6,15220003,North Cedar Creek (NCC),07/23/1996 12:15:00,SNY319,14797-65-0,Nitrite (as N),Total,,0.5,mg/l,False,0.5,,,Unknown,SNY001,Actual,SW,Water,,,Clayton,07060003,River/Stream,,42.96274242,-91.22931615
6,15220003,North Cedar Creek (NCC),07/30/1996 14:20:00,SNY319,14797-65-0,Nitrite (as N),Total,,0.5,mg/l,False,0.5,,,Unknown,SNY001,Actual,SW,Water,,,Clayton,07060003,River/Stream,,42.96274242,-91.22931615
6,15220003,North Cedar Creek (NCC),08/27/1996 15:00:00,SNY319,14797-65-0,Nitrite (as N),Total,,0.5,mg/l,False,0.5,,,Unknown,SNY001,Actual,SW,Water,,,Clayton,07060003,River/Stream,,42.96274242,-91.22931615
6,15220003,North Cedar Creek (NCC),09/03/1996 12:20:00,SNY319,14797-65-0,Nitrite (as N),Total,,0.5,mg/l,False,0.5,,,Unknown,SNY001,Actual,SW,Water,,,Clayton,07060003,River/Stream,,42.96274242,-91.22931615
6,15220001,Bloody Run Creek Site #2 (BR02),10/17/1995 13:25:00,SNY319,14797-65-0,Nitrite (as N),Total,,0.5,mg/l,False,0.5,,,Unknown,SNY001,Actual,SW,Water,,,Clayton,07060001,River/Stream,,43.03547975,-91.26682808
6,15220001,Bloody Run Creek Site #2 (BR02),10/24/1995 10:40:00,SNY319,14797-65-0,Nitrite (as N),Total,,0.5,mg/l,False,0.5,,,Unknown,SNY001,Actual,SW,Water,,,Clayton,07060001,River/Stream,,43.03547975,-91.26682808
6,15220001,Bloody Run Creek Site #2 (BR02),10/31/1995 09:45:00,SNY319,14797-65-0,Nitrite (as N),Total,,0.5,mg/l,False,0.5,,,Unknown,SNY001,Actual,SW,Water,,,Clayton,07060001,River/Stream,,43.03547975,-91.26682808
6,15220001,Bloody Run Creek Site #2 (BR02),11/21/1995 12:10:00,SNY319,14797-65-0,Nitrite (as N),Total,,0.5,mg/l,False,0.5,,,Unknown,SNY001,Actual,SW,Water,,,Clayton,07060001,River/Stream,,43.03547975,-91.26682808
6,15220001,Bloody Run Creek Site #2 (BR02),11/28/1995 12:30:00,SNY319,14797-65-0,Nitrite (as N),Total,,0.5,mg/l,False,0.5,,,Unknown,SNY001,Actual,SW,Water,,,Clayton,07060001,River/Stream,,43.03547975,-91.26682808
6,15220001,Bloody Run Creek Site #2 (BR02),12/05/1995 12:20:00,SNY319,14797-65-0,Nitrite (as N),Total,,0.5,mg/l,False,0.5,,,Unknown,SNY001,Actual,SW,Water,,,Clayton,07060001,River/Stream,,43.03547975,-91.26682808
6,15220001,Bloody Run Creek Site #2 (BR02),12/26/1995 12:05:00,SNY319,14797-65-0,Nitrite (as N),Total,,0.5,mg/l,False,0.5,,,Unknown,SNY001,Actual,SW,Water,,,Clayton,07060001,River/Stream,,43.03547975,-91.26682808
6,15220001,Bloody Run Creek Site #2 (BR02),01/02/1996 12:20:00,SNY319,14797-65-0,Nitrite (as N),Total,,0.5,mg/l,False,0.5,,,Unknown,SNY001,Actual,SW,Water,,,Clayton,07060001,River/Stream,,43.03547975,-91.26682808
6,15220002,Bloody Run Creek at Spook Cave (BRSC),10/31/1995 10:20:00,SNY319,14797-65-0,Nitrite (as N),Total,,0.5,mg/l,False,0.5,,,Unknown,SNY001,Actual,SW,Water,,,Clayton,07060001,River/Stream,,43.03326422,-91.30759437
6,15220001,Bloody Run Creek Site #2 (BR02),01/23/1996 12:30:00,SNY319,14797-65-0,Nitrite (as N),Total,,0.5,mg/l,False,0.5,,,Unknown,SNY001,Actual,SW,Water,,,Clayton,07060001,River/Stream,,43.03547975,-91.26682808
6,15220001,Bloody Run Creek Site #2 (BR02),02/06/1996 11:45:00,SNY319,14797-65-0,Nitrite (as N),Total,,0.5,mg/l,False,0.5,,,Unknown,SNY001,Actual,SW,Water,,,Clayton,07060001,River/Stream,,43.03547975,-91.26682808
6,15220001,Bloody Run Creek Site #2 (BR02),03/05/1996 12:50:00,SNY319,14797-65-0,Nitrite (as N),Total,,0.5,mg/l,False,0.5,,,Unknown,SNY001,Actual,SW,Water,,,Clayton,07060001,River/Stream,,43.03547975,-91.26682808
6,15220001,Bloody Run Creek Site #2 (BR02),01/30/1996 14:00:00,SNY319,14797-65-0,Nitrite (as N),Total,,0.5,mg/l,False,0.5,,,Unknown,SNY001,Actual,SW,Water,,,Clayton,07060001,River/Stream,,43.03547975,-91.26682808
6,15220001,Bloody Run Creek Site #2 (BR02),02/27/1996 12:15:00,SNY319,14797-65-0,Nitrite (as N),Total,,0.5,mg/l,False,0.5,,,Unknown,SNY001,Actual,SW,Water,,,Clayton,07060001,River/Stream,,43.03547975,-91.26682808
6,15220001,Bloody Run Creek Site #2 (BR02),03/12/1996 13:35:00,SNY319,14797-65-0,Nitrite (as N),Total,,0.5,mg/l,False,0.5,,,Unknown,SNY001,Actual,SW,Water,,,Clayton,07060001,River/Stream,,43.03547975,-91.26682808
6,15220001,Bloody Run Creek Site #2 (BR02),04/09/1996 12:30:00,SNY319,14797-65-0,Nitrite (as N),Total,,0.5,mg/l,False,0.5,,,Unknown,SNY001,Actual,SW,Water,,,Clayton,07060001,River/Stream,,43.03547975,-91.26682808
6,15220001,Bloody Run Creek Site #2 (BR02),05/07/1996 12:00:00,SNY319,14797-65-0,Nitrite (as N),Total,,0.5,mg/l,False,0.5,,,Unknown,SNY001,Actual,SW,Water,,,Clayton,07060001,River/Stream,,43.03547975,-91.26682808
6,15220001,Bloody Run Creek Site #2 (BR02),04/16/1996 12:30:00,SNY319,14797-65-0,Nitrite (as N),Total,,0.5,mg/l,False,0.5,,,Unknown,SNY001,Actual,SW,Water,,,Clayton,07060001,River/Stream,,43.03547975,-91.26682808
6,15220001,Bloody Run Creek Site #2 (BR02),05/14/1996 10:50:00,SNY319,14797-65-0,Nitrite (as N),Total,,0.5,mg/l,False,0.5,,,Unknown,SNY001,Actual,SW,Water,,,Clayton,07060001,River/Stream,,43.03547975,-91.26682808
6,15220001,Bloody Run Creek Site #2 (BR02),06/18/1996 10:30:00,SNY319,14797-65-0,Nitrite (as N),Total,,0.5,mg/l,False,0.5,,,Unknown,SNY001,Actual,SW,Water,,,Clayton,07060001,River/Stream,,43.03547975,-91.26682808
6,15220001,Bloody Run Creek Site #2 (BR02),06/11/1996 10:50:00,SNY319,14797-65-0,Nitrite (as N),Total,,0.5,mg/l,False,0.5,,,Unknown,SNY001,Actual,SW,Water,,,Clayton,07060001,River/Stream,,43.03547975,-91.26682808
6,15220001,Bloody Run Creek Site #2 (BR02),07/16/1996 10:30:00,SNY319,14797-65-0,Nitrite (as N),Total,,0.5,mg/l,False,0.5,,,Unknown,SNY001,Actual,SW,Water,,,Clayton,07060001,River/Stream,,43.03547975,-91.26682808
6,15220001,Bloody Run Creek Site #2 (BR02),05/21/1996 11:30:00,SNY319,14797-65-0,Nitrite (as N),Total,,0.5,mg/l,False,0.5,,,Unknown,SNY001,Actual,SW,Water,,,Clayton,07060001,River/Stream,,43.03547975,-91.26682808
6,15220001,Bloody Run Creek Site #2 (BR02),06/25/1996 13:30:00,SNY319,14797-65-0,Nitrite (as N),Total,,0.5,mg/l,False,0.5,,,Unknown,SNY001,Actual,SW,Water,,,Clayton,07060001,River/Stream,,43.03547975,-91.26682808
6,15220001,Bloody Run Creek Site #2 (BR02),07/23/1996 10:50:00,SNY319,14797-65-0,Nitrite (as N),Total,,0.5,mg/l,False,0.5,,,Unknown,SNY001,Actual,SW,Water,,,Clayton,07060001,River/Stream,,43.03547975,-91.26682808
6,15220001,Bloody Run Creek Site #2 (BR02),07/30/1996 12:45:00,SNY319,14797-65-0,Nitrite (as N),Total,,0.5,mg/l,False,0.5,,,Unknown,SNY001,Actual,SW,Water,,,Clayton,07060001,River/Stream,,43.03547975,-91.26682808
6,15220001,Bloody Run Creek Site #2 (BR02),09/24/1996 12:50:00,SNY319,14797-65-0,Nitrite (as N),Total,,0.5,mg/l,False,0.5,,,Unknown,SNY001,Actual,SW,Water,,,Clayton,07060001,River/Stream,,43.03547975,-91.26682808
6,15220001,Bloody Run Creek Site #2 (BR02),08/27/1996 12:40:00,SNY319,14797-65-0,Nitrite (as N),Total,,0.5,mg/l,False,0.5,,,Unknown,SNY001,Actual,SW,Water,,,Clayton,07060001,River/Stream,,43.03547975,-91.26682808
6,15220001,Bloody Run Creek Site #2 (BR02),09/03/1996 10:50:00,SNY319,14797-65-0,Nitrite (as N),Total,,0.5,mg/l,False,0.5,,,Unknown,SNY001,Actual,SW,Water,,,Clayton,07060001,River/Stream,,43.03547975,-91.26682808
6,15220002,Bloody Run Creek at Spook Cave (BRSC),01/30/1996 13:40:00,SNY319,14797-65-0,Nitrite (as N),Total,,0.5,mg/l,False,0.5,,,Unknown,SNY001,Actual,SW,Water,,,Clayton,07060001,River/Stream,,43.03326422,-91.30759437
6,15220002,Bloody Run Creek at Spook Cave (BRSC),02/27/1996 11:55:00,SNY319,14797-65-0,Nitrite (as N),Total,,0.5,mg/l,False,0.5,,,Unknown,SNY001,Actual,SW,Water,,,Clayton,07060001,River/Stream,,43.03326422,-91.30759437
6,15220002,Bloody Run Creek at Spook Cave (BRSC),06/25/1996 13:00:00,SNY319,14797-65-0,Nitrite (as N),Total,,0.5,mg/l,False,0.5,,,Unknown,SNY001,Actual,SW,Water,,,Clayton,07060001,River/Stream,,43.03326422,-91.30759437
6,15220002,Bloody Run Creek at Spook Cave (BRSC),07/30/1996 12:25:00,SNY319,14797-65-0,Nitrite (as N),Total,,0.5,mg/l,False,0.5,,,Unknown,SNY001,Actual,SW,Water,,,Clayton,07060001,River/Stream,,43.03326422,-91.30759437
6,15220002,Bloody Run Creek at Spook Cave (BRSC),09/24/1996 12:30:00,SNY319,14797-65-0,Nitrite (as N),Total,,0.5,mg/l,False,0.5,,,Unknown,SNY001,Actual,SW,Water,,,Clayton,07060001,River/Stream,,43.03326422,-91.30759437
6,15220007,Sny Magill North Tributary (SNT),09/28/1994 11:10:00,SNY319,14797-65-0,Nitrite (as N),Total,,0.5,mg/l,False,0.5,,,Unknown,SNY001,Actual,SW,Water,,,Clayton,07060003,River/Stream,,42.96850981,-91.22439501
6,15220004,Sny Magill Creek Site #1 (SN01),09/28/1994 10:20:00,SNY319,14797-65-0,Nitrite (as N),Total,,0.5,mg/l,False,0.5,,,Unknown,SNY001,Actual,SW,Water,,,Clayton,07060003,River/Stream,,42.94880662,-91.18632674
6,15220004,Sny Magill Creek Site #1 (SN01),10/11/1994 14:20:00,SNY319,14797-65-0,Nitrite (as N),Total,,0.5,mg/l,False,0.5,,,Unknown,SNY001,Actual,SW,Water,,,Clayton,07060003,River/Stream,,42.94880662,-91.18632674
6,15220004,Sny Magill Creek Site #1 (SN01),11/01/1994 13:10:00,SNY319,14797-65-0,Nitrite (as N),Total,,0.5,mg/l,False,0.5,,,Unknown,SNY001,Actual,SW,Water,,,Clayton,07060003,River/Stream,,42.94880662,-91.18632674
6,15220004,Sny Magill Creek Site #1 (SN01),10/18/1994 13:00:00,SNY319,14797-65-0,Nitrite (as N),Total,,0.5,mg/l,False,0.5,,,Unknown,SNY001,Actual,SW,Water,,,Clayton,07060003,River/Stream,,42.94880662,-91.18632674
6,15220004,Sny Magill Creek Site #1 (SN01),11/08/1994 16:00:00,SNY319,14797-65-0,Nitrite (as N),Total,,0.5,mg/l,False,0.5,,,Unknown,SNY001,Actual,SW,Water,,,Clayton,07060003,River/Stream,,42.94880662,-91.18632674
6,15220004,Sny Magill Creek Site #1 (SN01),11/29/1994 10:30:00,SNY319,14797-65-0,Nitrite (as N),Total,,0.5,mg/l,False,0.5,,,Unknown,SNY001,Actual,SW,Water,,,Clayton,07060003,River/Stream,,42.94880662,-91.18632674
6,15220004,Sny Magill Creek Site #1 (SN01),12/27/1994 10:05:00,SNY319,14797-65-0,Nitrite (as N),Total,,0.5,mg/l,False,0.5,,,Unknown,SNY001,Actual,SW,Water,,,Clayton,07060003,River/Stream,,42.94880662,-91.18632674
6,15220004,Sny Magill Creek Site #1 (SN01),12/20/1994 11:40:00,SNY319,14797-65-0,Nitrite (as N),Total,,0.5,mg/l,False,0.5,,,Unknown,SNY001,Actual,SW,Water,,,Clayton,07060003,River/Stream,,42.94880662,-91.18632674
6,15220008,West Fork Sny Magill Creek  (SNWF),09/28/1994 11:40:00,SNY319,14797-65-0,Nitrite (as N),Total,,0.5,mg/l,False,0.5,,,Unknown,SNY001,Actual,SW,Water,,,Clayton,07060003,River/Stream,,42.97628121,-91.23730654
6,15220005,Sny Magill Creek Site #2 (SN02),12/27/1994 10:35:00,SNY319,14797-65-0,Nitrite (as N),Total,,0.5,mg/l,False,0.5,,,Unknown,SNY001,Actual,SW,Water,,,Clayton,07060003,River/Stream,,42.96808222,-91.22331192
6,15220006,Sny Magill Creek Site #3 (SN03),10/04/1994 14:00:00,SNY319,14797-65-0,Nitrite (as N),Total,,0.5,mg/l,False,0.5,,,Unknown,SNY001,Actual,SW,Water,,,Clayton,07060003,River/Stream,,42.98149721,-91.24097377
6,15220006,Sny Magill Creek Site #3 (SN03),11/01/1994 12:15:00,SNY319,14797-65-0,Nitrite (as N),Total,,0.5,mg/l,False,0.5,,,Unknown,SNY001,Actual,SW,Water,,,Clayton,07060003,River/Stream,,42.98149721,-91.24097377
6,15220006,Sny Magill Creek Site #3 (SN03),11/08/1994 16:45:00,SNY319,14797-65-0,Nitrite (as N),Total,,0.5,mg/l,False,0.5,,,Unknown,SNY001,Actual,SW,Water,,,Clayton,07060003,River/Stream,,42.98149721,-91.24097377
6,15220006,Sny Magill Creek Site #3 (SN03),12/06/1994 11:15:00,SNY319,14797-65-0,Nitrite (as N),Total,,0.5,mg/l,False,0.5,,,Unknown,SNY001,Actual,SW,Water,,,Clayton,07060003,River/Stream,,42.98149721,-91.24097377
6,15220006,Sny Magill Creek Site #3 (SN03),12/13/1994 14:45:00,SNY319,14797-65-0,Nitrite (as N),Total,,0.5,mg/l,False,0.5,,,Unknown,SNY001,Actual,SW,Water,,,Clayton,07060003,River/Stream,,42.98149721,-91.24097377
6,15220007,Sny Magill North Tributary (SNT),11/29/1994 11:00:00,SNY319,14797-65-0,Nitrite (as N),Total,,0.5,mg/l,False,0.5,,,Unknown,SNY001,Actual,SW,Water,,,Clayton,07060003,River/Stream,,42.96850981,-91.22439501
6,15220007,Sny Magill North Tributary (SNT),12/27/1994 10:50:00,SNY319,14797-65-0,Nitrite (as N),Total,,0.5,mg/l,False,0.5,,,Unknown,SNY001,Actual,SW,Water,,,Clayton,07060003,River/Stream,,42.96850981,-91.22439501
6,15220008,West Fork Sny Magill Creek  (SNWF),10/25/1994 10:35:00,SNY319,14797-65-0,Nitrite (as N),Total,,0.5,mg/l,False,0.5,,,Unknown,SNY001,Actual,SW,Water,,,Clayton,07060003,River/Stream,,42.97628121,-91.23730654
6,15220008,West Fork Sny Magill Creek  (SNWF),11/01/1994 11:45:00,SNY319,14797-65-0,Nitrite (as N),Total,,0.5,mg/l,False,0.5,,,Unknown,SNY001,Actual,SW,Water,,,Clayton,07060003,River/Stream,,42.97628121,-91.23730654
6,15220004,Sny Magill Creek Site #1 (SN01),01/03/1995 10:30:00,SNY319,14797-65-0,Nitrite (as N),Total,,0.5,mg/l,False,0.5,,,Unknown,SNY001,Actual,SW,Water,,,Clayton,07060003,River/Stream,,42.94880662,-91.18632674
6,15220004,Sny Magill Creek Site #1 (SN01),01/31/1995 11:00:00,SNY319,14797-65-0,Nitrite (as N),Total,,0.5,mg/l,False,0.5,,,Unknown,SNY001,Actual,SW,Water,,,Clayton,07060003,River/Stream,,42.94880662,-91.18632674
6,15220004,Sny Magill Creek Site #1 (SN01),01/24/1995 13:35:00,SNY319,14797-65-0,Nitrite (as N),Total,,0.5,mg/l,False,0.5,,,Unknown,SNY001,Actual,SW,Water,,,Clayton,07060003,River/Stream,,42.94880662,-91.18632674
6,15220008,West Fork Sny Magill Creek  (SNWF),11/29/1994 11:25:00,SNY319,14797-65-0,Nitrite (as N),Total,,0.5,mg/l,False,0.5,,,Unknown,SNY001,Actual,SW,Water,,,Clayton,07060003,River/Stream,,42.97628121,-91.23730654
6,15220008,West Fork Sny Magill Creek  (SNWF),12/06/1994 12:45:00,SNY319,14797-65-0,Nitrite (as N),Total,,0.5,mg/l,False,0.5,,,Unknown,SNY001,Actual,SW,Water,,,Clayton,07060003,River/Stream,,42.97628121,-91.23730654
6,15220004,Sny Magill Creek Site #1 (SN01),02/14/1995 12:50:00,SNY319,14797-65-0,Nitrite (as N),Total,,0.5,mg/l,False,0.5,,,Unknown,SNY001,Actual,SW,Water,,,Clayton,07060003,River/Stream,,42.94880662,-91.18632674
6,15220004,Sny Magill Creek Site #1 (SN01),02/21/1995 13:00:00,SNY319,14797-65-0,Nitrite (as N),Total,,0.5,mg/l,False,0.5,,,Unknown,SNY001,Actual,SW,Water,,,Clayton,07060003,River/Stream,,42.94880662,-91.18632674
6,15220004,Sny Magill Creek Site #1 (SN01),04/04/1995 13:40:00,SNY319,14797-65-0,Nitrite (as N),Total,,0.5,mg/l,False,0.5,,,Unknown,SNY001,Actual,SW,Water,,,Clayton,07060003,River/Stream,,42.94880662,-91.18632674
6,15220004,Sny Magill Creek Site #1 (SN01),03/14/1995 14:45:00,SNY319,14797-65-0,Nitrite (as N),Total,,0.5,mg/l,False,0.5,,,Unknown,SNY001,Actual,SW,Water,,,Clayton,07060003,River/Stream,,42.94880662,-91.18632674
6,15220004,Sny Magill Creek Site #1 (SN01),04/25/1995 09:50:00,SNY319,14797-65-0,Nitrite (as N),Total,,0.5,mg/l,False,0.5,,,Unknown,SNY001,Actual,SW,Water,,,Clayton,07060003,River/Stream,,42.94880662,-91.18632674
6,15220004,Sny Magill Creek Site #1 (SN01),05/16/1995 12:50:00,SNY319,14797-65-0,Nitrite (as N),Total,,0.5,mg/l,False,0.5,,,Unknown,SNY001,Actual,SW,Water,,,Clayton,07060003,River/Stream,,42.94880662,-91.18632674
6,15220004,Sny Magill Creek Site #1 (SN01),05/02/1995 13:10:00,SNY319,14797-65-0,Nitrite (as N),Total,,0.5,mg/l,False,0.5,,,Unknown,SNY001,Actual,SW,Water,,,Clayton,07060003,River/Stream,,42.94880662,-91.18632674
6,15220004,Sny Magill Creek Site #1 (SN01),05/23/1995 14:00:00,SNY319,14797-65-0,Nitrite (as N),Total,,0.5,mg/l,False,0.5,,,Unknown,SNY001,Actual,SW,Water,,,Clayton,07060003,River/Stream,,42.94880662,-91.18632674
6,15220004,Sny Magill Creek Site #1 (SN01),06/06/1995 10:50:00,SNY319,14797-65-0,Nitrite (as N),Total,,0.5,mg/l,False,0.5,,,Unknown,SNY001,Actual,SW,Water,,,Clayton,07060003,River/Stream,,42.94880662,-91.18632674
6,15220004,Sny Magill Creek Site #1 (SN01),06/13/1995 14:15:00,SNY319,14797-65-0,Nitrite (as N),Total,,0.5,mg/l,False,0.5,,,Unknown,SNY001,Actual,SW,Water,,,Clayton,07060003,River/Stream,,42.94880662,-91.18632674
6,15220004,Sny Magill Creek Site #1 (SN01),07/04/1995 15:00:00,SNY319,14797-65-0,Nitrite (as N),Total,,0.5,mg/l,False,0.5,,,Unknown,SNY001,Actual,SW,Water,,,Clayton,07060003,River/Stream,,42.94880662,-91.18632674
6,15220004,Sny Magill Creek Site #1 (SN01),07/25/1995 17:20:00,SNY319,14797-65-0,Nitrite (as N),Total,,0.5,mg/l,False,0.5,,,Unknown,SNY001,Actual,SW,Water,,,Clayton,07060003,River/Stream,,42.94880662,-91.18632674
6,15220004,Sny Magill Creek Site #1 (SN01),08/01/1995 13:00:00,SNY319,14797-65-0,Nitrite (as N),Total,,0.5,mg/l,False,0.5,,,Unknown,SNY001,Actual,SW,Water,,,Clayton,07060003,River/Stream,,42.94880662,-91.18632674
6,15220004,Sny Magill Creek Site #1 (SN01),08/15/1995 15:50:00,SNY319,14797-65-0,Nitrite (as N),Total,,0.5,mg/l,False,0.5,,,Unknown,SNY001,Actual,SW,Water,,,Clayton,07060003,River/Stream,,42.94880662,-91.18632674
6,15220004,Sny Magill Creek Site #1 (SN01),08/22/1995 14:30:00,SNY319,14797-65-0,Nitrite (as N),Total,,0.5,mg/l,False,0.5,,,Unknown,SNY001,Actual,SW,Water,,,Clayton,07060003,River/Stream,,42.94880662,-91.18632674
6,15220004,Sny Magill Creek Site #1 (SN01),09/12/1995 13:00:00,SNY319,14797-65-0,Nitrite (as N),Total,,0.5,mg/l,False,0.5,,,Unknown,SNY001,Actual,SW,Water,,,Clayton,07060003,River/Stream,,42.94880662,-91.18632674
6,15220005,Sny Magill Creek Site #2 (SN02),01/31/1995 11:15:00,SNY319,14797-65-0,Nitrite (as N),Total,,0.5,mg/l,False,0.5,,,Unknown,SNY001,Actual,SW,Water,,,Clayton,07060003,River/Stream,,42.96808222,-91.22331192
6,15220005,Sny Magill Creek Site #2 (SN02),06/27/1995 15:10:00,SNY319,14797-65-0,Nitrite (as N),Total,,0.5,mg/l,False,0.5,,,Unknown,SNY001,Actual,SW,Water,,,Clayton,07060003,River/Stream,,42.96808222,-91.22331192
6,15220005,Sny Magill Creek Site #2 (SN02),07/25/1995 17:50:00,SNY319,14797-65-0,Nitrite (as N),Total,,0.5,mg/l,False,0.5,,,Unknown,SNY001,Actual,SW,Water,,,Clayton,07060003,River/Stream,,42.96808222,-91.22331192
6,15220005,Sny Magill Creek Site #2 (SN02),02/28/1995 10:20:00,SNY319,14797-65-0,Nitrite (as N),Total,,0.5,mg/l,False,0.5,,,Unknown,SNY001,Actual,SW,Water,,,Clayton,07060003,River/Stream,,42.96808222,-91.22331192
6,15220005,Sny Magill Creek Site #2 (SN02),03/28/1995 12:20:00,SNY319,14797-65-0,Nitrite (as N),Total,,0.5,mg/l,False,0.5,,,Unknown,SNY001,Actual,SW,Water,,,Clayton,07060003,River/Stream,,42.96808222,-91.22331192
6,15220005,Sny Magill Creek Site #2 (SN02),08/29/1995 15:25:00,SNY319,14797-65-0,Nitrite (as N),Total,,0.5,mg/l,False,0.5,,,Unknown,SNY001,Actual,SW,Water,,,Clayton,07060003,River/Stream,,42.96808222,-91.22331192
6,15220006,Sny Magill Creek Site #3 (SN03),01/10/1995 13:55:00,SNY319,14797-65-0,Nitrite (as N),Total,,0.5,mg/l,False,0.5,,,Unknown,SNY001,Actual,SW,Water,,,Clayton,07060003,River/Stream,,42.98149721,-91.24097377
6,15220006,Sny Magill Creek Site #3 (SN03),01/24/1995 14:00:00,SNY319,14797-65-0,Nitrite (as N),Total,,0.5,mg/l,False,0.5,,,Unknown,SNY001,Actual,SW,Water,,,Clayton,07060003,River/Stream,,42.98149721,-91.24097377
6,15220006,Sny Magill Creek Site #3 (SN03),01/17/1995 12:00:00,SNY319,14797-65-0,Nitrite (as N),Total,,0.5,mg/l,False,0.5,,,Unknown,SNY001,Actual,SW,Water,,,Clayton,07060003,River/Stream,,42.98149721,-91.24097377
6,15220006,Sny Magill Creek Site #3 (SN03),02/14/1995 13:20:00,SNY319,14797-65-0,Nitrite (as N),Total,,0.5,mg/l,False,0.5,,,Unknown,SNY001,Actual,SW,Water,,,Clayton,07060003,River/Stream,,42.98149721,-91.24097377
6,15220006,Sny Magill Creek Site #3 (SN03),02/28/1995 10:45:00,SNY319,14797-65-0,Nitrite (as N),Total,,0.5,mg/l,False,0.5,,,Unknown,SNY001,Actual,SW,Water,,,Clayton,07060003,River/Stream,,42.98149721,-91.24097377
6,15220006,Sny Magill Creek Site #3 (SN03),02/21/1995 12:00:00,SNY319,14797-65-0,Nitrite (as N),Total,,0.5,mg/l,False,0.5,,,Unknown,SNY001,Actual,SW,Water,,,Clayton,07060003,River/Stream,,42.98149721,-91.24097377
6,15220006,Sny Magill Creek Site #3 (SN03),03/21/1995 11:20:00,SNY319,14797-65-0,Nitrite (as N),Total,,0.5,mg/l,False,0.5,,,Unknown,SNY001,Actual,SW,Water,,,Clayton,07060003,River/Stream,,42.98149721,-91.24097377
6,15220006,Sny Magill Creek Site #3 (SN03),03/28/1995 13:00:00,SNY319,14797-65-0,Nitrite (as N),Total,,0.5,mg/l,False,0.5,,,Unknown,SNY001,Actual,SW,Water,,,Clayton,07060003,River/Stream,,42.98149721,-91.24097377
6,15220006,Sny Magill Creek Site #3 (SN03),04/25/1995 10:35:00,SNY319,14797-65-0,Nitrite (as N),Total,,0.5,mg/l,False,0.5,,,Unknown,SNY001,Actual,SW,Water,,,Clayton,07060003,River/Stream,,42.98149721,-91.24097377
6,15220006,Sny Magill Creek Site #3 (SN03),05/02/1995 12:00:00,SNY319,14797-65-0,Nitrite (as N),Total,,0.5,mg/l,False,0.5,,,Unknown,SNY001,Actual,SW,Water,,,Clayton,07060003,River/Stream,,42.98149721,-91.24097377
6,15220006,Sny Magill Creek Site #3 (SN03),05/30/1995 13:00:00,SNY319,14797-65-0,Nitrite (as N),Total,,0.5,mg/l,False,0.5,,,Unknown,SNY001,Actual,SW,Water,,,Clayton,07060003,River/Stream,,42.98149721,-91.24097377
6,15220006,Sny Magill Creek Site #3 (SN03),07/04/1995 14:05:00,SNY319,14797-65-0,Nitrite (as N),Total,,0.5,mg/l,False,0.5,,,Unknown,SNY001,Actual,SW,Water,,,Clayton,07060003,River/Stream,,42.98149721,-91.24097377
6,15220006,Sny Magill Creek Site #3 (SN03),07/11/1995 17:40:00,SNY319,14797-65-0,Nitrite (as N),Total,,0.5,mg/l,False,0.5,,,Unknown,SNY001,Actual,SW,Water,,,Clayton,07060003,River/Stream,,42.98149721,-91.24097377
6,15220006,Sny Magill Creek Site #3 (SN03),07/18/1995 15:00:00,SNY319,14797-65-0,Nitrite (as N),Total,,0.5,mg/l,False,0.5,,,Unknown,SNY001,Actual,SW,Water,,,Clayton,07060003,River/Stream,,42.98149721,-91.24097377
6,15220006,Sny Magill Creek Site #3 (SN03),06/06/1995 09:30:00,SNY319,14797-65-0,Nitrite (as N),Total,,0.5,mg/l,False,0.5,,,Unknown,SNY001,Actual,SW,Water,,,Clayton,07060003,River/Stream,,42.98149721,-91.24097377
6,15220006,Sny Magill Creek Site #3 (SN03),08/08/1995 15:45:00,SNY319,14797-65-0,Nitrite (as N),Total,,0.5,mg/l,False,0.5,,,Unknown,SNY001,Actual,SW,Water,,,Clayton,07060003,River/Stream,,42.98149721,-91.24097377
6,15220006,Sny Magill Creek Site #3 (SN03),08/22/1995 15:15:00,SNY319,14797-65-0,Nitrite (as N),Total,,0.5,mg/l,False,0.5,,,Unknown,SNY001,Actual,SW,Water,,,Clayton,07060003,River/Stream,,42.98149721,-91.24097377
6,15220006,Sny Magill Creek Site #3 (SN03),09/12/1995 13:30:00,SNY319,14797-65-0,Nitrite (as N),Total,,0.5,mg/l,False,0.5,,,Unknown,SNY001,Actual,SW,Water,,,Clayton,07060003,River/Stream,,42.98149721,-91.24097377
6,15220006,Sny Magill Creek Site #3 (SN03),08/15/1995 16:40:00,SNY319,14797-65-0,Nitrite (as N),Total,,0.5,mg/l,False,0.5,,,Unknown,SNY001,Actual,SW,Water,,,Clayton,07060003,River/Stream,,42.98149721,-91.24097377
6,15220006,Sny Magill Creek Site #3 (SN03),09/19/1995 12:10:00,SNY319,14797-65-0,Nitrite (as N),Total,,0.5,mg/l,False,0.5,,,Unknown,SNY001,Actual,SW,Water,,,Clayton,07060003,River/Stream,,42.98149721,-91.24097377
6,15220007,Sny Magill North Tributary (SNT),03/28/1995 12:40:00,SNY319,14797-65-0,Nitrite (as N),Total,,0.5,mg/l,False,0.5,,,Unknown,SNY001,Actual,SW,Water,,,Clayton,07060003,River/Stream,,42.96850981,-91.22439501
6,15220006,Sny Magill Creek Site #3 (SN03),09/26/1995 15:15:00,SNY319,14797-65-0,Nitrite (as N),Total,,0.5,mg/l,False,0.5,,,Unknown,SNY001,Actual,SW,Water,,,Clayton,07060003,River/Stream,,42.98149721,-91.24097377
6,15220007,Sny Magill North Tributary (SNT),04/25/1995 10:25:00,SNY319,14797-65-0,Nitrite (as N),Total,,0.5,mg/l,False,0.5,,,Unknown,SNY001,Actual,SW,Water,,,Clayton,07060003,River/Stream,,42.96850981,-91.22439501
6,15220007,Sny Magill North Tributary (SNT),05/30/1995 14:45:00,SNY319,14797-65-0,Nitrite (as N),Total,,0.5,mg/l,False,0.5,,,Unknown,SNY001,Actual,SW,Water,,,Clayton,07060003,River/Stream,,42.96850981,-91.22439501
6,15220007,Sny Magill North Tributary (SNT),08/29/1995 15:55:00,SNY319,14797-65-0,Nitrite (as N),Total,,0.5,mg/l,False,0.5,,,Unknown,SNY001,Actual,SW,Water,,,Clayton,07060003,River/Stream,,42.96850981,-91.22439501
6,15220007,Sny Magill North Tributary (SNT),09/26/1995 15:00:00,SNY319,14797-65-0,Nitrite (as N),Total,,0.5,mg/l,False,0.5,,,Unknown,SNY001,Actual,SW,Water,,,Clayton,07060003,River/Stream,,42.96850981,-91.22439501
6,15220008,West Fork Sny Magill Creek  (SNWF),01/03/1995 12:00:00,SNY319,14797-65-0,Nitrite (as N),Total,,0.5,mg/l,False,0.5,,,Unknown,SNY001,Actual,SW,Water,,,Clayton,07060003,River/Stream,,42.97628121,-91.23730654
6,15220008,West Fork Sny Magill Creek  (SNWF),01/31/1995 12:00:00,SNY319,14797-65-0,Nitrite (as N),Total,,0.5,mg/l,False,0.5,,,Unknown,SNY001,Actual,SW,Water,,,Clayton,07060003,River/Stream,,42.97628121,-91.23730654
6,15220008,West Fork Sny Magill Creek  (SNWF),01/24/1995 14:20:00,SNY319,14797-65-0,Nitrite (as N),Total,,0.5,mg/l,False,0.5,,,Unknown,SNY001,Actual,SW,Water,,,Clayton,07060003,River/Stream,,42.97628121,-91.23730654
6,15220008,West Fork Sny Magill Creek  (SNWF),02/07/1995 11:00:00,SNY319,14797-65-0,Nitrite (as N),Total,,0.5,mg/l,False,0.5,,,Unknown,SNY001,Actual,SW,Water,,,Clayton,07060003,River/Stream,,42.97628121,-91.23730654
6,15220008,West Fork Sny Magill Creek  (SNWF),02/28/1995 10:55:00,SNY319,14797-65-0,Nitrite (as N),Total,,0.5,mg/l,False,0.5,,,Unknown,SNY001,Actual,SW,Water,,,Clayton,07060003,River/Stream,,42.97628121,-91.23730654
6,15220008,West Fork Sny Magill Creek  (SNWF),03/07/1995 11:00:00,SNY319,14797-65-0,Nitrite (as N),Total,,0.5,mg/l,False,0.5,,,Unknown,SNY001,Actual,SW,Water,,,Clayton,07060003,River/Stream,,42.97628121,-91.23730654
6,15220008,West Fork Sny Magill Creek  (SNWF),03/14/1995 15:35:00,SNY319,14797-65-0,Nitrite (as N),Total,,0.5,mg/l,False,0.5,,,Unknown,SNY001,Actual,SW,Water,,,Clayton,07060003,River/Stream,,42.97628121,-91.23730654
6,15220008,West Fork Sny Magill Creek  (SNWF),04/04/1995 14:30:00,SNY319,14797-65-0,Nitrite (as N),Total,,0.5,mg/l,False,0.5,,,Unknown,SNY001,Actual,SW,Water,,,Clayton,07060003,River/Stream,,42.97628121,-91.23730654
6,15220008,West Fork Sny Magill Creek  (SNWF),04/11/1995 14:10:00,SNY319,14797-65-0,Nitrite (as N),Total,,0.5,mg/l,False,0.5,,,Unknown,SNY001,Actual,SW,Water,,,Clayton,07060003,River/Stream,,42.97628121,-91.23730654
6,15220008,West Fork Sny Magill Creek  (SNWF),05/16/1995 10:55:00,SNY319,14797-65-0,Nitrite (as N),Total,,0.5,mg/l,False,0.5,,,Unknown,SNY001,Actual,SW,Water,,,Clayton,07060003,River/Stream,,42.97628121,-91.23730654
6,15220008,West Fork Sny Magill Creek  (SNWF),05/09/1995 14:50:00,SNY319,14797-65-0,Nitrite (as N),Total,,0.5,mg/l,False,0.5,,,Unknown,SNY001,Actual,SW,Water,,,Clayton,07060003,River/Stream,,42.97628121,-91.23730654
6,15220008,West Fork Sny Magill Creek  (SNWF),06/13/1995 15:40:00,SNY319,14797-65-0,Nitrite (as N),Total,,0.5,mg/l,False,0.5,,,Unknown,SNY001,Actual,SW,Water,,,Clayton,07060003,River/Stream,,42.97628121,-91.23730654
6,15220008,West Fork Sny Magill Creek  (SNWF),07/18/1995 15:20:00,SNY319,14797-65-0,Nitrite (as N),Total,,0.5,mg/l,False,0.5,,,Unknown,SNY001,Actual,SW,Water,,,Clayton,07060003,River/Stream,,42.97628121,-91.23730654
6,15220008,West Fork Sny Magill Creek  (SNWF),06/20/1995 10:55:00,SNY319,14797-65-0,Nitrite (as N),Total,,0.5,mg/l,False,0.5,,,Unknown,SNY001,Actual,SW,Water,,,Clayton,07060003,River/Stream,,42.97628121,-91.23730654
6,15220008,West Fork Sny Magill Creek  (SNWF),07/25/1995 18:25:00,SNY319,14797-65-0,Nitrite (as N),Total,,0.5,mg/l,False,0.5,,,Unknown,SNY001,Actual,SW,Water,,,Clayton,07060003,River/Stream,,42.97628121,-91.23730654
6,15220008,West Fork Sny Magill Creek  (SNWF),08/01/1995 11:00:00,SNY319,14797-65-0,Nitrite (as N),Total,,0.5,mg/l,False,0.5,,,Unknown,SNY001,Actual,SW,Water,,,Clayton,07060003,River/Stream,,42.97628121,-91.23730654
6,15220008,West Fork Sny Magill Creek  (SNWF),09/05/1995 10:50:00,SNY319,14797-65-0,Nitrite (as N),Total,,0.5,mg/l,False,0.5,,,Unknown,SNY001,Actual,SW,Water,,,Clayton,07060003,River/Stream,,42.97628121,-91.23730654
6,15220008,West Fork Sny Magill Creek  (SNWF),09/26/1995 15:25:00,SNY319,14797-65-0,Nitrite (as N),Total,,0.5,mg/l,False,0.5,,,Unknown,SNY001,Actual,SW,Water,,,Clayton,07060003,River/Stream,,42.97628121,-91.23730654
6,15220008,West Fork Sny Magill Creek  (SNWF),08/22/1995 15:30:00,SNY319,14797-65-0,Nitrite (as N),Total,,0.5,mg/l,False,0.5,,,Unknown,SNY001,Actual,SW,Water,,,Clayton,07060003,River/Stream,,42.97628121,-91.23730654
6,15220008,West Fork Sny Magill Creek  (SNWF),08/29/1995 16:20:00,SNY319,14797-65-0,Nitrite (as N),Total,,0.5,mg/l,False,0.5,,,Unknown,SNY001,Actual,SW,Water,,,Clayton,07060003,River/Stream,,42.97628121,-91.23730654
6,10220003,Bloody Run Creek Site #1 (BR01),06/27/1995 13:10:00,SNY319,14797-65-0,Nitrite (as N),Total,,0.5,mg/l,False,0.5,,,Unknown,SNY001,Actual,SW,Water,,,Clayton,07060001,River/Stream,,43.0404991,-91.2055504
6,10220003,Bloody Run Creek Site #1 (BR01),07/11/1995 15:40:00,SNY319,14797-65-0,Nitrite (as N),Total,,0.5,mg/l,False,0.5,,,Unknown,SNY001,Actual,SW,Water,,,Clayton,07060001,River/Stream,,43.0404991,-91.2055504
6,10220003,Bloody Run Creek Site #1 (BR01),06/20/1995 09:30:00,SNY319,14797-65-0,Nitrite (as N),Total,,0.5,mg/l,False,0.5,,,Unknown,SNY001,Actual,SW,Water,,,Clayton,07060001,River/Stream,,43.0404991,-91.2055504
6,10220003,Bloody Run Creek Site #1 (BR01),07/18/1995 14:15:00,SNY319,14797-65-0,Nitrite (as N),Total,,0.5,mg/l,False,0.5,,,Unknown,SNY001,Actual,SW,Water,,,Clayton,07060001,River/Stream,,43.0404991,-91.2055504
6,10220003,Bloody Run Creek Site #1 (BR01),08/01/1995 09:30:00,SNY319,14797-65-0,Nitrite (as N),Total,,0.5,mg/l,False,0.5,,,Unknown,SNY001,Actual,SW,Water,,,Clayton,07060001,River/Stream,,43.0404991,-91.2055504
6,10220003,Bloody Run Creek Site #1 (BR01),08/08/1995 13:50:00,SNY319,14797-65-0,Nitrite (as N),Total,,0.5,mg/l,False,0.5,,,Unknown,SNY001,Actual,SW,Water,,,Clayton,07060001,River/Stream,,43.0404991,-91.2055504
6,10220003,Bloody Run Creek Site #1 (BR01),08/29/1995 13:30:00,SNY319,14797-65-0,Nitrite (as N),Total,,0.5,mg/l,False,0.5,,,Unknown,SNY001,Actual,SW,Water,,,Clayton,07060001,River/Stream,,43.0404991,-91.2055504
6,10220003,Bloody Run Creek Site #1 (BR01),09/19/1995 10:00:00,SNY319,14797-65-0,Nitrite (as N),Total,,0.5,mg/l,False,0.5,,,Unknown,SNY001,Actual,SW,Water,,,Clayton,07060001,River/Stream,,43.0404991,-91.2055504
6,10220003,Bloody Run Creek Site #1 (BR01),10/10/1995 13:40:00,SNY319,14797-65-0,Nitrite (as N),Total,,0.5,mg/l,False,0.5,,,Unknown,SNY001,Actual,SW,Water,,,Clayton,07060001,River/Stream,,43.0404991,-91.2055504
6,10220003,Bloody Run Creek Site #1 (BR01),10/24/1995 10:05:00,SNY319,14797-65-0,Nitrite (as N),Total,,0.5,mg/l,False,0.5,,,Unknown,SNY001,Actual,SW,Water,,,Clayton,07060001,River/Stream,,43.0404991,-91.2055504
6,10220003,Bloody Run Creek Site #1 (BR01),10/31/1995 09:20:00,SNY319,14797-65-0,Nitrite (as N),Total,,0.5,mg/l,False,0.5,,,Unknown,SNY001,Actual,SW,Water,,,Clayton,07060001,River/Stream,,43.0404991,-91.2055504
6,10220003,Bloody Run Creek Site #1 (BR01),11/21/1995 13:10:00,SNY319,14797-65-0,Nitrite (as N),Total,,0.5,mg/l,False,0.5,,,Unknown,SNY001,Actual,SW,Water,,,Clayton,07060001,River/Stream,,43.0404991,-91.2055504
6,10220003,Bloody Run Creek Site #1 (BR01),10/03/1995 15:30:00,SNY319,14797-65-0,Nitrite (as N),Total,,0.5,mg/l,False,0.5,,,Unknown,SNY001,Actual,SW,Water,,,Clayton,07060001,River/Stream,,43.0404991,-91.2055504
6,10220003,Bloody Run Creek Site #1 (BR01),02/06/1996 12:30:00,SNY319,14797-65-0,Nitrite (as N),Total,,0.5,mg/l,False,0.5,,,Unknown,SNY001,Actual,SW,Water,,,Clayton,07060001,River/Stream,,43.0404991,-91.2055504
6,10220003,Bloody Run Creek Site #1 (BR01),12/12/1995 13:00:00,SNY319,14797-65-0,Nitrite (as N),Total,,0.5,mg/l,False,0.5,,,Unknown,SNY001,Actual,SW,Water,,,Clayton,07060001,River/Stream,,43.0404991,-91.2055504
6,10220003,Bloody Run Creek Site #1 (BR01),01/16/1996 11:00:00,SNY319,14797-65-0,Nitrite (as N),Total,,0.5,mg/l,False,0.5,,,Unknown,SNY001,Actual,SW,Water,,,Clayton,07060001,River/Stream,,43.0404991,-91.2055504
6,10220003,Bloody Run Creek Site #1 (BR01),02/13/1996 12:30:00,SNY319,14797-65-0,Nitrite (as N),Total,,0.5,mg/l,False,0.5,,,Unknown,SNY001,Actual,SW,Water,,,Clayton,07060001,River/Stream,,43.0404991,-91.2055504
6,10220003,Bloody Run Creek Site #1 (BR01),03/05/1996 13:30:00,SNY319,14797-65-0,Nitrite (as N),Total,,0.5,mg/l,False,0.5,,,Unknown,SNY001,Actual,SW,Water,,,Clayton,07060001,River/Stream,,43.0404991,-91.2055504
6,10220003,Bloody Run Creek Site #1 (BR01),02/27/1996 12:30:00,SNY319,14797-65-0,Nitrite (as N),Total,,0.5,mg/l,False,0.5,,,Unknown,SNY001,Actual,SW,Water,,,Clayton,07060001,River/Stream,,43.0404991,-91.2055504
6,10220003,Bloody Run Creek Site #1 (BR01),03/26/1996 08:30:00,SNY319,14797-65-0,Nitrite (as N),Total,,0.5,mg/l,False,0.5,,,Unknown,SNY001,Actual,SW,Water,,,Clayton,07060001,River/Stream,,43.0404991,-91.2055504
6,10220003,Bloody Run Creek Site #1 (BR01),04/16/1996 13:10:00,SNY319,14797-65-0,Nitrite (as N),Total,,0.5,mg/l,False,0.5,,,Unknown,SNY001,Actual,SW,Water,,,Clayton,07060001,River/Stream,,43.0404991,-91.2055504
6,10220003,Bloody Run Creek Site #1 (BR01),05/07/1996 12:35:00,SNY319,14797-65-0,Nitrite (as N),Total,,0.5,mg/l,False,0.5,,,Unknown,SNY001,Actual,SW,Water,,,Clayton,07060001,River/Stream,,43.0404991,-91.2055504
6,10220003,Bloody Run Creek Site #1 (BR01),06/18/1996 10:00:00,SNY319,14797-65-0,Nitrite (as N),Total,,0.5,mg/l,False,0.5,,,Unknown,SNY001,Actual,SW,Water,,,Clayton,07060001,River/Stream,,43.0404991,-91.2055504
6,10220003,Bloody Run Creek Site #1 (BR01),05/28/1996 12:20:00,SNY319,14797-65-0,Nitrite (as N),Total,,0.5,mg/l,False,0.5,,,Unknown,SNY001,Actual,SW,Water,,,Clayton,07060001,River/Stream,,43.0404991,-91.2055504
6,10220003,Bloody Run Creek Site #1 (BR01),07/09/1996 12:05:00,SNY319,14797-65-0,Nitrite (as N),Total,,0.5,mg/l,False,0.5,,,Unknown,SNY001,Actual,SW,Water,,,Clayton,07060001,River/Stream,,43.0404991,-91.2055504
6,10220003,Bloody Run Creek Site #1 (BR01),08/06/1996 10:00:00,SNY319,14797-65-0,Nitrite (as N),Total,,0.5,mg/l,False,0.5,,,Unknown,SNY001,Actual,SW,Water,,,Clayton,07060001,River/Stream,,43.0404991,-91.2055504
6,10220003,Bloody Run Creek Site #1 (BR01),08/20/1996 14:50:00,SNY319,14797-65-0,Nitrite (as N),Total,,0.5,mg/l,False,0.5,,,Unknown,SNY001,Actual,SW,Water,,,Clayton,07060001,River/Stream,,43.0404991,-91.2055504
6,10220003,Bloody Run Creek Site #1 (BR01),07/30/1996 13:00:00,SNY319,14797-65-0,Nitrite (as N),Total,,0.5,mg/l,False,0.5,,,Unknown,SNY001,Actual,SW,Water,,,Clayton,07060001,River/Stream,,43.0404991,-91.2055504
6,10220003,Bloody Run Creek Site #1 (BR01),08/27/1996 13:00:00,SNY319,14797-65-0,Nitrite (as N),Total,,0.5,mg/l,False,0.5,,,Unknown,SNY001,Actual,SW,Water,,,Clayton,07060001,River/Stream,,43.0404991,-91.2055504
6,10220003,Bloody Run Creek Site #1 (BR01),09/10/1996 11:30:00,SNY319,14797-65-0,Nitrite (as N),Total,,0.5,mg/l,False,0.5,,,Unknown,SNY001,Actual,SW,Water,,,Clayton,07060001,River/Stream,,43.0404991,-91.2055504
6,10220003,Bloody Run Creek Site #1 (BR01),07/16/1996 10:00:00,SNY319,14797-65-0,Nitrite (as N),Total,,0.5,mg/l,False,0.5,,,Unknown,SNY001,Actual,SW,Water,,,Clayton,07060001,River/Stream,,43.0404991,-91.2055504
6,10220003,Bloody Run Creek Site #1 (BR01),09/17/1996 11:30:00,SNY319,14797-65-0,Nitrite (as N),Total,,0.5,mg/l,False,0.5,,,Unknown,SNY001,Actual,SW,Water,,,Clayton,07060001,River/Stream,,43.0404991,-91.2055504
6,10220003,Bloody Run Creek Site #1 (BR01),01/06/2009 10:00:00,AMBIENT,14797-65-0,Nitrite (as N),Total,,0.05,mg/l,False,0.05,,,300(A),UHL001,Actual,SW,Water,,,Clayton,07060001,River/Stream,,43.0404991,-91.2055504
6,10220003,Bloody Run Creek Site #1 (BR01),02/05/2009 10:00:00,AMBIENT,14797-65-0,Nitrite (as N),Total,,0.05,mg/l,False,0.05,,,300(A),UHL001,Actual,SW,Water,,,Clayton,07060001,River/Stream,,43.0404991,-91.2055504
6,10220003,Bloody Run Creek Site #1 (BR01),06/13/1995 12:30:00,SNY319,14797-65-0,Nitrite (as N),Total,,0.5,mg/l,False,0.5,,,Unknown,SNY001,Actual,SW,Water,,,Clayton,07060001,River/Stream,,43.0404991,-91.2055504
6,10220003,Bloody Run Creek Site #1 (BR01),07/04/1995 12:15:00,SNY319,14797-65-0,Nitrite (as N),Total,,0.5,mg/l,False,0.5,,,Unknown,SNY001,Actual,SW,Water,,,Clayton,07060001,River/Stream,,43.0404991,-91.2055504
6,10220003,Bloody Run Creek Site #1 (BR01),07/25/1995 15:10:00,SNY319,14797-65-0,Nitrite (as N),Total,,0.5,mg/l,False,0.5,,,Unknown,SNY001,Actual,SW,Water,,,Clayton,07060001,River/Stream,,43.0404991,-91.2055504
6,10220003,Bloody Run Creek Site #1 (BR01),08/22/1995 13:30:00,SNY319,14797-65-0,Nitrite (as N),Total,,0.5,mg/l,False,0.5,,,Unknown,SNY001,Actual,SW,Water,,,Clayton,07060001,River/Stream,,43.0404991,-91.2055504
6,10220003,Bloody Run Creek Site #1 (BR01),08/15/1995 14:30:00,SNY319,14797-65-0,Nitrite (as N),Total,,0.5,mg/l,False,0.5,,,Unknown,SNY001,Actual,SW,Water,,,Clayton,07060001,River/Stream,,43.0404991,-91.2055504
6,10220003,Bloody Run Creek Site #1 (BR01),09/05/1995 09:15:00,SNY319,14797-65-0,Nitrite (as N),Total,,0.5,mg/l,False,0.5,,,Unknown,SNY001,Actual,SW,Water,,,Clayton,07060001,River/Stream,,43.0404991,-91.2055504
6,10220003,Bloody Run Creek Site #1 (BR01),09/12/1995 11:35:00,SNY319,14797-65-0,Nitrite (as N),Total,,0.5,mg/l,False,0.5,,,Unknown,SNY001,Actual,SW,Water,,,Clayton,07060001,River/Stream,,43.0404991,-91.2055504
6,10220003,Bloody Run Creek Site #1 (BR01),09/26/1995 12:40:00,SNY319,14797-65-0,Nitrite (as N),Total,,0.5,mg/l,False,0.5,,,Unknown,SNY001,Actual,SW,Water,,,Clayton,07060001,River/Stream,,43.0404991,-91.2055504
6,10220003,Bloody Run Creek Site #1 (BR01),10/17/1995 13:55:00,SNY319,14797-65-0,Nitrite (as N),Total,,0.5,mg/l,False,0.5,,,Unknown,SNY001,Actual,SW,Water,,,Clayton,07060001,River/Stream,,43.0404991,-91.2055504
6,10220003,Bloody Run Creek Site #1 (BR01),11/07/1995 13:30:00,SNY319,14797-65-0,Nitrite (as N),Total,,0.5,mg/l,False,0.5,,,Unknown,SNY001,Actual,SW,Water,,,Clayton,07060001,River/Stream,,43.0404991,-91.2055504
6,10220003,Bloody Run Creek Site #1 (BR01),11/14/1995 11:30:00,SNY319,14797-65-0,Nitrite (as N),Total,,0.5,mg/l,False,0.5,,,Unknown,SNY001,Actual,SW,Water,,,Clayton,07060001,River/Stream,,43.0404991,-91.2055504
6,10220003,Bloody Run Creek Site #1 (BR01),11/28/1995 12:50:00,SNY319,14797-65-0,Nitrite (as N),Total,,0.5,mg/l,False,0.5,,,Unknown,SNY001,Actual,SW,Water,,,Clayton,07060001,River/Stream,,43.0404991,-91.2055504
6,10220003,Bloody Run Creek Site #1 (BR01),12/05/1995 12:55:00,SNY319,14797-65-0,Nitrite (as N),Total,,0.5,mg/l,False,0.5,,,Unknown,SNY001,Actual,SW,Water,,,Clayton,07060001,River/Stream,,43.0404991,-91.2055504
6,10220003,Bloody Run Creek Site #1 (BR01),12/19/1995 12:30:00,SNY319,14797-65-0,Nitrite (as N),Total,,0.5,mg/l,False,0.5,,,Unknown,SNY001,Actual,SW,Water,,,Clayton,07060001,River/Stream,,43.0404991,-91.2055504
6,10220003,Bloody Run Creek Site #1 (BR01),12/26/1995 12:25:00,SNY319,14797-65-0,Nitrite (as N),Total,,0.5,mg/l,False,0.5,,,Unknown,SNY001,Actual,SW,Water,,,Clayton,07060001,River/Stream,,43.0404991,-91.2055504
6,10220003,Bloody Run Creek Site #1 (BR01),01/02/1996 12:50:00,SNY319,14797-65-0,Nitrite (as N),Total,,0.5,mg/l,False,0.5,,,Unknown,SNY001,Actual,SW,Water,,,Clayton,07060001,River/Stream,,43.0404991,-91.2055504
6,10220003,Bloody Run Creek Site #1 (BR01),01/09/1996 13:40:00,SNY319,14797-65-0,Nitrite (as N),Total,,0.5,mg/l,False,0.5,,,Unknown,SNY001,Actual,SW,Water,,,Clayton,07060001,River/Stream,,43.0404991,-91.2055504
6,10220003,Bloody Run Creek Site #1 (BR01),01/23/1996 13:15:00,SNY319,14797-65-0,Nitrite (as N),Total,,0.5,mg/l,False,0.5,,,Unknown,SNY001,Actual,SW,Water,,,Clayton,07060001,River/Stream,,43.0404991,-91.2055504
6,10220003,Bloody Run Creek Site #1 (BR01),01/30/1996 14:30:00,SNY319,14797-65-0,Nitrite (as N),Total,,0.5,mg/l,False,0.5,,,Unknown,SNY001,Actual,SW,Water,,,Clayton,07060001,River/Stream,,43.0404991,-91.2055504
6,10220003,Bloody Run Creek Site #1 (BR01),02/20/1996 12:30:00,SNY319,14797-65-0,Nitrite (as N),Total,,0.5,mg/l,False,0.5,,,Unknown,SNY001,Actual,SW,Water,,,Clayton,07060001,River/Stream,,43.0404991,-91.2055504
6,10220003,Bloody Run Creek Site #1 (BR01),03/19/1996 09:25:00,SNY319,14797-65-0,Nitrite (as N),Total,,0.5,mg/l,False,0.5,,,Unknown,SNY001,Actual,SW,Water,,,Clayton,07060001,River/Stream,,43.0404991,-91.2055504
6,10220003,Bloody Run Creek Site #1 (BR01),03/12/1996 14:10:00,SNY319,14797-65-0,Nitrite (as N),Total,,0.5,mg/l,False,0.5,,,Unknown,SNY001,Actual,SW,Water,,,Clayton,07060001,River/Stream,,43.0404991,-91.2055504
6,10220003,Bloody Run Creek Site #1 (BR01),04/02/1996 09:40:00,SNY319,14797-65-0,Nitrite (as N),Total,,0.5,mg/l,False,0.5,,,Unknown,SNY001,Actual,SW,Water,,,Clayton,07060001,River/Stream,,43.0404991,-91.2055504
6,10220003,Bloody Run Creek Site #1 (BR01),04/09/1996 12:10:00,SNY319,14797-65-0,Nitrite (as N),Total,,0.5,mg/l,False,0.5,,,Unknown,SNY001,Actual,SW,Water,,,Clayton,07060001,River/Stream,,43.0404991,-91.2055504
6,10220003,Bloody Run Creek Site #1 (BR01),04/23/1996 12:50:00,SNY319,14797-65-0,Nitrite (as N),Total,,0.5,mg/l,False,0.5,,,Unknown,SNY001,Actual,SW,Water,,,Clayton,07060001,River/Stream,,43.0404991,-91.2055504
6,10220003,Bloody Run Creek Site #1 (BR01),05/14/1996 11:15:00,SNY319,14797-65-0,Nitrite (as N),Total,,0.5,mg/l,False,0.5,,,Unknown,SNY001,Actual,SW,Water,,,Clayton,07060001,River/Stream,,43.0404991,-91.2055504
6,10220003,Bloody Run Creek Site #1 (BR01),04/30/1996 11:55:00,SNY319,14797-65-0,Nitrite (as N),Total,,0.5,mg/l,False,0.5,,,Unknown,SNY001,Actual,SW,Water,,,Clayton,07060001,River/Stream,,43.0404991,-91.2055504
6,10220003,Bloody Run Creek Site #1 (BR01),05/21/1996 12:05:00,SNY319,14797-65-0,Nitrite (as N),Total,,0.5,mg/l,False,0.5,,,Unknown,SNY001,Actual,SW,Water,,,Clayton,07060001,River/Stream,,43.0404991,-91.2055504
6,10220003,Bloody Run Creek Site #1 (BR01),06/11/1996 11:15:00,SNY319,14797-65-0,Nitrite (as N),Total,,0.5,mg/l,False,0.5,,,Unknown,SNY001,Actual,SW,Water,,,Clayton,07060001,River/Stream,,43.0404991,-91.2055504
6,10220003,Bloody Run Creek Site #1 (BR01),06/04/1996 12:40:00,SNY319,14797-65-0,Nitrite (as N),Total,,0.5,mg/l,False,0.5,,,Unknown,SNY001,Actual,SW,Water,,,Clayton,07060001,River/Stream,,43.0404991,-91.2055504
6,10220003,Bloody Run Creek Site #1 (BR01),06/25/1996 13:55:00,SNY319,14797-65-0,Nitrite (as N),Total,,0.5,mg/l,False,0.5,,,Unknown,SNY001,Actual,SW,Water,,,Clayton,07060001,River/Stream,,43.0404991,-91.2055504
6,15220005,Sny Magill Creek Site #2 (SN02),04/30/1996 13:25:00,SNY319,14797-65-0,Nitrite (as N),Total,,0.5,mg/l,False,0.5,,,Unknown,SNY001,Actual,SW,Water,,,Clayton,07060003,River/Stream,,42.96808222,-91.22331192
6,15220005,Sny Magill Creek Site #2 (SN02),07/30/1996 14:25:00,SNY319,14797-65-0,Nitrite (as N),Total,,0.5,mg/l,False,0.5,,,Unknown,SNY001,Actual,SW,Water,,,Clayton,07060003,River/Stream,,42.96808222,-91.22331192
6,15220005,Sny Magill Creek Site #2 (SN02),09/24/1996 14:50:00,SNY319,14797-65-0,Nitrite (as N),Total,,0.5,mg/l,False,0.5,,,Unknown,SNY001,Actual,SW,Water,,,Clayton,07060003,River/Stream,,42.96808222,-91.22331192
6,15220006,Sny Magill Creek Site #3 (SN03),01/16/1996 12:20:00,SNY319,14797-65-0,Nitrite (as N),Total,,0.5,mg/l,False,0.5,,,Unknown,SNY001,Actual,SW,Water,,,Clayton,07060003,River/Stream,,42.98149721,-91.24097377
6,15220006,Sny Magill Creek Site #3 (SN03),01/30/1996 16:40:00,SNY319,14797-65-0,Nitrite (as N),Total,,0.5,mg/l,False,0.5,,,Unknown,SNY001,Actual,SW,Water,,,Clayton,07060003,River/Stream,,42.98149721,-91.24097377
6,15220006,Sny Magill Creek Site #3 (SN03),03/05/1996 14:50:00,SNY319,14797-65-0,Nitrite (as N),Total,,0.5,mg/l,False,0.5,,,Unknown,SNY001,Actual,SW,Water,,,Clayton,07060003,River/Stream,,42.98149721,-91.24097377
6,15220006,Sny Magill Creek Site #3 (SN03),02/20/1996 11:10:00,SNY319,14797-65-0,Nitrite (as N),Total,,0.5,mg/l,False,0.5,,,Unknown,SNY001,Actual,SW,Water,,,Clayton,07060003,River/Stream,,42.98149721,-91.24097377
6,15220005,Sny Magill Creek Site #2 (SN02),08/27/1996 15:10:00,SNY319,14797-65-0,Nitrite (as N),Total,,0.5,mg/l,False,0.5,,,Unknown,SNY001,Actual,SW,Water,,,Clayton,07060003,River/Stream,,42.96808222,-91.22331192
6,15220006,Sny Magill Creek Site #3 (SN03),01/23/1996 15:15:00,SNY319,14797-65-0,Nitrite (as N),Total,,0.5,mg/l,False,0.5,,,Unknown,SNY001,Actual,SW,Water,,,Clayton,07060003,River/Stream,,42.98149721,-91.24097377
6,15220006,Sny Magill Creek Site #3 (SN03),02/27/1996 14:20:00,SNY319,14797-65-0,Nitrite (as N),Total,,0.5,mg/l,False,0.5,,,Unknown,SNY001,Actual,SW,Water,,,Clayton,07060003,River/Stream,,42.98149721,-91.24097377
6,15220006,Sny Magill Creek Site #3 (SN03),04/02/1996 11:05:00,SNY319,14797-65-0,Nitrite (as N),Total,,0.5,mg/l,False,0.5,,,Unknown,SNY001,Actual,SW,Water,,,Clayton,07060003,River/Stream,,42.98149721,-91.24097377
6,15220006,Sny Magill Creek Site #3 (SN03),04/09/1996 11:30:00,SNY319,14797-65-0,Nitrite (as N),Total,,0.5,mg/l,False,0.5,,,Unknown,SNY001,Actual,SW,Water,,,Clayton,07060003,River/Stream,,42.98149721,-91.24097377
6,15220006,Sny Magill Creek Site #3 (SN03),05/07/1996 14:10:00,SNY319,14797-65-0,Nitrite (as N),Total,,0.5,mg/l,False,0.5,,,Unknown,SNY001,Actual,SW,Water,,,Clayton,07060003,River/Stream,,42.98149721,-91.24097377
6,15220006,Sny Magill Creek Site #3 (SN03),06/11/1996 12:15:00,SNY319,14797-65-0,Nitrite (as N),Total,,0.5,mg/l,False,0.5,,,Unknown,SNY001,Actual,SW,Water,,,Clayton,07060003,River/Stream,,42.98149721,-91.24097377
6,15220006,Sny Magill Creek Site #3 (SN03),06/18/1996 11:30:00,SNY319,14797-65-0,Nitrite (as N),Total,,0.5,mg/l,False,0.5,,,Unknown,SNY001,Actual,SW,Water,,,Clayton,07060003,River/Stream,,42.98149721,-91.24097377
6,15220006,Sny Magill Creek Site #3 (SN03),05/14/1996 13:00:00,SNY319,14797-65-0,Nitrite (as N),Total,,0.5,mg/l,False,0.5,,,Unknown,SNY001,Actual,SW,Water,,,Clayton,07060003,River/Stream,,42.98149721,-91.24097377
6,15220006,Sny Magill Creek Site #3 (SN03),06/25/1996 16:10:00,SNY319,14797-65-0,Nitrite (as N),Total,,0.5,mg/l,False,0.5,,,Unknown,SNY001,Actual,SW,Water,,,Clayton,07060003,River/Stream,,42.98149721,-91.24097377
6,15220006,Sny Magill Creek Site #3 (SN03),07/16/1996 11:30:00,SNY319,14797-65-0,Nitrite (as N),Total,,0.5,mg/l,False,0.5,,,Unknown,SNY001,Actual,SW,Water,,,Clayton,07060003,River/Stream,,42.98149721,-91.24097377
6,15220006,Sny Magill Creek Site #3 (SN03),07/23/1996 12:30:00,SNY319,14797-65-0,Nitrite (as N),Total,,0.5,mg/l,False,0.5,,,Unknown,SNY001,Actual,SW,Water,,,Clayton,07060003,River/Stream,,42.98149721,-91.24097377
6,15220007,Sny Magill North Tributary (SNT),01/30/1996 16:20:00,SNY319,14797-65-0,Nitrite (as N),Total,,0.5,mg/l,False,0.5,,,Unknown,SNY001,Actual,SW,Water,,,Clayton,07060003,River/Stream,,42.96850981,-91.22439501
6,15220006,Sny Magill Creek Site #3 (SN03),08/20/1996 16:30:00,SNY319,14797-65-0,Nitrite (as N),Total,,0.5,mg/l,False,0.5,,,Unknown,SNY001,Actual,SW,Water,,,Clayton,07060003,River/Stream,,42.98149721,-91.24097377
6,15220006,Sny Magill Creek Site #3 (SN03),08/27/1996 15:50:00,SNY319,14797-65-0,Nitrite (as N),Total,,0.5,mg/l,False,0.5,,,Unknown,SNY001,Actual,SW,Water,,,Clayton,07060003,River/Stream,,42.98149721,-91.24097377
6,15220006,Sny Magill Creek Site #3 (SN03),09/24/1996 15:15:00,SNY319,14797-65-0,Nitrite (as N),Total,,0.5,mg/l,False,0.5,,,Unknown,SNY001,Actual,SW,Water,,,Clayton,07060003,River/Stream,,42.98149721,-91.24097377
6,15220007,Sny Magill North Tributary (SNT),05/28/1996 13:55:00,SNY319,14797-65-0,Nitrite (as N),Total,,0.5,mg/l,False,0.5,,,Unknown,SNY001,Actual,SW,Water,,,Clayton,07060003,River/Stream,,42.96850981,-91.22439501
6,15220007,Sny Magill North Tributary (SNT),06/25/1996 15:50:00,SNY319,14797-65-0,Nitrite (as N),Total,,0.5,mg/l,False,0.5,,,Unknown,SNY001,Actual,SW,Water,,,Clayton,07060003,River/Stream,,42.96850981,-91.22439501
6,15220003,North Cedar Creek (NCC),10/10/1995 14:55:00,SNY319,14797-65-0,Nitrite (as N),Total,,0.5,mg/l,False,0.5,,,Unknown,SNY001,Actual,SW,Water,,,Clayton,07060003,River/Stream,,42.96274242,-91.22931615
6,15220003,North Cedar Creek (NCC),10/17/1995 15:00:00,SNY319,14797-65-0,Nitrite (as N),Total,,0.5,mg/l,False,0.5,,,Unknown,SNY001,Actual,SW,Water,,,Clayton,07060003,River/Stream,,42.96274242,-91.22931615
6,15220003,North Cedar Creek (NCC),11/14/1995 12:35:00,SNY319,14797-65-0,Nitrite (as N),Total,,0.5,mg/l,False,0.5,,,Unknown,SNY001,Actual,SW,Water,,,Clayton,07060003,River/Stream,,42.96274242,-91.22931615
6,15220003,North Cedar Creek (NCC),11/21/1995 14:10:00,SNY319,14797-65-0,Nitrite (as N),Total,,0.5,mg/l,False,0.5,,,Unknown,SNY001,Actual,SW,Water,,,Clayton,07060003,River/Stream,,42.96274242,-91.22931615
6,15220003,North Cedar Creek (NCC),12/19/1995 13:25:00,SNY319,14797-65-0,Nitrite (as N),Total,,0.5,mg/l,False,0.5,,,Unknown,SNY001,Actual,SW,Water,,,Clayton,07060003,River/Stream,,42.96274242,-91.22931615
6,15220004,Sny Magill Creek Site #1 (SN01),10/17/1995 14:30:00,SNY319,14797-65-0,Nitrite (as N),Total,,0.5,mg/l,False,0.5,,,Unknown,SNY001,Actual,SW,Water,,,Clayton,07060003,River/Stream,,42.94880662,-91.18632674
6,15220004,Sny Magill Creek Site #1 (SN01),11/28/1995 13:50:00,SNY319,14797-65-0,Nitrite (as N),Total,,0.5,mg/l,False,0.5,,,Unknown,SNY001,Actual,SW,Water,,,Clayton,07060003,River/Stream,,42.94880662,-91.18632674
6,15220004,Sny Magill Creek Site #1 (SN01),12/05/1995 13:30:00,SNY319,14797-65-0,Nitrite (as N),Total,,0.5,mg/l,False,0.5,,,Unknown,SNY001,Actual,SW,Water,,,Clayton,07060003,River/Stream,,42.94880662,-91.18632674
6,15220003,North Cedar Creek (NCC),12/26/1995 13:35:00,SNY319,14797-65-0,Nitrite (as N),Total,,0.5,mg/l,False,0.5,,,Unknown,SNY001,Actual,SW,Water,,,Clayton,07060003,River/Stream,,42.96274242,-91.22931615
6,15220006,Sny Magill Creek Site #3 (SN03),10/03/1995 16:45:00,SNY319,14797-65-0,Nitrite (as N),Total,,0.5,mg/l,False,0.5,,,Unknown,SNY001,Actual,SW,Water,,,Clayton,07060003,River/Stream,,42.98149721,-91.24097377
6,15220006,Sny Magill Creek Site #3 (SN03),10/10/1995 15:15:00,SNY319,14797-65-0,Nitrite (as N),Total,,0.5,mg/l,False,0.5,,,Unknown,SNY001,Actual,SW,Water,,,Clayton,07060003,River/Stream,,42.98149721,-91.24097377
6,15220006,Sny Magill Creek Site #3 (SN03),11/07/1995 15:00:00,SNY319,14797-65-0,Nitrite (as N),Total,,0.5,mg/l,False,0.5,,,Unknown,SNY001,Actual,SW,Water,,,Clayton,07060003,River/Stream,,42.98149721,-91.24097377
6,15220006,Sny Magill Creek Site #3 (SN03),11/14/1995 12:50:00,SNY319,14797-65-0,Nitrite (as N),Total,,0.5,mg/l,False,0.5,,,Unknown,SNY001,Actual,SW,Water,,,Clayton,07060003,River/Stream,,42.98149721,-91.24097377
6,15220006,Sny Magill Creek Site #3 (SN03),12/12/1995 15:00:00,SNY319,14797-65-0,Nitrite (as N),Total,,0.5,mg/l,False,0.5,,,Unknown,SNY001,Actual,SW,Water,,,Clayton,07060003,River/Stream,,42.98149721,-91.24097377
6,15220006,Sny Magill Creek Site #3 (SN03),12/19/1995 14:00:00,SNY319,14797-65-0,Nitrite (as N),Total,,0.5,mg/l,False,0.5,,,Unknown,SNY001,Actual,SW,Water,,,Clayton,07060003,River/Stream,,42.98149721,-91.24097377
6,15220007,Sny Magill North Tributary (SNT),12/26/1995 14:00:00,SNY319,14797-65-0,Nitrite (as N),Total,,0.5,mg/l,False,0.5,,,Unknown,SNY001,Actual,SW,Water,,,Clayton,07060003,River/Stream,,42.96850981,-91.22439501
6,15220004,Sny Magill Creek Site #1 (SN01),10/25/1994 11:45:00,SNY319,14797-65-0,Nitrite (as N),Total,,0.5,mg/l,False,0.5,,,Unknown,SNY001,Actual,SW,Water,,,Clayton,07060003,River/Stream,,42.94880662,-91.18632674
6,15220004,Sny Magill Creek Site #1 (SN01),11/15/1994 13:30:00,SNY319,14797-65-0,Nitrite (as N),Total,,0.5,mg/l,False,0.5,,,Unknown,SNY001,Actual,SW,Water,,,Clayton,07060003,River/Stream,,42.94880662,-91.18632674
6,15220004,Sny Magill Creek Site #1 (SN01),11/22/1994 13:40:00,SNY319,14797-65-0,Nitrite (as N),Total,,0.5,mg/l,False,0.5,,,Unknown,SNY001,Actual,SW,Water,,,Clayton,07060003,River/Stream,,42.94880662,-91.18632674
6,15220008,West Fork Sny Magill Creek  (SNWF),01/23/1996 15:40:00,SNY319,14797-65-0,Nitrite (as N),Total,,0.5,mg/l,False,0.5,,,Unknown,SNY001,Actual,SW,Water,,,Clayton,07060003,River/Stream,,42.97628121,-91.23730654
6,15220008,West Fork Sny Magill Creek  (SNWF),01/30/1996 16:50:00,SNY319,14797-65-0,Nitrite (as N),Total,,0.5,mg/l,False,0.5,,,Unknown,SNY001,Actual,SW,Water,,,Clayton,07060003,River/Stream,,42.97628121,-91.23730654
6,15220008,West Fork Sny Magill Creek  (SNWF),03/05/1996 15:10:00,SNY319,14797-65-0,Nitrite (as N),Total,,0.5,mg/l,False,0.5,,,Unknown,SNY001,Actual,SW,Water,,,Clayton,07060003,River/Stream,,42.97628121,-91.23730654
6,15220008,West Fork Sny Magill Creek  (SNWF),02/27/1996 14:30:00,SNY319,14797-65-0,Nitrite (as N),Total,,0.5,mg/l,False,0.5,,,Unknown,SNY001,Actual,SW,Water,,,Clayton,07060003,River/Stream,,42.97628121,-91.23730654
6,15220008,West Fork Sny Magill Creek  (SNWF),04/02/1996 10:50:00,SNY319,14797-65-0,Nitrite (as N),Total,,0.5,mg/l,False,0.5,,,Unknown,SNY001,Actual,SW,Water,,,Clayton,07060003,River/Stream,,42.97628121,-91.23730654
6,15220008,West Fork Sny Magill Creek  (SNWF),04/09/1996 11:40:00,SNY319,14797-65-0,Nitrite (as N),Total,,0.5,mg/l,False,0.5,,,Unknown,SNY001,Actual,SW,Water,,,Clayton,07060003,River/Stream,,42.97628121,-91.23730654
6,15220008,West Fork Sny Magill Creek  (SNWF),05/07/1996 14:30:00,SNY319,14797-65-0,Nitrite (as N),Total,,0.5,mg/l,False,0.5,,,Unknown,SNY001,Actual,SW,Water,,,Clayton,07060003,River/Stream,,42.97628121,-91.23730654
6,15220008,West Fork Sny Magill Creek  (SNWF),06/11/1996 12:30:00,SNY319,14797-65-0,Nitrite (as N),Total,,0.5,mg/l,False,0.5,,,Unknown,SNY001,Actual,SW,Water,,,Clayton,07060003,River/Stream,,42.97628121,-91.23730654
6,15220008,West Fork Sny Magill Creek  (SNWF),06/18/1996 11:00:00,SNY319,14797-65-0,Nitrite (as N),Total,,0.5,mg/l,False,0.5,,,Unknown,SNY001,Actual,SW,Water,,,Clayton,07060003,River/Stream,,42.97628121,-91.23730654
6,15220008,West Fork Sny Magill Creek  (SNWF),05/14/1996 13:10:00,SNY319,14797-65-0,Nitrite (as N),Total,,0.5,mg/l,False,0.5,,,Unknown,SNY001,Actual,SW,Water,,,Clayton,07060003,River/Stream,,42.97628121,-91.23730654
6,15220008,West Fork Sny Magill Creek  (SNWF),07/16/1996 11:00:00,SNY319,14797-65-0,Nitrite (as N),Total,,0.5,mg/l,False,0.5,,,Unknown,SNY001,Actual,SW,Water,,,Clayton,07060003,River/Stream,,42.97628121,-91.23730654
6,15220008,West Fork Sny Magill Creek  (SNWF),07/23/1996 12:50:00,SNY319,14797-65-0,Nitrite (as N),Total,,0.5,mg/l,False,0.5,,,Unknown,SNY001,Actual,SW,Water,,,Clayton,07060003,River/Stream,,42.97628121,-91.23730654
6,15220008,West Fork Sny Magill Creek  (SNWF),08/20/1996 16:50:00,SNY319,14797-65-0,Nitrite (as N),Total,,0.5,mg/l,False,0.5,,,Unknown,SNY001,Actual,SW,Water,,,Clayton,07060003,River/Stream,,42.97628121,-91.23730654
6,15220008,West Fork Sny Magill Creek  (SNWF),08/27/1996 16:00:00,SNY319,14797-65-0,Nitrite (as N),Total,,0.5,mg/l,False,0.5,,,Unknown,SNY001,Actual,SW,Water,,,Clayton,07060003,River/Stream,,42.97628121,-91.23730654
6,15220008,West Fork Sny Magill Creek  (SNWF),09/24/1996 15:25:00,SNY319,14797-65-0,Nitrite (as N),Total,,0.5,mg/l,False,0.5,,,Unknown,SNY001,Actual,SW,Water,,,Clayton,07060003,River/Stream,,42.97628121,-91.23730654
6,15220008,West Fork Sny Magill Creek  (SNWF),10/10/1995 15:40:00,SNY319,14797-65-0,Nitrite (as N),Total,,0.5,mg/l,False,0.5,,,Unknown,SNY001,Actual,SW,Water,,,Clayton,07060003,River/Stream,,42.97628121,-91.23730654
6,15220008,West Fork Sny Magill Creek  (SNWF),10/17/1995 15:40:00,SNY319,14797-65-0,Nitrite (as N),Total,,0.5,mg/l,False,0.5,,,Unknown,SNY001,Actual,SW,Water,,,Clayton,07060003,River/Stream,,42.97628121,-91.23730654
6,15220008,West Fork Sny Magill Creek  (SNWF),11/14/1995 13:00:00,SNY319,14797-65-0,Nitrite (as N),Total,,0.5,mg/l,False,0.5,,,Unknown,SNY001,Actual,SW,Water,,,Clayton,07060003,River/Stream,,42.97628121,-91.23730654
6,15220008,West Fork Sny Magill Creek  (SNWF),11/21/1995 14:50:00,SNY319,14797-65-0,Nitrite (as N),Total,,0.5,mg/l,False,0.5,,,Unknown,SNY001,Actual,SW,Water,,,Clayton,07060003,River/Stream,,42.97628121,-91.23730654
6,15220008,West Fork Sny Magill Creek  (SNWF),12/19/1995 14:15:00,SNY319,14797-65-0,Nitrite (as N),Total,,0.5,mg/l,False,0.5,,,Unknown,SNY001,Actual,SW,Water,,,Clayton,07060003,River/Stream,,42.97628121,-91.23730654
6,15220008,West Fork Sny Magill Creek  (SNWF),12/26/1995 14:20:00,SNY319,14797-65-0,Nitrite (as N),Total,,0.5,mg/l,False,0.5,,,Unknown,SNY001,Actual,SW,Water,,,Clayton,07060003,River/Stream,,42.97628121,-91.23730654
6,15220008,West Fork Sny Magill Creek  (SNWF),01/09/1996 14:20:00,SNY319,14797-65-0,Nitrite (as N),Total,,0.5,mg/l,False,0.5,,,Unknown,SNY001,Actual,SW,Water,,,Clayton,07060003,River/Stream,,42.97628121,-91.23730654
6,15220008,West Fork Sny Magill Creek  (SNWF),02/06/1996 14:15:00,SNY319,14797-65-0,Nitrite (as N),Total,,0.5,mg/l,False,0.5,,,Unknown,SNY001,Actual,SW,Water,,,Clayton,07060003,River/Stream,,42.97628121,-91.23730654
6,15220008,West Fork Sny Magill Creek  (SNWF),01/02/1996 14:40:00,SNY319,14797-65-0,Nitrite (as N),Total,,0.5,mg/l,False,0.5,,,Unknown,SNY001,Actual,SW,Water,,,Clayton,07060003,River/Stream,,42.97628121,-91.23730654
6,15220008,West Fork Sny Magill Creek  (SNWF),01/16/1996 12:00:00,SNY319,14797-65-0,Nitrite (as N),Total,,0.5,mg/l,False,0.5,,,Unknown,SNY001,Actual,SW,Water,,,Clayton,07060003,River/Stream,,42.97628121,-91.23730654
6,15220008,West Fork Sny Magill Creek  (SNWF),02/13/1996 14:10:00,SNY319,14797-65-0,Nitrite (as N),Total,,0.5,mg/l,False,0.5,,,Unknown,SNY001,Actual,SW,Water,,,Clayton,07060003,River/Stream,,42.97628121,-91.23730654
6,15220008,West Fork Sny Magill Creek  (SNWF),02/20/1996 11:26:00,SNY319,14797-65-0,Nitrite (as N),Total,,0.5,mg/l,False,0.5,,,Unknown,SNY001,Actual,SW,Water,,,Clayton,07060003,River/Stream,,42.97628121,-91.23730654
6,15220008,West Fork Sny Magill Creek  (SNWF),03/19/1996 11:00:00,SNY319,14797-65-0,Nitrite (as N),Total,,0.5,mg/l,False,0.5,,,Unknown,SNY001,Actual,SW,Water,,,Clayton,07060003,River/Stream,,42.97628121,-91.23730654
6,15220008,West Fork Sny Magill Creek  (SNWF),03/26/1996 10:50:00,SNY319,14797-65-0,Nitrite (as N),Total,,0.5,mg/l,False,0.5,,,Unknown,SNY001,Actual,SW,Water,,,Clayton,07060003,River/Stream,,42.97628121,-91.23730654
6,15220008,West Fork Sny Magill Creek  (SNWF),03/12/1996 15:35:00,SNY319,14797-65-0,Nitrite (as N),Total,,0.5,mg/l,False,0.5,,,Unknown,SNY001,Actual,SW,Water,,,Clayton,07060003,River/Stream,,42.97628121,-91.23730654
6,15220008,West Fork Sny Magill Creek  (SNWF),04/16/1996 14:40:00,SNY319,14797-65-0,Nitrite (as N),Total,,0.5,mg/l,False,0.5,,,Unknown,SNY001,Actual,SW,Water,,,Clayton,07060003,River/Stream,,42.97628121,-91.23730654
6,15220008,West Fork Sny Magill Creek  (SNWF),04/23/1996 10:50:00,SNY319,14797-65-0,Nitrite (as N),Total,,0.5,mg/l,False,0.5,,,Unknown,SNY001,Actual,SW,Water,,,Clayton,07060003,River/Stream,,42.97628121,-91.23730654
6,15220008,West Fork Sny Magill Creek  (SNWF),04/30/1996 14:05:00,SNY319,14797-65-0,Nitrite (as N),Total,,0.5,mg/l,False,0.5,,,Unknown,SNY001,Actual,SW,Water,,,Clayton,07060003,River/Stream,,42.97628121,-91.23730654
6,15220008,West Fork Sny Magill Creek  (SNWF),05/21/1996 14:15:00,SNY319,14797-65-0,Nitrite (as N),Total,,0.5,mg/l,False,0.5,,,Unknown,SNY001,Actual,SW,Water,,,Clayton,07060003,River/Stream,,42.97628121,-91.23730654
6,15220008,West Fork Sny Magill Creek  (SNWF),05/28/1996 14:10:00,SNY319,14797-65-0,Nitrite (as N),Total,,0.5,mg/l,False,0.5,,,Unknown,SNY001,Actual,SW,Water,,,Clayton,07060003,River/Stream,,42.97628121,-91.23730654
6,15220008,West Fork Sny Magill Creek  (SNWF),06/04/1996 14:20:00,SNY319,14797-65-0,Nitrite (as N),Total,,0.5,mg/l,False,0.5,,,Unknown,SNY001,Actual,SW,Water,,,Clayton,07060003,River/Stream,,42.97628121,-91.23730654
6,15220008,West Fork Sny Magill Creek  (SNWF),06/25/1996 16:25:00,SNY319,14797-65-0,Nitrite (as N),Total,,0.5,mg/l,False,0.5,,,Unknown,SNY001,Actual,SW,Water,,,Clayton,07060003,River/Stream,,42.97628121,-91.23730654
6,15220008,West Fork Sny Magill Creek  (SNWF),07/02/1996 11:30:00,SNY319,14797-65-0,Nitrite (as N),Total,,0.5,mg/l,False,0.5,,,Unknown,SNY001,Actual,SW,Water,,,Clayton,07060003,River/Stream,,42.97628121,-91.23730654
6,15220008,West Fork Sny Magill Creek  (SNWF),07/09/1996 14:25:00,SNY319,14797-65-0,Nitrite (as N),Total,,0.5,mg/l,False,0.5,,,Unknown,SNY001,Actual,SW,Water,,,Clayton,07060003,River/Stream,,42.97628121,-91.23730654
6,15220008,West Fork Sny Magill Creek  (SNWF),07/30/1996 15:00:00,SNY319,14797-65-0,Nitrite (as N),Total,,0.5,mg/l,False,0.5,,,Unknown,SNY001,Actual,SW,Water,,,Clayton,07060003,River/Stream,,42.97628121,-91.23730654
6,15220008,West Fork Sny Magill Creek  (SNWF),08/06/1996 11:30:00,SNY319,14797-65-0,Nitrite (as N),Total,,0.5,mg/l,False,0.5,,,Unknown,SNY001,Actual,SW,Water,,,Clayton,07060003,River/Stream,,42.97628121,-91.23730654
6,15220008,West Fork Sny Magill Creek  (SNWF),08/13/1996 13:35:00,SNY319,14797-65-0,Nitrite (as N),Total,,0.5,mg/l,False,0.5,,,Unknown,SNY001,Actual,SW,Water,,,Clayton,07060003,River/Stream,,42.97628121,-91.23730654
6,15220008,West Fork Sny Magill Creek  (SNWF),09/03/1996 13:00:00,SNY319,14797-65-0,Nitrite (as N),Total,,0.5,mg/l,False,0.5,,,Unknown,SNY001,Actual,SW,Water,,,Clayton,07060003,River/Stream,,42.97628121,-91.23730654
6,15220008,West Fork Sny Magill Creek  (SNWF),09/10/1996 13:30:00,SNY319,14797-65-0,Nitrite (as N),Total,,0.5,mg/l,False,0.5,,,Unknown,SNY001,Actual,SW,Water,,,Clayton,07060003,River/Stream,,42.97628121,-91.23730654
6,15220008,West Fork Sny Magill Creek  (SNWF),09/17/1996 12:55:00,SNY319,14797-65-0,Nitrite (as N),Total,,0.5,mg/l,False,0.5,,,Unknown,SNY001,Actual,SW,Water,,,Clayton,07060003,River/Stream,,42.97628121,-91.23730654
6,15220008,West Fork Sny Magill Creek  (SNWF),10/03/1995 17:00:00,SNY319,14797-65-0,Nitrite (as N),Total,,0.5,mg/l,False,0.5,,,Unknown,SNY001,Actual,SW,Water,,,Clayton,07060003,River/Stream,,42.97628121,-91.23730654
6,15220008,West Fork Sny Magill Creek  (SNWF),10/24/1995 13:00:00,SNY319,14797-65-0,Nitrite (as N),Total,,0.5,mg/l,False,0.5,,,Unknown,SNY001,Actual,SW,Water,,,Clayton,07060003,River/Stream,,42.97628121,-91.23730654
6,15220008,West Fork Sny Magill Creek  (SNWF),10/31/1995 12:45:00,SNY319,14797-65-0,Nitrite (as N),Total,,0.5,mg/l,False,0.5,,,Unknown,SNY001,Actual,SW,Water,,,Clayton,07060003,River/Stream,,42.97628121,-91.23730654
6,15220008,West Fork Sny Magill Creek  (SNWF),11/07/1995 15:20:00,SNY319,14797-65-0,Nitrite (as N),Total,,0.5,mg/l,False,0.5,,,Unknown,SNY001,Actual,SW,Water,,,Clayton,07060003,River/Stream,,42.97628121,-91.23730654
6,15220008,West Fork Sny Magill Creek  (SNWF),11/28/1995 15:00:00,SNY319,14797-65-0,Nitrite (as N),Total,,0.5,mg/l,False,0.5,,,Unknown,SNY001,Actual,SW,Water,,,Clayton,07060003,River/Stream,,42.97628121,-91.23730654
6,15220008,West Fork Sny Magill Creek  (SNWF),12/05/1995 14:50:00,SNY319,14797-65-0,Nitrite (as N),Total,,0.5,mg/l,False,0.5,,,Unknown,SNY001,Actual,SW,Water,,,Clayton,07060003,River/Stream,,42.97628121,-91.23730654
6,15220008,West Fork Sny Magill Creek  (SNWF),12/12/1995 15:30:00,SNY319,14797-65-0,Nitrite (as N),Total,,0.5,mg/l,False,0.5,,,Unknown,SNY001,Actual,SW,Water,,,Clayton,07060003,River/Stream,,42.97628121,-91.23730654
6,15220003,North Cedar Creek (NCC),08/15/1995 16:20:00,SNY319,NIT-AMM,Ammonia-nitrogen (as N),Total,,0.1,mg/l,False,0.1,,,Unknown,SNY001,Actual,SW,Water,,,Clayton,07060003,River/Stream,,42.96274242,-91.22931615
6,15220003,North Cedar Creek (NCC),09/12/1995 13:15:00,SNY319,NIT-AMM,Ammonia-nitrogen (as N),Total,,0.1,mg/l,False,0.1,,,Unknown,SNY001,Actual,SW,Water,,,Clayton,07060003,River/Stream,,42.96274242,-91.22931615
6,15220003,North Cedar Creek (NCC),07/11/1995 17:25:00,SNY319,NIT-AMM,Ammonia-nitrogen (as N),Total,,0.1,mg/l,False,0.1,,,Unknown,SNY001,Actual,SW,Water,,,Clayton,07060003,River/Stream,,42.96274242,-91.22931615
6,15220003,North Cedar Creek (NCC),08/08/1995 15:25:00,SNY319,NIT-AMM,Ammonia-nitrogen (as N),Total,,0.1,mg/l,False,0.1,,,Unknown,SNY001,Actual,SW,Water,,,Clayton,07060003,River/Stream,,42.96274242,-91.22931615
6,15220003,North Cedar Creek (NCC),07/04/1995 14:30:00,SNY319,NIT-AMM,Ammonia-nitrogen (as N),Total,,0.1,mg/l,False,0.1,,,Unknown,SNY001,Actual,SW,Water,,,Clayton,07060003,River/Stream,,42.96274242,-91.22931615
6,15220003,North Cedar Creek (NCC),06/06/1995 10:05:00,SNY319,NIT-AMM,Ammonia-nitrogen (as N),Total,,0.1,mg/l,True,0.1,,,Unknown,SNY001,Actual,SW,Water,,,Clayton,07060003,River/Stream,,42.96274242,-91.22931615
6,15220003,North Cedar Creek (NCC),05/02/1995 12:40:00,SNY319,NIT-AMM,Ammonia-nitrogen (as N),Total,,0.1,mg/l,False,0.1,,,Unknown,SNY001,Actual,SW,Water,,,Clayton,07060003,River/Stream,,42.96274242,-91.22931615
6,15220003,North Cedar Creek (NCC),05/30/1995 14:25:00,SNY319,NIT-AMM,Ammonia-nitrogen (as N),Total,,0.1,mg/l,False,0.1,,,Unknown,SNY001,Actual,SW,Water,,,Clayton,07060003,River/Stream,,42.96274242,-91.22931615
6,15220003,North Cedar Creek (NCC),03/28/1995 12:00:00,SNY319,NIT-AMM,Ammonia-nitrogen (as N),Total,,0.1,mg/l,False,0.1,,,Unknown,SNY001,Actual,SW,Water,,,Clayton,07060003,River/Stream,,42.96274242,-91.22931615
6,15220003,North Cedar Creek (NCC),04/25/1995 10:15:00,SNY319,NIT-AMM,Ammonia-nitrogen (as N),Total,,0.1,mg/l,False,0.1,,,Unknown,SNY001,Actual,SW,Water,,,Clayton,07060003,River/Stream,,42.96274242,-91.22931615
6,15220003,North Cedar Creek (NCC),02/21/1995 12:30:00,SNY319,NIT-AMM,Ammonia-nitrogen (as N),Total,,0.4,mg/l,True,0.1,,,Unknown,SNY001,Actual,SW,Water,,,Clayton,07060003,River/Stream,,42.96274242,-91.22931615
6,15220003,North Cedar Creek (NCC),03/21/1995 12:00:00,SNY319,NIT-AMM,Ammonia-nitrogen (as N),Total,,0.2,mg/l,True,0.1,,,Unknown,SNY001,Actual,SW,Water,,,Clayton,07060003,River/Stream,,42.96274242,-91.22931615
6,15220003,North Cedar Creek (NCC),02/28/1995 09:50:00,SNY319,NIT-AMM,Ammonia-nitrogen (as N),Total,,0.1,mg/l,False,0.1,,,Unknown,SNY001,Actual,SW,Water,,,Clayton,07060003,River/Stream,,42.96274242,-91.22931615
6,15220003,North Cedar Creek (NCC),01/17/1995 12:30:00,SNY319,NIT-AMM,Ammonia-nitrogen (as N),Total,,0.1,mg/l,False,0.1,,,Unknown,SNY001,Actual,SW,Water,,,Clayton,07060003,River/Stream,,42.96274242,-91.22931615
6,15220003,North Cedar Creek (NCC),02/14/1995 13:10:00,SNY319,NIT-AMM,Ammonia-nitrogen (as N),Total,,0.1,mg/l,False,0.1,,,Unknown,SNY001,Actual,SW,Water,,,Clayton,07060003,River/Stream,,42.96274242,-91.22931615
6,15220003,North Cedar Creek (NCC),01/24/1995 13:50:00,SNY319,NIT-AMM,Ammonia-nitrogen (as N),Total,,0.1,mg/l,False,0.1,,,Unknown,SNY001,Actual,SW,Water,,,Clayton,07060003,River/Stream,,42.96274242,-91.22931615
6,15220002,Bloody Run Creek at Spook Cave (BRSC),07/25/1995 14:15:00,SNY319,NIT-AMM,Ammonia-nitrogen (as N),Total,,0.1,mg/l,False,0.1,,,Unknown,SNY001,Actual,SW,Water,,,Clayton,07060001,River/Stream,,43.03326422,-91.30759437
6,15220003,North Cedar Creek (NCC),01/10/1995 13:40:00,SNY319,NIT-AMM,Ammonia-nitrogen (as N),Total,,0.1,mg/l,False,0.1,,,Unknown,SNY001,Actual,SW,Water,,,Clayton,07060003,River/Stream,,42.96274242,-91.22931615
6,15220002,Bloody Run Creek at Spook Cave (BRSC),08/29/1995 12:45:00,SNY319,NIT-AMM,Ammonia-nitrogen (as N),Total,,0.2,mg/l,True,0.1,,,Unknown,SNY001,Actual,SW,Water,,,Clayton,07060001,River/Stream,,43.03326422,-91.30759437
6,15220002,Bloody Run Creek at Spook Cave (BRSC),06/27/1995 12:25:00,SNY319,NIT-AMM,Ammonia-nitrogen (as N),Total,,0.1,mg/l,False,0.1,,,Unknown,SNY001,Actual,SW,Water,,,Clayton,07060001,River/Stream,,43.03326422,-91.30759437
6,15220002,Bloody Run Creek at Spook Cave (BRSC),02/28/1995 08:20:00,SNY319,NIT-AMM,Ammonia-nitrogen (as N),Total,,0.1,mg/l,False,0.1,,,Unknown,SNY001,Actual,SW,Water,,,Clayton,07060001,River/Stream,,43.03326422,-91.30759437
6,15220002,Bloody Run Creek at Spook Cave (BRSC),03/28/1995 10:45:00,SNY319,NIT-AMM,Ammonia-nitrogen (as N),Total,,0.2,mg/l,True,0.1,,,Unknown,SNY001,Actual,SW,Water,,,Clayton,07060001,River/Stream,,43.03326422,-91.30759437
6,15220002,Bloody Run Creek at Spook Cave (BRSC),01/31/1995 10:20:00,SNY319,NIT-AMM,Ammonia-nitrogen (as N),Total,,0.1,mg/l,False,0.1,,,Unknown,SNY001,Actual,SW,Water,,,Clayton,07060001,River/Stream,,43.03326422,-91.30759437
6,15220001,Bloody Run Creek Site #2 (BR02),09/12/1995 11:05:00,SNY319,NIT-AMM,Ammonia-nitrogen (as N),Total,,0.1,mg/l,False,0.1,,,Unknown,SNY001,Actual,SW,Water,,,Clayton,07060001,River/Stream,,43.03547975,-91.26682808
6,15220001,Bloody Run Creek Site #2 (BR02),09/05/1995 10:00:00,SNY319,NIT-AMM,Ammonia-nitrogen (as N),Total,,0.2,mg/l,True,0.1,,,Unknown,SNY001,Actual,SW,Water,,,Clayton,07060001,River/Stream,,43.03547975,-91.26682808
6,15220001,Bloody Run Creek Site #2 (BR02),08/29/1995 13:05:00,SNY319,NIT-AMM,Ammonia-nitrogen (as N),Total,,0.6,mg/l,True,0.1,,,Unknown,SNY001,Actual,SW,Water,,,Clayton,07060001,River/Stream,,43.03547975,-91.26682808
6,15220001,Bloody Run Creek Site #2 (BR02),08/08/1995 13:20:00,SNY319,NIT-AMM,Ammonia-nitrogen (as N),Total,,0.1,mg/l,True,0.1,,,Unknown,SNY001,Actual,SW,Water,,,Clayton,07060001,River/Stream,,43.03547975,-91.26682808
6,15220001,Bloody Run Creek Site #2 (BR02),08/01/1995 10:10:00,SNY319,NIT-AMM,Ammonia-nitrogen (as N),Total,,0.1,mg/l,True,0.1,,,Unknown,SNY001,Actual,SW,Water,,,Clayton,07060001,River/Stream,,43.03547975,-91.26682808
6,15220001,Bloody Run Creek Site #2 (BR02),06/27/1995 12:40:00,SNY319,NIT-AMM,Ammonia-nitrogen (as N),Total,,0.1,mg/l,False,0.1,,,Unknown,SNY001,Actual,SW,Water,,,Clayton,07060001,River/Stream,,43.03547975,-91.26682808
6,15220001,Bloody Run Creek Site #2 (BR02),05/23/1995 12:45:00,SNY319,NIT-AMM,Ammonia-nitrogen (as N),Total,,0.1,mg/l,True,0.1,,,Unknown,SNY001,Actual,SW,Water,,,Clayton,07060001,River/Stream,,43.03547975,-91.26682808
6,15220001,Bloody Run Creek Site #2 (BR02),07/25/1995 14:35:00,SNY319,NIT-AMM,Ammonia-nitrogen (as N),Total,,0.1,mg/l,False,0.1,,,Unknown,SNY001,Actual,SW,Water,,,Clayton,07060001,River/Stream,,43.03547975,-91.26682808
6,15220001,Bloody Run Creek Site #2 (BR02),05/16/1995 10:05:00,SNY319,NIT-AMM,Ammonia-nitrogen (as N),Total,,0.1,mg/l,False,0.1,,,Unknown,SNY001,Actual,SW,Water,,,Clayton,07060001,River/Stream,,43.03547975,-91.26682808
6,15220001,Bloody Run Creek Site #2 (BR02),06/20/1995 10:10:00,SNY319,NIT-AMM,Ammonia-nitrogen (as N),Total,,0.1,mg/l,False,0.1,,,Unknown,SNY001,Actual,SW,Water,,,Clayton,07060001,River/Stream,,43.03547975,-91.26682808
6,15220001,Bloody Run Creek Site #2 (BR02),04/18/1995 10:30:00,SNY319,NIT-AMM,Ammonia-nitrogen (as N),Total,,0.1,mg/l,False,0.1,,,Unknown,SNY001,Actual,SW,Water,,,Clayton,07060001,River/Stream,,43.03547975,-91.26682808
6,15220001,Bloody Run Creek Site #2 (BR02),04/11/1995 12:20:00,SNY319,NIT-AMM,Ammonia-nitrogen (as N),Total,,0.2,mg/l,True,0.1,,,Unknown,SNY001,Actual,SW,Water,,,Clayton,07060001,River/Stream,,43.03547975,-91.26682808
6,15220001,Bloody Run Creek Site #2 (BR02),03/21/1995 10:40:00,SNY319,NIT-AMM,Ammonia-nitrogen (as N),Total,,0.3,mg/l,True,0.1,,,Unknown,SNY001,Actual,SW,Water,,,Clayton,07060001,River/Stream,,43.03547975,-91.26682808
6,15220001,Bloody Run Creek Site #2 (BR02),03/14/1995 13:20:00,SNY319,NIT-AMM,Ammonia-nitrogen (as N),Total,,0.1,mg/l,True,0.1,,,Unknown,SNY001,Actual,SW,Water,,,Clayton,07060001,River/Stream,,43.03547975,-91.26682808
6,15220001,Bloody Run Creek Site #2 (BR02),03/07/1995 10:30:00,SNY319,NIT-AMM,Ammonia-nitrogen (as N),Total,,0.1,mg/l,False,0.1,,,Unknown,SNY001,Actual,SW,Water,,,Clayton,07060001,River/Stream,,43.03547975,-91.26682808
6,15220001,Bloody Run Creek Site #2 (BR02),01/31/1995 10:00:00,SNY319,NIT-AMM,Ammonia-nitrogen (as N),Total,,0.1,mg/l,False,0.1,,,Unknown,SNY001,Actual,SW,Water,,,Clayton,07060001,River/Stream,,43.03547975,-91.26682808
6,15220001,Bloody Run Creek Site #2 (BR02),02/07/1995 10:00:00,SNY319,NIT-AMM,Ammonia-nitrogen (as N),Total,,0.1,mg/l,True,0.1,,,Unknown,SNY001,Actual,SW,Water,,,Clayton,07060001,River/Stream,,43.03547975,-91.26682808
6,15220001,Bloody Run Creek Site #2 (BR02),02/14/1995 11:25:00,SNY319,NIT-AMM,Ammonia-nitrogen (as N),Total,,0.1,mg/l,False,0.1,,,Unknown,SNY001,Actual,SW,Water,,,Clayton,07060001,River/Stream,,43.03547975,-91.26682808
6,15220003,North Cedar Creek (NCC),12/27/1994 10:25:00,SNY319,NIT-AMM,Ammonia-nitrogen (as N),Total,,0.1,mg/l,False,0.1,,,Unknown,SNY001,Actual,SW,Water,,,Clayton,07060003,River/Stream,,42.96274242,-91.22931615
6,15220001,Bloody Run Creek Site #2 (BR02),01/03/1995 12:30:00,SNY319,NIT-AMM,Ammonia-nitrogen (as N),Total,,0.1,mg/l,False,0.1,,,Unknown,SNY001,Actual,SW,Water,,,Clayton,07060001,River/Stream,,43.03547975,-91.26682808
6,15220001,Bloody Run Creek Site #2 (BR02),01/10/1995 12:20:00,SNY319,NIT-AMM,Ammonia-nitrogen (as N),Total,,0.1,mg/l,False,0.1,,,Unknown,SNY001,Actual,SW,Water,,,Clayton,07060001,River/Stream,,43.03547975,-91.26682808
6,15220003,North Cedar Creek (NCC),12/06/1994 13:15:00,SNY319,NIT-AMM,Ammonia-nitrogen (as N),Total,,0.1,mg/l,False,0.1,,,Unknown,SNY001,Actual,SW,Water,,,Clayton,07060003,River/Stream,,42.96274242,-91.22931615
6,15220003,North Cedar Creek (NCC),11/29/1994 10:40:00,SNY319,NIT-AMM,Ammonia-nitrogen (as N),Total,,0.1,mg/l,False,0.1,,,Unknown,SNY001,Actual,SW,Water,,,Clayton,07060003,River/Stream,,42.96274242,-91.22931615
6,15220003,North Cedar Creek (NCC),11/22/1994 14:05:00,SNY319,NIT-AMM,Ammonia-nitrogen (as N),Total,,0.1,mg/l,True,0.1,,,Unknown,SNY001,Actual,SW,Water,,,Clayton,07060003,River/Stream,,42.96274242,-91.22931615
6,15220003,North Cedar Creek (NCC),11/01/1994 12:45:00,SNY319,NIT-AMM,Ammonia-nitrogen (as N),Total,,0.1,mg/l,False,0.1,,,Unknown,SNY001,Actual,SW,Water,,,Clayton,07060003,River/Stream,,42.96274242,-91.22931615
6,15220003,North Cedar Creek (NCC),10/25/1994 11:20:00,SNY319,NIT-AMM,Ammonia-nitrogen (as N),Total,,0.1,mg/l,True,0.1,,,Unknown,SNY001,Actual,SW,Water,,,Clayton,07060003,River/Stream,,42.96274242,-91.22931615
6,15220002,Bloody Run Creek at Spook Cave (BRSC),11/29/1994 09:40:00,SNY319,NIT-AMM,Ammonia-nitrogen (as N),Total,,0.1,mg/l,False,0.1,,,Unknown,SNY001,Actual,SW,Water,,,Clayton,07060001,River/Stream,,43.03326422,-91.30759437
6,15220002,Bloody Run Creek at Spook Cave (BRSC),12/27/1994 09:35:00,SNY319,NIT-AMM,Ammonia-nitrogen (as N),Total,,0.1,mg/l,False,0.1,,,Unknown,SNY001,Actual,SW,Water,,,Clayton,07060001,River/Stream,,43.03326422,-91.30759437
6,15220003,North Cedar Creek (NCC),10/18/1994 12:30:00,SNY319,NIT-AMM,Ammonia-nitrogen (as N),Total,,0.1,mg/l,False,0.1,,,Unknown,SNY001,Actual,SW,Water,,,Clayton,07060003,River/Stream,,42.96274242,-91.22931615
6,15220002,Bloody Run Creek at Spook Cave (BRSC),10/25/1994 12:55:00,SNY319,NIT-AMM,Ammonia-nitrogen (as N),Total,,0.1,mg/l,True,0.1,,,Unknown,SNY001,Actual,SW,Water,,,Clayton,07060001,River/Stream,,43.03326422,-91.30759437
6,15220001,Bloody Run Creek Site #2 (BR02),12/06/1994 10:50:00,SNY319,NIT-AMM,Ammonia-nitrogen (as N),Total,,0.1,mg/l,False,0.1,,,Unknown,SNY001,Actual,SW,Water,,,Clayton,07060001,River/Stream,,43.03547975,-91.26682808
6,15220001,Bloody Run Creek Site #2 (BR02),12/13/1994 13:00:00,SNY319,NIT-AMM,Ammonia-nitrogen (as N),Total,,0.1,mg/l,False,0.1,,,Unknown,SNY001,Actual,SW,Water,,,Clayton,07060001,River/Stream,,43.03547975,-91.26682808
6,15220001,Bloody Run Creek Site #2 (BR02),11/29/1994 09:50:00,SNY319,NIT-AMM,Ammonia-nitrogen (as N),Total,,0.1,mg/l,False,0.1,,,Unknown,SNY001,Actual,SW,Water,,,Clayton,07060001,River/Stream,,43.03547975,-91.26682808
6,15220001,Bloody Run Creek Site #2 (BR02),11/08/1994 14:30:00,SNY319,NIT-AMM,Ammonia-nitrogen (as N),Total,,0.1,mg/l,False,0.1,,,Unknown,SNY001,Actual,SW,Water,,,Clayton,07060001,River/Stream,,43.03547975,-91.26682808
6,15220001,Bloody Run Creek Site #2 (BR02),11/01/1994 11:00:00,SNY319,NIT-AMM,Ammonia-nitrogen (as N),Total,,0.1,mg/l,False,0.1,,,Unknown,SNY001,Actual,SW,Water,,,Clayton,07060001,River/Stream,,43.03547975,-91.26682808
6,15220001,Bloody Run Creek Site #2 (BR02),10/04/1994 16:00:00,SNY319,NIT-AMM,Ammonia-nitrogen (as N),Total,,0.1,mg/l,False,0.1,,,Unknown,SNY001,Actual,SW,Water,,,Clayton,07060001,River/Stream,,43.03547975,-91.26682808
6,15220001,Bloody Run Creek Site #2 (BR02),10/25/1994 12:35:00,SNY319,NIT-AMM,Ammonia-nitrogen (as N),Total,,0.1,mg/l,True,0.1,,,Unknown,SNY001,Actual,SW,Water,,,Clayton,07060001,River/Stream,,43.03547975,-91.26682808
6,15220003,North Cedar Creek (NCC),09/28/1994 10:40:00,SNY319,NIT-AMM,Ammonia-nitrogen (as N),Total,,0.1,mg/l,False,0.1,,,Unknown,SNY001,Actual,SW,Water,,,Clayton,07060003,River/Stream,,42.96274242,-91.22931615
6,15220003,North Cedar Creek (NCC),09/13/1994 11:45:00,SNY319,NIT-AMM,Ammonia-nitrogen (as N),Total,,0.1,mg/l,True,0.1,,,Unknown,SNY001,Actual,SW,Water,,,Clayton,07060003,River/Stream,,42.96274242,-91.22931615
6,15220003,North Cedar Creek (NCC),09/20/1994 12:20:00,SNY319,NIT-AMM,Ammonia-nitrogen (as N),Total,,0.1,mg/l,False,0.1,,,Unknown,SNY001,Actual,SW,Water,,,Clayton,07060003,River/Stream,,42.96274242,-91.22931615
6,15220002,Bloody Run Creek at Spook Cave (BRSC),09/28/1994 08:05:00,SNY319,NIT-AMM,Ammonia-nitrogen (as N),Total,,0.2,mg/l,True,0.1,,,Unknown,SNY001,Actual,SW,Water,,,Clayton,07060001,River/Stream,,43.03326422,-91.30759437
6,15220001,Bloody Run Creek Site #2 (BR02),08/30/1994 09:45:00,SNY319,NIT-AMM,Ammonia-nitrogen (as N),Total,,0.1,mg/l,True,0.1,,,Unknown,SNY001,Actual,SW,Water,,,Clayton,07060001,River/Stream,,43.03547975,-91.26682808
6,15220001,Bloody Run Creek Site #2 (BR02),09/06/1994 15:00:00,SNY319,NIT-AMM,Ammonia-nitrogen (as N),Total,,0.1,mg/l,False,0.1,,,Unknown,SNY001,Actual,SW,Water,,,Clayton,07060001,River/Stream,,43.03547975,-91.26682808
6,11220012,Peck Creek near Osterdock (Site 326),04/10/2013 10:40:00,TURKEYR,NIT-AMM,Ammonia-nitrogen (AS N),Total,,0.09,mg/l,True,0.05,,,LAC10-107-06-1J,UHL001,Actual,SW,Water,,,Clayton,07060004,River/Stream,,42.723821,-91.144286
6,11220009,Bear Creek W of Elkport (37),05/01/2013 13:08:00,TURKEYR,NIT-AMM,Ammonia-nitrogen (AS N),Total,,0.05,mg/l,False,0.05,,,LAC10-107-06-1J,UHL001,Actual,SW,Water,,,Clayton,07060004,River/Stream,,42.7369562,-91.3245041
6,11220012,Peck Creek near Osterdock (Site 326),05/01/2013 13:00:00,TURKEYR,NIT-AMM,Ammonia-nitrogen (AS N),Total,,0.05,mg/l,False,0.05,,,LAC10-107-06-1J,UHL001,Actual,SW,Water,,,Clayton,07060004,River/Stream,,42.723821,-91.144286
6,14000122,Silver Creek at Dove Ave (SIL50),05/01/2013 08:20:00,TURKEYR,NIT-AMM,Ammonia-nitrogen (AS N),Total,,0.05,mg/l,False,0.05,,,LAC10-107-06-1J,UHL001,Actual,SW,Water,,,Clayton,07060004,River/Stream,,43.017,-91.469
6,15220001,Bloody Run Creek Site #2 (BR02),08/16/1994 12:45:00,SNY319,NIT-AMM,Ammonia-nitrogen (as N),Total,,0.1,mg/l,True,0.1,,,Unknown,SNY001,Actual,SW,Water,,,Clayton,07060001,River/Stream,,43.03547975,-91.26682808
6,15220001,Bloody Run Creek Site #2 (BR02),08/23/1994 12:45:00,SNY319,NIT-AMM,Ammonia-nitrogen (as N),Total,,0.1,mg/l,True,0.1,,,Unknown,SNY001,Actual,SW,Water,,,Clayton,07060001,River/Stream,,43.03547975,-91.26682808
6,11220009,Bear Creek W of Elkport (37),08/01/2012 07:14:00,TURKEYR,NIT-AMM,Ammonia-nitrogen (as N),Total,,0.05,mg/l,False,0.05,,,LAC10-107-06-1J,IGS-GRAB,Actual,SW,Water,,,Clayton,07060004,River/Stream,,42.7369562,-91.3245041
6,11220009,Bear Creek W of Elkport (37),10/03/2012 11:00:00,TURKEYR,NIT-AMM,Ammonia-nitrogen (as N),Total,,0.05,mg/l,False,0.05,,,LAC10-107-06-1J,IGS-GRAB,Actual,SW,Water,,,Clayton,07060004,River/Stream,,42.7369562,-91.3245041
6,11220014,Silver Creek at 172nd St. (Site SC04/SiCr1),11/07/2012 12:00:00,TURKEYR,NIT-AMM,Ammonia-nitrogen (as N),Total,,0.05,mg/l,False,0.05,,,LAC10-107-06-1J,IGS-GRAB,Actual,SW,Water,,,Clayton,07060004,River/Stream,,42.973151,-91.441907
6,11220012,Peck Creek near Osterdock (Site 326),11/07/2012 15:45:00,TURKEYR,NIT-AMM,Ammonia-nitrogen (as N),Total,,0.05,mg/l,False,0.05,,,LAC10-107-06-1J,IGS-GRAB,Actual,SW,Water,,,Clayton,07060004,River/Stream,,42.723821,-91.144286
6,11220009,Bear Creek W of Elkport (37),06/05/2013 10:00:00,TURKEYR,NIT-AMM,Ammonia-nitrogen (AS N),Total,,0.05,mg/l,False,0.05,,,LAC10-107-06-1J,UHL001,Actual,SW,Water,,,Clayton,07060004,River/Stream,,42.7369562,-91.3245041
6,11220012,Peck Creek near Osterdock (Site 326),06/05/2013 10:10:00,TURKEYR,NIT-AMM,Ammonia-nitrogen (AS N),Total,,0.08,mg/l,True,0.05,,,LAC10-107-06-1J,UHL001,Actual,SW,Water,,,Clayton,07060004,River/Stream,,42.723821,-91.144286
6,11220014,Silver Creek at 172nd St. (Site SC04/SiCr1),06/05/2013 11:10:00,TURKEYR,NIT-AMM,Ammonia-nitrogen (AS N),Total,,0.14,mg/l,True,0.05,,,LAC10-107-06-1J,UHL001,Actual,SW,Water,,,Clayton,07060004,River/Stream,,42.973151,-91.441907
6,14000122,Silver Creek at Dove Ave (SIL50),06/05/2013 11:28:00,TURKEYR,NIT-AMM,Ammonia-nitrogen (AS N),Total,,0.08,mg/l,True,0.05,,,LAC10-107-06-1J,UHL001,Actual,SW,Water,,,Clayton,07060004,River/Stream,,43.017,-91.469
6,11220009,Bear Creek W of Elkport (37),07/10/2013 08:48:00,TURKEYR,NIT-AMM,Ammonia-nitrogen (AS N),Total,,0.14,mg/l,True,0.05,,,LAC10-107-06-1J,UHL001,Actual,SW,Water,,,Clayton,07060004,River/Stream,,42.7369562,-91.3245041
6,11220012,Peck Creek near Osterdock (Site 326),07/10/2013 11:20:00,TURKEYR,NIT-AMM,Ammonia-nitrogen (AS N),Total,,0.05,mg/l,False,0.05,,,LAC10-107-06-1J,UHL001,Actual,SW,Water,,,Clayton,07060004,River/Stream,,42.723821,-91.144286
6,11220014,Silver Creek at 172nd St. (Site SC04/SiCr1),07/10/2013 11:10:00,TURKEYR,NIT-AMM,Ammonia-nitrogen (AS N),Total,,0.05,mg/l,False,0.05,,,LAC10-107-06-1J,UHL001,Actual,SW,Water,,,Clayton,07060004,River/Stream,,42.973151,-91.441907
6,14000122,Silver Creek at Dove Ave (SIL50),07/10/2013 10:35:00,TURKEYR,NIT-AMM,Ammonia-nitrogen (AS N),Total,,0.05,mg/l,False,0.05,,,LAC10-107-06-1J,UHL001,Actual,SW,Water,,,Clayton,07060004,River/Stream,,43.017,-91.469
6,11220009,Bear Creek W of Elkport (37),08/07/2013 11:13:00,TURKEYR,NIT-AMM,Ammonia-nitrogen (AS N),Total,,0.05,mg/l,False,0.05,,,LAC10-107-06-1J,UHL001,Actual,SW,Water,,,Clayton,07060004,River/Stream,,42.7369562,-91.3245041
6,11220014,Silver Creek at 172nd St. (Site SC04/SiCr1),08/07/2013 08:45:00,TURKEYR,NIT-AMM,Ammonia-nitrogen (AS N),Total,,0.07,mg/l,True,0.05,,,LAC10-107-06-1J,UHL001,Actual,SW,Water,,,Clayton,07060004,River/Stream,,42.973151,-91.441907
6,14000122,Silver Creek at Dove Ave (SIL50),08/07/2013 09:00:00,TURKEYR,NIT-AMM,Ammonia-nitrogen (AS N),Total,,0.05,mg/l,False,0.05,,,LAC10-107-06-1J,UHL001,Actual,SW,Water,,,Clayton,07060004,River/Stream,,43.017,-91.469
6,11220009,Bear Creek W of Elkport (37),08/07/2013 09:30:00,TURKEYR,NIT-AMM,Ammonia-nitrogen (AS N),Total,,0.05,mg/l,False,0.05,,,LAC10-107-06-1J,UHL001,Actual,SW,Water,,,Clayton,07060004,River/Stream,,42.7369562,-91.3245041
6,11220012,Peck Creek near Osterdock (Site 326),09/04/2013 14:00:00,TURKEYR,NIT-AMM,Ammonia-nitrogen (AS N),Total,,0.05,mg/l,False,0.05,,,LAC10-107-06-1J,UHL001,Actual,SW,Water,,,Clayton,07060004,River/Stream,,42.723821,-91.144286
6,14000122,Silver Creek at Dove Ave (SIL50),09/04/2013 09:00:00,TURKEYR,NIT-AMM,Ammonia-nitrogen (AS N),Total,,0.05,mg/l,False,0.05,,,LAC10-107-06-1J,UHL001,Actual,SW,Water,,,Clayton,07060004,River/Stream,,43.017,-91.469
6,11220009,Bear Creek W of Elkport (37),10/16/2013 09:40:00,TURKEYR,NIT-AMM,Ammonia-nitrogen (AS N),Total,,0.05,mg/l,False,0.05,,,LAC10-107-06-1J,UHL001,Actual,SW,Water,,,Clayton,07060004,River/Stream,,42.7369562,-91.3245041
6,11220012,Peck Creek near Osterdock (Site 326),10/16/2013 10:35:00,TURKEYR,NIT-AMM,Ammonia-nitrogen (AS N),Total,,0.05,mg/l,False,0.05,,,LAC10-107-06-1J,UHL001,Actual,SW,Water,,,Clayton,07060004,River/Stream,,42.723821,-91.144286
6,11220009,Bear Creek W of Elkport (37),11/06/2013 11:17:00,TURKEYR,NIT-AMM,Ammonia-nitrogen (AS N),Total,,0.05,mg/l,False,0.05,,,LAC10-107-06-1J,UHL001,Actual,SW,Water,,,Clayton,07060004,River/Stream,,42.7369562,-91.3245041
6,11220014,Silver Creek at 172nd St. (Site SC04/SiCr1),11/06/2013 08:30:00,TURKEYR,NIT-AMM,Ammonia-nitrogen (AS N),Total,,0.13,mg/l,True,0.05,,,LAC10-107-06-1J,UHL001,Actual,SW,Water,,,Clayton,07060004,River/Stream,,42.973151,-91.441907
6,14000122,Silver Creek at Dove Ave (SIL50),11/06/2013 08:45:00,TURKEYR,NIT-AMM,Ammonia-nitrogen (AS N),Total,,0.35,mg/l,True,0.05,,,LAC10-107-06-1J,UHL001,Actual,SW,Water,,,Clayton,07060004,River/Stream,,43.017,-91.469
6,12220011,Buck Creek-Garnavillo (S.E. near Ceres),09/20/2011 10:30:00,AMBBIO,NIT-AMM,Ammonia-nitrogen (as N),Total,,0.05,mg/l,False,0.05,,,LAC10-107-06-1J,UHL001,Actual,SW,Water,,,Clayton,07060003,River/Stream,,42.8418987,-91.1678821
6,11220009,Bear Creek W of Elkport (37),05/02/2012 11:17:00,TURKEYR,NIT-AMM,Ammonia-nitrogen (as N),Total,,0.06,mg/l,True,0.05,,,LAC10-107-06-1J,IGS-GRAB,Actual,SW,Water,,,Clayton,07060004,River/Stream,,42.7369562,-91.3245041
6,11220009,Bear Creek W of Elkport (37),07/02/2012 09:20:00,TURKEYR,NIT-AMM,Ammonia-nitrogen (as N),Total,,0.08,mg/l,True,0.05,,,LAC10-107-06-1J,IGS-GRAB,Actual,SW,Water,,,Clayton,07060004,River/Stream,,42.7369562,-91.3245041
6,11220014,Silver Creek at 172nd St. (Site SC04/SiCr1),06/06/2012 14:06:00,TURKEYR,NIT-AMM,Ammonia-nitrogen (as N),Total,,0.15,mg/l,True,0.05,,,LAC10-107-06-1J,IGS-GRAB,Actual,SW,Water,,,Clayton,07060004,River/Stream,,42.973151,-91.441907
6,11220009,Bear Creek W of Elkport (37),09/05/2012 10:12:00,TURKEYR,NIT-AMM,Ammonia-nitrogen (as N),Total,,0.17,mg/l,True,0.05,,,LAC10-107-06-1J,IGS-GRAB,Actual,SW,Water,,,Clayton,07060004,River/Stream,,42.7369562,-91.3245041
6,11220009,Bear Creek W of Elkport (37),04/04/2012 11:05:00,TURKEYR,NIT-AMM,Ammonia-nitrogen (as N),Total,,0.05,mg/l,False,0.05,,,LAC10-107-06-1J,IGS-GRAB,Actual,SW,Water,,,Clayton,07060004,River/Stream,,42.7369562,-91.3245041
6,11220012,Peck Creek near Osterdock (Site 326),06/06/2012 13:20:00,TURKEYR,NIT-AMM,Ammonia-nitrogen (as N),Total,,0.05,mg/l,False,0.05,,,LAC10-107-06-1J,IGS-GRAB,Actual,SW,Water,,,Clayton,07060004,River/Stream,,42.723821,-91.144286
6,11220012,Peck Creek near Osterdock (Site 326),07/02/2012 11:00:00,TURKEYR,NIT-AMM,Ammonia-nitrogen (as N),Total,,0.05,mg/l,False,0.05,,,LAC10-107-06-1J,IGS-GRAB,Actual,SW,Water,,,Clayton,07060004,River/Stream,,42.723821,-91.144286
6,12220011,Buck Creek-Garnavillo (S.E. near Ceres),08/11/2011 10:45:00,AMBBIO,NIT-AMM,Ammonia-nitrogen (as N),Total,,0.05,mg/l,False,0.05,,,LAC10-107-06-1J,UHL001,Actual,SW,Water,,,Clayton,07060003,River/Stream,,42.8418987,-91.1678821
6,12220002,North Cedar Creek-Public Access Area- Sny Magill,08/11/2011 08:10:00,AMBBIO,NIT-AMM,Ammonia-nitrogen (as N),Total,,0.05,mg/l,False,0.05,,,LAC10-107-06-1J,UHL001,Actual,SW,Water,,,Clayton,07060003,River/Stream,,42.96248573,-91.22933069
6,12220001,Miners Creek-Guttenburg,07/19/2012 07:30:00,TMDL,NIT-AMM,Ammonia-nitrogen (as N),Total,,0.05,mg/l,False,0.05,,,LAC10-107-06-1J,UHL001,Actual,SW,Water,,,Clayton,07060004,River/Stream,,42.788189,-91.125629
6,11220012,Peck Creek near Osterdock (Site 326),06/01/2011 11:28:00,TURKEYR,NIT-AMM,Ammonia-nitrogen (as N),Total,,0.05,mg/l,True,0.05,,,350.1,IGS-GRAB,Actual,SW,Water,,,Clayton,07060004,River/Stream,,42.723821,-91.144286
6,11220013,Peck Creek near Osterdock (Site PeC2),10/24/2011 09:50:00,TMDL,NIT-AMM,Ammonia-nitrogen (as N),Total,,0.05,mg/l,False,0.05,,,350.1,UHL001,Actual,SW,Water,,,Clayton,07060004,River/Stream,,42.714055,-91.153443
6,11220012,Peck Creek near Osterdock (Site 326),05/04/2011 13:45:00,TURKEYR,NIT-AMM,Ammonia-nitrogen (as N),Total,,0.05,mg/l,False,0.05,,,350.1,IGS-GRAB,Actual,SW,Water,,,Clayton,07060004,River/Stream,,42.723821,-91.144286
6,11220023,Peck Creek at Osterdock (site pecr3),09/22/2011 09:15:00,TMDL,NIT-AMM,Ammonia-nitrogen (as N),Total,,0.05,mg/l,False,0.05,,,350.1,UHL001,Actual,SW,Water,,,Clayton,07060004,River/Stream,,42.695322,-91.166768
6,11220014,Silver Creek at 172nd St. (Site SC04/SiCr1),06/01/2011 08:45:00,TURKEYR,NIT-AMM,Ammonia-nitrogen (as N),Total,,0.26,mg/l,True,0.05,,,350.1,IGS-GRAB,Actual,SW,Water,,,Clayton,07060004,River/Stream,,42.973151,-91.441907
6,11220012,Peck Creek near Osterdock (Site 326),08/03/2011 11:30:00,TURKEYR,NIT-AMM,Ammonia-nitrogen (as N),Total,,0.12,mg/l,True,0.05,,,350.1,IGS-GRAB,Actual,SW,Water,,,Clayton,07060004,River/Stream,,42.723821,-91.144286
6,11220014,Silver Creek at 172nd St. (Site SC04/SiCr1),09/07/2011 08:45:00,TURKEYR,NIT-AMM,Ammonia-nitrogen (as N),Total,,0.05,mg/l,False,0.05,,,350.1,IGS-GRAB,Actual,SW,Water,,,Clayton,07060004,River/Stream,,42.973151,-91.441907
6,11220012,Peck Creek near Osterdock (Site 326),10/05/2011 12:00:00,TURKEYR,NIT-AMM,Ammonia-nitrogen (as N),Total,,0.1,mg/l,True,0.05,,,350.1,IGS-GRAB,Actual,SW,Water,,,Clayton,07060004,River/Stream,,42.723821,-91.144286
6,11220014,Silver Creek at 172nd St. (Site SC04/SiCr1),11/02/2011 12:50:00,TURKEYR,NIT-AMM,Ammonia-nitrogen (as N),Total,,0.05,mg/l,False,0.05,,,350.1,IGS-GRAB,Actual,SW,Water,,,Clayton,07060004,River/Stream,,42.973151,-91.441907
6,11220023,Peck Creek at Osterdock (site pecr3),09/07/2011 10:35:00,TMDL,NIT-AMM,Ammonia-nitrogen (as N),Total,,0.05,mg/l,False,0.05,,,350.1,UHL001,Actual,SW,Water,,,Clayton,07060004,River/Stream,,42.695322,-91.166768
6,11220013,Peck Creek near Osterdock (Site PeC2),08/24/2011 10:30:00,TMDL,NIT-AMM,Ammonia-nitrogen (as N),Total,,0.05,mg/l,False,0.05,,,350.1,UHL001,Actual,SW,Water,,,Clayton,07060004,River/Stream,,42.714055,-91.153443
6,11220013,Peck Creek near Osterdock (Site PeC2),09/07/2011 08:10:00,TMDL,NIT-AMM,Ammonia-nitrogen (as N),Total,,0.05,mg/l,False,0.05,,,350.1,UHL001,Actual,SW,Water,,,Clayton,07060004,River/Stream,,42.714055,-91.153443
6,11220013,Peck Creek near Osterdock (Site PeC2),07/22/2011 07:11:00,TMDL,NIT-AMM,Ammonia-nitrogen (as N),Total,,0.06,mg/l,True,0.05,,,350.1,UHL002,Actual,SW,Water,,,Clayton,07060004,River/Stream,,42.714055,-91.153443
6,11220013,Peck Creek near Osterdock (Site PeC2),08/08/2011 12:00:00,TMDL,NIT-AMM,Ammonia-nitrogen (as N),Total,,0.05,mg/l,False,0.05,,,350.1,UHL001,Actual,SW,Water,,,Clayton,07060004,River/Stream,,42.714055,-91.153443
6,11220013,Peck Creek near Osterdock (Site PeC2),07/22/2011 11:44:00,TMDL,NIT-AMM,Ammonia-nitrogen (as N),Total,,0.05,mg/l,False,0.05,,,350.1,UHL002,Actual,SW,Water,,,Clayton,07060004,River/Stream,,42.714055,-91.153443
6,11220023,Peck Creek at Osterdock (site pecr3),07/25/2011 11:20:00,TMDL,NIT-AMM,Ammonia-nitrogen (as N),Total,,0.05,mg/l,False,0.05,,,350.1,UHL001,Actual,SW,Water,,,Clayton,07060004,River/Stream,,42.695322,-91.166768
6,11220023,Peck Creek at Osterdock (site pecr3),07/11/2011 11:20:00,TMDL,NIT-AMM,Ammonia-nitrogen (as N),Total,,0.05,mg/l,False,0.05,,,350.1,UHL001,Actual,SW,Water,,,Clayton,07060004,River/Stream,,42.695322,-91.166768
6,11220023,Peck Creek at Osterdock (site pecr3),05/09/2011 08:45:00,TMDL,NIT-AMM,Ammonia-nitrogen (as N),Total,,0.05,mg/l,False,0.05,,,350.1,UHL001,Actual,SW,Water,,,Clayton,07060004,River/Stream,,42.695322,-91.166768
6,11220013,Peck Creek near Osterdock (Site PeC2),06/22/2011 11:15:00,TMDL,NIT-AMM,Ammonia-nitrogen (as N),Total,,0.05,mg/l,False,0.05,,,350.1,UHL001,Actual,SW,Water,,,Clayton,07060004,River/Stream,,42.714055,-91.153443
6,11220013,Peck Creek near Osterdock (Site PeC2),06/08/2011 08:45:00,TMDL,NIT-AMM,Ammonia-nitrogen (as N),Total,,0.05,mg/l,False,0.05,,,350.1,UHL001,Actual,SW,Water,,,Clayton,07060004,River/Stream,,42.714055,-91.153443
6,11220013,Peck Creek near Osterdock (Site PeC2),04/14/2011 10:30:00,TMDL,NIT-AMM,Ammonia-nitrogen (as N),Total,,0.05,mg/l,False,0.05,,,350.1,UHL001,Actual,SW,Water,,,Clayton,07060004,River/Stream,,42.714055,-91.153443
6,11220013,Peck Creek near Osterdock (Site PeC2),04/27/2011 13:15:00,TMDL,NIT-AMM,Ammonia-nitrogen (as N),Total,,0.05,mg/l,False,0.05,,,350.1,UHL001,Actual,SW,Water,,,Clayton,07060004,River/Stream,,42.714055,-91.153443
6,15220002,Bloody Run Creek at Spook Cave (BRSC),08/27/1996 12:00:00,SNY319,NIT-AMM,Ammonia-nitrogen (as N),Total,,0.1,mg/l,False,0.1,,,Unknown,SNY001,Actual,SW,Water,,,Clayton,07060001,River/Stream,,43.03326422,-91.30759437
6,15220002,Bloody Run Creek at Spook Cave (BRSC),04/30/1996 11:20:00,SNY319,NIT-AMM,Ammonia-nitrogen (as N),Total,,0.1,mg/l,False,0.1,,,Unknown,SNY001,Actual,SW,Water,,,Clayton,07060001,River/Stream,,43.03326422,-91.30759437
6,15220002,Bloody Run Creek at Spook Cave (BRSC),05/28/1996 11:40:00,SNY319,NIT-AMM,Ammonia-nitrogen (as N),Total,,0.8,mg/l,True,0.1,,,Unknown,SNY001,Actual,SW,Water,,,Clayton,07060001,River/Stream,,43.03326422,-91.30759437
6,11220016,Unnamed Trib. to Silver Creek at 145th St (Site SC06/SiCr3),06/29/2006 08:35:00,TMDL,NIT-AMM,Ammonia-nitrogen (as N),Total,,0.05,mg/l,False,0.05,,,350.1,UHL001,Actual,SW,Water,,,Clayton,07060004,River/Stream,,43.015393,-91.459197
6,11220013,Peck Creek near Osterdock (Site PeC2),08/10/2006 13:50:00,TMDL,NIT-AMM,Ammonia-nitrogen (as N),Total,,0.05,mg/l,False,0.05,,,350.1,UHL001,Actual,SW,Water,,,Clayton,07060004,River/Stream,,42.714055,-91.153443
6,15220002,Bloody Run Creek at Spook Cave (BRSC),03/26/1996 09:45:00,SNY319,NIT-AMM,Ammonia-nitrogen (as N),Total,,0.3,mg/l,True,0.1,,,Unknown,SNY001,Actual,SW,Water,,,Clayton,07060001,River/Stream,,43.03326422,-91.30759437
6,15220001,Bloody Run Creek Site #2 (BR02),09/24/1996 12:50:00,SNY319,NIT-AMM,Ammonia-nitrogen (as N),Total,,0.1,mg/l,False,0.1,,,Unknown,SNY001,Actual,SW,Water,,,Clayton,07060001,River/Stream,,43.03547975,-91.26682808
6,15220001,Bloody Run Creek Site #2 (BR02),09/17/1996 11:00:00,SNY319,NIT-AMM,Ammonia-nitrogen (as N),Total,,0.1,mg/l,False,0.1,,,Unknown,SNY001,Actual,SW,Water,,,Clayton,07060001,River/Stream,,43.03547975,-91.26682808
6,15220001,Bloody Run Creek Site #2 (BR02),09/10/1996 10:55:00,SNY319,NIT-AMM,Ammonia-nitrogen (as N),Total,,0.1,mg/l,False,0.1,,,Unknown,SNY001,Actual,SW,Water,,,Clayton,07060001,River/Stream,,43.03547975,-91.26682808
6,15220001,Bloody Run Creek Site #2 (BR02),08/20/1996 13:50:00,SNY319,NIT-AMM,Ammonia-nitrogen (as N),Total,,0.1,mg/l,False,0.1,,,Unknown,SNY001,Actual,SW,Water,,,Clayton,07060001,River/Stream,,43.03547975,-91.26682808
6,15220001,Bloody Run Creek Site #2 (BR02),08/13/1996 11:00:00,SNY319,NIT-AMM,Ammonia-nitrogen (as N),Total,,0.1,mg/l,False,0.1,,,Unknown,SNY001,Actual,SW,Water,,,Clayton,07060001,River/Stream,,43.03547975,-91.26682808
6,11220017,Silver Creek near Luana (Site SiCr4),02/14/2007 10:15:00,TMDL,NIT-AMM,Ammonia-nitrogen (as N),Total,,0.05,mg/l,False,0.05,,,350.1,UHL001,Actual,SW,Water,,,Clayton,07060004,River/Stream,,43.016854,-91.46942
6,11220018,Unnamed Tributary to Silver Creek near Luana (Site SiCr5),01/08/2007 10:30:00,TMDL,NIT-AMM,Ammonia-nitrogen (as N),Total,,4.1,mg/l,True,0.05,,,350.1,UHL001,Actual,SW,Water,,,Clayton,07060004,River/Stream,,43.042488,-91.441209
6,11220014,Silver Creek at 172nd St. (Site SC04/SiCr1),01/08/2007 11:30:00,TMDL,NIT-AMM,Ammonia-nitrogen (as N),Total,,0.17,mg/l,True,0.05,,,350.1,UHL001,Actual,SW,Water,,,Clayton,07060004,River/Stream,,42.973151,-91.441907
6,11220017,Silver Creek near Luana (Site SiCr4),09/06/2006 12:45:00,TMDL,NIT-AMM,Ammonia-nitrogen (as N),Total,,0.05,mg/l,False,0.05,,,350.1,UHL001,Actual,SW,Water,,,Clayton,07060004,River/Stream,,43.016854,-91.46942
6,11220017,Silver Creek near Luana (Site SiCr4),09/20/2006 11:25:00,TMDL,NIT-AMM,Ammonia-nitrogen (as N),Total,,0.05,mg/l,False,0.05,,,350.1,UHL001,Actual,SW,Water,,,Clayton,07060004,River/Stream,,43.016854,-91.46942
6,11220014,Silver Creek at 172nd St. (Site SC04/SiCr1),09/12/2006 04:55:00,TMDL,NIT-AMM,Ammonia-nitrogen (as N),Total,,0.56,mg/l,True,0.05,,,350.1,UHL001,Actual,SW,Water,,,Clayton,07060004,River/Stream,,42.973151,-91.441907
6,11220014,Silver Creek at 172nd St. (Site SC04/SiCr1),08/07/2006 08:00:00,TMDL,NIT-AMM,Ammonia-nitrogen (as N),Total,,3.6,mg/l,True,0.05,,,350.1,UHL001,Actual,SW,Water,,,Clayton,07060004,River/Stream,,42.973151,-91.441907
6,11220017,Silver Creek near Luana (Site SiCr4),08/07/2006 13:30:00,TMDL,NIT-AMM,Ammonia-nitrogen (as N),Total,,0.05,mg/l,False,0.05,,,350.1,UHL001,Actual,SW,Water,,,Clayton,07060004,River/Stream,,43.016854,-91.46942
6,15220001,Bloody Run Creek Site #2 (BR02),07/09/1996 11:35:00,SNY319,NIT-AMM,Ammonia-nitrogen (as N),Total,,0.1,mg/l,False,0.1,,,Unknown,SNY001,Actual,SW,Water,,,Clayton,07060001,River/Stream,,43.03547975,-91.26682808
6,15220001,Bloody Run Creek Site #2 (BR02),08/06/1996 10:30:00,SNY319,NIT-AMM,Ammonia-nitrogen (as N),Total,,0.1,mg/l,False,0.1,,,Unknown,SNY001,Actual,SW,Water,,,Clayton,07060001,River/Stream,,43.03547975,-91.26682808
6,15220001,Bloody Run Creek Site #2 (BR02),07/16/1996 10:30:00,SNY319,NIT-AMM,Ammonia-nitrogen (as N),Total,,2.8,mg/l,True,0.1,,,Unknown,SNY001,Actual,SW,Water,,,Clayton,07060001,River/Stream,,43.03547975,-91.26682808
6,15220001,Bloody Run Creek Site #2 (BR02),07/02/1996 10:30:00,SNY319,NIT-AMM,Ammonia-nitrogen (as N),Total,,0.1,mg/l,False,0.1,,,Unknown,SNY001,Actual,SW,Water,,,Clayton,07060001,River/Stream,,43.03547975,-91.26682808
6,15220001,Bloody Run Creek Site #2 (BR02),05/28/1996 12:00:00,SNY319,NIT-AMM,Ammonia-nitrogen (as N),Total,,0.3,mg/l,True,0.1,,,Unknown,SNY001,Actual,SW,Water,,,Clayton,07060001,River/Stream,,43.03547975,-91.26682808
6,15220001,Bloody Run Creek Site #2 (BR02),06/04/1996 12:10:00,SNY319,NIT-AMM,Ammonia-nitrogen (as N),Total,,0.1,mg/l,False,0.1,,,Unknown,SNY001,Actual,SW,Water,,,Clayton,07060001,River/Stream,,43.03547975,-91.26682808
6,15220001,Bloody Run Creek Site #2 (BR02),05/07/1996 12:00:00,SNY319,NIT-AMM,Ammonia-nitrogen (as N),Total,,0.1,mg/l,False,0.1,,,Unknown,SNY001,Actual,SW,Water,,,Clayton,07060001,River/Stream,,43.03547975,-91.26682808
6,15220001,Bloody Run Creek Site #2 (BR02),04/23/1996 13:10:00,SNY319,NIT-AMM,Ammonia-nitrogen (as N),Total,,0.1,mg/l,False,0.1,,,Unknown,SNY001,Actual,SW,Water,,,Clayton,07060001,River/Stream,,43.03547975,-91.26682808
6,15220001,Bloody Run Creek Site #2 (BR02),04/30/1996 11:40:00,SNY319,NIT-AMM,Ammonia-nitrogen (as N),Total,,0.1,mg/l,False,0.1,,,Unknown,SNY001,Actual,SW,Water,,,Clayton,07060001,River/Stream,,43.03547975,-91.26682808
6,15220001,Bloody Run Creek Site #2 (BR02),04/02/1996 10:05:00,SNY319,NIT-AMM,Ammonia-nitrogen (as N),Total,,0.1,mg/l,False,0.1,,,Unknown,SNY001,Actual,SW,Water,,,Clayton,07060001,River/Stream,,43.03547975,-91.26682808
6,15220001,Bloody Run Creek Site #2 (BR02),03/26/1996 09:05:00,SNY319,NIT-AMM,Ammonia-nitrogen (as N),Total,,0.1,mg/l,True,0.1,,,Unknown,SNY001,Actual,SW,Water,,,Clayton,07060001,River/Stream,,43.03547975,-91.26682808
6,15220001,Bloody Run Creek Site #2 (BR02),03/19/1996 10:10:00,SNY319,NIT-AMM,Ammonia-nitrogen (as N),Total,,0.1,mg/l,False,0.1,,,Unknown,SNY001,Actual,SW,Water,,,Clayton,07060001,River/Stream,,43.03547975,-91.26682808
6,15220002,Bloody Run Creek at Spook Cave (BRSC),12/26/1995 11:45:00,SNY319,NIT-AMM,Ammonia-nitrogen (as N),Total,,0.1,mg/l,False,0.1,,,Unknown,SNY001,Actual,SW,Water,,,Clayton,07060001,River/Stream,,43.03326422,-91.30759437
6,15220001,Bloody Run Creek Site #2 (BR02),02/20/1996 12:00:00,SNY319,NIT-AMM,Ammonia-nitrogen (as N),Total,,2.4,mg/l,True,0.1,,,Unknown,SNY001,Actual,SW,Water,,,Clayton,07060001,River/Stream,,43.03547975,-91.26682808
6,15220001,Bloody Run Creek Site #2 (BR02),02/13/1996 12:05:00,SNY319,NIT-AMM,Ammonia-nitrogen (as N),Total,,0.6,mg/l,True,0.1,,,Unknown,SNY001,Actual,SW,Water,,,Clayton,07060001,River/Stream,,43.03547975,-91.26682808
6,15220001,Bloody Run Creek Site #2 (BR02),01/16/1996 11:30:00,SNY319,NIT-AMM,Ammonia-nitrogen (as N),Total,,0.1,mg/l,True,0.1,,,Unknown,SNY001,Actual,SW,Water,,,Clayton,07060001,River/Stream,,43.03547975,-91.26682808
6,15220001,Bloody Run Creek Site #2 (BR02),01/09/1996 13:10:00,SNY319,NIT-AMM,Ammonia-nitrogen (as N),Total,,0.1,mg/l,False,0.1,,,Unknown,SNY001,Actual,SW,Water,,,Clayton,07060001,River/Stream,,43.03547975,-91.26682808
6,15220001,Bloody Run Creek Site #2 (BR02),12/19/1995 12:00:00,SNY319,NIT-AMM,Ammonia-nitrogen (as N),Total,,0.1,mg/l,False,0.1,,,Unknown,SNY001,Actual,SW,Water,,,Clayton,07060001,River/Stream,,43.03547975,-91.26682808
6,15220001,Bloody Run Creek Site #2 (BR02),12/12/1995 12:10:00,SNY319,NIT-AMM,Ammonia-nitrogen (as N),Total,,0.1,mg/l,False,0.1,,,Unknown,SNY001,Actual,SW,Water,,,Clayton,07060001,River/Stream,,43.03547975,-91.26682808
6,11220013,Peck Creek near Osterdock (Site PeC2),03/30/2011 08:50:00,TMDL,NIT-AMM,Ammonia-nitrogen (as N),Total,,0.05,mg/l,False,0.05,,,350.1,UHL001,Actual,SW,Water,,,Clayton,07060004,River/Stream,,42.714055,-91.153443
6,11220014,Silver Creek at 172nd St. (Site SC04/SiCr1),10/07/2008 08:40:00,TMDL,NIT-AMM,Ammonia-nitrogen (as N),Total,,0.05,mg/l,False,0.05,,,350.1,UHL001,Actual,SW,Water,,,Clayton,07060004,River/Stream,,42.973151,-91.441907
6,11220018,Unnamed Tributary to Silver Creek near Luana (Site SiCr5),10/07/2008 10:00:00,TMDL,NIT-AMM,Ammonia-nitrogen (as N),Total,,3.7,mg/l,True,0.05,,,350.1,UHL001,Actual,SW,Water,,,Clayton,07060004,River/Stream,,43.042488,-91.441209
6,11220014,Silver Creek at 172nd St. (Site SC04/SiCr1),09/24/2008 11:00:00,TMDL,NIT-AMM,Ammonia-nitrogen (as N),Total,,0.05,mg/l,False,0.05,,,350.1,UHL001,Actual,SW,Water,,,Clayton,07060004,River/Stream,,42.973151,-91.441907
6,11220021,Creamery Effluent at Highway 52 near Luana,09/24/2008 12:30:00,TMDL,NIT-AMM,Ammonia-nitrogen (as N),Total,,0.23,mg/l,True,0.05,,,350.1,UHL001,Actual,SW,Water,,,Clayton,07060004,River/Stream,,43.051165,-91.439633
6,11220021,Creamery Effluent at Highway 52 near Luana,08/27/2008 10:30:00,TMDL,NIT-AMM,Ammonia-nitrogen (as N),Total,,2.5,mg/l,True,0.05,,,350.1,UHL001,Actual,SW,Water,,,Clayton,07060004,River/Stream,,43.051165,-91.439633
6,11220014,Silver Creek at 172nd St. (Site SC04/SiCr1),09/24/2008 10:00:00,TMDL,NIT-AMM,Ammonia-nitrogen (as N),Total,,0.05,mg/l,False,0.05,,,350.1,UHL001,Actual,SW,Water,,,Clayton,07060004,River/Stream,,42.973151,-91.441907
6,11220014,Silver Creek at 172nd St. (Site SC04/SiCr1),09/11/2008 09:10:00,TMDL,NIT-AMM,Ammonia-nitrogen (as N),Total,,0.05,mg/l,False,0.05,,,350.1,UHL001,Actual,SW,Water,,,Clayton,07060004,River/Stream,,42.973151,-91.441907
6,11220018,Unnamed Tributary to Silver Creek near Luana (Site SiCr5),09/11/2008 10:30:00,TMDL,NIT-AMM,Ammonia-nitrogen (as N),Total,,8,mg/l,True,0.05,,,350.1,UHL001,Actual,SW,Water,,,Clayton,07060004,River/Stream,,43.042488,-91.441209
6,11220021,Creamery Effluent at Highway 52 near Luana,09/11/2008 11:10:00,TMDL,NIT-AMM,Ammonia-nitrogen (as N),Total,,3.9,mg/l,True,0.05,,,350.1,UHL001,Actual,SW,Water,,,Clayton,07060004,River/Stream,,43.051165,-91.439633
6,11220022,Roberts Creek near Postville (site rob1),08/13/2008 08:50:00,TMDL,NIT-AMM,Ammonia-nitrogen (as N),Total,,0.05,mg/l,False,0.05,,,350.1,UHL001,Actual,SW,Water,,,Clayton,07060004,River/Stream,,43.051131,-91.555721
6,11220014,Silver Creek at 172nd St. (Site SC04/SiCr1),08/27/2008 08:25:00,TMDL,NIT-AMM,Ammonia-nitrogen (as N),Total,,0.05,mg/l,False,0.05,,,350.1,UHL001,Actual,SW,Water,,,Clayton,07060004,River/Stream,,42.973151,-91.441907
6,11220014,Silver Creek at 172nd St. (Site SC04/SiCr1),08/11/2008 08:30:00,TMDL,NIT-AMM,Ammonia-nitrogen (as N),Total,,0.05,mg/l,False,0.05,,,350.1,UHL001,Actual,SW,Water,,,Clayton,07060004,River/Stream,,42.973151,-91.441907
6,11220018,Unnamed Tributary to Silver Creek near Luana (Site SiCr5),08/11/2008 10:00:00,TMDL,NIT-AMM,Ammonia-nitrogen (as N),Total,,6.1,mg/l,True,0.05,,,350.1,UHL001,Actual,SW,Water,,,Clayton,07060004,River/Stream,,43.042488,-91.441209
6,11220018,Unnamed Tributary to Silver Creek near Luana (Site SiCr5),07/31/2008 10:10:00,TMDL,NIT-AMM,Ammonia-nitrogen (as N),Total,,4.8,mg/l,True,0.05,,,350.1,UHL001,Actual,SW,Water,,,Clayton,07060004,River/Stream,,43.042488,-91.441209
6,11220014,Silver Creek at 172nd St. (Site SC04/SiCr1),07/16/2008 11:50:00,TMDL,NIT-AMM,Ammonia-nitrogen (as N),Total,,0.89,mg/l,True,0.05,,,350.1,UHL001,Actual,SW,Water,,,Clayton,07060004,River/Stream,,42.973151,-91.441907
6,11220021,Creamery Effluent at Highway 52 near Luana,07/31/2008 10:30:00,TMDL,NIT-AMM,Ammonia-nitrogen (as N),Total,,0.97,mg/l,True,0.05,,,350.1,UHL001,Actual,SW,Water,,,Clayton,07060004,River/Stream,,43.051165,-91.439633
6,11220014,Silver Creek at 172nd St. (Site SC04/SiCr1),07/31/2008 09:50:00,TMDL,NIT-AMM,Ammonia-nitrogen (as N),Total,,0.05,mg/l,False,0.05,,,350.1,UHL001,Actual,SW,Water,,,Clayton,07060004,River/Stream,,42.973151,-91.441907
6,11220021,Creamery Effluent at Highway 52 near Luana,07/16/2008 11:00:00,TMDL,NIT-AMM,Ammonia-nitrogen (as N),Total,,5,mg/l,True,0.05,,,350.1,UHL001,Actual,SW,Water,,,Clayton,07060004,River/Stream,,43.051165,-91.439633
6,11220014,Silver Creek at 172nd St. (Site SC04/SiCr1),09/06/2007 10:30:00,TMDL,NIT-AMM,Ammonia-nitrogen (as N),Total,,0.06,mg/l,True,0.05,,,350.1,UHL001,Actual,SW,Water,,,Clayton,07060004,River/Stream,,42.973151,-91.441907
6,11220014,Silver Creek at 172nd St. (Site SC04/SiCr1),06/20/2007 11:30:00,TMDL,NIT-AMM,Ammonia-nitrogen (as N),Total,,0.15,mg/l,True,0.05,,,350.1,UHL001,Actual,SW,Water,,,Clayton,07060004,River/Stream,,42.973151,-91.441907
6,11220018,Unnamed Tributary to Silver Creek near Luana (Site SiCr5),06/20/2007 10:40:00,TMDL,NIT-AMM,Ammonia-nitrogen (as N),Total,,5,mg/l,True,0.05,,,350.1,UHL001,Actual,SW,Water,,,Clayton,07060004,River/Stream,,43.042488,-91.441209
6,11220018,Unnamed Tributary to Silver Creek near Luana (Site SiCr5),06/07/2007 10:45:00,TMDL,NIT-AMM,Ammonia-nitrogen (as N),Total,,1.7,mg/l,True,0.05,,,350.1,UHL001,Actual,SW,Water,,,Clayton,07060004,River/Stream,,43.042488,-91.441209
6,11220017,Silver Creek near Luana (Site SiCr4),04/17/2007 10:55:00,TMDL,NIT-AMM,Ammonia-nitrogen (as N),Total,,0.05,mg/l,False,0.05,,,350.1,UHL001,Actual,SW,Water,,,Clayton,07060004,River/Stream,,43.016854,-91.46942
6,11220018,Unnamed Tributary to Silver Creek near Luana (Site SiCr5),04/03/2007 10:30:00,TMDL,NIT-AMM,Ammonia-nitrogen (as N),Total,,0.15,mg/l,True,0.05,,,350.1,UHL001,Actual,SW,Water,,,Clayton,07060004,River/Stream,,43.042488,-91.441209
6,11220014,Silver Creek at 172nd St. (Site SC04/SiCr1),04/03/2007 09:00:00,TMDL,NIT-AMM,Ammonia-nitrogen (as N),Total,,0.47,mg/l,True,0.05,,,350.1,UHL001,Actual,SW,Water,,,Clayton,07060004,River/Stream,,42.973151,-91.441907
6,11220017,Silver Creek near Luana (Site SiCr4),03/21/2007 10:50:00,TMDL,NIT-AMM,Ammonia-nitrogen (as N),Total,,0.12,mg/l,True,0.05,,,350.1,UHL001,Actual,SW,Water,,,Clayton,07060004,River/Stream,,43.016854,-91.46942
6,11220017,Silver Creek near Luana (Site SiCr4),03/07/2007 11:00:00,TMDL,NIT-AMM,Ammonia-nitrogen (as N),Total,,0.05,mg/l,False,0.05,,,350.1,UHL001,Actual,SW,Water,,,Clayton,07060004,River/Stream,,43.016854,-91.46942
6,11220014,Silver Creek at 172nd St. (Site SC04/SiCr1),03/07/2007 11:15:00,TMDL,NIT-AMM,Ammonia-nitrogen (as N),Total,,0.92,mg/l,True,0.05,,,350.1,UHL001,Actual,SW,Water,,,Clayton,07060004,River/Stream,,42.973151,-91.441907
6,15220001,Bloody Run Creek Site #2 (BR02),11/14/1995 11:00:00,SNY319,NIT-AMM,Ammonia-nitrogen (as N),Total,,0.1,mg/l,False,0.1,,,Unknown,SNY001,Actual,SW,Water,,,Clayton,07060001,River/Stream,,43.03547975,-91.26682808
6,15220001,Bloody Run Creek Site #2 (BR02),11/07/1995 12:30:00,SNY319,NIT-AMM,Ammonia-nitrogen (as N),Total,,0.1,mg/l,False,0.1,,,Unknown,SNY001,Actual,SW,Water,,,Clayton,07060001,River/Stream,,43.03547975,-91.26682808
6,15220001,Bloody Run Creek Site #2 (BR02),10/03/1995 14:50:00,SNY319,NIT-AMM,Ammonia-nitrogen (as N),Total,,0.1,mg/l,False,0.1,,,Unknown,SNY001,Actual,SW,Water,,,Clayton,07060001,River/Stream,,43.03547975,-91.26682808
6,15220001,Bloody Run Creek Site #2 (BR02),10/10/1995 13:00:00,SNY319,NIT-AMM,Ammonia-nitrogen (as N),Total,,0.1,mg/l,False,0.1,,,Unknown,SNY001,Actual,SW,Water,,,Clayton,07060001,River/Stream,,43.03547975,-91.26682808
6,15220003,North Cedar Creek (NCC),08/13/1996 13:00:00,SNY319,NIT-AMM,Ammonia-nitrogen (as N),Total,,0.1,mg/l,False,0.1,,,Unknown,SNY001,Actual,SW,Water,,,Clayton,07060003,River/Stream,,42.96274242,-91.22931615
6,15220003,North Cedar Creek (NCC),08/20/1996 16:15:00,SNY319,NIT-AMM,Ammonia-nitrogen (as N),Total,,0.1,mg/l,False,0.1,,,Unknown,SNY001,Actual,SW,Water,,,Clayton,07060003,River/Stream,,42.96274242,-91.22931615
6,15220003,North Cedar Creek (NCC),09/10/1996 12:50:00,SNY319,NIT-AMM,Ammonia-nitrogen (as N),Total,,0.1,mg/l,False,0.1,,,Unknown,SNY001,Actual,SW,Water,,,Clayton,07060003,River/Stream,,42.96274242,-91.22931615
6,15220003,North Cedar Creek (NCC),07/16/1996 12:00:00,SNY319,NIT-AMM,Ammonia-nitrogen (as N),Total,,0.1,mg/l,False,0.1,,,Unknown,SNY001,Actual,SW,Water,,,Clayton,07060003,River/Stream,,42.96274242,-91.22931615
6,15220003,North Cedar Creek (NCC),06/04/1996 13:40:00,SNY319,NIT-AMM,Ammonia-nitrogen (as N),Total,,0.1,mg/l,False,0.1,,,Unknown,SNY001,Actual,SW,Water,,,Clayton,07060003,River/Stream,,42.96274242,-91.22931615
6,15220003,North Cedar Creek (NCC),06/11/1996 12:00:00,SNY319,NIT-AMM,Ammonia-nitrogen (as N),Total,,0.1,mg/l,False,0.1,,,Unknown,SNY001,Actual,SW,Water,,,Clayton,07060003,River/Stream,,42.96274242,-91.22931615
6,15220003,North Cedar Creek (NCC),07/09/1996 13:45:00,SNY319,NIT-AMM,Ammonia-nitrogen (as N),Total,,0.1,mg/l,False,0.1,,,Unknown,SNY001,Actual,SW,Water,,,Clayton,07060003,River/Stream,,42.96274242,-91.22931615
6,15220003,North Cedar Creek (NCC),05/28/1996 13:30:00,SNY319,NIT-AMM,Ammonia-nitrogen (as N),Total,,0.1,mg/l,False,0.1,,,Unknown,SNY001,Actual,SW,Water,,,Clayton,07060003,River/Stream,,42.96274242,-91.22931615
6,15220003,North Cedar Creek (NCC),05/07/1996 13:45:00,SNY319,NIT-AMM,Ammonia-nitrogen (as N),Total,,0.1,mg/l,False,0.1,,,Unknown,SNY001,Actual,SW,Water,,,Clayton,07060003,River/Stream,,42.96274242,-91.22931615
6,15220003,North Cedar Creek (NCC),04/02/1996 11:30:00,SNY319,NIT-AMM,Ammonia-nitrogen (as N),Total,,0.1,mg/l,False,0.1,,,Unknown,SNY001,Actual,SW,Water,,,Clayton,07060003,River/Stream,,42.96274242,-91.22931615
6,15220003,North Cedar Creek (NCC),04/30/1996 13:15:00,SNY319,NIT-AMM,Ammonia-nitrogen (as N),Total,,0.1,mg/l,False,0.1,,,Unknown,SNY001,Actual,SW,Water,,,Clayton,07060003,River/Stream,,42.96274242,-91.22931615
6,15220003,North Cedar Creek (NCC),04/23/1996 11:25:00,SNY319,NIT-AMM,Ammonia-nitrogen (as N),Total,,0.1,mg/l,False,0.1,,,Unknown,SNY001,Actual,SW,Water,,,Clayton,07060003,River/Stream,,42.96274242,-91.22931615
6,15220003,North Cedar Creek (NCC),03/26/1996 12:30:00,SNY319,NIT-AMM,Ammonia-nitrogen (as N),Total,,0.1,mg/l,False,0.1,,,Unknown,SNY001,Actual,SW,Water,,,Clayton,07060003,River/Stream,,42.96274242,-91.22931615
6,15220003,North Cedar Creek (NCC),03/19/1996 11:45:00,SNY319,NIT-AMM,Ammonia-nitrogen (as N),Total,,0.1,mg/l,False,0.1,,,Unknown,SNY001,Actual,SW,Water,,,Clayton,07060003,River/Stream,,42.96274242,-91.22931615
6,15220003,North Cedar Creek (NCC),02/27/1996 13:50:00,SNY319,NIT-AMM,Ammonia-nitrogen (as N),Total,,0.1,mg/l,False,0.1,,,Unknown,SNY001,Actual,SW,Water,,,Clayton,07060003,River/Stream,,42.96274242,-91.22931615
6,15220003,North Cedar Creek (NCC),01/09/1996 14:50:00,SNY319,NIT-AMM,Ammonia-nitrogen (as N),Total,,0.1,mg/l,False,0.1,,,Unknown,SNY001,Actual,SW,Water,,,Clayton,07060003,River/Stream,,42.96274242,-91.22931615
6,15220003,North Cedar Creek (NCC),02/20/1996 10:50:00,SNY319,NIT-AMM,Ammonia-nitrogen (as N),Total,,0.1,mg/l,True,0.1,,,Unknown,SNY001,Actual,SW,Water,,,Clayton,07060003,River/Stream,,42.96274242,-91.22931615
6,15220003,North Cedar Creek (NCC),02/13/1996 13:40:00,SNY319,NIT-AMM,Ammonia-nitrogen (as N),Total,,0.1,mg/l,False,0.1,,,Unknown,SNY001,Actual,SW,Water,,,Clayton,07060003,River/Stream,,42.96274242,-91.22931615
6,15220003,North Cedar Creek (NCC),01/16/1996 12:45:00,SNY319,NIT-AMM,Ammonia-nitrogen (as N),Total,,0.1,mg/l,True,0.1,,,Unknown,SNY001,Actual,SW,Water,,,Clayton,07060003,River/Stream,,42.96274242,-91.22931615
6,15220003,North Cedar Creek (NCC),08/28/2001 14:10:00,SNY319,NIT-AMM,Ammonia-nitrogen (as N),Total,,0.01,mg/l,False,0.01,,,Unknown,SNY001,Actual,SW,Water,,,Clayton,07060003,River/Stream,,42.96274242,-91.22931615
6,15220003,North Cedar Creek (NCC),09/25/2001 14:15:00,SNY319,NIT-AMM,Ammonia-nitrogen (as N),Total,,0.05,mg/l,False,0.05,,,Unknown,SNY001,Actual,SW,Water,,,Clayton,07060003,River/Stream,,42.96274242,-91.22931615
6,15220003,North Cedar Creek (NCC),05/15/2001 12:00:00,SNY319,NIT-AMM,Ammonia-nitrogen (as N),Total,,0.1,mg/l,False,0.1,,,Unknown,SNY001,Actual,SW,Water,,,Clayton,07060003,River/Stream,,42.96274242,-91.22931615
6,15220003,North Cedar Creek (NCC),05/22/2001 13:10:00,SNY319,NIT-AMM,Ammonia-nitrogen (as N),Total,,0.2,mg/l,True,0.1,,,Unknown,SNY001,Actual,SW,Water,,,Clayton,07060003,River/Stream,,42.96274242,-91.22931615
6,15220003,North Cedar Creek (NCC),05/29/2001 12:55:00,SNY319,NIT-AMM,Ammonia-nitrogen (as N),Total,,0.1,mg/l,False,0.1,,,Unknown,SNY001,Actual,SW,Water,,,Clayton,07060003,River/Stream,,42.96274242,-91.22931615
6,15220003,North Cedar Creek (NCC),06/26/2001 12:55:00,SNY319,NIT-AMM,Ammonia-nitrogen (as N),Total,,0.1,mg/l,False,0.1,,,Unknown,SNY001,Actual,SW,Water,,,Clayton,07060003,River/Stream,,42.96274242,-91.22931615
6,15220003,North Cedar Creek (NCC),07/03/2001 11:50:00,SNY319,NIT-AMM,Ammonia-nitrogen (as N),Total,,0.1,mg/l,False,0.1,,,Unknown,SNY001,Actual,SW,Water,,,Clayton,07060003,River/Stream,,42.96274242,-91.22931615
6,15220003,North Cedar Creek (NCC),07/10/2001 12:05:00,SNY319,NIT-AMM,Ammonia-nitrogen (as N),Total,,0.1,mg/l,False,0.1,,,Unknown,SNY001,Actual,SW,Water,,,Clayton,07060003,River/Stream,,42.96274242,-91.22931615
6,15220003,North Cedar Creek (NCC),08/14/2001 14:15:00,SNY319,NIT-AMM,Ammonia-nitrogen (as N),Total,,0.1,mg/l,False,0.1,,,Unknown,SNY001,Actual,SW,Water,,,Clayton,07060003,River/Stream,,42.96274242,-91.22931615
6,15220003,North Cedar Creek (NCC),08/21/2001 11:55:00,SNY319,NIT-AMM,Ammonia-nitrogen (as N),Total,,0.02,mg/l,True,0.01,,,Unknown,SNY001,Actual,SW,Water,,,Clayton,07060003,River/Stream,,42.96274242,-91.22931615
6,15220001,Bloody Run Creek Site #2 (BR02),07/31/2001 12:55:00,SNY319,NIT-AMM,Ammonia-nitrogen (as N),Total,,0.1,mg/l,False,0.1,,,Unknown,SNY001,Actual,SW,Water,,,Clayton,07060001,River/Stream,,43.03547975,-91.26682808
6,15220001,Bloody Run Creek Site #2 (BR02),08/28/2001 12:30:00,SNY319,NIT-AMM,Ammonia-nitrogen (as N),Total,,0.01,mg/l,False,0.01,,,Unknown,SNY001,Actual,SW,Water,,,Clayton,07060001,River/Stream,,43.03547975,-91.26682808
6,15220001,Bloody Run Creek Site #2 (BR02),09/04/2001 10:45:00,SNY319,NIT-AMM,Ammonia-nitrogen (as N),Total,,0.01,mg/l,False,0.01,,,Unknown,SNY001,Actual,SW,Water,,,Clayton,07060001,River/Stream,,43.03547975,-91.26682808
6,15220001,Bloody Run Creek Site #2 (BR02),09/11/2001 12:10:00,SNY319,NIT-AMM,Ammonia-nitrogen (as N),Total,,0.01,mg/l,True,0.01,,,Unknown,SNY001,Actual,SW,Water,,,Clayton,07060001,River/Stream,,43.03547975,-91.26682808
6,15220002,Bloody Run Creek at Spook Cave (BRSC),03/27/2001 11:50:00,SNY319,NIT-AMM,Ammonia-nitrogen (as N),Total,,0.1,mg/l,False,0.1,,,Unknown,SNY001,Actual,SW,Water,,,Clayton,07060001,River/Stream,,43.03326422,-91.30759437
6,15220002,Bloody Run Creek at Spook Cave (BRSC),04/24/2001 13:20:00,SNY319,NIT-AMM,Ammonia-nitrogen (as N),Total,,0.1,mg/l,False,0.1,,,Unknown,SNY001,Actual,SW,Water,,,Clayton,07060001,River/Stream,,43.03326422,-91.30759437
6,15220002,Bloody Run Creek at Spook Cave (BRSC),05/29/2001 11:10:00,SNY319,NIT-AMM,Ammonia-nitrogen (as N),Total,,0.1,mg/l,False,0.1,,,Unknown,SNY001,Actual,SW,Water,,,Clayton,07060001,River/Stream,,43.03326422,-91.30759437
6,15220002,Bloody Run Creek at Spook Cave (BRSC),09/25/2001 11:55:00,SNY319,NIT-AMM,Ammonia-nitrogen (as N),Total,,0.05,mg/l,False,0.05,,,Unknown,SNY001,Actual,SW,Water,,,Clayton,07060001,River/Stream,,43.03326422,-91.30759437
6,15220003,North Cedar Creek (NCC),01/02/2001 13:40:00,SNY319,NIT-AMM,Ammonia-nitrogen (as N),Total,,0.1,mg/l,False,0.1,,,Unknown,SNY001,Actual,SW,Water,,,Clayton,07060003,River/Stream,,42.96274242,-91.22931615
6,15220003,North Cedar Creek (NCC),01/09/2001 12:40:00,SNY319,NIT-AMM,Ammonia-nitrogen (as N),Total,,0.1,mg/l,False,0.1,,,Unknown,SNY001,Actual,SW,Water,,,Clayton,07060003,River/Stream,,42.96274242,-91.22931615
6,15220003,North Cedar Creek (NCC),02/13/2001 13:20:00,SNY319,NIT-AMM,Ammonia-nitrogen (as N),Total,,0.1,mg/l,False,0.1,,,Unknown,SNY001,Actual,SW,Water,,,Clayton,07060003,River/Stream,,42.96274242,-91.22931615
6,15220003,North Cedar Creek (NCC),02/20/2001 13:15:00,SNY319,NIT-AMM,Ammonia-nitrogen (as N),Total,,0.1,mg/l,False,0.1,,,Unknown,SNY001,Actual,SW,Water,,,Clayton,07060003,River/Stream,,42.96274242,-91.22931615
6,15220003,North Cedar Creek (NCC),02/27/2001 14:40:00,SNY319,NIT-AMM,Ammonia-nitrogen (as N),Total,,0.1,mg/l,False,0.1,,,Unknown,SNY001,Actual,SW,Water,,,Clayton,07060003,River/Stream,,42.96274242,-91.22931615
6,15220003,North Cedar Creek (NCC),04/03/2001 13:40:00,SNY319,NIT-AMM,Ammonia-nitrogen (as N),Total,,0.1,mg/l,False,0.1,,,Unknown,SNY001,Actual,SW,Water,,,Clayton,07060003,River/Stream,,42.96274242,-91.22931615
6,15220003,North Cedar Creek (NCC),04/10/2001 13:55:00,SNY319,NIT-AMM,Ammonia-nitrogen (as N),Total,,0.1,mg/l,False,0.1,,,Unknown,SNY001,Actual,SW,Water,,,Clayton,07060003,River/Stream,,42.96274242,-91.22931615
6,15220003,North Cedar Creek (NCC),04/17/2001 13:35:00,SNY319,NIT-AMM,Ammonia-nitrogen (as N),Total,,0.1,mg/l,False,0.1,,,Unknown,SNY001,Actual,SW,Water,,,Clayton,07060003,River/Stream,,42.96274242,-91.22931615
6,15220001,Bloody Run Creek Site #2 (BR02),02/29/2000 12:10:00,SNY319,NIT-AMM,Ammonia-nitrogen (as N),Total,,0.1,mg/l,False,0.1,,,Unknown,SNY001,Actual,SW,Water,,,Clayton,07060001,River/Stream,,43.03547975,-91.26682808
6,15220001,Bloody Run Creek Site #2 (BR02),03/07/2000 10:50:00,SNY319,NIT-AMM,Ammonia-nitrogen (as N),Total,,0.1,mg/l,False,0.1,,,Unknown,SNY001,Actual,SW,Water,,,Clayton,07060001,River/Stream,,43.03547975,-91.26682808
6,15220001,Bloody Run Creek Site #2 (BR02),03/14/2000 11:50:00,SNY319,NIT-AMM,Ammonia-nitrogen (as N),Total,,0.1,mg/l,False,0.1,,,Unknown,SNY001,Actual,SW,Water,,,Clayton,07060001,River/Stream,,43.03547975,-91.26682808
6,15220001,Bloody Run Creek Site #2 (BR02),04/18/2000 11:00:00,SNY319,NIT-AMM,Ammonia-nitrogen (as N),Total,,0.1,mg/l,True,0.1,,,Unknown,SNY001,Actual,SW,Water,,,Clayton,07060001,River/Stream,,43.03547975,-91.26682808
6,15220001,Bloody Run Creek Site #2 (BR02),04/25/2000 12:45:00,SNY319,NIT-AMM,Ammonia-nitrogen (as N),Total,,0.1,mg/l,False,0.1,,,Unknown,SNY001,Actual,SW,Water,,,Clayton,07060001,River/Stream,,43.03547975,-91.26682808
6,15220001,Bloody Run Creek Site #2 (BR02),05/02/2000 12:00:00,SNY319,NIT-AMM,Ammonia-nitrogen (as N),Total,,0.1,mg/l,False,0.1,,,Unknown,SNY001,Actual,SW,Water,,,Clayton,07060001,River/Stream,,43.03547975,-91.26682808
6,15220001,Bloody Run Creek Site #2 (BR02),05/30/2000 13:05:00,SNY319,NIT-AMM,Ammonia-nitrogen (as N),Total,,0.1,mg/l,False,0.1,,,Unknown,SNY001,Actual,SW,Water,,,Clayton,07060001,River/Stream,,43.03547975,-91.26682808
6,15220001,Bloody Run Creek Site #2 (BR02),06/06/2000 11:00:00,SNY319,NIT-AMM,Ammonia-nitrogen (as N),Total,,0.1,mg/l,False,0.1,,,Unknown,SNY001,Actual,SW,Water,,,Clayton,07060001,River/Stream,,43.03547975,-91.26682808
6,15220001,Bloody Run Creek Site #2 (BR02),06/13/2000 12:10:00,SNY319,NIT-AMM,Ammonia-nitrogen (as N),Total,,0.1,mg/l,True,0.1,,,Unknown,SNY001,Actual,SW,Water,,,Clayton,07060001,River/Stream,,43.03547975,-91.26682808
6,15220001,Bloody Run Creek Site #2 (BR02),07/18/2000 11:50:00,SNY319,NIT-AMM,Ammonia-nitrogen (as N),Total,,0.1,mg/l,False,0.1,,,Unknown,SNY001,Actual,SW,Water,,,Clayton,07060001,River/Stream,,43.03547975,-91.26682808
6,15220001,Bloody Run Creek Site #2 (BR02),07/25/2000 11:45:00,SNY319,NIT-AMM,Ammonia-nitrogen (as N),Total,,0.1,mg/l,False,0.1,,,Unknown,SNY001,Actual,SW,Water,,,Clayton,07060001,River/Stream,,43.03547975,-91.26682808
6,15220001,Bloody Run Creek Site #2 (BR02),08/01/2000 12:45:00,SNY319,NIT-AMM,Ammonia-nitrogen (as N),Total,,0.1,mg/l,False,0.1,,,Unknown,SNY001,Actual,SW,Water,,,Clayton,07060001,River/Stream,,43.03547975,-91.26682808
6,15220001,Bloody Run Creek Site #2 (BR02),08/29/2000 12:40:00,SNY319,NIT-AMM,Ammonia-nitrogen (as N),Total,,0.1,mg/l,False,0.1,,,Unknown,SNY001,Actual,SW,Water,,,Clayton,07060001,River/Stream,,43.03547975,-91.26682808
6,15220001,Bloody Run Creek Site #2 (BR02),09/05/2000 11:05:00,SNY319,NIT-AMM,Ammonia-nitrogen (as N),Total,,0.1,mg/l,False,0.1,,,Unknown,SNY001,Actual,SW,Water,,,Clayton,07060001,River/Stream,,43.03547975,-91.26682808
6,15220001,Bloody Run Creek Site #2 (BR02),09/12/2000 11:45:00,SNY319,NIT-AMM,Ammonia-nitrogen (as N),Total,,0.1,mg/l,False,0.1,,,Unknown,SNY001,Actual,SW,Water,,,Clayton,07060001,River/Stream,,43.03547975,-91.26682808
6,15220002,Bloody Run Creek at Spook Cave (BRSC),03/28/2000 12:25:00,SNY319,NIT-AMM,Ammonia-nitrogen (as N),Total,,0.1,mg/l,False,0.1,,,Unknown,SNY001,Actual,SW,Water,,,Clayton,07060001,River/Stream,,43.03326422,-91.30759437
6,15220002,Bloody Run Creek at Spook Cave (BRSC),04/25/2000 12:20:00,SNY319,NIT-AMM,Ammonia-nitrogen (as N),Total,,0.1,mg/l,False,0.1,,,Unknown,SNY001,Actual,SW,Water,,,Clayton,07060001,River/Stream,,43.03326422,-91.30759437
6,15220002,Bloody Run Creek at Spook Cave (BRSC),05/30/2000 12:40:00,SNY319,NIT-AMM,Ammonia-nitrogen (as N),Total,,0.1,mg/l,False,0.1,,,Unknown,SNY001,Actual,SW,Water,,,Clayton,07060001,River/Stream,,43.03326422,-91.30759437
6,15220002,Bloody Run Creek at Spook Cave (BRSC),09/26/2000 12:10:00,SNY319,NIT-AMM,Ammonia-nitrogen (as N),Total,,0.1,mg/l,False,0.1,,,Unknown,SNY001,Actual,SW,Water,,,Clayton,07060001,River/Stream,,43.03326422,-91.30759437
6,15220003,North Cedar Creek (NCC),01/04/2000 12:55:00,SNY319,NIT-AMM,Ammonia-nitrogen (as N),Total,,0.1,mg/l,False,0.1,,,Unknown,SNY001,Actual,SW,Water,,,Clayton,07060003,River/Stream,,42.96274242,-91.22931615
6,15220003,North Cedar Creek (NCC),01/11/2000 14:45:00,SNY319,NIT-AMM,Ammonia-nitrogen (as N),Total,,0.1,mg/l,False,0.1,,,Unknown,SNY001,Actual,SW,Water,,,Clayton,07060003,River/Stream,,42.96274242,-91.22931615
6,15220003,North Cedar Creek (NCC),02/15/2000 13:35:00,SNY319,NIT-AMM,Ammonia-nitrogen (as N),Total,,0.1,mg/l,False,0.1,,,Unknown,SNY001,Actual,SW,Water,,,Clayton,07060003,River/Stream,,42.96274242,-91.22931615
6,15220003,North Cedar Creek (NCC),02/22/2000 14:10:00,SNY319,NIT-AMM,Ammonia-nitrogen (as N),Total,,0.1,mg/l,False,0.1,,,Unknown,SNY001,Actual,SW,Water,,,Clayton,07060003,River/Stream,,42.96274242,-91.22931615
6,15220003,North Cedar Creek (NCC),02/29/2000 15:05:00,SNY319,NIT-AMM,Ammonia-nitrogen (as N),Total,,0.1,mg/l,False,0.1,,,Unknown,SNY001,Actual,SW,Water,,,Clayton,07060003,River/Stream,,42.96274242,-91.22931615
6,15220003,North Cedar Creek (NCC),03/28/2000 15:10:00,SNY319,NIT-AMM,Ammonia-nitrogen (as N),Total,,0.1,mg/l,False,0.1,,,Unknown,SNY001,Actual,SW,Water,,,Clayton,07060003,River/Stream,,42.96274242,-91.22931615
6,15220003,North Cedar Creek (NCC),04/04/2000 13:10:00,SNY319,NIT-AMM,Ammonia-nitrogen (as N),Total,,0.1,mg/l,False,0.1,,,Unknown,SNY001,Actual,SW,Water,,,Clayton,07060003,River/Stream,,42.96274242,-91.22931615
6,15220003,North Cedar Creek (NCC),04/11/2000 14:30:00,SNY319,NIT-AMM,Ammonia-nitrogen (as N),Total,,0.3,mg/l,True,0.1,,,Unknown,SNY001,Actual,SW,Water,,,Clayton,07060003,River/Stream,,42.96274242,-91.22931615
6,15220003,North Cedar Creek (NCC),05/16/2000 12:40:00,SNY319,NIT-AMM,Ammonia-nitrogen (as N),Total,,0.1,mg/l,False,0.1,,,Unknown,SNY001,Actual,SW,Water,,,Clayton,07060003,River/Stream,,42.96274242,-91.22931615
6,15220003,North Cedar Creek (NCC),05/23/2000 13:40:00,SNY319,NIT-AMM,Ammonia-nitrogen (as N),Total,,0.1,mg/l,False,0.1,,,Unknown,SNY001,Actual,SW,Water,,,Clayton,07060003,River/Stream,,42.96274242,-91.22931615
6,15220003,North Cedar Creek (NCC),05/30/2000 15:20:00,SNY319,NIT-AMM,Ammonia-nitrogen (as N),Total,,0.1,mg/l,False,0.1,,,Unknown,SNY001,Actual,SW,Water,,,Clayton,07060003,River/Stream,,42.96274242,-91.22931615
6,15220003,North Cedar Creek (NCC),07/04/2000 13:25:00,SNY319,NIT-AMM,Ammonia-nitrogen (as N),Total,,0.1,mg/l,False,0.1,,,Unknown,SNY001,Actual,SW,Water,,,Clayton,07060003,River/Stream,,42.96274242,-91.22931615
6,15220003,North Cedar Creek (NCC),07/11/2000 12:50:00,SNY319,NIT-AMM,Ammonia-nitrogen (as N),Total,,0.1,mg/l,False,0.1,,,Unknown,SNY001,Actual,SW,Water,,,Clayton,07060003,River/Stream,,42.96274242,-91.22931615
6,15220003,North Cedar Creek (NCC),07/18/2000 13:30:00,SNY319,NIT-AMM,Ammonia-nitrogen (as N),Total,,0.1,mg/l,False,0.1,,,Unknown,SNY001,Actual,SW,Water,,,Clayton,07060003,River/Stream,,42.96274242,-91.22931615
6,15220003,North Cedar Creek (NCC),08/15/2000 13:50:00,SNY319,NIT-AMM,Ammonia-nitrogen (as N),Total,,0.1,mg/l,False,0.1,,,Unknown,SNY001,Actual,SW,Water,,,Clayton,07060003,River/Stream,,42.96274242,-91.22931615
6,15220003,North Cedar Creek (NCC),08/22/2000 12:50:00,SNY319,NIT-AMM,Ammonia-nitrogen (as N),Total,,0.1,mg/l,True,0.1,,,Unknown,SNY001,Actual,SW,Water,,,Clayton,07060003,River/Stream,,42.96274242,-91.22931615
6,15220003,North Cedar Creek (NCC),08/29/2000 15:00:00,SNY319,NIT-AMM,Ammonia-nitrogen (as N),Total,,0.1,mg/l,False,0.1,,,Unknown,SNY001,Actual,SW,Water,,,Clayton,07060003,River/Stream,,42.96274242,-91.22931615
6,15220003,North Cedar Creek (NCC),09/26/2000 15:15:00,SNY319,NIT-AMM,Ammonia-nitrogen (as N),Total,,0.1,mg/l,False,0.1,,,Unknown,SNY001,Actual,SW,Water,,,Clayton,07060003,River/Stream,,42.96274242,-91.22931615
6,15220001,Bloody Run Creek Site #2 (BR02),10/03/2000 11:30:00,SNY319,NIT-AMM,Ammonia-nitrogen (as N),Total,,0.1,mg/l,False,0.1,,,Unknown,SNY001,Actual,SW,Water,,,Clayton,07060001,River/Stream,,43.03547975,-91.26682808
6,15220001,Bloody Run Creek Site #2 (BR02),10/10/2000 11:30:00,SNY319,NIT-AMM,Ammonia-nitrogen (as N),Total,,0.1,mg/l,False,0.1,,,Unknown,SNY001,Actual,SW,Water,,,Clayton,07060001,River/Stream,,43.03547975,-91.26682808
6,15220001,Bloody Run Creek Site #2 (BR02),10/17/2000 11:20:00,SNY319,NIT-AMM,Ammonia-nitrogen (as N),Total,,0.1,mg/l,False,0.1,,,Unknown,SNY001,Actual,SW,Water,,,Clayton,07060001,River/Stream,,43.03547975,-91.26682808
6,15220001,Bloody Run Creek Site #2 (BR02),11/14/2000 11:25:00,SNY319,NIT-AMM,Ammonia-nitrogen (as N),Total,,0.1,mg/l,False,0.1,,,Unknown,SNY001,Actual,SW,Water,,,Clayton,07060001,River/Stream,,43.03547975,-91.26682808
6,15220001,Bloody Run Creek Site #2 (BR02),11/21/2000 11:55:00,SNY319,NIT-AMM,Ammonia-nitrogen (as N),Total,,0.1,mg/l,False,0.1,,,Unknown,SNY001,Actual,SW,Water,,,Clayton,07060001,River/Stream,,43.03547975,-91.26682808
6,15220001,Bloody Run Creek Site #2 (BR02),11/28/2000 12:20:00,SNY319,NIT-AMM,Ammonia-nitrogen (as N),Total,,0.1,mg/l,False,0.1,,,Unknown,SNY001,Actual,SW,Water,,,Clayton,07060001,River/Stream,,43.03547975,-91.26682808
6,15220001,Bloody Run Creek Site #2 (BR02),12/26/2000 09:25:00,SNY319,NIT-AMM,Ammonia-nitrogen (as N),Total,,0.1,mg/l,False,0.1,,,Unknown,SNY001,Actual,SW,Water,,,Clayton,07060001,River/Stream,,43.03547975,-91.26682808
6,15220002,Bloody Run Creek at Spook Cave (BRSC),10/31/2000 11:35:00,SNY319,NIT-AMM,Ammonia-nitrogen (as N),Total,,0.1,mg/l,False,0.1,,,Unknown,SNY001,Actual,SW,Water,,,Clayton,07060001,River/Stream,,43.03326422,-91.30759437
6,15220002,Bloody Run Creek at Spook Cave (BRSC),11/28/2000 12:00:00,SNY319,NIT-AMM,Ammonia-nitrogen (as N),Total,,0.1,mg/l,False,0.1,,,Unknown,SNY001,Actual,SW,Water,,,Clayton,07060001,River/Stream,,43.03326422,-91.30759437
6,15220003,North Cedar Creek (NCC),10/24/2000 13:45:00,SNY319,NIT-AMM,Ammonia-nitrogen (as N),Total,,0.1,mg/l,False,0.1,,,Unknown,SNY001,Actual,SW,Water,,,Clayton,07060003,River/Stream,,42.96274242,-91.22931615
6,15220003,North Cedar Creek (NCC),10/31/2000 13:45:00,SNY319,NIT-AMM,Ammonia-nitrogen (as N),Total,,0.1,mg/l,False,0.1,,,Unknown,SNY001,Actual,SW,Water,,,Clayton,07060003,River/Stream,,42.96274242,-91.22931615
6,15220003,North Cedar Creek (NCC),11/07/2000 13:30:00,SNY319,NIT-AMM,Ammonia-nitrogen (as N),Total,,0.1,mg/l,False,0.1,,,Unknown,SNY001,Actual,SW,Water,,,Clayton,07060003,River/Stream,,42.96274242,-91.22931615
6,15220003,North Cedar Creek (NCC),12/05/2000 13:20:00,SNY319,NIT-AMM,Ammonia-nitrogen (as N),Total,,0.1,mg/l,False,0.1,,,Unknown,SNY001,Actual,SW,Water,,,Clayton,07060003,River/Stream,,42.96274242,-91.22931615
6,15220003,North Cedar Creek (NCC),12/12/2000 13:25:00,SNY319,NIT-AMM,Ammonia-nitrogen (as N),Total,,0.1,mg/l,False,0.1,,,Unknown,SNY001,Actual,SW,Water,,,Clayton,07060003,River/Stream,,42.96274242,-91.22931615
6,15220003,North Cedar Creek (NCC),12/19/2000 14:40:00,SNY319,NIT-AMM,Ammonia-nitrogen (as N),Total,,0.1,mg/l,False,0.1,,,Unknown,SNY001,Actual,SW,Water,,,Clayton,07060003,River/Stream,,42.96274242,-91.22931615
6,15220001,Bloody Run Creek Site #2 (BR02),01/16/2001 11:15:00,SNY319,NIT-AMM,Ammonia-nitrogen (as N),Total,,0.1,mg/l,False,0.1,,,Unknown,SNY001,Actual,SW,Water,,,Clayton,07060001,River/Stream,,43.03547975,-91.26682808
6,15220001,Bloody Run Creek Site #2 (BR02),01/23/2001 11:25:00,SNY319,NIT-AMM,Ammonia-nitrogen (as N),Total,,0.1,mg/l,False,0.1,,,Unknown,SNY001,Actual,SW,Water,,,Clayton,07060001,River/Stream,,43.03547975,-91.26682808
6,15220001,Bloody Run Creek Site #2 (BR02),02/06/2001 11:20:00,SNY319,NIT-AMM,Ammonia-nitrogen (as N),Total,,0.1,mg/l,False,0.1,,,Unknown,SNY001,Actual,SW,Water,,,Clayton,07060001,River/Stream,,43.03547975,-91.26682808
6,15220001,Bloody Run Creek Site #2 (BR02),03/06/2001 11:25:00,SNY319,NIT-AMM,Ammonia-nitrogen (as N),Total,,0.1,mg/l,False,0.1,,,Unknown,SNY001,Actual,SW,Water,,,Clayton,07060001,River/Stream,,43.03547975,-91.26682808
6,15220001,Bloody Run Creek Site #2 (BR02),03/13/2001 11:05:00,SNY319,NIT-AMM,Ammonia-nitrogen (as N),Total,,0.1,mg/l,False,0.1,,,Unknown,SNY001,Actual,SW,Water,,,Clayton,07060001,River/Stream,,43.03547975,-91.26682808
6,15220001,Bloody Run Creek Site #2 (BR02),03/20/2001 12:00:00,SNY319,NIT-AMM,Ammonia-nitrogen (as N),Total,,0.1,mg/l,False,0.1,,,Unknown,SNY001,Actual,SW,Water,,,Clayton,07060001,River/Stream,,43.03547975,-91.26682808
6,15220001,Bloody Run Creek Site #2 (BR02),04/17/2001 11:50:00,SNY319,NIT-AMM,Ammonia-nitrogen (as N),Total,,0.1,mg/l,False,0.1,,,Unknown,SNY001,Actual,SW,Water,,,Clayton,07060001,River/Stream,,43.03547975,-91.26682808
6,15220001,Bloody Run Creek Site #2 (BR02),04/24/2001 13:55:00,SNY319,NIT-AMM,Ammonia-nitrogen (as N),Total,,0.1,mg/l,False,0.1,,,Unknown,SNY001,Actual,SW,Water,,,Clayton,07060001,River/Stream,,43.03547975,-91.26682808
6,15220001,Bloody Run Creek Site #2 (BR02),05/01/2001 11:00:00,SNY319,NIT-AMM,Ammonia-nitrogen (as N),Total,,0.1,mg/l,False,0.1,,,Unknown,SNY001,Actual,SW,Water,,,Clayton,07060001,River/Stream,,43.03547975,-91.26682808
6,15220001,Bloody Run Creek Site #2 (BR02),06/05/2001 11:20:00,SNY319,NIT-AMM,Ammonia-nitrogen (as N),Total,,0.1,mg/l,False,0.1,,,Unknown,SNY001,Actual,SW,Water,,,Clayton,07060001,River/Stream,,43.03547975,-91.26682808
6,15220001,Bloody Run Creek Site #2 (BR02),06/12/2001 10:50:00,SNY319,NIT-AMM,Ammonia-nitrogen (as N),Total,,0.4,mg/l,True,0.1,,,Unknown,SNY001,Actual,SW,Water,,,Clayton,07060001,River/Stream,,43.03547975,-91.26682808
6,15220001,Bloody Run Creek Site #2 (BR02),06/19/2001 11:20:00,SNY319,NIT-AMM,Ammonia-nitrogen (as N),Total,,0.1,mg/l,False,0.1,,,Unknown,SNY001,Actual,SW,Water,,,Clayton,07060001,River/Stream,,43.03547975,-91.26682808
6,15220001,Bloody Run Creek Site #2 (BR02),07/17/2001 11:20:00,SNY319,NIT-AMM,Ammonia-nitrogen (as N),Total,,0.1,mg/l,False,0.1,,,Unknown,SNY001,Actual,SW,Water,,,Clayton,07060001,River/Stream,,43.03547975,-91.26682808
6,15220001,Bloody Run Creek Site #2 (BR02),07/24/2001 11:10:00,SNY319,NIT-AMM,Ammonia-nitrogen (as N),Total,,0.1,mg/l,False,0.1,,,Unknown,SNY001,Actual,SW,Water,,,Clayton,07060001,River/Stream,,43.03547975,-91.26682808
6,15220003,North Cedar Creek (NCC),08/19/1997 12:30:00,SNY319,NIT-AMM,Ammonia-nitrogen (as N),Total,,0.1,mg/l,False,0.1,,,Unknown,SNY001,Actual,SW,Water,,,Clayton,07060003,River/Stream,,42.96274242,-91.22931615
6,15220003,North Cedar Creek (NCC),08/26/1997 13:05:00,SNY319,NIT-AMM,Ammonia-nitrogen (as N),Total,,0.1,mg/l,False,0.1,,,Unknown,SNY001,Actual,SW,Water,,,Clayton,07060003,River/Stream,,42.96274242,-91.22931615
6,15220003,North Cedar Creek (NCC),09/02/1997 12:30:00,SNY319,NIT-AMM,Ammonia-nitrogen (as N),Total,,0.1,mg/l,False,0.1,,,Unknown,SNY001,Actual,SW,Water,,,Clayton,07060003,River/Stream,,42.96274242,-91.22931615
6,15220001,Bloody Run Creek Site #2 (BR02),10/07/1997 10:30:00,SNY319,NIT-AMM,Ammonia-nitrogen (as N),Total,,0.1,mg/l,False,0.1,,,Unknown,SNY001,Actual,SW,Water,,,Clayton,07060001,River/Stream,,43.03547975,-91.26682808
6,15220001,Bloody Run Creek Site #2 (BR02),10/14/1997 11:25:00,SNY319,NIT-AMM,Ammonia-nitrogen (as N),Total,,0.1,mg/l,False,0.1,,,Unknown,SNY001,Actual,SW,Water,,,Clayton,07060001,River/Stream,,43.03547975,-91.26682808
6,15220001,Bloody Run Creek Site #2 (BR02),10/21/1997 12:45:00,SNY319,NIT-AMM,Ammonia-nitrogen (as N),Total,,0.1,mg/l,False,0.1,,,Unknown,SNY001,Actual,SW,Water,,,Clayton,07060001,River/Stream,,43.03547975,-91.26682808
6,15220001,Bloody Run Creek Site #2 (BR02),10/28/1997 10:05:00,SNY319,NIT-AMM,Ammonia-nitrogen (as N),Total,,0.1,mg/l,False,0.1,,,Unknown,SNY001,Actual,SW,Water,,,Clayton,07060001,River/Stream,,43.03547975,-91.26682808
6,15220001,Bloody Run Creek Site #2 (BR02),11/25/1997 11:50:00,SNY319,NIT-AMM,Ammonia-nitrogen (as N),Total,,0.1,mg/l,False,0.1,,,Unknown,SNY001,Actual,SW,Water,,,Clayton,07060001,River/Stream,,43.03547975,-91.26682808
6,15220001,Bloody Run Creek Site #2 (BR02),12/02/1997 10:30:00,SNY319,NIT-AMM,Ammonia-nitrogen (as N),Total,,0.1,mg/l,False,0.1,,,Unknown,SNY001,Actual,SW,Water,,,Clayton,07060001,River/Stream,,43.03547975,-91.26682808
6,15220001,Bloody Run Creek Site #2 (BR02),12/09/1997 11:40:00,SNY319,NIT-AMM,Ammonia-nitrogen (as N),Total,,0.1,mg/l,False,0.1,,,Unknown,SNY001,Actual,SW,Water,,,Clayton,07060001,River/Stream,,43.03547975,-91.26682808
6,15220002,Bloody Run Creek at Spook Cave (BRSC),11/25/1997 11:35:00,SNY319,NIT-AMM,Ammonia-nitrogen (as N),Total,,0.1,mg/l,True,0.1,,,Unknown,SNY001,Actual,SW,Water,,,Clayton,07060001,River/Stream,,43.03326422,-91.30759437
6,15220002,Bloody Run Creek at Spook Cave (BRSC),12/30/1997 12:00:00,SNY319,NIT-AMM,Ammonia-nitrogen (as N),Total,,0.1,mg/l,False,0.1,,,Unknown,SNY001,Actual,SW,Water,,,Clayton,07060001,River/Stream,,43.03326422,-91.30759437
6,15220003,North Cedar Creek (NCC),10/07/1997 12:00:00,SNY319,NIT-AMM,Ammonia-nitrogen (as N),Total,,0.1,mg/l,False,0.1,,,Unknown,SNY001,Actual,SW,Water,,,Clayton,07060003,River/Stream,,42.96274242,-91.22931615
6,15220003,North Cedar Creek (NCC),11/04/1997 12:00:00,SNY319,NIT-AMM,Ammonia-nitrogen (as N),Total,,0.1,mg/l,False,0.1,,,Unknown,SNY001,Actual,SW,Water,,,Clayton,07060003,River/Stream,,42.96274242,-91.22931615
6,15220003,North Cedar Creek (NCC),11/11/1997 12:10:00,SNY319,NIT-AMM,Ammonia-nitrogen (as N),Total,,0.1,mg/l,False,0.1,,,Unknown,SNY001,Actual,SW,Water,,,Clayton,07060003,River/Stream,,42.96274242,-91.22931615
6,15220003,North Cedar Creek (NCC),11/18/1997 12:30:00,SNY319,NIT-AMM,Ammonia-nitrogen (as N),Total,,0.1,mg/l,False,0.1,,,Unknown,SNY001,Actual,SW,Water,,,Clayton,07060003,River/Stream,,42.96274242,-91.22931615
6,15220003,North Cedar Creek (NCC),12/23/1997 12:55:00,SNY319,NIT-AMM,Ammonia-nitrogen (as N),Total,,0.1,mg/l,False,0.1,,,Unknown,SNY001,Actual,SW,Water,,,Clayton,07060003,River/Stream,,42.96274242,-91.22931615
6,15220003,North Cedar Creek (NCC),12/30/1997 14:15:00,SNY319,NIT-AMM,Ammonia-nitrogen (as N),Total,,0.1,mg/l,False,0.1,,,Unknown,SNY001,Actual,SW,Water,,,Clayton,07060003,River/Stream,,42.96274242,-91.22931615
6,15220001,Bloody Run Creek Site #2 (BR02),01/20/1998 10:30:00,SNY319,NIT-AMM,Ammonia-nitrogen (as N),Total,,0.1,mg/l,False,0.1,,,Unknown,SNY001,Actual,SW,Water,,,Clayton,07060001,River/Stream,,43.03547975,-91.26682808
6,15220001,Bloody Run Creek Site #2 (BR02),01/27/1998 12:00:00,SNY319,NIT-AMM,Ammonia-nitrogen (as N),Total,,0.1,mg/l,False,0.1,,,Unknown,SNY001,Actual,SW,Water,,,Clayton,07060001,River/Stream,,43.03547975,-91.26682808
6,15220001,Bloody Run Creek Site #2 (BR02),02/03/1998 11:15:00,SNY319,NIT-AMM,Ammonia-nitrogen (as N),Total,,0.1,mg/l,False,0.1,,,Unknown,SNY001,Actual,SW,Water,,,Clayton,07060001,River/Stream,,43.03547975,-91.26682808
6,15220001,Bloody Run Creek Site #2 (BR02),03/10/1998 12:15:00,SNY319,NIT-AMM,Ammonia-nitrogen (as N),Total,,0.1,mg/l,False,0.1,,,Unknown,SNY001,Actual,SW,Water,,,Clayton,07060001,River/Stream,,43.03547975,-91.26682808
6,15220001,Bloody Run Creek Site #2 (BR02),03/17/1998 12:15:00,SNY319,NIT-AMM,Ammonia-nitrogen (as N),Total,,0.1,mg/l,False,0.1,,,Unknown,SNY001,Actual,SW,Water,,,Clayton,07060001,River/Stream,,43.03547975,-91.26682808
6,15220001,Bloody Run Creek Site #2 (BR02),03/24/1998 11:35:00,SNY319,NIT-AMM,Ammonia-nitrogen (as N),Total,,0.1,mg/l,False,0.1,,,Unknown,SNY001,Actual,SW,Water,,,Clayton,07060001,River/Stream,,43.03547975,-91.26682808
6,15220001,Bloody Run Creek Site #2 (BR02),04/21/1998 11:45:00,SNY319,NIT-AMM,Ammonia-nitrogen (as N),Total,,0.1,mg/l,False,0.1,,,Unknown,SNY001,Actual,SW,Water,,,Clayton,07060001,River/Stream,,43.03547975,-91.26682808
6,15220001,Bloody Run Creek Site #2 (BR02),04/28/1998 13:15:00,SNY319,NIT-AMM,Ammonia-nitrogen (as N),Total,,0.1,mg/l,False,0.1,,,Unknown,SNY001,Actual,SW,Water,,,Clayton,07060001,River/Stream,,43.03547975,-91.26682808
6,15220001,Bloody Run Creek Site #2 (BR02),05/05/1998 13:30:00,SNY319,NIT-AMM,Ammonia-nitrogen (as N),Total,,0.1,mg/l,False,0.1,,,Unknown,SNY001,Actual,SW,Water,,,Clayton,07060001,River/Stream,,43.03547975,-91.26682808
6,15220001,Bloody Run Creek Site #2 (BR02),06/02/1998 13:00:00,SNY319,NIT-AMM,Ammonia-nitrogen (as N),Total,,0.1,mg/l,False,0.1,,,Unknown,SNY001,Actual,SW,Water,,,Clayton,07060001,River/Stream,,43.03547975,-91.26682808
6,15220001,Bloody Run Creek Site #2 (BR02),06/09/1998 12:00:00,SNY319,NIT-AMM,Ammonia-nitrogen (as N),Total,,0.1,mg/l,False,0.1,,,Unknown,SNY001,Actual,SW,Water,,,Clayton,07060001,River/Stream,,43.03547975,-91.26682808
6,15220001,Bloody Run Creek Site #2 (BR02),06/16/1998 12:00:00,SNY319,NIT-AMM,Ammonia-nitrogen (as N),Total,,0.1,mg/l,False,0.1,,,Unknown,SNY001,Actual,SW,Water,,,Clayton,07060001,River/Stream,,43.03547975,-91.26682808
6,15220001,Bloody Run Creek Site #2 (BR02),06/23/1998 11:25:00,SNY319,NIT-AMM,Ammonia-nitrogen (as N),Total,,0.1,mg/l,False,0.1,,,Unknown,SNY001,Actual,SW,Water,,,Clayton,07060001,River/Stream,,43.03547975,-91.26682808
6,15220001,Bloody Run Creek Site #2 (BR02),07/21/1998 12:10:00,SNY319,NIT-AMM,Ammonia-nitrogen (as N),Total,,0.1,mg/l,False,0.1,,,Unknown,SNY001,Actual,SW,Water,,,Clayton,07060001,River/Stream,,43.03547975,-91.26682808
6,15220001,Bloody Run Creek Site #2 (BR02),07/28/1998 12:35:00,SNY319,NIT-AMM,Ammonia-nitrogen (as N),Total,,0.1,mg/l,False,0.1,,,Unknown,SNY001,Actual,SW,Water,,,Clayton,07060001,River/Stream,,43.03547975,-91.26682808
6,15220001,Bloody Run Creek Site #2 (BR02),08/04/1998 11:30:00,SNY319,NIT-AMM,Ammonia-nitrogen (as N),Total,,0.1,mg/l,False,0.1,,,Unknown,SNY001,Actual,SW,Water,,,Clayton,07060001,River/Stream,,43.03547975,-91.26682808
6,15220001,Bloody Run Creek Site #2 (BR02),09/01/1998 12:10:00,SNY319,NIT-AMM,Ammonia-nitrogen (as N),Total,,0.1,mg/l,False,0.1,,,Unknown,SNY001,Actual,SW,Water,,,Clayton,07060001,River/Stream,,43.03547975,-91.26682808
6,15220001,Bloody Run Creek Site #2 (BR02),09/08/1998 14:25:00,SNY319,NIT-AMM,Ammonia-nitrogen (as N),Total,,0.1,mg/l,False,0.1,,,Unknown,SNY001,Actual,SW,Water,,,Clayton,07060001,River/Stream,,43.03547975,-91.26682808
6,15220001,Bloody Run Creek Site #2 (BR02),09/15/1998 11:30:00,SNY319,NIT-AMM,Ammonia-nitrogen (as N),Total,,0.1,mg/l,True,0.1,,,Unknown,SNY001,Actual,SW,Water,,,Clayton,07060001,River/Stream,,43.03547975,-91.26682808
6,15220002,Bloody Run Creek at Spook Cave (BRSC),03/31/1998 12:30:00,SNY319,NIT-AMM,Ammonia-nitrogen (as N),Total,,0.4,mg/l,True,0.1,,,Unknown,SNY001,Actual,SW,Water,,,Clayton,07060001,River/Stream,,43.03326422,-91.30759437
6,15220002,Bloody Run Creek at Spook Cave (BRSC),04/28/1998 12:50:00,SNY319,NIT-AMM,Ammonia-nitrogen (as N),Total,,0.1,mg/l,False,0.1,,,Unknown,SNY001,Actual,SW,Water,,,Clayton,07060001,River/Stream,,43.03326422,-91.30759437
6,15220002,Bloody Run Creek at Spook Cave (BRSC),05/26/1998 11:40:00,SNY319,NIT-AMM,Ammonia-nitrogen (as N),Total,,0.1,mg/l,False,0.1,,,Unknown,SNY001,Actual,SW,Water,,,Clayton,07060001,River/Stream,,43.03326422,-91.30759437
6,15220002,Bloody Run Creek at Spook Cave (BRSC),09/29/1998 11:45:00,SNY319,NIT-AMM,Ammonia-nitrogen (as N),Total,,0.1,mg/l,False,0.1,,,Unknown,SNY001,Actual,SW,Water,,,Clayton,07060001,River/Stream,,43.03326422,-91.30759437
6,15220003,North Cedar Creek (NCC),01/06/1998 12:00:00,SNY319,NIT-AMM,Ammonia-nitrogen (as N),Total,,0.1,mg/l,False,0.1,,,Unknown,SNY001,Actual,SW,Water,,,Clayton,07060003,River/Stream,,42.96274242,-91.22931615
6,15220003,North Cedar Creek (NCC),01/13/1998 12:35:00,SNY319,NIT-AMM,Ammonia-nitrogen (as N),Total,,0.1,mg/l,False,0.1,,,Unknown,SNY001,Actual,SW,Water,,,Clayton,07060003,River/Stream,,42.96274242,-91.22931615
6,15220003,North Cedar Creek (NCC),02/17/1998 12:00:00,SNY319,NIT-AMM,Ammonia-nitrogen (as N),Total,,0.1,mg/l,False,0.1,,,Unknown,SNY001,Actual,SW,Water,,,Clayton,07060003,River/Stream,,42.96274242,-91.22931615
6,15220003,North Cedar Creek (NCC),02/24/1998 13:25:00,SNY319,NIT-AMM,Ammonia-nitrogen (as N),Total,,0.1,mg/l,False,0.1,,,Unknown,SNY001,Actual,SW,Water,,,Clayton,07060003,River/Stream,,42.96274242,-91.22931615
6,15220003,North Cedar Creek (NCC),03/03/1998 14:15:00,SNY319,NIT-AMM,Ammonia-nitrogen (as N),Total,,0.1,mg/l,False,0.1,,,Unknown,SNY001,Actual,SW,Water,,,Clayton,07060003,River/Stream,,42.96274242,-91.22931615
6,15220003,North Cedar Creek (NCC),03/31/1998 14:10:00,SNY319,NIT-AMM,Ammonia-nitrogen (as N),Total,,0.1,mg/l,True,0.1,,,Unknown,SNY001,Actual,SW,Water,,,Clayton,07060003,River/Stream,,42.96274242,-91.22931615
6,15220003,North Cedar Creek (NCC),04/07/1998 13:40:00,SNY319,NIT-AMM,Ammonia-nitrogen (as N),Total,,0.1,mg/l,False,0.1,,,Unknown,SNY001,Actual,SW,Water,,,Clayton,07060003,River/Stream,,42.96274242,-91.22931615
6,15220003,North Cedar Creek (NCC),04/14/1998 13:15:00,SNY319,NIT-AMM,Ammonia-nitrogen (as N),Total,,0.1,mg/l,False,0.1,,,Unknown,SNY001,Actual,SW,Water,,,Clayton,07060003,River/Stream,,42.96274242,-91.22931615
6,15220003,North Cedar Creek (NCC),05/12/1998 13:20:00,SNY319,NIT-AMM,Ammonia-nitrogen (as N),Total,,0.1,mg/l,False,0.1,,,Unknown,SNY001,Actual,SW,Water,,,Clayton,07060003,River/Stream,,42.96274242,-91.22931615
6,15220003,North Cedar Creek (NCC),05/19/1998 12:45:00,SNY319,NIT-AMM,Ammonia-nitrogen (as N),Total,,0.1,mg/l,False,0.1,,,Unknown,SNY001,Actual,SW,Water,,,Clayton,07060003,River/Stream,,42.96274242,-91.22931615
6,15220003,North Cedar Creek (NCC),05/26/1998 13:10:00,SNY319,NIT-AMM,Ammonia-nitrogen (as N),Total,,0.1,mg/l,False,0.1,,,Unknown,SNY001,Actual,SW,Water,,,Clayton,07060003,River/Stream,,42.96274242,-91.22931615
6,15220003,North Cedar Creek (NCC),06/02/1998 14:10:00,SNY319,NIT-AMM,Ammonia-nitrogen (as N),Total,,0.1,mg/l,False,0.1,,,Unknown,SNY001,Actual,SW,Water,,,Clayton,07060003,River/Stream,,42.96274242,-91.22931615
6,15220003,North Cedar Creek (NCC),06/30/1998 14:15:00,SNY319,NIT-AMM,Ammonia-nitrogen (as N),Total,,0.1,mg/l,False,0.1,,,Unknown,SNY001,Actual,SW,Water,,,Clayton,07060003,River/Stream,,42.96274242,-91.22931615
6,15220003,North Cedar Creek (NCC),07/07/1998 13:30:00,SNY319,NIT-AMM,Ammonia-nitrogen (as N),Total,,0.1,mg/l,True,0.1,,,Unknown,SNY001,Actual,SW,Water,,,Clayton,07060003,River/Stream,,42.96274242,-91.22931615
6,15220003,North Cedar Creek (NCC),07/14/1998 13:25:00,SNY319,NIT-AMM,Ammonia-nitrogen (as N),Total,,0.1,mg/l,False,0.1,,,Unknown,SNY001,Actual,SW,Water,,,Clayton,07060003,River/Stream,,42.96274242,-91.22931615
6,15220003,North Cedar Creek (NCC),08/11/1998 14:00:00,SNY319,NIT-AMM,Ammonia-nitrogen (as N),Total,,0.1,mg/l,False,0.1,,,Unknown,SNY001,Actual,SW,Water,,,Clayton,07060003,River/Stream,,42.96274242,-91.22931615
6,15220003,North Cedar Creek (NCC),08/18/1998 12:55:00,SNY319,NIT-AMM,Ammonia-nitrogen (as N),Total,,0.1,mg/l,False,0.1,,,Unknown,SNY001,Actual,SW,Water,,,Clayton,07060003,River/Stream,,42.96274242,-91.22931615
6,15220003,North Cedar Creek (NCC),08/25/1998 13:25:00,SNY319,NIT-AMM,Ammonia-nitrogen (as N),Total,,0.1,mg/l,False,0.1,,,Unknown,SNY001,Actual,SW,Water,,,Clayton,07060003,River/Stream,,42.96274242,-91.22931615
6,15220003,North Cedar Creek (NCC),09/29/1998 13:40:00,SNY319,NIT-AMM,Ammonia-nitrogen (as N),Total,,0.1,mg/l,False,0.1,,,Unknown,SNY001,Actual,SW,Water,,,Clayton,07060003,River/Stream,,42.96274242,-91.22931615
6,15220001,Bloody Run Creek Site #2 (BR02),10/13/1998 11:15:00,SNY319,NIT-AMM,Ammonia-nitrogen (as N),Total,,0.1,mg/l,False,0.1,,,Unknown,SNY001,Actual,SW,Water,,,Clayton,07060001,River/Stream,,43.03547975,-91.26682808
6,15220001,Bloody Run Creek Site #2 (BR02),10/20/1998 12:00:00,SNY319,NIT-AMM,Ammonia-nitrogen (as N),Total,,0.1,mg/l,False,0.1,,,Unknown,SNY001,Actual,SW,Water,,,Clayton,07060001,River/Stream,,43.03547975,-91.26682808
6,15220001,Bloody Run Creek Site #2 (BR02),10/27/1998 11:40:00,SNY319,NIT-AMM,Ammonia-nitrogen (as N),Total,,0.1,mg/l,False,0.1,,,Unknown,SNY001,Actual,SW,Water,,,Clayton,07060001,River/Stream,,43.03547975,-91.26682808
6,15220001,Bloody Run Creek Site #2 (BR02),11/03/1998 11:30:00,SNY319,NIT-AMM,Ammonia-nitrogen (as N),Total,,0.1,mg/l,False,0.1,,,Unknown,SNY001,Actual,SW,Water,,,Clayton,07060001,River/Stream,,43.03547975,-91.26682808
6,15220001,Bloody Run Creek Site #2 (BR02),11/10/1998 12:15:00,SNY319,NIT-AMM,Ammonia-nitrogen (as N),Total,,0.2,mg/l,True,0.1,,,Unknown,SNY001,Actual,SW,Water,,,Clayton,07060001,River/Stream,,43.03547975,-91.26682808
6,15220001,Bloody Run Creek Site #2 (BR02),12/29/1998 13:20:00,SNY319,NIT-AMM,Ammonia-nitrogen (as N),Total,,0.1,mg/l,False,0.1,,,Unknown,SNY001,Actual,SW,Water,,,Clayton,07060001,River/Stream,,43.03547975,-91.26682808
6,15220002,Bloody Run Creek at Spook Cave (BRSC),10/27/1998 11:20:00,SNY319,NIT-AMM,Ammonia-nitrogen (as N),Total,,0.1,mg/l,False,0.1,,,Unknown,SNY001,Actual,SW,Water,,,Clayton,07060001,River/Stream,,43.03326422,-91.30759437
6,15220002,Bloody Run Creek at Spook Cave (BRSC),11/24/1998 10:50:00,SNY319,NIT-AMM,Ammonia-nitrogen (as N),Total,,0.1,mg/l,False,0.1,,,Unknown,SNY001,Actual,SW,Water,,,Clayton,07060001,River/Stream,,43.03326422,-91.30759437
6,15220002,Bloody Run Creek at Spook Cave (BRSC),12/29/1998 12:55:00,SNY319,NIT-AMM,Ammonia-nitrogen (as N),Total,,0.1,mg/l,False,0.1,,,Unknown,SNY001,Actual,SW,Water,,,Clayton,07060001,River/Stream,,43.03326422,-91.30759437
6,15220003,North Cedar Creek (NCC),10/06/1998 13:00:00,SNY319,NIT-AMM,Ammonia-nitrogen (as N),Total,,0.1,mg/l,False,0.1,,,Unknown,SNY001,Actual,SW,Water,,,Clayton,07060003,River/Stream,,42.96274242,-91.22931615
6,15220003,North Cedar Creek (NCC),10/13/1998 12:25:00,SNY319,NIT-AMM,Ammonia-nitrogen (as N),Total,,0.1,mg/l,False,0.1,,,Unknown,SNY001,Actual,SW,Water,,,Clayton,07060003,River/Stream,,42.96274242,-91.22931615
6,15220003,North Cedar Creek (NCC),11/24/1998 12:30:00,SNY319,NIT-AMM,Ammonia-nitrogen (as N),Total,,0.1,mg/l,False,0.1,,,Unknown,SNY001,Actual,SW,Water,,,Clayton,07060003,River/Stream,,42.96274242,-91.22931615
6,15220003,North Cedar Creek (NCC),12/01/1998 14:00:00,SNY319,NIT-AMM,Ammonia-nitrogen (as N),Total,,0.1,mg/l,False,0.1,,,Unknown,SNY001,Actual,SW,Water,,,Clayton,07060003,River/Stream,,42.96274242,-91.22931615
6,15220003,North Cedar Creek (NCC),12/08/1998 12:35:00,SNY319,NIT-AMM,Ammonia-nitrogen (as N),Total,,0.1,mg/l,False,0.1,,,Unknown,SNY001,Actual,SW,Water,,,Clayton,07060003,River/Stream,,42.96274242,-91.22931615
6,15220003,North Cedar Creek (NCC),12/15/1998 12:50:00,SNY319,NIT-AMM,Ammonia-nitrogen (as N),Total,,0.1,mg/l,False,0.1,,,Unknown,SNY001,Actual,SW,Water,,,Clayton,07060003,River/Stream,,42.96274242,-91.22931615
6,15220003,North Cedar Creek (NCC),12/22/1998 12:25:00,SNY319,NIT-AMM,Ammonia-nitrogen (as N),Total,,0.1,mg/l,False,0.1,,,Unknown,SNY001,Actual,SW,Water,,,Clayton,07060003,River/Stream,,42.96274242,-91.22931615
6,15220003,North Cedar Creek (NCC),12/29/1998 15:10:00,SNY319,NIT-AMM,Ammonia-nitrogen (as N),Total,,0.1,mg/l,False,0.1,,,Unknown,SNY001,Actual,SW,Water,,,Clayton,07060003,River/Stream,,42.96274242,-91.22931615
6,15220001,Bloody Run Creek Site #2 (BR02),01/12/1999 11:50:00,SNY319,NIT-AMM,Ammonia-nitrogen (as N),Total,,0.1,mg/l,False,0.1,,,Unknown,SNY001,Actual,SW,Water,,,Clayton,07060001,River/Stream,,43.03547975,-91.26682808
6,15220001,Bloody Run Creek Site #2 (BR02),01/19/1999 12:30:00,SNY319,NIT-AMM,Ammonia-nitrogen (as N),Total,,0.1,mg/l,False,0.1,,,Unknown,SNY001,Actual,SW,Water,,,Clayton,07060001,River/Stream,,43.03547975,-91.26682808
6,15220001,Bloody Run Creek Site #2 (BR02),01/26/1999 11:40:00,SNY319,NIT-AMM,Ammonia-nitrogen (as N),Total,,0.1,mg/l,False,0.1,,,Unknown,SNY001,Actual,SW,Water,,,Clayton,07060001,River/Stream,,43.03547975,-91.26682808
6,15220001,Bloody Run Creek Site #2 (BR02),02/02/1999 11:30:00,SNY319,NIT-AMM,Ammonia-nitrogen (as N),Total,,0.1,mg/l,False,0.1,,,Unknown,SNY001,Actual,SW,Water,,,Clayton,07060001,River/Stream,,43.03547975,-91.26682808
6,15220001,Bloody Run Creek Site #2 (BR02),03/23/1999 11:00:00,SNY319,NIT-AMM,Ammonia-nitrogen (as N),Total,,0.1,mg/l,False,0.1,,,Unknown,SNY001,Actual,SW,Water,,,Clayton,07060001,River/Stream,,43.03547975,-91.26682808
6,15220001,Bloody Run Creek Site #2 (BR02),03/30/1999 12:05:00,SNY319,NIT-AMM,Ammonia-nitrogen (as N),Total,,0.1,mg/l,False,0.1,,,Unknown,SNY001,Actual,SW,Water,,,Clayton,07060001,River/Stream,,43.03547975,-91.26682808
6,15220001,Bloody Run Creek Site #2 (BR02),04/06/1999 10:50:00,SNY319,NIT-AMM,Ammonia-nitrogen (as N),Total,,0.1,mg/l,False,0.1,,,Unknown,SNY001,Actual,SW,Water,,,Clayton,07060001,River/Stream,,43.03547975,-91.26682808
6,15220001,Bloody Run Creek Site #2 (BR02),04/13/1999 11:30:00,SNY319,NIT-AMM,Ammonia-nitrogen (as N),Total,,0.1,mg/l,False,0.1,,,Unknown,SNY001,Actual,SW,Water,,,Clayton,07060001,River/Stream,,43.03547975,-91.26682808
6,15220001,Bloody Run Creek Site #2 (BR02),04/20/1999 10:20:00,SNY319,NIT-AMM,Ammonia-nitrogen (as N),Total,,0.1,mg/l,False,0.1,,,Unknown,SNY001,Actual,SW,Water,,,Clayton,07060001,River/Stream,,43.03547975,-91.26682808
6,15220001,Bloody Run Creek Site #2 (BR02),06/08/1999 11:10:00,SNY319,NIT-AMM,Ammonia-nitrogen (as N),Total,,0.1,mg/l,False,0.1,,,Unknown,SNY001,Actual,SW,Water,,,Clayton,07060001,River/Stream,,43.03547975,-91.26682808
6,15220001,Bloody Run Creek Site #2 (BR02),06/15/1999 11:15:00,SNY319,NIT-AMM,Ammonia-nitrogen (as N),Total,,0.1,mg/l,False,0.1,,,Unknown,SNY001,Actual,SW,Water,,,Clayton,07060001,River/Stream,,43.03547975,-91.26682808
6,15220001,Bloody Run Creek Site #2 (BR02),06/22/1999 12:50:00,SNY319,NIT-AMM,Ammonia-nitrogen (as N),Total,,0.1,mg/l,False,0.1,,,Unknown,SNY001,Actual,SW,Water,,,Clayton,07060001,River/Stream,,43.03547975,-91.26682808
6,15220001,Bloody Run Creek Site #2 (BR02),06/29/1999 12:05:00,SNY319,NIT-AMM,Ammonia-nitrogen (as N),Total,,0.1,mg/l,False,0.1,,,Unknown,SNY001,Actual,SW,Water,,,Clayton,07060001,River/Stream,,43.03547975,-91.26682808
6,15220001,Bloody Run Creek Site #2 (BR02),07/06/1999 12:00:00,SNY319,NIT-AMM,Ammonia-nitrogen (as N),Total,,0.1,mg/l,False,0.1,,,Unknown,SNY001,Actual,SW,Water,,,Clayton,07060001,River/Stream,,43.03547975,-91.26682808
6,15220001,Bloody Run Creek Site #2 (BR02),08/31/1999 12:30:00,SNY319,NIT-AMM,Ammonia-nitrogen (as N),Total,,0.1,mg/l,False,0.1,,,Unknown,SNY001,Actual,SW,Water,,,Clayton,07060001,River/Stream,,43.03547975,-91.26682808
6,15220001,Bloody Run Creek Site #2 (BR02),09/07/1999 12:55:00,SNY319,NIT-AMM,Ammonia-nitrogen (as N),Total,,0.1,mg/l,False,0.1,,,Unknown,SNY001,Actual,SW,Water,,,Clayton,07060001,River/Stream,,43.03547975,-91.26682808
6,15220001,Bloody Run Creek Site #2 (BR02),09/21/1999 12:10:00,SNY319,NIT-AMM,Ammonia-nitrogen (as N),Total,,0.1,mg/l,False,0.1,,,Unknown,SNY001,Actual,SW,Water,,,Clayton,07060001,River/Stream,,43.03547975,-91.26682808
6,15220001,Bloody Run Creek Site #2 (BR02),09/28/1999 11:40:00,SNY319,NIT-AMM,Ammonia-nitrogen (as N),Total,,0.1,mg/l,False,0.1,,,Unknown,SNY001,Actual,SW,Water,,,Clayton,07060001,River/Stream,,43.03547975,-91.26682808
6,15220002,Bloody Run Creek at Spook Cave (BRSC),01/26/1999 11:20:00,SNY319,NIT-AMM,Ammonia-nitrogen (as N),Total,,0.1,mg/l,False,0.1,,,Unknown,SNY001,Actual,SW,Water,,,Clayton,07060001,River/Stream,,43.03326422,-91.30759437
6,15220002,Bloody Run Creek at Spook Cave (BRSC),02/23/1999 11:40:00,SNY319,NIT-AMM,Ammonia-nitrogen (as N),Total,,0.1,mg/l,False,0.1,,,Unknown,SNY001,Actual,SW,Water,,,Clayton,07060001,River/Stream,,43.03326422,-91.30759437
6,15220002,Bloody Run Creek at Spook Cave (BRSC),09/28/1999 11:20:00,SNY319,NIT-AMM,Ammonia-nitrogen (as N),Total,,0.1,mg/l,False,0.1,,,Unknown,SNY001,Actual,SW,Water,,,Clayton,07060001,River/Stream,,43.03326422,-91.30759437
6,15220003,North Cedar Creek (NCC),01/12/1999 13:20:00,SNY319,NIT-AMM,Ammonia-nitrogen (as N),Total,,0.1,mg/l,False,0.1,,,Unknown,SNY001,Actual,SW,Water,,,Clayton,07060003,River/Stream,,42.96274242,-91.22931615
6,15220003,North Cedar Creek (NCC),01/19/1999 14:00:00,SNY319,NIT-AMM,Ammonia-nitrogen (as N),Total,,0.1,mg/l,False,0.1,,,Unknown,SNY001,Actual,SW,Water,,,Clayton,07060003,River/Stream,,42.96274242,-91.22931615
6,15220003,North Cedar Creek (NCC),01/26/1999 13:15:00,SNY319,NIT-AMM,Ammonia-nitrogen (as N),Total,,0.1,mg/l,False,0.1,,,Unknown,SNY001,Actual,SW,Water,,,Clayton,07060003,River/Stream,,42.96274242,-91.22931615
6,15220003,North Cedar Creek (NCC),02/02/1999 12:55:00,SNY319,NIT-AMM,Ammonia-nitrogen (as N),Total,,0.1,mg/l,False,0.1,,,Unknown,SNY001,Actual,SW,Water,,,Clayton,07060003,River/Stream,,42.96274242,-91.22931615
6,15220003,North Cedar Creek (NCC),03/23/1999 12:05:00,SNY319,NIT-AMM,Ammonia-nitrogen (as N),Total,,0.1,mg/l,False,0.1,,,Unknown,SNY001,Actual,SW,Water,,,Clayton,07060003,River/Stream,,42.96274242,-91.22931615
6,15220003,North Cedar Creek (NCC),03/30/1999 13:45:00,SNY319,NIT-AMM,Ammonia-nitrogen (as N),Total,,0.1,mg/l,False,0.1,,,Unknown,SNY001,Actual,SW,Water,,,Clayton,07060003,River/Stream,,42.96274242,-91.22931615
6,15220003,North Cedar Creek (NCC),04/06/1999 12:15:00,SNY319,NIT-AMM,Ammonia-nitrogen (as N),Total,,0.1,mg/l,False,0.1,,,Unknown,SNY001,Actual,SW,Water,,,Clayton,07060003,River/Stream,,42.96274242,-91.22931615
6,15220003,North Cedar Creek (NCC),04/13/1999 12:40:00,SNY319,NIT-AMM,Ammonia-nitrogen (as N),Total,,0.1,mg/l,False,0.1,,,Unknown,SNY001,Actual,SW,Water,,,Clayton,07060003,River/Stream,,42.96274242,-91.22931615
6,15220003,North Cedar Creek (NCC),04/20/1999 11:25:00,SNY319,NIT-AMM,Ammonia-nitrogen (as N),Total,,0.1,mg/l,False,0.1,,,Unknown,SNY001,Actual,SW,Water,,,Clayton,07060003,River/Stream,,42.96274242,-91.22931615
6,15220003,North Cedar Creek (NCC),06/08/1999 12:35:00,SNY319,NIT-AMM,Ammonia-nitrogen (as N),Total,,0.1,mg/l,False,0.1,,,Unknown,SNY001,Actual,SW,Water,,,Clayton,07060003,River/Stream,,42.96274242,-91.22931615
6,15220003,North Cedar Creek (NCC),06/15/1999 12:35:00,SNY319,NIT-AMM,Ammonia-nitrogen (as N),Total,,0.1,mg/l,False,0.1,,,Unknown,SNY001,Actual,SW,Water,,,Clayton,07060003,River/Stream,,42.96274242,-91.22931615
6,15220003,North Cedar Creek (NCC),06/22/1999 09:45:00,SNY319,NIT-AMM,Ammonia-nitrogen (as N),Total,,0.1,mg/l,False,0.1,,,Unknown,SNY001,Actual,SW,Water,,,Clayton,07060003,River/Stream,,42.96274242,-91.22931615
6,15220003,North Cedar Creek (NCC),06/29/1999 13:40:00,SNY319,NIT-AMM,Ammonia-nitrogen (as N),Total,,0.1,mg/l,False,0.1,,,Unknown,SNY001,Actual,SW,Water,,,Clayton,07060003,River/Stream,,42.96274242,-91.22931615
6,15220003,North Cedar Creek (NCC),07/06/1999 13:20:00,SNY319,NIT-AMM,Ammonia-nitrogen (as N),Total,,0.1,mg/l,False,0.1,,,Unknown,SNY001,Actual,SW,Water,,,Clayton,07060003,River/Stream,,42.96274242,-91.22931615
6,15220003,North Cedar Creek (NCC),09/07/1999 14:00:00,SNY319,NIT-AMM,Ammonia-nitrogen (as N),Total,,0.1,mg/l,False,0.1,,,Unknown,SNY001,Actual,SW,Water,,,Clayton,07060003,River/Stream,,42.96274242,-91.22931615
6,15220003,North Cedar Creek (NCC),09/14/1999 11:45:00,SNY319,NIT-AMM,Ammonia-nitrogen (as N),Total,,0.1,mg/l,False,0.1,,,Unknown,SNY001,Actual,SW,Water,,,Clayton,07060003,River/Stream,,42.96274242,-91.22931615
6,15220003,North Cedar Creek (NCC),09/21/1999 13:35:00,SNY319,NIT-AMM,Ammonia-nitrogen (as N),Total,,0.1,mg/l,False,0.1,,,Unknown,SNY001,Actual,SW,Water,,,Clayton,07060003,River/Stream,,42.96274242,-91.22931615
6,15220003,North Cedar Creek (NCC),09/28/1999 13:10:00,SNY319,NIT-AMM,Ammonia-nitrogen (as N),Total,,0.1,mg/l,False,0.1,,,Unknown,SNY001,Actual,SW,Water,,,Clayton,07060003,River/Stream,,42.96274242,-91.22931615
6,15220001,Bloody Run Creek Site #2 (BR02),10/26/1999 12:10:00,SNY319,NIT-AMM,Ammonia-nitrogen (as N),Total,,0.1,mg/l,False,0.1,,,Unknown,SNY001,Actual,SW,Water,,,Clayton,07060001,River/Stream,,43.03547975,-91.26682808
6,15220001,Bloody Run Creek Site #2 (BR02),11/02/1999 11:50:00,SNY319,NIT-AMM,Ammonia-nitrogen (as N),Total,,0.1,mg/l,False,0.1,,,Unknown,SNY001,Actual,SW,Water,,,Clayton,07060001,River/Stream,,43.03547975,-91.26682808
6,15220001,Bloody Run Creek Site #2 (BR02),11/09/1999 11:55:00,SNY319,NIT-AMM,Ammonia-nitrogen (as N),Total,,0.1,mg/l,False,0.1,,,Unknown,SNY001,Actual,SW,Water,,,Clayton,07060001,River/Stream,,43.03547975,-91.26682808
6,15220001,Bloody Run Creek Site #2 (BR02),11/16/1999 11:40:00,SNY319,NIT-AMM,Ammonia-nitrogen (as N),Total,,0.1,mg/l,False,0.1,,,Unknown,SNY001,Actual,SW,Water,,,Clayton,07060001,River/Stream,,43.03547975,-91.26682808
6,15220001,Bloody Run Creek Site #2 (BR02),12/14/1999 11:45:00,SNY319,NIT-AMM,Ammonia-nitrogen (as N),Total,,0.1,mg/l,False,0.1,,,Unknown,SNY001,Actual,SW,Water,,,Clayton,07060001,River/Stream,,43.03547975,-91.26682808
6,15220001,Bloody Run Creek Site #2 (BR02),12/21/1999 11:30:00,SNY319,NIT-AMM,Ammonia-nitrogen (as N),Total,,0.1,mg/l,False,0.1,,,Unknown,SNY001,Actual,SW,Water,,,Clayton,07060001,River/Stream,,43.03547975,-91.26682808
6,15220001,Bloody Run Creek Site #2 (BR02),12/28/1999 12:35:00,SNY319,NIT-AMM,Ammonia-nitrogen (as N),Total,,0.1,mg/l,False,0.1,,,Unknown,SNY001,Actual,SW,Water,,,Clayton,07060001,River/Stream,,43.03547975,-91.26682808
6,15220003,North Cedar Creek (NCC),10/12/1999 12:05:00,SNY319,NIT-AMM,Ammonia-nitrogen (as N),Total,,0.1,mg/l,False,0.1,,,Unknown,SNY001,Actual,SW,Water,,,Clayton,07060003,River/Stream,,42.96274242,-91.22931615
6,15220003,North Cedar Creek (NCC),10/19/1999 13:25:00,SNY319,NIT-AMM,Ammonia-nitrogen (as N),Total,,0.1,mg/l,False,0.1,,,Unknown,SNY001,Actual,SW,Water,,,Clayton,07060003,River/Stream,,42.96274242,-91.22931615
6,15220003,North Cedar Creek (NCC),10/26/1999 13:40:00,SNY319,NIT-AMM,Ammonia-nitrogen (as N),Total,,0.1,mg/l,False,0.1,,,Unknown,SNY001,Actual,SW,Water,,,Clayton,07060003,River/Stream,,42.96274242,-91.22931615
6,15220003,North Cedar Creek (NCC),11/23/1999 13:25:00,SNY319,NIT-AMM,Ammonia-nitrogen (as N),Total,,0.1,mg/l,False,0.1,,,Unknown,SNY001,Actual,SW,Water,,,Clayton,07060003,River/Stream,,42.96274242,-91.22931615
6,15220003,North Cedar Creek (NCC),11/30/1999 14:15:00,SNY319,NIT-AMM,Ammonia-nitrogen (as N),Total,,0.1,mg/l,False,0.1,,,Unknown,SNY001,Actual,SW,Water,,,Clayton,07060003,River/Stream,,42.96274242,-91.22931615
6,15220003,North Cedar Creek (NCC),12/07/1999 13:30:00,SNY319,NIT-AMM,Ammonia-nitrogen (as N),Total,,0.1,mg/l,False,0.1,,,Unknown,SNY001,Actual,SW,Water,,,Clayton,07060003,River/Stream,,42.96274242,-91.22931615
6,15220003,North Cedar Creek (NCC),12/14/1999 13:10:00,SNY319,NIT-AMM,Ammonia-nitrogen (as N),Total,,0.1,mg/l,False,0.1,,,Unknown,SNY001,Actual,SW,Water,,,Clayton,07060003,River/Stream,,42.96274242,-91.22931615
6,15220001,Bloody Run Creek Site #2 (BR02),01/11/2000 12:30:00,SNY319,NIT-AMM,Ammonia-nitrogen (as N),Total,,0.1,mg/l,False,0.1,,,Unknown,SNY001,Actual,SW,Water,,,Clayton,07060001,River/Stream,,43.03547975,-91.26682808
6,15220001,Bloody Run Creek Site #2 (BR02),01/18/2000 11:50:00,SNY319,NIT-AMM,Ammonia-nitrogen (as N),Total,,0.1,mg/l,False,0.1,,,Unknown,SNY001,Actual,SW,Water,,,Clayton,07060001,River/Stream,,43.03547975,-91.26682808
6,15220001,Bloody Run Creek Site #2 (BR02),01/25/2000 12:00:00,SNY319,NIT-AMM,Ammonia-nitrogen (as N),Total,,0.1,mg/l,False,0.1,,,Unknown,SNY001,Actual,SW,Water,,,Clayton,07060001,River/Stream,,43.03547975,-91.26682808
6,15220001,Bloody Run Creek Site #2 (BR02),02/01/2000 11:20:00,SNY319,NIT-AMM,Ammonia-nitrogen (as N),Total,,0.1,mg/l,False,0.1,,,Unknown,SNY001,Actual,SW,Water,,,Clayton,07060001,River/Stream,,43.03547975,-91.26682808
6,15220001,Bloody Run Creek Site #2 (BR02),11/05/1996 10:00:00,SNY319,NIT-AMM,Ammonia-nitrogen (as N),Total,,0.1,mg/l,False,0.1,,,Unknown,SNY001,Actual,SW,Water,,,Clayton,07060001,River/Stream,,43.03547975,-91.26682808
6,15220001,Bloody Run Creek Site #2 (BR02),10/15/1996 10:20:00,SNY319,NIT-AMM,Ammonia-nitrogen (as N),Total,,0.1,mg/l,False,0.1,,,Unknown,SNY001,Actual,SW,Water,,,Clayton,07060001,River/Stream,,43.03547975,-91.26682808
6,15220001,Bloody Run Creek Site #2 (BR02),10/22/1996 11:30:00,SNY319,NIT-AMM,Ammonia-nitrogen (as N),Total,,0.1,mg/l,False,0.1,,,Unknown,SNY001,Actual,SW,Water,,,Clayton,07060001,River/Stream,,43.03547975,-91.26682808
6,15220001,Bloody Run Creek Site #2 (BR02),10/29/1996 12:40:00,SNY319,NIT-AMM,Ammonia-nitrogen (as N),Total,,0.1,mg/l,False,0.1,,,Unknown,SNY001,Actual,SW,Water,,,Clayton,07060001,River/Stream,,43.03547975,-91.26682808
6,15220001,Bloody Run Creek Site #2 (BR02),12/03/1996 10:40:00,SNY319,NIT-AMM,Ammonia-nitrogen (as N),Total,,0.3,mg/l,True,0.1,,,Unknown,SNY001,Actual,SW,Water,,,Clayton,07060001,River/Stream,,43.03547975,-91.26682808
6,15220001,Bloody Run Creek Site #2 (BR02),12/10/1996 11:40:00,SNY319,NIT-AMM,Ammonia-nitrogen (as N),Total,,0.1,mg/l,False,0.1,,,Unknown,SNY001,Actual,SW,Water,,,Clayton,07060001,River/Stream,,43.03547975,-91.26682808
6,15220001,Bloody Run Creek Site #2 (BR02),12/17/1996 10:25:00,SNY319,NIT-AMM,Ammonia-nitrogen (as N),Total,,0.1,mg/l,False,0.1,,,Unknown,SNY001,Actual,SW,Water,,,Clayton,07060001,River/Stream,,43.03547975,-91.26682808
6,15220001,Bloody Run Creek Site #2 (BR02),12/23/1996 11:05:00,SNY319,NIT-AMM,Ammonia-nitrogen (as N),Total,,0.1,mg/l,False,0.1,,,Unknown,SNY001,Actual,SW,Water,,,Clayton,07060001,River/Stream,,43.03547975,-91.26682808
6,15220002,Bloody Run Creek at Spook Cave (BRSC),12/30/1996 12:15:00,SNY319,NIT-AMM,Ammonia-nitrogen (as N),Total,,0.1,mg/l,False,0.1,,,Unknown,SNY001,Actual,SW,Water,,,Clayton,07060001,River/Stream,,43.03326422,-91.30759437
6,15220003,North Cedar Creek (NCC),10/01/1996 14:00:00,SNY319,NIT-AMM,Ammonia-nitrogen (as N),Total,,0.1,mg/l,False,0.1,,,Unknown,SNY001,Actual,SW,Water,,,Clayton,07060003,River/Stream,,42.96274242,-91.22931615
6,15220003,North Cedar Creek (NCC),10/08/1996 14:40:00,SNY319,NIT-AMM,Ammonia-nitrogen (as N),Total,,0.1,mg/l,False,0.1,,,Unknown,SNY001,Actual,SW,Water,,,Clayton,07060003,River/Stream,,42.96274242,-91.22931615
6,15220003,North Cedar Creek (NCC),11/12/1996 12:40:00,SNY319,NIT-AMM,Ammonia-nitrogen (as N),Total,,0.1,mg/l,False,0.1,,,Unknown,SNY001,Actual,SW,Water,,,Clayton,07060003,River/Stream,,42.96274242,-91.22931615
6,15220003,North Cedar Creek (NCC),11/19/1996 11:30:00,SNY319,NIT-AMM,Ammonia-nitrogen (as N),Total,,0.1,mg/l,False,0.1,,,Unknown,SNY001,Actual,SW,Water,,,Clayton,07060003,River/Stream,,42.96274242,-91.22931615
6,15220003,North Cedar Creek (NCC),11/26/1996 12:45:00,SNY319,NIT-AMM,Ammonia-nitrogen (as N),Total,,0.1,mg/l,False,0.1,,,Unknown,SNY001,Actual,SW,Water,,,Clayton,07060003,River/Stream,,42.96274242,-91.22931615
6,15220003,North Cedar Creek (NCC),12/30/1996 14:30:00,SNY319,NIT-AMM,Ammonia-nitrogen (as N),Total,,0.1,mg/l,False,0.1,,,Unknown,SNY001,Actual,SW,Water,,,Clayton,07060003,River/Stream,,42.96274242,-91.22931615
6,15220001,Bloody Run Creek Site #2 (BR02),01/21/1997 10:15:00,SNY319,NIT-AMM,Ammonia-nitrogen (as N),Total,,0.1,mg/l,False,0.1,,,Unknown,SNY001,Actual,SW,Water,,,Clayton,07060001,River/Stream,,43.03547975,-91.26682808
6,15220001,Bloody Run Creek Site #2 (BR02),01/27/1997 12:45:00,SNY319,NIT-AMM,Ammonia-nitrogen (as N),Total,,0.1,mg/l,False,0.1,,,Unknown,SNY001,Actual,SW,Water,,,Clayton,07060001,River/Stream,,43.03547975,-91.26682808
6,15220001,Bloody Run Creek Site #2 (BR02),02/04/1997 13:30:00,SNY319,NIT-AMM,Ammonia-nitrogen (as N),Total,,0.1,mg/l,True,0.1,,,Unknown,SNY001,Actual,SW,Water,,,Clayton,07060001,River/Stream,,43.03547975,-91.26682808
6,15220003,North Cedar Creek (NCC),09/05/1995 12:05:00,SNY319,NIT-AMM,Ammonia-nitrogen (as N),Total,,0.1,mg/l,False,0.1,,,Unknown,SNY001,Actual,SW,Water,,,Clayton,07060003,River/Stream,,42.96274242,-91.22931615
6,15220003,North Cedar Creek (NCC),08/29/1995 15:10:00,SNY319,NIT-AMM,Ammonia-nitrogen (as N),Total,,0.1,mg/l,False,0.1,,,Unknown,SNY001,Actual,SW,Water,,,Clayton,07060003,River/Stream,,42.96274242,-91.22931615
6,15220003,North Cedar Creek (NCC),08/22/1995 14:45:00,SNY319,NIT-AMM,Ammonia-nitrogen (as N),Total,,0.1,mg/l,False,0.1,,,Unknown,SNY001,Actual,SW,Water,,,Clayton,07060003,River/Stream,,42.96274242,-91.22931615
6,15220003,North Cedar Creek (NCC),08/01/1995 12:10:00,SNY319,NIT-AMM,Ammonia-nitrogen (as N),Total,,0.1,mg/l,False,0.1,,,Unknown,SNY001,Actual,SW,Water,,,Clayton,07060003,River/Stream,,42.96274242,-91.22931615
6,15220003,North Cedar Creek (NCC),07/25/1995 17:40:00,SNY319,NIT-AMM,Ammonia-nitrogen (as N),Total,,0.1,mg/l,False,0.1,,,Unknown,SNY001,Actual,SW,Water,,,Clayton,07060003,River/Stream,,42.96274242,-91.22931615
6,15220003,North Cedar Creek (NCC),07/18/1995 15:45:00,SNY319,NIT-AMM,Ammonia-nitrogen (as N),Total,,0.1,mg/l,False,0.1,,,Unknown,SNY001,Actual,SW,Water,,,Clayton,07060003,River/Stream,,42.96274242,-91.22931615
6,15220003,North Cedar Creek (NCC),06/27/1995 15:00:00,SNY319,NIT-AMM,Ammonia-nitrogen (as N),Total,,0.1,mg/l,False,0.1,,,Unknown,SNY001,Actual,SW,Water,,,Clayton,07060003,River/Stream,,42.96274242,-91.22931615
6,15220003,North Cedar Creek (NCC),06/20/1995 12:30:00,SNY319,NIT-AMM,Ammonia-nitrogen (as N),Total,,0.1,mg/l,False,0.1,,,Unknown,SNY001,Actual,SW,Water,,,Clayton,07060003,River/Stream,,42.96274242,-91.22931615
6,15220003,North Cedar Creek (NCC),06/13/1995 14:50:00,SNY319,NIT-AMM,Ammonia-nitrogen (as N),Total,,0.1,mg/l,False,0.1,,,Unknown,SNY001,Actual,SW,Water,,,Clayton,07060003,River/Stream,,42.96274242,-91.22931615
6,15220003,North Cedar Creek (NCC),05/23/1995 14:25:00,SNY319,NIT-AMM,Ammonia-nitrogen (as N),Total,,0.1,mg/l,False,0.1,,,Unknown,SNY001,Actual,SW,Water,,,Clayton,07060003,River/Stream,,42.96274242,-91.22931615
6,15220003,North Cedar Creek (NCC),05/16/1995 12:10:00,SNY319,NIT-AMM,Ammonia-nitrogen (as N),Total,,0.1,mg/l,False,0.1,,,Unknown,SNY001,Actual,SW,Water,,,Clayton,07060003,River/Stream,,42.96274242,-91.22931615
6,15220001,Bloody Run Creek Site #2 (BR02),03/11/1997 11:15:00,SNY319,NIT-AMM,Ammonia-nitrogen (as N),Total,,0.6,mg/l,True,0.1,,,Unknown,SNY001,Actual,SW,Water,,,Clayton,07060001,River/Stream,,43.03547975,-91.26682808
6,15220001,Bloody Run Creek Site #2 (BR02),03/18/1997 11:40:00,SNY319,NIT-AMM,Ammonia-nitrogen (as N),Total,,1,mg/l,True,0.1,,,Unknown,SNY001,Actual,SW,Water,,,Clayton,07060001,River/Stream,,43.03547975,-91.26682808
6,15220001,Bloody Run Creek Site #2 (BR02),03/25/1997 12:10:00,SNY319,NIT-AMM,Ammonia-nitrogen (as N),Total,,0.1,mg/l,False,0.1,,,Unknown,SNY001,Actual,SW,Water,,,Clayton,07060001,River/Stream,,43.03547975,-91.26682808
6,15220001,Bloody Run Creek Site #2 (BR02),04/22/1997 10:40:00,SNY319,NIT-AMM,Ammonia-nitrogen (as N),Total,,0.1,mg/l,False,0.1,,,Unknown,SNY001,Actual,SW,Water,,,Clayton,07060001,River/Stream,,43.03547975,-91.26682808
6,15220001,Bloody Run Creek Site #2 (BR02),04/29/1997 12:00:00,SNY319,NIT-AMM,Ammonia-nitrogen (as N),Total,,0.1,mg/l,False,0.1,,,Unknown,SNY001,Actual,SW,Water,,,Clayton,07060001,River/Stream,,43.03547975,-91.26682808
6,15220001,Bloody Run Creek Site #2 (BR02),05/06/1997 11:50:00,SNY319,NIT-AMM,Ammonia-nitrogen (as N),Total,,0.1,mg/l,False,0.1,,,Unknown,SNY001,Actual,SW,Water,,,Clayton,07060001,River/Stream,,43.03547975,-91.26682808
6,15220001,Bloody Run Creek Site #2 (BR02),06/10/1997 11:05:00,SNY319,NIT-AMM,Ammonia-nitrogen (as N),Total,,0.1,mg/l,True,0.1,,,Unknown,SNY001,Actual,SW,Water,,,Clayton,07060001,River/Stream,,43.03547975,-91.26682808
6,15220001,Bloody Run Creek Site #2 (BR02),06/17/1997 12:00:00,SNY319,NIT-AMM,Ammonia-nitrogen (as N),Total,,0.1,mg/l,False,0.1,,,Unknown,SNY001,Actual,SW,Water,,,Clayton,07060001,River/Stream,,43.03547975,-91.26682808
6,15220001,Bloody Run Creek Site #2 (BR02),06/24/1997 12:30:00,SNY319,NIT-AMM,Ammonia-nitrogen (as N),Total,,0.1,mg/l,False,0.1,,,Unknown,SNY001,Actual,SW,Water,,,Clayton,07060001,River/Stream,,43.03547975,-91.26682808
6,15220001,Bloody Run Creek Site #2 (BR02),07/22/1997 11:10:00,SNY319,NIT-AMM,Ammonia-nitrogen (as N),Total,,0.1,mg/l,False,0.1,,,Unknown,SNY001,Actual,SW,Water,,,Clayton,07060001,River/Stream,,43.03547975,-91.26682808
6,15220001,Bloody Run Creek Site #2 (BR02),07/28/1997 13:50:00,SNY319,NIT-AMM,Ammonia-nitrogen (as N),Total,,0.1,mg/l,False,0.1,,,Unknown,SNY001,Actual,SW,Water,,,Clayton,07060001,River/Stream,,43.03547975,-91.26682808
6,15220001,Bloody Run Creek Site #2 (BR02),08/05/1997 11:25:00,SNY319,NIT-AMM,Ammonia-nitrogen (as N),Total,,0.1,mg/l,False,0.1,,,Unknown,SNY001,Actual,SW,Water,,,Clayton,07060001,River/Stream,,43.03547975,-91.26682808
6,15220001,Bloody Run Creek Site #2 (BR02),09/09/1997 11:00:00,SNY319,NIT-AMM,Ammonia-nitrogen (as N),Total,,0.1,mg/l,False,0.1,,,Unknown,SNY001,Actual,SW,Water,,,Clayton,07060001,River/Stream,,43.03547975,-91.26682808
6,15220001,Bloody Run Creek Site #2 (BR02),09/16/1997 10:30:00,SNY319,NIT-AMM,Ammonia-nitrogen (as N),Total,,0.1,mg/l,False,0.1,,,Unknown,SNY001,Actual,SW,Water,,,Clayton,07060001,River/Stream,,43.03547975,-91.26682808
6,15220001,Bloody Run Creek Site #2 (BR02),09/23/1997 11:25:00,SNY319,NIT-AMM,Ammonia-nitrogen (as N),Total,,0.1,mg/l,False,0.1,,,Unknown,SNY001,Actual,SW,Water,,,Clayton,07060001,River/Stream,,43.03547975,-91.26682808
6,15220002,Bloody Run Creek at Spook Cave (BRSC),03/25/1997 11:50:00,SNY319,NIT-AMM,Ammonia-nitrogen (as N),Total,,0.1,mg/l,False,0.1,,,Unknown,SNY001,Actual,SW,Water,,,Clayton,07060001,River/Stream,,43.03326422,-91.30759437
6,15220002,Bloody Run Creek at Spook Cave (BRSC),04/29/1997 11:45:00,SNY319,NIT-AMM,Ammonia-nitrogen (as N),Total,,0.1,mg/l,False,0.1,,,Unknown,SNY001,Actual,SW,Water,,,Clayton,07060001,River/Stream,,43.03326422,-91.30759437
6,15220002,Bloody Run Creek at Spook Cave (BRSC),05/26/1997 12:20:00,SNY319,NIT-AMM,Ammonia-nitrogen (as N),Total,,0.1,mg/l,False,0.1,,,Unknown,SNY001,Actual,SW,Water,,,Clayton,07060001,River/Stream,,43.03326422,-91.30759437
6,15220003,North Cedar Creek (NCC),01/07/1997 12:00:00,SNY319,NIT-AMM,Ammonia-nitrogen (as N),Total,,0.1,mg/l,False,0.1,,,Unknown,SNY001,Actual,SW,Water,,,Clayton,07060003,River/Stream,,42.96274242,-91.22931615
6,15220003,North Cedar Creek (NCC),01/14/1997 15:15:00,SNY319,NIT-AMM,Ammonia-nitrogen (as N),Total,,0.1,mg/l,False,0.1,,,Unknown,SNY001,Actual,SW,Water,,,Clayton,07060003,River/Stream,,42.96274242,-91.22931615
6,15220003,North Cedar Creek (NCC),01/21/1997 11:15:00,SNY319,NIT-AMM,Ammonia-nitrogen (as N),Total,,0.1,mg/l,False,0.1,,,Unknown,SNY001,Actual,SW,Water,,,Clayton,07060003,River/Stream,,42.96274242,-91.22931615
6,15220003,North Cedar Creek (NCC),02/18/1997 13:50:00,SNY319,NIT-AMM,Ammonia-nitrogen (as N),Total,,0.1,mg/l,False,0.1,,,Unknown,SNY001,Actual,SW,Water,,,Clayton,07060003,River/Stream,,42.96274242,-91.22931615
6,15220003,North Cedar Creek (NCC),02/25/1997 13:30:00,SNY319,NIT-AMM,Ammonia-nitrogen (as N),Total,,0.1,mg/l,False,0.1,,,Unknown,SNY001,Actual,SW,Water,,,Clayton,07060003,River/Stream,,42.96274242,-91.22931615
6,15220003,North Cedar Creek (NCC),03/04/1997 13:15:00,SNY319,NIT-AMM,Ammonia-nitrogen (as N),Total,,0.1,mg/l,False,0.1,,,Unknown,SNY001,Actual,SW,Water,,,Clayton,07060003,River/Stream,,42.96274242,-91.22931615
6,15220003,North Cedar Creek (NCC),04/08/1997 11:40:00,SNY319,NIT-AMM,Ammonia-nitrogen (as N),Total,,0.1,mg/l,False,0.1,,,Unknown,SNY001,Actual,SW,Water,,,Clayton,07060003,River/Stream,,42.96274242,-91.22931615
6,15220003,North Cedar Creek (NCC),04/15/1997 14:05:00,SNY319,NIT-AMM,Ammonia-nitrogen (as N),Total,,0.1,mg/l,False,0.1,,,Unknown,SNY001,Actual,SW,Water,,,Clayton,07060003,River/Stream,,42.96274242,-91.22931615
6,15220003,North Cedar Creek (NCC),04/22/1997 12:10:00,SNY319,NIT-AMM,Ammonia-nitrogen (as N),Total,,0.1,mg/l,False,0.1,,,Unknown,SNY001,Actual,SW,Water,,,Clayton,07060003,River/Stream,,42.96274242,-91.22931615
6,15220003,North Cedar Creek (NCC),05/20/1997 12:50:00,SNY319,NIT-AMM,Ammonia-nitrogen (as N),Total,,0.1,mg/l,False,0.1,,,Unknown,SNY001,Actual,SW,Water,,,Clayton,07060003,River/Stream,,42.96274242,-91.22931615
6,15220003,North Cedar Creek (NCC),05/26/1997 15:05:00,SNY319,NIT-AMM,Ammonia-nitrogen (as N),Total,,0.1,mg/l,False,0.1,,,Unknown,SNY001,Actual,SW,Water,,,Clayton,07060003,River/Stream,,42.96274242,-91.22931615
6,15220003,North Cedar Creek (NCC),06/03/1997 14:00:00,SNY319,NIT-AMM,Ammonia-nitrogen (as N),Total,,0.1,mg/l,False,0.1,,,Unknown,SNY001,Actual,SW,Water,,,Clayton,07060003,River/Stream,,42.96274242,-91.22931615
6,15220003,North Cedar Creek (NCC),07/08/1997 12:55:00,SNY319,NIT-AMM,Ammonia-nitrogen (as N),Total,,0.1,mg/l,False,0.1,,,Unknown,SNY001,Actual,SW,Water,,,Clayton,07060003,River/Stream,,42.96274242,-91.22931615
6,15220003,North Cedar Creek (NCC),07/15/1997 13:10:00,SNY319,NIT-AMM,Ammonia-nitrogen (as N),Total,,0.1,mg/l,False,0.1,,,Unknown,SNY001,Actual,SW,Water,,,Clayton,07060003,River/Stream,,42.96274242,-91.22931615
6,15220003,North Cedar Creek (NCC),07/22/1997 12:40:00,SNY319,NIT-AMM,Ammonia-nitrogen (as N),Total,,0.1,mg/l,False,0.1,,,Unknown,SNY001,Actual,SW,Water,,,Clayton,07060003,River/Stream,,42.96274242,-91.22931615
6,15220003,North Cedar Creek (NCC),05/09/1995 14:20:00,SNY319,NIT-AMM,Ammonia-nitrogen (as N),Total,,0.4,mg/l,True,0.1,,,Unknown,SNY001,Actual,SW,Water,,,Clayton,07060003,River/Stream,,42.96274242,-91.22931615
6,15220003,North Cedar Creek (NCC),04/11/1995 13:45:00,SNY319,NIT-AMM,Ammonia-nitrogen (as N),Total,,0.1,mg/l,True,0.1,,,Unknown,SNY001,Actual,SW,Water,,,Clayton,07060003,River/Stream,,42.96274242,-91.22931615
6,15220003,North Cedar Creek (NCC),04/18/1995 12:45:00,SNY319,NIT-AMM,Ammonia-nitrogen (as N),Total,,0.1,mg/l,False,0.1,,,Unknown,SNY001,Actual,SW,Water,,,Clayton,07060003,River/Stream,,42.96274242,-91.22931615
6,15220003,North Cedar Creek (NCC),04/04/1995 14:10:00,SNY319,NIT-AMM,Ammonia-nitrogen (as N),Total,,0.1,mg/l,False,0.1,,,Unknown,SNY001,Actual,SW,Water,,,Clayton,07060003,River/Stream,,42.96274242,-91.22931615
6,15220003,North Cedar Creek (NCC),03/14/1995 15:05:00,SNY319,NIT-AMM,Ammonia-nitrogen (as N),Total,,0.1,mg/l,False,0.1,,,Unknown,SNY001,Actual,SW,Water,,,Clayton,07060003,River/Stream,,42.96274242,-91.22931615
6,15220003,North Cedar Creek (NCC),03/07/1995 12:30:00,SNY319,NIT-AMM,Ammonia-nitrogen (as N),Total,,0.1,mg/l,False,0.1,,,Unknown,SNY001,Actual,SW,Water,,,Clayton,07060003,River/Stream,,42.96274242,-91.22931615
6,15220003,North Cedar Creek (NCC),02/07/1995 12:00:00,SNY319,NIT-AMM,Ammonia-nitrogen (as N),Total,,0.1,mg/l,True,0.1,,,Unknown,SNY001,Actual,SW,Water,,,Clayton,07060003,River/Stream,,42.96274242,-91.22931615
6,15220003,North Cedar Creek (NCC),01/31/1995 11:10:00,SNY319,NIT-AMM,Ammonia-nitrogen (as N),Total,,0.1,mg/l,False,0.1,,,Unknown,SNY001,Actual,SW,Water,,,Clayton,07060003,River/Stream,,42.96274242,-91.22931615
6,15220003,North Cedar Creek (NCC),01/03/1995 11:00:00,SNY319,NIT-AMM,Ammonia-nitrogen (as N),Total,,0.6,mg/l,True,0.1,,,Unknown,SNY001,Actual,SW,Water,,,Clayton,07060003,River/Stream,,42.96274242,-91.22931615
6,15220002,Bloody Run Creek at Spook Cave (BRSC),05/30/1995 12:40:00,SNY319,NIT-AMM,Ammonia-nitrogen (as N),Total,,0.1,mg/l,False,0.1,,,Unknown,SNY001,Actual,SW,Water,,,Clayton,07060001,River/Stream,,43.03326422,-91.30759437
6,15220002,Bloody Run Creek at Spook Cave (BRSC),09/26/1995 11:45:00,SNY319,NIT-AMM,Ammonia-nitrogen (as N),Total,,0.1,mg/l,False,0.1,,,Unknown,SNY001,Actual,SW,Water,,,Clayton,07060001,River/Stream,,43.03326422,-91.30759437
6,15220001,Bloody Run Creek Site #2 (BR02),09/26/1995 12:20:00,SNY319,NIT-AMM,Ammonia-nitrogen (as N),Total,,0.1,mg/l,False,0.1,,,Unknown,SNY001,Actual,SW,Water,,,Clayton,07060001,River/Stream,,43.03547975,-91.26682808
6,15220002,Bloody Run Creek at Spook Cave (BRSC),04/25/1995 09:25:00,SNY319,NIT-AMM,Ammonia-nitrogen (as N),Total,,0.1,mg/l,False,0.1,,,Unknown,SNY001,Actual,SW,Water,,,Clayton,07060001,River/Stream,,43.03326422,-91.30759437
6,15220001,Bloody Run Creek Site #2 (BR02),09/19/1995 10:40:00,SNY319,NIT-AMM,Ammonia-nitrogen (as N),Total,,0.1,mg/l,False,0.1,,,Unknown,SNY001,Actual,SW,Water,,,Clayton,07060001,River/Stream,,43.03547975,-91.26682808
6,15220001,Bloody Run Creek Site #2 (BR02),07/04/1995 13:00:00,SNY319,NIT-AMM,Ammonia-nitrogen (as N),Total,,0.1,mg/l,False,0.1,,,Unknown,SNY001,Actual,SW,Water,,,Clayton,07060001,River/Stream,,43.03547975,-91.26682808
6,15220001,Bloody Run Creek Site #2 (BR02),08/22/1995 13:00:00,SNY319,NIT-AMM,Ammonia-nitrogen (as N),Total,,0.1,mg/l,False,0.1,,,Unknown,SNY001,Actual,SW,Water,,,Clayton,07060001,River/Stream,,43.03547975,-91.26682808
6,15220001,Bloody Run Creek Site #2 (BR02),07/18/1995 13:45:00,SNY319,NIT-AMM,Ammonia-nitrogen (as N),Total,,0.1,mg/l,True,0.1,,,Unknown,SNY001,Actual,SW,Water,,,Clayton,07060001,River/Stream,,43.03547975,-91.26682808
6,15220001,Bloody Run Creek Site #2 (BR02),08/15/1995 15:00:00,SNY319,NIT-AMM,Ammonia-nitrogen (as N),Total,,0.2,mg/l,True,0.1,,,Unknown,SNY001,Actual,SW,Water,,,Clayton,07060001,River/Stream,,43.03547975,-91.26682808
6,15220001,Bloody Run Creek Site #2 (BR02),07/11/1995 15:10:00,SNY319,NIT-AMM,Ammonia-nitrogen (as N),Total,,0.1,mg/l,False,0.1,,,Unknown,SNY001,Actual,SW,Water,,,Clayton,07060001,River/Stream,,43.03547975,-91.26682808
6,15220001,Bloody Run Creek Site #2 (BR02),06/13/1995 11:50:00,SNY319,NIT-AMM,Ammonia-nitrogen (as N),Total,,0.1,mg/l,False,0.1,,,Unknown,SNY001,Actual,SW,Water,,,Clayton,07060001,River/Stream,,43.03547975,-91.26682808
6,15220001,Bloody Run Creek Site #2 (BR02),06/06/1995 08:10:00,SNY319,NIT-AMM,Ammonia-nitrogen (as N),Total,,0.1,mg/l,False,0.1,,,Unknown,SNY001,Actual,SW,Water,,,Clayton,07060001,River/Stream,,43.03547975,-91.26682808
6,15220001,Bloody Run Creek Site #2 (BR02),05/09/1995 12:40:00,SNY319,NIT-AMM,Ammonia-nitrogen (as N),Total,,0.2,mg/l,True,0.1,,,Unknown,SNY001,Actual,SW,Water,,,Clayton,07060001,River/Stream,,43.03547975,-91.26682808
6,15220001,Bloody Run Creek Site #2 (BR02),05/30/1995 12:55:00,SNY319,NIT-AMM,Ammonia-nitrogen (as N),Total,,0.1,mg/l,False,0.1,,,Unknown,SNY001,Actual,SW,Water,,,Clayton,07060001,River/Stream,,43.03547975,-91.26682808
6,15220001,Bloody Run Creek Site #2 (BR02),04/25/1995 09:15:00,SNY319,NIT-AMM,Ammonia-nitrogen (as N),Total,,0.1,mg/l,False,0.1,,,Unknown,SNY001,Actual,SW,Water,,,Clayton,07060001,River/Stream,,43.03547975,-91.26682808
6,15220001,Bloody Run Creek Site #2 (BR02),05/02/1995 10:00:00,SNY319,NIT-AMM,Ammonia-nitrogen (as N),Total,,0.3,mg/l,True,0.1,,,Unknown,SNY001,Actual,SW,Water,,,Clayton,07060001,River/Stream,,43.03547975,-91.26682808
6,15220001,Bloody Run Creek Site #2 (BR02),03/28/1995 10:15:00,SNY319,NIT-AMM,Ammonia-nitrogen (as N),Total,,0.1,mg/l,False,0.1,,,Unknown,SNY001,Actual,SW,Water,,,Clayton,07060001,River/Stream,,43.03547975,-91.26682808
6,15220001,Bloody Run Creek Site #2 (BR02),04/04/1995 12:40:00,SNY319,NIT-AMM,Ammonia-nitrogen (as N),Total,,0.1,mg/l,False,0.1,,,Unknown,SNY001,Actual,SW,Water,,,Clayton,07060001,River/Stream,,43.03547975,-91.26682808
6,15220001,Bloody Run Creek Site #2 (BR02),02/28/1995 08:45:00,SNY319,NIT-AMM,Ammonia-nitrogen (as N),Total,,0.1,mg/l,False,0.1,,,Unknown,SNY001,Actual,SW,Water,,,Clayton,07060001,River/Stream,,43.03547975,-91.26682808
6,15220001,Bloody Run Creek Site #2 (BR02),02/21/1995 10:30:00,SNY319,NIT-AMM,Ammonia-nitrogen (as N),Total,,0.7,mg/l,True,0.1,,,Unknown,SNY001,Actual,SW,Water,,,Clayton,07060001,River/Stream,,43.03547975,-91.26682808
6,15220001,Bloody Run Creek Site #2 (BR02),01/17/1995 11:00:00,SNY319,NIT-AMM,Ammonia-nitrogen (as N),Total,,0.2,mg/l,True,0.1,,,Unknown,SNY001,Actual,SW,Water,,,Clayton,07060001,River/Stream,,43.03547975,-91.26682808
6,15220001,Bloody Run Creek Site #2 (BR02),01/24/1995 12:40:00,SNY319,NIT-AMM,Ammonia-nitrogen (as N),Total,,0.1,mg/l,False,0.1,,,Unknown,SNY001,Actual,SW,Water,,,Clayton,07060001,River/Stream,,43.03547975,-91.26682808
6,15220003,North Cedar Creek (NCC),12/20/1994 11:15:00,SNY319,NIT-AMM,Ammonia-nitrogen (as N),Total,,0.2,mg/l,True,0.1,,,Unknown,SNY001,Actual,SW,Water,,,Clayton,07060003,River/Stream,,42.96274242,-91.22931615
6,15220003,North Cedar Creek (NCC),12/13/1994 14:30:00,SNY319,NIT-AMM,Ammonia-nitrogen (as N),Total,,0.1,mg/l,False,0.1,,,Unknown,SNY001,Actual,SW,Water,,,Clayton,07060003,River/Stream,,42.96274242,-91.22931615
6,15220003,North Cedar Creek (NCC),11/08/1994 16:15:00,SNY319,NIT-AMM,Ammonia-nitrogen (as N),Total,,0.1,mg/l,False,0.1,,,Unknown,SNY001,Actual,SW,Water,,,Clayton,07060003,River/Stream,,42.96274242,-91.22931615
6,15220003,North Cedar Creek (NCC),10/11/1994 14:50:00,SNY319,NIT-AMM,Ammonia-nitrogen (as N),Total,,0.1,mg/l,False,0.1,,,Unknown,SNY001,Actual,SW,Water,,,Clayton,07060003,River/Stream,,42.96274242,-91.22931615
6,15220003,North Cedar Creek (NCC),11/15/1994 14:15:00,SNY319,NIT-AMM,Ammonia-nitrogen (as N),Total,,0.1,mg/l,False,0.1,,,Unknown,SNY001,Actual,SW,Water,,,Clayton,07060003,River/Stream,,42.96274242,-91.22931615
6,15220001,Bloody Run Creek Site #2 (BR02),12/27/1994 09:00:00,SNY319,NIT-AMM,Ammonia-nitrogen (as N),Total,,0.1,mg/l,False,0.1,,,Unknown,SNY001,Actual,SW,Water,,,Clayton,07060001,River/Stream,,43.03547975,-91.26682808
6,15220003,North Cedar Creek (NCC),10/04/1994 15:30:00,SNY319,NIT-AMM,Ammonia-nitrogen (as N),Total,,0.1,mg/l,False,0.1,,,Unknown,SNY001,Actual,SW,Water,,,Clayton,07060003,River/Stream,,42.96274242,-91.22931615
6,15220001,Bloody Run Creek Site #2 (BR02),11/22/1994 12:10:00,SNY319,NIT-AMM,Ammonia-nitrogen (as N),Total,,0.1,mg/l,True,0.1,,,Unknown,SNY001,Actual,SW,Water,,,Clayton,07060001,River/Stream,,43.03547975,-91.26682808
6,15220001,Bloody Run Creek Site #2 (BR02),12/20/1994 10:10:00,SNY319,NIT-AMM,Ammonia-nitrogen (as N),Total,,0.2,mg/l,True,0.1,,,Unknown,SNY001,Actual,SW,Water,,,Clayton,07060001,River/Stream,,43.03547975,-91.26682808
6,15220001,Bloody Run Creek Site #2 (BR02),10/18/1994 11:00:00,SNY319,NIT-AMM,Ammonia-nitrogen (as N),Total,,0.1,mg/l,False,0.1,,,Unknown,SNY001,Actual,SW,Water,,,Clayton,07060001,River/Stream,,43.03547975,-91.26682808
6,15220001,Bloody Run Creek Site #2 (BR02),11/15/1994 12:40:00,SNY319,NIT-AMM,Ammonia-nitrogen (as N),Total,,0.1,mg/l,False,0.1,,,Unknown,SNY001,Actual,SW,Water,,,Clayton,07060001,River/Stream,,43.03547975,-91.26682808
6,15220001,Bloody Run Creek Site #2 (BR02),10/11/1994 13:30:00,SNY319,NIT-AMM,Ammonia-nitrogen (as N),Total,,0.1,mg/l,False,0.1,,,Unknown,SNY001,Actual,SW,Water,,,Clayton,07060001,River/Stream,,43.03547975,-91.26682808
6,15220003,North Cedar Creek (NCC),08/30/1994 12:15:00,SNY319,NIT-AMM,Ammonia-nitrogen (as N),Total,,0.1,mg/l,True,0.1,,,Unknown,SNY001,Actual,SW,Water,,,Clayton,07060003,River/Stream,,42.96274242,-91.22931615
6,15220003,North Cedar Creek (NCC),09/06/1994 16:05:00,SNY319,NIT-AMM,Ammonia-nitrogen (as N),Total,,0.3,mg/l,True,0.1,,,Unknown,SNY001,Actual,SW,Water,,,Clayton,07060003,River/Stream,,42.96274242,-91.22931615
6,15220001,Bloody Run Creek Site #2 (BR02),09/28/1994 08:40:00,SNY319,NIT-AMM,Ammonia-nitrogen (as N),Total,,0.2,mg/l,True,0.1,,,Unknown,SNY001,Actual,SW,Water,,,Clayton,07060001,River/Stream,,43.03547975,-91.26682808
6,15220002,Bloody Run Creek at Spook Cave (BRSC),08/30/1994 10:15:00,SNY319,NIT-AMM,Ammonia-nitrogen (as N),Total,,0.1,mg/l,True,0.1,,,Unknown,SNY001,Actual,SW,Water,,,Clayton,07060001,River/Stream,,43.03326422,-91.30759437
6,15220003,North Cedar Creek (NCC),08/16/1994 14:00:00,SNY319,NIT-AMM,Ammonia-nitrogen (as N),Total,,0.1,mg/l,True,0.1,,,Unknown,SNY001,Actual,SW,Water,,,Clayton,07060003,River/Stream,,42.96274242,-91.22931615
6,15220003,North Cedar Creek (NCC),08/23/1994 14:00:00,SNY319,NIT-AMM,Ammonia-nitrogen (as N),Total,,0.1,mg/l,False,0.1,,,Unknown,SNY001,Actual,SW,Water,,,Clayton,07060003,River/Stream,,42.96274242,-91.22931615
6,15220001,Bloody Run Creek Site #2 (BR02),09/13/1994 10:35:00,SNY319,NIT-AMM,Ammonia-nitrogen (as N),Total,,0.1,mg/l,False,0.1,,,Unknown,SNY001,Actual,SW,Water,,,Clayton,07060001,River/Stream,,43.03547975,-91.26682808
6,15220001,Bloody Run Creek Site #2 (BR02),09/20/1994 10:35:00,SNY319,NIT-AMM,Ammonia-nitrogen (as N),Total,,0.1,mg/l,False,0.1,,,Unknown,SNY001,Actual,SW,Water,,,Clayton,07060001,River/Stream,,43.03547975,-91.26682808
6,10220003,Bloody Run Creek Site #1 (BR01),08/06/2020 11:30:00,AMBIENT,NIT-AMM,Ammonia-nitrogen (AS N),Total,,0.05,mg/l,False,0.05,,,LAC10-107-06-1J,UHL001,Actual,SW,Water,,,Clayton,07060001,River/Stream,,43.0404991,-91.2055504
6,10220003,Bloody Run Creek Site #1 (BR01),07/08/2020 11:30:00,AMBIENT,NIT-AMM,Ammonia-nitrogen (AS N),Total,,0.05,mg/l,False,0.05,,,LAC10-107-06-1J,UHL001,Actual,SW,Water,,,Clayton,07060001,River/Stream,,43.0404991,-91.2055504
6,10220003,Bloody Run Creek Site #1 (BR01),06/04/2020 11:25:00,AMBIENT,NIT-AMM,Ammonia-nitrogen (AS N),Total,,0.05,mg/l,False,0.05,,,LAC10-107-06-1J,UHL001,Actual,SW,Water,,,Clayton,07060001,River/Stream,,43.0404991,-91.2055504
6,10220003,Bloody Run Creek Site #1 (BR01),05/07/2020 11:10:00,AMBIENT,NIT-AMM,Ammonia-nitrogen (AS N),Total,,0.05,mg/l,False,0.05,,,LAC10-107-06-1J,UHL001,Actual,SW,Water,,,Clayton,07060001,River/Stream,,43.0404991,-91.2055504
6,10220003,Bloody Run Creek Site #1 (BR01),04/07/2020 09:50:00,AMBIENT,NIT-AMM,Ammonia-nitrogen (AS N),Total,,0.05,mg/l,False,0.05,,,LAC10-107-06-1J,UHL001,Actual,SW,Water,,,Clayton,07060001,River/Stream,,43.0404991,-91.2055504
6,10220003,Bloody Run Creek Site #1 (BR01),03/03/2020 11:40:00,AMBIENT,NIT-AMM,Ammonia-nitrogen (AS N),Total,,0.05,mg/l,False,0.05,,,LAC10-107-06-1J,UHL001,Actual,SW,Water,,,Clayton,07060001,River/Stream,,43.0404991,-91.2055504
6,10220003,Bloody Run Creek Site #1 (BR01),02/04/2020 09:55:00,AMBIENT,NIT-AMM,Ammonia-nitrogen (AS N),Total,,0.05,mg/l,False,0.05,,,LAC10-107-06-1J,UHL001,Actual,SW,Water,,,Clayton,07060001,River/Stream,,43.0404991,-91.2055504
6,10220003,Bloody Run Creek Site #1 (BR01),01/07/2020 11:40:00,AMBIENT,NIT-AMM,Ammonia-nitrogen (AS N),Total,,0.05,mg/l,False,0.05,,,LAC10-107-06-1J,UHL001,Actual,SW,Water,,,Clayton,07060001,River/Stream,,43.0404991,-91.2055504
6,10220003,Bloody Run Creek Site #1 (BR01),11/05/2019 11:30:00,AMBIENT,NIT-AMM,Ammonia-nitrogen (AS N),Total,,0.05,mg/l,False,0.05,,,LAC10-107-06-1J,UHL001,Actual,SW,Water,,,Clayton,07060001,River/Stream,,43.0404991,-91.2055504
6,10220003,Bloody Run Creek Site #1 (BR01),12/05/2019 10:40:00,AMBIENT,NIT-AMM,Ammonia-nitrogen (AS N),Total,,0.05,mg/l,False,0.05,,,LAC10-107-06-1J,UHL001,Actual,SW,Water,,,Clayton,07060001,River/Stream,,43.0404991,-91.2055504
6,10220003,Bloody Run Creek Site #1 (BR01),10/02/2019 10:10:00,AMBIENT,NIT-AMM,Ammonia-nitrogen (AS N),Total,,0.05,mg/l,True,0.05,,,LAC10-107-06-1J,UHL001,Actual,SW,Water,,,Clayton,07060001,River/Stream,,43.0404991,-91.2055504
6,10220003,Bloody Run Creek Site #1 (BR01),09/05/2019 09:15:00,AMBIENT,NIT-AMM,Ammonia-nitrogen (AS N),Total,,0.05,mg/l,False,0.05,,,LAC10-107-06-1J,UHL001,Actual,SW,Water,,,Clayton,07060001,River/Stream,,43.0404991,-91.2055504
6,10220003,Bloody Run Creek Site #1 (BR01),08/08/2019 10:10:00,AMBIENT,NIT-AMM,Ammonia-nitrogen (AS N),Total,,0.05,mg/l,False,0.05,,,LAC10-107-06-1J,UHL001,Actual,SW,Water,,,Clayton,07060001,River/Stream,,43.0404991,-91.2055504
6,10220003,Bloody Run Creek Site #1 (BR01),07/02/2019 10:30:00,AMBIENT,NIT-AMM,Ammonia-nitrogen (AS N),Total,,0.05,mg/l,False,0.05,,,LAC10-107-06-1J,UHL001,Actual,SW,Water,,,Clayton,07060001,River/Stream,,43.0404991,-91.2055504
6,10220003,Bloody Run Creek Site #1 (BR01),06/05/2019 08:45:00,AMBIENT,NIT-AMM,Ammonia-nitrogen (AS N),Total,,0.05,mg/l,False,0.05,,,LAC10-107-06-1J,UHL001,Actual,SW,Water,,,Clayton,07060001,River/Stream,,43.0404991,-91.2055504
6,10220003,Bloody Run Creek Site #1 (BR01),05/07/2019 09:20:00,AMBIENT,NIT-AMM,Ammonia-nitrogen (AS N),Total,,0.05,mg/l,False,0.05,,,LAC10-107-06-1J,UHL001,Actual,SW,Water,,,Clayton,07060001,River/Stream,,43.0404991,-91.2055504
6,10220003,Bloody Run Creek Site #1 (BR01),04/04/2019 09:20:00,AMBIENT,NIT-AMM,Ammonia-nitrogen (AS N),Total,,0.05,mg/l,False,0.05,,,LAC10-107-06-1J,UHL001,Actual,SW,Water,,,Clayton,07060001,River/Stream,,43.0404991,-91.2055504
6,10220003,Bloody Run Creek Site #1 (BR01),03/07/2019 09:40:00,AMBIENT,NIT-AMM,Ammonia-nitrogen (AS N),Total,,0.05,mg/l,False,0.05,,,LAC10-107-06-1J,UHL001,Actual,SW,Water,,,Clayton,07060001,River/Stream,,43.0404991,-91.2055504
6,10220003,Bloody Run Creek Site #1 (BR01),02/07/2019 08:55:00,AMBIENT,NIT-AMM,Ammonia-nitrogen (AS N),Total,,0.05,mg/l,False,0.05,,,LAC10-107-06-1J,UHL001,Actual,SW,Water,,,Clayton,07060001,River/Stream,,43.0404991,-91.2055504
6,10220003,Bloody Run Creek Site #1 (BR01),12/05/2018 10:05:00,AMBIENT,NIT-AMM,Ammonia-nitrogen (AS N),Total,,0.05,mg/l,False,0.05,,,LAC10-107-06-1J,UHL001,Actual,SW,Water,,,Clayton,07060001,River/Stream,,43.0404991,-91.2055504
6,10220003,Bloody Run Creek Site #1 (BR01),01/07/2019 11:45:00,AMBIENT,NIT-AMM,Ammonia-nitrogen (AS N),Total,,0.05,mg/l,False,0.05,,,LAC10-107-06-1J,UHL001,Actual,SW,Water,,,Clayton,07060001,River/Stream,,43.0404991,-91.2055504
6,10220003,Bloody Run Creek Site #1 (BR01),11/07/2018 10:10:00,AMBIENT,NIT-AMM,Ammonia-nitrogen (AS N),Total,,0.05,mg/l,False,0.05,,,LAC10-107-06-1J,UHL001,Actual,SW,Water,,,Clayton,07060001,River/Stream,,43.0404991,-91.2055504
6,10220003,Bloody Run Creek Site #1 (BR01),09/06/2018 10:30:00,AMBIENT,NIT-AMM,Ammonia-nitrogen (AS N),Total,,0.05,mg/l,False,0.05,,,LAC10-107-06-1J,UHL001,Actual,SW,Water,,,Clayton,07060001,River/Stream,,43.0404991,-91.2055504
6,10220003,Bloody Run Creek Site #1 (BR01),10/02/2018 10:25:00,AMBIENT,NIT-AMM,Ammonia-nitrogen (AS N),Total,,0.05,mg/l,False,0.05,,,LAC10-107-06-1J,UHL001,Actual,SW,Water,,,Clayton,07060001,River/Stream,,43.0404991,-91.2055504
6,10220003,Bloody Run Creek Site #1 (BR01),08/07/2018 10:00:00,AMBIENT,NIT-AMM,Ammonia-nitrogen (AS N),Total,,0.05,mg/l,False,0.05,,,LAC10-107-06-1J,UHL001,Actual,SW,Water,,,Clayton,07060001,River/Stream,,43.0404991,-91.2055504
6,10220003,Bloody Run Creek Site #1 (BR01),07/09/2018 10:20:00,AMBIENT,NIT-AMM,Ammonia-nitrogen (AS N),Total,,0.05,mg/l,False,0.05,,,LAC10-107-06-1J,UHL001,Actual,SW,Water,,,Clayton,07060001,River/Stream,,43.0404991,-91.2055504
6,10220003,Bloody Run Creek Site #1 (BR01),06/07/2018 10:15:00,AMBIENT,NIT-AMM,Ammonia-nitrogen (AS N),Total,,0.05,mg/l,False,0.05,,,LAC10-107-06-1J,UHL001,Actual,SW,Water,,,Clayton,07060001,River/Stream,,43.0404991,-91.2055504
6,10220003,Bloody Run Creek Site #1 (BR01),05/08/2018 09:40:00,AMBIENT,NIT-AMM,Ammonia-nitrogen (AS N),Total,,0.05,mg/l,False,0.05,,,LAC10-107-06-1J,UHL001,Actual,SW,Water,,,Clayton,07060001,River/Stream,,43.0404991,-91.2055504
6,10220003,Bloody Run Creek Site #1 (BR01),04/10/2018 09:30:00,AMBIENT,NIT-AMM,Ammonia-nitrogen (AS N),Total,,0.05,mg/l,False,0.05,,,LAC10-107-06-1J,UHL001,Actual,SW,Water,,,Clayton,07060001,River/Stream,,43.0404991,-91.2055504
6,10220003,Bloody Run Creek Site #1 (BR01),03/08/2018 11:35:00,AMBIENT,NIT-AMM,Ammonia-nitrogen (AS N),Total,,0.05,mg/l,False,0.05,,,LAC10-107-06-1J,UHL001,Actual,SW,Water,,,Clayton,07060001,River/Stream,,43.0404991,-91.2055504
6,10220003,Bloody Run Creek Site #1 (BR01),01/03/2018 10:50:00,AMBIENT,NIT-AMM,Ammonia-nitrogen (AS N),Total,,0.05,mg/l,False,0.05,,,LAC10-107-06-1J,UHL001,Actual,SW,Water,,,Clayton,07060001,River/Stream,,43.0404991,-91.2055504
6,10220003,Bloody Run Creek Site #1 (BR01),02/05/2018 09:10:00,AMBIENT,NIT-AMM,Ammonia-nitrogen (AS N),Total,,0.05,mg/l,False,0.05,,,LAC10-107-06-1J,UHL001,Actual,SW,Water,,,Clayton,07060001,River/Stream,,43.0404991,-91.2055504
6,10220003,Bloody Run Creek Site #1 (BR01),11/06/2017 10:30:00,AMBIENT,NIT-AMM,Ammonia-nitrogen (AS N),Total,,0.05,mg/l,False,0.05,,,LAC10-107-06-1J,UHL001,Actual,SW,Water,,,Clayton,07060001,River/Stream,,43.0404991,-91.2055504
6,10220003,Bloody Run Creek Site #1 (BR01),12/04/2017 10:30:00,AMBIENT,NIT-AMM,Ammonia-nitrogen (AS N),Total,,0.05,mg/l,False,0.05,,,LAC10-107-06-1J,UHL001,Actual,SW,Water,,,Clayton,07060001,River/Stream,,43.0404991,-91.2055504
6,10220003,Bloody Run Creek Site #1 (BR01),09/07/2017 10:30:00,AMBIENT,NIT-AMM,Ammonia-nitrogen (AS N),Total,,0.05,mg/l,False,0.05,,,LAC10-107-06-1J,UHL001,Actual,SW,Water,,,Clayton,07060001,River/Stream,,43.0404991,-91.2055504
6,10220003,Bloody Run Creek Site #1 (BR01),10/04/2017 10:20:00,AMBIENT,NIT-AMM,Ammonia-nitrogen (AS N),Total,,0.05,mg/l,False,0.05,,,LAC10-107-06-1J,UHL001,Actual,SW,Water,,,Clayton,07060001,River/Stream,,43.0404991,-91.2055504
6,10220003,Bloody Run Creek Site #1 (BR01),08/02/2017 09:10:00,AMBIENT,NIT-AMM,Ammonia-nitrogen (AS N),Total,,0.05,mg/l,False,0.05,,,LAC10-107-06-1J,UHL001,Actual,SW,Water,,,Clayton,07060001,River/Stream,,43.0404991,-91.2055504
6,10220003,Bloody Run Creek Site #1 (BR01),07/06/2017 09:50:00,AMBIENT,NIT-AMM,Ammonia-nitrogen (AS N),Total,,0.05,mg/l,False,0.05,,,LAC10-107-06-1J,UHL001,Actual,SW,Water,,,Clayton,07060001,River/Stream,,43.0404991,-91.2055504
6,10220003,Bloody Run Creek Site #1 (BR01),05/01/2017 10:25:00,AMBIENT,NIT-AMM,Ammonia-nitrogen (AS N),Total,,0.05,mg/l,False,0.05,,,LAC10-107-06-1J,UHL001,Actual,SW,Water,,,Clayton,07060001,River/Stream,,43.0404991,-91.2055504
6,10220003,Bloody Run Creek Site #1 (BR01),06/07/2017 08:20:00,AMBIENT,NIT-AMM,Ammonia-nitrogen (AS N),Total,,0.05,mg/l,False,0.05,,,LAC10-107-06-1J,UHL001,Actual,SW,Water,,,Clayton,07060001,River/Stream,,43.0404991,-91.2055504
6,10220003,Bloody Run Creek Site #1 (BR01),04/10/2017 09:35:00,AMBIENT,NIT-AMM,Ammonia-nitrogen (AS N),Total,,0.05,mg/l,False,0.05,,,LAC10-107-06-1J,UHL001,Actual,SW,Water,,,Clayton,07060001,River/Stream,,43.0404991,-91.2055504
6,10220003,Bloody Run Creek Site #1 (BR01),03/02/2017 10:20:00,AMBIENT,NIT-AMM,Ammonia-nitrogen (AS N),Total,,0.05,mg/l,False,0.05,,,LAC10-107-06-1J,UHL001,Actual,SW,Water,,,Clayton,07060001,River/Stream,,43.0404991,-91.2055504
6,10220003,Bloody Run Creek Site #1 (BR01),02/01/2017 09:55:00,AMBIENT,NIT-AMM,Ammonia-nitrogen (AS N),Total,,0.05,mg/l,False,0.05,,,LAC10-107-06-1J,UHL001,Actual,SW,Water,,,Clayton,07060001,River/Stream,,43.0404991,-91.2055504
6,10220003,Bloody Run Creek Site #1 (BR01),01/05/2017 10:35:00,AMBIENT,NIT-AMM,Ammonia-nitrogen (AS N),Total,,0.05,mg/l,False,0.05,,,LAC10-107-06-1J,UHL001,Actual,SW,Water,,,Clayton,07060001,River/Stream,,43.0404991,-91.2055504
6,10220003,Bloody Run Creek Site #1 (BR01),12/07/2016 10:30:00,AMBIENT,NIT-AMM,Ammonia-nitrogen (AS N),Total,,0.05,mg/l,False,0.05,,,LAC10-107-06-1J,UHL001,Actual,SW,Water,,,Clayton,07060001,River/Stream,,43.0404991,-91.2055504
6,10220003,Bloody Run Creek Site #1 (BR01),11/01/2016 10:50:00,AMBIENT,NIT-AMM,Ammonia-nitrogen (AS N),Total,,0.05,mg/l,False,0.05,,,LAC10-107-06-1J,UHL001,Actual,SW,Water,,,Clayton,07060001,River/Stream,,43.0404991,-91.2055504
6,10220003,Bloody Run Creek Site #1 (BR01),06/03/2008 08:55:00,AMBIENT,NIT-AMM,Ammonia-nitrogen (as N),Total,,0.05,mg/l,False,0.05,,,350.1,UHL001,Actual,SW,Water,,,Clayton,07060001,River/Stream,,43.0404991,-91.2055504
6,10220003,Bloody Run Creek Site #1 (BR01),08/13/2008 08:30:00,AMBIENT,NIT-AMM,Ammonia-nitrogen (as N),Total,,0.05,mg/l,False,0.05,,,350.1,UHL001,Actual,SW,Water,,,Clayton,07060001,River/Stream,,43.0404991,-91.2055504
6,10220003,Bloody Run Creek Site #1 (BR01),04/06/2009 09:30:00,AMBIENT,NIT-AMM,Ammonia-nitrogen (as N),Total,,0.05,mg/l,False,0.05,,,350.1,UHL001,Actual,SW,Water,,,Clayton,07060001,River/Stream,,43.0404991,-91.2055504
6,10220003,Bloody Run Creek Site #1 (BR01),06/10/2009 10:10:00,AMBIENT,NIT-AMM,Ammonia-nitrogen (as N),Total,,0.05,mg/l,False,0.05,,,350.1,UHL001,Actual,SW,Water,,,Clayton,07060001,River/Stream,,43.0404991,-91.2055504
6,10220003,Bloody Run Creek Site #1 (BR01),07/06/2009 12:30:00,AMBIENT,NIT-AMM,Ammonia-nitrogen (as N),Total,,0.05,mg/l,False,0.05,,,350.1,UHL001,Actual,SW,Water,,,Clayton,07060001,River/Stream,,43.0404991,-91.2055504
6,10220003,Bloody Run Creek Site #1 (BR01),02/12/2008 09:45:00,AMBIENT,NIT-AMM,Ammonia-nitrogen (as N),Total,,0.05,mg/l,False,0.05,,,350.1,UHL001,Actual,SW,Water,,,Clayton,07060001,River/Stream,,43.0404991,-91.2055504
6,10220003,Bloody Run Creek Site #1 (BR01),12/04/2007 10:10:00,AMBIENT,NIT-AMM,Ammonia-nitrogen (as N),Total,,0.05,mg/l,False,0.05,,,350.1,UHL001,Actual,SW,Water,,,Clayton,07060001,River/Stream,,43.0404991,-91.2055504
6,10220003,Bloody Run Creek Site #1 (BR01),09/12/2007 10:10:00,AMBIENT,NIT-AMM,Ammonia-nitrogen (as N),Total,,0.05,mg/l,False,0.05,,,350.1,UHL001,Actual,SW,Water,,,Clayton,07060001,River/Stream,,43.0404991,-91.2055504
6,10220003,Bloody Run Creek Site #1 (BR01),07/12/2007 09:20:00,AMBIENT,NIT-AMM,Ammonia-nitrogen (as N),Total,,0.05,mg/l,False,0.05,,,350.1,UHL001,Actual,SW,Water,,,Clayton,07060001,River/Stream,,43.0404991,-91.2055504
6,10220003,Bloody Run Creek Site #1 (BR01),05/03/2010 08:30:00,AMBIENT,NIT-AMM,Ammonia-nitrogen (as N),Total,,0.05,mg/l,False,0.05,,,350.1,UHL001,Actual,SW,Water,,,Clayton,07060001,River/Stream,,43.0404991,-91.2055504
6,10220003,Bloody Run Creek Site #1 (BR01),07/07/2010 10:15:00,AMBIENT,NIT-AMM,Ammonia-nitrogen (as N),Total,,0.05,mg/l,False,0.05,,,350.1,UHL001,Actual,SW,Water,,,Clayton,07060001,River/Stream,,43.0404991,-91.2055504
6,10220003,Bloody Run Creek Site #1 (BR01),04/05/2010 10:00:00,AMBIENT,NIT-AMM,Ammonia-nitrogen (as N),Total,,0.05,mg/l,False,0.05,,,350.1,UHL001,Actual,SW,Water,,,Clayton,07060001,River/Stream,,43.0404991,-91.2055504
6,10220003,Bloody Run Creek Site #1 (BR01),03/01/2010 09:20:00,AMBIENT,NIT-AMM,Ammonia-nitrogen (as N),Total,,0.05,mg/l,False,0.05,,,350.1,UHL001,Actual,SW,Water,,,Clayton,07060001,River/Stream,,43.0404991,-91.2055504
6,10220003,Bloody Run Creek Site #1 (BR01),02/03/2010 10:00:00,AMBIENT,NIT-AMM,Ammonia-nitrogen (as N),Total,,0.05,mg/l,False,0.05,,,350.1,UHL001,Actual,SW,Water,,,Clayton,07060001,River/Stream,,43.0404991,-91.2055504
6,10220003,Bloody Run Creek Site #1 (BR01),10/08/2009 10:20:00,AMBIENT,NIT-AMM,Ammonia-nitrogen (as N),Total,,0.05,mg/l,False,0.05,,,350.1,UHL001,Actual,SW,Water,,,Clayton,07060001,River/Stream,,43.0404991,-91.2055504
6,10220003,Bloody Run Creek Site #1 (BR01),11/05/2009 10:30:00,AMBIENT,NIT-AMM,Ammonia-nitrogen (as N),Total,,0.05,mg/l,False,0.05,,,350.1,UHL001,Actual,SW,Water,,,Clayton,07060001,River/Stream,,43.0404991,-91.2055504
6,10220003,Bloody Run Creek Site #1 (BR01),08/11/2009 11:45:00,AMBIENT,NIT-AMM,Ammonia-nitrogen (as N),Total,,0.05,mg/l,False,0.05,,,350.1,UHL001,Actual,SW,Water,,,Clayton,07060001,River/Stream,,43.0404991,-91.2055504
6,10220003,Bloody Run Creek Site #1 (BR01),02/21/2007 09:45:00,AMBIENT,NIT-AMM,Ammonia-nitrogen (as N),Total,,0.05,mg/l,False,0.05,,,350.1,UHL001,Actual,SW,Water,,,Clayton,07060001,River/Stream,,43.0404991,-91.2055504
6,10220003,Bloody Run Creek Site #1 (BR01),04/10/2007 09:40:00,AMBIENT,NIT-AMM,Ammonia-nitrogen (as N),Total,,0.05,mg/l,False,0.05,,,350.1,UHL001,Actual,SW,Water,,,Clayton,07060001,River/Stream,,43.0404991,-91.2055504
6,10220003,Bloody Run Creek Site #1 (BR01),12/07/2006 09:30:00,AMBIENT,NIT-AMM,Ammonia-nitrogen (as N),Total,,0.05,mg/l,False,0.05,,,350.1,UHL001,Actual,SW,Water,,,Clayton,07060001,River/Stream,,43.0404991,-91.2055504
6,10220003,Bloody Run Creek Site #1 (BR01),11/08/2006 09:45:00,AMBIENT,NIT-AMM,Ammonia-nitrogen (as N),Total,,0.05,mg/l,False,0.05,,,350.1,UHL001,Actual,SW,Water,,,Clayton,07060001,River/Stream,,43.0404991,-91.2055504
6,10220003,Bloody Run Creek Site #1 (BR01),09/07/2006 10:50:00,AMBIENT,NIT-AMM,Ammonia-nitrogen (as N),Total,,0.05,mg/l,False,0.05,,,350.1,UHL001,Actual,SW,Water,,,Clayton,07060001,River/Stream,,43.0404991,-91.2055504
6,10220003,Bloody Run Creek Site #1 (BR01),07/06/2006 12:05:00,AMBIENT,NIT-AMM,Ammonia-nitrogen (as N),Total,,0.05,mg/l,False,0.05,,,350.1,UHL001,Actual,SW,Water,,,Clayton,07060001,River/Stream,,43.0404991,-91.2055504
6,10220003,Bloody Run Creek Site #1 (BR01),06/05/2006 09:00:00,AMBIENT,NIT-AMM,Ammonia-nitrogen (as N),Total,,0.05,mg/l,False,0.05,,,350.1,UHL001,Actual,SW,Water,,,Clayton,07060001,River/Stream,,43.0404991,-91.2055504
6,10220003,Bloody Run Creek Site #1 (BR01),05/02/2006 09:40:00,AMBIENT,NIT-AMM,Ammonia-nitrogen (as N),Total,,0.05,mg/l,False,0.05,,,350.1,UHL001,Actual,SW,Water,,,Clayton,07060001,River/Stream,,43.0404991,-91.2055504
6,10220003,Bloody Run Creek Site #1 (BR01),04/04/2006 10:00:00,AMBIENT,NIT-AMM,Ammonia-nitrogen (as N),Total,,0.05,mg/l,False,0.05,,,350.1,UHL001,Actual,SW,Water,,,Clayton,07060001,River/Stream,,43.0404991,-91.2055504
6,10220003,Bloody Run Creek Site #1 (BR01),09/05/2005 08:15:00,AMBIENT,NIT-AMM,Ammonia-nitrogen (as N),Total,,0.05,mg/l,False,0.05,,,350.1,UHL001,Actual,SW,Water,,,Clayton,07060001,River/Stream,,43.0404991,-91.2055504
6,10220003,Bloody Run Creek Site #1 (BR01),11/01/2005 09:15:00,AMBIENT,NIT-AMM,Ammonia-nitrogen (as N),Total,,0.05,mg/l,False,0.05,,,350.1,UHL001,Actual,SW,Water,,,Clayton,07060001,River/Stream,,43.0404991,-91.2055504
6,10220003,Bloody Run Creek Site #1 (BR01),07/06/2005 10:20:00,AMBIENT,NIT-AMM,Ammonia-nitrogen (as N),Total,,0.05,mg/l,False,0.05,,,350.1,UHL001,Actual,SW,Water,,,Clayton,07060001,River/Stream,,43.0404991,-91.2055504
6,10220003,Bloody Run Creek Site #1 (BR01),05/03/2005 11:10:00,AMBIENT,NIT-AMM,Ammonia-nitrogen (as N),Total,,0.05,mg/l,False,0.05,,,350.1,UHL001,Actual,SW,Water,,,Clayton,07060001,River/Stream,,43.0404991,-91.2055504
6,10220003,Bloody Run Creek Site #1 (BR01),01/11/2005 11:10:00,AMBIENT,NIT-AMM,Ammonia-nitrogen (as N),Total,,0.05,mg/l,False,0.05,,,350.1,UHL001,Actual,SW,Water,,,Clayton,07060001,River/Stream,,43.0404991,-91.2055504
6,10220003,Bloody Run Creek Site #1 (BR01),02/08/2005 10:25:00,AMBIENT,NIT-AMM,Ammonia-nitrogen (as N),Total,,0.91,mg/l,True,0.05,,,350.1,UHL001,Actual,SW,Water,,,Clayton,07060001,River/Stream,,43.0404991,-91.2055504
6,10220003,Bloody Run Creek Site #1 (BR01),03/01/2005 10:45:00,AMBIENT,NIT-AMM,Ammonia-nitrogen (as N),Total,,0.05,mg/l,False,0.05,,,350.1,UHL001,Actual,SW,Water,,,Clayton,07060001,River/Stream,,43.0404991,-91.2055504
6,10220003,Bloody Run Creek Site #1 (BR01),04/05/2005 09:10:00,AMBIENT,NIT-AMM,Ammonia-nitrogen (as N),Total,,0.05,mg/l,False,0.05,,,350.1,UHL001,Actual,SW,Water,,,Clayton,07060001,River/Stream,,43.0404991,-91.2055504
6,10220003,Bloody Run Creek Site #1 (BR01),09/24/1996 13:10:00,SNY319,NIT-AMM,Ammonia-nitrogen (as N),Total,,0.1,mg/l,False,0.1,,,Unknown,SNY001,Actual,SW,Water,,,Clayton,07060001,River/Stream,,43.0404991,-91.2055504
6,10220003,Bloody Run Creek Site #1 (BR01),08/06/2002 09:45:00,AMBIENT,NIT-AMM,Ammonia-nitrogen (as N),Total,,0.12,mg/l,True,0.05,,,Unknown,UHL001,Actual,SW,Water,,,Clayton,07060001,River/Stream,,43.0404991,-91.2055504
6,10220003,Bloody Run Creek Site #1 (BR01),02/05/2002 10:25:00,AMBIENT,NIT-AMM,Ammonia-nitrogen (as N),Total,,0.05,mg/l,False,0.05,,,Unknown,UHL001,Actual,SW,Water,,,Clayton,07060001,River/Stream,,43.0404991,-91.2055504
6,10220003,Bloody Run Creek Site #1 (BR01),04/02/2002 09:45:00,AMBIENT,NIT-AMM,Ammonia-nitrogen (as N),Total,,0.05,mg/l,False,0.05,,,Unknown,UHL001,Actual,SW,Water,,,Clayton,07060001,River/Stream,,43.0404991,-91.2055504
6,10220003,Bloody Run Creek Site #1 (BR01),07/01/2002 12:40:00,AMBIENT,NIT-AMM,Ammonia-nitrogen (as N),Total,,0.05,mg/l,False,0.05,,,Unknown,UHL001,Actual,SW,Water,,,Clayton,07060001,River/Stream,,43.0404991,-91.2055504
6,10220003,Bloody Run Creek Site #1 (BR01),12/03/2002 10:10:00,AMBIENT,NIT-AMM,Ammonia-nitrogen (as N),Total,,0.05,mg/l,False,0.05,,,350.1,UHL001,Actual,SW,Water,,,Clayton,07060001,River/Stream,,43.0404991,-91.2055504
6,10220003,Bloody Run Creek Site #1 (BR01),12/04/2001 09:50:00,AMBIENT,NIT-AMM,Ammonia-nitrogen (as N),Total,,0.05,mg/l,False,0.05,,,Unknown,UHL001,Actual,SW,Water,,,Clayton,07060001,River/Stream,,43.0404991,-91.2055504
6,10220003,Bloody Run Creek Site #1 (BR01),09/03/1996 11:25:00,SNY319,NIT-AMM,Ammonia-nitrogen (as N),Total,,0.1,mg/l,False,0.1,,,Unknown,SNY001,Actual,SW,Water,,,Clayton,07060001,River/Stream,,43.0404991,-91.2055504
6,10220003,Bloody Run Creek Site #1 (BR01),08/13/1996 11:35:00,SNY319,NIT-AMM,Ammonia-nitrogen (as N),Total,,0.1,mg/l,False,0.1,,,Unknown,SNY001,Actual,SW,Water,,,Clayton,07060001,River/Stream,,43.0404991,-91.2055504
6,10220003,Bloody Run Creek Site #1 (BR01),07/23/1996 11:20:00,SNY319,NIT-AMM,Ammonia-nitrogen (as N),Total,,0.1,mg/l,False,0.1,,,Unknown,SNY001,Actual,SW,Water,,,Clayton,07060001,River/Stream,,43.0404991,-91.2055504
6,10220003,Bloody Run Creek Site #1 (BR01),07/02/1996 10:00:00,SNY319,NIT-AMM,Ammonia-nitrogen (as N),Total,,0.1,mg/l,False,0.1,,,Unknown,SNY001,Actual,SW,Water,,,Clayton,07060001,River/Stream,,43.0404991,-91.2055504
6,10220003,Bloody Run Creek Site #1 (BR01),11/09/2004 10:55:00,AMBIENT,NIT-AMM,Ammonia-nitrogen (as N),Total,,0.05,mg/l,False,0.05,,,350.1,UHL001,Actual,SW,Water,,,Clayton,07060001,River/Stream,,43.0404991,-91.2055504
6,10220003,Bloody Run Creek Site #1 (BR01),12/07/2004 10:10:00,AMBIENT,NIT-AMM,Ammonia-nitrogen (as N),Total,,0.05,mg/l,False,0.05,,,350.1,UHL001,Actual,SW,Water,,,Clayton,07060001,River/Stream,,43.0404991,-91.2055504
6,10220003,Bloody Run Creek Site #1 (BR01),10/05/2004 10:00:00,AMBIENT,NIT-AMM,Ammonia-nitrogen (as N),Total,,0.05,mg/l,False,0.05,,,350.1,UHL001,Actual,SW,Water,,,Clayton,07060001,River/Stream,,43.0404991,-91.2055504
6,10220003,Bloody Run Creek Site #1 (BR01),08/03/2004 10:55:00,AMBIENT,NIT-AMM,Ammonia-nitrogen (as N),Total,,0.05,mg/l,False,0.05,,,350.1,UHL001,Actual,SW,Water,,,Clayton,07060001,River/Stream,,43.0404991,-91.2055504
6,10220003,Bloody Run Creek Site #1 (BR01),05/04/2004 10:45:00,AMBIENT,NIT-AMM,Ammonia-nitrogen (as N),Total,,0.05,mg/l,False,0.05,,,350.1,UHL001,Actual,SW,Water,,,Clayton,07060001,River/Stream,,43.0404991,-91.2055504
6,10220003,Bloody Run Creek Site #1 (BR01),03/02/2004 10:20:00,AMBIENT,NIT-AMM,Ammonia-nitrogen (as N),Total,,0.33,mg/l,True,0.05,,,350.1,UHL001,Actual,SW,Water,,,Clayton,07060001,River/Stream,,43.0404991,-91.2055504
6,10220003,Bloody Run Creek Site #1 (BR01),02/03/2004 11:45:00,AMBIENT,NIT-AMM,Ammonia-nitrogen (as N),Total,,0.05,mg/l,False,0.05,,,350.1,UHL001,Actual,SW,Water,,,Clayton,07060001,River/Stream,,43.0404991,-91.2055504
6,10220003,Bloody Run Creek Site #1 (BR01),09/02/2003 11:30:00,AMBIENT,NIT-AMM,Ammonia-nitrogen (as N),Total,,0.05,mg/l,False,0.05,,,350.1,UHL001,Actual,SW,Water,,,Clayton,07060001,River/Stream,,43.0404991,-91.2055504
6,10220003,Bloody Run Creek Site #1 (BR01),11/04/2003 13:35:00,AMBIENT,NIT-AMM,Ammonia-nitrogen (as N),Total,,0.05,mg/l,False,0.05,,,350.1,UHL001,Actual,SW,Water,,,Clayton,07060001,River/Stream,,43.0404991,-91.2055504
6,10220003,Bloody Run Creek Site #1 (BR01),10/07/2003 10:10:00,AMBIENT,NIT-AMM,Ammonia-nitrogen (as N),Total,,0.05,mg/l,False,0.05,,,350.1,UHL001,Actual,SW,Water,,,Clayton,07060001,River/Stream,,43.0404991,-91.2055504
6,10220003,Bloody Run Creek Site #1 (BR01),11/05/2002 13:40:00,AMBIENT,NIT-AMM,Ammonia-nitrogen (as N),Total,,0.05,mg/l,False,0.05,,,350.1,UHL001,Actual,SW,Water,,,Clayton,07060001,River/Stream,,43.0404991,-91.2055504
6,10220003,Bloody Run Creek Site #1 (BR01),06/03/2003 10:30:00,AMBIENT,NIT-AMM,Ammonia-nitrogen (as N),Total,,0.05,mg/l,False,0.05,,,350.1,UHL001,Actual,SW,Water,,,Clayton,07060001,River/Stream,,43.0404991,-91.2055504
6,10220003,Bloody Run Creek Site #1 (BR01),08/05/2003 09:45:00,AMBIENT,NIT-AMM,Ammonia-nitrogen (as N),Total,,0.05,mg/l,False,0.05,,,350.1,UHL001,Actual,SW,Water,,,Clayton,07060001,River/Stream,,43.0404991,-91.2055504
6,10220003,Bloody Run Creek Site #1 (BR01),02/04/2003 10:40:00,AMBIENT,NIT-AMM,Ammonia-nitrogen (as N),Total,,0.05,mg/l,False,0.05,,,350.1,UHL001,Actual,SW,Water,,,Clayton,07060001,River/Stream,,43.0404991,-91.2055504
6,10220003,Bloody Run Creek Site #1 (BR01),04/01/2003 10:00:00,AMBIENT,NIT-AMM,Ammonia-nitrogen (as N),Total,,0.05,mg/l,False,0.05,,,350.1,UHL001,Actual,SW,Water,,,Clayton,07060001,River/Stream,,43.0404991,-91.2055504
6,10220003,Bloody Run Creek Site #1 (BR01),09/01/2016 09:50:00,AMBIENT,NIT-AMM,Ammonia-nitrogen (AS N),Total,,0.05,mg/l,False,0.05,,,LAC10-107-06-1J,UHL001,Actual,SW,Water,,,Clayton,07060001,River/Stream,,43.0404991,-91.2055504
6,10220003,Bloody Run Creek Site #1 (BR01),10/03/2016 08:50:00,AMBIENT,NIT-AMM,Ammonia-nitrogen (AS N),Total,,0.05,mg/l,False,0.05,,,LAC10-107-06-1J,UHL001,Actual,SW,Water,,,Clayton,07060001,River/Stream,,43.0404991,-91.2055504
6,10220003,Bloody Run Creek Site #1 (BR01),08/03/2016 10:00:00,AMBIENT,NIT-AMM,Ammonia-nitrogen (AS N),Total,,0.05,mg/l,False,0.05,,,LAC10-107-06-1J,UHL001,Actual,SW,Water,,,Clayton,07060001,River/Stream,,43.0404991,-91.2055504
6,10220003,Bloody Run Creek Site #1 (BR01),07/06/2016 10:50:00,AMBIENT,NIT-AMM,Ammonia-nitrogen (AS N),Total,,0.05,mg/l,False,0.05,,,LAC10-107-06-1J,UHL001,Actual,SW,Water,,,Clayton,07060001,River/Stream,,43.0404991,-91.2055504
6,10220003,Bloody Run Creek Site #1 (BR01),06/02/2016 10:10:00,AMBIENT,NIT-AMM,Ammonia-nitrogen (AS N),Total,,0.05,mg/l,False,0.05,,,LAC10-107-06-1J,UHL001,Actual,SW,Water,,,Clayton,07060001,River/Stream,,43.0404991,-91.2055504
6,10220003,Bloody Run Creek Site #1 (BR01),05/04/2016 10:05:00,AMBIENT,NIT-AMM,Ammonia-nitrogen (AS N),Total,,0.05,mg/l,False,0.05,,,LAC10-107-06-1J,UHL001,Actual,SW,Water,,,Clayton,07060001,River/Stream,,43.0404991,-91.2055504
6,10220003,Bloody Run Creek Site #1 (BR01),04/06/2016 08:40:00,AMBIENT,NIT-AMM,Ammonia-nitrogen (AS N),Total,,0.05,mg/l,False,0.05,,,LAC10-107-06-1J,UHL001,Actual,SW,Water,,,Clayton,07060001,River/Stream,,43.0404991,-91.2055504
6,10220003,Bloody Run Creek Site #1 (BR01),03/08/2016 08:30:00,AMBIENT,NIT-AMM,Ammonia-nitrogen (AS N),Total,,0.05,mg/l,False,0.05,,,LAC10-107-06-1J,UHL001,Actual,SW,Water,,,Clayton,07060001,River/Stream,,43.0404991,-91.2055504
6,10220003,Bloody Run Creek Site #1 (BR01),01/11/2016 10:50:00,AMBIENT,NIT-AMM,Ammonia-nitrogen (AS N),Total,,0.05,mg/l,False,0.05,,,LAC10-107-06-1J,UHL001,Actual,SW,Water,,,Clayton,07060001,River/Stream,,43.0404991,-91.2055504
6,10220003,Bloody Run Creek Site #1 (BR01),02/04/2016 10:50:00,AMBIENT,NIT-AMM,Ammonia-nitrogen (AS N),Total,,0.05,mg/l,False,0.05,,,LAC10-107-06-1J,UHL001,Actual,SW,Water,,,Clayton,07060001,River/Stream,,43.0404991,-91.2055504
6,10220003,Bloody Run Creek Site #1 (BR01),10/08/2015 09:00:00,AMBIENT,NIT-AMM,Ammonia-nitrogen (AS N),Total,,0.05,mg/l,False,0.05,,,LAC10-107-06-1J,UHL001,Actual,SW,Water,,,Clayton,07060001,River/Stream,,43.0404991,-91.2055504
6,10220003,Bloody Run Creek Site #1 (BR01),11/09/2015 09:45:00,AMBIENT,NIT-AMM,Ammonia-nitrogen (AS N),Total,,0.05,mg/l,False,0.05,,,LAC10-107-06-1J,UHL001,Actual,SW,Water,,,Clayton,07060001,River/Stream,,43.0404991,-91.2055504
6,10220003,Bloody Run Creek Site #1 (BR01),12/02/2015 10:00:00,AMBIENT,NIT-AMM,Ammonia-nitrogen (AS N),Total,,0.05,mg/l,False,0.05,,,LAC10-107-06-1J,UHL001,Actual,SW,Water,,,Clayton,07060001,River/Stream,,43.0404991,-91.2055504
6,10220003,Bloody Run Creek Site #1 (BR01),09/02/2015 11:15:00,AMBIENT,NIT-AMM,Ammonia-nitrogen (AS N),Total,,0.05,mg/l,False,0.05,,,LAC10-107-06-1J,UHL001,Actual,SW,Water,,,Clayton,07060001,River/Stream,,43.0404991,-91.2055504
6,10220003,Bloody Run Creek Site #1 (BR01),08/03/2015 09:00:00,AMBIENT,NIT-AMM,Ammonia-nitrogen (AS N),Total,,0.05,mg/l,False,0.05,,,LAC10-107-06-1J,UHL001,Actual,SW,Water,,,Clayton,07060001,River/Stream,,43.0404991,-91.2055504
6,10220003,Bloody Run Creek Site #1 (BR01),07/02/2015 07:50:00,AMBIENT,NIT-AMM,Ammonia-nitrogen (AS N),Total,,0.05,mg/l,False,0.05,,,LAC10-107-06-1J,UHL001,Actual,SW,Water,,,Clayton,07060001,River/Stream,,43.0404991,-91.2055504
6,10220003,Bloody Run Creek Site #1 (BR01),04/02/2015 08:35:00,AMBIENT,NIT-AMM,Ammonia-nitrogen (AS N),Total,,0.05,mg/l,False,0.05,,,LAC10-107-06-1J,UHL001,Actual,SW,Water,,,Clayton,07060001,River/Stream,,43.0404991,-91.2055504
6,10220003,Bloody Run Creek Site #1 (BR01),12/03/2014 08:50:00,AMBIENT,NIT-AMM,Ammonia-nitrogen (AS N),Total,,0.05,mg/l,False,0.05,,,LAC10-107-06-1J,UHL001,Actual,SW,Water,,,Clayton,07060001,River/Stream,,43.0404991,-91.2055504
6,10220003,Bloody Run Creek Site #1 (BR01),09/03/2014 10:00:00,AMBIENT,NIT-AMM,Ammonia-nitrogen (AS N),Total,,0.05,mg/l,False,0.05,,,LAC10-107-06-1J,UHL001,Actual,SW,Water,,,Clayton,07060001,River/Stream,,43.0404991,-91.2055504
6,11220008,Volga River at Littleport (32),11/06/2013 10:43:00,TURKEYR,NIT-AMM,Ammonia-nitrogen (AS N),Total,,0.1,mg/l,True,0.05,,,LAC10-107-06-1J,UHL001,Actual,SW,Water,,,Clayton,07060004,River/Stream,,42.7536427,-91.3691492
6,10220003,Bloody Run Creek Site #1 (BR01),08/04/2014 10:30:00,AMBIENT,NIT-AMM,Ammonia-nitrogen (AS N),Total,,0.05,mg/l,False,0.05,,,LAC10-107-06-1J,UHL001,Actual,SW,Water,,,Clayton,07060001,River/Stream,,43.0404991,-91.2055504
6,11220008,Volga River at Littleport (32),06/05/2013 09:30:00,TURKEYR,NIT-AMM,Ammonia-nitrogen (AS N),Total,,0.05,mg/l,False,0.05,,,LAC10-107-06-1J,UHL001,Actual,SW,Water,,,Clayton,07060004,River/Stream,,42.7536427,-91.3691492
6,11220008,Volga River at Littleport (32),08/07/2013 10:30:00,TURKEYR,NIT-AMM,Ammonia-nitrogen (AS N),Total,,0.05,mg/l,False,0.05,,,LAC10-107-06-1J,UHL001,Actual,SW,Water,,,Clayton,07060004,River/Stream,,42.7536427,-91.3691492
6,10220003,Bloody Run Creek Site #1 (BR01),04/01/2014 08:40:00,AMBIENT,NIT-AMM,Ammonia-nitrogen (AS N),Total,,0.05,mg/l,False,0.05,,,LAC10-107-06-1J,UHL001,Actual,SW,Water,,,Clayton,07060001,River/Stream,,43.0404991,-91.2055504
6,10220003,Bloody Run Creek Site #1 (BR01),02/04/2014 09:10:00,AMBIENT,NIT-AMM,Ammonia-nitrogen (AS N),Total,,0.05,mg/l,False,0.05,,,LAC10-107-06-1J,UHL001,Actual,SW,Water,,,Clayton,07060001,River/Stream,,43.0404991,-91.2055504
6,10220003,Bloody Run Creek Site #1 (BR01),11/06/2013 09:00:00,AMBIENT,NIT-AMM,Ammonia-nitrogen (AS N),Total,,0.05,mg/l,False,0.05,,,LAC10-107-06-1J,UHL001,Actual,SW,Water,,,Clayton,07060001,River/Stream,,43.0404991,-91.2055504
6,10220003,Bloody Run Creek Site #1 (BR01),12/05/2013 10:15:00,AMBIENT,NIT-AMM,Ammonia-nitrogen (AS N),Total,,0.05,mg/l,False,0.05,,,LAC10-107-06-1J,UHL001,Actual,SW,Water,,,Clayton,07060001,River/Stream,,43.0404991,-91.2055504
6,10220003,Bloody Run Creek Site #1 (BR01),05/02/2013 11:15:00,AMBIENT,NIT-AMM,Ammonia-nitrogen (AS N),Total,,0.05,mg/l,False,0.05,,,LAC10-107-06-1J,UHL001,Actual,SW,Water,,,Clayton,07060001,River/Stream,,43.0404991,-91.2055504
6,10220003,Bloody Run Creek Site #1 (BR01),03/07/2013 09:50:00,AMBIENT,NIT-AMM,Ammonia-nitrogen (AS N),Total,,0.05,mg/l,False,0.05,,,LAC10-107-06-1J,UHL001,Actual,SW,Water,,,Clayton,07060001,River/Stream,,43.0404991,-91.2055504
6,11220008,Volga River at Littleport (32),10/03/2012 10:23:00,TURKEYR,NIT-AMM,Ammonia-nitrogen (as N),Total,,0.05,mg/l,False,0.05,,,LAC10-107-06-1J,IGS-GRAB,Actual,SW,Water,,,Clayton,07060004,River/Stream,,42.7536427,-91.3691492
6,10220003,Bloody Run Creek Site #1 (BR01),02/07/2013 11:15:00,AMBIENT,NIT-AMM,Ammonia-nitrogen (AS N),Total,,0.05,mg/l,False,0.05,,,LAC10-107-06-1J,UHL001,Actual,SW,Water,,,Clayton,07060001,River/Stream,,43.0404991,-91.2055504
6,11220008,Volga River at Littleport (32),07/02/2012 09:00:00,TURKEYR,NIT-AMM,Ammonia-nitrogen (as N),Total,,0.05,mg/l,True,0.05,,,LAC10-107-06-1J,IGS-GRAB,Actual,SW,Water,,,Clayton,07060004,River/Stream,,42.7536427,-91.3691492
6,11220008,Volga River at Littleport (32),09/05/2012 10:31:00,TURKEYR,NIT-AMM,Ammonia-nitrogen (as N),Total,,0.22,mg/l,True,0.05,,,LAC10-107-06-1J,IGS-GRAB,Actual,SW,Water,,,Clayton,07060004,River/Stream,,42.7536427,-91.3691492
6,11220008,Volga River at Littleport (32),04/04/2012 10:09:00,TURKEYR,NIT-AMM,Ammonia-nitrogen (as N),Total,,0.05,mg/l,False,0.05,,,LAC10-107-06-1J,IGS-GRAB,Actual,SW,Water,,,Clayton,07060004,River/Stream,,42.7536427,-91.3691492
6,10220003,Bloody Run Creek Site #1 (BR01),10/03/2012 10:20:00,AMBIENT,NIT-AMM,Ammonia-nitrogen (as N),Total,,0.05,mg/l,False,0.05,,,LAC10-107-06-1J,UHL001,Actual,SW,Water,,,Clayton,07060001,River/Stream,,43.0404991,-91.2055504
6,10220003,Bloody Run Creek Site #1 (BR01),08/01/2012 10:45:00,AMBIENT,NIT-AMM,Ammonia-nitrogen (as N),Total,,0.05,mg/l,False,0.05,,,LAC10-107-06-1J,UHL001,Actual,SW,Water,,,Clayton,07060001,River/Stream,,43.0404991,-91.2055504
6,10220003,Bloody Run Creek Site #1 (BR01),12/06/2011 10:30:00,AMBIENT,NIT-AMM,Ammonia-nitrogen (as N),Total,,0.05,mg/l,False,0.05,,,350.1,UHL001,Actual,SW,Water,,,Clayton,07060001,River/Stream,,43.0404991,-91.2055504
6,10220003,Bloody Run Creek Site #1 (BR01),09/10/2012 10:10:00,AMBIENT,NIT-AMM,Ammonia-nitrogen (as N),Total,,0.05,mg/l,False,0.05,,,LAC10-107-06-1J,UHL001,Actual,SW,Water,,,Clayton,07060001,River/Stream,,43.0404991,-91.2055504
6,11220008,Volga River at Littleport (32),11/02/2011 11:50:00,TURKEYR,NIT-AMM,Ammonia-nitrogen (as N),Total,,0.05,mg/l,False,0.05,,,350.1,IGS-GRAB,Actual,SW,Water,,,Clayton,07060004,River/Stream,,42.7536427,-91.3691492
6,11220009,Bear Creek W of Elkport (37),11/02/2011 12:12:00,TURKEYR,NIT-AMM,Ammonia-nitrogen (as N),Total,,0.05,mg/l,False,0.05,,,350.1,IGS-GRAB,Actual,SW,Water,,,Clayton,07060004,River/Stream,,42.7369562,-91.3245041
6,11220009,Bear Creek W of Elkport (37),09/07/2011 09:20:00,TURKEYR,NIT-AMM,Ammonia-nitrogen (as N),Total,,0.15,mg/l,True,0.05,,,350.1,IGS-GRAB,Actual,SW,Water,,,Clayton,07060004,River/Stream,,42.7369562,-91.3245041
6,11220008,Volga River at Littleport (32),09/07/2011 08:40:00,TURKEYR,NIT-AMM,Ammonia-nitrogen (as N),Total,,0.05,mg/l,False,0.05,,,350.1,IGS-GRAB,Actual,SW,Water,,,Clayton,07060004,River/Stream,,42.7536427,-91.3691492
6,10220003,Bloody Run Creek Site #1 (BR01),08/03/2011 10:00:00,AMBIENT,NIT-AMM,Ammonia-nitrogen (as N),Total,,0.2,mg/l,True,0.05,,,350.1,UHL001,Actual,SW,Water,,,Clayton,07060001,River/Stream,,43.0404991,-91.2055504
6,10220003,Bloody Run Creek Site #1 (BR01),09/01/2011 10:40:00,AMBIENT,NIT-AMM,Ammonia-nitrogen (as N),Total,,0.05,mg/l,False,0.05,,,350.1,UHL001,Actual,SW,Water,,,Clayton,07060001,River/Stream,,43.0404991,-91.2055504
6,10220003,Bloody Run Creek Site #1 (BR01),10/03/2011 09:45:00,AMBIENT,NIT-AMM,Ammonia-nitrogen (as N),Total,,0.05,mg/l,False,0.05,,,350.1,UHL001,Actual,SW,Water,,,Clayton,07060001,River/Stream,,43.0404991,-91.2055504
6,10220003,Bloody Run Creek Site #1 (BR01),11/02/2011 10:00:00,AMBIENT,NIT-AMM,Ammonia-nitrogen (as N),Total,,0.05,mg/l,False,0.05,,,350.1,UHL001,Actual,SW,Water,,,Clayton,07060001,River/Stream,,43.0404991,-91.2055504
6,10220003,Bloody Run Creek Site #1 (BR01),06/08/2011 10:00:00,AMBIENT,NIT-AMM,Ammonia-nitrogen (as N),Total,,0.05,mg/l,False,0.05,,,350.1,UHL001,Actual,SW,Water,,,Clayton,07060001,River/Stream,,43.0404991,-91.2055504
6,10220003,Bloody Run Creek Site #1 (BR01),04/04/2011 09:45:00,AMBIENT,NIT-AMM,Ammonia-nitrogen (as N),Total,,0.05,mg/l,False,0.05,,,350.1,UHL001,Actual,SW,Water,,,Clayton,07060001,River/Stream,,43.0404991,-91.2055504
6,10220003,Bloody Run Creek Site #1 (BR01),05/02/2011 10:00:00,AMBIENT,NIT-AMM,Ammonia-nitrogen (as N),Total,,0.05,mg/l,False,0.05,,,350.1,UHL001,Actual,SW,Water,,,Clayton,07060001,River/Stream,,43.0404991,-91.2055504
6,10220003,Bloody Run Creek Site #1 (BR01),02/07/2011 09:20:00,AMBIENT,NIT-AMM,Ammonia-nitrogen (as N),Total,,0.05,mg/l,False,0.05,,,350.1,UHL001,Actual,SW,Water,,,Clayton,07060001,River/Stream,,43.0404991,-91.2055504
6,10220003,Bloody Run Creek Site #1 (BR01),11/02/2010 10:30:00,AMBIENT,NIT-AMM,Ammonia-nitrogen (as N),Total,,0.05,mg/l,False,0.05,,,350.1,UHL001,Actual,SW,Water,,,Clayton,07060001,River/Stream,,43.0404991,-91.2055504
6,10220002,Volga River near Elkport,12/03/2014 07:30:00,AMBIENT,NIT-AMM,Ammonia-nitrogen (AS N),Total,,0.05,mg/l,False,0.05,,,LAC10-107-06-1J,UHL001,Actual,SW,Water,,,Clayton,07060004,River/Stream,,42.7497293,-91.2767798
6,10220001,Turkey River near Garber,12/03/2014 07:55:00,AMBIENT,NIT-AMM,Ammonia-nitrogen (AS N),Total,,0.05,mg/l,False,0.05,,,LAC10-107-06-1J,UHL001,Actual,SW,Water,,,Clayton,07060004,River/Stream,,42.739547,-91.2619757
6,10220002,Volga River near Elkport,08/23/2002 13:00:00,EVENT,NIT-AMM,Ammonia-nitrogen (as N),Total,,0.1,mg/l,True,0.05,,,Unknown,UHL001,Actual,SW,Water,,,Clayton,07060004,River/Stream,,42.7497293,-91.2767798
6,10220002,Volga River near Elkport,04/02/2015 07:30:00,AMBIENT,NIT-AMM,Ammonia-nitrogen (AS N),Total,,0.05,mg/l,False,0.05,,,LAC10-107-06-1J,UHL001,Actual,SW,Water,,,Clayton,07060004,River/Stream,,42.7497293,-91.2767798
6,10220001,Turkey River near Garber,07/02/2015 07:00:00,AMBIENT,NIT-AMM,Ammonia-nitrogen (AS N),Total,,0.05,mg/l,False,0.05,,,LAC10-107-06-1J,UHL001,Actual,SW,Water,,,Clayton,07060004,River/Stream,,42.739547,-91.2619757
6,10220002,Volga River near Elkport,07/02/2015 06:40:00,AMBIENT,NIT-AMM,Ammonia-nitrogen (AS N),Total,,0.05,mg/l,False,0.05,,,LAC10-107-06-1J,UHL001,Actual,SW,Water,,,Clayton,07060004,River/Stream,,42.7497293,-91.2767798
6,10220001,Turkey River near Garber,04/02/2015 07:45:00,AMBIENT,NIT-AMM,Ammonia-nitrogen (AS N),Total,,0.05,mg/l,False,0.05,,,LAC10-107-06-1J,UHL001,Actual,SW,Water,,,Clayton,07060004,River/Stream,,42.739547,-91.2619757
6,10220003,Bloody Run Creek Site #1 (BR01),10/25/1994 12:05:00,SNY319,NIT-AMM,Ammonia-nitrogen (as N),Total,,0.1,mg/l,False,0.1,,,Unknown,SNY001,Actual,SW,Water,,,Clayton,07060001,River/Stream,,43.0404991,-91.2055504
6,10220003,Bloody Run Creek Site #1 (BR01),11/01/1994 10:00:00,SNY319,NIT-AMM,Ammonia-nitrogen (as N),Total,,0.1,mg/l,False,0.1,,,Unknown,SNY001,Actual,SW,Water,,,Clayton,07060001,River/Stream,,43.0404991,-91.2055504
6,10220002,Volga River near Elkport,09/03/2014 11:25:00,AMBIENT,NIT-AMM,Ammonia-nitrogen (AS N),Total,,0.05,mg/l,False,0.05,,,LAC10-107-06-1J,UHL001,Actual,SW,Water,,,Clayton,07060004,River/Stream,,42.7497293,-91.2767798
6,10220002,Volga River near Elkport,09/04/2013 10:45:00,TURKEYR,NIT-AMM,Ammonia-nitrogen (AS N),Total,,0.05,mg/l,False,0.05,,,LAC10-107-06-1J,UHL001,Actual,SW,Water,,,Clayton,07060004,River/Stream,,42.7497293,-91.2767798
6,10220002,Volga River near Elkport,07/10/2013 10:15:00,TURKEYR,NIT-AMM,Ammonia-nitrogen (AS N),Total,,0.05,mg/l,False,0.05,,,LAC10-107-06-1J,UHL001,Actual,SW,Water,,,Clayton,07060004,River/Stream,,42.7497293,-91.2767798
6,10220002,Volga River near Elkport,08/07/2013 12:15:00,TURKEYR,NIT-AMM,Ammonia-nitrogen (AS N),Total,,0.06,mg/l,True,0.05,,,LAC10-107-06-1J,UHL001,Actual,SW,Water,,,Clayton,07060004,River/Stream,,42.7497293,-91.2767798
6,10220002,Volga River near Elkport,06/10/2014 08:00:00,AMBIENT,NIT-AMM,Ammonia-nitrogen (AS N),Total,,0.05,mg/l,False,0.05,,,LAC10-107-06-1J,UHL001,Actual,SW,Water,,,Clayton,07060004,River/Stream,,42.7497293,-91.2767798
6,10220002,Volga River near Elkport,08/04/2014 08:50:00,AMBIENT,NIT-AMM,Ammonia-nitrogen (AS N),Total,,0.05,mg/l,False,0.05,,,LAC10-107-06-1J,UHL001,Actual,SW,Water,,,Clayton,07060004,River/Stream,,42.7497293,-91.2767798
6,10220002,Volga River near Elkport,05/05/2014 08:15:00,AMBIENT,NIT-AMM,Ammonia-nitrogen (AS N),Total,,0.05,mg/l,False,0.05,,,LAC10-107-06-1J,UHL001,Actual,SW,Water,,,Clayton,07060004,River/Stream,,42.7497293,-91.2767798
6,10220002,Volga River near Elkport,04/01/2014 07:30:00,AMBIENT,NIT-AMM,Ammonia-nitrogen (AS N),Total,,0.05,mg/l,False,0.05,,,LAC10-107-06-1J,UHL001,Actual,SW,Water,,,Clayton,07060004,River/Stream,,42.7497293,-91.2767798
6,10220002,Volga River near Elkport,03/03/2014 09:00:00,AMBIENT,NIT-AMM,Ammonia-nitrogen (AS N),Total,,0.05,mg/l,False,0.05,,,LAC10-107-06-1J,UHL001,Actual,SW,Water,,,Clayton,07060004,River/Stream,,42.7497293,-91.2767798
6,10220002,Volga River near Elkport,12/05/2013 09:00:00,AMBIENT,NIT-AMM,Ammonia-nitrogen (AS N),Total,,0.05,mg/l,False,0.05,,,LAC10-107-06-1J,UHL001,Actual,SW,Water,,,Clayton,07060004,River/Stream,,42.7497293,-91.2767798
6,10220002,Volga River near Elkport,11/06/2013 07:15:00,AMBIENT,NIT-AMM,Ammonia-nitrogen (AS N),Total,,0.05,mg/l,False,0.05,,,LAC10-107-06-1J,UHL001,Actual,SW,Water,,,Clayton,07060004,River/Stream,,42.7497293,-91.2767798
6,10220002,Volga River near Elkport,08/01/2013 12:50:00,AMBIENT,NIT-AMM,Ammonia-nitrogen (AS N),Total,,0.05,mg/l,False,0.05,,,LAC10-107-06-1J,UHL001,Actual,SW,Water,,,Clayton,07060004,River/Stream,,42.7497293,-91.2767798
6,10220002,Volga River near Elkport,06/05/2013 08:15:00,AMBIENT,NIT-AMM,Ammonia-nitrogen (AS N),Total,,0.05,mg/l,False,0.05,,,LAC10-107-06-1J,UHL001,Actual,SW,Water,,,Clayton,07060004,River/Stream,,42.7497293,-91.2767798
6,10220002,Volga River near Elkport,07/02/2013 06:50:00,AMBIENT,NIT-AMM,Ammonia-nitrogen (AS N),Total,,0.05,mg/l,False,0.05,,,LAC10-107-06-1J,UHL001,Actual,SW,Water,,,Clayton,07060004,River/Stream,,42.7497293,-91.2767798
6,10220002,Volga River near Elkport,05/02/2013 12:20:00,AMBIENT,NIT-AMM,Ammonia-nitrogen (AS N),Total,,0.05,mg/l,False,0.05,,,LAC10-107-06-1J,UHL001,Actual,SW,Water,,,Clayton,07060004,River/Stream,,42.7497293,-91.2767798
6,10220002,Volga River near Elkport,02/07/2013 12:30:00,AMBIENT,NIT-AMM,Ammonia-nitrogen (AS N),Total,,0.07,mg/l,True,0.05,,,LAC10-107-06-1J,UHL001,Actual,SW,Water,,,Clayton,07060004,River/Stream,,42.7497293,-91.2767798
6,10220002,Volga River near Elkport,01/03/2013 08:45:00,AMBIENT,NIT-AMM,Ammonia-nitrogen (AS N),Total,,0.05,mg/l,False,0.05,,,LAC10-107-06-1J,UHL001,Actual,SW,Water,,,Clayton,07060004,River/Stream,,42.7497293,-91.2767798
6,10220002,Volga River near Elkport,04/04/2012 11:46:00,TURKEYR,NIT-AMM,Ammonia-nitrogen (as N),Total,,0.05,mg/l,False,0.05,,,LAC10-107-06-1J,IGS-GRAB,Actual,SW,Water,,,Clayton,07060004,River/Stream,,42.7497293,-91.2767798
6,10220002,Volga River near Elkport,06/06/2012 08:50:00,TURKEYR,NIT-AMM,Ammonia-nitrogen (as N),Total,,0.05,mg/l,False,0.05,,,LAC10-107-06-1J,IGS-GRAB,Actual,SW,Water,,,Clayton,07060004,River/Stream,,42.7497293,-91.2767798
6,10220002,Volga River near Elkport,08/01/2012 06:12:00,TURKEYR,NIT-AMM,Ammonia-nitrogen (as N),Total,,0.05,mg/l,False,0.05,,,LAC10-107-06-1J,IGS-GRAB,Actual,SW,Water,,,Clayton,07060004,River/Stream,,42.7497293,-91.2767798
6,10220002,Volga River near Elkport,11/01/2012 08:20:00,AMBIENT,NIT-AMM,Ammonia-nitrogen (as N),Total,,0.05,mg/l,False,0.05,,,LAC10-107-06-1J,UHL001,Actual,SW,Water,,,Clayton,07060004,River/Stream,,42.7497293,-91.2767798
6,10220002,Volga River near Elkport,12/06/2011 08:40:00,AMBIENT,NIT-AMM,Ammonia-nitrogen (as N),Total,,0.05,mg/l,False,0.05,,,350.1,UHL001,Actual,SW,Water,,,Clayton,07060004,River/Stream,,42.7497293,-91.2767798
6,10220002,Volga River near Elkport,10/05/2011 12:05:00,TURKEYR,NIT-AMM,Ammonia-nitrogen (as N),Total,,0.05,mg/l,False,0.05,,,350.1,IGS-GRAB,Actual,SW,Water,,,Clayton,07060004,River/Stream,,42.7497293,-91.2767798
6,10220002,Volga River near Elkport,07/06/2011 12:10:00,TURKEYR,NIT-AMM,Ammonia-nitrogen (as N),Total,,0.05,mg/l,False,0.05,,,350.1,IGS-GRAB,Actual,SW,Water,,,Clayton,07060004,River/Stream,,42.7497293,-91.2767798
6,10220002,Volga River near Elkport,09/07/2011 11:10:00,TURKEYR,NIT-AMM,Ammonia-nitrogen (as N),Total,,0.05,mg/l,False,0.05,,,350.1,IGS-GRAB,Actual,SW,Water,,,Clayton,07060004,River/Stream,,42.7497293,-91.2767798
6,10220002,Volga River near Elkport,10/03/2011 08:15:00,AMBIENT,NIT-AMM,Ammonia-nitrogen (as N),Total,,0.05,mg/l,False,0.05,,,350.1,UHL001,Actual,SW,Water,,,Clayton,07060004,River/Stream,,42.7497293,-91.2767798
6,10220002,Volga River near Elkport,11/02/2011 08:55:00,AMBIENT,NIT-AMM,Ammonia-nitrogen (as N),Total,,0.05,mg/l,False,0.05,,,350.1,UHL001,Actual,SW,Water,,,Clayton,07060004,River/Stream,,42.7497293,-91.2767798
6,10220002,Volga River near Elkport,06/01/2011 12:30:00,TURKEYR,NIT-AMM,Ammonia-nitrogen (as N),Total,,0.05,mg/l,False,0.05,,,350.1,IGS-GRAB,Actual,SW,Water,,,Clayton,07060004,River/Stream,,42.7497293,-91.2767798
6,10220002,Volga River near Elkport,09/01/2011 12:30:00,AMBIENT,NIT-AMM,Ammonia-nitrogen (as N),Total,,0.05,mg/l,False,0.05,,,350.1,UHL001,Actual,SW,Water,,,Clayton,07060004,River/Stream,,42.7497293,-91.2767798
6,10220002,Volga River near Elkport,07/05/2011 09:30:00,AMBIENT,NIT-AMM,Ammonia-nitrogen (as N),Total,,0.05,mg/l,False,0.05,,,350.1,UHL001,Actual,SW,Water,,,Clayton,07060004,River/Stream,,42.7497293,-91.2767798
6,10220002,Volga River near Elkport,08/03/2011 08:40:00,AMBIENT,NIT-AMM,Ammonia-nitrogen (as N),Total,,0.05,mg/l,False,0.05,,,350.1,UHL001,Actual,SW,Water,,,Clayton,07060004,River/Stream,,42.7497293,-91.2767798
6,10220002,Volga River near Elkport,05/02/2011 08:30:00,AMBIENT,NIT-AMM,Ammonia-nitrogen (as N),Total,,0.05,mg/l,False,0.05,,,350.1,UHL001,Actual,SW,Water,,,Clayton,07060004,River/Stream,,42.7497293,-91.2767798
6,10220002,Volga River near Elkport,03/01/2011 08:20:00,AMBIENT,NIT-AMM,Ammonia-nitrogen (as N),Total,,0.05,mg/l,False,0.05,,,350.1,UHL001,Actual,SW,Water,,,Clayton,07060004,River/Stream,,42.7497293,-91.2767798
6,10220002,Volga River near Elkport,12/02/2010 09:10:00,AMBIENT,NIT-AMM,Ammonia-nitrogen (as N),Total,,0.05,mg/l,False,0.05,,,350.1,UHL001,Actual,SW,Water,,,Clayton,07060004,River/Stream,,42.7497293,-91.2767798
6,10220002,Volga River near Elkport,01/04/2011 08:35:00,AMBIENT,NIT-AMM,Ammonia-nitrogen (as N),Total,,0.07,mg/l,True,0.05,,,350.1,UHL001,Actual,SW,Water,,,Clayton,07060004,River/Stream,,42.7497293,-91.2767798
6,10220002,Volga River near Elkport,11/02/2010 09:15:00,AMBIENT,NIT-AMM,Ammonia-nitrogen (as N),Total,,0.05,mg/l,False,0.05,,,350.1,UHL001,Actual,SW,Water,,,Clayton,07060004,River/Stream,,42.7497293,-91.2767798
6,10220002,Volga River near Elkport,04/04/2006 08:35:00,AMBIENT,NIT-AMM,Ammonia-nitrogen (as N),Total,,0.05,mg/l,False,0.05,,,350.1,UHL001,Actual,SW,Water,,,Clayton,07060004,River/Stream,,42.7497293,-91.2767798
6,10220002,Volga River near Elkport,02/03/2010 09:00:00,AMBIENT,NIT-AMM,Ammonia-nitrogen (as N),Total,,0.05,mg/l,False,0.05,,,350.1,UHL001,Actual,SW,Water,,,Clayton,07060004,River/Stream,,42.7497293,-91.2767798
6,10220002,Volga River near Elkport,10/08/2009 09:10:00,AMBIENT,NIT-AMM,Ammonia-nitrogen (as N),Total,,0.05,mg/l,False,0.05,,,350.1,UHL001,Actual,SW,Water,,,Clayton,07060004,River/Stream,,42.7497293,-91.2767798
6,10220002,Volga River near Elkport,11/05/2009 08:30:00,AMBIENT,NIT-AMM,Ammonia-nitrogen (as N),Total,,0.05,mg/l,False,0.05,,,350.1,UHL001,Actual,SW,Water,,,Clayton,07060004,River/Stream,,42.7497293,-91.2767798
6,10220002,Volga River near Elkport,12/03/2009 09:00:00,AMBIENT,NIT-AMM,Ammonia-nitrogen (as N),Total,,0.05,mg/l,False,0.05,,,350.1,UHL001,Actual,SW,Water,,,Clayton,07060004,River/Stream,,42.7497293,-91.2767798
6,10220002,Volga River near Elkport,07/06/2009 13:35:00,AMBIENT,NIT-AMM,Ammonia-nitrogen (as N),Total,,0.05,mg/l,False,0.05,,,350.1,UHL001,Actual,SW,Water,,,Clayton,07060004,River/Stream,,42.7497293,-91.2767798
6,10220002,Volga River near Elkport,05/06/2009 08:55:00,AMBIENT,NIT-AMM,Ammonia-nitrogen (as N),Total,,0.05,mg/l,False,0.05,,,350.1,UHL001,Actual,SW,Water,,,Clayton,07060004,River/Stream,,42.7497293,-91.2767798
6,10220002,Volga River near Elkport,06/03/2008 08:00:00,AMBIENT,NIT-AMM,Ammonia-nitrogen (as N),Total,,0.05,mg/l,False,0.05,,,350.1,UHL001,Actual,SW,Water,,,Clayton,07060004,River/Stream,,42.7497293,-91.2767798
6,10220002,Volga River near Elkport,12/04/2007 09:00:00,AMBIENT,NIT-AMM,Ammonia-nitrogen (as N),Total,,0.05,mg/l,False,0.05,,,350.1,UHL001,Actual,SW,Water,,,Clayton,07060004,River/Stream,,42.7497293,-91.2767798
6,10220002,Volga River near Elkport,11/01/2007 10:10:00,AMBIENT,NIT-AMM,Ammonia-nitrogen (as N),Total,,0.05,mg/l,False,0.05,,,350.1,UHL001,Actual,SW,Water,,,Clayton,07060004,River/Stream,,42.7497293,-91.2767798
6,10220002,Volga River near Elkport,09/12/2007 08:50:00,AMBIENT,NIT-AMM,Ammonia-nitrogen (as N),Total,,0.05,mg/l,False,0.05,,,350.1,UHL001,Actual,SW,Water,,,Clayton,07060004,River/Stream,,42.7497293,-91.2767798
6,10220002,Volga River near Elkport,05/08/2007 07:50:00,AMBIENT,NIT-AMM,Ammonia-nitrogen (as N),Total,,0.05,mg/l,False,0.05,,,350.1,UHL001,Actual,SW,Water,,,Clayton,07060004,River/Stream,,42.7497293,-91.2767798
6,10220002,Volga River near Elkport,04/10/2007 08:00:00,AMBIENT,NIT-AMM,Ammonia-nitrogen (as N),Total,,0.05,mg/l,False,0.05,,,350.1,UHL001,Actual,SW,Water,,,Clayton,07060004,River/Stream,,42.7497293,-91.2767798
6,10220003,Bloody Run Creek Site #1 (BR01),05/23/1995 13:20:00,SNY319,NIT-AMM,Ammonia-nitrogen (as N),Total,,0.1,mg/l,False,0.1,,,Unknown,SNY001,Actual,SW,Water,,,Clayton,07060001,River/Stream,,43.0404991,-91.2055504
6,10220002,Volga River near Elkport,10/07/1999 13:10:00,AMBIENT,NIT-AMM,Ammonia-nitrogen (as N),Total,,0.1,mg/l,False,0.1,,,Unknown,UHL001,Actual,SW,Water,,,Clayton,07060004,River/Stream,,42.7497293,-91.2767798
6,10220002,Volga River near Elkport,12/07/1999 08:50:00,AMBIENT,NIT-AMM,Ammonia-nitrogen (as N),Total,,0.1,mg/l,False,0.1,,,Unknown,UHL001,Actual,SW,Water,,,Clayton,07060004,River/Stream,,42.7497293,-91.2767798
6,10220002,Volga River near Elkport,06/14/2000 15:20:00,AMBIENT,NIT-AMM,Ammonia-nitrogen (as N),Total,,0.1,mg/l,True,0.1,,,Unknown,UHL001,Actual,SW,Water,,,Clayton,07060004,River/Stream,,42.7497293,-91.2767798
6,10220002,Volga River near Elkport,05/16/2000 09:55:00,AMBIENT,NIT-AMM,Ammonia-nitrogen (as N),Total,,0.1,mg/l,False,0.1,,,Unknown,UHL001,Actual,SW,Water,,,Clayton,07060004,River/Stream,,42.7497293,-91.2767798
6,10220002,Volga River near Elkport,04/20/2000 08:40:00,AMBIENT,NIT-AMM,Ammonia-nitrogen (as N),Total,,0.5,mg/l,True,0.1,,,Unknown,UHL001,Actual,SW,Water,,,Clayton,07060004,River/Stream,,42.7497293,-91.2767798
6,10220002,Volga River near Elkport,01/13/2000 08:30:00,AMBIENT,NIT-AMM,Ammonia-nitrogen (as N),Total,,0.1,mg/l,False,0.1,,,Unknown,UHL001,Actual,SW,Water,,,Clayton,07060004,River/Stream,,42.7497293,-91.2767798
6,10220003,Bloody Run Creek Site #1 (BR01),05/02/1995 09:20:00,SNY319,NIT-AMM,Ammonia-nitrogen (as N),Total,,0.1,mg/l,False,0.1,,,Unknown,SNY001,Actual,SW,Water,,,Clayton,07060001,River/Stream,,43.0404991,-91.2055504
6,10220003,Bloody Run Creek Site #1 (BR01),04/11/1995 12:45:00,SNY319,NIT-AMM,Ammonia-nitrogen (as N),Total,,0.1,mg/l,False,0.1,,,Unknown,SNY001,Actual,SW,Water,,,Clayton,07060001,River/Stream,,43.0404991,-91.2055504
6,10220003,Bloody Run Creek Site #1 (BR01),03/21/1995 10:10:00,SNY319,NIT-AMM,Ammonia-nitrogen (as N),Total,,0.2,mg/l,True,0.1,,,Unknown,SNY001,Actual,SW,Water,,,Clayton,07060001,River/Stream,,43.0404991,-91.2055504
6,10220003,Bloody Run Creek Site #1 (BR01),02/28/1995 09:05:00,SNY319,NIT-AMM,Ammonia-nitrogen (as N),Total,,0.1,mg/l,False,0.1,,,Unknown,SNY001,Actual,SW,Water,,,Clayton,07060001,River/Stream,,43.0404991,-91.2055504
6,10220002,Volga River near Elkport,04/02/2002 08:10:00,AMBIENT,NIT-AMM,Ammonia-nitrogen (as N),Total,,0.18,mg/l,True,0.05,,,Unknown,UHL001,Actual,SW,Water,,,Clayton,07060004,River/Stream,,42.7497293,-91.2767798
6,10220002,Volga River near Elkport,02/05/2002 08:50:00,AMBIENT,NIT-AMM,Ammonia-nitrogen (as N),Total,,0.05,mg/l,False,0.05,,,Unknown,UHL001,Actual,SW,Water,,,Clayton,07060004,River/Stream,,42.7497293,-91.2767798
6,10220002,Volga River near Elkport,04/09/2001 09:05:00,AMBIENT,NIT-AMM,Ammonia-nitrogen (as N),Total,,0.1,mg/l,False,0.1,,,Unknown,UHL001,Actual,SW,Water,,,Clayton,07060004,River/Stream,,42.7497293,-91.2767798
6,10220002,Volga River near Elkport,07/01/2002 09:45:00,AMBIENT,NIT-AMM,Ammonia-nitrogen (as N),Total,,0.05,mg/l,False,0.05,,,Unknown,UHL001,Actual,SW,Water,,,Clayton,07060004,River/Stream,,42.7497293,-91.2767798
6,10220002,Volga River near Elkport,06/04/2002 08:20:00,AMBIENT,NIT-AMM,Ammonia-nitrogen (as N),Total,,0.73,mg/l,True,0.05,,,Unknown,UHL001,Actual,SW,Water,,,Clayton,07060004,River/Stream,,42.7497293,-91.2767798
6,10220002,Volga River near Elkport,12/04/2001 07:55:00,AMBIENT,NIT-AMM,Ammonia-nitrogen (as N),Total,,0.05,mg/l,False,0.05,,,Unknown,UHL001,Actual,SW,Water,,,Clayton,07060004,River/Stream,,42.7497293,-91.2767798
6,10220002,Volga River near Elkport,11/06/2001 08:25:00,AMBIENT,NIT-AMM,Ammonia-nitrogen (as N),Total,,0.05,mg/l,False,0.05,,,Unknown,UHL001,Actual,SW,Water,,,Clayton,07060004,River/Stream,,42.7497293,-91.2767798
6,10220002,Volga River near Elkport,02/07/2001 08:55:00,AMBIENT,NIT-AMM,Ammonia-nitrogen (as N),Total,,0.1,mg/l,False,0.1,,,Unknown,UHL001,Actual,SW,Water,,,Clayton,07060004,River/Stream,,42.7497293,-91.2767798
6,10220002,Volga River near Elkport,01/09/2001 09:30:00,AMBIENT,NIT-AMM,Ammonia-nitrogen (as N),Total,,0.1,mg/l,False,0.1,,,Unknown,UHL001,Actual,SW,Water,,,Clayton,07060004,River/Stream,,42.7497293,-91.2767798
6,10220002,Volga River near Elkport,12/12/2000 10:00:00,AMBIENT,NIT-AMM,Ammonia-nitrogen (as N),Total,,0.1,mg/l,False,0.1,,,Unknown,UHL001,Actual,SW,Water,,,Clayton,07060004,River/Stream,,42.7497293,-91.2767798
6,10220002,Volga River near Elkport,11/09/2000 08:00:00,AMBIENT,NIT-AMM,Ammonia-nitrogen (as N),Total,,0.1,mg/l,False,0.1,,,Unknown,UHL001,Actual,SW,Water,,,Clayton,07060004,River/Stream,,42.7497293,-91.2767798
6,10220002,Volga River near Elkport,11/08/1999 09:55:00,AMBIENT,NIT-AMM,Ammonia-nitrogen (as N),Total,,0.1,mg/l,False,0.1,,,Unknown,UHL001,Actual,SW,Water,,,Clayton,07060004,River/Stream,,42.7497293,-91.2767798
6,10220002,Volga River near Elkport,06/07/2001 09:00:00,AMBIENT,NIT-AMM,Ammonia-nitrogen (as N),Total,,0.1,mg/l,False,0.1,,,Unknown,UHL001,Actual,SW,Water,,,Clayton,07060004,River/Stream,,42.7497293,-91.2767798
6,10220002,Volga River near Elkport,08/16/2000 12:45:00,AMBIENT,NIT-AMM,Ammonia-nitrogen (as N),Total,,0.1,mg/l,False,0.1,,,Unknown,UHL001,Actual,SW,Water,,,Clayton,07060004,River/Stream,,42.7497293,-91.2767798
6,10220002,Volga River near Elkport,07/12/2000 10:15:00,AMBIENT,NIT-AMM,Ammonia-nitrogen (as N),Total,,0.1,mg/l,False,0.1,,,Unknown,UHL001,Actual,SW,Water,,,Clayton,07060004,River/Stream,,42.7497293,-91.2767798
6,10220002,Volga River near Elkport,03/13/2007 09:50:00,AMBIENT,NIT-AMM,Ammonia-nitrogen (as N),Total,,0.69,mg/l,True,0.05,,,350.1,UHL001,Actual,SW,Water,,,Clayton,07060004,River/Stream,,42.7497293,-91.2767798
6,10220002,Volga River near Elkport,11/08/2006 08:15:00,AMBIENT,NIT-AMM,Ammonia-nitrogen (as N),Total,,0.05,mg/l,False,0.05,,,350.1,UHL001,Actual,SW,Water,,,Clayton,07060004,River/Stream,,42.7497293,-91.2767798
6,10220002,Volga River near Elkport,09/07/2006 12:55:00,AMBIENT,NIT-AMM,Ammonia-nitrogen (as N),Total,,0.05,mg/l,False,0.05,,,350.1,UHL001,Actual,SW,Water,,,Clayton,07060004,River/Stream,,42.7497293,-91.2767798
6,10220002,Volga River near Elkport,08/01/2006 08:10:00,AMBIENT,NIT-AMM,Ammonia-nitrogen (as N),Total,,0.05,mg/l,False,0.05,,,350.1,UHL001,Actual,SW,Water,,,Clayton,07060004,River/Stream,,42.7497293,-91.2767798
6,10220002,Volga River near Elkport,07/06/2006 07:15:00,AMBIENT,NIT-AMM,Ammonia-nitrogen (as N),Total,,0.05,mg/l,False,0.05,,,350.1,UHL001,Actual,SW,Water,,,Clayton,07060004,River/Stream,,42.7497293,-91.2767798
6,10220002,Volga River near Elkport,06/05/2006 07:50:00,AMBIENT,NIT-AMM,Ammonia-nitrogen (as N),Total,,0.05,mg/l,False,0.05,,,350.1,UHL001,Actual,SW,Water,,,Clayton,07060004,River/Stream,,42.7497293,-91.2767798
6,10220002,Volga River near Elkport,01/03/2006 09:30:00,AMBIENT,NIT-AMM,Ammonia-nitrogen (as N),Total,,0.05,mg/l,False,0.05,,,350.1,UHL001,Actual,SW,Water,,,Clayton,07060004,River/Stream,,42.7497293,-91.2767798
6,10220002,Volga River near Elkport,11/01/2005 07:45:00,AMBIENT,NIT-AMM,Ammonia-nitrogen (as N),Total,,0.05,mg/l,False,0.05,,,350.1,UHL001,Actual,SW,Water,,,Clayton,07060004,River/Stream,,42.7497293,-91.2767798
6,10220002,Volga River near Elkport,09/05/2005 09:30:00,AMBIENT,NIT-AMM,Ammonia-nitrogen (as N),Total,,0.05,mg/l,False,0.05,,,350.1,UHL001,Actual,SW,Water,,,Clayton,07060004,River/Stream,,42.7497293,-91.2767798
6,10220002,Volga River near Elkport,07/06/2005 12:00:00,AMBIENT,NIT-AMM,Ammonia-nitrogen (as N),Total,,0.05,mg/l,False,0.05,,,350.1,UHL001,Actual,SW,Water,,,Clayton,07060004,River/Stream,,42.7497293,-91.2767798
6,10220002,Volga River near Elkport,06/07/2005 09:00:00,AMBIENT,NIT-AMM,Ammonia-nitrogen (as N),Total,,0.05,mg/l,False,0.05,,,350.1,UHL001,Actual,SW,Water,,,Clayton,07060004,River/Stream,,42.7497293,-91.2767798
6,10220002,Volga River near Elkport,02/08/2005 08:50:00,AMBIENT,NIT-AMM,Ammonia-nitrogen (as N),Total,,0.79,mg/l,True,0.05,,,350.1,UHL001,Actual,SW,Water,,,Clayton,07060004,River/Stream,,42.7497293,-91.2767798
6,10220002,Volga River near Elkport,01/11/2005 09:30:00,AMBIENT,NIT-AMM,Ammonia-nitrogen (as N),Total,,0.05,mg/l,False,0.05,,,350.1,UHL001,Actual,SW,Water,,,Clayton,07060004,River/Stream,,42.7497293,-91.2767798
6,10220002,Volga River near Elkport,10/05/2004 08:40:00,AMBIENT,NIT-AMM,Ammonia-nitrogen (as N),Total,,0.05,mg/l,False,0.05,,,350.1,UHL001,Actual,SW,Water,,,Clayton,07060004,River/Stream,,42.7497293,-91.2767798
6,10220002,Volga River near Elkport,08/03/2004 10:00:00,AMBIENT,NIT-AMM,Ammonia-nitrogen (as N),Total,,0.05,mg/l,False,0.05,,,350.1,UHL001,Actual,SW,Water,,,Clayton,07060004,River/Stream,,42.7497293,-91.2767798
6,10220002,Volga River near Elkport,03/02/2004 08:50:00,AMBIENT,NIT-AMM,Ammonia-nitrogen (as N),Total,,0.39,mg/l,True,0.05,,,350.1,UHL001,Actual,SW,Water,,,Clayton,07060004,River/Stream,,42.7497293,-91.2767798
6,10220002,Volga River near Elkport,01/06/2004 09:40:00,AMBIENT,NIT-AMM,Ammonia-nitrogen (as N),Total,,0.05,mg/l,False,0.05,,,350.1,UHL001,Actual,SW,Water,,,Clayton,07060004,River/Stream,,42.7497293,-91.2767798
6,10220002,Volga River near Elkport,12/02/2003 08:40:00,AMBIENT,NIT-AMM,Ammonia-nitrogen (as N),Total,,0.05,mg/l,False,0.05,,,350.1,UHL001,Actual,SW,Water,,,Clayton,07060004,River/Stream,,42.7497293,-91.2767798
6,10220002,Volga River near Elkport,11/04/2003 16:50:00,AMBIENT,NIT-AMM,Ammonia-nitrogen (as N),Total,,0.15,mg/l,True,0.05,,,350.1,UHL001,Actual,SW,Water,,,Clayton,07060004,River/Stream,,42.7497293,-91.2767798
6,10220002,Volga River near Elkport,10/07/2003 08:40:00,AMBIENT,NIT-AMM,Ammonia-nitrogen (as N),Total,,0.05,mg/l,False,0.05,,,350.1,UHL001,Actual,SW,Water,,,Clayton,07060004,River/Stream,,42.7497293,-91.2767798
6,10220002,Volga River near Elkport,06/03/2003 08:40:00,AMBIENT,NIT-AMM,Ammonia-nitrogen (as N),Total,,0.05,mg/l,False,0.05,,,350.1,UHL001,Actual,SW,Water,,,Clayton,07060004,River/Stream,,42.7497293,-91.2767798
6,10220002,Volga River near Elkport,02/04/2003 09:05:00,AMBIENT,NIT-AMM,Ammonia-nitrogen (as N),Total,,0.05,mg/l,False,0.05,,,350.1,UHL001,Actual,SW,Water,,,Clayton,07060004,River/Stream,,42.7497293,-91.2767798
6,10220002,Volga River near Elkport,05/06/2003 08:00:00,AMBIENT,NIT-AMM,Ammonia-nitrogen (as N),Total,,0.12,mg/l,True,0.05,,,350.1,UHL001,Actual,SW,Water,,,Clayton,07060004,River/Stream,,42.7497293,-91.2767798
6,10220002,Volga River near Elkport,01/07/2003 08:45:00,AMBIENT,NIT-AMM,Ammonia-nitrogen (as N),Total,,0.05,mg/l,False,0.05,,,350.1,UHL001,Actual,SW,Water,,,Clayton,07060004,River/Stream,,42.7497293,-91.2767798
6,10220002,Volga River near Elkport,12/03/2002 08:50:00,AMBIENT,NIT-AMM,Ammonia-nitrogen (as N),Total,,0.05,mg/l,False,0.05,,,350.1,UHL001,Actual,SW,Water,,,Clayton,07060004,River/Stream,,42.7497293,-91.2767798
6,10220002,Volga River near Elkport,11/05/2002 16:00:00,AMBIENT,NIT-AMM,Ammonia-nitrogen (as N),Total,,0.05,mg/l,False,0.05,,,350.1,UHL001,Actual,SW,Water,,,Clayton,07060004,River/Stream,,42.7497293,-91.2767798
6,10220002,Volga River near Elkport,10/01/2002 09:55:00,AMBIENT,NIT-AMM,Ammonia-nitrogen (as N),Total,,0.05,mg/l,False,0.05,,,350.1,UHL001,Actual,SW,Water,,,Clayton,07060004,River/Stream,,42.7497293,-91.2767798
6,10220002,Volga River near Elkport,10/15/1998 08:55:00,AMBIENT,NIT-AMM,Ammonia-nitrogen (as N),Total,,0.1,mg/l,False,0.1,,,Unknown,UHL001,Actual,SW,Water,,,Clayton,07060004,River/Stream,,42.7497293,-91.2767798
6,10220002,Volga River near Elkport,07/29/1999 14:40:00,AMBIENT,NIT-AMM,Ammonia-nitrogen (as N),Total,,0.1,mg/l,False,0.1,,,Unknown,UHL001,Actual,SW,Water,,,Clayton,07060004,River/Stream,,42.7497293,-91.2767798
6,10220002,Volga River near Elkport,04/21/1999 10:40:00,AMBIENT,NIT-AMM,Ammonia-nitrogen (as N),Total,,0.1,mg/l,False,0.1,,,Unknown,UHL001,Actual,SW,Water,,,Clayton,07060004,River/Stream,,42.7497293,-91.2767798
6,10220002,Volga River near Elkport,01/14/1999 08:40:00,AMBIENT,NIT-AMM,Ammonia-nitrogen (as N),Total,,0.1,mg/l,False,0.1,,,Unknown,UHL001,Actual,SW,Water,,,Clayton,07060004,River/Stream,,42.7497293,-91.2767798
6,10220003,Bloody Run Creek Site #1 (BR01),02/07/1995 09:30:00,SNY319,NIT-AMM,Ammonia-nitrogen (as N),Total,,0.1,mg/l,False,0.1,,,Unknown,SNY001,Actual,SW,Water,,,Clayton,07060001,River/Stream,,43.0404991,-91.2055504
6,10220003,Bloody Run Creek Site #1 (BR01),01/17/1995 10:30:00,SNY319,NIT-AMM,Ammonia-nitrogen (as N),Total,,0.2,mg/l,True,0.1,,,Unknown,SNY001,Actual,SW,Water,,,Clayton,07060001,River/Stream,,43.0404991,-91.2055504
6,10220003,Bloody Run Creek Site #1 (BR01),12/27/1994 08:35:00,SNY319,NIT-AMM,Ammonia-nitrogen (as N),Total,,0.1,mg/l,False,0.1,,,Unknown,SNY001,Actual,SW,Water,,,Clayton,07060001,River/Stream,,43.0404991,-91.2055504
6,10220003,Bloody Run Creek Site #1 (BR01),12/13/1994 13:20:00,SNY319,NIT-AMM,Ammonia-nitrogen (as N),Total,,0.1,mg/l,False,0.1,,,Unknown,SNY001,Actual,SW,Water,,,Clayton,07060001,River/Stream,,43.0404991,-91.2055504
6,10220003,Bloody Run Creek Site #1 (BR01),12/06/1994 10:50:00,SNY319,NIT-AMM,Ammonia-nitrogen (as N),Total,,0.1,mg/l,False,0.1,,,Unknown,SNY001,Actual,SW,Water,,,Clayton,07060001,River/Stream,,43.0404991,-91.2055504
6,10220003,Bloody Run Creek Site #1 (BR01),11/15/1994 13:00:00,SNY319,NIT-AMM,Ammonia-nitrogen (as N),Total,,0.1,mg/l,False,0.1,,,Unknown,SNY001,Actual,SW,Water,,,Clayton,07060001,River/Stream,,43.0404991,-91.2055504
6,10220003,Bloody Run Creek Site #1 (BR01),10/04/1994 14:30:00,SNY319,NIT-AMM,Ammonia-nitrogen (as N),Total,,0.1,mg/l,False,0.1,,,Unknown,SNY001,Actual,SW,Water,,,Clayton,07060001,River/Stream,,43.0404991,-91.2055504
6,10220003,Bloody Run Creek Site #1 (BR01),09/20/1994 09:55:00,SNY319,NIT-AMM,Ammonia-nitrogen (as N),Total,,0.1,mg/l,False,0.1,,,Unknown,SNY001,Actual,SW,Water,,,Clayton,07060001,River/Stream,,43.0404991,-91.2055504
6,10220003,Bloody Run Creek Site #1 (BR01),08/16/1994 13:15:00,SNY319,NIT-AMM,Ammonia-nitrogen (as N),Total,,0.1,mg/l,True,0.1,,,Unknown,SNY001,Actual,SW,Water,,,Clayton,07060001,River/Stream,,43.0404991,-91.2055504
6,10220002,Volga River near Elkport,09/24/2001 14:15:00,EVENT,NIT-AMM,Ammonia-nitrogen (as N),Total,,0.05,mg/l,False,0.05,,,Unknown,UHL001,Actual,SW,Water,,,Clayton,07060004,River/Stream,,42.7497293,-91.2767798
6,10220003,Bloody Run Creek Site #1 (BR01),08/23/1994 13:05:00,SNY319,NIT-AMM,Ammonia-nitrogen (as N),Total,,0.1,mg/l,True,0.1,,,Unknown,SNY001,Actual,SW,Water,,,Clayton,07060001,River/Stream,,43.0404991,-91.2055504
6,10220003,Bloody Run Creek Site #1 (BR01),09/13/1994 11:00:00,SNY319,NIT-AMM,Ammonia-nitrogen (as N),Total,,0.1,mg/l,True,0.1,,,Unknown,SNY001,Actual,SW,Water,,,Clayton,07060001,River/Stream,,43.0404991,-91.2055504
6,10220002,Volga River near Elkport,08/03/2001 13:00:00,EVENT,NIT-AMM,Ammonia-nitrogen (as N),Total,,0.1,mg/l,False,0.1,,,Unknown,UHL001,Actual,SW,Water,,,Clayton,07060004,River/Stream,,42.7497293,-91.2767798
6,10220002,Volga River near Elkport,03/19/2001 13:30:00,EVENT,NIT-AMM,Ammonia-nitrogen (as N),Total,,0.2,mg/l,True,0.1,,,Unknown,UHL001,Actual,SW,Water,,,Clayton,07060004,River/Stream,,42.7497293,-91.2767798
6,10220001,Turkey River near Garber,01/14/2015 08:15:00,AMBIENT,NIT-AMM,Ammonia-nitrogen (AS N),Total,,0.05,mg/l,False,0.05,,,LAC10-107-06-1J,UHL001,Actual,SW,Water,,,Clayton,07060004,River/Stream,,42.739547,-91.2619757
6,10220002,Volga River near Elkport,03/05/2015 07:20:00,AMBIENT,NIT-AMM,Ammonia-nitrogen (AS N),Total,,0.05,mg/l,False,0.05,,,LAC10-107-06-1J,UHL001,Actual,SW,Water,,,Clayton,07060004,River/Stream,,42.7497293,-91.2767798
6,10220002,Volga River near Elkport,01/14/2015 07:55:00,AMBIENT,NIT-AMM,Ammonia-nitrogen (AS N),Total,,0.05,mg/l,False,0.05,,,LAC10-107-06-1J,UHL001,Actual,SW,Water,,,Clayton,07060004,River/Stream,,42.7497293,-91.2767798
6,10220002,Volga River near Elkport,10/07/2014 08:30:00,AMBIENT,NIT-AMM,Ammonia-nitrogen (AS N),Total,,0.05,mg/l,False,0.05,,,LAC10-107-06-1J,UHL001,Actual,SW,Water,,,Clayton,07060004,River/Stream,,42.7497293,-91.2767798
6,10220002,Volga River near Elkport,11/03/2014 07:15:00,AMBIENT,NIT-AMM,Ammonia-nitrogen (AS N),Total,,0.05,mg/l,False,0.05,,,LAC10-107-06-1J,UHL001,Actual,SW,Water,,,Clayton,07060004,River/Stream,,42.7497293,-91.2767798
6,10220002,Volga River near Elkport,10/03/2012 09:15:00,AMBIENT,NIT-AMM,Ammonia-nitrogen (as N),Total,,0.05,mg/l,False,0.05,,,LAC10-107-06-1J,UHL001,Actual,SW,Water,,,Clayton,07060004,River/Stream,,42.7497293,-91.2767798
6,10220002,Volga River near Elkport,03/07/2012 07:50:00,AMBIENT,NIT-AMM,Ammonia-nitrogen (as N),Total,,0.05,mg/l,False,0.05,,,LAC10-107-06-1J,UHL001,Actual,SW,Water,,,Clayton,07060004,River/Stream,,42.7497293,-91.2767798
6,10220002,Volga River near Elkport,02/07/2012 08:00:00,AMBIENT,NIT-AMM,Ammonia-nitrogen (as N),Total,,0.05,mg/l,False,0.05,,,LAC10-107-06-1J,UHL001,Actual,SW,Water,,,Clayton,07060004,River/Stream,,42.7497293,-91.2767798
6,10220002,Volga River near Elkport,06/01/2015 09:30:00,AMBIENT,NIT-AMM,Ammonia-nitrogen (AS N),Total,,0.05,mg/l,False,0.05,,,LAC10-107-06-1J,UHL001,Actual,SW,Water,,,Clayton,07060004,River/Stream,,42.7497293,-91.2767798
6,10220001,Turkey River near Garber,04/10/2013 11:15:00,TURKEYR,NIT-AMM,Ammonia-nitrogen (AS N),Total,,0.2,mg/l,True,0.05,,,LAC10-107-06-1J,UHL001,Actual,SW,Water,,,Clayton,07060004,River/Stream,,42.739547,-91.2619757
6,10220002,Volga River near Elkport,04/10/2013 11:40:00,TURKEYR,NIT-AMM,Ammonia-nitrogen (AS N),Total,,0.12,mg/l,True,0.05,,,LAC10-107-06-1J,UHL001,Actual,SW,Water,,,Clayton,07060004,River/Stream,,42.7497293,-91.2767798
6,10220001,Turkey River near Garber,05/01/2013 14:20:00,TURKEYR,NIT-AMM,Ammonia-nitrogen (AS N),Total,,0.05,mg/l,False,0.05,,,LAC10-107-06-1J,UHL001,Actual,SW,Water,,,Clayton,07060004,River/Stream,,42.739547,-91.2619757
6,10220002,Volga River near Elkport,05/01/2013 15:00:00,TURKEYR,NIT-AMM,Ammonia-nitrogen (AS N),Total,,0.05,mg/l,False,0.05,,,LAC10-107-06-1J,UHL001,Actual,SW,Water,,,Clayton,07060004,River/Stream,,42.7497293,-91.2767798
6,10220002,Volga River near Elkport,07/08/2014 07:40:00,AMBIENT,NIT-AMM,Ammonia-nitrogen (AS N),Total,,0.05,mg/l,False,0.05,,,LAC10-107-06-1J,UHL001,Actual,SW,Water,,,Clayton,07060004,River/Stream,,42.7497293,-91.2767798
6,10220002,Volga River near Elkport,06/05/2013 11:00:00,TURKEYR,NIT-AMM,Ammonia-nitrogen (AS N),Total,,0.09,mg/l,True,0.05,,,LAC10-107-06-1J,UHL001,Actual,SW,Water,,,Clayton,07060004,River/Stream,,42.7497293,-91.2767798
6,10220002,Volga River near Elkport,10/16/2013 10:15:00,TURKEYR,NIT-AMM,Ammonia-nitrogen (AS N),Total,,0.05,mg/l,False,0.05,,,LAC10-107-06-1J,UHL001,Actual,SW,Water,,,Clayton,07060004,River/Stream,,42.7497293,-91.2767798
6,10220002,Volga River near Elkport,11/06/2013 12:40:00,TURKEYR,NIT-AMM,Ammonia-nitrogen (AS N),Total,,0.1,mg/l,True,0.05,,,LAC10-107-06-1J,UHL001,Actual,SW,Water,,,Clayton,07060004,River/Stream,,42.7497293,-91.2767798
6,10220001,Turkey River near Garber,11/03/2014 07:35:00,AMBIENT,NIT-AMM,Ammonia-nitrogen (AS N),Total,,0.05,mg/l,False,0.05,,,LAC10-107-06-1J,UHL001,Actual,SW,Water,,,Clayton,07060004,River/Stream,,42.739547,-91.2619757
6,10220002,Volga River near Elkport,02/04/2014 07:40:00,AMBIENT,NIT-AMM,Ammonia-nitrogen (AS N),Total,,0.05,mg/l,False,0.05,,,LAC10-107-06-1J,UHL001,Actual,SW,Water,,,Clayton,07060004,River/Stream,,42.7497293,-91.2767798
6,10220002,Volga River near Elkport,01/02/2014 08:45:00,AMBIENT,NIT-AMM,Ammonia-nitrogen (AS N),Total,,0.05,mg/l,False,0.05,,,LAC10-107-06-1J,UHL001,Actual,SW,Water,,,Clayton,07060004,River/Stream,,42.7497293,-91.2767798
6,10220002,Volga River near Elkport,10/02/2013 10:25:00,AMBIENT,NIT-AMM,Ammonia-nitrogen (AS N),Total,,0.05,mg/l,False,0.05,,,LAC10-107-06-1J,UHL001,Actual,SW,Water,,,Clayton,07060004,River/Stream,,42.7497293,-91.2767798
6,10220002,Volga River near Elkport,09/04/2013 08:30:00,AMBIENT,NIT-AMM,Ammonia-nitrogen (AS N),Total,,0.05,mg/l,False,0.05,,,LAC10-107-06-1J,UHL001,Actual,SW,Water,,,Clayton,07060004,River/Stream,,42.7497293,-91.2767798
6,10220001,Turkey River near Garber,05/02/2013 12:05:00,AMBIENT,NIT-AMM,Ammonia-nitrogen (AS N),Total,,0.05,mg/l,False,0.05,,,LAC10-107-06-1J,UHL001,Actual,SW,Water,,,Clayton,07060004,River/Stream,,42.739547,-91.2619757
6,10220002,Volga River near Elkport,03/07/2013 08:10:00,AMBIENT,NIT-AMM,Ammonia-nitrogen (AS N),Total,,0.05,mg/l,False,0.05,,,LAC10-107-06-1J,UHL001,Actual,SW,Water,,,Clayton,07060004,River/Stream,,42.7497293,-91.2767798
6,10220002,Volga River near Elkport,04/04/2013 08:00:00,AMBIENT,NIT-AMM,Ammonia-nitrogen (AS N),Total,,0.05,mg/l,False,0.05,,,LAC10-107-06-1J,UHL001,Actual,SW,Water,,,Clayton,07060004,River/Stream,,42.7497293,-91.2767798
6,10220001,Turkey River near Garber,01/03/2013 09:05:00,AMBIENT,NIT-AMM,Ammonia-nitrogen (AS N),Total,,0.05,mg/l,False,0.05,,,LAC10-107-06-1J,UHL001,Actual,SW,Water,,,Clayton,07060004,River/Stream,,42.739547,-91.2619757
6,10220002,Volga River near Elkport,05/06/2015 06:50:00,AMBIENT,NIT-AMM,Ammonia-nitrogen (AS N),Total,,0.05,mg/l,False,0.05,,,LAC10-107-06-1J,UHL001,Actual,SW,Water,,,Clayton,07060004,River/Stream,,42.7497293,-91.2767798
6,10220002,Volga River near Elkport,02/03/2015 08:15:00,AMBIENT,NIT-AMM,Ammonia-nitrogen (AS N),Total,,0.05,mg/l,False,0.05,,,LAC10-107-06-1J,UHL001,Actual,SW,Water,,,Clayton,07060004,River/Stream,,42.7497293,-91.2767798
6,10220002,Volga River near Elkport,05/02/2012 10:43:00,TURKEYR,NIT-AMM,Ammonia-nitrogen (as N),Total,,0.05,mg/l,False,0.05,,,LAC10-107-06-1J,IGS-GRAB,Actual,SW,Water,,,Clayton,07060004,River/Stream,,42.7497293,-91.2767798
6,10220002,Volga River near Elkport,07/02/2012 11:00:00,TURKEYR,NIT-AMM,Ammonia-nitrogen (as N),Total,,0.05,mg/l,False,0.05,,,LAC10-107-06-1J,IGS-GRAB,Actual,SW,Water,,,Clayton,07060004,River/Stream,,42.7497293,-91.2767798
6,10220002,Volga River near Elkport,10/03/2012 12:48:00,TURKEYR,NIT-AMM,Ammonia-nitrogen (as N),Total,,0.05,mg/l,False,0.05,,,LAC10-107-06-1J,IGS-GRAB,Actual,SW,Water,,,Clayton,07060004,River/Stream,,42.7497293,-91.2767798
6,10220002,Volga River near Elkport,11/07/2012 14:10:00,TURKEYR,NIT-AMM,Ammonia-nitrogen (as N),Total,,0.05,mg/l,False,0.05,,,LAC10-107-06-1J,IGS-GRAB,Actual,SW,Water,,,Clayton,07060004,River/Stream,,42.7497293,-91.2767798
6,10220002,Volga River near Elkport,09/05/2012 09:16:00,TURKEYR,NIT-AMM,Ammonia-nitrogen (as N),Total,,0.39,mg/l,True,0.05,,,LAC10-107-06-1J,IGS-GRAB,Actual,SW,Water,,,Clayton,07060004,River/Stream,,42.7497293,-91.2767798
6,10220002,Volga River near Elkport,12/04/2012 09:15:00,AMBIENT,NIT-AMM,Ammonia-nitrogen (as N),Total,,0.05,mg/l,False,0.05,,,LAC10-107-06-1J,UHL001,Actual,SW,Water,,,Clayton,07060004,River/Stream,,42.7497293,-91.2767798
6,10220002,Volga River near Elkport,07/05/2012 08:00:00,AMBIENT,NIT-AMM,Ammonia-nitrogen (as N),Total,,0.05,mg/l,False,0.05,,,LAC10-107-06-1J,UHL001,Actual,SW,Water,,,Clayton,07060004,River/Stream,,42.7497293,-91.2767798
6,10220002,Volga River near Elkport,08/01/2012 08:00:00,AMBIENT,NIT-AMM,Ammonia-nitrogen (as N),Total,,0.05,mg/l,False,0.05,,,LAC10-107-06-1J,UHL001,Actual,SW,Water,,,Clayton,07060004,River/Stream,,42.7497293,-91.2767798
6,10220002,Volga River near Elkport,09/10/2012 09:10:00,AMBIENT,NIT-AMM,Ammonia-nitrogen (as N),Total,,0.05,mg/l,False,0.05,,,LAC10-107-06-1J,UHL001,Actual,SW,Water,,,Clayton,07060004,River/Stream,,42.7497293,-91.2767798
6,10220002,Volga River near Elkport,05/03/2012 07:30:00,AMBIENT,NIT-AMM,Ammonia-nitrogen (as N),Total,,0.05,mg/l,False,0.05,,,LAC10-107-06-1J,UHL001,Actual,SW,Water,,,Clayton,07060004,River/Stream,,42.7497293,-91.2767798
6,10220002,Volga River near Elkport,06/04/2012 08:45:00,AMBIENT,NIT-AMM,Ammonia-nitrogen (as N),Total,,0.05,mg/l,False,0.05,,,LAC10-107-06-1J,UHL001,Actual,SW,Water,,,Clayton,07060004,River/Stream,,42.7497293,-91.2767798
6,10220002,Volga River near Elkport,11/02/2011 14:10:00,TURKEYR,NIT-AMM,Ammonia-nitrogen (as N),Total,,0.05,mg/l,False,0.05,,,350.1,IGS-GRAB,Actual,SW,Water,,,Clayton,07060004,River/Stream,,42.7497293,-91.2767798
6,10220002,Volga River near Elkport,01/05/2012 07:40:00,AMBIENT,NIT-AMM,Ammonia-nitrogen (as N),Total,,0.05,mg/l,False,0.05,,,LAC10-107-06-1J,UHL001,Actual,SW,Water,,,Clayton,07060004,River/Stream,,42.7497293,-91.2767798
6,10220002,Volga River near Elkport,04/05/2012 08:10:00,AMBIENT,NIT-AMM,Ammonia-nitrogen (as N),Total,,0.05,mg/l,False,0.05,,,LAC10-107-06-1J,UHL001,Actual,SW,Water,,,Clayton,07060004,River/Stream,,42.7497293,-91.2767798
6,10220002,Volga River near Elkport,05/04/2011 11:51:00,TURKEYR,NIT-AMM,Ammonia-nitrogen (as N),Total,,0.05,mg/l,False,0.05,,,350.1,IGS-GRAB,Actual,SW,Water,,,Clayton,07060004,River/Stream,,42.7497293,-91.2767798
6,10220002,Volga River near Elkport,08/03/2011 11:10:00,TURKEYR,NIT-AMM,Ammonia-nitrogen (as N),Total,,0.31,mg/l,True,0.05,,,350.1,IGS-GRAB,Actual,SW,Water,,,Clayton,07060004,River/Stream,,42.7497293,-91.2767798
6,10220002,Volga River near Elkport,04/04/2011 08:50:00,AMBIENT,NIT-AMM,Ammonia-nitrogen (as N),Total,,0.05,mg/l,False,0.05,,,350.1,UHL001,Actual,SW,Water,,,Clayton,07060004,River/Stream,,42.7497293,-91.2767798
6,10220002,Volga River near Elkport,06/08/2011 08:45:00,AMBIENT,NIT-AMM,Ammonia-nitrogen (as N),Total,,0.05,mg/l,False,0.05,,,350.1,UHL001,Actual,SW,Water,,,Clayton,07060004,River/Stream,,42.7497293,-91.2767798
6,10220002,Volga River near Elkport,02/07/2011 07:55:00,AMBIENT,NIT-AMM,Ammonia-nitrogen (as N),Total,,0.05,mg/l,False,0.05,,,350.1,UHL001,Actual,SW,Water,,,Clayton,07060004,River/Stream,,42.7497293,-91.2767798
6,10220002,Volga River near Elkport,10/04/2010 08:30:00,AMBIENT,NIT-AMM,Ammonia-nitrogen (as N),Total,,0.05,mg/l,False,0.05,,,350.1,UHL001,Actual,SW,Water,,,Clayton,07060004,River/Stream,,42.7497293,-91.2767798
6,10220002,Volga River near Elkport,08/05/2010 08:30:00,AMBIENT,NIT-AMM,Ammonia-nitrogen (as N),Total,,0.05,mg/l,True,0.05,,,350.1,UHL001,Actual,SW,Water,,,Clayton,07060004,River/Stream,,42.7497293,-91.2767798
6,10220002,Volga River near Elkport,09/02/2010 07:40:00,AMBIENT,NIT-AMM,Ammonia-nitrogen (as N),Total,,0.05,mg/l,False,0.05,,,350.1,UHL001,Actual,SW,Water,,,Clayton,07060004,River/Stream,,42.7497293,-91.2767798
6,10220002,Volga River near Elkport,07/07/2010 08:55:00,AMBIENT,NIT-AMM,Ammonia-nitrogen (as N),Total,,0.05,mg/l,False,0.05,,,350.1,UHL001,Actual,SW,Water,,,Clayton,07060004,River/Stream,,42.7497293,-91.2767798
6,10220002,Volga River near Elkport,06/03/2010 08:30:00,AMBIENT,NIT-AMM,Ammonia-nitrogen (as N),Total,,0.05,mg/l,False,0.05,,,350.1,UHL001,Actual,SW,Water,,,Clayton,07060004,River/Stream,,42.7497293,-91.2767798
6,10220002,Volga River near Elkport,04/05/2010 08:45:00,AMBIENT,NIT-AMM,Ammonia-nitrogen (as N),Total,,0.05,mg/l,False,0.05,,,350.1,UHL001,Actual,SW,Water,,,Clayton,07060004,River/Stream,,42.7497293,-91.2767798
6,10220002,Volga River near Elkport,05/03/2010 07:15:00,AMBIENT,NIT-AMM,Ammonia-nitrogen (as N),Total,,0.05,mg/l,False,0.05,,,350.1,UHL001,Actual,SW,Water,,,Clayton,07060004,River/Stream,,42.7497293,-91.2767798
6,10220002,Volga River near Elkport,03/01/2010 08:15:00,AMBIENT,NIT-AMM,Ammonia-nitrogen (as N),Total,,0.05,mg/l,False,0.05,,,350.1,UHL001,Actual,SW,Water,,,Clayton,07060004,River/Stream,,42.7497293,-91.2767798
6,10220002,Volga River near Elkport,01/06/2010 09:00:00,AMBIENT,NIT-AMM,Ammonia-nitrogen (as N),Total,,0.05,mg/l,False,0.05,,,350.1,UHL001,Actual,SW,Water,,,Clayton,07060004,River/Stream,,42.7497293,-91.2767798
6,10220002,Volga River near Elkport,09/08/2009 09:30:00,AMBIENT,NIT-AMM,Ammonia-nitrogen (as N),Total,,0.05,mg/l,False,0.05,,,350.1,UHL001,Actual,SW,Water,,,Clayton,07060004,River/Stream,,42.7497293,-91.2767798
6,10220002,Volga River near Elkport,06/10/2009 09:00:00,AMBIENT,NIT-AMM,Ammonia-nitrogen (as N),Total,,0.05,mg/l,False,0.05,,,350.1,UHL001,Actual,SW,Water,,,Clayton,07060004,River/Stream,,42.7497293,-91.2767798
6,10220002,Volga River near Elkport,08/11/2009 09:10:00,AMBIENT,NIT-AMM,Ammonia-nitrogen (as N),Total,,0.05,mg/l,False,0.05,,,350.1,UHL001,Actual,SW,Water,,,Clayton,07060004,River/Stream,,42.7497293,-91.2767798
6,10220002,Volga River near Elkport,04/06/2009 08:15:00,AMBIENT,NIT-AMM,Ammonia-nitrogen (as N),Total,,0.05,mg/l,False,0.05,,,350.1,UHL001,Actual,SW,Water,,,Clayton,07060004,River/Stream,,42.7497293,-91.2767798
6,10220002,Volga River near Elkport,08/13/2008 06:30:00,AMBIENT,NIT-AMM,Ammonia-nitrogen (as N),Total,,0.05,mg/l,False,0.05,,,350.1,UHL001,Actual,SW,Water,,,Clayton,07060004,River/Stream,,42.7497293,-91.2767798
6,10220002,Volga River near Elkport,07/09/2008 08:45:00,AMBIENT,NIT-AMM,Ammonia-nitrogen (as N),Total,,0.05,mg/l,False,0.05,,,350.1,UHL001,Actual,SW,Water,,,Clayton,07060004,River/Stream,,42.7497293,-91.2767798
6,10220002,Volga River near Elkport,05/07/2008 08:15:00,AMBIENT,NIT-AMM,Ammonia-nitrogen (as N),Total,,0.05,mg/l,False,0.05,,,350.1,UHL001,Actual,SW,Water,,,Clayton,07060004,River/Stream,,42.7497293,-91.2767798
6,10220002,Volga River near Elkport,03/10/2008 08:10:00,AMBIENT,NIT-AMM,Ammonia-nitrogen (as N),Total,,0.05,mg/l,False,0.05,,,350.1,UHL001,Actual,SW,Water,,,Clayton,07060004,River/Stream,,42.7497293,-91.2767798
6,10220002,Volga River near Elkport,04/09/2008 08:00:00,AMBIENT,NIT-AMM,Ammonia-nitrogen (as N),Total,,0.05,mg/l,False,0.05,,,350.1,UHL001,Actual,SW,Water,,,Clayton,07060004,River/Stream,,42.7497293,-91.2767798
6,10220002,Volga River near Elkport,02/12/2008 08:00:00,AMBIENT,NIT-AMM,Ammonia-nitrogen (as N),Total,,0.05,mg/l,False,0.05,,,350.1,UHL001,Actual,SW,Water,,,Clayton,07060004,River/Stream,,42.7497293,-91.2767798
6,10220002,Volga River near Elkport,01/03/2008 08:00:00,AMBIENT,NIT-AMM,Ammonia-nitrogen (as N),Total,,0.05,mg/l,False,0.05,,,350.1,UHL001,Actual,SW,Water,,,Clayton,07060004,River/Stream,,42.7497293,-91.2767798
6,10220002,Volga River near Elkport,10/09/2007 08:30:00,AMBIENT,NIT-AMM,Ammonia-nitrogen (as N),Total,,0.05,mg/l,False,0.05,,,350.1,UHL001,Actual,SW,Water,,,Clayton,07060004,River/Stream,,42.7497293,-91.2767798
6,10220002,Volga River near Elkport,07/12/2007 08:10:00,AMBIENT,NIT-AMM,Ammonia-nitrogen (as N),Total,,0.05,mg/l,False,0.05,,,350.1,UHL001,Actual,SW,Water,,,Clayton,07060004,River/Stream,,42.7497293,-91.2767798
6,10220002,Volga River near Elkport,08/02/2007 09:00:00,AMBIENT,NIT-AMM,Ammonia-nitrogen (as N),Total,,0.05,mg/l,False,0.05,,,350.1,UHL001,Actual,SW,Water,,,Clayton,07060004,River/Stream,,42.7497293,-91.2767798
6,10220002,Volga River near Elkport,06/13/2007 07:55:00,AMBIENT,NIT-AMM,Ammonia-nitrogen (as N),Total,,0.05,mg/l,False,0.05,,,350.1,UHL001,Actual,SW,Water,,,Clayton,07060004,River/Stream,,42.7497293,-91.2767798
6,10220002,Volga River near Elkport,02/21/2007 08:50:00,AMBIENT,NIT-AMM,Ammonia-nitrogen (as N),Total,,0.05,mg/l,False,0.05,,,350.1,UHL001,Actual,SW,Water,,,Clayton,07060004,River/Stream,,42.7497293,-91.2767798
6,10220002,Volga River near Elkport,01/04/2007 07:20:00,AMBIENT,NIT-AMM,Ammonia-nitrogen (as N),Total,,0.05,mg/l,False,0.05,,,350.1,UHL001,Actual,SW,Water,,,Clayton,07060004,River/Stream,,42.7497293,-91.2767798
6,10220002,Volga River near Elkport,12/07/2006 08:25:00,AMBIENT,NIT-AMM,Ammonia-nitrogen (as N),Total,,0.05,mg/l,False,0.05,,,350.1,UHL001,Actual,SW,Water,,,Clayton,07060004,River/Stream,,42.7497293,-91.2767798
6,10220002,Volga River near Elkport,10/04/2006 09:45:00,AMBIENT,NIT-AMM,Ammonia-nitrogen (as N),Total,,0.05,mg/l,False,0.05,,,350.1,UHL001,Actual,SW,Water,,,Clayton,07060004,River/Stream,,42.7497293,-91.2767798
6,10220002,Volga River near Elkport,05/02/2006 08:40:00,AMBIENT,NIT-AMM,Ammonia-nitrogen (as N),Total,,0.05,mg/l,False,0.05,,,350.1,UHL001,Actual,SW,Water,,,Clayton,07060004,River/Stream,,42.7497293,-91.2767798
6,10220002,Volga River near Elkport,03/07/2006 09:10:00,AMBIENT,NIT-AMM,Ammonia-nitrogen (as N),Total,,0.05,mg/l,False,0.05,,,350.1,UHL001,Actual,SW,Water,,,Clayton,07060004,River/Stream,,42.7497293,-91.2767798
6,10220002,Volga River near Elkport,02/07/2006 08:20:00,AMBIENT,NIT-AMM,Ammonia-nitrogen (as N),Total,,0.05,mg/l,False,0.05,,,350.1,UHL001,Actual,SW,Water,,,Clayton,07060004,River/Stream,,42.7497293,-91.2767798
6,10220002,Volga River near Elkport,12/06/2005 09:55:00,AMBIENT,NIT-AMM,Ammonia-nitrogen (as N),Total,,0.05,mg/l,False,0.05,,,350.1,UHL001,Actual,SW,Water,,,Clayton,07060004,River/Stream,,42.7497293,-91.2767798
6,10220002,Volga River near Elkport,10/11/2005 09:25:00,AMBIENT,NIT-AMM,Ammonia-nitrogen (as N),Total,,0.05,mg/l,False,0.05,,,350.1,UHL001,Actual,SW,Water,,,Clayton,07060004,River/Stream,,42.7497293,-91.2767798
6,10220002,Volga River near Elkport,08/02/2005 11:10:00,AMBIENT,NIT-AMM,Ammonia-nitrogen (as N),Total,,0.05,mg/l,False,0.05,,,350.1,UHL001,Actual,SW,Water,,,Clayton,07060004,River/Stream,,42.7497293,-91.2767798
6,10220002,Volga River near Elkport,05/03/2005 09:30:00,AMBIENT,NIT-AMM,Ammonia-nitrogen (as N),Total,,0.05,mg/l,False,0.05,,,350.1,UHL001,Actual,SW,Water,,,Clayton,07060004,River/Stream,,42.7497293,-91.2767798
6,10220002,Volga River near Elkport,04/05/2005 07:45:00,AMBIENT,NIT-AMM,Ammonia-nitrogen (as N),Total,,0.05,mg/l,False,0.05,,,350.1,UHL001,Actual,SW,Water,,,Clayton,07060004,River/Stream,,42.7497293,-91.2767798
6,10220002,Volga River near Elkport,03/01/2005 09:30:00,AMBIENT,NIT-AMM,Ammonia-nitrogen (as N),Total,,0.05,mg/l,False,0.05,,,350.1,UHL001,Actual,SW,Water,,,Clayton,07060004,River/Stream,,42.7497293,-91.2767798
6,10220002,Volga River near Elkport,11/09/2004 08:55:00,AMBIENT,NIT-AMM,Ammonia-nitrogen (as N),Total,,0.05,mg/l,False,0.05,,,350.1,UHL001,Actual,SW,Water,,,Clayton,07060004,River/Stream,,42.7497293,-91.2767798
6,10220002,Volga River near Elkport,12/07/2004 08:40:00,AMBIENT,NIT-AMM,Ammonia-nitrogen (as N),Total,,0.05,mg/l,False,0.05,,,350.1,UHL001,Actual,SW,Water,,,Clayton,07060004,River/Stream,,42.7497293,-91.2767798
6,10220002,Volga River near Elkport,09/07/2004 07:40:00,AMBIENT,NIT-AMM,Ammonia-nitrogen (as N),Total,,0.05,mg/l,False,0.05,,,350.1,UHL001,Actual,SW,Water,,,Clayton,07060004,River/Stream,,42.7497293,-91.2767798
6,10220002,Volga River near Elkport,07/06/2004 09:45:00,AMBIENT,NIT-AMM,Ammonia-nitrogen (as N),Total,,0.18,mg/l,True,0.05,,,350.1,UHL001,Actual,SW,Water,,,Clayton,07060004,River/Stream,,42.7497293,-91.2767798
6,10220002,Volga River near Elkport,06/01/2004 08:10:00,AMBIENT,NIT-AMM,Ammonia-nitrogen (as N),Total,,0.05,mg/l,True,0.05,,,350.1,UHL001,Actual,SW,Water,,,Clayton,07060004,River/Stream,,42.7497293,-91.2767798
6,10220002,Volga River near Elkport,05/04/2004 09:05:00,AMBIENT,NIT-AMM,Ammonia-nitrogen (as N),Total,,0.05,mg/l,False,0.05,,,350.1,UHL001,Actual,SW,Water,,,Clayton,07060004,River/Stream,,42.7497293,-91.2767798
6,10220002,Volga River near Elkport,04/06/2004 09:30:00,AMBIENT,NIT-AMM,Ammonia-nitrogen (as N),Total,,0.05,mg/l,False,0.05,,,350.1,UHL001,Actual,SW,Water,,,Clayton,07060004,River/Stream,,42.7497293,-91.2767798
6,10220002,Volga River near Elkport,09/02/2003 09:15:00,AMBIENT,NIT-AMM,Ammonia-nitrogen (as N),Total,,0.05,mg/l,False,0.05,,,350.1,UHL001,Actual,SW,Water,,,Clayton,07060004,River/Stream,,42.7497293,-91.2767798
6,10220002,Volga River near Elkport,02/03/2004 10:15:00,AMBIENT,NIT-AMM,Ammonia-nitrogen (as N),Total,,0.05,mg/l,False,0.05,,,350.1,UHL001,Actual,SW,Water,,,Clayton,07060004,River/Stream,,42.7497293,-91.2767798
6,10220002,Volga River near Elkport,08/05/2003 08:35:00,AMBIENT,NIT-AMM,Ammonia-nitrogen (as N),Total,,0.05,mg/l,False,0.05,,,350.1,UHL001,Actual,SW,Water,,,Clayton,07060004,River/Stream,,42.7497293,-91.2767798
6,10220002,Volga River near Elkport,07/08/2003 08:20:00,AMBIENT,NIT-AMM,Ammonia-nitrogen (as N),Total,,0.05,mg/l,True,0.05,,,350.1,UHL001,Actual,SW,Water,,,Clayton,07060004,River/Stream,,42.7497293,-91.2767798
6,10220002,Volga River near Elkport,03/04/2003 09:00:00,AMBIENT,NIT-AMM,Ammonia-nitrogen (as N),Total,,0.05,mg/l,False,0.05,,,350.1,UHL001,Actual,SW,Water,,,Clayton,07060004,River/Stream,,42.7497293,-91.2767798
6,10220002,Volga River near Elkport,04/01/2003 08:30:00,AMBIENT,NIT-AMM,Ammonia-nitrogen (as N),Total,,0.05,mg/l,False,0.05,,,350.1,UHL001,Actual,SW,Water,,,Clayton,07060004,River/Stream,,42.7497293,-91.2767798
6,10220002,Volga River near Elkport,12/09/1998 09:15:00,AMBIENT,NIT-AMM,Ammonia-nitrogen (as N),Total,,0.1,mg/l,False,0.1,,,Unknown,UHL001,Actual,SW,Water,,,Clayton,07060004,River/Stream,,42.7497293,-91.2767798
6,10220002,Volga River near Elkport,11/09/1998 10:35:00,AMBIENT,NIT-AMM,Ammonia-nitrogen (as N),Total,,0.1,mg/l,False,0.1,,,Unknown,UHL001,Actual,SW,Water,,,Clayton,07060004,River/Stream,,42.7497293,-91.2767798
6,10220002,Volga River near Elkport,09/14/1999 09:10:00,AMBIENT,NIT-AMM,Ammonia-nitrogen (as N),Total,,0.1,mg/l,False,0.1,,,Unknown,UHL001,Actual,SW,Water,,,Clayton,07060004,River/Stream,,42.7497293,-91.2767798
6,10220002,Volga River near Elkport,08/17/1999 10:45:00,AMBIENT,NIT-AMM,Ammonia-nitrogen (as N),Total,,0.1,mg/l,False,0.1,,,Unknown,UHL001,Actual,SW,Water,,,Clayton,07060004,River/Stream,,42.7497293,-91.2767798
6,10220002,Volga River near Elkport,06/10/1999 08:30:00,AMBIENT,NIT-AMM,Ammonia-nitrogen (as N),Total,,0.1,mg/l,False,0.1,,,Unknown,UHL001,Actual,SW,Water,,,Clayton,07060004,River/Stream,,42.7497293,-91.2767798
6,10220002,Volga River near Elkport,05/11/1999 12:20:00,AMBIENT,NIT-AMM,Ammonia-nitrogen (as N),Total,,0.1,mg/l,False,0.1,,,Unknown,UHL001,Actual,SW,Water,,,Clayton,07060004,River/Stream,,42.7497293,-91.2767798
6,10220002,Volga River near Elkport,03/11/1999 09:00:00,AMBIENT,NIT-AMM,Ammonia-nitrogen (as N),Total,,0.1,mg/l,False,0.1,,,Unknown,UHL001,Actual,SW,Water,,,Clayton,07060004,River/Stream,,42.7497293,-91.2767798
6,10220002,Volga River near Elkport,03/05/2002 09:55:00,AMBIENT,NIT-AMM,Ammonia-nitrogen (as N),Total,,0.05,mg/l,False,0.05,,,Unknown,UHL001,Actual,SW,Water,,,Clayton,07060004,River/Stream,,42.7497293,-91.2767798
6,10220002,Volga River near Elkport,02/09/1999 09:15:00,AMBIENT,NIT-AMM,Ammonia-nitrogen (as N),Total,,0.2,mg/l,True,0.1,,,Unknown,UHL001,Actual,SW,Water,,,Clayton,07060004,River/Stream,,42.7497293,-91.2767798
6,10220002,Volga River near Elkport,01/02/2002 10:45:00,AMBIENT,NIT-AMM,Ammonia-nitrogen (as N),Total,,0.05,mg/l,False,0.05,,,Unknown,UHL001,Actual,SW,Water,,,Clayton,07060004,River/Stream,,42.7497293,-91.2767798
6,10220002,Volga River near Elkport,08/06/2002 08:15:00,AMBIENT,NIT-AMM,Ammonia-nitrogen (as N),Total,,0.05,mg/l,False,0.05,,,Unknown,UHL001,Actual,SW,Water,,,Clayton,07060004,River/Stream,,42.7497293,-91.2767798
6,10220002,Volga River near Elkport,10/02/2001 08:35:00,AMBIENT,NIT-AMM,Ammonia-nitrogen (as N),Total,,0.05,mg/l,False,0.05,,,Unknown,UHL001,Actual,SW,Water,,,Clayton,07060004,River/Stream,,42.7497293,-91.2767798
6,10220002,Volga River near Elkport,02/23/2000 10:55:00,AMBIENT,NIT-AMM,Ammonia-nitrogen (as N),Total,,0.4,mg/l,True,0.1,,,Unknown,UHL001,Actual,SW,Water,,,Clayton,07060004,River/Stream,,42.7497293,-91.2767798
6,10220002,Volga River near Elkport,09/20/2000 11:25:00,AMBIENT,NIT-AMM,Ammonia-nitrogen (as N),Total,,0.1,mg/l,False,0.1,,,Unknown,UHL001,Actual,SW,Water,,,Clayton,07060004,River/Stream,,42.7497293,-91.2767798
6,10220002,Volga River near Elkport,03/21/2000 12:00:00,AMBIENT,NIT-AMM,Ammonia-nitrogen (as N),Total,,0.1,mg/l,False,0.1,,,Unknown,UHL001,Actual,SW,Water,,,Clayton,07060004,River/Stream,,42.7497293,-91.2767798
6,10220003,Bloody Run Creek Site #1 (BR01),06/06/1995 07:30:00,SNY319,NIT-AMM,Ammonia-nitrogen (as N),Total,,0.2,mg/l,True,0.1,,,Unknown,SNY001,Actual,SW,Water,,,Clayton,07060001,River/Stream,,43.0404991,-91.2055504
6,10220003,Bloody Run Creek Site #1 (BR01),05/09/1995 13:15:00,SNY319,NIT-AMM,Ammonia-nitrogen (as N),Total,,0.1,mg/l,True,0.1,,,Unknown,SNY001,Actual,SW,Water,,,Clayton,07060001,River/Stream,,43.0404991,-91.2055504
6,10220003,Bloody Run Creek Site #1 (BR01),05/30/1995 13:15:00,SNY319,NIT-AMM,Ammonia-nitrogen (as N),Total,,0.1,mg/l,False,0.1,,,Unknown,SNY001,Actual,SW,Water,,,Clayton,07060001,River/Stream,,43.0404991,-91.2055504
6,10220003,Bloody Run Creek Site #1 (BR01),05/16/1995 09:25:00,SNY319,NIT-AMM,Ammonia-nitrogen (as N),Total,,0.1,mg/l,False,0.1,,,Unknown,SNY001,Actual,SW,Water,,,Clayton,07060001,River/Stream,,43.0404991,-91.2055504
6,10220002,Volga River near Elkport,05/07/2002 10:50:00,AMBIENT,NIT-AMM,Ammonia-nitrogen (as N),Total,,0.05,mg/l,False,0.05,,,Unknown,UHL001,Actual,SW,Water,,,Clayton,07060004,River/Stream,,42.7497293,-91.2767798
6,10220002,Volga River near Elkport,09/11/2002 12:15:00,AMBIENT,NIT-AMM,Ammonia-nitrogen (as N),Total,,0.05,mg/l,False,0.05,,,Unknown,UHL001,Actual,SW,Water,,,Clayton,07060004,River/Stream,,42.7497293,-91.2767798
6,10220002,Volga River near Elkport,05/03/2001 07:30:00,AMBIENT,NIT-AMM,Ammonia-nitrogen (as N),Total,,0.2,mg/l,True,0.1,,,Unknown,UHL001,Actual,SW,Water,,,Clayton,07060004,River/Stream,,42.7497293,-91.2767798
6,10220002,Volga River near Elkport,03/08/2001 08:30:00,AMBIENT,NIT-AMM,Ammonia-nitrogen (as N),Total,,0.1,mg/l,False,0.1,,,Unknown,UHL001,Actual,SW,Water,,,Clayton,07060004,River/Stream,,42.7497293,-91.2767798
6,10220002,Volga River near Elkport,07/05/2001 08:45:00,AMBIENT,NIT-AMM,Ammonia-nitrogen (as N),Total,,0.1,mg/l,False,0.1,,,Unknown,UHL001,Actual,SW,Water,,,Clayton,07060004,River/Stream,,42.7497293,-91.2767798
6,10220002,Volga River near Elkport,10/09/2000 08:25:00,AMBIENT,NIT-AMM,Ammonia-nitrogen (as N),Total,,0.1,mg/l,False,0.1,,,Unknown,UHL001,Actual,SW,Water,,,Clayton,07060004,River/Stream,,42.7497293,-91.2767798
6,10220002,Volga River near Elkport,09/12/2001 10:10:00,AMBIENT,NIT-AMM,Ammonia-nitrogen (as N),Total,,0.05,mg/l,True,0.01,,,Unknown,UHL001,Actual,SW,Water,,,Clayton,07060004,River/Stream,,42.7497293,-91.2767798
6,10220002,Volga River near Elkport,08/01/2001 12:30:00,AMBIENT,NIT-AMM,Ammonia-nitrogen (as N),Total,,0.1,mg/l,False,0.1,,,Unknown,UHL001,Actual,SW,Water,,,Clayton,07060004,River/Stream,,42.7497293,-91.2767798
6,10220003,Bloody Run Creek Site #1 (BR01),03/28/1995 09:40:00,SNY319,NIT-AMM,Ammonia-nitrogen (as N),Total,,0.1,mg/l,False,0.1,,,Unknown,SNY001,Actual,SW,Water,,,Clayton,07060001,River/Stream,,43.0404991,-91.2055504
6,10220003,Bloody Run Creek Site #1 (BR01),04/25/1995 08:50:00,SNY319,NIT-AMM,Ammonia-nitrogen (as N),Total,,0.1,mg/l,False,0.1,,,Unknown,SNY001,Actual,SW,Water,,,Clayton,07060001,River/Stream,,43.0404991,-91.2055504
6,10220003,Bloody Run Creek Site #1 (BR01),04/18/1995 09:45:00,SNY319,NIT-AMM,Ammonia-nitrogen (as N),Total,,0.1,mg/l,False,0.1,,,Unknown,SNY001,Actual,SW,Water,,,Clayton,07060001,River/Stream,,43.0404991,-91.2055504
6,10220003,Bloody Run Creek Site #1 (BR01),03/07/1995 13:30:00,SNY319,NIT-AMM,Ammonia-nitrogen (as N),Total,,0.1,mg/l,False,0.1,,,Unknown,SNY001,Actual,SW,Water,,,Clayton,07060001,River/Stream,,43.0404991,-91.2055504
6,10220003,Bloody Run Creek Site #1 (BR01),03/14/1995 13:50:00,SNY319,NIT-AMM,Ammonia-nitrogen (as N),Total,,0.1,mg/l,True,0.1,,,Unknown,SNY001,Actual,SW,Water,,,Clayton,07060001,River/Stream,,43.0404991,-91.2055504
6,10220003,Bloody Run Creek Site #1 (BR01),04/04/1995 13:05:00,SNY319,NIT-AMM,Ammonia-nitrogen (as N),Total,,0.1,mg/l,False,0.1,,,Unknown,SNY001,Actual,SW,Water,,,Clayton,07060001,River/Stream,,43.0404991,-91.2055504
6,10220003,Bloody Run Creek Site #1 (BR01),11/22/1994 13:00:00,SNY319,NIT-AMM,Ammonia-nitrogen (as N),Total,,0.1,mg/l,False,0.1,,,Unknown,SNY001,Actual,SW,Water,,,Clayton,07060001,River/Stream,,43.0404991,-91.2055504
6,10220003,Bloody Run Creek Site #1 (BR01),02/21/1995 10:00:00,SNY319,NIT-AMM,Ammonia-nitrogen (as N),Total,,0.7,mg/l,True,0.1,,,Unknown,SNY001,Actual,SW,Water,,,Clayton,07060001,River/Stream,,43.0404991,-91.2055504
6,10220003,Bloody Run Creek Site #1 (BR01),01/31/1995 09:20:00,SNY319,NIT-AMM,Ammonia-nitrogen (as N),Total,,0.1,mg/l,False,0.1,,,Unknown,SNY001,Actual,SW,Water,,,Clayton,07060001,River/Stream,,43.0404991,-91.2055504
6,10220003,Bloody Run Creek Site #1 (BR01),02/14/1995 11:50:00,SNY319,NIT-AMM,Ammonia-nitrogen (as N),Total,,0.1,mg/l,False,0.1,,,Unknown,SNY001,Actual,SW,Water,,,Clayton,07060001,River/Stream,,43.0404991,-91.2055504
6,10220003,Bloody Run Creek Site #1 (BR01),01/03/1995 13:00:00,SNY319,NIT-AMM,Ammonia-nitrogen (as N),Total,,0.1,mg/l,False,0.1,,,Unknown,SNY001,Actual,SW,Water,,,Clayton,07060001,River/Stream,,43.0404991,-91.2055504
6,10220003,Bloody Run Creek Site #1 (BR01),01/10/1995 12:50:00,SNY319,NIT-AMM,Ammonia-nitrogen (as N),Total,,0.1,mg/l,False,0.1,,,Unknown,SNY001,Actual,SW,Water,,,Clayton,07060001,River/Stream,,43.0404991,-91.2055504
6,10220003,Bloody Run Creek Site #1 (BR01),01/24/1995 13:00:00,SNY319,NIT-AMM,Ammonia-nitrogen (as N),Total,,0.1,mg/l,False,0.1,,,Unknown,SNY001,Actual,SW,Water,,,Clayton,07060001,River/Stream,,43.0404991,-91.2055504
6,10220003,Bloody Run Creek Site #1 (BR01),12/20/1994 09:30:00,SNY319,NIT-AMM,Ammonia-nitrogen (as N),Total,,0.1,mg/l,False,0.1,,,Unknown,SNY001,Actual,SW,Water,,,Clayton,07060001,River/Stream,,43.0404991,-91.2055504
6,10220003,Bloody Run Creek Site #1 (BR01),11/29/1994 09:10:00,SNY319,NIT-AMM,Ammonia-nitrogen (as N),Total,,0.1,mg/l,False,0.1,,,Unknown,SNY001,Actual,SW,Water,,,Clayton,07060001,River/Stream,,43.0404991,-91.2055504
6,10220003,Bloody Run Creek Site #1 (BR01),11/08/1994 15:10:00,SNY319,NIT-AMM,Ammonia-nitrogen (as N),Total,,0.1,mg/l,False,0.1,,,Unknown,SNY001,Actual,SW,Water,,,Clayton,07060001,River/Stream,,43.0404991,-91.2055504
6,10220003,Bloody Run Creek Site #1 (BR01),10/18/1994 10:30:00,SNY319,NIT-AMM,Ammonia-nitrogen (as N),Total,,0.1,mg/l,False,0.1,,,Unknown,SNY001,Actual,SW,Water,,,Clayton,07060001,River/Stream,,43.0404991,-91.2055504
6,10220003,Bloody Run Creek Site #1 (BR01),10/11/1994 13:55:00,SNY319,NIT-AMM,Ammonia-nitrogen (as N),Total,,0.1,mg/l,False,0.1,,,Unknown,SNY001,Actual,SW,Water,,,Clayton,07060001,River/Stream,,43.0404991,-91.2055504
6,10220003,Bloody Run Creek Site #1 (BR01),09/28/1994 09:10:00,SNY319,NIT-AMM,Ammonia-nitrogen (as N),Total,,0.2,mg/l,True,0.1,,,Unknown,SNY001,Actual,SW,Water,,,Clayton,07060001,River/Stream,,43.0404991,-91.2055504
6,10220003,Bloody Run Creek Site #1 (BR01),09/06/1994 14:35:00,SNY319,NIT-AMM,Ammonia-nitrogen (as N),Total,,0.1,mg/l,False,0.1,,,Unknown,SNY001,Actual,SW,Water,,,Clayton,07060001,River/Stream,,43.0404991,-91.2055504
6,10220003,Bloody Run Creek Site #1 (BR01),08/30/1994 09:15:00,SNY319,NIT-AMM,Ammonia-nitrogen (as N),Total,,0.2,mg/l,True,0.1,,,Unknown,SNY001,Actual,SW,Water,,,Clayton,07060001,River/Stream,,43.0404991,-91.2055504
6,10220002,Volga River near Elkport,09/07/2001 13:20:00,EVENT,NIT-AMM,Ammonia-nitrogen (as N),Total,,0.07,mg/l,True,0.01,,,Unknown,UHL001,Actual,SW,Water,,,Clayton,07060004,River/Stream,,42.7497293,-91.2767798
6,10220002,Volga River near Elkport,05/08/2001 09:10:00,EVENT,NIT-AMM,Ammonia-nitrogen (as N),Total,,0.1,mg/l,False,0.1,,,Unknown,UHL001,Actual,SW,Water,,,Clayton,07060004,River/Stream,,42.7497293,-91.2767798
6,10220002,Volga River near Elkport,05/30/2002 10:55:00,EVENT,NIT-AMM,Ammonia-nitrogen (as N),Total,,0.23,mg/l,True,0.05,,,350.1,UHL001,Actual,SW,Water,,,Clayton,07060004,River/Stream,,42.7497293,-91.2767798
6,10220002,Volga River near Elkport,04/29/2002 10:30:00,EVENT,NIT-AMM,Ammonia-nitrogen (as N),Total,,0.05,mg/l,False,0.05,,,350.1,UHL001,Actual,SW,Water,,,Clayton,07060004,River/Stream,,42.7497293,-91.2767798
6,10220001,Turkey River near Garber,11/06/2013 12:07:00,TURKEYR,NIT-AMM,Ammonia-nitrogen (AS N),Total,,0.08,mg/l,True,0.05,,,LAC10-107-06-1J,UHL001,Actual,SW,Water,,,Clayton,07060004,River/Stream,,42.739547,-91.2619757
6,10220001,Turkey River near Garber,06/05/2013 11:15:00,TURKEYR,NIT-AMM,Ammonia-nitrogen (AS N),Total,,0.07,mg/l,True,0.05,,,LAC10-107-06-1J,UHL001,Actual,SW,Water,,,Clayton,07060004,River/Stream,,42.739547,-91.2619757
6,10220001,Turkey River near Garber,07/10/2013 09:47:00,TURKEYR,NIT-AMM,Ammonia-nitrogen (AS N),Total,,0.05,mg/l,False,0.05,,,LAC10-107-06-1J,UHL001,Actual,SW,Water,,,Clayton,07060004,River/Stream,,42.739547,-91.2619757
6,10220001,Turkey River near Garber,08/07/2013 12:01:00,TURKEYR,NIT-AMM,Ammonia-nitrogen (AS N),Total,,0.05,mg/l,False,0.05,,,LAC10-107-06-1J,UHL001,Actual,SW,Water,,,Clayton,07060004,River/Stream,,42.739547,-91.2619757
6,10220001,Turkey River near Garber,07/08/2014 08:00:00,AMBIENT,NIT-AMM,Ammonia-nitrogen (AS N),Total,,0.05,mg/l,False,0.05,,,LAC10-107-06-1J,UHL001,Actual,SW,Water,,,Clayton,07060004,River/Stream,,42.739547,-91.2619757
6,10220001,Turkey River near Garber,01/02/2014 09:15:00,AMBIENT,NIT-AMM,Ammonia-nitrogen (AS N),Total,,0.05,mg/l,False,0.05,,,LAC10-107-06-1J,UHL001,Actual,SW,Water,,,Clayton,07060004,River/Stream,,42.739547,-91.2619757
6,10220001,Turkey River near Garber,04/01/2014 07:50:00,AMBIENT,NIT-AMM,Ammonia-nitrogen (AS N),Total,,0.32,mg/l,True,0.05,,,LAC10-107-06-1J,UHL001,Actual,SW,Water,,,Clayton,07060004,River/Stream,,42.739547,-91.2619757
6,10220001,Turkey River near Garber,06/10/2014 08:20:00,AMBIENT,NIT-AMM,Ammonia-nitrogen (AS N),Total,,0.05,mg/l,False,0.05,,,LAC10-107-06-1J,UHL001,Actual,SW,Water,,,Clayton,07060004,River/Stream,,42.739547,-91.2619757
6,10220001,Turkey River near Garber,10/02/2013 09:50:00,AMBIENT,NIT-AMM,Ammonia-nitrogen (AS N),Total,,0.05,mg/l,False,0.05,,,LAC10-107-06-1J,UHL001,Actual,SW,Water,,,Clayton,07060004,River/Stream,,42.739547,-91.2619757
6,10220001,Turkey River near Garber,04/04/2013 08:20:00,AMBIENT,NIT-AMM,Ammonia-nitrogen (AS N),Total,,0.34,mg/l,True,0.05,,,LAC10-107-06-1J,UHL001,Actual,SW,Water,,,Clayton,07060004,River/Stream,,42.739547,-91.2619757
6,10220001,Turkey River near Garber,09/04/2013 09:00:00,AMBIENT,NIT-AMM,Ammonia-nitrogen (AS N),Total,,0.05,mg/l,False,0.05,,,LAC10-107-06-1J,UHL001,Actual,SW,Water,,,Clayton,07060004,River/Stream,,42.739547,-91.2619757
6,10220001,Turkey River near Garber,08/01/2012 06:35:00,TURKEYR,NIT-AMM,Ammonia-nitrogen (as N),Total,,0.05,mg/l,False,0.05,,,LAC10-107-06-1J,IGS-GRAB,Actual,SW,Water,,,Clayton,07060004,River/Stream,,42.739547,-91.2619757
6,10220001,Turkey River near Garber,07/02/2012 10:30:00,TURKEYR,NIT-AMM,Ammonia-nitrogen (as N),Total,,0.05,mg/l,False,0.05,,,LAC10-107-06-1J,IGS-GRAB,Actual,SW,Water,,,Clayton,07060004,River/Stream,,42.739547,-91.2619757
6,10220001,Turkey River near Garber,12/04/2012 09:45:00,AMBIENT,NIT-AMM,Ammonia-nitrogen (as N),Total,,0.05,mg/l,False,0.05,,,LAC10-107-06-1J,UHL001,Actual,SW,Water,,,Clayton,07060004,River/Stream,,42.739547,-91.2619757
6,10220001,Turkey River near Garber,09/05/2012 09:36:00,TURKEYR,NIT-AMM,Ammonia-nitrogen (as N),Total,,0.23,mg/l,True,0.05,,,LAC10-107-06-1J,IGS-GRAB,Actual,SW,Water,,,Clayton,07060004,River/Stream,,42.739547,-91.2619757
6,10220001,Turkey River near Garber,08/01/2012 09:18:00,AMBIENT,NIT-AMM,Ammonia-nitrogen (as N),Total,,0.05,mg/l,False,0.05,,,LAC10-107-06-1J,UHL001,Actual,SW,Water,,,Clayton,07060004,River/Stream,,42.739547,-91.2619757
6,10220001,Turkey River near Garber,09/10/2012 08:45:00,AMBIENT,NIT-AMM,Ammonia-nitrogen (as N),Total,,0.05,mg/l,False,0.05,,,LAC10-107-06-1J,UHL001,Actual,SW,Water,,,Clayton,07060004,River/Stream,,42.739547,-91.2619757
6,10220001,Turkey River near Garber,05/03/2012 07:55:00,AMBIENT,NIT-AMM,Ammonia-nitrogen (as N),Total,,0.05,mg/l,False,0.05,,,LAC10-107-06-1J,UHL001,Actual,SW,Water,,,Clayton,07060004,River/Stream,,42.739547,-91.2619757
6,10220001,Turkey River near Garber,04/05/2012 07:55:00,AMBIENT,NIT-AMM,Ammonia-nitrogen (as N),Total,,0.05,mg/l,False,0.05,,,LAC10-107-06-1J,UHL001,Actual,SW,Water,,,Clayton,07060004,River/Stream,,42.739547,-91.2619757
6,10220001,Turkey River near Garber,07/06/2011 12:30:00,TURKEYR,NIT-AMM,Ammonia-nitrogen (as N),Total,,0.05,mg/l,False,0.05,,,350.1,IGS-GRAB,Actual,SW,Water,,,Clayton,07060004,River/Stream,,42.739547,-91.2619757
6,10220001,Turkey River near Garber,09/07/2011 10:40:00,TURKEYR,NIT-AMM,Ammonia-nitrogen (as N),Total,,0.05,mg/l,False,0.05,,,350.1,IGS-GRAB,Actual,SW,Water,,,Clayton,07060004,River/Stream,,42.739547,-91.2619757
6,10220001,Turkey River near Garber,05/04/2011 12:13:00,TURKEYR,NIT-AMM,Ammonia-nitrogen (as N),Total,,0.05,mg/l,False,0.05,,,350.1,IGS-GRAB,Actual,SW,Water,,,Clayton,07060004,River/Stream,,42.739547,-91.2619757
6,10220001,Turkey River near Garber,06/01/2011 12:10:00,TURKEYR,NIT-AMM,Ammonia-nitrogen (as N),Total,,0.05,mg/l,False,0.05,,,350.1,IGS-GRAB,Actual,SW,Water,,,Clayton,07060004,River/Stream,,42.739547,-91.2619757
6,10220001,Turkey River near Garber,01/04/2011 09:00:00,AMBIENT,NIT-AMM,Ammonia-nitrogen (as N),Total,,0.05,mg/l,True,0.05,,,350.1,UHL001,Actual,SW,Water,,,Clayton,07060004,River/Stream,,42.739547,-91.2619757
6,10220001,Turkey River near Garber,06/08/2011 09:10:00,AMBIENT,NIT-AMM,Ammonia-nitrogen (as N),Total,,0.05,mg/l,False,0.05,,,350.1,UHL001,Actual,SW,Water,,,Clayton,07060004,River/Stream,,42.739547,-91.2619757
6,10220001,Turkey River near Garber,10/04/2010 09:00:00,AMBIENT,NIT-AMM,Ammonia-nitrogen (as N),Total,,0.05,mg/l,False,0.05,,,350.1,UHL001,Actual,SW,Water,,,Clayton,07060004,River/Stream,,42.739547,-91.2619757
6,10220001,Turkey River near Garber,09/02/2010 08:00:00,AMBIENT,NIT-AMM,Ammonia-nitrogen (as N),Total,,0.05,mg/l,False,0.05,,,350.1,UHL001,Actual,SW,Water,,,Clayton,07060004,River/Stream,,42.739547,-91.2619757
6,10220001,Turkey River near Garber,07/07/2010 09:15:00,AMBIENT,NIT-AMM,Ammonia-nitrogen (as N),Total,,0.05,mg/l,False,0.05,,,350.1,UHL001,Actual,SW,Water,,,Clayton,07060004,River/Stream,,42.739547,-91.2619757
6,10220001,Turkey River near Garber,06/03/2010 08:15:00,AMBIENT,NIT-AMM,Ammonia-nitrogen (as N),Total,,0.05,mg/l,False,0.05,,,350.1,UHL001,Actual,SW,Water,,,Clayton,07060004,River/Stream,,42.739547,-91.2619757
6,10220001,Turkey River near Garber,12/03/2009 09:15:00,AMBIENT,NIT-AMM,Ammonia-nitrogen (as N),Total,,0.05,mg/l,False,0.05,,,350.1,UHL001,Actual,SW,Water,,,Clayton,07060004,River/Stream,,42.739547,-91.2619757
6,10220001,Turkey River near Garber,09/08/2009 09:50:00,AMBIENT,NIT-AMM,Ammonia-nitrogen (as N),Total,,0.05,mg/l,False,0.05,,,350.1,UHL001,Actual,SW,Water,,,Clayton,07060004,River/Stream,,42.739547,-91.2619757
6,10220001,Turkey River near Garber,08/11/2009 09:45:00,AMBIENT,NIT-AMM,Ammonia-nitrogen (as N),Total,,0.05,mg/l,False,0.05,,,350.1,UHL001,Actual,SW,Water,,,Clayton,07060004,River/Stream,,42.739547,-91.2619757
6,10220001,Turkey River near Garber,04/06/2009 08:30:00,AMBIENT,NIT-AMM,Ammonia-nitrogen (as N),Total,,0.05,mg/l,False,0.05,,,350.1,UHL001,Actual,SW,Water,,,Clayton,07060004,River/Stream,,42.739547,-91.2619757
6,10220001,Turkey River near Garber,06/10/2009 09:20:00,AMBIENT,NIT-AMM,Ammonia-nitrogen (as N),Total,,0.05,mg/l,False,0.05,,,350.1,UHL001,Actual,SW,Water,,,Clayton,07060004,River/Stream,,42.739547,-91.2619757
6,10220001,Turkey River near Garber,07/09/2008 08:25:00,AMBIENT,NIT-AMM,Ammonia-nitrogen (as N),Total,,0.05,mg/l,False,0.05,,,350.1,UHL001,Actual,SW,Water,,,Clayton,07060004,River/Stream,,42.739547,-91.2619757
6,10220001,Turkey River near Garber,05/07/2008 08:30:00,AMBIENT,NIT-AMM,Ammonia-nitrogen (as N),Total,,0.05,mg/l,False,0.05,,,350.1,UHL001,Actual,SW,Water,,,Clayton,07060004,River/Stream,,42.739547,-91.2619757
6,10220001,Turkey River near Garber,04/09/2008 08:15:00,AMBIENT,NIT-AMM,Ammonia-nitrogen (as N),Total,,0.05,mg/l,False,0.05,,,350.1,UHL001,Actual,SW,Water,,,Clayton,07060004,River/Stream,,42.739547,-91.2619757
6,10220001,Turkey River near Garber,03/10/2008 08:40:00,AMBIENT,NIT-AMM,Ammonia-nitrogen (as N),Total,,0.05,mg/l,False,0.05,,,350.1,UHL001,Actual,SW,Water,,,Clayton,07060004,River/Stream,,42.739547,-91.2619757
6,10220001,Turkey River near Garber,02/12/2008 08:25:00,AMBIENT,NIT-AMM,Ammonia-nitrogen (as N),Total,,0.05,mg/l,False,0.05,,,350.1,UHL001,Actual,SW,Water,,,Clayton,07060004,River/Stream,,42.739547,-91.2619757
6,10220001,Turkey River near Garber,01/03/2008 08:25:00,AMBIENT,NIT-AMM,Ammonia-nitrogen (as N),Total,,0.05,mg/l,False,0.05,,,350.1,UHL001,Actual,SW,Water,,,Clayton,07060004,River/Stream,,42.739547,-91.2619757
6,10220001,Turkey River near Garber,10/09/2007 09:05:00,AMBIENT,NIT-AMM,Ammonia-nitrogen (as N),Total,,0.05,mg/l,False,0.05,,,350.1,UHL001,Actual,SW,Water,,,Clayton,07060004,River/Stream,,42.739547,-91.2619757
6,10220001,Turkey River near Garber,08/02/2007 09:25:00,AMBIENT,NIT-AMM,Ammonia-nitrogen (as N),Total,,0.05,mg/l,False,0.05,,,350.1,UHL001,Actual,SW,Water,,,Clayton,07060004,River/Stream,,42.739547,-91.2619757
6,10220001,Turkey River near Garber,06/13/2007 08:15:00,AMBIENT,NIT-AMM,Ammonia-nitrogen (as N),Total,,0.05,mg/l,False,0.05,,,350.1,UHL001,Actual,SW,Water,,,Clayton,07060004,River/Stream,,42.739547,-91.2619757
6,10220001,Turkey River near Garber,05/08/2007 08:10:00,AMBIENT,NIT-AMM,Ammonia-nitrogen (as N),Total,,0.05,mg/l,False,0.05,,,350.1,UHL001,Actual,SW,Water,,,Clayton,07060004,River/Stream,,42.739547,-91.2619757
6,10220001,Turkey River near Garber,03/13/2007 08:55:00,AMBIENT,NIT-AMM,Ammonia-nitrogen (as N),Total,,0.84,mg/l,True,0.05,,,350.1,UHL001,Actual,SW,Water,,,Clayton,07060004,River/Stream,,42.739547,-91.2619757
6,10220001,Turkey River near Garber,02/21/2007 08:30:00,AMBIENT,NIT-AMM,Ammonia-nitrogen (as N),Total,,0.05,mg/l,False,0.05,,,350.1,UHL001,Actual,SW,Water,,,Clayton,07060004,River/Stream,,42.739547,-91.2619757
6,10220001,Turkey River near Garber,01/04/2007 07:40:00,AMBIENT,NIT-AMM,Ammonia-nitrogen (as N),Total,,0.05,mg/l,True,0.05,,,350.1,UHL001,Actual,SW,Water,,,Clayton,07060004,River/Stream,,42.739547,-91.2619757
6,10220001,Turkey River near Garber,12/07/2006 08:40:00,AMBIENT,NIT-AMM,Ammonia-nitrogen (as N),Total,,0.05,mg/l,False,0.05,,,350.1,UHL001,Actual,SW,Water,,,Clayton,07060004,River/Stream,,42.739547,-91.2619757
6,10220001,Turkey River near Garber,05/02/2006 08:55:00,AMBIENT,NIT-AMM,Ammonia-nitrogen (as N),Total,,0.05,mg/l,False,0.05,,,350.1,UHL001,Actual,SW,Water,,,Clayton,07060004,River/Stream,,42.739547,-91.2619757
6,10220001,Turkey River near Garber,07/06/2006 06:40:00,AMBIENT,NIT-AMM,Ammonia-nitrogen (as N),Total,,0.05,mg/l,False,0.05,,,350.1,UHL001,Actual,SW,Water,,,Clayton,07060004,River/Stream,,42.739547,-91.2619757
6,10220001,Turkey River near Garber,10/04/2006 10:10:00,AMBIENT,NIT-AMM,Ammonia-nitrogen (as N),Total,,0.05,mg/l,False,0.05,,,350.1,UHL001,Actual,SW,Water,,,Clayton,07060004,River/Stream,,42.739547,-91.2619757
6,10220001,Turkey River near Garber,03/07/2006 09:30:00,AMBIENT,NIT-AMM,Ammonia-nitrogen (as N),Total,,0.05,mg/l,False,0.05,,,350.1,UHL001,Actual,SW,Water,,,Clayton,07060004,River/Stream,,42.739547,-91.2619757
6,10220001,Turkey River near Garber,02/07/2006 08:40:00,AMBIENT,NIT-AMM,Ammonia-nitrogen (as N),Total,,0.05,mg/l,False,0.05,,,350.1,UHL001,Actual,SW,Water,,,Clayton,07060004,River/Stream,,42.739547,-91.2619757
6,10220001,Turkey River near Garber,10/11/2005 09:50:00,AMBIENT,NIT-AMM,Ammonia-nitrogen (as N),Total,,0.05,mg/l,False,0.05,,,350.1,UHL001,Actual,SW,Water,,,Clayton,07060004,River/Stream,,42.739547,-91.2619757
6,10220001,Turkey River near Garber,09/05/2005 09:45:00,AMBIENT,NIT-AMM,Ammonia-nitrogen (as N),Total,,0.05,mg/l,False,0.05,,,350.1,UHL001,Actual,SW,Water,,,Clayton,07060004,River/Stream,,42.739547,-91.2619757
6,10220001,Turkey River near Garber,07/06/2005 11:30:00,AMBIENT,NIT-AMM,Ammonia-nitrogen (as N),Total,,0.05,mg/l,False,0.05,,,350.1,UHL001,Actual,SW,Water,,,Clayton,07060004,River/Stream,,42.739547,-91.2619757
6,10220001,Turkey River near Garber,05/03/2005 09:55:00,AMBIENT,NIT-AMM,Ammonia-nitrogen (as N),Total,,0.05,mg/l,False,0.05,,,350.1,UHL001,Actual,SW,Water,,,Clayton,07060004,River/Stream,,42.739547,-91.2619757
6,10220001,Turkey River near Garber,06/07/2005 09:30:00,AMBIENT,NIT-AMM,Ammonia-nitrogen (as N),Total,,0.05,mg/l,False,0.05,,,350.1,UHL001,Actual,SW,Water,,,Clayton,07060004,River/Stream,,42.739547,-91.2619757
6,10220001,Turkey River near Garber,01/11/2005 10:00:00,AMBIENT,NIT-AMM,Ammonia-nitrogen (as N),Total,,0.05,mg/l,False,0.05,,,350.1,UHL001,Actual,SW,Water,,,Clayton,07060004,River/Stream,,42.739547,-91.2619757
6,10220001,Turkey River near Garber,12/07/2004 09:05:00,AMBIENT,NIT-AMM,Ammonia-nitrogen (as N),Total,,0.05,mg/l,False,0.05,,,350.1,UHL001,Actual,SW,Water,,,Clayton,07060004,River/Stream,,42.739547,-91.2619757
6,10220001,Turkey River near Garber,10/05/2004 09:00:00,AMBIENT,NIT-AMM,Ammonia-nitrogen (as N),Total,,0.05,mg/l,False,0.05,,,350.1,UHL001,Actual,SW,Water,,,Clayton,07060004,River/Stream,,42.739547,-91.2619757
6,10220001,Turkey River near Garber,05/04/2004 09:45:00,AMBIENT,NIT-AMM,Ammonia-nitrogen (as N),Total,,0.05,mg/l,False,0.05,,,350.1,UHL001,Actual,SW,Water,,,Clayton,07060004,River/Stream,,42.739547,-91.2619757
6,10220001,Turkey River near Garber,04/06/2004 10:00:00,AMBIENT,NIT-AMM,Ammonia-nitrogen (as N),Total,,0.05,mg/l,False,0.05,,,350.1,UHL001,Actual,SW,Water,,,Clayton,07060004,River/Stream,,42.739547,-91.2619757
6,10220001,Turkey River near Garber,03/02/2004 09:15:00,AMBIENT,NIT-AMM,Ammonia-nitrogen (as N),Total,,1.1,mg/l,True,0.05,,,350.1,UHL001,Actual,SW,Water,,,Clayton,07060004,River/Stream,,42.739547,-91.2619757
6,10220001,Turkey River near Garber,01/06/2004 10:20:00,AMBIENT,NIT-AMM,Ammonia-nitrogen (as N),Total,,0.05,mg/l,False,0.05,,,350.1,UHL001,Actual,SW,Water,,,Clayton,07060004,River/Stream,,42.739547,-91.2619757
6,10220001,Turkey River near Garber,11/04/2003 16:30:00,AMBIENT,NIT-AMM,Ammonia-nitrogen (as N),Total,,0.06,mg/l,True,0.05,,,350.1,UHL001,Actual,SW,Water,,,Clayton,07060004,River/Stream,,42.739547,-91.2619757
6,10220001,Turkey River near Garber,10/07/2003 09:10:00,AMBIENT,NIT-AMM,Ammonia-nitrogen (as N),Total,,0.05,mg/l,False,0.05,,,350.1,UHL001,Actual,SW,Water,,,Clayton,07060004,River/Stream,,42.739547,-91.2619757
6,10220001,Turkey River near Garber,08/05/2003 08:55:00,AMBIENT,NIT-AMM,Ammonia-nitrogen (as N),Total,,0.05,mg/l,False,0.05,,,350.1,UHL001,Actual,SW,Water,,,Clayton,07060004,River/Stream,,42.739547,-91.2619757
6,10220001,Turkey River near Garber,06/03/2003 09:00:00,AMBIENT,NIT-AMM,Ammonia-nitrogen (as N),Total,,0.05,mg/l,False,0.05,,,350.1,UHL001,Actual,SW,Water,,,Clayton,07060004,River/Stream,,42.739547,-91.2619757
6,10220001,Turkey River near Garber,05/06/2003 08:25:00,AMBIENT,NIT-AMM,Ammonia-nitrogen (as N),Total,,0.1,mg/l,True,0.05,,,350.1,UHL001,Actual,SW,Water,,,Clayton,07060004,River/Stream,,42.739547,-91.2619757
6,10220001,Turkey River near Garber,02/04/2003 09:35:00,AMBIENT,NIT-AMM,Ammonia-nitrogen (as N),Total,,0.05,mg/l,False,0.05,,,350.1,UHL001,Actual,SW,Water,,,Clayton,07060004,River/Stream,,42.739547,-91.2619757
6,10220001,Turkey River near Garber,04/01/2003 08:55:00,AMBIENT,NIT-AMM,Ammonia-nitrogen (as N),Total,,0.05,mg/l,False,0.05,,,350.1,UHL001,Actual,SW,Water,,,Clayton,07060004,River/Stream,,42.739547,-91.2619757
6,10220001,Turkey River near Garber,07/01/2002 10:00:00,AMBIENT,NIT-AMM,Ammonia-nitrogen (as N),Total,,0.05,mg/l,False,0.05,,,Unknown,UHL001,Actual,SW,Water,,,Clayton,07060004,River/Stream,,42.739547,-91.2619757
6,10220001,Turkey River near Garber,03/05/2002 10:20:00,AMBIENT,NIT-AMM,Ammonia-nitrogen (as N),Total,,0.05,mg/l,False,0.05,,,Unknown,UHL001,Actual,SW,Water,,,Clayton,07060004,River/Stream,,42.739547,-91.2619757
6,10220001,Turkey River near Garber,06/04/2002 08:50:00,AMBIENT,NIT-AMM,Ammonia-nitrogen (as N),Total,,0.62,mg/l,True,0.05,,,Unknown,UHL001,Actual,SW,Water,,,Clayton,07060004,River/Stream,,42.739547,-91.2619757
6,10220001,Turkey River near Garber,05/07/2002 11:15:00,AMBIENT,NIT-AMM,Ammonia-nitrogen (as N),Total,,0.06,mg/l,True,0.05,,,Unknown,UHL001,Actual,SW,Water,,,Clayton,07060004,River/Stream,,42.739547,-91.2619757
6,10220001,Turkey River near Garber,12/04/2001 08:30:00,AMBIENT,NIT-AMM,Ammonia-nitrogen (as N),Total,,0.05,mg/l,False,0.05,,,Unknown,UHL001,Actual,SW,Water,,,Clayton,07060004,River/Stream,,42.739547,-91.2619757
6,10220001,Turkey River near Garber,11/06/2001 09:00:00,AMBIENT,NIT-AMM,Ammonia-nitrogen (as N),Total,,0.05,mg/l,False,0.05,,,Unknown,UHL001,Actual,SW,Water,,,Clayton,07060004,River/Stream,,42.739547,-91.2619757
6,10220001,Turkey River near Garber,10/02/2001 08:50:00,AMBIENT,NIT-AMM,Ammonia-nitrogen (as N),Total,,0.05,mg/l,False,0.05,,,Unknown,UHL001,Actual,SW,Water,,,Clayton,07060004,River/Stream,,42.739547,-91.2619757
6,10220001,Turkey River near Garber,09/11/2002 12:30:00,AMBIENT,NIT-AMM,Ammonia-nitrogen (as N),Total,,0.05,mg/l,False,0.05,,,Unknown,UHL001,Actual,SW,Water,,,Clayton,07060004,River/Stream,,42.739547,-91.2619757
6,10220001,Turkey River near Garber,05/03/2001 08:15:00,AMBIENT,NIT-AMM,Ammonia-nitrogen (as N),Total,,0.1,mg/l,True,0.1,,,Unknown,UHL001,Actual,SW,Water,,,Clayton,07060004,River/Stream,,42.739547,-91.2619757
6,10220001,Turkey River near Garber,03/08/2001 08:50:00,AMBIENT,NIT-AMM,Ammonia-nitrogen (as N),Total,,0.1,mg/l,False,0.1,,,Unknown,UHL001,Actual,SW,Water,,,Clayton,07060004,River/Stream,,42.739547,-91.2619757
6,10220001,Turkey River near Garber,01/09/2001 09:50:00,AMBIENT,NIT-AMM,Ammonia-nitrogen (as N),Total,,0.1,mg/l,False,0.1,,,Unknown,UHL001,Actual,SW,Water,,,Clayton,07060004,River/Stream,,42.739547,-91.2619757
6,10220001,Turkey River near Garber,07/05/2001 09:10:00,AMBIENT,NIT-AMM,Ammonia-nitrogen (as N),Total,,0.1,mg/l,False,0.1,,,Unknown,UHL001,Actual,SW,Water,,,Clayton,07060004,River/Stream,,42.739547,-91.2619757
6,10220001,Turkey River near Garber,10/09/2000 08:50:00,AMBIENT,NIT-AMM,Ammonia-nitrogen (as N),Total,,0.1,mg/l,False,0.1,,,Unknown,UHL001,Actual,SW,Water,,,Clayton,07060004,River/Stream,,42.739547,-91.2619757
6,10220001,Turkey River near Garber,06/07/2001 09:25:00,AMBIENT,NIT-AMM,Ammonia-nitrogen (as N),Total,,0.1,mg/l,False,0.1,,,Unknown,UHL001,Actual,SW,Water,,,Clayton,07060004,River/Stream,,42.739547,-91.2619757
6,10220001,Turkey River near Garber,11/08/1999 09:30:00,AMBIENT,NIT-AMM,Ammonia-nitrogen (as N),Total,,0.1,mg/l,False,0.1,,,Unknown,UHL001,Actual,SW,Water,,,Clayton,07060004,River/Stream,,42.739547,-91.2619757
6,10220001,Turkey River near Garber,03/21/2000 12:15:00,AMBIENT,NIT-AMM,Ammonia-nitrogen (as N),Total,,0.1,mg/l,False,0.1,,,Unknown,UHL001,Actual,SW,Water,,,Clayton,07060004,River/Stream,,42.739547,-91.2619757
6,10220001,Turkey River near Garber,06/14/2000 15:55:00,AMBIENT,NIT-AMM,Ammonia-nitrogen (as N),Total,,0.1,mg/l,True,0.1,,,Unknown,UHL001,Actual,SW,Water,,,Clayton,07060004,River/Stream,,42.739547,-91.2619757
6,10220001,Turkey River near Garber,03/05/2015 07:40:00,AMBIENT,NIT-AMM,Ammonia-nitrogen (AS N),Total,,0.05,mg/l,False,0.05,,,LAC10-107-06-1J,UHL001,Actual,SW,Water,,,Clayton,07060004,River/Stream,,42.739547,-91.2619757
6,10220001,Turkey River near Garber,02/23/2000 10:35:00,AMBIENT,NIT-AMM,Ammonia-nitrogen (as N),Total,,0.3,mg/l,True,0.1,,,Unknown,UHL001,Actual,SW,Water,,,Clayton,07060004,River/Stream,,42.739547,-91.2619757
6,10220001,Turkey River near Garber,07/05/2012 08:25:00,AMBIENT,NIT-AMM,Ammonia-nitrogen (as N),Total,,0.05,mg/l,False,0.05,,,LAC10-107-06-1J,UHL001,Actual,SW,Water,,,Clayton,07060004,River/Stream,,42.739547,-91.2619757
6,10220001,Turkey River near Garber,10/07/2014 09:45:00,AMBIENT,NIT-AMM,Ammonia-nitrogen (AS N),Total,,0.05,mg/l,False,0.05,,,LAC10-107-06-1J,UHL001,Actual,SW,Water,,,Clayton,07060004,River/Stream,,42.739547,-91.2619757
6,10220001,Turkey River near Garber,06/01/2015 09:50:00,AMBIENT,NIT-AMM,Ammonia-nitrogen (AS N),Total,,0.05,mg/l,False,0.05,,,LAC10-107-06-1J,UHL001,Actual,SW,Water,,,Clayton,07060004,River/Stream,,42.739547,-91.2619757
6,10220001,Turkey River near Garber,06/04/2012 08:10:00,AMBIENT,NIT-AMM,Ammonia-nitrogen (as N),Total,,0.05,mg/l,False,0.05,,,LAC10-107-06-1J,UHL001,Actual,SW,Water,,,Clayton,07060004,River/Stream,,42.739547,-91.2619757
6,10220001,Turkey River near Garber,09/04/2013 11:15:00,TURKEYR,NIT-AMM,Ammonia-nitrogen (AS N),Total,,0.05,mg/l,False,0.05,,,LAC10-107-06-1J,UHL001,Actual,SW,Water,,,Clayton,07060004,River/Stream,,42.739547,-91.2619757
6,10220001,Turkey River near Garber,10/16/2013 10:28:00,TURKEYR,NIT-AMM,Ammonia-nitrogen (AS N),Total,,0.05,mg/l,False,0.05,,,LAC10-107-06-1J,UHL001,Actual,SW,Water,,,Clayton,07060004,River/Stream,,42.739547,-91.2619757
6,10220001,Turkey River near Garber,08/04/2014 09:20:00,AMBIENT,NIT-AMM,Ammonia-nitrogen (AS N),Total,,0.05,mg/l,False,0.05,,,LAC10-107-06-1J,UHL001,Actual,SW,Water,,,Clayton,07060004,River/Stream,,42.739547,-91.2619757
6,10220001,Turkey River near Garber,05/05/2014 08:50:00,AMBIENT,NIT-AMM,Ammonia-nitrogen (AS N),Total,,0.05,mg/l,False,0.05,,,LAC10-107-06-1J,UHL001,Actual,SW,Water,,,Clayton,07060004,River/Stream,,42.739547,-91.2619757
6,10220001,Turkey River near Garber,02/04/2014 08:10:00,AMBIENT,NIT-AMM,Ammonia-nitrogen (AS N),Total,,0.05,mg/l,False,0.05,,,LAC10-107-06-1J,UHL001,Actual,SW,Water,,,Clayton,07060004,River/Stream,,42.739547,-91.2619757
6,10220001,Turkey River near Garber,03/03/2014 09:20:00,AMBIENT,NIT-AMM,Ammonia-nitrogen (AS N),Total,,0.05,mg/l,False,0.05,,,LAC10-107-06-1J,UHL001,Actual,SW,Water,,,Clayton,07060004,River/Stream,,42.739547,-91.2619757
6,10220001,Turkey River near Garber,12/05/2013 09:15:00,AMBIENT,NIT-AMM,Ammonia-nitrogen (AS N),Total,,0.05,mg/l,False,0.05,,,LAC10-107-06-1J,UHL001,Actual,SW,Water,,,Clayton,07060004,River/Stream,,42.739547,-91.2619757
6,10220001,Turkey River near Garber,09/03/2014 11:00:00,AMBIENT,NIT-AMM,Ammonia-nitrogen (AS N),Total,,0.05,mg/l,False,0.05,,,LAC10-107-06-1J,UHL001,Actual,SW,Water,,,Clayton,07060004,River/Stream,,42.739547,-91.2619757
6,10220001,Turkey River near Garber,11/06/2013 08:00:00,AMBIENT,NIT-AMM,Ammonia-nitrogen (AS N),Total,,0.05,mg/l,False,0.05,,,LAC10-107-06-1J,UHL001,Actual,SW,Water,,,Clayton,07060004,River/Stream,,42.739547,-91.2619757
6,10220001,Turkey River near Garber,08/01/2013 12:15:00,AMBIENT,NIT-AMM,Ammonia-nitrogen (AS N),Total,,0.05,mg/l,False,0.05,,,LAC10-107-06-1J,UHL001,Actual,SW,Water,,,Clayton,07060004,River/Stream,,42.739547,-91.2619757
6,10220001,Turkey River near Garber,07/02/2013 07:20:00,AMBIENT,NIT-AMM,Ammonia-nitrogen (AS N),Total,,0.05,mg/l,False,0.05,,,LAC10-107-06-1J,UHL001,Actual,SW,Water,,,Clayton,07060004,River/Stream,,42.739547,-91.2619757
6,10220001,Turkey River near Garber,06/05/2013 08:45:00,AMBIENT,NIT-AMM,Ammonia-nitrogen (AS N),Total,,0.05,mg/l,False,0.05,,,LAC10-107-06-1J,UHL001,Actual,SW,Water,,,Clayton,07060004,River/Stream,,42.739547,-91.2619757
6,10220001,Turkey River near Garber,03/07/2013 08:35:00,AMBIENT,NIT-AMM,Ammonia-nitrogen (AS N),Total,,0.05,mg/l,False,0.05,,,LAC10-107-06-1J,UHL001,Actual,SW,Water,,,Clayton,07060004,River/Stream,,42.739547,-91.2619757
6,10220001,Turkey River near Garber,05/06/2015 07:05:00,AMBIENT,NIT-AMM,Ammonia-nitrogen (AS N),Total,,0.05,mg/l,False,0.05,,,LAC10-107-06-1J,UHL001,Actual,SW,Water,,,Clayton,07060004,River/Stream,,42.739547,-91.2619757
6,10220001,Turkey River near Garber,02/07/2013 12:10:00,AMBIENT,NIT-AMM,Ammonia-nitrogen (AS N),Total,,0.15,mg/l,True,0.05,,,LAC10-107-06-1J,UHL001,Actual,SW,Water,,,Clayton,07060004,River/Stream,,42.739547,-91.2619757
6,10220001,Turkey River near Garber,02/03/2015 08:30:00,AMBIENT,NIT-AMM,Ammonia-nitrogen (AS N),Total,,0.05,mg/l,False,0.05,,,LAC10-107-06-1J,UHL001,Actual,SW,Water,,,Clayton,07060004,River/Stream,,42.739547,-91.2619757
6,10220001,Turkey River near Garber,11/07/2012 13:30:00,TURKEYR,NIT-AMM,Ammonia-nitrogen (as N),Total,,0.05,mg/l,False,0.05,,,LAC10-107-06-1J,IGS-GRAB,Actual,SW,Water,,,Clayton,07060004,River/Stream,,42.739547,-91.2619757
6,10220001,Turkey River near Garber,05/02/2012 11:17:00,TURKEYR,NIT-AMM,Ammonia-nitrogen (as N),Total,,0.05,mg/l,False,0.05,,,LAC10-107-06-1J,IGS-GRAB,Actual,SW,Water,,,Clayton,07060004,River/Stream,,42.739547,-91.2619757
6,10220001,Turkey River near Garber,06/06/2012 08:30:00,TURKEYR,NIT-AMM,Ammonia-nitrogen (as N),Total,,0.05,mg/l,False,0.05,,,LAC10-107-06-1J,IGS-GRAB,Actual,SW,Water,,,Clayton,07060004,River/Stream,,42.739547,-91.2619757
6,10220001,Turkey River near Garber,10/03/2012 12:27:00,TURKEYR,NIT-AMM,Ammonia-nitrogen (as N),Total,,0.05,mg/l,False,0.05,,,LAC10-107-06-1J,IGS-GRAB,Actual,SW,Water,,,Clayton,07060004,River/Stream,,42.739547,-91.2619757
6,10220001,Turkey River near Garber,04/04/2012 12:17:00,TURKEYR,NIT-AMM,Ammonia-nitrogen (as N),Total,,0.05,mg/l,False,0.05,,,LAC10-107-06-1J,IGS-GRAB,Actual,SW,Water,,,Clayton,07060004,River/Stream,,42.739547,-91.2619757
6,10220001,Turkey River near Garber,11/01/2012 09:00:00,AMBIENT,NIT-AMM,Ammonia-nitrogen (as N),Total,,0.05,mg/l,False,0.05,,,LAC10-107-06-1J,UHL001,Actual,SW,Water,,,Clayton,07060004,River/Stream,,42.739547,-91.2619757
6,10220001,Turkey River near Garber,10/03/2012 09:30:00,AMBIENT,NIT-AMM,Ammonia-nitrogen (as N),Total,,0.05,mg/l,False,0.05,,,LAC10-107-06-1J,UHL001,Actual,SW,Water,,,Clayton,07060004,River/Stream,,42.739547,-91.2619757
6,10220001,Turkey River near Garber,03/07/2012 08:10:00,AMBIENT,NIT-AMM,Ammonia-nitrogen (as N),Total,,0.05,mg/l,False,0.05,,,LAC10-107-06-1J,UHL001,Actual,SW,Water,,,Clayton,07060004,River/Stream,,42.739547,-91.2619757
6,10220001,Turkey River near Garber,02/07/2012 08:30:00,AMBIENT,NIT-AMM,Ammonia-nitrogen (as N),Total,,0.05,mg/l,False,0.05,,,LAC10-107-06-1J,UHL001,Actual,SW,Water,,,Clayton,07060004,River/Stream,,42.739547,-91.2619757
6,10220001,Turkey River near Garber,12/06/2011 09:15:00,AMBIENT,NIT-AMM,Ammonia-nitrogen (as N),Total,,0.05,mg/l,False,0.05,,,350.1,UHL001,Actual,SW,Water,,,Clayton,07060004,River/Stream,,42.739547,-91.2619757
6,10220001,Turkey River near Garber,01/05/2012 08:10:00,AMBIENT,NIT-AMM,Ammonia-nitrogen (as N),Total,,0.05,mg/l,False,0.05,,,LAC10-107-06-1J,UHL001,Actual,SW,Water,,,Clayton,07060004,River/Stream,,42.739547,-91.2619757
6,10220001,Turkey River near Garber,11/02/2011 13:45:00,TURKEYR,NIT-AMM,Ammonia-nitrogen (as N),Total,,0.05,mg/l,False,0.05,,,350.1,IGS-GRAB,Actual,SW,Water,,,Clayton,07060004,River/Stream,,42.739547,-91.2619757
6,10220001,Turkey River near Garber,10/03/2011 08:45:00,AMBIENT,NIT-AMM,Ammonia-nitrogen (as N),Total,,0.05,mg/l,False,0.05,,,350.1,UHL001,Actual,SW,Water,,,Clayton,07060004,River/Stream,,42.739547,-91.2619757
6,10220001,Turkey River near Garber,11/02/2011 09:10:00,AMBIENT,NIT-AMM,Ammonia-nitrogen (as N),Total,,0.05,mg/l,False,0.05,,,350.1,UHL001,Actual,SW,Water,,,Clayton,07060004,River/Stream,,42.739547,-91.2619757
6,10220001,Turkey River near Garber,08/03/2011 11:30:00,TURKEYR,NIT-AMM,Ammonia-nitrogen (as N),Total,,0.07,mg/l,True,0.05,,,350.1,IGS-GRAB,Actual,SW,Water,,,Clayton,07060004,River/Stream,,42.739547,-91.2619757
6,10220001,Turkey River near Garber,10/05/2011 12:25:00,TURKEYR,NIT-AMM,Ammonia-nitrogen (as N),Total,,0.05,mg/l,False,0.05,,,350.1,IGS-GRAB,Actual,SW,Water,,,Clayton,07060004,River/Stream,,42.739547,-91.2619757
6,10220001,Turkey River near Garber,09/01/2011 11:45:00,AMBIENT,NIT-AMM,Ammonia-nitrogen (as N),Total,,0.05,mg/l,False,0.05,,,350.1,UHL001,Actual,SW,Water,,,Clayton,07060004,River/Stream,,42.739547,-91.2619757
6,10220001,Turkey River near Garber,08/03/2011 09:00:00,AMBIENT,NIT-AMM,Ammonia-nitrogen (as N),Total,,0.05,mg/l,False,0.05,,,350.1,UHL001,Actual,SW,Water,,,Clayton,07060004,River/Stream,,42.739547,-91.2619757
6,10220001,Turkey River near Garber,07/05/2011 09:00:00,AMBIENT,NIT-AMM,Ammonia-nitrogen (as N),Total,,0.05,mg/l,False,0.05,,,350.1,UHL001,Actual,SW,Water,,,Clayton,07060004,River/Stream,,42.739547,-91.2619757
6,10220001,Turkey River near Garber,04/04/2011 08:30:00,AMBIENT,NIT-AMM,Ammonia-nitrogen (as N),Total,,0.05,mg/l,False,0.05,,,350.1,UHL001,Actual,SW,Water,,,Clayton,07060004,River/Stream,,42.739547,-91.2619757
6,10220001,Turkey River near Garber,05/02/2011 09:00:00,AMBIENT,NIT-AMM,Ammonia-nitrogen (as N),Total,,0.05,mg/l,False,0.05,,,350.1,UHL001,Actual,SW,Water,,,Clayton,07060004,River/Stream,,42.739547,-91.2619757
6,10220001,Turkey River near Garber,03/01/2011 08:45:00,AMBIENT,NIT-AMM,Ammonia-nitrogen (as N),Total,,0.05,mg/l,False,0.05,,,350.1,UHL001,Actual,SW,Water,,,Clayton,07060004,River/Stream,,42.739547,-91.2619757
6,10220001,Turkey River near Garber,02/07/2011 08:20:00,AMBIENT,NIT-AMM,Ammonia-nitrogen (as N),Total,,0.05,mg/l,False,0.05,,,350.1,UHL001,Actual,SW,Water,,,Clayton,07060004,River/Stream,,42.739547,-91.2619757
6,10220001,Turkey River near Garber,12/02/2010 09:30:00,AMBIENT,NIT-AMM,Ammonia-nitrogen (as N),Total,,0.05,mg/l,False,0.05,,,350.1,UHL001,Actual,SW,Water,,,Clayton,07060004,River/Stream,,42.739547,-91.2619757
6,10220001,Turkey River near Garber,11/02/2010 09:40:00,AMBIENT,NIT-AMM,Ammonia-nitrogen (as N),Total,,0.05,mg/l,False,0.05,,,350.1,UHL001,Actual,SW,Water,,,Clayton,07060004,River/Stream,,42.739547,-91.2619757
6,10220001,Turkey River near Garber,08/05/2010 08:50:00,AMBIENT,NIT-AMM,Ammonia-nitrogen (as N),Total,,0.05,mg/l,False,0.05,,,350.1,UHL001,Actual,SW,Water,,,Clayton,07060004,River/Stream,,42.739547,-91.2619757
6,10220001,Turkey River near Garber,04/05/2010 09:10:00,AMBIENT,NIT-AMM,Ammonia-nitrogen (as N),Total,,0.05,mg/l,False,0.05,,,350.1,UHL001,Actual,SW,Water,,,Clayton,07060004,River/Stream,,42.739547,-91.2619757
6,10220001,Turkey River near Garber,05/03/2010 07:35:00,AMBIENT,NIT-AMM,Ammonia-nitrogen (as N),Total,,0.05,mg/l,False,0.05,,,350.1,UHL001,Actual,SW,Water,,,Clayton,07060004,River/Stream,,42.739547,-91.2619757
6,10220001,Turkey River near Garber,02/03/2010 09:15:00,AMBIENT,NIT-AMM,Ammonia-nitrogen (as N),Total,,0.05,mg/l,False,0.05,,,350.1,UHL001,Actual,SW,Water,,,Clayton,07060004,River/Stream,,42.739547,-91.2619757
6,10220001,Turkey River near Garber,03/01/2010 08:30:00,AMBIENT,NIT-AMM,Ammonia-nitrogen (as N),Total,,0.05,mg/l,False,0.05,,,350.1,UHL001,Actual,SW,Water,,,Clayton,07060004,River/Stream,,42.739547,-91.2619757
6,10220001,Turkey River near Garber,10/08/2009 09:30:00,AMBIENT,NIT-AMM,Ammonia-nitrogen (as N),Total,,0.05,mg/l,False,0.05,,,350.1,UHL001,Actual,SW,Water,,,Clayton,07060004,River/Stream,,42.739547,-91.2619757
6,10220001,Turkey River near Garber,01/06/2010 09:30:00,AMBIENT,NIT-AMM,Ammonia-nitrogen (as N),Total,,0.05,mg/l,False,0.05,,,350.1,UHL001,Actual,SW,Water,,,Clayton,07060004,River/Stream,,42.739547,-91.2619757
6,10220001,Turkey River near Garber,11/05/2009 09:15:00,AMBIENT,NIT-AMM,Ammonia-nitrogen (as N),Total,,0.05,mg/l,False,0.05,,,350.1,UHL001,Actual,SW,Water,,,Clayton,07060004,River/Stream,,42.739547,-91.2619757
6,10220001,Turkey River near Garber,05/06/2009 09:05:00,AMBIENT,NIT-AMM,Ammonia-nitrogen (as N),Total,,0.05,mg/l,False,0.05,,,350.1,UHL001,Actual,SW,Water,,,Clayton,07060004,River/Stream,,42.739547,-91.2619757
6,10220001,Turkey River near Garber,07/06/2009 13:20:00,AMBIENT,NIT-AMM,Ammonia-nitrogen (as N),Total,,0.05,mg/l,False,0.05,,,350.1,UHL001,Actual,SW,Water,,,Clayton,07060004,River/Stream,,42.739547,-91.2619757
6,10220001,Turkey River near Garber,06/03/2008 07:45:00,AMBIENT,NIT-AMM,Ammonia-nitrogen (as N),Total,,0.05,mg/l,False,0.05,,,350.1,UHL001,Actual,SW,Water,,,Clayton,07060004,River/Stream,,42.739547,-91.2619757
6,10220001,Turkey River near Garber,08/13/2008 07:20:00,AMBIENT,NIT-AMM,Ammonia-nitrogen (as N),Total,,0.05,mg/l,False,0.05,,,350.1,UHL001,Actual,SW,Water,,,Clayton,07060004,River/Stream,,42.739547,-91.2619757
6,10220001,Turkey River near Garber,11/01/2007 10:40:00,AMBIENT,NIT-AMM,Ammonia-nitrogen (as N),Total,,0.05,mg/l,False,0.05,,,350.1,UHL001,Actual,SW,Water,,,Clayton,07060004,River/Stream,,42.739547,-91.2619757
6,10220001,Turkey River near Garber,12/04/2007 09:20:00,AMBIENT,NIT-AMM,Ammonia-nitrogen (as N),Total,,0.05,mg/l,False,0.05,,,350.1,UHL001,Actual,SW,Water,,,Clayton,07060004,River/Stream,,42.739547,-91.2619757
6,10220001,Turkey River near Garber,09/12/2007 09:10:00,AMBIENT,NIT-AMM,Ammonia-nitrogen (as N),Total,,0.05,mg/l,False,0.05,,,350.1,UHL001,Actual,SW,Water,,,Clayton,07060004,River/Stream,,42.739547,-91.2619757
6,10220001,Turkey River near Garber,07/12/2007 08:30:00,AMBIENT,NIT-AMM,Ammonia-nitrogen (as N),Total,,0.05,mg/l,False,0.05,,,350.1,UHL001,Actual,SW,Water,,,Clayton,07060004,River/Stream,,42.739547,-91.2619757
6,10220001,Turkey River near Garber,04/10/2007 08:35:00,AMBIENT,NIT-AMM,Ammonia-nitrogen (as N),Total,,0.05,mg/l,False,0.05,,,350.1,UHL001,Actual,SW,Water,,,Clayton,07060004,River/Stream,,42.739547,-91.2619757
6,10220001,Turkey River near Garber,11/08/2006 08:40:00,AMBIENT,NIT-AMM,Ammonia-nitrogen (as N),Total,,0.05,mg/l,False,0.05,,,350.1,UHL001,Actual,SW,Water,,,Clayton,07060004,River/Stream,,42.739547,-91.2619757
6,10220001,Turkey River near Garber,09/07/2006 13:25:00,AMBIENT,NIT-AMM,Ammonia-nitrogen (as N),Total,,0.05,mg/l,False,0.05,,,350.1,UHL001,Actual,SW,Water,,,Clayton,07060004,River/Stream,,42.739547,-91.2619757
6,10220001,Turkey River near Garber,08/01/2006 07:40:00,AMBIENT,NIT-AMM,Ammonia-nitrogen (as N),Total,,0.05,mg/l,False,0.05,,,350.1,UHL001,Actual,SW,Water,,,Clayton,07060004,River/Stream,,42.739547,-91.2619757
6,10220001,Turkey River near Garber,06/05/2006 08:10:00,AMBIENT,NIT-AMM,Ammonia-nitrogen (as N),Total,,0.05,mg/l,False,0.05,,,350.1,UHL001,Actual,SW,Water,,,Clayton,07060004,River/Stream,,42.739547,-91.2619757
6,10220001,Turkey River near Garber,04/04/2006 09:00:00,AMBIENT,NIT-AMM,Ammonia-nitrogen (as N),Total,,0.12,mg/l,True,0.05,,,350.1,UHL001,Actual,SW,Water,,,Clayton,07060004,River/Stream,,42.739547,-91.2619757
6,10220001,Turkey River near Garber,01/03/2006 09:50:00,AMBIENT,NIT-AMM,Ammonia-nitrogen (as N),Total,,0.05,mg/l,False,0.05,,,350.1,UHL001,Actual,SW,Water,,,Clayton,07060004,River/Stream,,42.739547,-91.2619757
6,10220001,Turkey River near Garber,11/01/2005 08:10:00,AMBIENT,NIT-AMM,Ammonia-nitrogen (as N),Total,,0.05,mg/l,False,0.05,,,350.1,UHL001,Actual,SW,Water,,,Clayton,07060004,River/Stream,,42.739547,-91.2619757
6,10220001,Turkey River near Garber,12/06/2005 10:15:00,AMBIENT,NIT-AMM,Ammonia-nitrogen (as N),Total,,0.05,mg/l,False,0.05,,,350.1,UHL001,Actual,SW,Water,,,Clayton,07060004,River/Stream,,42.739547,-91.2619757
6,10220001,Turkey River near Garber,08/02/2005 10:30:00,AMBIENT,NIT-AMM,Ammonia-nitrogen (as N),Total,,0.05,mg/l,False,0.05,,,350.1,UHL001,Actual,SW,Water,,,Clayton,07060004,River/Stream,,42.739547,-91.2619757
6,10220001,Turkey River near Garber,04/05/2005 08:10:00,AMBIENT,NIT-AMM,Ammonia-nitrogen (as N),Total,,0.05,mg/l,False,0.05,,,350.1,UHL001,Actual,SW,Water,,,Clayton,07060004,River/Stream,,42.739547,-91.2619757
6,10220001,Turkey River near Garber,03/01/2005 09:45:00,AMBIENT,NIT-AMM,Ammonia-nitrogen (as N),Total,,0.05,mg/l,False,0.05,,,350.1,UHL001,Actual,SW,Water,,,Clayton,07060004,River/Stream,,42.739547,-91.2619757
6,10220001,Turkey River near Garber,02/08/2005 09:10:00,AMBIENT,NIT-AMM,Ammonia-nitrogen (as N),Total,,1.3,mg/l,True,0.05,,,350.1,UHL001,Actual,SW,Water,,,Clayton,07060004,River/Stream,,42.739547,-91.2619757
6,10220001,Turkey River near Garber,11/09/2004 09:25:00,AMBIENT,NIT-AMM,Ammonia-nitrogen (as N),Total,,0.05,mg/l,False,0.05,,,350.1,UHL001,Actual,SW,Water,,,Clayton,07060004,River/Stream,,42.739547,-91.2619757
6,10220001,Turkey River near Garber,09/07/2004 07:55:00,AMBIENT,NIT-AMM,Ammonia-nitrogen (as N),Total,,0.05,mg/l,False,0.05,,,350.1,UHL001,Actual,SW,Water,,,Clayton,07060004,River/Stream,,42.739547,-91.2619757
6,10220001,Turkey River near Garber,08/03/2004 10:15:00,AMBIENT,NIT-AMM,Ammonia-nitrogen (as N),Total,,0.05,mg/l,False,0.05,,,350.1,UHL001,Actual,SW,Water,,,Clayton,07060004,River/Stream,,42.739547,-91.2619757
6,10220001,Turkey River near Garber,07/06/2004 10:35:00,AMBIENT,NIT-AMM,Ammonia-nitrogen (as N),Total,,0.22,mg/l,True,0.05,,,350.1,UHL001,Actual,SW,Water,,,Clayton,07060004,River/Stream,,42.739547,-91.2619757
6,10220001,Turkey River near Garber,06/01/2004 08:50:00,AMBIENT,NIT-AMM,Ammonia-nitrogen (as N),Total,,0.05,mg/l,False,0.05,,,350.1,UHL001,Actual,SW,Water,,,Clayton,07060004,River/Stream,,42.739547,-91.2619757
6,10220001,Turkey River near Garber,02/03/2004 10:35:00,AMBIENT,NIT-AMM,Ammonia-nitrogen (as N),Total,,0.05,mg/l,False,0.05,,,350.1,UHL001,Actual,SW,Water,,,Clayton,07060004,River/Stream,,42.739547,-91.2619757
6,10220001,Turkey River near Garber,12/02/2003 09:00:00,AMBIENT,NIT-AMM,Ammonia-nitrogen (as N),Total,,0.05,mg/l,False,0.05,,,350.1,UHL001,Actual,SW,Water,,,Clayton,07060004,River/Stream,,42.739547,-91.2619757
6,10220001,Turkey River near Garber,09/02/2003 09:40:00,AMBIENT,NIT-AMM,Ammonia-nitrogen (as N),Total,,0.05,mg/l,False,0.05,,,350.1,UHL001,Actual,SW,Water,,,Clayton,07060004,River/Stream,,42.739547,-91.2619757
6,10220001,Turkey River near Garber,07/08/2003 08:55:00,AMBIENT,NIT-AMM,Ammonia-nitrogen (as N),Total,,0.05,mg/l,False,0.05,,,350.1,UHL001,Actual,SW,Water,,,Clayton,07060004,River/Stream,,42.739547,-91.2619757
6,10220001,Turkey River near Garber,03/04/2003 09:15:00,AMBIENT,NIT-AMM,Ammonia-nitrogen (as N),Total,,0.05,mg/l,False,0.05,,,350.1,UHL001,Actual,SW,Water,,,Clayton,07060004,River/Stream,,42.739547,-91.2619757
6,10220001,Turkey River near Garber,01/07/2003 09:00:00,AMBIENT,NIT-AMM,Ammonia-nitrogen (as N),Total,,0.05,mg/l,False,0.05,,,350.1,UHL001,Actual,SW,Water,,,Clayton,07060004,River/Stream,,42.739547,-91.2619757
6,10220001,Turkey River near Garber,12/03/2002 09:10:00,AMBIENT,NIT-AMM,Ammonia-nitrogen (as N),Total,,0.05,mg/l,False,0.05,,,350.1,UHL001,Actual,SW,Water,,,Clayton,07060004,River/Stream,,42.739547,-91.2619757
6,10220001,Turkey River near Garber,11/05/2002 16:25:00,AMBIENT,NIT-AMM,Ammonia-nitrogen (as N),Total,,0.05,mg/l,False,0.05,,,350.1,UHL001,Actual,SW,Water,,,Clayton,07060004,River/Stream,,42.739547,-91.2619757
6,10220001,Turkey River near Garber,01/02/2002 11:30:00,AMBIENT,NIT-AMM,Ammonia-nitrogen (as N),Total,,0.05,mg/l,False,0.05,,,Unknown,UHL001,Actual,SW,Water,,,Clayton,07060004,River/Stream,,42.739547,-91.2619757
6,10220001,Turkey River near Garber,10/01/2002 10:15:00,AMBIENT,NIT-AMM,Ammonia-nitrogen (as N),Total,,0.05,mg/l,False,0.05,,,350.1,UHL001,Actual,SW,Water,,,Clayton,07060004,River/Stream,,42.739547,-91.2619757
6,10220001,Turkey River near Garber,08/06/2002 08:40:00,AMBIENT,NIT-AMM,Ammonia-nitrogen (as N),Total,,0.05,mg/l,False,0.05,,,Unknown,UHL001,Actual,SW,Water,,,Clayton,07060004,River/Stream,,42.739547,-91.2619757
6,10220001,Turkey River near Garber,04/02/2002 08:45:00,AMBIENT,NIT-AMM,Ammonia-nitrogen (as N),Total,,0.11,mg/l,True,0.05,,,Unknown,UHL001,Actual,SW,Water,,,Clayton,07060004,River/Stream,,42.739547,-91.2619757
6,10220001,Turkey River near Garber,02/05/2002 09:15:00,AMBIENT,NIT-AMM,Ammonia-nitrogen (as N),Total,,0.05,mg/l,False,0.05,,,Unknown,UHL001,Actual,SW,Water,,,Clayton,07060004,River/Stream,,42.739547,-91.2619757
6,10220001,Turkey River near Garber,02/07/2001 09:25:00,AMBIENT,NIT-AMM,Ammonia-nitrogen (as N),Total,,0.1,mg/l,False,0.1,,,Unknown,UHL001,Actual,SW,Water,,,Clayton,07060004,River/Stream,,42.739547,-91.2619757
6,10220001,Turkey River near Garber,04/09/2001 09:30:00,AMBIENT,NIT-AMM,Ammonia-nitrogen (as N),Total,,0.1,mg/l,False,0.1,,,Unknown,UHL001,Actual,SW,Water,,,Clayton,07060004,River/Stream,,42.739547,-91.2619757
6,10220001,Turkey River near Garber,12/12/2000 10:20:00,AMBIENT,NIT-AMM,Ammonia-nitrogen (as N),Total,,0.1,mg/l,False,0.1,,,Unknown,UHL001,Actual,SW,Water,,,Clayton,07060004,River/Stream,,42.739547,-91.2619757
6,10220001,Turkey River near Garber,11/09/2000 07:35:00,AMBIENT,NIT-AMM,Ammonia-nitrogen (as N),Total,,0.1,mg/l,False,0.1,,,Unknown,UHL001,Actual,SW,Water,,,Clayton,07060004,River/Stream,,42.739547,-91.2619757
6,10220001,Turkey River near Garber,08/01/2001 12:55:00,AMBIENT,NIT-AMM,Ammonia-nitrogen (as N),Total,,0.1,mg/l,False,0.1,,,Unknown,UHL001,Actual,SW,Water,,,Clayton,07060004,River/Stream,,42.739547,-91.2619757
6,10220001,Turkey River near Garber,09/12/2001 09:55:00,AMBIENT,NIT-AMM,Ammonia-nitrogen (as N),Total,,0.04,mg/l,True,0.01,,,Unknown,UHL001,Actual,SW,Water,,,Clayton,07060004,River/Stream,,42.739547,-91.2619757
6,10220001,Turkey River near Garber,08/16/2000 13:05:00,AMBIENT,NIT-AMM,Ammonia-nitrogen (as N),Total,,0.1,mg/l,False,0.1,,,Unknown,UHL001,Actual,SW,Water,,,Clayton,07060004,River/Stream,,42.739547,-91.2619757
6,10220001,Turkey River near Garber,09/20/2000 10:55:00,AMBIENT,NIT-AMM,Ammonia-nitrogen (as N),Total,,0.1,mg/l,False,0.1,,,Unknown,UHL001,Actual,SW,Water,,,Clayton,07060004,River/Stream,,42.739547,-91.2619757
6,10220001,Turkey River near Garber,07/12/2000 10:35:00,AMBIENT,NIT-AMM,Ammonia-nitrogen (as N),Total,,0.1,mg/l,False,0.1,,,Unknown,UHL001,Actual,SW,Water,,,Clayton,07060004,River/Stream,,42.739547,-91.2619757
6,10220001,Turkey River near Garber,05/16/2000 10:25:00,AMBIENT,NIT-AMM,Ammonia-nitrogen (as N),Total,,0.1,mg/l,False,0.1,,,Unknown,UHL001,Actual,SW,Water,,,Clayton,07060004,River/Stream,,42.739547,-91.2619757
6,10220001,Turkey River near Garber,04/20/2000 09:15:00,AMBIENT,NIT-AMM,Ammonia-nitrogen (as N),Total,,0.5,mg/l,True,0.1,,,Unknown,UHL001,Actual,SW,Water,,,Clayton,07060004,River/Stream,,42.739547,-91.2619757
6,10220001,Turkey River near Garber,01/13/2000 09:00:00,AMBIENT,NIT-AMM,Ammonia-nitrogen (as N),Total,,0.1,mg/l,False,0.1,,,Unknown,UHL001,Actual,SW,Water,,,Clayton,07060004,River/Stream,,42.739547,-91.2619757
6,10220001,Turkey River near Garber,10/21/1999 08:50:00,AMBIENT,NIT-AMM,Ammonia-nitrogen (as N),Total,,0.1,mg/l,False,0.1,,,Unknown,UHL001,Actual,SW,Water,,,Clayton,07060004,River/Stream,,42.739547,-91.2619757
6,10220001,Turkey River near Garber,12/07/1999 08:20:00,AMBIENT,NIT-AMM,Ammonia-nitrogen (as N),Total,,0.1,mg/l,False,0.1,,,Unknown,UHL001,Actual,SW,Water,,,Clayton,07060004,River/Stream,,42.739547,-91.2619757
6,10220001,Turkey River near Garber,09/01/2016 08:50:00,AMBIENT,NIT-AMM,Ammonia-nitrogen (AS N),Total,,0.05,mg/l,False,0.05,,,LAC10-107-06-1J,UHL001,Actual,SW,Water,,,Clayton,07060004,River/Stream,,42.739547,-91.2619757
6,10220002,Volga River near Elkport,08/03/2016 00:00:00,AMBIENT,NIT-AMM,Ammonia-nitrogen (AS N),Total,,0.05,mg/l,False,0.05,,,LAC10-107-06-1J,UHL001,Actual,SW,Water,,,Clayton,07060004,River/Stream,,42.7497293,-91.2767798
6,10220001,Turkey River near Garber,08/03/2016 08:50:00,AMBIENT,NIT-AMM,Ammonia-nitrogen (AS N),Total,,0.11,mg/l,True,0.05,,,LAC10-107-06-1J,UHL001,Actual,SW,Water,,,Clayton,07060004,River/Stream,,42.739547,-91.2619757
6,10220001,Turkey River near Garber,07/06/2016 09:50:00,AMBIENT,NIT-AMM,Ammonia-nitrogen (AS N),Total,,0.05,mg/l,False,0.05,,,LAC10-107-06-1J,UHL001,Actual,SW,Water,,,Clayton,07060004,River/Stream,,42.739547,-91.2619757
6,10220002,Volga River near Elkport,07/06/2016 09:30:00,AMBIENT,NIT-AMM,Ammonia-nitrogen (AS N),Total,,0.05,mg/l,False,0.05,,,LAC10-107-06-1J,UHL001,Actual,SW,Water,,,Clayton,07060004,River/Stream,,42.7497293,-91.2767798
6,10220002,Volga River near Elkport,06/02/2016 11:15:00,AMBIENT,NIT-AMM,Ammonia-nitrogen (AS N),Total,,0.05,mg/l,False,0.05,,,LAC10-107-06-1J,UHL001,Actual,SW,Water,,,Clayton,07060004,River/Stream,,42.7497293,-91.2767798
6,10220001,Turkey River near Garber,06/02/2016 11:00:00,AMBIENT,NIT-AMM,Ammonia-nitrogen (AS N),Total,,0.05,mg/l,False,0.05,,,LAC10-107-06-1J,UHL001,Actual,SW,Water,,,Clayton,07060004,River/Stream,,42.739547,-91.2619757
6,10220001,Turkey River near Garber,05/04/2016 10:50:00,AMBIENT,NIT-AMM,Ammonia-nitrogen (AS N),Total,,0.05,mg/l,False,0.05,,,LAC10-107-06-1J,UHL001,Actual,SW,Water,,,Clayton,07060004,River/Stream,,42.739547,-91.2619757
6,10220002,Volga River near Elkport,05/04/2016 11:05:00,AMBIENT,NIT-AMM,Ammonia-nitrogen (AS N),Total,,0.05,mg/l,False,0.05,,,LAC10-107-06-1J,UHL001,Actual,SW,Water,,,Clayton,07060004,River/Stream,,42.7497293,-91.2767798
6,10220002,Volga River near Elkport,04/06/2016 07:20:00,AMBIENT,NIT-AMM,Ammonia-nitrogen (AS N),Total,,0.05,mg/l,False,0.05,,,LAC10-107-06-1J,UHL001,Actual,SW,Water,,,Clayton,07060004,River/Stream,,42.7497293,-91.2767798
6,10220001,Turkey River near Garber,04/06/2016 07:45:00,AMBIENT,NIT-AMM,Ammonia-nitrogen (AS N),Total,,0.05,mg/l,False,0.05,,,LAC10-107-06-1J,UHL001,Actual,SW,Water,,,Clayton,07060004,River/Stream,,42.739547,-91.2619757
6,10220002,Volga River near Elkport,03/08/2016 07:25:00,AMBIENT,NIT-AMM,Ammonia-nitrogen (AS N),Total,,0.05,mg/l,False,0.05,,,LAC10-107-06-1J,UHL001,Actual,SW,Water,,,Clayton,07060004,River/Stream,,42.7497293,-91.2767798
6,10220001,Turkey River near Garber,03/08/2016 07:40:00,AMBIENT,NIT-AMM,Ammonia-nitrogen (AS N),Total,,0.05,mg/l,False,0.05,,,LAC10-107-06-1J,UHL001,Actual,SW,Water,,,Clayton,07060004,River/Stream,,42.739547,-91.2619757
6,10220001,Turkey River near Garber,02/04/2016 11:40:00,AMBIENT,NIT-AMM,Ammonia-nitrogen (AS N),Total,,0.05,mg/l,False,0.05,,,LAC10-107-06-1J,UHL001,Actual,SW,Water,,,Clayton,07060004,River/Stream,,42.739547,-91.2619757
6,10220002,Volga River near Elkport,02/04/2016 12:00:00,AMBIENT,NIT-AMM,Ammonia-nitrogen (AS N),Total,,0.05,mg/l,False,0.05,,,LAC10-107-06-1J,UHL001,Actual,SW,Water,,,Clayton,07060004,River/Stream,,42.7497293,-91.2767798
6,10220001,Turkey River near Garber,01/11/2016 11:45:00,AMBIENT,NIT-AMM,Ammonia-nitrogen (AS N),Total,,0.05,mg/l,False,0.05,,,LAC10-107-06-1J,UHL001,Actual,SW,Water,,,Clayton,07060004,River/Stream,,42.739547,-91.2619757
6,10220002,Volga River near Elkport,01/11/2016 12:00:00,AMBIENT,NIT-AMM,Ammonia-nitrogen (AS N),Total,,0.05,mg/l,False,0.05,,,LAC10-107-06-1J,UHL001,Actual,SW,Water,,,Clayton,07060004,River/Stream,,42.7497293,-91.2767798
6,10220002,Volga River near Elkport,10/08/2015 07:45:00,AMBIENT,NIT-AMM,Ammonia-nitrogen (AS N),Total,,0.05,mg/l,False,0.05,,,LAC10-107-06-1J,UHL001,Actual,SW,Water,,,Clayton,07060004,River/Stream,,42.7497293,-91.2767798
6,10220001,Turkey River near Garber,10/08/2015 08:00:00,AMBIENT,NIT-AMM,Ammonia-nitrogen (AS N),Total,,0.05,mg/l,False,0.05,,,LAC10-107-06-1J,UHL001,Actual,SW,Water,,,Clayton,07060004,River/Stream,,42.739547,-91.2619757
6,10220001,Turkey River near Garber,11/09/2015 09:00:00,AMBIENT,NIT-AMM,Ammonia-nitrogen (AS N),Total,,0.05,mg/l,False,0.05,,,LAC10-107-06-1J,UHL001,Actual,SW,Water,,,Clayton,07060004,River/Stream,,42.739547,-91.2619757
6,10220002,Volga River near Elkport,11/09/2015 08:40:00,AMBIENT,NIT-AMM,Ammonia-nitrogen (AS N),Total,,0.05,mg/l,False,0.05,,,LAC10-107-06-1J,UHL001,Actual,SW,Water,,,Clayton,07060004,River/Stream,,42.7497293,-91.2767798
6,10220002,Volga River near Elkport,12/02/2015 08:50:00,AMBIENT,NIT-AMM,Ammonia-nitrogen (AS N),Total,,0.05,mg/l,False,0.05,,,LAC10-107-06-1J,UHL001,Actual,SW,Water,,,Clayton,07060004,River/Stream,,42.7497293,-91.2767798
6,10220001,Turkey River near Garber,12/02/2015 09:10:00,AMBIENT,NIT-AMM,Ammonia-nitrogen (AS N),Total,,0.05,mg/l,False,0.05,,,LAC10-107-06-1J,UHL001,Actual,SW,Water,,,Clayton,07060004,River/Stream,,42.739547,-91.2619757
6,10220001,Turkey River near Garber,09/02/2015 07:40:00,AMBIENT,NIT-AMM,Ammonia-nitrogen (AS N),Total,,0.05,mg/l,False,0.05,,,LAC10-107-06-1J,UHL001,Actual,SW,Water,,,Clayton,07060004,River/Stream,,42.739547,-91.2619757
6,10220002,Volga River near Elkport,09/02/2015 07:55:00,AMBIENT,NIT-AMM,Ammonia-nitrogen (AS N),Total,,0.05,mg/l,False,0.05,,,LAC10-107-06-1J,UHL001,Actual,SW,Water,,,Clayton,07060004,River/Stream,,42.7497293,-91.2767798
6,10220002,Volga River near Elkport,08/03/2015 07:10:00,AMBIENT,NIT-AMM,Ammonia-nitrogen (AS N),Total,,0.05,mg/l,False,0.05,,,LAC10-107-06-1J,UHL001,Actual,SW,Water,,,Clayton,07060004,River/Stream,,42.7497293,-91.2767798
6,10220001,Turkey River near Garber,08/03/2015 07:55:00,AMBIENT,NIT-AMM,Ammonia-nitrogen (AS N),Total,,0.05,mg/l,False,0.05,,,LAC10-107-06-1J,UHL001,Actual,SW,Water,,,Clayton,07060004,River/Stream,,42.739547,-91.2619757
6,15220004,Sny Magill Creek Site #1 (SN01),01/23/1996 14:10:00,SNY319,NIT-AMM,Ammonia-nitrogen (as N),Total,,0.1,mg/l,False,0.1,,,Unknown,SNY001,Actual,SW,Water,,,Clayton,07060003,River/Stream,,42.94880662,-91.18632674
6,15220005,Sny Magill Creek Site #2 (SN02),04/30/1996 13:25:00,SNY319,NIT-AMM,Ammonia-nitrogen (as N),Total,,0.1,mg/l,False,0.1,,,Unknown,SNY001,Actual,SW,Water,,,Clayton,07060003,River/Stream,,42.96808222,-91.22331192
6,15220005,Sny Magill Creek Site #2 (SN02),03/26/1996 12:15:00,SNY319,NIT-AMM,Ammonia-nitrogen (as N),Total,,0.1,mg/l,False,0.1,,,Unknown,SNY001,Actual,SW,Water,,,Clayton,07060003,River/Stream,,42.96808222,-91.22331192
6,15220004,Sny Magill Creek Site #1 (SN01),09/17/1996 12:00:00,SNY319,NIT-AMM,Ammonia-nitrogen (as N),Total,,0.1,mg/l,False,0.1,,,Unknown,SNY001,Actual,SW,Water,,,Clayton,07060003,River/Stream,,42.94880662,-91.18632674
6,15220005,Sny Magill Creek Site #2 (SN02),02/27/1996 14:00:00,SNY319,NIT-AMM,Ammonia-nitrogen (as N),Total,,0.3,mg/l,True,0.1,,,Unknown,SNY001,Actual,SW,Water,,,Clayton,07060003,River/Stream,,42.96808222,-91.22331192
6,15220004,Sny Magill Creek Site #1 (SN01),07/09/1996 13:20:00,SNY319,NIT-AMM,Ammonia-nitrogen (as N),Total,,0.1,mg/l,False,0.1,,,Unknown,SNY001,Actual,SW,Water,,,Clayton,07060003,River/Stream,,42.94880662,-91.18632674
6,15220004,Sny Magill Creek Site #1 (SN01),09/10/1996 12:35:00,SNY319,NIT-AMM,Ammonia-nitrogen (as N),Total,,0.1,mg/l,False,0.1,,,Unknown,SNY001,Actual,SW,Water,,,Clayton,07060003,River/Stream,,42.94880662,-91.18632674
6,15220004,Sny Magill Creek Site #1 (SN01),06/18/1996 12:30:00,SNY319,NIT-AMM,Ammonia-nitrogen (as N),Total,,0.5,mg/l,True,0.1,,,Unknown,SNY001,Actual,SW,Water,,,Clayton,07060003,River/Stream,,42.94880662,-91.18632674
6,15220004,Sny Magill Creek Site #1 (SN01),06/11/1996 11:40:00,SNY319,NIT-AMM,Ammonia-nitrogen (as N),Total,,0.1,mg/l,False,0.1,,,Unknown,SNY001,Actual,SW,Water,,,Clayton,07060003,River/Stream,,42.94880662,-91.18632674
6,15220004,Sny Magill Creek Site #1 (SN01),04/09/1996 10:40:00,SNY319,NIT-AMM,Ammonia-nitrogen (as N),Total,,0.1,mg/l,False,0.1,,,Unknown,SNY001,Actual,SW,Water,,,Clayton,07060003,River/Stream,,42.94880662,-91.18632674
6,15220004,Sny Magill Creek Site #1 (SN01),04/30/1996 13:00:00,SNY319,NIT-AMM,Ammonia-nitrogen (as N),Total,,0.1,mg/l,False,0.1,,,Unknown,SNY001,Actual,SW,Water,,,Clayton,07060003,River/Stream,,42.94880662,-91.18632674
6,15220004,Sny Magill Creek Site #1 (SN01),04/02/1996 11:50:00,SNY319,NIT-AMM,Ammonia-nitrogen (as N),Total,,0.1,mg/l,False,0.1,,,Unknown,SNY001,Actual,SW,Water,,,Clayton,07060003,River/Stream,,42.94880662,-91.18632674
6,15220004,Sny Magill Creek Site #1 (SN01),03/19/1996 12:15:00,SNY319,NIT-AMM,Ammonia-nitrogen (as N),Total,,0.1,mg/l,False,0.1,,,Unknown,SNY001,Actual,SW,Water,,,Clayton,07060003,River/Stream,,42.94880662,-91.18632674
6,15220004,Sny Magill Creek Site #1 (SN01),03/12/1996 14:45:00,SNY319,NIT-AMM,Ammonia-nitrogen (as N),Total,,0.2,mg/l,True,0.1,,,Unknown,SNY001,Actual,SW,Water,,,Clayton,07060003,River/Stream,,42.94880662,-91.18632674
6,15220004,Sny Magill Creek Site #1 (SN01),01/30/1996 15:40:00,SNY319,NIT-AMM,Ammonia-nitrogen (as N),Total,,0.1,mg/l,False,0.1,,,Unknown,SNY001,Actual,SW,Water,,,Clayton,07060003,River/Stream,,42.94880662,-91.18632674
6,15220004,Sny Magill Creek Site #1 (SN01),02/20/1996 10:20:00,SNY319,NIT-AMM,Ammonia-nitrogen (as N),Total,,0.4,mg/l,True,0.1,,,Unknown,SNY001,Actual,SW,Water,,,Clayton,07060003,River/Stream,,42.94880662,-91.18632674
6,15220004,Sny Magill Creek Site #1 (SN01),01/09/1996 14:20:00,SNY319,NIT-AMM,Ammonia-nitrogen (as N),Total,,0.1,mg/l,False,0.1,,,Unknown,SNY001,Actual,SW,Water,,,Clayton,07060003,River/Stream,,42.94880662,-91.18632674
6,15220004,Sny Magill Creek Site #1 (SN01),01/02/1996 13:30:00,SNY319,NIT-AMM,Ammonia-nitrogen (as N),Total,,0.1,mg/l,False,0.1,,,Unknown,SNY001,Actual,SW,Water,,,Clayton,07060003,River/Stream,,42.94880662,-91.18632674
6,15220007,Sny Magill North Tributary (SNT),07/31/2001 14:55:00,SNY319,NIT-AMM,Ammonia-nitrogen (as N),Total,,0.1,mg/l,False,0.1,,,Unknown,SNY001,Actual,SW,Water,,,Clayton,07060003,River/Stream,,42.96850981,-91.22439501
6,15220007,Sny Magill North Tributary (SNT),08/28/2001 14:40:00,SNY319,NIT-AMM,Ammonia-nitrogen (as N),Total,,0.07,mg/l,True,0.01,,,Unknown,SNY001,Actual,SW,Water,,,Clayton,07060003,River/Stream,,42.96850981,-91.22439501
6,15220006,Sny Magill Creek Site #3 (SN03),12/12/2000 13:45:00,SNY319,NIT-AMM,Ammonia-nitrogen (as N),Total,,0.1,mg/l,False,0.1,,,Unknown,SNY001,Actual,SW,Water,,,Clayton,07060003,River/Stream,,42.98149721,-91.24097377
6,15220007,Sny Magill North Tributary (SNT),11/28/2000 14:35:00,SNY319,NIT-AMM,Ammonia-nitrogen (as N),Total,,0.1,mg/l,False,0.1,,,Unknown,SNY001,Actual,SW,Water,,,Clayton,07060003,River/Stream,,42.96850981,-91.22439501
6,15220004,Sny Magill Creek Site #1 (SN01),01/09/2001 12:20:00,SNY319,NIT-AMM,Ammonia-nitrogen (as N),Total,,0.1,mg/l,False,0.1,,,Unknown,SNY001,Actual,SW,Water,,,Clayton,07060003,River/Stream,,42.94880662,-91.18632674
6,15220004,Sny Magill Creek Site #1 (SN01),01/16/2001 12:10:00,SNY319,NIT-AMM,Ammonia-nitrogen (as N),Total,,0.1,mg/l,False,0.1,,,Unknown,SNY001,Actual,SW,Water,,,Clayton,07060003,River/Stream,,42.94880662,-91.18632674
6,15220004,Sny Magill Creek Site #1 (SN01),02/13/2001 13:00:00,SNY319,NIT-AMM,Ammonia-nitrogen (as N),Total,,0.1,mg/l,False,0.1,,,Unknown,SNY001,Actual,SW,Water,,,Clayton,07060003,River/Stream,,42.94880662,-91.18632674
6,15220004,Sny Magill Creek Site #1 (SN01),02/20/2001 13:00:00,SNY319,NIT-AMM,Ammonia-nitrogen (as N),Total,,0.1,mg/l,False,0.1,,,Unknown,SNY001,Actual,SW,Water,,,Clayton,07060003,River/Stream,,42.94880662,-91.18632674
6,15220004,Sny Magill Creek Site #1 (SN01),03/13/2001 12:10:00,SNY319,NIT-AMM,Ammonia-nitrogen (as N),Total,,0.1,mg/l,False,0.1,,,Unknown,SNY001,Actual,SW,Water,,,Clayton,07060003,River/Stream,,42.94880662,-91.18632674
6,15220004,Sny Magill Creek Site #1 (SN01),03/20/2001 13:25:00,SNY319,NIT-AMM,Ammonia-nitrogen (as N),Total,,0.1,mg/l,False,0.1,,,Unknown,SNY001,Actual,SW,Water,,,Clayton,07060003,River/Stream,,42.94880662,-91.18632674
6,15220004,Sny Magill Creek Site #1 (SN01),04/10/2001 13:15:00,SNY319,NIT-AMM,Ammonia-nitrogen (as N),Total,,0.1,mg/l,False,0.1,,,Unknown,SNY001,Actual,SW,Water,,,Clayton,07060003,River/Stream,,42.94880662,-91.18632674
6,15220004,Sny Magill Creek Site #1 (SN01),04/17/2001 13:10:00,SNY319,NIT-AMM,Ammonia-nitrogen (as N),Total,,0.1,mg/l,False,0.1,,,Unknown,SNY001,Actual,SW,Water,,,Clayton,07060003,River/Stream,,42.94880662,-91.18632674
6,15220004,Sny Magill Creek Site #1 (SN01),05/08/2001 13:15:00,SNY319,NIT-AMM,Ammonia-nitrogen (as N),Total,,0.1,mg/l,False,0.1,,,Unknown,SNY001,Actual,SW,Water,,,Clayton,07060003,River/Stream,,42.94880662,-91.18632674
6,15220004,Sny Magill Creek Site #1 (SN01),05/15/2001 11:40:00,SNY319,NIT-AMM,Ammonia-nitrogen (as N),Total,,0.1,mg/l,False,0.1,,,Unknown,SNY001,Actual,SW,Water,,,Clayton,07060003,River/Stream,,42.94880662,-91.18632674
6,15220004,Sny Magill Creek Site #1 (SN01),06/05/2001 12:10:00,SNY319,NIT-AMM,Ammonia-nitrogen (as N),Total,,0.1,mg/l,False,0.1,,,Unknown,SNY001,Actual,SW,Water,,,Clayton,07060003,River/Stream,,42.94880662,-91.18632674
6,15220004,Sny Magill Creek Site #1 (SN01),06/12/2001 12:00:00,SNY319,NIT-AMM,Ammonia-nitrogen (as N),Total,,0.3,mg/l,True,0.1,,,Unknown,SNY001,Actual,SW,Water,,,Clayton,07060003,River/Stream,,42.94880662,-91.18632674
6,15220004,Sny Magill Creek Site #1 (SN01),07/03/2001 11:35:00,SNY319,NIT-AMM,Ammonia-nitrogen (as N),Total,,0.1,mg/l,False,0.1,,,Unknown,SNY001,Actual,SW,Water,,,Clayton,07060003,River/Stream,,42.94880662,-91.18632674
6,15220004,Sny Magill Creek Site #1 (SN01),07/10/2001 11:45:00,SNY319,NIT-AMM,Ammonia-nitrogen (as N),Total,,0.1,mg/l,False,0.1,,,Unknown,SNY001,Actual,SW,Water,,,Clayton,07060003,River/Stream,,42.94880662,-91.18632674
6,15220004,Sny Magill Creek Site #1 (SN01),07/31/2001 14:15:00,SNY319,NIT-AMM,Ammonia-nitrogen (as N),Total,,0.1,mg/l,False,0.1,,,Unknown,SNY001,Actual,SW,Water,,,Clayton,07060003,River/Stream,,42.94880662,-91.18632674
6,15220004,Sny Magill Creek Site #1 (SN01),08/07/2001 11:50:00,SNY319,NIT-AMM,Ammonia-nitrogen (as N),Total,,0.1,mg/l,False,0.1,,,Unknown,SNY001,Actual,SW,Water,,,Clayton,07060003,River/Stream,,42.94880662,-91.18632674
6,15220004,Sny Magill Creek Site #1 (SN01),09/25/2001 13:55:00,SNY319,NIT-AMM,Ammonia-nitrogen (as N),Total,,0.05,mg/l,False,0.05,,,Unknown,SNY001,Actual,SW,Water,,,Clayton,07060003,River/Stream,,42.94880662,-91.18632674
6,15220007,Sny Magill North Tributary (SNT),12/26/2000 12:05:00,SNY319,NIT-AMM,Ammonia-nitrogen (as N),Total,,0.1,mg/l,False,0.1,,,Unknown,SNY001,Actual,SW,Water,,,Clayton,07060003,River/Stream,,42.96850981,-91.22439501
6,15220005,Sny Magill Creek Site #2 (SN02),02/27/2001 14:50:00,SNY319,NIT-AMM,Ammonia-nitrogen (as N),Total,,0.1,mg/l,False,0.1,,,Unknown,SNY001,Actual,SW,Water,,,Clayton,07060003,River/Stream,,42.96808222,-91.22331192
6,15220005,Sny Magill Creek Site #2 (SN02),03/27/2001 14:10:00,SNY319,NIT-AMM,Ammonia-nitrogen (as N),Total,,0.1,mg/l,False,0.1,,,Unknown,SNY001,Actual,SW,Water,,,Clayton,07060003,River/Stream,,42.96808222,-91.22331192
6,15220005,Sny Magill Creek Site #2 (SN02),07/31/2001 14:45:00,SNY319,NIT-AMM,Ammonia-nitrogen (as N),Total,,0.1,mg/l,False,0.1,,,Unknown,SNY001,Actual,SW,Water,,,Clayton,07060003,River/Stream,,42.96808222,-91.22331192
6,15220005,Sny Magill Creek Site #2 (SN02),08/28/2001 14:20:00,SNY319,NIT-AMM,Ammonia-nitrogen (as N),Total,,0.01,mg/l,True,0.01,,,Unknown,SNY001,Actual,SW,Water,,,Clayton,07060003,River/Stream,,42.96808222,-91.22331192
6,15220005,Sny Magill Creek Site #2 (SN02),09/25/2001 14:25:00,SNY319,NIT-AMM,Ammonia-nitrogen (as N),Total,,0.05,mg/l,False,0.05,,,Unknown,SNY001,Actual,SW,Water,,,Clayton,07060003,River/Stream,,42.96808222,-91.22331192
6,15220006,Sny Magill Creek Site #3 (SN03),01/02/2001 14:00:00,SNY319,NIT-AMM,Ammonia-nitrogen (as N),Total,,0.1,mg/l,False,0.1,,,Unknown,SNY001,Actual,SW,Water,,,Clayton,07060003,River/Stream,,42.98149721,-91.24097377
6,15220006,Sny Magill Creek Site #3 (SN03),02/06/2001 12:40:00,SNY319,NIT-AMM,Ammonia-nitrogen (as N),Total,,0.1,mg/l,False,0.1,,,Unknown,SNY001,Actual,SW,Water,,,Clayton,07060003,River/Stream,,42.98149721,-91.24097377
6,15220006,Sny Magill Creek Site #3 (SN03),02/13/2001 13:40:00,SNY319,NIT-AMM,Ammonia-nitrogen (as N),Total,,0.1,mg/l,False,0.1,,,Unknown,SNY001,Actual,SW,Water,,,Clayton,07060003,River/Stream,,42.98149721,-91.24097377
6,15220006,Sny Magill Creek Site #3 (SN03),02/20/2001 13:30:00,SNY319,NIT-AMM,Ammonia-nitrogen (as N),Total,,0.1,mg/l,False,0.1,,,Unknown,SNY001,Actual,SW,Water,,,Clayton,07060003,River/Stream,,42.98149721,-91.24097377
6,15220006,Sny Magill Creek Site #3 (SN03),03/20/2001 14:05:00,SNY319,NIT-AMM,Ammonia-nitrogen (as N),Total,,0.1,mg/l,False,0.1,,,Unknown,SNY001,Actual,SW,Water,,,Clayton,07060003,River/Stream,,42.98149721,-91.24097377
6,15220006,Sny Magill Creek Site #3 (SN03),03/27/2001 14:30:00,SNY319,NIT-AMM,Ammonia-nitrogen (as N),Total,,0.1,mg/l,False,0.1,,,Unknown,SNY001,Actual,SW,Water,,,Clayton,07060003,River/Stream,,42.98149721,-91.24097377
6,15220006,Sny Magill Creek Site #3 (SN03),04/03/2001 14:00:00,SNY319,NIT-AMM,Ammonia-nitrogen (as N),Total,,0.1,mg/l,False,0.1,,,Unknown,SNY001,Actual,SW,Water,,,Clayton,07060003,River/Stream,,42.98149721,-91.24097377
6,15220006,Sny Magill Creek Site #3 (SN03),05/01/2001 12:30:00,SNY319,NIT-AMM,Ammonia-nitrogen (as N),Total,,0.1,mg/l,False,0.1,,,Unknown,SNY001,Actual,SW,Water,,,Clayton,07060003,River/Stream,,42.98149721,-91.24097377
6,15220006,Sny Magill Creek Site #3 (SN03),05/08/2001 13:45:00,SNY319,NIT-AMM,Ammonia-nitrogen (as N),Total,,0.1,mg/l,False,0.1,,,Unknown,SNY001,Actual,SW,Water,,,Clayton,07060003,River/Stream,,42.98149721,-91.24097377
6,15220006,Sny Magill Creek Site #3 (SN03),05/15/2001 12:15:00,SNY319,NIT-AMM,Ammonia-nitrogen (as N),Total,,0.1,mg/l,False,0.1,,,Unknown,SNY001,Actual,SW,Water,,,Clayton,07060003,River/Stream,,42.98149721,-91.24097377
6,15220006,Sny Magill Creek Site #3 (SN03),05/22/2001 13:20:00,SNY319,NIT-AMM,Ammonia-nitrogen (as N),Total,,0.1,mg/l,True,0.1,,,Unknown,SNY001,Actual,SW,Water,,,Clayton,07060003,River/Stream,,42.98149721,-91.24097377
6,15220006,Sny Magill Creek Site #3 (SN03),06/19/2001 13:05:00,SNY319,NIT-AMM,Ammonia-nitrogen (as N),Total,,0.1,mg/l,False,0.1,,,Unknown,SNY001,Actual,SW,Water,,,Clayton,07060003,River/Stream,,42.98149721,-91.24097377
6,15220006,Sny Magill Creek Site #3 (SN03),06/26/2001 13:30:00,SNY319,NIT-AMM,Ammonia-nitrogen (as N),Total,,0.1,mg/l,False,0.1,,,Unknown,SNY001,Actual,SW,Water,,,Clayton,07060003,River/Stream,,42.98149721,-91.24097377
6,15220006,Sny Magill Creek Site #3 (SN03),07/03/2001 12:00:00,SNY319,NIT-AMM,Ammonia-nitrogen (as N),Total,,0.1,mg/l,False,0.1,,,Unknown,SNY001,Actual,SW,Water,,,Clayton,07060003,River/Stream,,42.98149721,-91.24097377
6,15220006,Sny Magill Creek Site #3 (SN03),07/31/2001 15:10:00,SNY319,NIT-AMM,Ammonia-nitrogen (as N),Total,,0.1,mg/l,False,0.1,,,Unknown,SNY001,Actual,SW,Water,,,Clayton,07060003,River/Stream,,42.98149721,-91.24097377
6,15220006,Sny Magill Creek Site #3 (SN03),08/07/2001 12:20:00,SNY319,NIT-AMM,Ammonia-nitrogen (as N),Total,,0.1,mg/l,False,0.1,,,Unknown,SNY001,Actual,SW,Water,,,Clayton,07060003,River/Stream,,42.98149721,-91.24097377
6,15220006,Sny Magill Creek Site #3 (SN03),08/14/2001 14:30:00,SNY319,NIT-AMM,Ammonia-nitrogen (as N),Total,,0.1,mg/l,False,0.1,,,Unknown,SNY001,Actual,SW,Water,,,Clayton,07060003,River/Stream,,42.98149721,-91.24097377
6,15220006,Sny Magill Creek Site #3 (SN03),09/11/2001 14:30:00,SNY319,NIT-AMM,Ammonia-nitrogen (as N),Total,,0.01,mg/l,False,0.01,,,Unknown,SNY001,Actual,SW,Water,,,Clayton,07060003,River/Stream,,42.98149721,-91.24097377
6,15220006,Sny Magill Creek Site #3 (SN03),09/18/2001 12:00:00,SNY319,NIT-AMM,Ammonia-nitrogen (as N),Total,,0.05,mg/l,False,0.05,,,Unknown,SNY001,Actual,SW,Water,,,Clayton,07060003,River/Stream,,42.98149721,-91.24097377
6,15220006,Sny Magill Creek Site #3 (SN03),09/25/2001 14:45:00,SNY319,NIT-AMM,Ammonia-nitrogen (as N),Total,,0.05,mg/l,False,0.05,,,Unknown,SNY001,Actual,SW,Water,,,Clayton,07060003,River/Stream,,42.98149721,-91.24097377
6,15220007,Sny Magill North Tributary (SNT),02/27/2001 15:00:00,SNY319,NIT-AMM,Ammonia-nitrogen (as N),Total,,0.1,mg/l,False,0.1,,,Unknown,SNY001,Actual,SW,Water,,,Clayton,07060003,River/Stream,,42.96850981,-91.22439501
6,15220007,Sny Magill North Tributary (SNT),06/26/2001 13:20:00,SNY319,NIT-AMM,Ammonia-nitrogen (as N),Total,,0.1,mg/l,False,0.1,,,Unknown,SNY001,Actual,SW,Water,,,Clayton,07060003,River/Stream,,42.96850981,-91.22439501
6,15220008,West Fork Sny Magill Creek  (SNWF),09/19/1995 11:20:00,SNY319,NIT-AMM,Ammonia-nitrogen (as N),Total,,0.1,mg/l,False,0.1,,,Unknown,SNY001,Actual,SW,Water,,,Clayton,07060003,River/Stream,,42.97628121,-91.23730654
6,15220008,West Fork Sny Magill Creek  (SNWF),09/26/1995 15:25:00,SNY319,NIT-AMM,Ammonia-nitrogen (as N),Total,,0.1,mg/l,False,0.1,,,Unknown,SNY001,Actual,SW,Water,,,Clayton,07060003,River/Stream,,42.97628121,-91.23730654
6,15220004,Sny Magill Creek Site #1 (SN01),10/08/1996 14:20:00,SNY319,NIT-AMM,Ammonia-nitrogen (as N),Total,,0.1,mg/l,False,0.1,,,Unknown,SNY001,Actual,SW,Water,,,Clayton,07060003,River/Stream,,42.94880662,-91.18632674
6,15220004,Sny Magill Creek Site #1 (SN01),10/15/1996 11:25:00,SNY319,NIT-AMM,Ammonia-nitrogen (as N),Total,,0.1,mg/l,False,0.1,,,Unknown,SNY001,Actual,SW,Water,,,Clayton,07060003,River/Stream,,42.94880662,-91.18632674
6,15220004,Sny Magill Creek Site #1 (SN01),11/05/1996 12:00:00,SNY319,NIT-AMM,Ammonia-nitrogen (as N),Total,,0.1,mg/l,False,0.1,,,Unknown,SNY001,Actual,SW,Water,,,Clayton,07060003,River/Stream,,42.94880662,-91.18632674
6,15220008,West Fork Sny Magill Creek  (SNWF),09/12/1995 13:45:00,SNY319,NIT-AMM,Ammonia-nitrogen (as N),Total,,0.1,mg/l,False,0.1,,,Unknown,SNY001,Actual,SW,Water,,,Clayton,07060003,River/Stream,,42.97628121,-91.23730654
6,15220008,West Fork Sny Magill Creek  (SNWF),08/15/1995 17:10:00,SNY319,NIT-AMM,Ammonia-nitrogen (as N),Total,,0.2,mg/l,True,0.1,,,Unknown,SNY001,Actual,SW,Water,,,Clayton,07060003,River/Stream,,42.97628121,-91.23730654
6,15220008,West Fork Sny Magill Creek  (SNWF),07/11/1995 17:50:00,SNY319,NIT-AMM,Ammonia-nitrogen (as N),Total,,0.1,mg/l,False,0.1,,,Unknown,SNY001,Actual,SW,Water,,,Clayton,07060003,River/Stream,,42.97628121,-91.23730654
6,15220008,West Fork Sny Magill Creek  (SNWF),08/08/1995 16:00:00,SNY319,NIT-AMM,Ammonia-nitrogen (as N),Total,,0.1,mg/l,False,0.1,,,Unknown,SNY001,Actual,SW,Water,,,Clayton,07060003,River/Stream,,42.97628121,-91.23730654
6,15220004,Sny Magill Creek Site #1 (SN01),11/12/1996 12:20:00,SNY319,NIT-AMM,Ammonia-nitrogen (as N),Total,,0.1,mg/l,False,0.1,,,Unknown,SNY001,Actual,SW,Water,,,Clayton,07060003,River/Stream,,42.94880662,-91.18632674
6,15220004,Sny Magill Creek Site #1 (SN01),11/19/1996 12:00:00,SNY319,NIT-AMM,Ammonia-nitrogen (as N),Total,,0.1,mg/l,False,0.1,,,Unknown,SNY001,Actual,SW,Water,,,Clayton,07060003,River/Stream,,42.94880662,-91.18632674
6,15220004,Sny Magill Creek Site #1 (SN01),12/10/1996 13:00:00,SNY319,NIT-AMM,Ammonia-nitrogen (as N),Total,,0.1,mg/l,False,0.1,,,Unknown,SNY001,Actual,SW,Water,,,Clayton,07060003,River/Stream,,42.94880662,-91.18632674
6,15220004,Sny Magill Creek Site #1 (SN01),12/17/1996 11:30:00,SNY319,NIT-AMM,Ammonia-nitrogen (as N),Total,,0.1,mg/l,False,0.1,,,Unknown,SNY001,Actual,SW,Water,,,Clayton,07060003,River/Stream,,42.94880662,-91.18632674
6,15220005,Sny Magill Creek Site #2 (SN02),10/29/1996 14:35:00,SNY319,NIT-AMM,Ammonia-nitrogen (as N),Total,,0.1,mg/l,False,0.1,,,Unknown,SNY001,Actual,SW,Water,,,Clayton,07060003,River/Stream,,42.96808222,-91.22331192
6,15220005,Sny Magill Creek Site #2 (SN02),11/26/1996 13:05:00,SNY319,NIT-AMM,Ammonia-nitrogen (as N),Total,,0.1,mg/l,False,0.1,,,Unknown,SNY001,Actual,SW,Water,,,Clayton,07060003,River/Stream,,42.96808222,-91.22331192
6,15220005,Sny Magill Creek Site #2 (SN02),12/30/1996 14:40:00,SNY319,NIT-AMM,Ammonia-nitrogen (as N),Total,,0.1,mg/l,False,0.1,,,Unknown,SNY001,Actual,SW,Water,,,Clayton,07060003,River/Stream,,42.96808222,-91.22331192
6,15220006,Sny Magill Creek Site #3 (SN03),10/29/1996 14:55:00,SNY319,NIT-AMM,Ammonia-nitrogen (as N),Total,,0.1,mg/l,False,0.1,,,Unknown,SNY001,Actual,SW,Water,,,Clayton,07060003,River/Stream,,42.98149721,-91.24097377
6,15220006,Sny Magill Creek Site #3 (SN03),11/05/1996 11:00:00,SNY319,NIT-AMM,Ammonia-nitrogen (as N),Total,,0.1,mg/l,False,0.1,,,Unknown,SNY001,Actual,SW,Water,,,Clayton,07060003,River/Stream,,42.98149721,-91.24097377
6,15220006,Sny Magill Creek Site #3 (SN03),11/12/1996 12:55:00,SNY319,NIT-AMM,Ammonia-nitrogen (as N),Total,,0.1,mg/l,False,0.1,,,Unknown,SNY001,Actual,SW,Water,,,Clayton,07060003,River/Stream,,42.98149721,-91.24097377
6,15220006,Sny Magill Creek Site #3 (SN03),12/10/1996 13:35:00,SNY319,NIT-AMM,Ammonia-nitrogen (as N),Total,,0.1,mg/l,False,0.1,,,Unknown,SNY001,Actual,SW,Water,,,Clayton,07060003,River/Stream,,42.98149721,-91.24097377
6,15220006,Sny Magill Creek Site #3 (SN03),12/17/1996 12:20:00,SNY319,NIT-AMM,Ammonia-nitrogen (as N),Total,,0.1,mg/l,False,0.1,,,Unknown,SNY001,Actual,SW,Water,,,Clayton,07060003,River/Stream,,42.98149721,-91.24097377
6,15220006,Sny Magill Creek Site #3 (SN03),12/23/1996 12:35:00,SNY319,NIT-AMM,Ammonia-nitrogen (as N),Total,,0.1,mg/l,False,0.1,,,Unknown,SNY001,Actual,SW,Water,,,Clayton,07060003,River/Stream,,42.98149721,-91.24097377
6,15220006,Sny Magill Creek Site #3 (SN03),12/30/1996 15:15:00,SNY319,NIT-AMM,Ammonia-nitrogen (as N),Total,,0.1,mg/l,False,0.1,,,Unknown,SNY001,Actual,SW,Water,,,Clayton,07060003,River/Stream,,42.98149721,-91.24097377
6,15220008,West Fork Sny Magill Creek  (SNWF),10/01/1996 14:35:00,SNY319,NIT-AMM,Ammonia-nitrogen (as N),Total,,0.1,mg/l,False,0.1,,,Unknown,SNY001,Actual,SW,Water,,,Clayton,07060003,River/Stream,,42.97628121,-91.23730654
6,15220008,West Fork Sny Magill Creek  (SNWF),10/08/1996 15:10:00,SNY319,NIT-AMM,Ammonia-nitrogen (as N),Total,,0.1,mg/l,False,0.1,,,Unknown,SNY001,Actual,SW,Water,,,Clayton,07060003,River/Stream,,42.97628121,-91.23730654
6,15220008,West Fork Sny Magill Creek  (SNWF),10/15/1996 12:15:00,SNY319,NIT-AMM,Ammonia-nitrogen (as N),Total,,0.1,mg/l,False,0.1,,,Unknown,SNY001,Actual,SW,Water,,,Clayton,07060003,River/Stream,,42.97628121,-91.23730654
6,15220008,West Fork Sny Magill Creek  (SNWF),10/22/1996 13:30:00,SNY319,NIT-AMM,Ammonia-nitrogen (as N),Total,,0.1,mg/l,False,0.1,,,Unknown,SNY001,Actual,SW,Water,,,Clayton,07060003,River/Stream,,42.97628121,-91.23730654
6,15220008,West Fork Sny Magill Creek  (SNWF),11/19/1996 10:30:00,SNY319,NIT-AMM,Ammonia-nitrogen (as N),Total,,0.1,mg/l,False,0.1,,,Unknown,SNY001,Actual,SW,Water,,,Clayton,07060003,River/Stream,,42.97628121,-91.23730654
6,15220008,West Fork Sny Magill Creek  (SNWF),11/26/1996 14:20:00,SNY319,NIT-AMM,Ammonia-nitrogen (as N),Total,,0.1,mg/l,False,0.1,,,Unknown,SNY001,Actual,SW,Water,,,Clayton,07060003,River/Stream,,42.97628121,-91.23730654
6,15220008,West Fork Sny Magill Creek  (SNWF),12/03/1996 12:50:00,SNY319,NIT-AMM,Ammonia-nitrogen (as N),Total,,0.1,mg/l,False,0.1,,,Unknown,SNY001,Actual,SW,Water,,,Clayton,07060003,River/Stream,,42.97628121,-91.23730654
6,15220004,Sny Magill Creek Site #1 (SN01),01/21/1997 12:00:00,SNY319,NIT-AMM,Ammonia-nitrogen (as N),Total,,0.1,mg/l,False,0.1,,,Unknown,SNY001,Actual,SW,Water,,,Clayton,07060003,River/Stream,,42.94880662,-91.18632674
6,15220004,Sny Magill Creek Site #1 (SN01),01/27/1997 15:30:00,SNY319,NIT-AMM,Ammonia-nitrogen (as N),Total,,0.1,mg/l,False,0.1,,,Unknown,SNY001,Actual,SW,Water,,,Clayton,07060003,River/Stream,,42.94880662,-91.18632674
6,15220004,Sny Magill Creek Site #1 (SN01),02/18/1997 13:15:00,SNY319,NIT-AMM,Ammonia-nitrogen (as N),Total,,0.1,mg/l,False,0.1,,,Unknown,SNY001,Actual,SW,Water,,,Clayton,07060003,River/Stream,,42.94880662,-91.18632674
6,15220004,Sny Magill Creek Site #1 (SN01),02/25/1997 13:10:00,SNY319,NIT-AMM,Ammonia-nitrogen (as N),Total,,0.3,mg/l,True,0.1,,,Unknown,SNY001,Actual,SW,Water,,,Clayton,07060003,River/Stream,,42.94880662,-91.18632674
6,15220004,Sny Magill Creek Site #1 (SN01),03/18/1997 12:50:00,SNY319,NIT-AMM,Ammonia-nitrogen (as N),Total,,0.3,mg/l,True,0.1,,,Unknown,SNY001,Actual,SW,Water,,,Clayton,07060003,River/Stream,,42.94880662,-91.18632674
6,15220004,Sny Magill Creek Site #1 (SN01),03/25/1997 13:20:00,SNY319,NIT-AMM,Ammonia-nitrogen (as N),Total,,0.1,mg/l,False,0.1,,,Unknown,SNY001,Actual,SW,Water,,,Clayton,07060003,River/Stream,,42.94880662,-91.18632674
6,15220004,Sny Magill Creek Site #1 (SN01),04/15/1997 13:40:00,SNY319,NIT-AMM,Ammonia-nitrogen (as N),Total,,0.1,mg/l,False,0.1,,,Unknown,SNY001,Actual,SW,Water,,,Clayton,07060003,River/Stream,,42.94880662,-91.18632674
6,15220004,Sny Magill Creek Site #1 (SN01),04/22/1997 11:55:00,SNY319,NIT-AMM,Ammonia-nitrogen (as N),Total,,0.1,mg/l,False,0.1,,,Unknown,SNY001,Actual,SW,Water,,,Clayton,07060003,River/Stream,,42.94880662,-91.18632674
6,15220004,Sny Magill Creek Site #1 (SN01),05/13/1997 12:35:00,SNY319,NIT-AMM,Ammonia-nitrogen (as N),Total,,0.1,mg/l,False,0.1,,,Unknown,SNY001,Actual,SW,Water,,,Clayton,07060003,River/Stream,,42.94880662,-91.18632674
6,15220004,Sny Magill Creek Site #1 (SN01),05/20/1997 12:30:00,SNY319,NIT-AMM,Ammonia-nitrogen (as N),Total,,0.1,mg/l,False,0.1,,,Unknown,SNY001,Actual,SW,Water,,,Clayton,07060003,River/Stream,,42.94880662,-91.18632674
6,15220004,Sny Magill Creek Site #1 (SN01),05/26/1997 14:40:00,SNY319,NIT-AMM,Ammonia-nitrogen (as N),Total,,0.1,mg/l,False,0.1,,,Unknown,SNY001,Actual,SW,Water,,,Clayton,07060003,River/Stream,,42.94880662,-91.18632674
6,15220004,Sny Magill Creek Site #1 (SN01),06/10/1997 12:10:00,SNY319,NIT-AMM,Ammonia-nitrogen (as N),Total,,0.1,mg/l,False,0.1,,,Unknown,SNY001,Actual,SW,Water,,,Clayton,07060003,River/Stream,,42.94880662,-91.18632674
6,15220004,Sny Magill Creek Site #1 (SN01),06/17/1997 13:30:00,SNY319,NIT-AMM,Ammonia-nitrogen (as N),Total,,0.2,mg/l,True,0.1,,,Unknown,SNY001,Actual,SW,Water,,,Clayton,07060003,River/Stream,,42.94880662,-91.18632674
6,15220008,West Fork Sny Magill Creek  (SNWF),12/30/1996 15:25:00,SNY319,NIT-AMM,Ammonia-nitrogen (as N),Total,,0.1,mg/l,False,0.1,,,Unknown,SNY001,Actual,SW,Water,,,Clayton,07060003,River/Stream,,42.97628121,-91.23730654
6,15220004,Sny Magill Creek Site #1 (SN01),06/24/1997 14:30:00,SNY319,NIT-AMM,Ammonia-nitrogen (as N),Total,,0.1,mg/l,False,0.1,,,Unknown,SNY001,Actual,SW,Water,,,Clayton,07060003,River/Stream,,42.94880662,-91.18632674
6,15220008,West Fork Sny Magill Creek  (SNWF),06/27/1995 15:45:00,SNY319,NIT-AMM,Ammonia-nitrogen (as N),Total,,0.1,mg/l,False,0.1,,,Unknown,SNY001,Actual,SW,Water,,,Clayton,07060003,River/Stream,,42.97628121,-91.23730654
6,15220008,West Fork Sny Magill Creek  (SNWF),07/04/1995 13:35:00,SNY319,NIT-AMM,Ammonia-nitrogen (as N),Total,,0.1,mg/l,False,0.1,,,Unknown,SNY001,Actual,SW,Water,,,Clayton,07060003,River/Stream,,42.97628121,-91.23730654
6,15220008,West Fork Sny Magill Creek  (SNWF),06/06/1995 08:50:00,SNY319,NIT-AMM,Ammonia-nitrogen (as N),Total,,0.1,mg/l,False,0.1,,,Unknown,SNY001,Actual,SW,Water,,,Clayton,07060003,River/Stream,,42.97628121,-91.23730654
6,15220008,West Fork Sny Magill Creek  (SNWF),05/30/1995 15:05:00,SNY319,NIT-AMM,Ammonia-nitrogen (as N),Total,,0.1,mg/l,False,0.1,,,Unknown,SNY001,Actual,SW,Water,,,Clayton,07060003,River/Stream,,42.97628121,-91.23730654
6,15220008,West Fork Sny Magill Creek  (SNWF),05/02/1995 11:00:00,SNY319,NIT-AMM,Ammonia-nitrogen (as N),Total,,0.1,mg/l,False,0.1,,,Unknown,SNY001,Actual,SW,Water,,,Clayton,07060003,River/Stream,,42.97628121,-91.23730654
6,15220008,West Fork Sny Magill Creek  (SNWF),04/25/1995 10:50:00,SNY319,NIT-AMM,Ammonia-nitrogen (as N),Total,,0.1,mg/l,False,0.1,,,Unknown,SNY001,Actual,SW,Water,,,Clayton,07060003,River/Stream,,42.97628121,-91.23730654
6,15220008,West Fork Sny Magill Creek  (SNWF),03/28/1995 13:20:00,SNY319,NIT-AMM,Ammonia-nitrogen (as N),Total,,0.1,mg/l,False,0.1,,,Unknown,SNY001,Actual,SW,Water,,,Clayton,07060003,River/Stream,,42.97628121,-91.23730654
6,15220008,West Fork Sny Magill Creek  (SNWF),03/21/1995 11:00:00,SNY319,NIT-AMM,Ammonia-nitrogen (as N),Total,,0.1,mg/l,False,0.1,,,Unknown,SNY001,Actual,SW,Water,,,Clayton,07060003,River/Stream,,42.97628121,-91.23730654
6,15220008,West Fork Sny Magill Creek  (SNWF),02/21/1995 11:30:00,SNY319,NIT-AMM,Ammonia-nitrogen (as N),Total,,0.2,mg/l,True,0.1,,,Unknown,SNY001,Actual,SW,Water,,,Clayton,07060003,River/Stream,,42.97628121,-91.23730654
6,15220008,West Fork Sny Magill Creek  (SNWF),02/14/1995 13:35:00,SNY319,NIT-AMM,Ammonia-nitrogen (as N),Total,,0.1,mg/l,False,0.1,,,Unknown,SNY001,Actual,SW,Water,,,Clayton,07060003,River/Stream,,42.97628121,-91.23730654
6,15220008,West Fork Sny Magill Creek  (SNWF),01/17/1995 11:30:00,SNY319,NIT-AMM,Ammonia-nitrogen (as N),Total,,0.2,mg/l,True,0.1,,,Unknown,SNY001,Actual,SW,Water,,,Clayton,07060003,River/Stream,,42.97628121,-91.23730654
6,15220008,West Fork Sny Magill Creek  (SNWF),01/10/1995 14:05:00,SNY319,NIT-AMM,Ammonia-nitrogen (as N),Total,,0.1,mg/l,False,0.1,,,Unknown,SNY001,Actual,SW,Water,,,Clayton,07060003,River/Stream,,42.97628121,-91.23730654
6,15220007,Sny Magill North Tributary (SNT),07/25/1995 18:00:00,SNY319,NIT-AMM,Ammonia-nitrogen (as N),Total,,0.1,mg/l,False,0.1,,,Unknown,SNY001,Actual,SW,Water,,,Clayton,07060003,River/Stream,,42.96850981,-91.22439501
6,15220007,Sny Magill North Tributary (SNT),06/27/1995 15:20:00,SNY319,NIT-AMM,Ammonia-nitrogen (as N),Total,,0.1,mg/l,False,0.1,,,Unknown,SNY001,Actual,SW,Water,,,Clayton,07060003,River/Stream,,42.96850981,-91.22439501
6,15220007,Sny Magill North Tributary (SNT),03/28/1995 12:40:00,SNY319,NIT-AMM,Ammonia-nitrogen (as N),Total,,0.1,mg/l,False,0.1,,,Unknown,SNY001,Actual,SW,Water,,,Clayton,07060003,River/Stream,,42.96850981,-91.22439501
6,15220007,Sny Magill North Tributary (SNT),02/28/1995 10:30:00,SNY319,NIT-AMM,Ammonia-nitrogen (as N),Total,,0.1,mg/l,False,0.1,,,Unknown,SNY001,Actual,SW,Water,,,Clayton,07060003,River/Stream,,42.96850981,-91.22439501
6,15220007,Sny Magill North Tributary (SNT),01/31/1995 11:25:00,SNY319,NIT-AMM,Ammonia-nitrogen (as N),Total,,0.1,mg/l,False,0.1,,,Unknown,SNY001,Actual,SW,Water,,,Clayton,07060003,River/Stream,,42.96850981,-91.22439501
6,15220006,Sny Magill Creek Site #3 (SN03),09/05/1995 11:30:00,SNY319,NIT-AMM,Ammonia-nitrogen (as N),Total,,0.1,mg/l,False,0.1,,,Unknown,SNY001,Actual,SW,Water,,,Clayton,07060003,River/Stream,,42.98149721,-91.24097377
6,15220006,Sny Magill Creek Site #3 (SN03),08/29/1995 16:10:00,SNY319,NIT-AMM,Ammonia-nitrogen (as N),Total,,0.1,mg/l,False,0.1,,,Unknown,SNY001,Actual,SW,Water,,,Clayton,07060003,River/Stream,,42.98149721,-91.24097377
6,15220006,Sny Magill Creek Site #3 (SN03),08/01/1995 11:35:00,SNY319,NIT-AMM,Ammonia-nitrogen (as N),Total,,0.1,mg/l,False,0.1,,,Unknown,SNY001,Actual,SW,Water,,,Clayton,07060003,River/Stream,,42.98149721,-91.24097377
6,15220006,Sny Magill Creek Site #3 (SN03),07/25/1995 18:10:00,SNY319,NIT-AMM,Ammonia-nitrogen (as N),Total,,0.1,mg/l,True,0.1,,,Unknown,SNY001,Actual,SW,Water,,,Clayton,07060003,River/Stream,,42.98149721,-91.24097377
6,15220006,Sny Magill Creek Site #3 (SN03),06/27/1995 15:35:00,SNY319,NIT-AMM,Ammonia-nitrogen (as N),Total,,0.1,mg/l,False,0.1,,,Unknown,SNY001,Actual,SW,Water,,,Clayton,07060003,River/Stream,,42.98149721,-91.24097377
6,15220006,Sny Magill Creek Site #3 (SN03),06/20/1995 11:40:00,SNY319,NIT-AMM,Ammonia-nitrogen (as N),Total,,0.1,mg/l,False,0.1,,,Unknown,SNY001,Actual,SW,Water,,,Clayton,07060003,River/Stream,,42.98149721,-91.24097377
6,15220006,Sny Magill Creek Site #3 (SN03),05/16/1995 11:30:00,SNY319,NIT-AMM,Ammonia-nitrogen (as N),Total,,0.1,mg/l,False,0.1,,,Unknown,SNY001,Actual,SW,Water,,,Clayton,07060003,River/Stream,,42.98149721,-91.24097377
6,15220006,Sny Magill Creek Site #3 (SN03),05/23/1995 14:50:00,SNY319,NIT-AMM,Ammonia-nitrogen (as N),Total,,0.1,mg/l,False,0.1,,,Unknown,SNY001,Actual,SW,Water,,,Clayton,07060003,River/Stream,,42.98149721,-91.24097377
6,15220006,Sny Magill Creek Site #3 (SN03),06/13/1995 15:15:00,SNY319,NIT-AMM,Ammonia-nitrogen (as N),Total,,0.1,mg/l,False,0.1,,,Unknown,SNY001,Actual,SW,Water,,,Clayton,07060003,River/Stream,,42.98149721,-91.24097377
6,15220006,Sny Magill Creek Site #3 (SN03),05/09/1995 14:35:00,SNY319,NIT-AMM,Ammonia-nitrogen (as N),Total,,0.1,mg/l,False,0.1,,,Unknown,SNY001,Actual,SW,Water,,,Clayton,07060003,River/Stream,,42.98149721,-91.24097377
6,15220006,Sny Magill Creek Site #3 (SN03),04/18/1995 12:00:00,SNY319,NIT-AMM,Ammonia-nitrogen (as N),Total,,0.4,mg/l,True,0.1,,,Unknown,SNY001,Actual,SW,Water,,,Clayton,07060003,River/Stream,,42.98149721,-91.24097377
6,15220006,Sny Magill Creek Site #3 (SN03),04/11/1995 14:00:00,SNY319,NIT-AMM,Ammonia-nitrogen (as N),Total,,0.1,mg/l,False,0.1,,,Unknown,SNY001,Actual,SW,Water,,,Clayton,07060003,River/Stream,,42.98149721,-91.24097377
6,15220006,Sny Magill Creek Site #3 (SN03),03/14/1995 15:20:00,SNY319,NIT-AMM,Ammonia-nitrogen (as N),Total,,0.1,mg/l,False,0.1,,,Unknown,SNY001,Actual,SW,Water,,,Clayton,07060003,River/Stream,,42.98149721,-91.24097377
6,15220006,Sny Magill Creek Site #3 (SN03),01/31/1995 11:45:00,SNY319,NIT-AMM,Ammonia-nitrogen (as N),Total,,0.1,mg/l,False,0.1,,,Unknown,SNY001,Actual,SW,Water,,,Clayton,07060003,River/Stream,,42.98149721,-91.24097377
6,15220006,Sny Magill Creek Site #3 (SN03),01/03/1995 11:30:00,SNY319,NIT-AMM,Ammonia-nitrogen (as N),Total,,0.1,mg/l,False,0.1,,,Unknown,SNY001,Actual,SW,Water,,,Clayton,07060003,River/Stream,,42.98149721,-91.24097377
6,15220006,Sny Magill Creek Site #3 (SN03),02/07/1995 11:30:00,SNY319,NIT-AMM,Ammonia-nitrogen (as N),Total,,0.1,mg/l,False,0.1,,,Unknown,SNY001,Actual,SW,Water,,,Clayton,07060003,River/Stream,,42.98149721,-91.24097377
6,15220006,Sny Magill Creek Site #3 (SN03),03/07/1995 12:00:00,SNY319,NIT-AMM,Ammonia-nitrogen (as N),Total,,0.1,mg/l,False,0.1,,,Unknown,SNY001,Actual,SW,Water,,,Clayton,07060003,River/Stream,,42.98149721,-91.24097377
6,15220004,Sny Magill Creek Site #1 (SN01),07/15/1997 12:45:00,SNY319,NIT-AMM,Ammonia-nitrogen (as N),Total,,0.1,mg/l,False,0.1,,,Unknown,SNY001,Actual,SW,Water,,,Clayton,07060003,River/Stream,,42.94880662,-91.18632674
6,15220004,Sny Magill Creek Site #1 (SN01),07/22/1997 12:20:00,SNY319,NIT-AMM,Ammonia-nitrogen (as N),Total,,0.1,mg/l,False,0.1,,,Unknown,SNY001,Actual,SW,Water,,,Clayton,07060003,River/Stream,,42.94880662,-91.18632674
6,15220004,Sny Magill Creek Site #1 (SN01),08/12/1997 11:40:00,SNY319,NIT-AMM,Ammonia-nitrogen (as N),Total,,0.1,mg/l,False,0.1,,,Unknown,SNY001,Actual,SW,Water,,,Clayton,07060003,River/Stream,,42.94880662,-91.18632674
6,15220004,Sny Magill Creek Site #1 (SN01),08/19/1997 13:00:00,SNY319,NIT-AMM,Ammonia-nitrogen (as N),Total,,0.1,mg/l,False,0.1,,,Unknown,SNY001,Actual,SW,Water,,,Clayton,07060003,River/Stream,,42.94880662,-91.18632674
6,15220004,Sny Magill Creek Site #1 (SN01),09/09/1997 11:55:00,SNY319,NIT-AMM,Ammonia-nitrogen (as N),Total,,0.1,mg/l,True,0.1,,,Unknown,SNY001,Actual,SW,Water,,,Clayton,07060003,River/Stream,,42.94880662,-91.18632674
6,15220004,Sny Magill Creek Site #1 (SN01),09/16/1997 13:00:00,SNY319,NIT-AMM,Ammonia-nitrogen (as N),Total,,0.1,mg/l,False,0.1,,,Unknown,SNY001,Actual,SW,Water,,,Clayton,07060003,River/Stream,,42.94880662,-91.18632674
6,15220005,Sny Magill Creek Site #2 (SN02),01/27/1997 16:30:00,SNY319,NIT-AMM,Ammonia-nitrogen (as N),Total,,0.1,mg/l,False,0.1,,,Unknown,SNY001,Actual,SW,Water,,,Clayton,07060003,River/Stream,,42.96808222,-91.22331192
6,15220005,Sny Magill Creek Site #2 (SN02),02/25/1997 13:40:00,SNY319,NIT-AMM,Ammonia-nitrogen (as N),Total,,0.1,mg/l,False,0.1,,,Unknown,SNY001,Actual,SW,Water,,,Clayton,07060003,River/Stream,,42.96808222,-91.22331192
6,15220005,Sny Magill Creek Site #2 (SN02),03/25/1997 13:40:00,SNY319,NIT-AMM,Ammonia-nitrogen (as N),Total,,0.1,mg/l,False,0.1,,,Unknown,SNY001,Actual,SW,Water,,,Clayton,07060003,River/Stream,,42.96808222,-91.22331192
6,15220005,Sny Magill Creek Site #2 (SN02),07/28/1997 15:35:00,SNY319,NIT-AMM,Ammonia-nitrogen (as N),Total,,0.1,mg/l,False,0.1,,,Unknown,SNY001,Actual,SW,Water,,,Clayton,07060003,River/Stream,,42.96808222,-91.22331192
6,15220005,Sny Magill Creek Site #2 (SN02),08/26/1997 13:15:00,SNY319,NIT-AMM,Ammonia-nitrogen (as N),Total,,0.1,mg/l,False,0.1,,,Unknown,SNY001,Actual,SW,Water,,,Clayton,07060003,River/Stream,,42.96808222,-91.22331192
6,15220005,Sny Magill Creek Site #2 (SN02),09/30/1997 13:00:00,SNY319,NIT-AMM,Ammonia-nitrogen (as N),Total,,0.1,mg/l,False,0.1,,,Unknown,SNY001,Actual,SW,Water,,,Clayton,07060003,River/Stream,,42.96808222,-91.22331192
6,15220006,Sny Magill Creek Site #3 (SN03),01/07/1997 11:40:00,SNY319,NIT-AMM,Ammonia-nitrogen (as N),Total,,0.1,mg/l,False,0.1,,,Unknown,SNY001,Actual,SW,Water,,,Clayton,07060003,River/Stream,,42.98149721,-91.24097377
6,15220006,Sny Magill Creek Site #3 (SN03),02/11/1997 14:30:00,SNY319,NIT-AMM,Ammonia-nitrogen (as N),Total,,0.1,mg/l,False,0.1,,,Unknown,SNY001,Actual,SW,Water,,,Clayton,07060003,River/Stream,,42.98149721,-91.24097377
6,15220006,Sny Magill Creek Site #3 (SN03),02/18/1997 14:15:00,SNY319,NIT-AMM,Ammonia-nitrogen (as N),Total,,2.1,mg/l,True,0.1,,,Unknown,SNY001,Actual,SW,Water,,,Clayton,07060003,River/Stream,,42.98149721,-91.24097377
6,15220006,Sny Magill Creek Site #3 (SN03),02/25/1997 14:00:00,SNY319,NIT-AMM,Ammonia-nitrogen (as N),Total,,0.1,mg/l,False,0.1,,,Unknown,SNY001,Actual,SW,Water,,,Clayton,07060003,River/Stream,,42.98149721,-91.24097377
6,15220006,Sny Magill Creek Site #3 (SN03),03/25/1997 14:05:00,SNY319,NIT-AMM,Ammonia-nitrogen (as N),Total,,0.1,mg/l,False,0.1,,,Unknown,SNY001,Actual,SW,Water,,,Clayton,07060003,River/Stream,,42.98149721,-91.24097377
6,15220006,Sny Magill Creek Site #3 (SN03),04/01/1997 13:15:00,SNY319,NIT-AMM,Ammonia-nitrogen (as N),Total,,0.1,mg/l,False,0.1,,,Unknown,SNY001,Actual,SW,Water,,,Clayton,07060003,River/Stream,,42.98149721,-91.24097377
6,15220006,Sny Magill Creek Site #3 (SN03),04/08/1997 12:00:00,SNY319,NIT-AMM,Ammonia-nitrogen (as N),Total,,0.1,mg/l,False,0.1,,,Unknown,SNY001,Actual,SW,Water,,,Clayton,07060003,River/Stream,,42.98149721,-91.24097377
6,15220006,Sny Magill Creek Site #3 (SN03),05/13/1997 13:15:00,SNY319,NIT-AMM,Ammonia-nitrogen (as N),Total,,0.1,mg/l,False,0.1,,,Unknown,SNY001,Actual,SW,Water,,,Clayton,07060003,River/Stream,,42.98149721,-91.24097377
6,15220006,Sny Magill Creek Site #3 (SN03),05/20/1997 13:05:00,SNY319,NIT-AMM,Ammonia-nitrogen (as N),Total,,0.1,mg/l,False,0.1,,,Unknown,SNY001,Actual,SW,Water,,,Clayton,07060003,River/Stream,,42.98149721,-91.24097377
6,15220006,Sny Magill Creek Site #3 (SN03),05/26/1997 15:50:00,SNY319,NIT-AMM,Ammonia-nitrogen (as N),Total,,0.1,mg/l,False,0.1,,,Unknown,SNY001,Actual,SW,Water,,,Clayton,07060003,River/Stream,,42.98149721,-91.24097377
6,15220006,Sny Magill Creek Site #3 (SN03),06/24/1997 15:15:00,SNY319,NIT-AMM,Ammonia-nitrogen (as N),Total,,0.1,mg/l,False,0.1,,,Unknown,SNY001,Actual,SW,Water,,,Clayton,07060003,River/Stream,,42.98149721,-91.24097377
6,15220006,Sny Magill Creek Site #3 (SN03),07/01/1997 12:30:00,SNY319,NIT-AMM,Ammonia-nitrogen (as N),Total,,0.1,mg/l,False,0.1,,,Unknown,SNY001,Actual,SW,Water,,,Clayton,07060003,River/Stream,,42.98149721,-91.24097377
6,15220006,Sny Magill Creek Site #3 (SN03),07/08/1997 13:10:00,SNY319,NIT-AMM,Ammonia-nitrogen (as N),Total,,0.1,mg/l,False,0.1,,,Unknown,SNY001,Actual,SW,Water,,,Clayton,07060003,River/Stream,,42.98149721,-91.24097377
6,15220006,Sny Magill Creek Site #3 (SN03),08/12/1997 12:15:00,SNY319,NIT-AMM,Ammonia-nitrogen (as N),Total,,0.1,mg/l,False,0.1,,,Unknown,SNY001,Actual,SW,Water,,,Clayton,07060003,River/Stream,,42.98149721,-91.24097377
6,15220006,Sny Magill Creek Site #3 (SN03),08/19/1997 12:00:00,SNY319,NIT-AMM,Ammonia-nitrogen (as N),Total,,0.1,mg/l,False,0.1,,,Unknown,SNY001,Actual,SW,Water,,,Clayton,07060003,River/Stream,,42.98149721,-91.24097377
6,15220006,Sny Magill Creek Site #3 (SN03),08/26/1997 13:35:00,SNY319,NIT-AMM,Ammonia-nitrogen (as N),Total,,0.1,mg/l,True,0.1,,,Unknown,SNY001,Actual,SW,Water,,,Clayton,07060003,River/Stream,,42.98149721,-91.24097377
6,15220006,Sny Magill Creek Site #3 (SN03),09/23/1997 13:05:00,SNY319,NIT-AMM,Ammonia-nitrogen (as N),Total,,0.1,mg/l,True,0.1,,,Unknown,SNY001,Actual,SW,Water,,,Clayton,07060003,River/Stream,,42.98149721,-91.24097377
6,15220006,Sny Magill Creek Site #3 (SN03),09/30/1997 13:25:00,SNY319,NIT-AMM,Ammonia-nitrogen (as N),Total,,0.1,mg/l,False,0.1,,,Unknown,SNY001,Actual,SW,Water,,,Clayton,07060003,River/Stream,,42.98149721,-91.24097377
6,15220007,Sny Magill North Tributary (SNT),01/27/1997 16:45:00,SNY319,NIT-AMM,Ammonia-nitrogen (as N),Total,,0.1,mg/l,False,0.1,,,Unknown,SNY001,Actual,SW,Water,,,Clayton,07060003,River/Stream,,42.96850981,-91.22439501
6,15220007,Sny Magill North Tributary (SNT),02/25/1997 13:50:00,SNY319,NIT-AMM,Ammonia-nitrogen (as N),Total,,0.1,mg/l,False,0.1,,,Unknown,SNY001,Actual,SW,Water,,,Clayton,07060003,River/Stream,,42.96850981,-91.22439501
6,15220007,Sny Magill North Tributary (SNT),06/24/1997 15:00:00,SNY319,NIT-AMM,Ammonia-nitrogen (as N),Total,,0.1,mg/l,False,0.1,,,Unknown,SNY001,Actual,SW,Water,,,Clayton,07060003,River/Stream,,42.96850981,-91.22439501
6,15220007,Sny Magill North Tributary (SNT),07/28/1997 16:00:00,SNY319,NIT-AMM,Ammonia-nitrogen (as N),Total,,0.1,mg/l,False,0.1,,,Unknown,SNY001,Actual,SW,Water,,,Clayton,07060003,River/Stream,,42.96850981,-91.22439501
6,15220007,Sny Magill North Tributary (SNT),08/26/1997 13:25:00,SNY319,NIT-AMM,Ammonia-nitrogen (as N),Total,,0.1,mg/l,True,0.1,,,Unknown,SNY001,Actual,SW,Water,,,Clayton,07060003,River/Stream,,42.96850981,-91.22439501
6,15220008,West Fork Sny Magill Creek  (SNWF),01/21/1997 10:45:00,SNY319,NIT-AMM,Ammonia-nitrogen (as N),Total,,0.1,mg/l,False,0.1,,,Unknown,SNY001,Actual,SW,Water,,,Clayton,07060003,River/Stream,,42.97628121,-91.23730654
6,15220008,West Fork Sny Magill Creek  (SNWF),01/27/1997 17:30:00,SNY319,NIT-AMM,Ammonia-nitrogen (as N),Total,,0.1,mg/l,False,0.1,,,Unknown,SNY001,Actual,SW,Water,,,Clayton,07060003,River/Stream,,42.97628121,-91.23730654
6,15220008,West Fork Sny Magill Creek  (SNWF),02/04/1997 16:00:00,SNY319,NIT-AMM,Ammonia-nitrogen (as N),Total,,0.1,mg/l,False,0.1,,,Unknown,SNY001,Actual,SW,Water,,,Clayton,07060003,River/Stream,,42.97628121,-91.23730654
6,15220008,West Fork Sny Magill Creek  (SNWF),02/11/1997 14:50:00,SNY319,NIT-AMM,Ammonia-nitrogen (as N),Total,,0.1,mg/l,False,0.1,,,Unknown,SNY001,Actual,SW,Water,,,Clayton,07060003,River/Stream,,42.97628121,-91.23730654
6,15220008,West Fork Sny Magill Creek  (SNWF),03/11/1997 13:05:00,SNY319,NIT-AMM,Ammonia-nitrogen (as N),Total,,0.1,mg/l,False,0.1,,,Unknown,SNY001,Actual,SW,Water,,,Clayton,07060003,River/Stream,,42.97628121,-91.23730654
6,15220008,West Fork Sny Magill Creek  (SNWF),03/18/1997 13:45:00,SNY319,NIT-AMM,Ammonia-nitrogen (as N),Total,,0.1,mg/l,False,0.1,,,Unknown,SNY001,Actual,SW,Water,,,Clayton,07060003,River/Stream,,42.97628121,-91.23730654
6,15220008,West Fork Sny Magill Creek  (SNWF),03/25/1997 14:15:00,SNY319,NIT-AMM,Ammonia-nitrogen (as N),Total,,0.1,mg/l,False,0.1,,,Unknown,SNY001,Actual,SW,Water,,,Clayton,07060003,River/Stream,,42.97628121,-91.23730654
6,15220008,West Fork Sny Magill Creek  (SNWF),04/22/1997 12:40:00,SNY319,NIT-AMM,Ammonia-nitrogen (as N),Total,,0.1,mg/l,False,0.1,,,Unknown,SNY001,Actual,SW,Water,,,Clayton,07060003,River/Stream,,42.97628121,-91.23730654
6,15220008,West Fork Sny Magill Creek  (SNWF),04/29/1997 14:55:00,SNY319,NIT-AMM,Ammonia-nitrogen (as N),Total,,0.1,mg/l,False,0.1,,,Unknown,SNY001,Actual,SW,Water,,,Clayton,07060003,River/Stream,,42.97628121,-91.23730654
6,15220008,West Fork Sny Magill Creek  (SNWF),05/06/1997 14:45:00,SNY319,NIT-AMM,Ammonia-nitrogen (as N),Total,,0.1,mg/l,False,0.1,,,Unknown,SNY001,Actual,SW,Water,,,Clayton,07060003,River/Stream,,42.97628121,-91.23730654
6,15220008,West Fork Sny Magill Creek  (SNWF),05/13/1997 13:30:00,SNY319,NIT-AMM,Ammonia-nitrogen (as N),Total,,0.1,mg/l,False,0.1,,,Unknown,SNY001,Actual,SW,Water,,,Clayton,07060003,River/Stream,,42.97628121,-91.23730654
6,15220008,West Fork Sny Magill Creek  (SNWF),06/10/1997 13:05:00,SNY319,NIT-AMM,Ammonia-nitrogen (as N),Total,,0.1,mg/l,False,0.1,,,Unknown,SNY001,Actual,SW,Water,,,Clayton,07060003,River/Stream,,42.97628121,-91.23730654
6,15220008,West Fork Sny Magill Creek  (SNWF),06/17/1997 14:45:00,SNY319,NIT-AMM,Ammonia-nitrogen (as N),Total,,0.1,mg/l,False,0.1,,,Unknown,SNY001,Actual,SW,Water,,,Clayton,07060003,River/Stream,,42.97628121,-91.23730654
6,15220008,West Fork Sny Magill Creek  (SNWF),06/24/1997 15:20:00,SNY319,NIT-AMM,Ammonia-nitrogen (as N),Total,,0.1,mg/l,False,0.1,,,Unknown,SNY001,Actual,SW,Water,,,Clayton,07060003,River/Stream,,42.97628121,-91.23730654
6,15220008,West Fork Sny Magill Creek  (SNWF),07/22/1997 13:15:00,SNY319,NIT-AMM,Ammonia-nitrogen (as N),Total,,0.1,mg/l,False,0.1,,,Unknown,SNY001,Actual,SW,Water,,,Clayton,07060003,River/Stream,,42.97628121,-91.23730654
6,15220008,West Fork Sny Magill Creek  (SNWF),07/28/1997 16:25:00,SNY319,NIT-AMM,Ammonia-nitrogen (as N),Total,,0.1,mg/l,False,0.1,,,Unknown,SNY001,Actual,SW,Water,,,Clayton,07060003,River/Stream,,42.97628121,-91.23730654
6,15220008,West Fork Sny Magill Creek  (SNWF),08/05/1997 13:10:00,SNY319,NIT-AMM,Ammonia-nitrogen (as N),Total,,0.1,mg/l,False,0.1,,,Unknown,SNY001,Actual,SW,Water,,,Clayton,07060003,River/Stream,,42.97628121,-91.23730654
6,15220008,West Fork Sny Magill Creek  (SNWF),08/12/1997 10:25:00,SNY319,NIT-AMM,Ammonia-nitrogen (as N),Total,,0.1,mg/l,False,0.1,,,Unknown,SNY001,Actual,SW,Water,,,Clayton,07060003,River/Stream,,42.97628121,-91.23730654
6,15220008,West Fork Sny Magill Creek  (SNWF),09/09/1997 12:40:00,SNY319,NIT-AMM,Ammonia-nitrogen (as N),Total,,0.1,mg/l,False,0.1,,,Unknown,SNY001,Actual,SW,Water,,,Clayton,07060003,River/Stream,,42.97628121,-91.23730654
6,15220008,West Fork Sny Magill Creek  (SNWF),09/16/1997 11:00:00,SNY319,NIT-AMM,Ammonia-nitrogen (as N),Total,,0.1,mg/l,False,0.1,,,Unknown,SNY001,Actual,SW,Water,,,Clayton,07060003,River/Stream,,42.97628121,-91.23730654
6,15220004,Sny Magill Creek Site #1 (SN01),10/07/1997 13:00:00,SNY319,NIT-AMM,Ammonia-nitrogen (as N),Total,,0.1,mg/l,False,0.1,,,Unknown,SNY001,Actual,SW,Water,,,Clayton,07060003,River/Stream,,42.94880662,-91.18632674
6,15220004,Sny Magill Creek Site #1 (SN01),10/14/1997 12:25:00,SNY319,NIT-AMM,Ammonia-nitrogen (as N),Total,,0.1,mg/l,False,0.1,,,Unknown,SNY001,Actual,SW,Water,,,Clayton,07060003,River/Stream,,42.94880662,-91.18632674
6,15220004,Sny Magill Creek Site #1 (SN01),11/04/1997 14:10:00,SNY319,NIT-AMM,Ammonia-nitrogen (as N),Total,,0.1,mg/l,False,0.1,,,Unknown,SNY001,Actual,SW,Water,,,Clayton,07060003,River/Stream,,42.94880662,-91.18632674
6,15220008,West Fork Sny Magill Creek  (SNWF),09/23/1997 13:20:00,SNY319,NIT-AMM,Ammonia-nitrogen (as N),Total,,0.1,mg/l,True,0.1,,,Unknown,SNY001,Actual,SW,Water,,,Clayton,07060003,River/Stream,,42.97628121,-91.23730654
6,15220004,Sny Magill Creek Site #1 (SN01),11/11/1997 11:55:00,SNY319,NIT-AMM,Ammonia-nitrogen (as N),Total,,0.1,mg/l,False,0.1,,,Unknown,SNY001,Actual,SW,Water,,,Clayton,07060003,River/Stream,,42.94880662,-91.18632674
6,15220004,Sny Magill Creek Site #1 (SN01),11/18/1997 13:00:00,SNY319,NIT-AMM,Ammonia-nitrogen (as N),Total,,0.1,mg/l,False,0.1,,,Unknown,SNY001,Actual,SW,Water,,,Clayton,07060003,River/Stream,,42.94880662,-91.18632674
6,15220004,Sny Magill Creek Site #1 (SN01),12/09/1997 12:30:00,SNY319,NIT-AMM,Ammonia-nitrogen (as N),Total,,0.1,mg/l,False,0.1,,,Unknown,SNY001,Actual,SW,Water,,,Clayton,07060003,River/Stream,,42.94880662,-91.18632674
6,15220004,Sny Magill Creek Site #1 (SN01),12/16/1997 12:30:00,SNY319,NIT-AMM,Ammonia-nitrogen (as N),Total,,0.1,mg/l,False,0.1,,,Unknown,SNY001,Actual,SW,Water,,,Clayton,07060003,River/Stream,,42.94880662,-91.18632674
6,15220005,Sny Magill Creek Site #2 (SN02),10/28/1997 11:20:00,SNY319,NIT-AMM,Ammonia-nitrogen (as N),Total,,0.1,mg/l,False,0.1,,,Unknown,SNY001,Actual,SW,Water,,,Clayton,07060003,River/Stream,,42.96808222,-91.22331192
6,15220005,Sny Magill Creek Site #2 (SN02),11/25/1997 13:10:00,SNY319,NIT-AMM,Ammonia-nitrogen (as N),Total,,0.1,mg/l,True,0.1,,,Unknown,SNY001,Actual,SW,Water,,,Clayton,07060003,River/Stream,,42.96808222,-91.22331192
6,15220005,Sny Magill Creek Site #2 (SN02),12/30/1997 14:20:00,SNY319,NIT-AMM,Ammonia-nitrogen (as N),Total,,0.1,mg/l,False,0.1,,,Unknown,SNY001,Actual,SW,Water,,,Clayton,07060003,River/Stream,,42.96808222,-91.22331192
6,15220006,Sny Magill Creek Site #3 (SN03),10/28/1997 11:55:00,SNY319,NIT-AMM,Ammonia-nitrogen (as N),Total,,0.1,mg/l,False,0.1,,,Unknown,SNY001,Actual,SW,Water,,,Clayton,07060003,River/Stream,,42.98149721,-91.24097377
6,15220006,Sny Magill Creek Site #3 (SN03),11/04/1997 11:30:00,SNY319,NIT-AMM,Ammonia-nitrogen (as N),Total,,0.1,mg/l,False,0.1,,,Unknown,SNY001,Actual,SW,Water,,,Clayton,07060003,River/Stream,,42.98149721,-91.24097377
6,15220006,Sny Magill Creek Site #3 (SN03),11/11/1997 12:25:00,SNY319,NIT-AMM,Ammonia-nitrogen (as N),Total,,0.5,mg/l,True,0.1,,,Unknown,SNY001,Actual,SW,Water,,,Clayton,07060003,River/Stream,,42.98149721,-91.24097377
6,15220006,Sny Magill Creek Site #3 (SN03),12/16/1997 13:05:00,SNY319,NIT-AMM,Ammonia-nitrogen (as N),Total,,0.1,mg/l,False,0.1,,,Unknown,SNY001,Actual,SW,Water,,,Clayton,07060003,River/Stream,,42.98149721,-91.24097377
6,15220006,Sny Magill Creek Site #3 (SN03),12/23/1997 13:10:00,SNY319,NIT-AMM,Ammonia-nitrogen (as N),Total,,0.1,mg/l,False,0.1,,,Unknown,SNY001,Actual,SW,Water,,,Clayton,07060003,River/Stream,,42.98149721,-91.24097377
6,15220006,Sny Magill Creek Site #3 (SN03),12/30/1997 14:30:00,SNY319,NIT-AMM,Ammonia-nitrogen (as N),Total,,0.1,mg/l,False,0.1,,,Unknown,SNY001,Actual,SW,Water,,,Clayton,07060003,River/Stream,,42.98149721,-91.24097377
6,15220008,West Fork Sny Magill Creek  (SNWF),10/07/1997 11:00:00,SNY319,NIT-AMM,Ammonia-nitrogen (as N),Total,,0.1,mg/l,False,0.1,,,Unknown,SNY001,Actual,SW,Water,,,Clayton,07060003,River/Stream,,42.97628121,-91.23730654
6,15220008,West Fork Sny Magill Creek  (SNWF),10/14/1997 13:10:00,SNY319,NIT-AMM,Ammonia-nitrogen (as N),Total,,0.1,mg/l,False,0.1,,,Unknown,SNY001,Actual,SW,Water,,,Clayton,07060003,River/Stream,,42.97628121,-91.23730654
6,15220008,West Fork Sny Magill Creek  (SNWF),10/21/1997 12:10:00,SNY319,NIT-AMM,Ammonia-nitrogen (as N),Total,,0.1,mg/l,False,0.1,,,Unknown,SNY001,Actual,SW,Water,,,Clayton,07060003,River/Stream,,42.97628121,-91.23730654
6,15220008,West Fork Sny Magill Creek  (SNWF),11/18/1997 11:30:00,SNY319,NIT-AMM,Ammonia-nitrogen (as N),Total,,0.1,mg/l,False,0.1,,,Unknown,SNY001,Actual,SW,Water,,,Clayton,07060003,River/Stream,,42.97628121,-91.23730654
6,15220008,West Fork Sny Magill Creek  (SNWF),11/25/1997 13:30:00,SNY319,NIT-AMM,Ammonia-nitrogen (as N),Total,,0.1,mg/l,False,0.1,,,Unknown,SNY001,Actual,SW,Water,,,Clayton,07060003,River/Stream,,42.97628121,-91.23730654
6,15220008,West Fork Sny Magill Creek  (SNWF),12/02/1997 11:00:00,SNY319,NIT-AMM,Ammonia-nitrogen (as N),Total,,0.1,mg/l,False,0.1,,,Unknown,SNY001,Actual,SW,Water,,,Clayton,07060003,River/Stream,,42.97628121,-91.23730654
6,15220004,Sny Magill Creek Site #1 (SN01),01/13/1998 12:15:00,SNY319,NIT-AMM,Ammonia-nitrogen (as N),Total,,0.1,mg/l,False,0.1,,,Unknown,SNY001,Actual,SW,Water,,,Clayton,07060003,River/Stream,,42.94880662,-91.18632674
6,15220004,Sny Magill Creek Site #1 (SN01),01/20/1998 13:00:00,SNY319,NIT-AMM,Ammonia-nitrogen (as N),Total,,0.1,mg/l,False,0.1,,,Unknown,SNY001,Actual,SW,Water,,,Clayton,07060003,River/Stream,,42.94880662,-91.18632674
6,15220004,Sny Magill Creek Site #1 (SN01),02/09/1998 12:30:00,SNY319,NIT-AMM,Ammonia-nitrogen (as N),Total,,0.1,mg/l,False,0.1,,,Unknown,SNY001,Actual,SW,Water,,,Clayton,07060003,River/Stream,,42.94880662,-91.18632674
6,15220004,Sny Magill Creek Site #1 (SN01),02/17/1998 13:00:00,SNY319,NIT-AMM,Ammonia-nitrogen (as N),Total,,0.1,mg/l,False,0.1,,,Unknown,SNY001,Actual,SW,Water,,,Clayton,07060003,River/Stream,,42.94880662,-91.18632674
6,15220008,West Fork Sny Magill Creek  (SNWF),12/09/1997 13:10:00,SNY319,NIT-AMM,Ammonia-nitrogen (as N),Total,,0.1,mg/l,False,0.1,,,Unknown,SNY001,Actual,SW,Water,,,Clayton,07060003,River/Stream,,42.97628121,-91.23730654
6,15220004,Sny Magill Creek Site #1 (SN01),03/17/1998 13:10:00,SNY319,NIT-AMM,Ammonia-nitrogen (as N),Total,,0.1,mg/l,False,0.1,,,Unknown,SNY001,Actual,SW,Water,,,Clayton,07060003,River/Stream,,42.94880662,-91.18632674
6,15220004,Sny Magill Creek Site #1 (SN01),03/24/1998 12:30:00,SNY319,NIT-AMM,Ammonia-nitrogen (as N),Total,,0.1,mg/l,False,0.1,,,Unknown,SNY001,Actual,SW,Water,,,Clayton,07060003,River/Stream,,42.94880662,-91.18632674
6,15220004,Sny Magill Creek Site #1 (SN01),04/14/1998 13:00:00,SNY319,NIT-AMM,Ammonia-nitrogen (as N),Total,,0.1,mg/l,False,0.1,,,Unknown,SNY001,Actual,SW,Water,,,Clayton,07060003,River/Stream,,42.94880662,-91.18632674
6,15220004,Sny Magill Creek Site #1 (SN01),04/21/1998 12:45:00,SNY319,NIT-AMM,Ammonia-nitrogen (as N),Total,,0.1,mg/l,False,0.1,,,Unknown,SNY001,Actual,SW,Water,,,Clayton,07060003,River/Stream,,42.94880662,-91.18632674
6,15220004,Sny Magill Creek Site #1 (SN01),05/12/1998 13:00:00,SNY319,NIT-AMM,Ammonia-nitrogen (as N),Total,,0.1,mg/l,False,0.1,,,Unknown,SNY001,Actual,SW,Water,,,Clayton,07060003,River/Stream,,42.94880662,-91.18632674
6,15220004,Sny Magill Creek Site #1 (SN01),05/19/1998 12:55:00,SNY319,NIT-AMM,Ammonia-nitrogen (as N),Total,,0.1,mg/l,False,0.1,,,Unknown,SNY001,Actual,SW,Water,,,Clayton,07060003,River/Stream,,42.94880662,-91.18632674
6,15220004,Sny Magill Creek Site #1 (SN01),06/16/1998 12:55:00,SNY319,NIT-AMM,Ammonia-nitrogen (as N),Total,,0.1,mg/l,False,0.1,,,Unknown,SNY001,Actual,SW,Water,,,Clayton,07060003,River/Stream,,42.94880662,-91.18632674
6,15220004,Sny Magill Creek Site #1 (SN01),07/07/1998 13:15:00,SNY319,NIT-AMM,Ammonia-nitrogen (as N),Total,,0.1,mg/l,False,0.1,,,Unknown,SNY001,Actual,SW,Water,,,Clayton,07060003,River/Stream,,42.94880662,-91.18632674
6,15220004,Sny Magill Creek Site #1 (SN01),06/09/1998 13:00:00,SNY319,NIT-AMM,Ammonia-nitrogen (as N),Total,,0.1,mg/l,False,0.1,,,Unknown,SNY001,Actual,SW,Water,,,Clayton,07060003,River/Stream,,42.94880662,-91.18632674
6,15220004,Sny Magill Creek Site #1 (SN01),07/14/1998 13:05:00,SNY319,NIT-AMM,Ammonia-nitrogen (as N),Total,,0.1,mg/l,False,0.1,,,Unknown,SNY001,Actual,SW,Water,,,Clayton,07060003,River/Stream,,42.94880662,-91.18632674
6,15220004,Sny Magill Creek Site #1 (SN01),08/04/1998 12:35:00,SNY319,NIT-AMM,Ammonia-nitrogen (as N),Total,,0.1,mg/l,True,0.1,,,Unknown,SNY001,Actual,SW,Water,,,Clayton,07060003,River/Stream,,42.94880662,-91.18632674
6,15220004,Sny Magill Creek Site #1 (SN01),08/11/1998 13:15:00,SNY319,NIT-AMM,Ammonia-nitrogen (as N),Total,,0.1,mg/l,False,0.1,,,Unknown,SNY001,Actual,SW,Water,,,Clayton,07060003,River/Stream,,42.94880662,-91.18632674
6,15220004,Sny Magill Creek Site #1 (SN01),09/01/1998 13:05:00,SNY319,NIT-AMM,Ammonia-nitrogen (as N),Total,,0.1,mg/l,False,0.1,,,Unknown,SNY001,Actual,SW,Water,,,Clayton,07060003,River/Stream,,42.94880662,-91.18632674
6,15220004,Sny Magill Creek Site #1 (SN01),09/08/1998 15:10:00,SNY319,NIT-AMM,Ammonia-nitrogen (as N),Total,,0.1,mg/l,False,0.1,,,Unknown,SNY001,Actual,SW,Water,,,Clayton,07060003,River/Stream,,42.94880662,-91.18632674
6,15220004,Sny Magill Creek Site #1 (SN01),09/15/1998 12:30:00,SNY319,NIT-AMM,Ammonia-nitrogen (as N),Total,,0.1,mg/l,True,0.1,,,Unknown,SNY001,Actual,SW,Water,,,Clayton,07060003,River/Stream,,42.94880662,-91.18632674
6,15220005,Sny Magill Creek Site #2 (SN02),01/27/1998 13:45:00,SNY319,NIT-AMM,Ammonia-nitrogen (as N),Total,,0.1,mg/l,False,0.1,,,Unknown,SNY001,Actual,SW,Water,,,Clayton,07060003,River/Stream,,42.96808222,-91.22331192
6,15220005,Sny Magill Creek Site #2 (SN02),02/24/1998 13:35:00,SNY319,NIT-AMM,Ammonia-nitrogen (as N),Total,,0.1,mg/l,False,0.1,,,Unknown,SNY001,Actual,SW,Water,,,Clayton,07060003,River/Stream,,42.96808222,-91.22331192
6,15220005,Sny Magill Creek Site #2 (SN02),03/31/1998 14:15:00,SNY319,NIT-AMM,Ammonia-nitrogen (as N),Total,,0.2,mg/l,True,0.1,,,Unknown,SNY001,Actual,SW,Water,,,Clayton,07060003,River/Stream,,42.96808222,-91.22331192
6,15220005,Sny Magill Creek Site #2 (SN02),07/28/1998 14:00:00,SNY319,NIT-AMM,Ammonia-nitrogen (as N),Total,,0.1,mg/l,False,0.1,,,Unknown,SNY001,Actual,SW,Water,,,Clayton,07060003,River/Stream,,42.96808222,-91.22331192
6,15220005,Sny Magill Creek Site #2 (SN02),08/25/1998 13:30:00,SNY319,NIT-AMM,Ammonia-nitrogen (as N),Total,,0.1,mg/l,False,0.1,,,Unknown,SNY001,Actual,SW,Water,,,Clayton,07060003,River/Stream,,42.96808222,-91.22331192
6,15220005,Sny Magill Creek Site #2 (SN02),09/29/1998 13:45:00,SNY319,NIT-AMM,Ammonia-nitrogen (as N),Total,,0.1,mg/l,False,0.1,,,Unknown,SNY001,Actual,SW,Water,,,Clayton,07060003,River/Stream,,42.96808222,-91.22331192
6,15220006,Sny Magill Creek Site #3 (SN03),01/06/1998 11:30:00,SNY319,NIT-AMM,Ammonia-nitrogen (as N),Total,,0.1,mg/l,False,0.1,,,Unknown,SNY001,Actual,SW,Water,,,Clayton,07060003,River/Stream,,42.98149721,-91.24097377
6,15220006,Sny Magill Creek Site #3 (SN03),02/03/1998 12:35:00,SNY319,NIT-AMM,Ammonia-nitrogen (as N),Total,,0.1,mg/l,False,0.1,,,Unknown,SNY001,Actual,SW,Water,,,Clayton,07060003,River/Stream,,42.98149721,-91.24097377
6,15220006,Sny Magill Creek Site #3 (SN03),02/09/1998 13:05:00,SNY319,NIT-AMM,Ammonia-nitrogen (as N),Total,,0.1,mg/l,False,0.1,,,Unknown,SNY001,Actual,SW,Water,,,Clayton,07060003,River/Stream,,42.98149721,-91.24097377
6,15220006,Sny Magill Creek Site #3 (SN03),02/17/1998 11:30:00,SNY319,NIT-AMM,Ammonia-nitrogen (as N),Total,,0.1,mg/l,False,0.1,,,Unknown,SNY001,Actual,SW,Water,,,Clayton,07060003,River/Stream,,42.98149721,-91.24097377
6,15220006,Sny Magill Creek Site #3 (SN03),03/17/1998 13:45:00,SNY319,NIT-AMM,Ammonia-nitrogen (as N),Total,,0.1,mg/l,False,0.1,,,Unknown,SNY001,Actual,SW,Water,,,Clayton,07060003,River/Stream,,42.98149721,-91.24097377
6,15220006,Sny Magill Creek Site #3 (SN03),03/24/1998 13:05:00,SNY319,NIT-AMM,Ammonia-nitrogen (as N),Total,,0.1,mg/l,False,0.1,,,Unknown,SNY001,Actual,SW,Water,,,Clayton,07060003,River/Stream,,42.98149721,-91.24097377
6,15220006,Sny Magill Creek Site #3 (SN03),03/31/1998 14:30:00,SNY319,NIT-AMM,Ammonia-nitrogen (as N),Total,,0.1,mg/l,True,0.1,,,Unknown,SNY001,Actual,SW,Water,,,Clayton,07060003,River/Stream,,42.98149721,-91.24097377
6,15220006,Sny Magill Creek Site #3 (SN03),04/28/1998 15:30:00,SNY319,NIT-AMM,Ammonia-nitrogen (as N),Total,,0.1,mg/l,False,0.1,,,Unknown,SNY001,Actual,SW,Water,,,Clayton,07060003,River/Stream,,42.98149721,-91.24097377
6,15220006,Sny Magill Creek Site #3 (SN03),05/05/1998 14:50:00,SNY319,NIT-AMM,Ammonia-nitrogen (as N),Total,,0.1,mg/l,False,0.1,,,Unknown,SNY001,Actual,SW,Water,,,Clayton,07060003,River/Stream,,42.98149721,-91.24097377
6,15220006,Sny Magill Creek Site #3 (SN03),05/12/1998 13:30:00,SNY319,NIT-AMM,Ammonia-nitrogen (as N),Total,,0.1,mg/l,False,0.1,,,Unknown,SNY001,Actual,SW,Water,,,Clayton,07060003,River/Stream,,42.98149721,-91.24097377
6,15220006,Sny Magill Creek Site #3 (SN03),05/19/1998 12:55:00,SNY319,NIT-AMM,Ammonia-nitrogen (as N),Total,,0.1,mg/l,False,0.1,,,Unknown,SNY001,Actual,SW,Water,,,Clayton,07060003,River/Stream,,42.98149721,-91.24097377
6,15220006,Sny Magill Creek Site #3 (SN03),06/16/1998 13:25:00,SNY319,NIT-AMM,Ammonia-nitrogen (as N),Total,,0.1,mg/l,False,0.1,,,Unknown,SNY001,Actual,SW,Water,,,Clayton,07060003,River/Stream,,42.98149721,-91.24097377
6,15220006,Sny Magill Creek Site #3 (SN03),06/23/1998 13:00:00,SNY319,NIT-AMM,Ammonia-nitrogen (as N),Total,,0.1,mg/l,False,0.1,,,Unknown,SNY001,Actual,SW,Water,,,Clayton,07060003,River/Stream,,42.98149721,-91.24097377
6,15220006,Sny Magill Creek Site #3 (SN03),06/30/1998 14:40:00,SNY319,NIT-AMM,Ammonia-nitrogen (as N),Total,,0.1,mg/l,False,0.1,,,Unknown,SNY001,Actual,SW,Water,,,Clayton,07060003,River/Stream,,42.98149721,-91.24097377
6,15220006,Sny Magill Creek Site #3 (SN03),07/28/1998 14:15:00,SNY319,NIT-AMM,Ammonia-nitrogen (as N),Total,,0.1,mg/l,False,0.1,,,Unknown,SNY001,Actual,SW,Water,,,Clayton,07060003,River/Stream,,42.98149721,-91.24097377
6,15220006,Sny Magill Creek Site #3 (SN03),08/04/1998 13:10:00,SNY319,NIT-AMM,Ammonia-nitrogen (as N),Total,,0.1,mg/l,False,0.1,,,Unknown,SNY001,Actual,SW,Water,,,Clayton,07060003,River/Stream,,42.98149721,-91.24097377
6,15220006,Sny Magill Creek Site #3 (SN03),08/11/1998 14:10:00,SNY319,NIT-AMM,Ammonia-nitrogen (as N),Total,,0.1,mg/l,False,0.1,,,Unknown,SNY001,Actual,SW,Water,,,Clayton,07060003,River/Stream,,42.98149721,-91.24097377
6,15220006,Sny Magill Creek Site #3 (SN03),08/18/1998 13:10:00,SNY319,NIT-AMM,Ammonia-nitrogen (as N),Total,,0.1,mg/l,False,0.1,,,Unknown,SNY001,Actual,SW,Water,,,Clayton,07060003,River/Stream,,42.98149721,-91.24097377
6,15220006,Sny Magill Creek Site #3 (SN03),09/15/1998 13:05:00,SNY319,NIT-AMM,Ammonia-nitrogen (as N),Total,,0.1,mg/l,False,0.1,,,Unknown,SNY001,Actual,SW,Water,,,Clayton,07060003,River/Stream,,42.98149721,-91.24097377
6,15220006,Sny Magill Creek Site #3 (SN03),09/22/1998 13:15:00,SNY319,NIT-AMM,Ammonia-nitrogen (as N),Total,,0.1,mg/l,False,0.1,,,Unknown,SNY001,Actual,SW,Water,,,Clayton,07060003,River/Stream,,42.98149721,-91.24097377
6,15220006,Sny Magill Creek Site #3 (SN03),09/29/1998 14:00:00,SNY319,NIT-AMM,Ammonia-nitrogen (as N),Total,,0.1,mg/l,False,0.1,,,Unknown,SNY001,Actual,SW,Water,,,Clayton,07060003,River/Stream,,42.98149721,-91.24097377
6,15220007,Sny Magill North Tributary (SNT),04/28/1998 13:15:00,SNY319,NIT-AMM,Ammonia-nitrogen (as N),Total,,0.1,mg/l,False,0.1,,,Unknown,SNY001,Actual,SW,Water,,,Clayton,07060003,River/Stream,,42.96850981,-91.22439501
6,15220007,Sny Magill North Tributary (SNT),05/26/1998 13:20:00,SNY319,NIT-AMM,Ammonia-nitrogen (as N),Total,,0.1,mg/l,False,0.1,,,Unknown,SNY001,Actual,SW,Water,,,Clayton,07060003,River/Stream,,42.96850981,-91.22439501
6,15220007,Sny Magill North Tributary (SNT),06/30/1998 14:35:00,SNY319,NIT-AMM,Ammonia-nitrogen (as N),Total,,0.3,mg/l,True,0.1,,,Unknown,SNY001,Actual,SW,Water,,,Clayton,07060003,River/Stream,,42.96850981,-91.22439501
6,15220007,Sny Magill North Tributary (SNT),07/28/1998 14:05:00,SNY319,NIT-AMM,Ammonia-nitrogen (as N),Total,,0.1,mg/l,False,0.1,,,Unknown,SNY001,Actual,SW,Water,,,Clayton,07060003,River/Stream,,42.96850981,-91.22439501
6,15220008,West Fork Sny Magill Creek  (SNWF),01/13/1998 12:55:00,SNY319,NIT-AMM,Ammonia-nitrogen (as N),Total,,0.1,mg/l,False,0.1,,,Unknown,SNY001,Actual,SW,Water,,,Clayton,07060003,River/Stream,,42.97628121,-91.23730654
6,15220008,West Fork Sny Magill Creek  (SNWF),01/20/1998 11:00:00,SNY319,NIT-AMM,Ammonia-nitrogen (as N),Total,,0.1,mg/l,False,0.1,,,Unknown,SNY001,Actual,SW,Water,,,Clayton,07060003,River/Stream,,42.97628121,-91.23730654
6,15220008,West Fork Sny Magill Creek  (SNWF),01/27/1998 14:05:00,SNY319,NIT-AMM,Ammonia-nitrogen (as N),Total,,0.1,mg/l,False,0.1,,,Unknown,SNY001,Actual,SW,Water,,,Clayton,07060003,River/Stream,,42.97628121,-91.23730654
6,15220008,West Fork Sny Magill Creek  (SNWF),02/24/1998 14:00:00,SNY319,NIT-AMM,Ammonia-nitrogen (as N),Total,,0.1,mg/l,False,0.1,,,Unknown,SNY001,Actual,SW,Water,,,Clayton,07060003,River/Stream,,42.97628121,-91.23730654
6,15220008,West Fork Sny Magill Creek  (SNWF),03/03/1998 14:45:00,SNY319,NIT-AMM,Ammonia-nitrogen (as N),Total,,0.1,mg/l,False,0.1,,,Unknown,SNY001,Actual,SW,Water,,,Clayton,07060003,River/Stream,,42.97628121,-91.23730654
6,15220008,West Fork Sny Magill Creek  (SNWF),03/10/1998 14:05:00,SNY319,NIT-AMM,Ammonia-nitrogen (as N),Total,,0.1,mg/l,False,0.1,,,Unknown,SNY001,Actual,SW,Water,,,Clayton,07060003,River/Stream,,42.97628121,-91.23730654
6,15220008,West Fork Sny Magill Creek  (SNWF),03/17/1998 13:55:00,SNY319,NIT-AMM,Ammonia-nitrogen (as N),Total,,0.1,mg/l,False,0.1,,,Unknown,SNY001,Actual,SW,Water,,,Clayton,07060003,River/Stream,,42.97628121,-91.23730654
6,15220008,West Fork Sny Magill Creek  (SNWF),04/14/1998 13:45:00,SNY319,NIT-AMM,Ammonia-nitrogen (as N),Total,,0.1,mg/l,False,0.1,,,Unknown,SNY001,Actual,SW,Water,,,Clayton,07060003,River/Stream,,42.97628121,-91.23730654
6,15220008,West Fork Sny Magill Creek  (SNWF),04/21/1998 13:50:00,SNY319,NIT-AMM,Ammonia-nitrogen (as N),Total,,0.1,mg/l,False,0.1,,,Unknown,SNY001,Actual,SW,Water,,,Clayton,07060003,River/Stream,,42.97628121,-91.23730654
6,15220008,West Fork Sny Magill Creek  (SNWF),04/28/1998 15:35:00,SNY319,NIT-AMM,Ammonia-nitrogen (as N),Total,,0.1,mg/l,False,0.1,,,Unknown,SNY001,Actual,SW,Water,,,Clayton,07060003,River/Stream,,42.97628121,-91.23730654
6,15220008,West Fork Sny Magill Creek  (SNWF),05/26/1998 13:35:00,SNY319,NIT-AMM,Ammonia-nitrogen (as N),Total,,0.1,mg/l,False,0.1,,,Unknown,SNY001,Actual,SW,Water,,,Clayton,07060003,River/Stream,,42.97628121,-91.23730654
6,15220008,West Fork Sny Magill Creek  (SNWF),06/02/1998 14:35:00,SNY319,NIT-AMM,Ammonia-nitrogen (as N),Total,,0.1,mg/l,False,0.1,,,Unknown,SNY001,Actual,SW,Water,,,Clayton,07060003,River/Stream,,42.97628121,-91.23730654
6,15220008,West Fork Sny Magill Creek  (SNWF),06/09/1998 13:45:00,SNY319,NIT-AMM,Ammonia-nitrogen (as N),Total,,0.1,mg/l,False,0.1,,,Unknown,SNY001,Actual,SW,Water,,,Clayton,07060003,River/Stream,,42.97628121,-91.23730654
6,15220008,West Fork Sny Magill Creek  (SNWF),07/07/1998 14:05:00,SNY319,NIT-AMM,Ammonia-nitrogen (as N),Total,,0.1,mg/l,False,0.1,,,Unknown,SNY001,Actual,SW,Water,,,Clayton,07060003,River/Stream,,42.97628121,-91.23730654
6,15220008,West Fork Sny Magill Creek  (SNWF),07/14/1998 13:45:00,SNY319,NIT-AMM,Ammonia-nitrogen (as N),Total,,0.1,mg/l,False,0.1,,,Unknown,SNY001,Actual,SW,Water,,,Clayton,07060003,River/Stream,,42.97628121,-91.23730654
6,15220008,West Fork Sny Magill Creek  (SNWF),07/21/1998 13:40:00,SNY319,NIT-AMM,Ammonia-nitrogen (as N),Total,,0.1,mg/l,False,0.1,,,Unknown,SNY001,Actual,SW,Water,,,Clayton,07060003,River/Stream,,42.97628121,-91.23730654
6,15220008,West Fork Sny Magill Creek  (SNWF),07/28/1998 14:25:00,SNY319,NIT-AMM,Ammonia-nitrogen (as N),Total,,0.1,mg/l,False,0.1,,,Unknown,SNY001,Actual,SW,Water,,,Clayton,07060003,River/Stream,,42.97628121,-91.23730654
6,15220008,West Fork Sny Magill Creek  (SNWF),08/25/1998 14:00:00,SNY319,NIT-AMM,Ammonia-nitrogen (as N),Total,,0.1,mg/l,False,0.1,,,Unknown,SNY001,Actual,SW,Water,,,Clayton,07060003,River/Stream,,42.97628121,-91.23730654
6,15220008,West Fork Sny Magill Creek  (SNWF),09/01/1998 13:45:00,SNY319,NIT-AMM,Ammonia-nitrogen (as N),Total,,0.1,mg/l,False,0.1,,,Unknown,SNY001,Actual,SW,Water,,,Clayton,07060003,River/Stream,,42.97628121,-91.23730654
6,15220008,West Fork Sny Magill Creek  (SNWF),09/08/1998 15:45:00,SNY319,NIT-AMM,Ammonia-nitrogen (as N),Total,,0.1,mg/l,False,0.1,,,Unknown,SNY001,Actual,SW,Water,,,Clayton,07060003,River/Stream,,42.97628121,-91.23730654
6,15220004,Sny Magill Creek Site #1 (SN01),10/06/1998 12:40:00,SNY319,NIT-AMM,Ammonia-nitrogen (as N),Total,,0.1,mg/l,False,0.1,,,Unknown,SNY001,Actual,SW,Water,,,Clayton,07060003,River/Stream,,42.94880662,-91.18632674
6,15220004,Sny Magill Creek Site #1 (SN01),10/27/1998 12:55:00,SNY319,NIT-AMM,Ammonia-nitrogen (as N),Total,,0.1,mg/l,False,0.1,,,Unknown,SNY001,Actual,SW,Water,,,Clayton,07060003,River/Stream,,42.94880662,-91.18632674
6,15220004,Sny Magill Creek Site #1 (SN01),11/03/1998 13:00:00,SNY319,NIT-AMM,Ammonia-nitrogen (as N),Total,,0.1,mg/l,False,0.1,,,Unknown,SNY001,Actual,SW,Water,,,Clayton,07060003,River/Stream,,42.94880662,-91.18632674
6,15220004,Sny Magill Creek Site #1 (SN01),11/10/1998 13:20:00,SNY319,NIT-AMM,Ammonia-nitrogen (as N),Total,,0.1,mg/l,False,0.1,,,Unknown,SNY001,Actual,SW,Water,,,Clayton,07060003,River/Stream,,42.94880662,-91.18632674
6,15220004,Sny Magill Creek Site #1 (SN01),12/08/1998 12:15:00,SNY319,NIT-AMM,Ammonia-nitrogen (as N),Total,,0.1,mg/l,False,0.1,,,Unknown,SNY001,Actual,SW,Water,,,Clayton,07060003,River/Stream,,42.94880662,-91.18632674
6,15220004,Sny Magill Creek Site #1 (SN01),12/15/1998 12:35:00,SNY319,NIT-AMM,Ammonia-nitrogen (as N),Total,,0.1,mg/l,False,0.1,,,Unknown,SNY001,Actual,SW,Water,,,Clayton,07060003,River/Stream,,42.94880662,-91.18632674
6,15220004,Sny Magill Creek Site #1 (SN01),12/22/1998 12:00:00,SNY319,NIT-AMM,Ammonia-nitrogen (as N),Total,,0.1,mg/l,False,0.1,,,Unknown,SNY001,Actual,SW,Water,,,Clayton,07060003,River/Stream,,42.94880662,-91.18632674
6,15220004,Sny Magill Creek Site #1 (SN01),01/26/1999 13:00:00,SNY319,NIT-AMM,Ammonia-nitrogen (as N),Total,,0.1,mg/l,False,0.1,,,Unknown,SNY001,Actual,SW,Water,,,Clayton,07060003,River/Stream,,42.94880662,-91.18632674
6,15220004,Sny Magill Creek Site #1 (SN01),02/02/1999 12:35:00,SNY319,NIT-AMM,Ammonia-nitrogen (as N),Total,,0.1,mg/l,False,0.1,,,Unknown,SNY001,Actual,SW,Water,,,Clayton,07060003,River/Stream,,42.94880662,-91.18632674
6,15220004,Sny Magill Creek Site #1 (SN01),02/09/1999 12:20:00,SNY319,NIT-AMM,Ammonia-nitrogen (as N),Total,,0.2,mg/l,True,0.1,,,Unknown,SNY001,Actual,SW,Water,,,Clayton,07060003,River/Stream,,42.94880662,-91.18632674
6,15220004,Sny Magill Creek Site #1 (SN01),03/02/1999 12:05:00,SNY319,NIT-AMM,Ammonia-nitrogen (as N),Total,,0.1,mg/l,False,0.1,,,Unknown,SNY001,Actual,SW,Water,,,Clayton,07060003,River/Stream,,42.94880662,-91.18632674
6,15220004,Sny Magill Creek Site #1 (SN01),03/09/1999 12:50:00,SNY319,NIT-AMM,Ammonia-nitrogen (as N),Total,,0.1,mg/l,False,0.1,,,Unknown,SNY001,Actual,SW,Water,,,Clayton,07060003,River/Stream,,42.94880662,-91.18632674
6,15220004,Sny Magill Creek Site #1 (SN01),03/16/1999 11:50:00,SNY319,NIT-AMM,Ammonia-nitrogen (as N),Total,,0.1,mg/l,False,0.1,,,Unknown,SNY001,Actual,SW,Water,,,Clayton,07060003,River/Stream,,42.94880662,-91.18632674
6,15220004,Sny Magill Creek Site #1 (SN01),04/13/1999 12:25:00,SNY319,NIT-AMM,Ammonia-nitrogen (as N),Total,,0.1,mg/l,False,0.1,,,Unknown,SNY001,Actual,SW,Water,,,Clayton,07060003,River/Stream,,42.94880662,-91.18632674
6,15220004,Sny Magill Creek Site #1 (SN01),04/20/1999 11:10:00,SNY319,NIT-AMM,Ammonia-nitrogen (as N),Total,,0.1,mg/l,False,0.1,,,Unknown,SNY001,Actual,SW,Water,,,Clayton,07060003,River/Stream,,42.94880662,-91.18632674
6,15220004,Sny Magill Creek Site #1 (SN01),04/27/1999 13:05:00,SNY319,NIT-AMM,Ammonia-nitrogen (as N),Total,,0.1,mg/l,False,0.1,,,Unknown,SNY001,Actual,SW,Water,,,Clayton,07060003,River/Stream,,42.94880662,-91.18632674
6,15220004,Sny Magill Creek Site #1 (SN01),05/18/1999 12:00:00,SNY319,NIT-AMM,Ammonia-nitrogen (as N),Total,,0.1,mg/l,True,0.1,,,Unknown,SNY001,Actual,SW,Water,,,Clayton,07060003,River/Stream,,42.94880662,-91.18632674
6,15220004,Sny Magill Creek Site #1 (SN01),06/01/1999 12:25:00,SNY319,NIT-AMM,Ammonia-nitrogen (as N),Total,,0.1,mg/l,False,0.1,,,Unknown,SNY001,Actual,SW,Water,,,Clayton,07060003,River/Stream,,42.94880662,-91.18632674
6,15220004,Sny Magill Creek Site #1 (SN01),06/29/1999 13:20:00,SNY319,NIT-AMM,Ammonia-nitrogen (as N),Total,,0.1,mg/l,False,0.1,,,Unknown,SNY001,Actual,SW,Water,,,Clayton,07060003,River/Stream,,42.94880662,-91.18632674
6,15220004,Sny Magill Creek Site #1 (SN01),07/06/1999 13:00:00,SNY319,NIT-AMM,Ammonia-nitrogen (as N),Total,,0.1,mg/l,False,0.1,,,Unknown,SNY001,Actual,SW,Water,,,Clayton,07060003,River/Stream,,42.94880662,-91.18632674
6,15220004,Sny Magill Creek Site #1 (SN01),07/20/1999 12:15:00,SNY319,NIT-AMM,Ammonia-nitrogen (as N),Total,,0.1,mg/l,False,0.1,,,Unknown,SNY001,Actual,SW,Water,,,Clayton,07060003,River/Stream,,42.94880662,-91.18632674
6,15220004,Sny Magill Creek Site #1 (SN01),05/25/1999 13:15:00,SNY319,NIT-AMM,Ammonia-nitrogen (as N),Total,,0.1,mg/l,False,0.1,,,Unknown,SNY001,Actual,SW,Water,,,Clayton,07060003,River/Stream,,42.94880662,-91.18632674
6,15220004,Sny Magill Creek Site #1 (SN01),08/17/1999 12:05:00,SNY319,NIT-AMM,Ammonia-nitrogen (as N),Total,,0.1,mg/l,False,0.1,,,Unknown,SNY001,Actual,SW,Water,,,Clayton,07060003,River/Stream,,42.94880662,-91.18632674
6,15220004,Sny Magill Creek Site #1 (SN01),08/24/1999 12:05:00,SNY319,NIT-AMM,Ammonia-nitrogen (as N),Total,,0.1,mg/l,False,0.1,,,Unknown,SNY001,Actual,SW,Water,,,Clayton,07060003,River/Stream,,42.94880662,-91.18632674
6,15220004,Sny Magill Creek Site #1 (SN01),08/31/1999 13:45:00,SNY319,NIT-AMM,Ammonia-nitrogen (as N),Total,,0.1,mg/l,False,0.1,,,Unknown,SNY001,Actual,SW,Water,,,Clayton,07060003,River/Stream,,42.94880662,-91.18632674
6,15220004,Sny Magill Creek Site #1 (SN01),09/28/1999 12:50:00,SNY319,NIT-AMM,Ammonia-nitrogen (as N),Total,,0.1,mg/l,False,0.1,,,Unknown,SNY001,Actual,SW,Water,,,Clayton,07060003,River/Stream,,42.94880662,-91.18632674
6,15220005,Sny Magill Creek Site #2 (SN02),10/27/1998 13:25:00,SNY319,NIT-AMM,Ammonia-nitrogen (as N),Total,,0.1,mg/l,False,0.1,,,Unknown,SNY001,Actual,SW,Water,,,Clayton,07060003,River/Stream,,42.96808222,-91.22331192
6,15220005,Sny Magill Creek Site #2 (SN02),11/24/1998 12:45:00,SNY319,NIT-AMM,Ammonia-nitrogen (as N),Total,,0.1,mg/l,False,0.1,,,Unknown,SNY001,Actual,SW,Water,,,Clayton,07060003,River/Stream,,42.96808222,-91.22331192
6,15220005,Sny Magill Creek Site #2 (SN02),12/29/1998 15:25:00,SNY319,NIT-AMM,Ammonia-nitrogen (as N),Total,,0.1,mg/l,False,0.1,,,Unknown,SNY001,Actual,SW,Water,,,Clayton,07060003,River/Stream,,42.96808222,-91.22331192
6,15220006,Sny Magill Creek Site #3 (SN03),10/06/1998 13:15:00,SNY319,NIT-AMM,Ammonia-nitrogen (as N),Total,,0.1,mg/l,False,0.1,,,Unknown,SNY001,Actual,SW,Water,,,Clayton,07060003,River/Stream,,42.98149721,-91.24097377
6,15220006,Sny Magill Creek Site #3 (SN03),10/13/1998 12:35:00,SNY319,NIT-AMM,Ammonia-nitrogen (as N),Total,,0.1,mg/l,False,0.1,,,Unknown,SNY001,Actual,SW,Water,,,Clayton,07060003,River/Stream,,42.98149721,-91.24097377
6,15220006,Sny Magill Creek Site #3 (SN03),10/20/1998 13:20:00,SNY319,NIT-AMM,Ammonia-nitrogen (as N),Total,,0.1,mg/l,False,0.1,,,Unknown,SNY001,Actual,SW,Water,,,Clayton,07060003,River/Stream,,42.98149721,-91.24097377
6,15220006,Sny Magill Creek Site #3 (SN03),12/08/1998 12:50:00,SNY319,NIT-AMM,Ammonia-nitrogen (as N),Total,,0.1,mg/l,False,0.1,,,Unknown,SNY001,Actual,SW,Water,,,Clayton,07060003,River/Stream,,42.98149721,-91.24097377
6,15220006,Sny Magill Creek Site #3 (SN03),12/15/1998 13:15:00,SNY319,NIT-AMM,Ammonia-nitrogen (as N),Total,,0.1,mg/l,False,0.1,,,Unknown,SNY001,Actual,SW,Water,,,Clayton,07060003,River/Stream,,42.98149721,-91.24097377
6,15220006,Sny Magill Creek Site #3 (SN03),12/22/1998 12:40:00,SNY319,NIT-AMM,Ammonia-nitrogen (as N),Total,,0.1,mg/l,False,0.1,,,Unknown,SNY001,Actual,SW,Water,,,Clayton,07060003,River/Stream,,42.98149721,-91.24097377
6,15220006,Sny Magill Creek Site #3 (SN03),12/29/1998 15:55:00,SNY319,NIT-AMM,Ammonia-nitrogen (as N),Total,,0.1,mg/l,False,0.1,,,Unknown,SNY001,Actual,SW,Water,,,Clayton,07060003,River/Stream,,42.98149721,-91.24097377
6,15220007,Sny Magill North Tributary (SNT),10/27/1998 13:35:00,SNY319,NIT-AMM,Ammonia-nitrogen (as N),Total,,0.1,mg/l,False,0.1,,,Unknown,SNY001,Actual,SW,Water,,,Clayton,07060003,River/Stream,,42.96850981,-91.22439501
6,15220007,Sny Magill North Tributary (SNT),11/24/1998 12:55:00,SNY319,NIT-AMM,Ammonia-nitrogen (as N),Total,,0.1,mg/l,False,0.1,,,Unknown,SNY001,Actual,SW,Water,,,Clayton,07060003,River/Stream,,42.96850981,-91.22439501
6,15220008,West Fork Sny Magill Creek  (SNWF),11/10/1998 14:00:00,SNY319,NIT-AMM,Ammonia-nitrogen (as N),Total,,0.1,mg/l,True,0.1,,,Unknown,SNY001,Actual,SW,Water,,,Clayton,07060003,River/Stream,,42.97628121,-91.23730654
6,15220008,West Fork Sny Magill Creek  (SNWF),11/17/1998 14:00:00,SNY319,NIT-AMM,Ammonia-nitrogen (as N),Total,,0.1,mg/l,False,0.1,,,Unknown,SNY001,Actual,SW,Water,,,Clayton,07060003,River/Stream,,42.97628121,-91.23730654
6,15220008,West Fork Sny Magill Creek  (SNWF),11/24/1998 13:15:00,SNY319,NIT-AMM,Ammonia-nitrogen (as N),Total,,0.1,mg/l,False,0.1,,,Unknown,SNY001,Actual,SW,Water,,,Clayton,07060003,River/Stream,,42.97628121,-91.23730654
6,15220008,West Fork Sny Magill Creek  (SNWF),12/01/1998 14:25:00,SNY319,NIT-AMM,Ammonia-nitrogen (as N),Total,,0.1,mg/l,False,0.1,,,Unknown,SNY001,Actual,SW,Water,,,Clayton,07060003,River/Stream,,42.97628121,-91.23730654
6,15220008,West Fork Sny Magill Creek  (SNWF),12/08/1998 13:00:00,SNY319,NIT-AMM,Ammonia-nitrogen (as N),Total,,0.1,mg/l,False,0.1,,,Unknown,SNY001,Actual,SW,Water,,,Clayton,07060003,River/Stream,,42.97628121,-91.23730654
6,15220008,West Fork Sny Magill Creek  (SNWF),12/15/1998 13:25:00,SNY319,NIT-AMM,Ammonia-nitrogen (as N),Total,,0.1,mg/l,False,0.1,,,Unknown,SNY001,Actual,SW,Water,,,Clayton,07060003,River/Stream,,42.97628121,-91.23730654
6,15220005,Sny Magill Creek Site #2 (SN02),02/23/1999 13:30:00,SNY319,NIT-AMM,Ammonia-nitrogen (as N),Total,,0.1,mg/l,False,0.1,,,Unknown,SNY001,Actual,SW,Water,,,Clayton,07060003,River/Stream,,42.96808222,-91.22331192
6,15220005,Sny Magill Creek Site #2 (SN02),03/30/1999 13:55:00,SNY319,NIT-AMM,Ammonia-nitrogen (as N),Total,,0.1,mg/l,False,0.1,,,Unknown,SNY001,Actual,SW,Water,,,Clayton,07060003,River/Stream,,42.96808222,-91.22331192
6,15220005,Sny Magill Creek Site #2 (SN02),04/27/1999 13:40:00,SNY319,NIT-AMM,Ammonia-nitrogen (as N),Total,,0.1,mg/l,False,0.1,,,Unknown,SNY001,Actual,SW,Water,,,Clayton,07060003,River/Stream,,42.96808222,-91.22331192
6,15220005,Sny Magill Creek Site #2 (SN02),05/25/1999 13:55:00,SNY319,NIT-AMM,Ammonia-nitrogen (as N),Total,,0.1,mg/l,False,0.1,,,Unknown,SNY001,Actual,SW,Water,,,Clayton,07060003,River/Stream,,42.96808222,-91.22331192
6,15220005,Sny Magill Creek Site #2 (SN02),06/29/1999 14:00:00,SNY319,NIT-AMM,Ammonia-nitrogen (as N),Total,,0.1,mg/l,False,0.1,,,Unknown,SNY001,Actual,SW,Water,,,Clayton,07060003,River/Stream,,42.96808222,-91.22331192
6,15220005,Sny Magill Creek Site #2 (SN02),07/27/1999 14:20:00,SNY319,NIT-AMM,Ammonia-nitrogen (as N),Total,,0.1,mg/l,False,0.1,,,Unknown,SNY001,Actual,SW,Water,,,Clayton,07060003,River/Stream,,42.96808222,-91.22331192
6,15220006,Sny Magill Creek Site #3 (SN03),02/09/1999 12:50:00,SNY319,NIT-AMM,Ammonia-nitrogen (as N),Total,,0.1,mg/l,True,0.1,,,Unknown,SNY001,Actual,SW,Water,,,Clayton,07060003,River/Stream,,42.98149721,-91.24097377
6,15220006,Sny Magill Creek Site #3 (SN03),02/16/1999 12:20:00,SNY319,NIT-AMM,Ammonia-nitrogen (as N),Total,,0.1,mg/l,False,0.1,,,Unknown,SNY001,Actual,SW,Water,,,Clayton,07060003,River/Stream,,42.98149721,-91.24097377
6,15220006,Sny Magill Creek Site #3 (SN03),02/23/1999 13:50:00,SNY319,NIT-AMM,Ammonia-nitrogen (as N),Total,,0.1,mg/l,False,0.1,,,Unknown,SNY001,Actual,SW,Water,,,Clayton,07060003,River/Stream,,42.98149721,-91.24097377
6,15220006,Sny Magill Creek Site #3 (SN03),03/02/1999 12:40:00,SNY319,NIT-AMM,Ammonia-nitrogen (as N),Total,,0.1,mg/l,False,0.1,,,Unknown,SNY001,Actual,SW,Water,,,Clayton,07060003,River/Stream,,42.98149721,-91.24097377
6,15220006,Sny Magill Creek Site #3 (SN03),03/09/1999 13:20:00,SNY319,NIT-AMM,Ammonia-nitrogen (as N),Total,,0.1,mg/l,False,0.1,,,Unknown,SNY001,Actual,SW,Water,,,Clayton,07060003,River/Stream,,42.98149721,-91.24097377
6,15220006,Sny Magill Creek Site #3 (SN03),04/27/1999 13:55:00,SNY319,NIT-AMM,Ammonia-nitrogen (as N),Total,,0.1,mg/l,False,0.1,,,Unknown,SNY001,Actual,SW,Water,,,Clayton,07060003,River/Stream,,42.98149721,-91.24097377
6,15220006,Sny Magill Creek Site #3 (SN03),05/04/1999 12:10:00,SNY319,NIT-AMM,Ammonia-nitrogen (as N),Total,,0.1,mg/l,False,0.1,,,Unknown,SNY001,Actual,SW,Water,,,Clayton,07060003,River/Stream,,42.98149721,-91.24097377
6,15220006,Sny Magill Creek Site #3 (SN03),05/11/1999 12:40:00,SNY319,NIT-AMM,Ammonia-nitrogen (as N),Total,,0.1,mg/l,False,0.1,,,Unknown,SNY001,Actual,SW,Water,,,Clayton,07060003,River/Stream,,42.98149721,-91.24097377
6,15220006,Sny Magill Creek Site #3 (SN03),05/18/1999 12:35:00,SNY319,NIT-AMM,Ammonia-nitrogen (as N),Total,,0.1,mg/l,True,0.1,,,Unknown,SNY001,Actual,SW,Water,,,Clayton,07060003,River/Stream,,42.98149721,-91.24097377
6,15220006,Sny Magill Creek Site #3 (SN03),05/25/1999 14:15:00,SNY319,NIT-AMM,Ammonia-nitrogen (as N),Total,,0.1,mg/l,False,0.1,,,Unknown,SNY001,Actual,SW,Water,,,Clayton,07060003,River/Stream,,42.98149721,-91.24097377
6,15220006,Sny Magill Creek Site #3 (SN03),07/20/1999 12:50:00,SNY319,NIT-AMM,Ammonia-nitrogen (as N),Total,,0.1,mg/l,False,0.1,,,Unknown,SNY001,Actual,SW,Water,,,Clayton,07060003,River/Stream,,42.98149721,-91.24097377
6,15220006,Sny Magill Creek Site #3 (SN03),07/27/1999 14:45:00,SNY319,NIT-AMM,Ammonia-nitrogen (as N),Total,,0.1,mg/l,False,0.1,,,Unknown,SNY001,Actual,SW,Water,,,Clayton,07060003,River/Stream,,42.98149721,-91.24097377
6,15220006,Sny Magill Creek Site #3 (SN03),08/03/1999 12:35:00,SNY319,NIT-AMM,Ammonia-nitrogen (as N),Total,,0.1,mg/l,False,0.1,,,Unknown,SNY001,Actual,SW,Water,,,Clayton,07060003,River/Stream,,42.98149721,-91.24097377
6,15220006,Sny Magill Creek Site #3 (SN03),08/10/1999 12:45:00,SNY319,NIT-AMM,Ammonia-nitrogen (as N),Total,,0.1,mg/l,False,0.1,,,Unknown,SNY001,Actual,SW,Water,,,Clayton,07060003,River/Stream,,42.98149721,-91.24097377
6,15220006,Sny Magill Creek Site #3 (SN03),08/17/1999 12:40:00,SNY319,NIT-AMM,Ammonia-nitrogen (as N),Total,,0.1,mg/l,False,0.1,,,Unknown,SNY001,Actual,SW,Water,,,Clayton,07060003,River/Stream,,42.98149721,-91.24097377
6,15220006,Sny Magill Creek Site #3 (SN03),08/24/1999 12:30:00,SNY319,NIT-AMM,Ammonia-nitrogen (as N),Total,,0.1,mg/l,False,0.1,,,Unknown,SNY001,Actual,SW,Water,,,Clayton,07060003,River/Stream,,42.98149721,-91.24097377
6,15220007,Sny Magill North Tributary (SNT),01/26/1999 13:40:00,SNY319,NIT-AMM,Ammonia-nitrogen (as N),Total,,0.1,mg/l,False,0.1,,,Unknown,SNY001,Actual,SW,Water,,,Clayton,07060003,River/Stream,,42.96850981,-91.22439501
6,15220007,Sny Magill North Tributary (SNT),02/23/1999 13:40:00,SNY319,NIT-AMM,Ammonia-nitrogen (as N),Total,,0.1,mg/l,False,0.1,,,Unknown,SNY001,Actual,SW,Water,,,Clayton,07060003,River/Stream,,42.96850981,-91.22439501
6,15220007,Sny Magill North Tributary (SNT),03/30/1999 14:05:00,SNY319,NIT-AMM,Ammonia-nitrogen (as N),Total,,0.1,mg/l,False,0.1,,,Unknown,SNY001,Actual,SW,Water,,,Clayton,07060003,River/Stream,,42.96850981,-91.22439501
6,15220007,Sny Magill North Tributary (SNT),04/27/1999 13:45:00,SNY319,NIT-AMM,Ammonia-nitrogen (as N),Total,,0.1,mg/l,False,0.1,,,Unknown,SNY001,Actual,SW,Water,,,Clayton,07060003,River/Stream,,42.96850981,-91.22439501
6,15220007,Sny Magill North Tributary (SNT),05/25/1999 14:05:00,SNY319,NIT-AMM,Ammonia-nitrogen (as N),Total,,0.1,mg/l,False,0.1,,,Unknown,SNY001,Actual,SW,Water,,,Clayton,07060003,River/Stream,,42.96850981,-91.22439501
6,15220007,Sny Magill North Tributary (SNT),06/29/1999 14:15:00,SNY319,NIT-AMM,Ammonia-nitrogen (as N),Total,,0.1,mg/l,False,0.1,,,Unknown,SNY001,Actual,SW,Water,,,Clayton,07060003,River/Stream,,42.96850981,-91.22439501
6,15220008,West Fork Sny Magill Creek  (SNWF),02/02/1999 13:20:00,SNY319,NIT-AMM,Ammonia-nitrogen (as N),Total,,0.1,mg/l,False,0.1,,,Unknown,SNY001,Actual,SW,Water,,,Clayton,07060003,River/Stream,,42.97628121,-91.23730654
6,15220008,West Fork Sny Magill Creek  (SNWF),02/09/1999 13:05:00,SNY319,NIT-AMM,Ammonia-nitrogen (as N),Total,,0.1,mg/l,False,0.1,,,Unknown,SNY001,Actual,SW,Water,,,Clayton,07060003,River/Stream,,42.97628121,-91.23730654
6,15220004,Sny Magill Creek Site #1 (SN01),10/05/1999 11:50:00,SNY319,NIT-AMM,Ammonia-nitrogen (as N),Total,,0.1,mg/l,False,0.1,,,Unknown,SNY001,Actual,SW,Water,,,Clayton,07060003,River/Stream,,42.94880662,-91.18632674
6,15220004,Sny Magill Creek Site #1 (SN01),10/26/1999 13:25:00,SNY319,NIT-AMM,Ammonia-nitrogen (as N),Total,,0.1,mg/l,False,0.1,,,Unknown,SNY001,Actual,SW,Water,,,Clayton,07060003,River/Stream,,42.94880662,-91.18632674
6,15220004,Sny Magill Creek Site #1 (SN01),11/23/1999 13:05:00,SNY319,NIT-AMM,Ammonia-nitrogen (as N),Total,,0.1,mg/l,False,0.1,,,Unknown,SNY001,Actual,SW,Water,,,Clayton,07060003,River/Stream,,42.94880662,-91.18632674
6,15220004,Sny Magill Creek Site #1 (SN01),11/30/1999 14:00:00,SNY319,NIT-AMM,Ammonia-nitrogen (as N),Total,,0.1,mg/l,False,0.1,,,Unknown,SNY001,Actual,SW,Water,,,Clayton,07060003,River/Stream,,42.94880662,-91.18632674
6,15220004,Sny Magill Creek Site #1 (SN01),12/21/1999 12:35:00,SNY319,NIT-AMM,Ammonia-nitrogen (as N),Total,,0.1,mg/l,False,0.1,,,Unknown,SNY001,Actual,SW,Water,,,Clayton,07060003,River/Stream,,42.94880662,-91.18632674
6,15220004,Sny Magill Creek Site #1 (SN01),12/28/1999 14:00:00,SNY319,NIT-AMM,Ammonia-nitrogen (as N),Total,,0.1,mg/l,False,0.1,,,Unknown,SNY001,Actual,SW,Water,,,Clayton,07060003,River/Stream,,42.94880662,-91.18632674
6,15220004,Sny Magill Creek Site #1 (SN01),11/02/1999 13:15:00,SNY319,NIT-AMM,Ammonia-nitrogen (as N),Total,,0.1,mg/l,False,0.1,,,Unknown,SNY001,Actual,SW,Water,,,Clayton,07060003,River/Stream,,42.94880662,-91.18632674
6,15220006,Sny Magill Creek Site #3 (SN03),10/05/1999 12:45:00,SNY319,NIT-AMM,Ammonia-nitrogen (as N),Total,,0.1,mg/l,False,0.1,,,Unknown,SNY001,Actual,SW,Water,,,Clayton,07060003,River/Stream,,42.98149721,-91.24097377
6,15220006,Sny Magill Creek Site #3 (SN03),10/12/1999 12:20:00,SNY319,NIT-AMM,Ammonia-nitrogen (as N),Total,,0.1,mg/l,False,0.1,,,Unknown,SNY001,Actual,SW,Water,,,Clayton,07060003,River/Stream,,42.98149721,-91.24097377
6,15220006,Sny Magill Creek Site #3 (SN03),10/19/1999 13:35:00,SNY319,NIT-AMM,Ammonia-nitrogen (as N),Total,,0.1,mg/l,False,0.1,,,Unknown,SNY001,Actual,SW,Water,,,Clayton,07060003,River/Stream,,42.98149721,-91.24097377
6,15220006,Sny Magill Creek Site #3 (SN03),11/23/1999 13:40:00,SNY319,NIT-AMM,Ammonia-nitrogen (as N),Total,,0.1,mg/l,False,0.1,,,Unknown,SNY001,Actual,SW,Water,,,Clayton,07060003,River/Stream,,42.98149721,-91.24097377
6,15220006,Sny Magill Creek Site #3 (SN03),11/30/1999 14:40:00,SNY319,NIT-AMM,Ammonia-nitrogen (as N),Total,,0.1,mg/l,False,0.1,,,Unknown,SNY001,Actual,SW,Water,,,Clayton,07060003,River/Stream,,42.98149721,-91.24097377
6,15220006,Sny Magill Creek Site #3 (SN03),12/07/1999 13:45:00,SNY319,NIT-AMM,Ammonia-nitrogen (as N),Total,,0.1,mg/l,False,0.1,,,Unknown,SNY001,Actual,SW,Water,,,Clayton,07060003,River/Stream,,42.98149721,-91.24097377
6,15220007,Sny Magill North Tributary (SNT),10/26/1999 14:00:00,SNY319,NIT-AMM,Ammonia-nitrogen (as N),Total,,0.1,mg/l,False,0.1,,,Unknown,SNY001,Actual,SW,Water,,,Clayton,07060003,River/Stream,,42.96850981,-91.22439501
6,15220007,Sny Magill North Tributary (SNT),12/28/1999 14:35:00,SNY319,NIT-AMM,Ammonia-nitrogen (as N),Total,,0.1,mg/l,False,0.1,,,Unknown,SNY001,Actual,SW,Water,,,Clayton,07060003,River/Stream,,42.96850981,-91.22439501
6,15220004,Sny Magill Creek Site #1 (SN01),01/18/2000 13:00:00,SNY319,NIT-AMM,Ammonia-nitrogen (as N),Total,,0.1,mg/l,False,0.1,,,Unknown,SNY001,Actual,SW,Water,,,Clayton,07060003,River/Stream,,42.94880662,-91.18632674
6,15220007,Sny Magill North Tributary (SNT),11/30/1999 14:30:00,SNY319,NIT-AMM,Ammonia-nitrogen (as N),Total,,0.1,mg/l,False,0.1,,,Unknown,SNY001,Actual,SW,Water,,,Clayton,07060003,River/Stream,,42.96850981,-91.22439501
6,15220004,Sny Magill Creek Site #1 (SN01),01/25/2000 13:45:00,SNY319,NIT-AMM,Ammonia-nitrogen (as N),Total,,0.1,mg/l,False,0.1,,,Unknown,SNY001,Actual,SW,Water,,,Clayton,07060003,River/Stream,,42.94880662,-91.18632674
6,15220004,Sny Magill Creek Site #1 (SN01),02/15/2000 13:10:00,SNY319,NIT-AMM,Ammonia-nitrogen (as N),Total,,0.1,mg/l,False,0.1,,,Unknown,SNY001,Actual,SW,Water,,,Clayton,07060003,River/Stream,,42.94880662,-91.18632674
6,15220004,Sny Magill Creek Site #1 (SN01),02/22/2000 13:45:00,SNY319,NIT-AMM,Ammonia-nitrogen (as N),Total,,0.1,mg/l,False,0.1,,,Unknown,SNY001,Actual,SW,Water,,,Clayton,07060003,River/Stream,,42.94880662,-91.18632674
6,15220004,Sny Magill Creek Site #1 (SN01),03/14/2000 13:00:00,SNY319,NIT-AMM,Ammonia-nitrogen (as N),Total,,0.1,mg/l,False,0.1,,,Unknown,SNY001,Actual,SW,Water,,,Clayton,07060003,River/Stream,,42.94880662,-91.18632674
6,15220004,Sny Magill Creek Site #1 (SN01),03/21/2000 12:40:00,SNY319,NIT-AMM,Ammonia-nitrogen (as N),Total,,0.1,mg/l,False,0.1,,,Unknown,SNY001,Actual,SW,Water,,,Clayton,07060003,River/Stream,,42.94880662,-91.18632674
6,15220004,Sny Magill Creek Site #1 (SN01),04/11/2000 14:05:00,SNY319,NIT-AMM,Ammonia-nitrogen (as N),Total,,0.1,mg/l,False,0.1,,,Unknown,SNY001,Actual,SW,Water,,,Clayton,07060003,River/Stream,,42.94880662,-91.18632674
6,15220004,Sny Magill Creek Site #1 (SN01),04/18/2000 12:50:00,SNY319,NIT-AMM,Ammonia-nitrogen (as N),Total,,0.3,mg/l,True,0.1,,,Unknown,SNY001,Actual,SW,Water,,,Clayton,07060003,River/Stream,,42.94880662,-91.18632674
6,15220004,Sny Magill Creek Site #1 (SN01),05/09/2000 13:15:00,SNY319,NIT-AMM,Ammonia-nitrogen (as N),Total,,0.1,mg/l,False,0.1,,,Unknown,SNY001,Actual,SW,Water,,,Clayton,07060003,River/Stream,,42.94880662,-91.18632674
6,15220004,Sny Magill Creek Site #1 (SN01),05/16/2000 12:20:00,SNY319,NIT-AMM,Ammonia-nitrogen (as N),Total,,0.1,mg/l,False,0.1,,,Unknown,SNY001,Actual,SW,Water,,,Clayton,07060003,River/Stream,,42.94880662,-91.18632674
6,15220004,Sny Magill Creek Site #1 (SN01),06/06/2000 12:15:00,SNY319,NIT-AMM,Ammonia-nitrogen (as N),Total,,0.1,mg/l,False,0.1,,,Unknown,SNY001,Actual,SW,Water,,,Clayton,07060003,River/Stream,,42.94880662,-91.18632674
6,15220004,Sny Magill Creek Site #1 (SN01),06/13/2000 13:15:00,SNY319,NIT-AMM,Ammonia-nitrogen (as N),Total,,0.1,mg/l,True,0.1,,,Unknown,SNY001,Actual,SW,Water,,,Clayton,07060003,River/Stream,,42.94880662,-91.18632674
6,15220004,Sny Magill Creek Site #1 (SN01),07/04/2000 13:00:00,SNY319,NIT-AMM,Ammonia-nitrogen (as N),Total,,0.1,mg/l,False,0.1,,,Unknown,SNY001,Actual,SW,Water,,,Clayton,07060003,River/Stream,,42.94880662,-91.18632674
6,15220004,Sny Magill Creek Site #1 (SN01),07/11/2000 12:30:00,SNY319,NIT-AMM,Ammonia-nitrogen (as N),Total,,0.1,mg/l,False,0.1,,,Unknown,SNY001,Actual,SW,Water,,,Clayton,07060003,River/Stream,,42.94880662,-91.18632674
6,15220004,Sny Magill Creek Site #1 (SN01),08/01/2000 14:00:00,SNY319,NIT-AMM,Ammonia-nitrogen (as N),Total,,0.1,mg/l,False,0.1,,,Unknown,SNY001,Actual,SW,Water,,,Clayton,07060003,River/Stream,,42.94880662,-91.18632674
6,15220004,Sny Magill Creek Site #1 (SN01),08/08/2000 12:25:00,SNY319,NIT-AMM,Ammonia-nitrogen (as N),Total,,0.1,mg/l,False,0.1,,,Unknown,SNY001,Actual,SW,Water,,,Clayton,07060003,River/Stream,,42.94880662,-91.18632674
6,15220004,Sny Magill Creek Site #1 (SN01),08/29/2000 14:35:00,SNY319,NIT-AMM,Ammonia-nitrogen (as N),Total,,0.1,mg/l,False,0.1,,,Unknown,SNY001,Actual,SW,Water,,,Clayton,07060003,River/Stream,,42.94880662,-91.18632674
6,15220004,Sny Magill Creek Site #1 (SN01),09/05/2000 12:15:00,SNY319,NIT-AMM,Ammonia-nitrogen (as N),Total,,0.1,mg/l,False,0.1,,,Unknown,SNY001,Actual,SW,Water,,,Clayton,07060003,River/Stream,,42.94880662,-91.18632674
6,15220005,Sny Magill Creek Site #2 (SN02),01/25/2000 14:15:00,SNY319,NIT-AMM,Ammonia-nitrogen (as N),Total,,0.1,mg/l,False,0.1,,,Unknown,SNY001,Actual,SW,Water,,,Clayton,07060003,River/Stream,,42.96808222,-91.22331192
6,15220005,Sny Magill Creek Site #2 (SN02),02/29/2000 15:20:00,SNY319,NIT-AMM,Ammonia-nitrogen (as N),Total,,0.1,mg/l,False,0.1,,,Unknown,SNY001,Actual,SW,Water,,,Clayton,07060003,River/Stream,,42.96808222,-91.22331192
6,15220005,Sny Magill Creek Site #2 (SN02),03/28/2000 15:25:00,SNY319,NIT-AMM,Ammonia-nitrogen (as N),Total,,0.1,mg/l,False,0.1,,,Unknown,SNY001,Actual,SW,Water,,,Clayton,07060003,River/Stream,,42.96808222,-91.22331192
6,15220005,Sny Magill Creek Site #2 (SN02),07/25/2000 14:15:00,SNY319,NIT-AMM,Ammonia-nitrogen (as N),Total,,0.1,mg/l,True,0.1,,,Unknown,SNY001,Actual,SW,Water,,,Clayton,07060003,River/Stream,,42.96808222,-91.22331192
6,15220005,Sny Magill Creek Site #2 (SN02),08/29/2000 15:10:00,SNY319,NIT-AMM,Ammonia-nitrogen (as N),Total,,0.1,mg/l,False,0.1,,,Unknown,SNY001,Actual,SW,Water,,,Clayton,07060003,River/Stream,,42.96808222,-91.22331192
6,15220005,Sny Magill Creek Site #2 (SN02),09/26/2000 15:25:00,SNY319,NIT-AMM,Ammonia-nitrogen (as N),Total,,0.1,mg/l,False,0.1,,,Unknown,SNY001,Actual,SW,Water,,,Clayton,07060003,River/Stream,,42.96808222,-91.22331192
6,15220006,Sny Magill Creek Site #3 (SN03),01/25/2000 14:45:00,SNY319,NIT-AMM,Ammonia-nitrogen (as N),Total,,0.1,mg/l,False,0.1,,,Unknown,SNY001,Actual,SW,Water,,,Clayton,07060003,River/Stream,,42.98149721,-91.24097377
6,15220006,Sny Magill Creek Site #3 (SN03),02/01/2000 13:40:00,SNY319,NIT-AMM,Ammonia-nitrogen (as N),Total,,0.1,mg/l,False,0.1,,,Unknown,SNY001,Actual,SW,Water,,,Clayton,07060003,River/Stream,,42.98149721,-91.24097377
6,15220006,Sny Magill Creek Site #3 (SN03),02/08/2000 14:30:00,SNY319,NIT-AMM,Ammonia-nitrogen (as N),Total,,0.1,mg/l,False,0.1,,,Unknown,SNY001,Actual,SW,Water,,,Clayton,07060003,River/Stream,,42.98149721,-91.24097377
6,15220006,Sny Magill Creek Site #3 (SN03),02/15/2000 13:55:00,SNY319,NIT-AMM,Ammonia-nitrogen (as N),Total,,0.1,mg/l,False,0.1,,,Unknown,SNY001,Actual,SW,Water,,,Clayton,07060003,River/Stream,,42.98149721,-91.24097377
6,15220006,Sny Magill Creek Site #3 (SN03),03/14/2000 13:45:00,SNY319,NIT-AMM,Ammonia-nitrogen (as N),Total,,0.1,mg/l,False,0.1,,,Unknown,SNY001,Actual,SW,Water,,,Clayton,07060003,River/Stream,,42.98149721,-91.24097377
6,15220006,Sny Magill Creek Site #3 (SN03),03/21/2000 13:15:00,SNY319,NIT-AMM,Ammonia-nitrogen (as N),Total,,0.1,mg/l,False,0.1,,,Unknown,SNY001,Actual,SW,Water,,,Clayton,07060003,River/Stream,,42.98149721,-91.24097377
6,15220006,Sny Magill Creek Site #3 (SN03),03/28/2000 15:55:00,SNY319,NIT-AMM,Ammonia-nitrogen (as N),Total,,0.1,mg/l,False,0.1,,,Unknown,SNY001,Actual,SW,Water,,,Clayton,07060003,River/Stream,,42.98149721,-91.24097377
6,15220006,Sny Magill Creek Site #3 (SN03),05/02/2000 13:55:00,SNY319,NIT-AMM,Ammonia-nitrogen (as N),Total,,0.1,mg/l,False,0.1,,,Unknown,SNY001,Actual,SW,Water,,,Clayton,07060003,River/Stream,,42.98149721,-91.24097377
6,15220006,Sny Magill Creek Site #3 (SN03),05/09/2000 13:55:00,SNY319,NIT-AMM,Ammonia-nitrogen (as N),Total,,0.1,mg/l,False,0.1,,,Unknown,SNY001,Actual,SW,Water,,,Clayton,07060003,River/Stream,,42.98149721,-91.24097377
6,15220006,Sny Magill Creek Site #3 (SN03),05/16/2000 13:00:00,SNY319,NIT-AMM,Ammonia-nitrogen (as N),Total,,0.1,mg/l,False,0.1,,,Unknown,SNY001,Actual,SW,Water,,,Clayton,07060003,River/Stream,,42.98149721,-91.24097377
6,15220006,Sny Magill Creek Site #3 (SN03),06/13/2000 14:15:00,SNY319,NIT-AMM,Ammonia-nitrogen (as N),Total,,0.1,mg/l,True,0.1,,,Unknown,SNY001,Actual,SW,Water,,,Clayton,07060003,River/Stream,,42.98149721,-91.24097377
6,15220006,Sny Magill Creek Site #3 (SN03),06/20/2000 13:10:00,SNY319,NIT-AMM,Ammonia-nitrogen (as N),Total,,0.1,mg/l,False,0.1,,,Unknown,SNY001,Actual,SW,Water,,,Clayton,07060003,River/Stream,,42.98149721,-91.24097377
6,15220006,Sny Magill Creek Site #3 (SN03),06/27/2000 15:40:00,SNY319,NIT-AMM,Ammonia-nitrogen (as N),Total,,0.1,mg/l,False,0.1,,,Unknown,SNY001,Actual,SW,Water,,,Clayton,07060003,River/Stream,,42.98149721,-91.24097377
6,15220006,Sny Magill Creek Site #3 (SN03),07/25/2000 14:45:00,SNY319,NIT-AMM,Ammonia-nitrogen (as N),Total,,0.1,mg/l,False,0.1,,,Unknown,SNY001,Actual,SW,Water,,,Clayton,07060003,River/Stream,,42.98149721,-91.24097377
6,15220006,Sny Magill Creek Site #3 (SN03),08/01/2000 14:45:00,SNY319,NIT-AMM,Ammonia-nitrogen (as N),Total,,0.1,mg/l,False,0.1,,,Unknown,SNY001,Actual,SW,Water,,,Clayton,07060003,River/Stream,,42.98149721,-91.24097377
6,15220006,Sny Magill Creek Site #3 (SN03),08/08/2000 13:00:00,SNY319,NIT-AMM,Ammonia-nitrogen (as N),Total,,0.1,mg/l,False,0.1,,,Unknown,SNY001,Actual,SW,Water,,,Clayton,07060003,River/Stream,,42.98149721,-91.24097377
6,15220006,Sny Magill Creek Site #3 (SN03),08/15/2000 14:05:00,SNY319,NIT-AMM,Ammonia-nitrogen (as N),Total,,0.1,mg/l,False,0.1,,,Unknown,SNY001,Actual,SW,Water,,,Clayton,07060003,River/Stream,,42.98149721,-91.24097377
6,15220006,Sny Magill Creek Site #3 (SN03),09/12/2000 13:40:00,SNY319,NIT-AMM,Ammonia-nitrogen (as N),Total,,0.1,mg/l,False,0.1,,,Unknown,SNY001,Actual,SW,Water,,,Clayton,07060003,River/Stream,,42.98149721,-91.24097377
6,15220006,Sny Magill Creek Site #3 (SN03),09/19/2000 12:50:00,SNY319,NIT-AMM,Ammonia-nitrogen (as N),Total,,0.1,mg/l,False,0.1,,,Unknown,SNY001,Actual,SW,Water,,,Clayton,07060003,River/Stream,,42.98149721,-91.24097377
6,15220006,Sny Magill Creek Site #3 (SN03),09/26/2000 15:45:00,SNY319,NIT-AMM,Ammonia-nitrogen (as N),Total,,0.1,mg/l,False,0.1,,,Unknown,SNY001,Actual,SW,Water,,,Clayton,07060003,River/Stream,,42.98149721,-91.24097377
6,15220007,Sny Magill North Tributary (SNT),05/30/2000 15:45:00,SNY319,NIT-AMM,Ammonia-nitrogen (as N),Total,,0.1,mg/l,False,0.1,,,Unknown,SNY001,Actual,SW,Water,,,Clayton,07060003,River/Stream,,42.96850981,-91.22439501
6,15220007,Sny Magill North Tributary (SNT),06/27/2000 15:20:00,SNY319,NIT-AMM,Ammonia-nitrogen (as N),Total,,0.1,mg/l,False,0.1,,,Unknown,SNY001,Actual,SW,Water,,,Clayton,07060003,River/Stream,,42.96850981,-91.22439501
6,15220004,Sny Magill Creek Site #1 (SN01),10/03/2000 12:20:00,SNY319,NIT-AMM,Ammonia-nitrogen (as N),Total,,0.1,mg/l,False,0.1,,,Unknown,SNY001,Actual,SW,Water,,,Clayton,07060003,River/Stream,,42.94880662,-91.18632674
6,15220004,Sny Magill Creek Site #1 (SN01),10/10/2000 12:55:00,SNY319,NIT-AMM,Ammonia-nitrogen (as N),Total,,0.1,mg/l,False,0.1,,,Unknown,SNY001,Actual,SW,Water,,,Clayton,07060003,River/Stream,,42.94880662,-91.18632674
6,15220004,Sny Magill Creek Site #1 (SN01),10/31/2000 13:10:00,SNY319,NIT-AMM,Ammonia-nitrogen (as N),Total,,0.1,mg/l,False,0.1,,,Unknown,SNY001,Actual,SW,Water,,,Clayton,07060003,River/Stream,,42.94880662,-91.18632674
6,15220004,Sny Magill Creek Site #1 (SN01),11/07/2000 13:10:00,SNY319,NIT-AMM,Ammonia-nitrogen (as N),Total,,0.1,mg/l,False,0.1,,,Unknown,SNY001,Actual,SW,Water,,,Clayton,07060003,River/Stream,,42.94880662,-91.18632674
6,15220004,Sny Magill Creek Site #1 (SN01),11/28/2000 13:50:00,SNY319,NIT-AMM,Ammonia-nitrogen (as N),Total,,0.1,mg/l,False,0.1,,,Unknown,SNY001,Actual,SW,Water,,,Clayton,07060003,River/Stream,,42.94880662,-91.18632674
6,15220004,Sny Magill Creek Site #1 (SN01),12/05/2000 12:55:00,SNY319,NIT-AMM,Ammonia-nitrogen (as N),Total,,0.1,mg/l,False,0.1,,,Unknown,SNY001,Actual,SW,Water,,,Clayton,07060003,River/Stream,,42.94880662,-91.18632674
6,15220004,Sny Magill Creek Site #1 (SN01),12/26/2000 11:10:00,SNY319,NIT-AMM,Ammonia-nitrogen (as N),Total,,0.1,mg/l,False,0.1,,,Unknown,SNY001,Actual,SW,Water,,,Clayton,07060003,River/Stream,,42.94880662,-91.18632674
6,15220007,Sny Magill North Tributary (SNT),07/25/2000 14:30:00,SNY319,NIT-AMM,Ammonia-nitrogen (as N),Total,,0.1,mg/l,False,0.1,,,Unknown,SNY001,Actual,SW,Water,,,Clayton,07060003,River/Stream,,42.96850981,-91.22439501
6,15220005,Sny Magill Creek Site #2 (SN02),10/31/2000 14:00:00,SNY319,NIT-AMM,Ammonia-nitrogen (as N),Total,,0.1,mg/l,False,0.1,,,Unknown,SNY001,Actual,SW,Water,,,Clayton,07060003,River/Stream,,42.96808222,-91.22331192
6,15220006,Sny Magill Creek Site #3 (SN03),10/10/2000 13:25:00,SNY319,NIT-AMM,Ammonia-nitrogen (as N),Total,,0.1,mg/l,False,0.1,,,Unknown,SNY001,Actual,SW,Water,,,Clayton,07060003,River/Stream,,42.98149721,-91.24097377
6,15220006,Sny Magill Creek Site #3 (SN03),10/17/2000 12:55:00,SNY319,NIT-AMM,Ammonia-nitrogen (as N),Total,,0.1,mg/l,False,0.1,,,Unknown,SNY001,Actual,SW,Water,,,Clayton,07060003,River/Stream,,42.98149721,-91.24097377
6,15220006,Sny Magill Creek Site #3 (SN03),10/24/2000 14:00:00,SNY319,NIT-AMM,Ammonia-nitrogen (as N),Total,,0.1,mg/l,False,0.1,,,Unknown,SNY001,Actual,SW,Water,,,Clayton,07060003,River/Stream,,42.98149721,-91.24097377
6,15220006,Sny Magill Creek Site #3 (SN03),10/31/2000 14:30:00,SNY319,NIT-AMM,Ammonia-nitrogen (as N),Total,,0.1,mg/l,False,0.1,,,Unknown,SNY001,Actual,SW,Water,,,Clayton,07060003,River/Stream,,42.98149721,-91.24097377
6,15220006,Sny Magill Creek Site #3 (SN03),11/28/2000 14:50:00,SNY319,NIT-AMM,Ammonia-nitrogen (as N),Total,,0.1,mg/l,False,0.1,,,Unknown,SNY001,Actual,SW,Water,,,Clayton,07060003,River/Stream,,42.98149721,-91.24097377
6,15220006,Sny Magill Creek Site #3 (SN03),12/05/2000 13:40:00,SNY319,NIT-AMM,Ammonia-nitrogen (as N),Total,,0.1,mg/l,False,0.1,,,Unknown,SNY001,Actual,SW,Water,,,Clayton,07060003,River/Stream,,42.98149721,-91.24097377
6,15220005,Sny Magill Creek Site #2 (SN02),05/30/1995 14:40:00,SNY319,NIT-AMM,Ammonia-nitrogen (as N),Total,,0.1,mg/l,False,0.1,,,Unknown,SNY001,Actual,SW,Water,,,Clayton,07060003,River/Stream,,42.96808222,-91.22331192
6,15220005,Sny Magill Creek Site #2 (SN02),09/26/1995 14:50:00,SNY319,NIT-AMM,Ammonia-nitrogen (as N),Total,,0.1,mg/l,False,0.1,,,Unknown,SNY001,Actual,SW,Water,,,Clayton,07060003,River/Stream,,42.96808222,-91.22331192
6,15220005,Sny Magill Creek Site #2 (SN02),04/25/1995 10:20:00,SNY319,NIT-AMM,Ammonia-nitrogen (as N),Total,,0.1,mg/l,False,0.1,,,Unknown,SNY001,Actual,SW,Water,,,Clayton,07060003,River/Stream,,42.96808222,-91.22331192
6,15220004,Sny Magill Creek Site #1 (SN01),09/26/1995 14:25:00,SNY319,NIT-AMM,Ammonia-nitrogen (as N),Total,,0.1,mg/l,False,0.1,,,Unknown,SNY001,Actual,SW,Water,,,Clayton,07060003,River/Stream,,42.94880662,-91.18632674
6,15220004,Sny Magill Creek Site #1 (SN01),04/18/1995 13:30:00,SNY319,NIT-AMM,Ammonia-nitrogen (as N),Total,,0.1,mg/l,False,0.1,,,Unknown,SNY001,Actual,SW,Water,,,Clayton,07060003,River/Stream,,42.94880662,-91.18632674
6,15220004,Sny Magill Creek Site #1 (SN01),08/08/1995 15:05:00,SNY319,NIT-AMM,Ammonia-nitrogen (as N),Total,,0.1,mg/l,False,0.1,,,Unknown,SNY001,Actual,SW,Water,,,Clayton,07060003,River/Stream,,42.94880662,-91.18632674
6,15220004,Sny Magill Creek Site #1 (SN01),07/18/1995 16:10:00,SNY319,NIT-AMM,Ammonia-nitrogen (as N),Total,,0.1,mg/l,False,0.1,,,Unknown,SNY001,Actual,SW,Water,,,Clayton,07060003,River/Stream,,42.94880662,-91.18632674
6,15220004,Sny Magill Creek Site #1 (SN01),07/11/1995 17:00:00,SNY319,NIT-AMM,Ammonia-nitrogen (as N),Total,,0.1,mg/l,True,0.1,,,Unknown,SNY001,Actual,SW,Water,,,Clayton,07060003,River/Stream,,42.94880662,-91.18632674
6,15220004,Sny Magill Creek Site #1 (SN01),05/30/1995 14:10:00,SNY319,NIT-AMM,Ammonia-nitrogen (as N),Total,,0.1,mg/l,False,0.1,,,Unknown,SNY001,Actual,SW,Water,,,Clayton,07060003,River/Stream,,42.94880662,-91.18632674
6,15220004,Sny Magill Creek Site #1 (SN01),03/21/1995 12:30:00,SNY319,NIT-AMM,Ammonia-nitrogen (as N),Total,,0.2,mg/l,True,0.1,,,Unknown,SNY001,Actual,SW,Water,,,Clayton,07060003,River/Stream,,42.94880662,-91.18632674
6,15220004,Sny Magill Creek Site #1 (SN01),03/28/1995 11:30:00,SNY319,NIT-AMM,Ammonia-nitrogen (as N),Total,,0.1,mg/l,False,0.1,,,Unknown,SNY001,Actual,SW,Water,,,Clayton,07060003,River/Stream,,42.94880662,-91.18632674
6,15220004,Sny Magill Creek Site #1 (SN01),03/07/1995 13:00:00,SNY319,NIT-AMM,Ammonia-nitrogen (as N),Total,,0.1,mg/l,False,0.1,,,Unknown,SNY001,Actual,SW,Water,,,Clayton,07060003,River/Stream,,42.94880662,-91.18632674
6,15220004,Sny Magill Creek Site #1 (SN01),02/07/1995 12:30:00,SNY319,NIT-AMM,Ammonia-nitrogen (as N),Total,,0.1,mg/l,False,0.1,,,Unknown,SNY001,Actual,SW,Water,,,Clayton,07060003,River/Stream,,42.94880662,-91.18632674
6,15220004,Sny Magill Creek Site #1 (SN01),02/28/1995 09:30:00,SNY319,NIT-AMM,Ammonia-nitrogen (as N),Total,,0.1,mg/l,False,0.1,,,Unknown,SNY001,Actual,SW,Water,,,Clayton,07060003,River/Stream,,42.94880662,-91.18632674
6,15220004,Sny Magill Creek Site #1 (SN01),01/10/1995 13:25:00,SNY319,NIT-AMM,Ammonia-nitrogen (as N),Total,,0.1,mg/l,False,0.1,,,Unknown,SNY001,Actual,SW,Water,,,Clayton,07060003,River/Stream,,42.94880662,-91.18632674
6,15220004,Sny Magill Creek Site #1 (SN01),01/17/1995 13:00:00,SNY319,NIT-AMM,Ammonia-nitrogen (as N),Total,,0.1,mg/l,False,0.1,,,Unknown,SNY001,Actual,SW,Water,,,Clayton,07060003,River/Stream,,42.94880662,-91.18632674
6,15220008,West Fork Sny Magill Creek  (SNWF),12/27/1994 11:15:00,SNY319,NIT-AMM,Ammonia-nitrogen (as N),Total,,0.1,mg/l,False,0.1,,,Unknown,SNY001,Actual,SW,Water,,,Clayton,07060003,River/Stream,,42.97628121,-91.23730654
6,15220008,West Fork Sny Magill Creek  (SNWF),12/20/1994 10:35:00,SNY319,NIT-AMM,Ammonia-nitrogen (as N),Total,,0.2,mg/l,True,0.1,,,Unknown,SNY001,Actual,SW,Water,,,Clayton,07060003,River/Stream,,42.97628121,-91.23730654
6,15220008,West Fork Sny Magill Creek  (SNWF),11/15/1994 15:00:00,SNY319,NIT-AMM,Ammonia-nitrogen (as N),Total,,0.1,mg/l,False,0.1,,,Unknown,SNY001,Actual,SW,Water,,,Clayton,07060003,River/Stream,,42.97628121,-91.23730654
6,15220008,West Fork Sny Magill Creek  (SNWF),11/22/1994 14:30:00,SNY319,NIT-AMM,Ammonia-nitrogen (as N),Total,,0.1,mg/l,False,0.1,,,Unknown,SNY001,Actual,SW,Water,,,Clayton,07060003,River/Stream,,42.97628121,-91.23730654
6,15220008,West Fork Sny Magill Creek  (SNWF),12/13/1994 15:00:00,SNY319,NIT-AMM,Ammonia-nitrogen (as N),Total,,0.1,mg/l,False,0.1,,,Unknown,SNY001,Actual,SW,Water,,,Clayton,07060003,River/Stream,,42.97628121,-91.23730654
6,15220008,West Fork Sny Magill Creek  (SNWF),11/08/1994 17:00:00,SNY319,NIT-AMM,Ammonia-nitrogen (as N),Total,,0.1,mg/l,False,0.1,,,Unknown,SNY001,Actual,SW,Water,,,Clayton,07060003,River/Stream,,42.97628121,-91.23730654
6,15220008,West Fork Sny Magill Creek  (SNWF),10/18/1994 11:30:00,SNY319,NIT-AMM,Ammonia-nitrogen (as N),Total,,0.1,mg/l,False,0.1,,,Unknown,SNY001,Actual,SW,Water,,,Clayton,07060003,River/Stream,,42.97628121,-91.23730654
6,15220007,Sny Magill North Tributary (SNT),10/25/1994 11:05:00,SNY319,NIT-AMM,Ammonia-nitrogen (as N),Total,,0.2,mg/l,True,0.1,,,Unknown,SNY001,Actual,SW,Water,,,Clayton,07060003,River/Stream,,42.96850981,-91.22439501
6,15220008,West Fork Sny Magill Creek  (SNWF),10/11/1994 15:30:00,SNY319,NIT-AMM,Ammonia-nitrogen (as N),Total,,0.1,mg/l,False,0.1,,,Unknown,SNY001,Actual,SW,Water,,,Clayton,07060003,River/Stream,,42.97628121,-91.23730654
6,15220008,West Fork Sny Magill Creek  (SNWF),10/04/1994 16:10:00,SNY319,NIT-AMM,Ammonia-nitrogen (as N),Total,,0.1,mg/l,False,0.1,,,Unknown,SNY001,Actual,SW,Water,,,Clayton,07060003,River/Stream,,42.97628121,-91.23730654
6,15220006,Sny Magill Creek Site #3 (SN03),12/27/1994 11:00:00,SNY319,NIT-AMM,Ammonia-nitrogen (as N),Total,,0.1,mg/l,False,0.1,,,Unknown,SNY001,Actual,SW,Water,,,Clayton,07060003,River/Stream,,42.98149721,-91.24097377
6,15220006,Sny Magill Creek Site #3 (SN03),11/29/1994 11:15:00,SNY319,NIT-AMM,Ammonia-nitrogen (as N),Total,,0.1,mg/l,False,0.1,,,Unknown,SNY001,Actual,SW,Water,,,Clayton,07060003,River/Stream,,42.98149721,-91.24097377
6,15220006,Sny Magill Creek Site #3 (SN03),12/20/1994 11:00:00,SNY319,NIT-AMM,Ammonia-nitrogen (as N),Total,,0.1,mg/l,True,0.1,,,Unknown,SNY001,Actual,SW,Water,,,Clayton,07060003,River/Stream,,42.98149721,-91.24097377
6,15220006,Sny Magill Creek Site #3 (SN03),11/15/1994 14:35:00,SNY319,NIT-AMM,Ammonia-nitrogen (as N),Total,,0.1,mg/l,True,0.1,,,Unknown,SNY001,Actual,SW,Water,,,Clayton,07060003,River/Stream,,42.98149721,-91.24097377
6,15220006,Sny Magill Creek Site #3 (SN03),11/22/1994 14:20:00,SNY319,NIT-AMM,Ammonia-nitrogen (as N),Total,,0.2,mg/l,True,0.1,,,Unknown,SNY001,Actual,SW,Water,,,Clayton,07060003,River/Stream,,42.98149721,-91.24097377
6,15220006,Sny Magill Creek Site #3 (SN03),10/11/1994 15:15:00,SNY319,NIT-AMM,Ammonia-nitrogen (as N),Total,,0.1,mg/l,False,0.1,,,Unknown,SNY001,Actual,SW,Water,,,Clayton,07060003,River/Stream,,42.98149721,-91.24097377
6,15220006,Sny Magill Creek Site #3 (SN03),10/18/1994 12:00:00,SNY319,NIT-AMM,Ammonia-nitrogen (as N),Total,,0.1,mg/l,False,0.1,,,Unknown,SNY001,Actual,SW,Water,,,Clayton,07060003,River/Stream,,42.98149721,-91.24097377
6,15220006,Sny Magill Creek Site #3 (SN03),10/25/1994 11:00:00,SNY319,NIT-AMM,Ammonia-nitrogen (as N),Total,,0.1,mg/l,False,0.1,,,Unknown,SNY001,Actual,SW,Water,,,Clayton,07060003,River/Stream,,42.98149721,-91.24097377
6,15220005,Sny Magill Creek Site #2 (SN02),11/29/1994 10:55:00,SNY319,NIT-AMM,Ammonia-nitrogen (as N),Total,,0.1,mg/l,False,0.1,,,Unknown,SNY001,Actual,SW,Water,,,Clayton,07060003,River/Stream,,42.96808222,-91.22331192
6,15220005,Sny Magill Creek Site #2 (SN02),10/25/1994 11:10:00,SNY319,NIT-AMM,Ammonia-nitrogen (as N),Total,,0.1,mg/l,False,0.1,,,Unknown,SNY001,Actual,SW,Water,,,Clayton,07060003,River/Stream,,42.96808222,-91.22331192
6,15220004,Sny Magill Creek Site #1 (SN01),12/06/1994 10:30:00,SNY319,NIT-AMM,Ammonia-nitrogen (as N),Total,,0.1,mg/l,False,0.1,,,Unknown,SNY001,Actual,SW,Water,,,Clayton,07060003,River/Stream,,42.94880662,-91.18632674
6,15220004,Sny Magill Creek Site #1 (SN01),12/13/1994 14:10:00,SNY319,NIT-AMM,Ammonia-nitrogen (as N),Total,,0.1,mg/l,False,0.1,,,Unknown,SNY001,Actual,SW,Water,,,Clayton,07060003,River/Stream,,42.94880662,-91.18632674
6,15220004,Sny Magill Creek Site #1 (SN01),10/04/1994 15:10:00,SNY319,NIT-AMM,Ammonia-nitrogen (as N),Total,,0.1,mg/l,True,0.1,,,Unknown,SNY001,Actual,SW,Water,,,Clayton,07060003,River/Stream,,42.94880662,-91.18632674
6,15220006,Sny Magill Creek Site #3 (SN03),09/28/1994 11:20:00,SNY319,NIT-AMM,Ammonia-nitrogen (as N),Total,,0.1,mg/l,True,0.1,,,Unknown,SNY001,Actual,SW,Water,,,Clayton,07060003,River/Stream,,42.98149721,-91.24097377
6,15220008,West Fork Sny Magill Creek  (SNWF),08/23/1994 14:15:00,SNY319,NIT-AMM,Ammonia-nitrogen (as N),Total,,0.1,mg/l,True,0.1,,,Unknown,SNY001,Actual,SW,Water,,,Clayton,07060003,River/Stream,,42.97628121,-91.23730654
6,15220008,West Fork Sny Magill Creek  (SNWF),08/30/1994 10:45:00,SNY319,NIT-AMM,Ammonia-nitrogen (as N),Total,,0.1,mg/l,True,0.1,,,Unknown,SNY001,Actual,SW,Water,,,Clayton,07060003,River/Stream,,42.97628121,-91.23730654
6,15220008,West Fork Sny Magill Creek  (SNWF),09/06/1994 15:30:00,SNY319,NIT-AMM,Ammonia-nitrogen (as N),Total,,0.1,mg/l,False,0.1,,,Unknown,SNY001,Actual,SW,Water,,,Clayton,07060003,River/Stream,,42.97628121,-91.23730654
6,15220006,Sny Magill Creek Site #3 (SN03),09/06/1994 15:45:00,SNY319,NIT-AMM,Ammonia-nitrogen (as N),Total,,0.1,mg/l,False,0.1,,,Unknown,SNY001,Actual,SW,Water,,,Clayton,07060003,River/Stream,,42.98149721,-91.24097377
6,15220005,Sny Magill Creek Site #2 (SN02),09/28/1994 10:50:00,SNY319,NIT-AMM,Ammonia-nitrogen (as N),Total,,0.1,mg/l,True,0.1,,,Unknown,SNY001,Actual,SW,Water,,,Clayton,07060003,River/Stream,,42.96808222,-91.22331192
6,15220005,Sny Magill Creek Site #2 (SN02),08/30/1994 12:30:00,SNY319,NIT-AMM,Ammonia-nitrogen (as N),Total,,0.1,mg/l,True,0.1,,,Unknown,SNY001,Actual,SW,Water,,,Clayton,07060003,River/Stream,,42.96808222,-91.22331192
6,15220007,Sny Magill North Tributary (SNT),08/30/1994 13:00:00,SNY319,NIT-AMM,Ammonia-nitrogen (as N),Total,,0.2,mg/l,True,0.1,,,Unknown,SNY001,Actual,SW,Water,,,Clayton,07060003,River/Stream,,42.96850981,-91.22439501
6,15220008,West Fork Sny Magill Creek  (SNWF),08/16/1994 14:40:00,SNY319,NIT-AMM,Ammonia-nitrogen (as N),Total,,0.1,mg/l,True,0.1,,,Unknown,SNY001,Actual,SW,Water,,,Clayton,07060003,River/Stream,,42.97628121,-91.23730654
6,15220006,Sny Magill Creek Site #3 (SN03),09/13/1994 12:00:00,SNY319,NIT-AMM,Ammonia-nitrogen (as N),Total,,0.1,mg/l,True,0.1,,,Unknown,SNY001,Actual,SW,Water,,,Clayton,07060003,River/Stream,,42.98149721,-91.24097377
6,15220006,Sny Magill Creek Site #3 (SN03),09/20/1994 11:45:00,SNY319,NIT-AMM,Ammonia-nitrogen (as N),Total,,0.1,mg/l,False,0.1,,,Unknown,SNY001,Actual,SW,Water,,,Clayton,07060003,River/Stream,,42.98149721,-91.24097377
6,15220005,Sny Magill Creek Site #2 (SN02),10/31/1995 11:45:00,SNY319,NIT-AMM,Ammonia-nitrogen (as N),Total,,0.1,mg/l,False,0.1,,,Unknown,SNY001,Actual,SW,Water,,,Clayton,07060003,River/Stream,,42.96808222,-91.22331192
6,15220004,Sny Magill Creek Site #1 (SN01),09/06/1994 16:20:00,SNY319,NIT-AMM,Ammonia-nitrogen (as N),Total,,0.1,mg/l,False,0.1,,,Unknown,SNY001,Actual,SW,Water,,,Clayton,07060003,River/Stream,,42.94880662,-91.18632674
6,15220004,Sny Magill Creek Site #1 (SN01),09/13/1994 11:30:00,SNY319,NIT-AMM,Ammonia-nitrogen (as N),Total,,0.1,mg/l,True,0.1,,,Unknown,SNY001,Actual,SW,Water,,,Clayton,07060003,River/Stream,,42.94880662,-91.18632674
6,15220004,Sny Magill Creek Site #1 (SN01),11/07/1995 14:00:00,SNY319,NIT-AMM,Ammonia-nitrogen (as N),Total,,0.1,mg/l,False,0.1,,,Unknown,SNY001,Actual,SW,Water,,,Clayton,07060003,River/Stream,,42.94880662,-91.18632674
6,15220004,Sny Magill Creek Site #1 (SN01),12/26/1995 13:25:00,SNY319,NIT-AMM,Ammonia-nitrogen (as N),Total,,0.1,mg/l,False,0.1,,,Unknown,SNY001,Actual,SW,Water,,,Clayton,07060003,River/Stream,,42.94880662,-91.18632674
6,15220004,Sny Magill Creek Site #1 (SN01),11/14/1995 12:15:00,SNY319,NIT-AMM,Ammonia-nitrogen (as N),Total,,0.2,mg/l,True,0.1,,,Unknown,SNY001,Actual,SW,Water,,,Clayton,07060003,River/Stream,,42.94880662,-91.18632674
6,15220004,Sny Magill Creek Site #1 (SN01),08/20/1996 15:50:00,SNY319,NIT-AMM,Ammonia-nitrogen (as N),Total,,0.1,mg/l,False,0.1,,,Unknown,SNY001,Actual,SW,Water,,,Clayton,07060003,River/Stream,,42.94880662,-91.18632674
6,15220004,Sny Magill Creek Site #1 (SN01),08/27/1996 14:00:00,SNY319,NIT-AMM,Ammonia-nitrogen (as N),Total,,0.1,mg/l,False,0.1,,,Unknown,SNY001,Actual,SW,Water,,,Clayton,07060003,River/Stream,,42.94880662,-91.18632674
6,15220004,Sny Magill Creek Site #1 (SN01),07/30/1996 14:05:00,SNY319,NIT-AMM,Ammonia-nitrogen (as N),Total,,0.1,mg/l,False,0.1,,,Unknown,SNY001,Actual,SW,Water,,,Clayton,07060003,River/Stream,,42.94880662,-91.18632674
6,15220004,Sny Magill Creek Site #1 (SN01),08/06/1996 13:00:00,SNY319,NIT-AMM,Ammonia-nitrogen (as N),Total,,0.1,mg/l,False,0.1,,,Unknown,SNY001,Actual,SW,Water,,,Clayton,07060003,River/Stream,,42.94880662,-91.18632674
6,15220004,Sny Magill Creek Site #1 (SN01),05/28/1996 13:15:00,SNY319,NIT-AMM,Ammonia-nitrogen (as N),Total,,0.1,mg/l,False,0.1,,,Unknown,SNY001,Actual,SW,Water,,,Clayton,07060003,River/Stream,,42.94880662,-91.18632674
6,15220004,Sny Magill Creek Site #1 (SN01),05/21/1996 13:00:00,SNY319,NIT-AMM,Ammonia-nitrogen (as N),Total,,0.1,mg/l,False,0.1,,,Unknown,SNY001,Actual,SW,Water,,,Clayton,07060003,River/Stream,,42.94880662,-91.18632674
6,15220004,Sny Magill Creek Site #1 (SN01),09/05/1995 12:40:00,SNY319,NIT-AMM,Ammonia-nitrogen (as N),Total,,0.1,mg/l,False,0.1,,,Unknown,SNY001,Actual,SW,Water,,,Clayton,07060003,River/Stream,,42.94880662,-91.18632674
6,15220004,Sny Magill Creek Site #1 (SN01),08/29/1995 14:35:00,SNY319,NIT-AMM,Ammonia-nitrogen (as N),Total,,0.1,mg/l,False,0.1,,,Unknown,SNY001,Actual,SW,Water,,,Clayton,07060003,River/Stream,,42.94880662,-91.18632674
6,15220004,Sny Magill Creek Site #1 (SN01),06/20/1995 13:10:00,SNY319,NIT-AMM,Ammonia-nitrogen (as N),Total,,0.1,mg/l,False,0.1,,,Unknown,SNY001,Actual,SW,Water,,,Clayton,07060003,River/Stream,,42.94880662,-91.18632674
6,15220004,Sny Magill Creek Site #1 (SN01),06/27/1995 14:45:00,SNY319,NIT-AMM,Ammonia-nitrogen (as N),Total,,0.1,mg/l,False,0.1,,,Unknown,SNY001,Actual,SW,Water,,,Clayton,07060003,River/Stream,,42.94880662,-91.18632674
6,15220004,Sny Magill Creek Site #1 (SN01),05/09/1995 13:50:00,SNY319,NIT-AMM,Ammonia-nitrogen (as N),Total,,0.1,mg/l,True,0.1,,,Unknown,SNY001,Actual,SW,Water,,,Clayton,07060003,River/Stream,,42.94880662,-91.18632674
6,15220006,Sny Magill Creek Site #3 (SN03),12/26/1995 14:15:00,SNY319,NIT-AMM,Ammonia-nitrogen (as N),Total,,0.1,mg/l,False,0.1,,,Unknown,SNY001,Actual,SW,Water,,,Clayton,07060003,River/Stream,,42.98149721,-91.24097377
6,15220007,Sny Magill North Tributary (SNT),10/31/1995 12:05:00,SNY319,NIT-AMM,Ammonia-nitrogen (as N),Total,,0.1,mg/l,True,0.1,,,Unknown,SNY001,Actual,SW,Water,,,Clayton,07060003,River/Stream,,42.96850981,-91.22439501
6,15220007,Sny Magill North Tributary (SNT),11/28/1995 14:30:00,SNY319,NIT-AMM,Ammonia-nitrogen (as N),Total,,0.1,mg/l,False,0.1,,,Unknown,SNY001,Actual,SW,Water,,,Clayton,07060003,River/Stream,,42.96850981,-91.22439501
6,15220006,Sny Magill Creek Site #3 (SN03),12/05/1995 14:20:00,SNY319,NIT-AMM,Ammonia-nitrogen (as N),Total,,0.1,mg/l,False,0.1,,,Unknown,SNY001,Actual,SW,Water,,,Clayton,07060003,River/Stream,,42.98149721,-91.24097377
6,15220006,Sny Magill Creek Site #3 (SN03),11/28/1995 14:45:00,SNY319,NIT-AMM,Ammonia-nitrogen (as N),Total,,0.1,mg/l,False,0.1,,,Unknown,SNY001,Actual,SW,Water,,,Clayton,07060003,River/Stream,,42.98149721,-91.24097377
6,15220006,Sny Magill Creek Site #3 (SN03),11/21/1995 14:30:00,SNY319,NIT-AMM,Ammonia-nitrogen (as N),Total,,0.1,mg/l,False,0.1,,,Unknown,SNY001,Actual,SW,Water,,,Clayton,07060003,River/Stream,,42.98149721,-91.24097377
6,15220006,Sny Magill Creek Site #3 (SN03),10/31/1995 12:20:00,SNY319,NIT-AMM,Ammonia-nitrogen (as N),Total,,0.1,mg/l,False,0.1,,,Unknown,SNY001,Actual,SW,Water,,,Clayton,07060003,River/Stream,,42.98149721,-91.24097377
6,15220006,Sny Magill Creek Site #3 (SN03),10/24/1995 13:15:00,SNY319,NIT-AMM,Ammonia-nitrogen (as N),Total,,0.1,mg/l,False,0.1,,,Unknown,SNY001,Actual,SW,Water,,,Clayton,07060003,River/Stream,,42.98149721,-91.24097377
6,15220005,Sny Magill Creek Site #2 (SN02),11/28/1995 14:15:00,SNY319,NIT-AMM,Ammonia-nitrogen (as N),Total,,0.1,mg/l,False,0.1,,,Unknown,SNY001,Actual,SW,Water,,,Clayton,07060003,River/Stream,,42.96808222,-91.22331192
6,15220005,Sny Magill Creek Site #2 (SN02),12/26/1995 13:50:00,SNY319,NIT-AMM,Ammonia-nitrogen (as N),Total,,0.1,mg/l,False,0.1,,,Unknown,SNY001,Actual,SW,Water,,,Clayton,07060003,River/Stream,,42.96808222,-91.22331192
6,15220006,Sny Magill Creek Site #3 (SN03),10/17/1995 15:20:00,SNY319,NIT-AMM,Ammonia-nitrogen (as N),Total,,0.1,mg/l,False,0.1,,,Unknown,SNY001,Actual,SW,Water,,,Clayton,07060003,River/Stream,,42.98149721,-91.24097377
6,15220004,Sny Magill Creek Site #1 (SN01),11/21/1995 13:45:00,SNY319,NIT-AMM,Ammonia-nitrogen (as N),Total,,0.1,mg/l,False,0.1,,,Unknown,SNY001,Actual,SW,Water,,,Clayton,07060003,River/Stream,,42.94880662,-91.18632674
6,15220004,Sny Magill Creek Site #1 (SN01),12/19/1995 13:00:00,SNY319,NIT-AMM,Ammonia-nitrogen (as N),Total,,0.1,mg/l,False,0.1,,,Unknown,SNY001,Actual,SW,Water,,,Clayton,07060003,River/Stream,,42.94880662,-91.18632674
6,15220004,Sny Magill Creek Site #1 (SN01),12/12/1995 13:50:00,SNY319,NIT-AMM,Ammonia-nitrogen (as N),Total,,0.1,mg/l,False,0.1,,,Unknown,SNY001,Actual,SW,Water,,,Clayton,07060003,River/Stream,,42.94880662,-91.18632674
6,15220004,Sny Magill Creek Site #1 (SN01),10/31/1995 11:00:00,SNY319,NIT-AMM,Ammonia-nitrogen (as N),Total,,0.1,mg/l,False,0.1,,,Unknown,SNY001,Actual,SW,Water,,,Clayton,07060003,River/Stream,,42.94880662,-91.18632674
6,15220004,Sny Magill Creek Site #1 (SN01),10/03/1995 16:10:00,SNY319,NIT-AMM,Ammonia-nitrogen (as N),Total,,0.1,mg/l,False,0.1,,,Unknown,SNY001,Actual,SW,Water,,,Clayton,07060003,River/Stream,,42.94880662,-91.18632674
6,15220004,Sny Magill Creek Site #1 (SN01),10/10/1995 14:20:00,SNY319,NIT-AMM,Ammonia-nitrogen (as N),Total,,0.1,mg/l,False,0.1,,,Unknown,SNY001,Actual,SW,Water,,,Clayton,07060003,River/Stream,,42.94880662,-91.18632674
6,15220003,North Cedar Creek (NCC),12/12/1995 14:25:00,SNY319,NIT-AMM,Ammonia-nitrogen (as N),Total,,0.1,mg/l,False,0.1,,,Unknown,SNY001,Actual,SW,Water,,,Clayton,07060003,River/Stream,,42.96274242,-91.22931615
6,15220003,North Cedar Creek (NCC),12/05/1995 14:00:00,SNY319,NIT-AMM,Ammonia-nitrogen (as N),Total,,0.1,mg/l,False,0.1,,,Unknown,SNY001,Actual,SW,Water,,,Clayton,07060003,River/Stream,,42.96274242,-91.22931615
6,15220003,North Cedar Creek (NCC),11/28/1995 14:05:00,SNY319,NIT-AMM,Ammonia-nitrogen (as N),Total,,0.1,mg/l,False,0.1,,,Unknown,SNY001,Actual,SW,Water,,,Clayton,07060003,River/Stream,,42.96274242,-91.22931615
6,15220003,North Cedar Creek (NCC),11/07/1995 14:30:00,SNY319,NIT-AMM,Ammonia-nitrogen (as N),Total,,0.1,mg/l,False,0.1,,,Unknown,SNY001,Actual,SW,Water,,,Clayton,07060003,River/Stream,,42.96274242,-91.22931615
6,15220003,North Cedar Creek (NCC),10/31/1995 11:25:00,SNY319,NIT-AMM,Ammonia-nitrogen (as N),Total,,0.1,mg/l,False,0.1,,,Unknown,SNY001,Actual,SW,Water,,,Clayton,07060003,River/Stream,,42.96274242,-91.22931615
6,15220007,Sny Magill North Tributary (SNT),09/24/1996 15:05:00,SNY319,NIT-AMM,Ammonia-nitrogen (as N),Total,,0.1,mg/l,False,0.1,,,Unknown,SNY001,Actual,SW,Water,,,Clayton,07060003,River/Stream,,42.96850981,-91.22439501
6,15220003,North Cedar Creek (NCC),10/03/1995 16:25:00,SNY319,NIT-AMM,Ammonia-nitrogen (as N),Total,,0.1,mg/l,False,0.1,,,Unknown,SNY001,Actual,SW,Water,,,Clayton,07060003,River/Stream,,42.96274242,-91.22931615
6,15220003,North Cedar Creek (NCC),10/24/1995 13:35:00,SNY319,NIT-AMM,Ammonia-nitrogen (as N),Total,,0.1,mg/l,False,0.1,,,Unknown,SNY001,Actual,SW,Water,,,Clayton,07060003,River/Stream,,42.96274242,-91.22931615
6,15220007,Sny Magill North Tributary (SNT),08/27/1996 15:45:00,SNY319,NIT-AMM,Ammonia-nitrogen (as N),Total,,0.1,mg/l,False,0.1,,,Unknown,SNY001,Actual,SW,Water,,,Clayton,07060003,River/Stream,,42.96850981,-91.22439501
6,15220007,Sny Magill North Tributary (SNT),04/30/1996 13:35:00,SNY319,NIT-AMM,Ammonia-nitrogen (as N),Total,,0.1,mg/l,False,0.1,,,Unknown,SNY001,Actual,SW,Water,,,Clayton,07060003,River/Stream,,42.96850981,-91.22439501
6,15220007,Sny Magill North Tributary (SNT),07/30/1996 14:35:00,SNY319,NIT-AMM,Ammonia-nitrogen (as N),Total,,0.1,mg/l,True,0.1,,,Unknown,SNY001,Actual,SW,Water,,,Clayton,07060003,River/Stream,,42.96850981,-91.22439501
6,15220007,Sny Magill North Tributary (SNT),02/27/1996 14:10:00,SNY319,NIT-AMM,Ammonia-nitrogen (as N),Total,,0.2,mg/l,True,0.1,,,Unknown,SNY001,Actual,SW,Water,,,Clayton,07060003,River/Stream,,42.96850981,-91.22439501
6,15220007,Sny Magill North Tributary (SNT),03/26/1996 11:50:00,SNY319,NIT-AMM,Ammonia-nitrogen (as N),Total,,0.1,mg/l,False,0.1,,,Unknown,SNY001,Actual,SW,Water,,,Clayton,07060003,River/Stream,,42.96850981,-91.22439501
6,15220006,Sny Magill Creek Site #3 (SN03),09/17/1996 12:40:00,SNY319,NIT-AMM,Ammonia-nitrogen (as N),Total,,0.1,mg/l,False,0.1,,,Unknown,SNY001,Actual,SW,Water,,,Clayton,07060003,River/Stream,,42.98149721,-91.24097377
6,15220006,Sny Magill Creek Site #3 (SN03),09/10/1996 13:15:00,SNY319,NIT-AMM,Ammonia-nitrogen (as N),Total,,0.1,mg/l,False,0.1,,,Unknown,SNY001,Actual,SW,Water,,,Clayton,07060003,River/Stream,,42.98149721,-91.24097377
6,15220006,Sny Magill Creek Site #3 (SN03),09/03/1996 12:40:00,SNY319,NIT-AMM,Ammonia-nitrogen (as N),Total,,0.1,mg/l,False,0.1,,,Unknown,SNY001,Actual,SW,Water,,,Clayton,07060003,River/Stream,,42.98149721,-91.24097377
6,15220006,Sny Magill Creek Site #3 (SN03),08/13/1996 13:15:00,SNY319,NIT-AMM,Ammonia-nitrogen (as N),Total,,0.1,mg/l,False,0.1,,,Unknown,SNY001,Actual,SW,Water,,,Clayton,07060003,River/Stream,,42.98149721,-91.24097377
6,15220006,Sny Magill Creek Site #3 (SN03),08/06/1996 12:00:00,SNY319,NIT-AMM,Ammonia-nitrogen (as N),Total,,0.1,mg/l,False,0.1,,,Unknown,SNY001,Actual,SW,Water,,,Clayton,07060003,River/Stream,,42.98149721,-91.24097377
6,15220006,Sny Magill Creek Site #3 (SN03),07/09/1996 14:05:00,SNY319,NIT-AMM,Ammonia-nitrogen (as N),Total,,0.1,mg/l,False,0.1,,,Unknown,SNY001,Actual,SW,Water,,,Clayton,07060003,River/Stream,,42.98149721,-91.24097377
6,15220006,Sny Magill Creek Site #3 (SN03),07/02/1996 12:00:00,SNY319,NIT-AMM,Ammonia-nitrogen (as N),Total,,0.1,mg/l,False,0.1,,,Unknown,SNY001,Actual,SW,Water,,,Clayton,07060003,River/Stream,,42.98149721,-91.24097377
6,15220006,Sny Magill Creek Site #3 (SN03),05/21/1996 13:50:00,SNY319,NIT-AMM,Ammonia-nitrogen (as N),Total,,0.1,mg/l,False,0.1,,,Unknown,SNY001,Actual,SW,Water,,,Clayton,07060003,River/Stream,,42.98149721,-91.24097377
6,15220006,Sny Magill Creek Site #3 (SN03),05/28/1996 14:05:00,SNY319,NIT-AMM,Ammonia-nitrogen (as N),Total,,0.1,mg/l,False,0.1,,,Unknown,SNY001,Actual,SW,Water,,,Clayton,07060003,River/Stream,,42.98149721,-91.24097377
6,15220006,Sny Magill Creek Site #3 (SN03),06/04/1996 14:00:00,SNY319,NIT-AMM,Ammonia-nitrogen (as N),Total,,0.1,mg/l,False,0.1,,,Unknown,SNY001,Actual,SW,Water,,,Clayton,07060003,River/Stream,,42.98149721,-91.24097377
6,15220006,Sny Magill Creek Site #3 (SN03),04/16/1996 14:20:00,SNY319,NIT-AMM,Ammonia-nitrogen (as N),Total,,0.1,mg/l,False,0.1,,,Unknown,SNY001,Actual,SW,Water,,,Clayton,07060003,River/Stream,,42.98149721,-91.24097377
6,15220006,Sny Magill Creek Site #3 (SN03),04/23/1996 11:05:00,SNY319,NIT-AMM,Ammonia-nitrogen (as N),Total,,0.1,mg/l,False,0.1,,,Unknown,SNY001,Actual,SW,Water,,,Clayton,07060003,River/Stream,,42.98149721,-91.24097377
6,15220006,Sny Magill Creek Site #3 (SN03),04/30/1996 13:55:00,SNY319,NIT-AMM,Ammonia-nitrogen (as N),Total,,0.1,mg/l,False,0.1,,,Unknown,SNY001,Actual,SW,Water,,,Clayton,07060003,River/Stream,,42.98149721,-91.24097377
6,15220006,Sny Magill Creek Site #3 (SN03),03/26/1996 10:20:00,SNY319,NIT-AMM,Ammonia-nitrogen (as N),Total,,0.1,mg/l,False,0.1,,,Unknown,SNY001,Actual,SW,Water,,,Clayton,07060003,River/Stream,,42.98149721,-91.24097377
6,15220006,Sny Magill Creek Site #3 (SN03),03/19/1996 11:20:00,SNY319,NIT-AMM,Ammonia-nitrogen (as N),Total,,0.1,mg/l,False,0.1,,,Unknown,SNY001,Actual,SW,Water,,,Clayton,07060003,River/Stream,,42.98149721,-91.24097377
6,15220006,Sny Magill Creek Site #3 (SN03),02/13/1996 14:00:00,SNY319,NIT-AMM,Ammonia-nitrogen (as N),Total,,0.1,mg/l,False,0.1,,,Unknown,SNY001,Actual,SW,Water,,,Clayton,07060003,River/Stream,,42.98149721,-91.24097377
6,15220006,Sny Magill Creek Site #3 (SN03),02/20/1996 11:10:00,SNY319,NIT-AMM,Ammonia-nitrogen (as N),Total,,2.4,mg/l,True,0.1,,,Unknown,SNY001,Actual,SW,Water,,,Clayton,07060003,River/Stream,,42.98149721,-91.24097377
6,15220006,Sny Magill Creek Site #3 (SN03),03/12/1996 15:20:00,SNY319,NIT-AMM,Ammonia-nitrogen (as N),Total,,0.7,mg/l,True,0.1,,,Unknown,SNY001,Actual,SW,Water,,,Clayton,07060003,River/Stream,,42.98149721,-91.24097377
6,15220006,Sny Magill Creek Site #3 (SN03),02/06/1996 13:50:00,SNY319,NIT-AMM,Ammonia-nitrogen (as N),Total,,0.1,mg/l,False,0.1,,,Unknown,SNY001,Actual,SW,Water,,,Clayton,07060003,River/Stream,,42.98149721,-91.24097377
6,15220006,Sny Magill Creek Site #3 (SN03),01/09/1996 15:10:00,SNY319,NIT-AMM,Ammonia-nitrogen (as N),Total,,0.1,mg/l,False,0.1,,,Unknown,SNY001,Actual,SW,Water,,,Clayton,07060003,River/Stream,,42.98149721,-91.24097377
6,15220006,Sny Magill Creek Site #3 (SN03),01/02/1996 14:10:00,SNY319,NIT-AMM,Ammonia-nitrogen (as N),Total,,0.1,mg/l,False,0.1,,,Unknown,SNY001,Actual,SW,Water,,,Clayton,07060003,River/Stream,,42.98149721,-91.24097377
6,15220005,Sny Magill Creek Site #2 (SN02),06/25/1996 15:40:00,SNY319,NIT-AMM,Ammonia-nitrogen (as N),Total,,0.1,mg/l,False,0.1,,,Unknown,SNY001,Actual,SW,Water,,,Clayton,07060003,River/Stream,,42.96808222,-91.22331192
6,15220005,Sny Magill Creek Site #2 (SN02),01/30/1996 16:10:00,SNY319,NIT-AMM,Ammonia-nitrogen (as N),Total,,0.1,mg/l,False,0.1,,,Unknown,SNY001,Actual,SW,Water,,,Clayton,07060003,River/Stream,,42.96808222,-91.22331192
6,15220005,Sny Magill Creek Site #2 (SN02),05/28/1996 13:45:00,SNY319,NIT-AMM,Ammonia-nitrogen (as N),Total,,0.1,mg/l,False,0.1,,,Unknown,SNY001,Actual,SW,Water,,,Clayton,07060003,River/Stream,,42.96808222,-91.22331192
6,15220004,Sny Magill Creek Site #1 (SN01),09/24/1996 14:20:00,SNY319,NIT-AMM,Ammonia-nitrogen (as N),Total,,0.1,mg/l,False,0.1,,,Unknown,SNY001,Actual,SW,Water,,,Clayton,07060003,River/Stream,,42.94880662,-91.18632674
6,15220004,Sny Magill Creek Site #1 (SN01),09/03/1996 12:00:00,SNY319,NIT-AMM,Ammonia-nitrogen (as N),Total,,0.1,mg/l,False,0.1,,,Unknown,SNY001,Actual,SW,Water,,,Clayton,07060003,River/Stream,,42.94880662,-91.18632674
6,15220004,Sny Magill Creek Site #1 (SN01),08/13/1996 12:35:00,SNY319,NIT-AMM,Ammonia-nitrogen (as N),Total,,0.1,mg/l,False,0.1,,,Unknown,SNY001,Actual,SW,Water,,,Clayton,07060003,River/Stream,,42.94880662,-91.18632674
6,15220004,Sny Magill Creek Site #1 (SN01),07/23/1996 11:55:00,SNY319,NIT-AMM,Ammonia-nitrogen (as N),Total,,0.1,mg/l,False,0.1,,,Unknown,SNY001,Actual,SW,Water,,,Clayton,07060003,River/Stream,,42.94880662,-91.18632674
6,15220004,Sny Magill Creek Site #1 (SN01),05/07/1996 13:15:00,SNY319,NIT-AMM,Ammonia-nitrogen (as N),Total,,0.1,mg/l,False,0.1,,,Unknown,SNY001,Actual,SW,Water,,,Clayton,07060003,River/Stream,,42.94880662,-91.18632674
6,15220004,Sny Magill Creek Site #1 (SN01),07/16/1996 13:00:00,SNY319,NIT-AMM,Ammonia-nitrogen (as N),Total,,0.1,mg/l,False,0.1,,,Unknown,SNY001,Actual,SW,Water,,,Clayton,07060003,River/Stream,,42.94880662,-91.18632674
6,15220004,Sny Magill Creek Site #1 (SN01),07/02/1996 13:00:00,SNY319,NIT-AMM,Ammonia-nitrogen (as N),Total,,0.1,mg/l,False,0.1,,,Unknown,SNY001,Actual,SW,Water,,,Clayton,07060003,River/Stream,,42.94880662,-91.18632674
6,15220004,Sny Magill Creek Site #1 (SN01),06/25/1996 15:00:00,SNY319,NIT-AMM,Ammonia-nitrogen (as N),Total,,0.1,mg/l,False,0.1,,,Unknown,SNY001,Actual,SW,Water,,,Clayton,07060003,River/Stream,,42.94880662,-91.18632674
6,15220004,Sny Magill Creek Site #1 (SN01),06/04/1996 13:20:00,SNY319,NIT-AMM,Ammonia-nitrogen (as N),Total,,0.1,mg/l,False,0.1,,,Unknown,SNY001,Actual,SW,Water,,,Clayton,07060003,River/Stream,,42.94880662,-91.18632674
6,15220004,Sny Magill Creek Site #1 (SN01),05/14/1996 12:00:00,SNY319,NIT-AMM,Ammonia-nitrogen (as N),Total,,0.1,mg/l,False,0.1,,,Unknown,SNY001,Actual,SW,Water,,,Clayton,07060003,River/Stream,,42.94880662,-91.18632674
6,15220004,Sny Magill Creek Site #1 (SN01),04/23/1996 12:00:00,SNY319,NIT-AMM,Ammonia-nitrogen (as N),Total,,0.1,mg/l,False,0.1,,,Unknown,SNY001,Actual,SW,Water,,,Clayton,07060003,River/Stream,,42.94880662,-91.18632674
6,15220004,Sny Magill Creek Site #1 (SN01),04/16/1996 13:40:00,SNY319,NIT-AMM,Ammonia-nitrogen (as N),Total,,0.1,mg/l,False,0.1,,,Unknown,SNY001,Actual,SW,Water,,,Clayton,07060003,River/Stream,,42.94880662,-91.18632674
6,15220004,Sny Magill Creek Site #1 (SN01),03/26/1996 13:00:00,SNY319,NIT-AMM,Ammonia-nitrogen (as N),Total,,0.1,mg/l,False,0.1,,,Unknown,SNY001,Actual,SW,Water,,,Clayton,07060003,River/Stream,,42.94880662,-91.18632674
6,15220004,Sny Magill Creek Site #1 (SN01),02/27/1996 13:35:00,SNY319,NIT-AMM,Ammonia-nitrogen (as N),Total,,0.1,mg/l,True,0.1,,,Unknown,SNY001,Actual,SW,Water,,,Clayton,07060003,River/Stream,,42.94880662,-91.18632674
6,15220004,Sny Magill Creek Site #1 (SN01),03/05/1996 14:10:00,SNY319,NIT-AMM,Ammonia-nitrogen (as N),Total,,0.1,mg/l,False,0.1,,,Unknown,SNY001,Actual,SW,Water,,,Clayton,07060003,River/Stream,,42.94880662,-91.18632674
6,15220004,Sny Magill Creek Site #1 (SN01),02/13/1996 13:15:00,SNY319,NIT-AMM,Ammonia-nitrogen (as N),Total,,0.1,mg/l,False,0.1,,,Unknown,SNY001,Actual,SW,Water,,,Clayton,07060003,River/Stream,,42.94880662,-91.18632674
6,15220004,Sny Magill Creek Site #1 (SN01),02/06/1996 13:00:00,SNY319,NIT-AMM,Ammonia-nitrogen (as N),Total,,0.1,mg/l,False,0.1,,,Unknown,SNY001,Actual,SW,Water,,,Clayton,07060003,River/Stream,,42.94880662,-91.18632674
6,15220004,Sny Magill Creek Site #1 (SN01),01/16/1996 13:00:00,SNY319,NIT-AMM,Ammonia-nitrogen (as N),Total,,0.1,mg/l,True,0.1,,,Unknown,SNY001,Actual,SW,Water,,,Clayton,07060003,River/Stream,,42.94880662,-91.18632674
6,15220003,North Cedar Creek (NCC),09/24/1996 14:40:00,SNY319,NIT-AMM,Ammonia-nitrogen (as N),Total,,0.1,mg/l,False,0.1,,,Unknown,SNY001,Actual,SW,Water,,,Clayton,07060003,River/Stream,,42.96274242,-91.22931615
6,15220003,North Cedar Creek (NCC),09/17/1996 12:20:00,SNY319,NIT-AMM,Ammonia-nitrogen (as N),Total,,0.1,mg/l,False,0.1,,,Unknown,SNY001,Actual,SW,Water,,,Clayton,07060003,River/Stream,,42.96274242,-91.22931615
6,15220007,Sny Magill North Tributary (SNT),05/29/2001 13:10:00,SNY319,NIT-AMM,Ammonia-nitrogen (as N),Total,,0.1,mg/l,False,0.1,,,Unknown,SNY001,Actual,SW,Water,,,Clayton,07060003,River/Stream,,42.96850981,-91.22439501
6,15220007,Sny Magill North Tributary (SNT),09/25/2001 14:35:00,SNY319,NIT-AMM,Ammonia-nitrogen (as N),Total,,0.06,mg/l,True,0.05,,,Unknown,SNY001,Actual,SW,Water,,,Clayton,07060003,River/Stream,,42.96850981,-91.22439501
6,15220006,Sny Magill Creek Site #3 (SN03),03/06/2001 13:00:00,SNY319,NIT-AMM,Ammonia-nitrogen (as N),Total,,0.1,mg/l,False,0.1,,,Unknown,SNY001,Actual,SW,Water,,,Clayton,07060003,River/Stream,,42.98149721,-91.24097377
6,15220006,Sny Magill Creek Site #3 (SN03),03/13/2001 12:45:00,SNY319,NIT-AMM,Ammonia-nitrogen (as N),Total,,0.1,mg/l,False,0.1,,,Unknown,SNY001,Actual,SW,Water,,,Clayton,07060003,River/Stream,,42.98149721,-91.24097377
6,15220006,Sny Magill Creek Site #3 (SN03),04/10/2001 14:10:00,SNY319,NIT-AMM,Ammonia-nitrogen (as N),Total,,0.1,mg/l,False,0.1,,,Unknown,SNY001,Actual,SW,Water,,,Clayton,07060003,River/Stream,,42.98149721,-91.24097377
6,15220006,Sny Magill Creek Site #3 (SN03),04/17/2001 13:50:00,SNY319,NIT-AMM,Ammonia-nitrogen (as N),Total,,0.1,mg/l,False,0.1,,,Unknown,SNY001,Actual,SW,Water,,,Clayton,07060003,River/Stream,,42.98149721,-91.24097377
6,15220006,Sny Magill Creek Site #3 (SN03),04/24/2001 16:25:00,SNY319,NIT-AMM,Ammonia-nitrogen (as N),Total,,0.1,mg/l,False,0.1,,,Unknown,SNY001,Actual,SW,Water,,,Clayton,07060003,River/Stream,,42.98149721,-91.24097377
6,15220006,Sny Magill Creek Site #3 (SN03),05/29/2001 13:25:00,SNY319,NIT-AMM,Ammonia-nitrogen (as N),Total,,0.1,mg/l,False,0.1,,,Unknown,SNY001,Actual,SW,Water,,,Clayton,07060003,River/Stream,,42.98149721,-91.24097377
6,15220006,Sny Magill Creek Site #3 (SN03),06/05/2001 12:45:00,SNY319,NIT-AMM,Ammonia-nitrogen (as N),Total,,0.2,mg/l,True,0.1,,,Unknown,SNY001,Actual,SW,Water,,,Clayton,07060003,River/Stream,,42.98149721,-91.24097377
6,15220006,Sny Magill Creek Site #3 (SN03),06/12/2001 12:35:00,SNY319,NIT-AMM,Ammonia-nitrogen (as N),Total,,0.1,mg/l,True,0.1,,,Unknown,SNY001,Actual,SW,Water,,,Clayton,07060003,River/Stream,,42.98149721,-91.24097377
6,15220006,Sny Magill Creek Site #3 (SN03),07/10/2001 12:20:00,SNY319,NIT-AMM,Ammonia-nitrogen (as N),Total,,0.1,mg/l,False,0.1,,,Unknown,SNY001,Actual,SW,Water,,,Clayton,07060003,River/Stream,,42.98149721,-91.24097377
6,15220006,Sny Magill Creek Site #3 (SN03),07/17/2001 13:00:00,SNY319,NIT-AMM,Ammonia-nitrogen (as N),Total,,0.1,mg/l,False,0.1,,,Unknown,SNY001,Actual,SW,Water,,,Clayton,07060003,River/Stream,,42.98149721,-91.24097377
6,15220006,Sny Magill Creek Site #3 (SN03),07/24/2001 12:45:00,SNY319,NIT-AMM,Ammonia-nitrogen (as N),Total,,0.1,mg/l,False,0.1,,,Unknown,SNY001,Actual,SW,Water,,,Clayton,07060003,River/Stream,,42.98149721,-91.24097377
6,15220006,Sny Magill Creek Site #3 (SN03),08/21/2001 12:10:00,SNY319,NIT-AMM,Ammonia-nitrogen (as N),Total,,0.02,mg/l,True,0.01,,,Unknown,SNY001,Actual,SW,Water,,,Clayton,07060003,River/Stream,,42.98149721,-91.24097377
6,15220006,Sny Magill Creek Site #3 (SN03),08/28/2001 14:50:00,SNY319,NIT-AMM,Ammonia-nitrogen (as N),Total,,0.02,mg/l,True,0.01,,,Unknown,SNY001,Actual,SW,Water,,,Clayton,07060003,River/Stream,,42.98149721,-91.24097377
6,15220006,Sny Magill Creek Site #3 (SN03),09/04/2001 12:15:00,SNY319,NIT-AMM,Ammonia-nitrogen (as N),Total,,0.01,mg/l,False,0.01,,,Unknown,SNY001,Actual,SW,Water,,,Clayton,07060003,River/Stream,,42.98149721,-91.24097377
6,15220007,Sny Magill North Tributary (SNT),03/27/2001 14:20:00,SNY319,NIT-AMM,Ammonia-nitrogen (as N),Total,,0.1,mg/l,False,0.1,,,Unknown,SNY001,Actual,SW,Water,,,Clayton,07060003,River/Stream,,42.96850981,-91.22439501
6,15220007,Sny Magill North Tributary (SNT),04/24/2001 16:10:00,SNY319,NIT-AMM,Ammonia-nitrogen (as N),Total,,0.1,mg/l,False,0.1,,,Unknown,SNY001,Actual,SW,Water,,,Clayton,07060003,River/Stream,,42.96850981,-91.22439501
6,15220004,Sny Magill Creek Site #1 (SN01),10/17/2000 12:20:00,SNY319,NIT-AMM,Ammonia-nitrogen (as N),Total,,0.1,mg/l,False,0.1,,,Unknown,SNY001,Actual,SW,Water,,,Clayton,07060003,River/Stream,,42.94880662,-91.18632674
6,15220007,Sny Magill North Tributary (SNT),09/26/2000 16:10:00,SNY319,NIT-AMM,Ammonia-nitrogen (as N),Total,,0.1,mg/l,False,0.1,,,Unknown,SNY001,Actual,SW,Water,,,Clayton,07060003,River/Stream,,42.96850981,-91.22439501
6,15220004,Sny Magill Creek Site #1 (SN01),10/24/2000 13:25:00,SNY319,NIT-AMM,Ammonia-nitrogen (as N),Total,,0.1,mg/l,False,0.1,,,Unknown,SNY001,Actual,SW,Water,,,Clayton,07060003,River/Stream,,42.94880662,-91.18632674
6,15220004,Sny Magill Creek Site #1 (SN01),11/14/2000 12:20:00,SNY319,NIT-AMM,Ammonia-nitrogen (as N),Total,,0.1,mg/l,False,0.1,,,Unknown,SNY001,Actual,SW,Water,,,Clayton,07060003,River/Stream,,42.94880662,-91.18632674
6,15220004,Sny Magill Creek Site #1 (SN01),12/12/2000 13:00:00,SNY319,NIT-AMM,Ammonia-nitrogen (as N),Total,,0.1,mg/l,False,0.1,,,Unknown,SNY001,Actual,SW,Water,,,Clayton,07060003,River/Stream,,42.94880662,-91.18632674
6,15220004,Sny Magill Creek Site #1 (SN01),11/21/2000 13:00:00,SNY319,NIT-AMM,Ammonia-nitrogen (as N),Total,,0.1,mg/l,False,0.1,,,Unknown,SNY001,Actual,SW,Water,,,Clayton,07060003,River/Stream,,42.94880662,-91.18632674
6,15220004,Sny Magill Creek Site #1 (SN01),12/19/2000 14:15:00,SNY319,NIT-AMM,Ammonia-nitrogen (as N),Total,,0.1,mg/l,False,0.1,,,Unknown,SNY001,Actual,SW,Water,,,Clayton,07060003,River/Stream,,42.94880662,-91.18632674
6,15220005,Sny Magill Creek Site #2 (SN02),11/28/2000 14:20:00,SNY319,NIT-AMM,Ammonia-nitrogen (as N),Total,,0.1,mg/l,False,0.1,,,Unknown,SNY001,Actual,SW,Water,,,Clayton,07060003,River/Stream,,42.96808222,-91.22331192
6,15220005,Sny Magill Creek Site #2 (SN02),12/26/2000 11:50:00,SNY319,NIT-AMM,Ammonia-nitrogen (as N),Total,,0.1,mg/l,False,0.1,,,Unknown,SNY001,Actual,SW,Water,,,Clayton,07060003,River/Stream,,42.96808222,-91.22331192
6,15220006,Sny Magill Creek Site #3 (SN03),10/03/2000 13:05:00,SNY319,NIT-AMM,Ammonia-nitrogen (as N),Total,,0.1,mg/l,False,0.1,,,Unknown,SNY001,Actual,SW,Water,,,Clayton,07060003,River/Stream,,42.98149721,-91.24097377
6,15220006,Sny Magill Creek Site #3 (SN03),11/07/2000 13:45:00,SNY319,NIT-AMM,Ammonia-nitrogen (as N),Total,,0.1,mg/l,False,0.1,,,Unknown,SNY001,Actual,SW,Water,,,Clayton,07060003,River/Stream,,42.98149721,-91.24097377
6,15220006,Sny Magill Creek Site #3 (SN03),11/14/2000 12:50:00,SNY319,NIT-AMM,Ammonia-nitrogen (as N),Total,,0.1,mg/l,False,0.1,,,Unknown,SNY001,Actual,SW,Water,,,Clayton,07060003,River/Stream,,42.98149721,-91.24097377
6,15220006,Sny Magill Creek Site #3 (SN03),11/21/2000 13:45:00,SNY319,NIT-AMM,Ammonia-nitrogen (as N),Total,,0.1,mg/l,False,0.1,,,Unknown,SNY001,Actual,SW,Water,,,Clayton,07060003,River/Stream,,42.98149721,-91.24097377
6,15220006,Sny Magill Creek Site #3 (SN03),12/19/2000 14:55:00,SNY319,NIT-AMM,Ammonia-nitrogen (as N),Total,,0.1,mg/l,False,0.1,,,Unknown,SNY001,Actual,SW,Water,,,Clayton,07060003,River/Stream,,42.98149721,-91.24097377
6,15220006,Sny Magill Creek Site #3 (SN03),12/26/2000 12:20:00,SNY319,NIT-AMM,Ammonia-nitrogen (as N),Total,,0.1,mg/l,False,0.1,,,Unknown,SNY001,Actual,SW,Water,,,Clayton,07060003,River/Stream,,42.98149721,-91.24097377
6,15220004,Sny Magill Creek Site #1 (SN01),01/02/2001 13:20:00,SNY319,NIT-AMM,Ammonia-nitrogen (as N),Total,,0.1,mg/l,False,0.1,,,Unknown,SNY001,Actual,SW,Water,,,Clayton,07060003,River/Stream,,42.94880662,-91.18632674
6,15220004,Sny Magill Creek Site #1 (SN01),01/23/2001 12:30:00,SNY319,NIT-AMM,Ammonia-nitrogen (as N),Total,,0.1,mg/l,False,0.1,,,Unknown,SNY001,Actual,SW,Water,,,Clayton,07060003,River/Stream,,42.94880662,-91.18632674
6,15220004,Sny Magill Creek Site #1 (SN01),02/06/2001 12:10:00,SNY319,NIT-AMM,Ammonia-nitrogen (as N),Total,,0.1,mg/l,False,0.1,,,Unknown,SNY001,Actual,SW,Water,,,Clayton,07060003,River/Stream,,42.94880662,-91.18632674
6,15220004,Sny Magill Creek Site #1 (SN01),02/27/2001 14:15:00,SNY319,NIT-AMM,Ammonia-nitrogen (as N),Total,,0.1,mg/l,False,0.1,,,Unknown,SNY001,Actual,SW,Water,,,Clayton,07060003,River/Stream,,42.94880662,-91.18632674
6,15220004,Sny Magill Creek Site #1 (SN01),03/06/2001 12:30:00,SNY319,NIT-AMM,Ammonia-nitrogen (as N),Total,,0.1,mg/l,False,0.1,,,Unknown,SNY001,Actual,SW,Water,,,Clayton,07060003,River/Stream,,42.94880662,-91.18632674
6,15220004,Sny Magill Creek Site #1 (SN01),03/27/2001 13:35:00,SNY319,NIT-AMM,Ammonia-nitrogen (as N),Total,,0.1,mg/l,False,0.1,,,Unknown,SNY001,Actual,SW,Water,,,Clayton,07060003,River/Stream,,42.94880662,-91.18632674
6,15220004,Sny Magill Creek Site #1 (SN01),04/03/2001 13:15:00,SNY319,NIT-AMM,Ammonia-nitrogen (as N),Total,,0.1,mg/l,False,0.1,,,Unknown,SNY001,Actual,SW,Water,,,Clayton,07060003,River/Stream,,42.94880662,-91.18632674
6,15220004,Sny Magill Creek Site #1 (SN01),04/24/2001 15:15:00,SNY319,NIT-AMM,Ammonia-nitrogen (as N),Total,,0.1,mg/l,False,0.1,,,Unknown,SNY001,Actual,SW,Water,,,Clayton,07060003,River/Stream,,42.94880662,-91.18632674
6,15220004,Sny Magill Creek Site #1 (SN01),05/01/2001 12:00:00,SNY319,NIT-AMM,Ammonia-nitrogen (as N),Total,,0.1,mg/l,False,0.1,,,Unknown,SNY001,Actual,SW,Water,,,Clayton,07060003,River/Stream,,42.94880662,-91.18632674
6,15220004,Sny Magill Creek Site #1 (SN01),05/22/2001 12:50:00,SNY319,NIT-AMM,Ammonia-nitrogen (as N),Total,,0.1,mg/l,False,0.1,,,Unknown,SNY001,Actual,SW,Water,,,Clayton,07060003,River/Stream,,42.94880662,-91.18632674
6,15220004,Sny Magill Creek Site #1 (SN01),05/29/2001 12:35:00,SNY319,NIT-AMM,Ammonia-nitrogen (as N),Total,,0.1,mg/l,False,0.1,,,Unknown,SNY001,Actual,SW,Water,,,Clayton,07060003,River/Stream,,42.94880662,-91.18632674
6,15220004,Sny Magill Creek Site #1 (SN01),06/19/2001 12:30:00,SNY319,NIT-AMM,Ammonia-nitrogen (as N),Total,,0.1,mg/l,False,0.1,,,Unknown,SNY001,Actual,SW,Water,,,Clayton,07060003,River/Stream,,42.94880662,-91.18632674
6,15220004,Sny Magill Creek Site #1 (SN01),06/26/2001 12:40:00,SNY319,NIT-AMM,Ammonia-nitrogen (as N),Total,,0.1,mg/l,False,0.1,,,Unknown,SNY001,Actual,SW,Water,,,Clayton,07060003,River/Stream,,42.94880662,-91.18632674
6,15220004,Sny Magill Creek Site #1 (SN01),07/17/2001 12:25:00,SNY319,NIT-AMM,Ammonia-nitrogen (as N),Total,,0.1,mg/l,False,0.1,,,Unknown,SNY001,Actual,SW,Water,,,Clayton,07060003,River/Stream,,42.94880662,-91.18632674
6,15220004,Sny Magill Creek Site #1 (SN01),07/24/2001 12:10:00,SNY319,NIT-AMM,Ammonia-nitrogen (as N),Total,,0.1,mg/l,False,0.1,,,Unknown,SNY001,Actual,SW,Water,,,Clayton,07060003,River/Stream,,42.94880662,-91.18632674
6,15220004,Sny Magill Creek Site #1 (SN01),08/14/2001 14:00:00,SNY319,NIT-AMM,Ammonia-nitrogen (as N),Total,,0.1,mg/l,False,0.1,,,Unknown,SNY001,Actual,SW,Water,,,Clayton,07060003,River/Stream,,42.94880662,-91.18632674
6,15220004,Sny Magill Creek Site #1 (SN01),08/21/2001 11:40:00,SNY319,NIT-AMM,Ammonia-nitrogen (as N),Total,,0.04,mg/l,True,0.01,,,Unknown,SNY001,Actual,SW,Water,,,Clayton,07060003,River/Stream,,42.94880662,-91.18632674
6,15220004,Sny Magill Creek Site #1 (SN01),09/11/2001 13:45:00,SNY319,NIT-AMM,Ammonia-nitrogen (as N),Total,,0.01,mg/l,False,0.01,,,Unknown,SNY001,Actual,SW,Water,,,Clayton,07060003,River/Stream,,42.94880662,-91.18632674
6,15220004,Sny Magill Creek Site #1 (SN01),09/18/2001 11:25:00,SNY319,NIT-AMM,Ammonia-nitrogen (as N),Total,,0.05,mg/l,False,0.05,,,Unknown,SNY001,Actual,SW,Water,,,Clayton,07060003,River/Stream,,42.94880662,-91.18632674
6,15220007,Sny Magill North Tributary (SNT),10/31/2000 14:15:00,SNY319,NIT-AMM,Ammonia-nitrogen (as N),Total,,0.1,mg/l,False,0.1,,,Unknown,SNY001,Actual,SW,Water,,,Clayton,07060003,River/Stream,,42.96850981,-91.22439501
6,15220005,Sny Magill Creek Site #2 (SN02),04/24/2001 15:50:00,SNY319,NIT-AMM,Ammonia-nitrogen (as N),Total,,0.1,mg/l,False,0.1,,,Unknown,SNY001,Actual,SW,Water,,,Clayton,07060003,River/Stream,,42.96808222,-91.22331192
6,15220005,Sny Magill Creek Site #2 (SN02),05/29/2001 13:05:00,SNY319,NIT-AMM,Ammonia-nitrogen (as N),Total,,0.1,mg/l,False,0.1,,,Unknown,SNY001,Actual,SW,Water,,,Clayton,07060003,River/Stream,,42.96808222,-91.22331192
6,15220005,Sny Magill Creek Site #2 (SN02),06/26/2001 13:10:00,SNY319,NIT-AMM,Ammonia-nitrogen (as N),Total,,0.1,mg/l,False,0.1,,,Unknown,SNY001,Actual,SW,Water,,,Clayton,07060003,River/Stream,,42.96808222,-91.22331192
6,15220006,Sny Magill Creek Site #3 (SN03),01/09/2001 12:55:00,SNY319,NIT-AMM,Ammonia-nitrogen (as N),Total,,0.1,mg/l,False,0.1,,,Unknown,SNY001,Actual,SW,Water,,,Clayton,07060003,River/Stream,,42.98149721,-91.24097377
6,15220006,Sny Magill Creek Site #3 (SN03),01/16/2001 12:35:00,SNY319,NIT-AMM,Ammonia-nitrogen (as N),Total,,0.1,mg/l,False,0.1,,,Unknown,SNY001,Actual,SW,Water,,,Clayton,07060003,River/Stream,,42.98149721,-91.24097377
6,15220006,Sny Magill Creek Site #3 (SN03),01/23/2001 13:00:00,SNY319,NIT-AMM,Ammonia-nitrogen (as N),Total,,0.1,mg/l,False,0.1,,,Unknown,SNY001,Actual,SW,Water,,,Clayton,07060003,River/Stream,,42.98149721,-91.24097377
6,15220006,Sny Magill Creek Site #3 (SN03),02/27/2001 15:10:00,SNY319,NIT-AMM,Ammonia-nitrogen (as N),Total,,0.1,mg/l,False,0.1,,,Unknown,SNY001,Actual,SW,Water,,,Clayton,07060003,River/Stream,,42.98149721,-91.24097377
6,15220004,Sny Magill Creek Site #1 (SN01),09/21/1999 13:10:00,SNY319,NIT-AMM,Ammonia-nitrogen (as N),Total,,0.1,mg/l,False,0.1,,,Unknown,SNY001,Actual,SW,Water,,,Clayton,07060003,River/Stream,,42.94880662,-91.18632674
6,15220006,Sny Magill Creek Site #3 (SN03),10/27/1998 13:45:00,SNY319,NIT-AMM,Ammonia-nitrogen (as N),Total,,0.1,mg/l,False,0.1,,,Unknown,SNY001,Actual,SW,Water,,,Clayton,07060003,River/Stream,,42.98149721,-91.24097377
6,15220006,Sny Magill Creek Site #3 (SN03),11/03/1998 13:30:00,SNY319,NIT-AMM,Ammonia-nitrogen (as N),Total,,0.1,mg/l,False,0.1,,,Unknown,SNY001,Actual,SW,Water,,,Clayton,07060003,River/Stream,,42.98149721,-91.24097377
6,15220006,Sny Magill Creek Site #3 (SN03),11/10/1998 13:50:00,SNY319,NIT-AMM,Ammonia-nitrogen (as N),Total,,0.1,mg/l,True,0.1,,,Unknown,SNY001,Actual,SW,Water,,,Clayton,07060003,River/Stream,,42.98149721,-91.24097377
6,15220006,Sny Magill Creek Site #3 (SN03),11/17/1998 13:50:00,SNY319,NIT-AMM,Ammonia-nitrogen (as N),Total,,0.1,mg/l,False,0.1,,,Unknown,SNY001,Actual,SW,Water,,,Clayton,07060003,River/Stream,,42.98149721,-91.24097377
6,15220006,Sny Magill Creek Site #3 (SN03),11/24/1998 13:05:00,SNY319,NIT-AMM,Ammonia-nitrogen (as N),Total,,0.1,mg/l,False,0.1,,,Unknown,SNY001,Actual,SW,Water,,,Clayton,07060003,River/Stream,,42.98149721,-91.24097377
6,15220006,Sny Magill Creek Site #3 (SN03),12/01/1998 14:15:00,SNY319,NIT-AMM,Ammonia-nitrogen (as N),Total,,0.1,mg/l,False,0.1,,,Unknown,SNY001,Actual,SW,Water,,,Clayton,07060003,River/Stream,,42.98149721,-91.24097377
6,15220007,Sny Magill North Tributary (SNT),12/29/1998 15:40:00,SNY319,NIT-AMM,Ammonia-nitrogen (as N),Total,,0.1,mg/l,False,0.1,,,Unknown,SNY001,Actual,SW,Water,,,Clayton,07060003,River/Stream,,42.96850981,-91.22439501
6,15220008,West Fork Sny Magill Creek  (SNWF),10/06/1998 13:30:00,SNY319,NIT-AMM,Ammonia-nitrogen (as N),Total,,0.1,mg/l,False,0.1,,,Unknown,SNY001,Actual,SW,Water,,,Clayton,07060003,River/Stream,,42.97628121,-91.23730654
6,15220008,West Fork Sny Magill Creek  (SNWF),10/13/1998 12:45:00,SNY319,NIT-AMM,Ammonia-nitrogen (as N),Total,,0.1,mg/l,False,0.1,,,Unknown,SNY001,Actual,SW,Water,,,Clayton,07060003,River/Stream,,42.97628121,-91.23730654
6,15220008,West Fork Sny Magill Creek  (SNWF),10/20/1998 13:30:00,SNY319,NIT-AMM,Ammonia-nitrogen (as N),Total,,0.1,mg/l,False,0.1,,,Unknown,SNY001,Actual,SW,Water,,,Clayton,07060003,River/Stream,,42.97628121,-91.23730654
6,15220008,West Fork Sny Magill Creek  (SNWF),10/27/1998 13:55:00,SNY319,NIT-AMM,Ammonia-nitrogen (as N),Total,,0.1,mg/l,False,0.1,,,Unknown,SNY001,Actual,SW,Water,,,Clayton,07060003,River/Stream,,42.97628121,-91.23730654
6,15220008,West Fork Sny Magill Creek  (SNWF),11/03/1998 13:40:00,SNY319,NIT-AMM,Ammonia-nitrogen (as N),Total,,0.1,mg/l,False,0.1,,,Unknown,SNY001,Actual,SW,Water,,,Clayton,07060003,River/Stream,,42.97628121,-91.23730654
6,15220008,West Fork Sny Magill Creek  (SNWF),12/22/1998 12:55:00,SNY319,NIT-AMM,Ammonia-nitrogen (as N),Total,,0.1,mg/l,False,0.1,,,Unknown,SNY001,Actual,SW,Water,,,Clayton,07060003,River/Stream,,42.97628121,-91.23730654
6,15220008,West Fork Sny Magill Creek  (SNWF),12/29/1998 16:10:00,SNY319,NIT-AMM,Ammonia-nitrogen (as N),Total,,0.1,mg/l,False,0.1,,,Unknown,SNY001,Actual,SW,Water,,,Clayton,07060003,River/Stream,,42.97628121,-91.23730654
6,15220005,Sny Magill Creek Site #2 (SN02),01/26/1999 13:25:00,SNY319,NIT-AMM,Ammonia-nitrogen (as N),Total,,0.1,mg/l,False,0.1,,,Unknown,SNY001,Actual,SW,Water,,,Clayton,07060003,River/Stream,,42.96808222,-91.22331192
6,15220005,Sny Magill Creek Site #2 (SN02),08/31/1999 14:15:00,SNY319,NIT-AMM,Ammonia-nitrogen (as N),Total,,0.1,mg/l,False,0.1,,,Unknown,SNY001,Actual,SW,Water,,,Clayton,07060003,River/Stream,,42.96808222,-91.22331192
6,15220005,Sny Magill Creek Site #2 (SN02),09/28/1999 13:20:00,SNY319,NIT-AMM,Ammonia-nitrogen (as N),Total,,0.1,mg/l,False,0.1,,,Unknown,SNY001,Actual,SW,Water,,,Clayton,07060003,River/Stream,,42.96808222,-91.22331192
6,15220006,Sny Magill Creek Site #3 (SN03),01/12/1999 13:40:00,SNY319,NIT-AMM,Ammonia-nitrogen (as N),Total,,0.1,mg/l,False,0.1,,,Unknown,SNY001,Actual,SW,Water,,,Clayton,07060003,River/Stream,,42.98149721,-91.24097377
6,15220006,Sny Magill Creek Site #3 (SN03),01/19/1999 14:15:00,SNY319,NIT-AMM,Ammonia-nitrogen (as N),Total,,0.1,mg/l,False,0.1,,,Unknown,SNY001,Actual,SW,Water,,,Clayton,07060003,River/Stream,,42.98149721,-91.24097377
6,15220006,Sny Magill Creek Site #3 (SN03),01/26/1999 13:50:00,SNY319,NIT-AMM,Ammonia-nitrogen (as N),Total,,0.1,mg/l,False,0.1,,,Unknown,SNY001,Actual,SW,Water,,,Clayton,07060003,River/Stream,,42.98149721,-91.24097377
6,15220006,Sny Magill Creek Site #3 (SN03),02/02/1999 13:10:00,SNY319,NIT-AMM,Ammonia-nitrogen (as N),Total,,0.1,mg/l,False,0.1,,,Unknown,SNY001,Actual,SW,Water,,,Clayton,07060003,River/Stream,,42.98149721,-91.24097377
6,15220006,Sny Magill Creek Site #3 (SN03),03/16/1999 12:20:00,SNY319,NIT-AMM,Ammonia-nitrogen (as N),Total,,0.1,mg/l,False,0.1,,,Unknown,SNY001,Actual,SW,Water,,,Clayton,07060003,River/Stream,,42.98149721,-91.24097377
6,15220006,Sny Magill Creek Site #3 (SN03),03/23/1999 12:15:00,SNY319,NIT-AMM,Ammonia-nitrogen (as N),Total,,0.1,mg/l,False,0.1,,,Unknown,SNY001,Actual,SW,Water,,,Clayton,07060003,River/Stream,,42.98149721,-91.24097377
6,15220006,Sny Magill Creek Site #3 (SN03),03/30/1999 14:15:00,SNY319,NIT-AMM,Ammonia-nitrogen (as N),Total,,0.1,mg/l,False,0.1,,,Unknown,SNY001,Actual,SW,Water,,,Clayton,07060003,River/Stream,,42.98149721,-91.24097377
6,15220006,Sny Magill Creek Site #3 (SN03),04/06/1999 12:30:00,SNY319,NIT-AMM,Ammonia-nitrogen (as N),Total,,0.1,mg/l,False,0.1,,,Unknown,SNY001,Actual,SW,Water,,,Clayton,07060003,River/Stream,,42.98149721,-91.24097377
6,15220006,Sny Magill Creek Site #3 (SN03),04/13/1999 12:55:00,SNY319,NIT-AMM,Ammonia-nitrogen (as N),Total,,0.1,mg/l,False,0.1,,,Unknown,SNY001,Actual,SW,Water,,,Clayton,07060003,River/Stream,,42.98149721,-91.24097377
6,15220006,Sny Magill Creek Site #3 (SN03),04/20/1999 11:40:00,SNY319,NIT-AMM,Ammonia-nitrogen (as N),Total,,0.1,mg/l,False,0.1,,,Unknown,SNY001,Actual,SW,Water,,,Clayton,07060003,River/Stream,,42.98149721,-91.24097377
6,15220006,Sny Magill Creek Site #3 (SN03),06/01/1999 12:55:00,SNY319,NIT-AMM,Ammonia-nitrogen (as N),Total,,0.1,mg/l,False,0.1,,,Unknown,SNY001,Actual,SW,Water,,,Clayton,07060003,River/Stream,,42.98149721,-91.24097377
6,15220006,Sny Magill Creek Site #3 (SN03),06/08/1999 12:45:00,SNY319,NIT-AMM,Ammonia-nitrogen (as N),Total,,0.1,mg/l,False,0.1,,,Unknown,SNY001,Actual,SW,Water,,,Clayton,07060003,River/Stream,,42.98149721,-91.24097377
6,15220006,Sny Magill Creek Site #3 (SN03),06/15/1999 12:50:00,SNY319,NIT-AMM,Ammonia-nitrogen (as N),Total,,0.1,mg/l,False,0.1,,,Unknown,SNY001,Actual,SW,Water,,,Clayton,07060003,River/Stream,,42.98149721,-91.24097377
6,15220006,Sny Magill Creek Site #3 (SN03),06/22/1999 11:00:00,SNY319,NIT-AMM,Ammonia-nitrogen (as N),Total,,0.1,mg/l,False,0.1,,,Unknown,SNY001,Actual,SW,Water,,,Clayton,07060003,River/Stream,,42.98149721,-91.24097377
6,15220006,Sny Magill Creek Site #3 (SN03),06/29/1999 14:30:00,SNY319,NIT-AMM,Ammonia-nitrogen (as N),Total,,0.1,mg/l,False,0.1,,,Unknown,SNY001,Actual,SW,Water,,,Clayton,07060003,River/Stream,,42.98149721,-91.24097377
6,15220006,Sny Magill Creek Site #3 (SN03),07/06/1999 13:35:00,SNY319,NIT-AMM,Ammonia-nitrogen (as N),Total,,0.1,mg/l,False,0.1,,,Unknown,SNY001,Actual,SW,Water,,,Clayton,07060003,River/Stream,,42.98149721,-91.24097377
6,15220006,Sny Magill Creek Site #3 (SN03),08/31/1999 14:40:00,SNY319,NIT-AMM,Ammonia-nitrogen (as N),Total,,0.1,mg/l,False,0.1,,,Unknown,SNY001,Actual,SW,Water,,,Clayton,07060003,River/Stream,,42.98149721,-91.24097377
6,15220006,Sny Magill Creek Site #3 (SN03),09/07/1999 14:10:00,SNY319,NIT-AMM,Ammonia-nitrogen (as N),Total,,0.1,mg/l,False,0.1,,,Unknown,SNY001,Actual,SW,Water,,,Clayton,07060003,River/Stream,,42.98149721,-91.24097377
6,15220006,Sny Magill Creek Site #3 (SN03),09/14/1999 12:00:00,SNY319,NIT-AMM,Ammonia-nitrogen (as N),Total,,0.1,mg/l,False,0.1,,,Unknown,SNY001,Actual,SW,Water,,,Clayton,07060003,River/Stream,,42.98149721,-91.24097377
6,15220006,Sny Magill Creek Site #3 (SN03),09/21/1999 14:10:00,SNY319,NIT-AMM,Ammonia-nitrogen (as N),Total,,0.1,mg/l,False,0.1,,,Unknown,SNY001,Actual,SW,Water,,,Clayton,07060003,River/Stream,,42.98149721,-91.24097377
6,15220006,Sny Magill Creek Site #3 (SN03),09/28/1999 13:40:00,SNY319,NIT-AMM,Ammonia-nitrogen (as N),Total,,0.1,mg/l,False,0.1,,,Unknown,SNY001,Actual,SW,Water,,,Clayton,07060003,River/Stream,,42.98149721,-91.24097377
6,15220007,Sny Magill North Tributary (SNT),07/27/1999 14:30:00,SNY319,NIT-AMM,Ammonia-nitrogen (as N),Total,,0.6,mg/l,True,0.1,,,Unknown,SNY001,Actual,SW,Water,,,Clayton,07060003,River/Stream,,42.96850981,-91.22439501
6,15220007,Sny Magill North Tributary (SNT),08/31/1999 14:30:00,SNY319,NIT-AMM,Ammonia-nitrogen (as N),Total,,0.1,mg/l,False,0.1,,,Unknown,SNY001,Actual,SW,Water,,,Clayton,07060003,River/Stream,,42.96850981,-91.22439501
6,15220007,Sny Magill North Tributary (SNT),09/28/1999 13:30:00,SNY319,NIT-AMM,Ammonia-nitrogen (as N),Total,,0.1,mg/l,False,0.1,,,Unknown,SNY001,Actual,SW,Water,,,Clayton,07060003,River/Stream,,42.96850981,-91.22439501
6,15220008,West Fork Sny Magill Creek  (SNWF),01/12/1999 13:50:00,SNY319,NIT-AMM,Ammonia-nitrogen (as N),Total,,0.1,mg/l,False,0.1,,,Unknown,SNY001,Actual,SW,Water,,,Clayton,07060003,River/Stream,,42.97628121,-91.23730654
6,15220008,West Fork Sny Magill Creek  (SNWF),01/19/1999 14:30:00,SNY319,NIT-AMM,Ammonia-nitrogen (as N),Total,,0.1,mg/l,False,0.1,,,Unknown,SNY001,Actual,SW,Water,,,Clayton,07060003,River/Stream,,42.97628121,-91.23730654
6,15220008,West Fork Sny Magill Creek  (SNWF),01/26/1999 14:00:00,SNY319,NIT-AMM,Ammonia-nitrogen (as N),Total,,0.1,mg/l,False,0.1,,,Unknown,SNY001,Actual,SW,Water,,,Clayton,07060003,River/Stream,,42.97628121,-91.23730654
6,15220004,Sny Magill Creek Site #1 (SN01),10/12/1999 11:50:00,SNY319,NIT-AMM,Ammonia-nitrogen (as N),Total,,0.1,mg/l,False,0.1,,,Unknown,SNY001,Actual,SW,Water,,,Clayton,07060003,River/Stream,,42.94880662,-91.18632674
6,15220004,Sny Magill Creek Site #1 (SN01),11/09/1999 13:00:00,SNY319,NIT-AMM,Ammonia-nitrogen (as N),Total,,0.1,mg/l,False,0.1,,,Unknown,SNY001,Actual,SW,Water,,,Clayton,07060003,River/Stream,,42.94880662,-91.18632674
6,15220004,Sny Magill Creek Site #1 (SN01),10/19/1999 13:10:00,SNY319,NIT-AMM,Ammonia-nitrogen (as N),Total,,0.1,mg/l,False,0.1,,,Unknown,SNY001,Actual,SW,Water,,,Clayton,07060003,River/Stream,,42.94880662,-91.18632674
6,15220004,Sny Magill Creek Site #1 (SN01),11/16/1999 12:35:00,SNY319,NIT-AMM,Ammonia-nitrogen (as N),Total,,0.1,mg/l,False,0.1,,,Unknown,SNY001,Actual,SW,Water,,,Clayton,07060003,River/Stream,,42.94880662,-91.18632674
6,15220004,Sny Magill Creek Site #1 (SN01),12/07/1999 13:00:00,SNY319,NIT-AMM,Ammonia-nitrogen (as N),Total,,0.1,mg/l,False,0.1,,,Unknown,SNY001,Actual,SW,Water,,,Clayton,07060003,River/Stream,,42.94880662,-91.18632674
6,15220004,Sny Magill Creek Site #1 (SN01),12/14/1999 12:50:00,SNY319,NIT-AMM,Ammonia-nitrogen (as N),Total,,0.1,mg/l,False,0.1,,,Unknown,SNY001,Actual,SW,Water,,,Clayton,07060003,River/Stream,,42.94880662,-91.18632674
6,15220005,Sny Magill Creek Site #2 (SN02),10/26/1999 13:50:00,SNY319,NIT-AMM,Ammonia-nitrogen (as N),Total,,0.1,mg/l,False,0.1,,,Unknown,SNY001,Actual,SW,Water,,,Clayton,07060003,River/Stream,,42.96808222,-91.22331192
6,15220005,Sny Magill Creek Site #2 (SN02),11/30/1999 14:25:00,SNY319,NIT-AMM,Ammonia-nitrogen (as N),Total,,0.1,mg/l,False,0.1,,,Unknown,SNY001,Actual,SW,Water,,,Clayton,07060003,River/Stream,,42.96808222,-91.22331192
6,15220005,Sny Magill Creek Site #2 (SN02),12/28/1999 14:20:00,SNY319,NIT-AMM,Ammonia-nitrogen (as N),Total,,0.1,mg/l,False,0.1,,,Unknown,SNY001,Actual,SW,Water,,,Clayton,07060003,River/Stream,,42.96808222,-91.22331192
6,15220006,Sny Magill Creek Site #3 (SN03),10/26/1999 14:15:00,SNY319,NIT-AMM,Ammonia-nitrogen (as N),Total,,0.1,mg/l,False,0.1,,,Unknown,SNY001,Actual,SW,Water,,,Clayton,07060003,River/Stream,,42.98149721,-91.24097377
6,15220006,Sny Magill Creek Site #3 (SN03),11/02/1999 14:00:00,SNY319,NIT-AMM,Ammonia-nitrogen (as N),Total,,0.1,mg/l,False,0.1,,,Unknown,SNY001,Actual,SW,Water,,,Clayton,07060003,River/Stream,,42.98149721,-91.24097377
6,15220006,Sny Magill Creek Site #3 (SN03),11/09/1999 13:25:00,SNY319,NIT-AMM,Ammonia-nitrogen (as N),Total,,0.1,mg/l,False,0.1,,,Unknown,SNY001,Actual,SW,Water,,,Clayton,07060003,River/Stream,,42.98149721,-91.24097377
6,15220006,Sny Magill Creek Site #3 (SN03),11/16/1999 13:05:00,SNY319,NIT-AMM,Ammonia-nitrogen (as N),Total,,0.1,mg/l,False,0.1,,,Unknown,SNY001,Actual,SW,Water,,,Clayton,07060003,River/Stream,,42.98149721,-91.24097377
6,15220006,Sny Magill Creek Site #3 (SN03),12/14/1999 13:25:00,SNY319,NIT-AMM,Ammonia-nitrogen (as N),Total,,0.1,mg/l,False,0.1,,,Unknown,SNY001,Actual,SW,Water,,,Clayton,07060003,River/Stream,,42.98149721,-91.24097377
6,15220006,Sny Magill Creek Site #3 (SN03),12/21/1999 13:15:00,SNY319,NIT-AMM,Ammonia-nitrogen (as N),Total,,0.1,mg/l,False,0.1,,,Unknown,SNY001,Actual,SW,Water,,,Clayton,07060003,River/Stream,,42.98149721,-91.24097377
6,15220006,Sny Magill Creek Site #3 (SN03),12/28/1999 14:45:00,SNY319,NIT-AMM,Ammonia-nitrogen (as N),Total,,0.1,mg/l,False,0.1,,,Unknown,SNY001,Actual,SW,Water,,,Clayton,07060003,River/Stream,,42.98149721,-91.24097377
6,15220004,Sny Magill Creek Site #1 (SN01),01/04/2000 12:35:00,SNY319,NIT-AMM,Ammonia-nitrogen (as N),Total,,0.1,mg/l,False,0.1,,,Unknown,SNY001,Actual,SW,Water,,,Clayton,07060003,River/Stream,,42.94880662,-91.18632674
6,15220004,Sny Magill Creek Site #1 (SN01),02/01/2000 12:45:00,SNY319,NIT-AMM,Ammonia-nitrogen (as N),Total,,0.1,mg/l,False,0.1,,,Unknown,SNY001,Actual,SW,Water,,,Clayton,07060003,River/Stream,,42.94880662,-91.18632674
6,15220004,Sny Magill Creek Site #1 (SN01),02/08/2000 13:40:00,SNY319,NIT-AMM,Ammonia-nitrogen (as N),Total,,0.1,mg/l,False,0.1,,,Unknown,SNY001,Actual,SW,Water,,,Clayton,07060003,River/Stream,,42.94880662,-91.18632674
6,15220004,Sny Magill Creek Site #1 (SN01),02/29/2000 14:45:00,SNY319,NIT-AMM,Ammonia-nitrogen (as N),Total,,0.1,mg/l,False,0.1,,,Unknown,SNY001,Actual,SW,Water,,,Clayton,07060003,River/Stream,,42.94880662,-91.18632674
6,15220004,Sny Magill Creek Site #1 (SN01),03/07/2000 12:20:00,SNY319,NIT-AMM,Ammonia-nitrogen (as N),Total,,0.1,mg/l,True,0.1,,,Unknown,SNY001,Actual,SW,Water,,,Clayton,07060003,River/Stream,,42.94880662,-91.18632674
6,15220004,Sny Magill Creek Site #1 (SN01),03/28/2000 14:45:00,SNY319,NIT-AMM,Ammonia-nitrogen (as N),Total,,0.1,mg/l,False,0.1,,,Unknown,SNY001,Actual,SW,Water,,,Clayton,07060003,River/Stream,,42.94880662,-91.18632674
6,15220004,Sny Magill Creek Site #1 (SN01),04/04/2000 12:45:00,SNY319,NIT-AMM,Ammonia-nitrogen (as N),Total,,0.1,mg/l,False,0.1,,,Unknown,SNY001,Actual,SW,Water,,,Clayton,07060003,River/Stream,,42.94880662,-91.18632674
6,15220004,Sny Magill Creek Site #1 (SN01),04/25/2000 14:30:00,SNY319,NIT-AMM,Ammonia-nitrogen (as N),Total,,0.1,mg/l,False,0.1,,,Unknown,SNY001,Actual,SW,Water,,,Clayton,07060003,River/Stream,,42.94880662,-91.18632674
6,15220004,Sny Magill Creek Site #1 (SN01),05/02/2000 13:20:00,SNY319,NIT-AMM,Ammonia-nitrogen (as N),Total,,0.1,mg/l,False,0.1,,,Unknown,SNY001,Actual,SW,Water,,,Clayton,07060003,River/Stream,,42.94880662,-91.18632674
6,15220004,Sny Magill Creek Site #1 (SN01),05/23/2000 13:15:00,SNY319,NIT-AMM,Ammonia-nitrogen (as N),Total,,0.1,mg/l,False,0.1,,,Unknown,SNY001,Actual,SW,Water,,,Clayton,07060003,River/Stream,,42.94880662,-91.18632674
6,15220004,Sny Magill Creek Site #1 (SN01),05/30/2000 14:55:00,SNY319,NIT-AMM,Ammonia-nitrogen (as N),Total,,0.1,mg/l,False,0.1,,,Unknown,SNY001,Actual,SW,Water,,,Clayton,07060003,River/Stream,,42.94880662,-91.18632674
6,15220004,Sny Magill Creek Site #1 (SN01),06/20/2000 12:25:00,SNY319,NIT-AMM,Ammonia-nitrogen (as N),Total,,0.1,mg/l,False,0.1,,,Unknown,SNY001,Actual,SW,Water,,,Clayton,07060003,River/Stream,,42.94880662,-91.18632674
6,15220004,Sny Magill Creek Site #1 (SN01),06/27/2000 14:20:00,SNY319,NIT-AMM,Ammonia-nitrogen (as N),Total,,0.1,mg/l,False,0.1,,,Unknown,SNY001,Actual,SW,Water,,,Clayton,07060003,River/Stream,,42.94880662,-91.18632674
6,15220004,Sny Magill Creek Site #1 (SN01),07/18/2000 13:10:00,SNY319,NIT-AMM,Ammonia-nitrogen (as N),Total,,0.1,mg/l,False,0.1,,,Unknown,SNY001,Actual,SW,Water,,,Clayton,07060003,River/Stream,,42.94880662,-91.18632674
6,15220004,Sny Magill Creek Site #1 (SN01),07/25/2000 13:35:00,SNY319,NIT-AMM,Ammonia-nitrogen (as N),Total,,0.1,mg/l,False,0.1,,,Unknown,SNY001,Actual,SW,Water,,,Clayton,07060003,River/Stream,,42.94880662,-91.18632674
6,15220004,Sny Magill Creek Site #1 (SN01),08/15/2000 13:20:00,SNY319,NIT-AMM,Ammonia-nitrogen (as N),Total,,0.1,mg/l,False,0.1,,,Unknown,SNY001,Actual,SW,Water,,,Clayton,07060003,River/Stream,,42.94880662,-91.18632674
6,15220004,Sny Magill Creek Site #1 (SN01),08/22/2000 12:30:00,SNY319,NIT-AMM,Ammonia-nitrogen (as N),Total,,0.1,mg/l,False,0.1,,,Unknown,SNY001,Actual,SW,Water,,,Clayton,07060003,River/Stream,,42.94880662,-91.18632674
6,15220004,Sny Magill Creek Site #1 (SN01),09/12/2000 12:55:00,SNY319,NIT-AMM,Ammonia-nitrogen (as N),Total,,0.1,mg/l,False,0.1,,,Unknown,SNY001,Actual,SW,Water,,,Clayton,07060003,River/Stream,,42.94880662,-91.18632674
6,15220004,Sny Magill Creek Site #1 (SN01),01/11/2000 14:10:00,SNY319,NIT-AMM,Ammonia-nitrogen (as N),Total,,0.1,mg/l,False,0.1,,,Unknown,SNY001,Actual,SW,Water,,,Clayton,07060003,River/Stream,,42.94880662,-91.18632674
6,15220004,Sny Magill Creek Site #1 (SN01),09/19/2000 12:15:00,SNY319,NIT-AMM,Ammonia-nitrogen (as N),Total,,0.1,mg/l,False,0.1,,,Unknown,SNY001,Actual,SW,Water,,,Clayton,07060003,River/Stream,,42.94880662,-91.18632674
6,15220004,Sny Magill Creek Site #1 (SN01),09/26/2000 14:40:00,SNY319,NIT-AMM,Ammonia-nitrogen (as N),Total,,0.1,mg/l,False,0.1,,,Unknown,SNY001,Actual,SW,Water,,,Clayton,07060003,River/Stream,,42.94880662,-91.18632674
6,15220005,Sny Magill Creek Site #2 (SN02),04/25/2000 15:05:00,SNY319,NIT-AMM,Ammonia-nitrogen (as N),Total,,0.1,mg/l,False,0.1,,,Unknown,SNY001,Actual,SW,Water,,,Clayton,07060003,River/Stream,,42.96808222,-91.22331192
6,15220005,Sny Magill Creek Site #2 (SN02),05/30/2000 15:35:00,SNY319,NIT-AMM,Ammonia-nitrogen (as N),Total,,0.1,mg/l,False,0.1,,,Unknown,SNY001,Actual,SW,Water,,,Clayton,07060003,River/Stream,,42.96808222,-91.22331192
6,15220005,Sny Magill Creek Site #2 (SN02),06/27/2000 15:00:00,SNY319,NIT-AMM,Ammonia-nitrogen (as N),Total,,0.1,mg/l,False,0.1,,,Unknown,SNY001,Actual,SW,Water,,,Clayton,07060003,River/Stream,,42.96808222,-91.22331192
6,15220006,Sny Magill Creek Site #3 (SN03),01/04/2000 13:10:00,SNY319,NIT-AMM,Ammonia-nitrogen (as N),Total,,0.1,mg/l,False,0.1,,,Unknown,SNY001,Actual,SW,Water,,,Clayton,07060003,River/Stream,,42.98149721,-91.24097377
6,15220006,Sny Magill Creek Site #3 (SN03),01/11/2000 15:15:00,SNY319,NIT-AMM,Ammonia-nitrogen (as N),Total,,0.1,mg/l,False,0.1,,,Unknown,SNY001,Actual,SW,Water,,,Clayton,07060003,River/Stream,,42.98149721,-91.24097377
6,15220006,Sny Magill Creek Site #3 (SN03),01/18/2000 13:45:00,SNY319,NIT-AMM,Ammonia-nitrogen (as N),Total,,0.1,mg/l,False,0.1,,,Unknown,SNY001,Actual,SW,Water,,,Clayton,07060003,River/Stream,,42.98149721,-91.24097377
6,15220006,Sny Magill Creek Site #3 (SN03),02/22/2000 14:40:00,SNY319,NIT-AMM,Ammonia-nitrogen (as N),Total,,0.1,mg/l,False,0.1,,,Unknown,SNY001,Actual,SW,Water,,,Clayton,07060003,River/Stream,,42.98149721,-91.24097377
6,15220006,Sny Magill Creek Site #3 (SN03),02/29/2000 15:40:00,SNY319,NIT-AMM,Ammonia-nitrogen (as N),Total,,0.1,mg/l,False,0.1,,,Unknown,SNY001,Actual,SW,Water,,,Clayton,07060003,River/Stream,,42.98149721,-91.24097377
6,15220006,Sny Magill Creek Site #3 (SN03),03/07/2000 13:05:00,SNY319,NIT-AMM,Ammonia-nitrogen (as N),Total,,0.1,mg/l,False,0.1,,,Unknown,SNY001,Actual,SW,Water,,,Clayton,07060003,River/Stream,,42.98149721,-91.24097377
6,15220006,Sny Magill Creek Site #3 (SN03),04/04/2000 13:25:00,SNY319,NIT-AMM,Ammonia-nitrogen (as N),Total,,0.1,mg/l,False,0.1,,,Unknown,SNY001,Actual,SW,Water,,,Clayton,07060003,River/Stream,,42.98149721,-91.24097377
6,15220006,Sny Magill Creek Site #3 (SN03),04/11/2000 14:45:00,SNY319,NIT-AMM,Ammonia-nitrogen (as N),Total,,0.1,mg/l,True,0.1,,,Unknown,SNY001,Actual,SW,Water,,,Clayton,07060003,River/Stream,,42.98149721,-91.24097377
6,15220006,Sny Magill Creek Site #3 (SN03),04/18/2000 13:30:00,SNY319,NIT-AMM,Ammonia-nitrogen (as N),Total,,0.3,mg/l,True,0.1,,,Unknown,SNY001,Actual,SW,Water,,,Clayton,07060003,River/Stream,,42.98149721,-91.24097377
6,15220006,Sny Magill Creek Site #3 (SN03),04/25/2000 15:35:00,SNY319,NIT-AMM,Ammonia-nitrogen (as N),Total,,0.1,mg/l,False,0.1,,,Unknown,SNY001,Actual,SW,Water,,,Clayton,07060003,River/Stream,,42.98149721,-91.24097377
6,15220006,Sny Magill Creek Site #3 (SN03),05/23/2000 13:55:00,SNY319,NIT-AMM,Ammonia-nitrogen (as N),Total,,0.1,mg/l,False,0.1,,,Unknown,SNY001,Actual,SW,Water,,,Clayton,07060003,River/Stream,,42.98149721,-91.24097377
6,15220006,Sny Magill Creek Site #3 (SN03),05/30/2000 16:00:00,SNY319,NIT-AMM,Ammonia-nitrogen (as N),Total,,0.1,mg/l,False,0.1,,,Unknown,SNY001,Actual,SW,Water,,,Clayton,07060003,River/Stream,,42.98149721,-91.24097377
6,15220006,Sny Magill Creek Site #3 (SN03),06/06/2000 12:55:00,SNY319,NIT-AMM,Ammonia-nitrogen (as N),Total,,0.1,mg/l,False,0.1,,,Unknown,SNY001,Actual,SW,Water,,,Clayton,07060003,River/Stream,,42.98149721,-91.24097377
6,15220006,Sny Magill Creek Site #3 (SN03),07/04/2000 13:40:00,SNY319,NIT-AMM,Ammonia-nitrogen (as N),Total,,0.1,mg/l,False,0.1,,,Unknown,SNY001,Actual,SW,Water,,,Clayton,07060003,River/Stream,,42.98149721,-91.24097377
6,15220006,Sny Magill Creek Site #3 (SN03),07/11/2000 13:10:00,SNY319,NIT-AMM,Ammonia-nitrogen (as N),Total,,0.1,mg/l,False,0.1,,,Unknown,SNY001,Actual,SW,Water,,,Clayton,07060003,River/Stream,,42.98149721,-91.24097377
6,15220006,Sny Magill Creek Site #3 (SN03),07/18/2000 13:50:00,SNY319,NIT-AMM,Ammonia-nitrogen (as N),Total,,0.1,mg/l,False,0.1,,,Unknown,SNY001,Actual,SW,Water,,,Clayton,07060003,River/Stream,,42.98149721,-91.24097377
6,15220006,Sny Magill Creek Site #3 (SN03),08/22/2000 13:20:00,SNY319,NIT-AMM,Ammonia-nitrogen (as N),Total,,0.1,mg/l,True,0.1,,,Unknown,SNY001,Actual,SW,Water,,,Clayton,07060003,River/Stream,,42.98149721,-91.24097377
6,15220006,Sny Magill Creek Site #3 (SN03),08/29/2000 15:35:00,SNY319,NIT-AMM,Ammonia-nitrogen (as N),Total,,0.1,mg/l,False,0.1,,,Unknown,SNY001,Actual,SW,Water,,,Clayton,07060003,River/Stream,,42.98149721,-91.24097377
6,15220006,Sny Magill Creek Site #3 (SN03),09/05/2000 13:00:00,SNY319,NIT-AMM,Ammonia-nitrogen (as N),Total,,0.1,mg/l,False,0.1,,,Unknown,SNY001,Actual,SW,Water,,,Clayton,07060003,River/Stream,,42.98149721,-91.24097377
6,15220007,Sny Magill North Tributary (SNT),01/25/2000 14:30:00,SNY319,NIT-AMM,Ammonia-nitrogen (as N),Total,,0.1,mg/l,False,0.1,,,Unknown,SNY001,Actual,SW,Water,,,Clayton,07060003,River/Stream,,42.96850981,-91.22439501
6,15220007,Sny Magill North Tributary (SNT),02/29/2000 15:30:00,SNY319,NIT-AMM,Ammonia-nitrogen (as N),Total,,0.1,mg/l,False,0.1,,,Unknown,SNY001,Actual,SW,Water,,,Clayton,07060003,River/Stream,,42.96850981,-91.22439501
6,15220007,Sny Magill North Tributary (SNT),03/28/2000 15:40:00,SNY319,NIT-AMM,Ammonia-nitrogen (as N),Total,,0.1,mg/l,False,0.1,,,Unknown,SNY001,Actual,SW,Water,,,Clayton,07060003,River/Stream,,42.96850981,-91.22439501
6,15220007,Sny Magill North Tributary (SNT),04/25/2000 15:20:00,SNY319,NIT-AMM,Ammonia-nitrogen (as N),Total,,0.1,mg/l,False,0.1,,,Unknown,SNY001,Actual,SW,Water,,,Clayton,07060003,River/Stream,,42.96850981,-91.22439501
6,15220007,Sny Magill North Tributary (SNT),08/29/2000 15:25:00,SNY319,NIT-AMM,Ammonia-nitrogen (as N),Total,,0.1,mg/l,False,0.1,,,Unknown,SNY001,Actual,SW,Water,,,Clayton,07060003,River/Stream,,42.96850981,-91.22439501
6,15220004,Sny Magill Creek Site #1 (SN01),10/01/1996 13:30:00,SNY319,NIT-AMM,Ammonia-nitrogen (as N),Total,,0.1,mg/l,False,0.1,,,Unknown,SNY001,Actual,SW,Water,,,Clayton,07060003,River/Stream,,42.94880662,-91.18632674
6,15220008,West Fork Sny Magill Creek  (SNWF),09/05/1995 10:50:00,SNY319,NIT-AMM,Ammonia-nitrogen (as N),Total,,0.1,mg/l,False,0.1,,,Unknown,SNY001,Actual,SW,Water,,,Clayton,07060003,River/Stream,,42.97628121,-91.23730654
6,15220008,West Fork Sny Magill Creek  (SNWF),08/29/1995 16:20:00,SNY319,NIT-AMM,Ammonia-nitrogen (as N),Total,,0.1,mg/l,False,0.1,,,Unknown,SNY001,Actual,SW,Water,,,Clayton,07060003,River/Stream,,42.97628121,-91.23730654
6,15220008,West Fork Sny Magill Creek  (SNWF),08/22/1995 15:30:00,SNY319,NIT-AMM,Ammonia-nitrogen (as N),Total,,0.1,mg/l,False,0.1,,,Unknown,SNY001,Actual,SW,Water,,,Clayton,07060003,River/Stream,,42.97628121,-91.23730654
6,15220008,West Fork Sny Magill Creek  (SNWF),08/01/1995 11:00:00,SNY319,NIT-AMM,Ammonia-nitrogen (as N),Total,,0.3,mg/l,True,0.1,,,Unknown,SNY001,Actual,SW,Water,,,Clayton,07060003,River/Stream,,42.97628121,-91.23730654
6,15220008,West Fork Sny Magill Creek  (SNWF),07/25/1995 18:25:00,SNY319,NIT-AMM,Ammonia-nitrogen (as N),Total,,0.1,mg/l,False,0.1,,,Unknown,SNY001,Actual,SW,Water,,,Clayton,07060003,River/Stream,,42.97628121,-91.23730654
6,15220008,West Fork Sny Magill Creek  (SNWF),07/18/1995 15:20:00,SNY319,NIT-AMM,Ammonia-nitrogen (as N),Total,,0.1,mg/l,False,0.1,,,Unknown,SNY001,Actual,SW,Water,,,Clayton,07060003,River/Stream,,42.97628121,-91.23730654
6,15220008,West Fork Sny Magill Creek  (SNWF),06/20/1995 10:55:00,SNY319,NIT-AMM,Ammonia-nitrogen (as N),Total,,0.1,mg/l,False,0.1,,,Unknown,SNY001,Actual,SW,Water,,,Clayton,07060003,River/Stream,,42.97628121,-91.23730654
6,15220008,West Fork Sny Magill Creek  (SNWF),05/16/1995 10:55:00,SNY319,NIT-AMM,Ammonia-nitrogen (as N),Total,,0.1,mg/l,False,0.1,,,Unknown,SNY001,Actual,SW,Water,,,Clayton,07060003,River/Stream,,42.97628121,-91.23730654
6,15220008,West Fork Sny Magill Creek  (SNWF),06/13/1995 15:40:00,SNY319,NIT-AMM,Ammonia-nitrogen (as N),Total,,0.1,mg/l,False,0.1,,,Unknown,SNY001,Actual,SW,Water,,,Clayton,07060003,River/Stream,,42.97628121,-91.23730654
6,15220008,West Fork Sny Magill Creek  (SNWF),05/23/1995 15:15:00,SNY319,NIT-AMM,Ammonia-nitrogen (as N),Total,,0.1,mg/l,False,0.1,,,Unknown,SNY001,Actual,SW,Water,,,Clayton,07060003,River/Stream,,42.97628121,-91.23730654
6,15220008,West Fork Sny Magill Creek  (SNWF),04/11/1995 14:10:00,SNY319,NIT-AMM,Ammonia-nitrogen (as N),Total,,0.1,mg/l,False,0.1,,,Unknown,SNY001,Actual,SW,Water,,,Clayton,07060003,River/Stream,,42.97628121,-91.23730654
6,15220008,West Fork Sny Magill Creek  (SNWF),05/09/1995 14:50:00,SNY319,NIT-AMM,Ammonia-nitrogen (as N),Total,,0.1,mg/l,False,0.1,,,Unknown,SNY001,Actual,SW,Water,,,Clayton,07060003,River/Stream,,42.97628121,-91.23730654
6,15220008,West Fork Sny Magill Creek  (SNWF),04/18/1995 11:20:00,SNY319,NIT-AMM,Ammonia-nitrogen (as N),Total,,0.1,mg/l,False,0.1,,,Unknown,SNY001,Actual,SW,Water,,,Clayton,07060003,River/Stream,,42.97628121,-91.23730654
6,15220008,West Fork Sny Magill Creek  (SNWF),04/04/1995 14:30:00,SNY319,NIT-AMM,Ammonia-nitrogen (as N),Total,,0.1,mg/l,False,0.1,,,Unknown,SNY001,Actual,SW,Water,,,Clayton,07060003,River/Stream,,42.97628121,-91.23730654
6,15220008,West Fork Sny Magill Creek  (SNWF),03/14/1995 15:35:00,SNY319,NIT-AMM,Ammonia-nitrogen (as N),Total,,0.1,mg/l,False,0.1,,,Unknown,SNY001,Actual,SW,Water,,,Clayton,07060003,River/Stream,,42.97628121,-91.23730654
6,15220008,West Fork Sny Magill Creek  (SNWF),03/07/1995 11:00:00,SNY319,NIT-AMM,Ammonia-nitrogen (as N),Total,,0.1,mg/l,False,0.1,,,Unknown,SNY001,Actual,SW,Water,,,Clayton,07060003,River/Stream,,42.97628121,-91.23730654
6,15220008,West Fork Sny Magill Creek  (SNWF),02/28/1995 10:55:00,SNY319,NIT-AMM,Ammonia-nitrogen (as N),Total,,0.1,mg/l,False,0.1,,,Unknown,SNY001,Actual,SW,Water,,,Clayton,07060003,River/Stream,,42.97628121,-91.23730654
6,15220008,West Fork Sny Magill Creek  (SNWF),02/07/1995 11:00:00,SNY319,NIT-AMM,Ammonia-nitrogen (as N),Total,,0.1,mg/l,True,0.1,,,Unknown,SNY001,Actual,SW,Water,,,Clayton,07060003,River/Stream,,42.97628121,-91.23730654
6,15220008,West Fork Sny Magill Creek  (SNWF),01/24/1995 14:20:00,SNY319,NIT-AMM,Ammonia-nitrogen (as N),Total,,0.1,mg/l,False,0.1,,,Unknown,SNY001,Actual,SW,Water,,,Clayton,07060003,River/Stream,,42.97628121,-91.23730654
6,15220004,Sny Magill Creek Site #1 (SN01),10/22/1996 12:30:00,SNY319,NIT-AMM,Ammonia-nitrogen (as N),Total,,0.1,mg/l,False,0.1,,,Unknown,SNY001,Actual,SW,Water,,,Clayton,07060003,River/Stream,,42.94880662,-91.18632674
6,15220004,Sny Magill Creek Site #1 (SN01),10/29/1996 14:10:00,SNY319,NIT-AMM,Ammonia-nitrogen (as N),Total,,0.1,mg/l,False,0.1,,,Unknown,SNY001,Actual,SW,Water,,,Clayton,07060003,River/Stream,,42.94880662,-91.18632674
6,15220004,Sny Magill Creek Site #1 (SN01),11/26/1996 12:00:00,SNY319,NIT-AMM,Ammonia-nitrogen (as N),Total,,0.1,mg/l,False,0.1,,,Unknown,SNY001,Actual,SW,Water,,,Clayton,07060003,River/Stream,,42.94880662,-91.18632674
6,15220004,Sny Magill Creek Site #1 (SN01),12/03/1996 11:50:00,SNY319,NIT-AMM,Ammonia-nitrogen (as N),Total,,0.1,mg/l,False,0.1,,,Unknown,SNY001,Actual,SW,Water,,,Clayton,07060003,River/Stream,,42.94880662,-91.18632674
6,15220004,Sny Magill Creek Site #1 (SN01),12/23/1996 12:05:00,SNY319,NIT-AMM,Ammonia-nitrogen (as N),Total,,0.1,mg/l,False,0.1,,,Unknown,SNY001,Actual,SW,Water,,,Clayton,07060003,River/Stream,,42.94880662,-91.18632674
6,15220004,Sny Magill Creek Site #1 (SN01),12/30/1996 14:00:00,SNY319,NIT-AMM,Ammonia-nitrogen (as N),Total,,0.1,mg/l,False,0.1,,,Unknown,SNY001,Actual,SW,Water,,,Clayton,07060003,River/Stream,,42.94880662,-91.18632674
6,15220006,Sny Magill Creek Site #3 (SN03),10/01/1996 14:20:00,SNY319,NIT-AMM,Ammonia-nitrogen (as N),Total,,0.1,mg/l,False,0.1,,,Unknown,SNY001,Actual,SW,Water,,,Clayton,07060003,River/Stream,,42.98149721,-91.24097377
6,15220006,Sny Magill Creek Site #3 (SN03),10/08/1996 14:55:00,SNY319,NIT-AMM,Ammonia-nitrogen (as N),Total,,0.1,mg/l,False,0.1,,,Unknown,SNY001,Actual,SW,Water,,,Clayton,07060003,River/Stream,,42.98149721,-91.24097377
6,15220006,Sny Magill Creek Site #3 (SN03),10/15/1996 12:00:00,SNY319,NIT-AMM,Ammonia-nitrogen (as N),Total,,0.1,mg/l,False,0.1,,,Unknown,SNY001,Actual,SW,Water,,,Clayton,07060003,River/Stream,,42.98149721,-91.24097377
6,15220006,Sny Magill Creek Site #3 (SN03),10/22/1996 13:10:00,SNY319,NIT-AMM,Ammonia-nitrogen (as N),Total,,0.1,mg/l,False,0.1,,,Unknown,SNY001,Actual,SW,Water,,,Clayton,07060003,River/Stream,,42.98149721,-91.24097377
6,15220006,Sny Magill Creek Site #3 (SN03),11/19/1996 11:00:00,SNY319,NIT-AMM,Ammonia-nitrogen (as N),Total,,0.1,mg/l,False,0.1,,,Unknown,SNY001,Actual,SW,Water,,,Clayton,07060003,River/Stream,,42.98149721,-91.24097377
6,15220006,Sny Magill Creek Site #3 (SN03),11/26/1996 13:55:00,SNY319,NIT-AMM,Ammonia-nitrogen (as N),Total,,0.1,mg/l,False,0.1,,,Unknown,SNY001,Actual,SW,Water,,,Clayton,07060003,River/Stream,,42.98149721,-91.24097377
6,15220006,Sny Magill Creek Site #3 (SN03),12/03/1996 12:30:00,SNY319,NIT-AMM,Ammonia-nitrogen (as N),Total,,0.1,mg/l,False,0.1,,,Unknown,SNY001,Actual,SW,Water,,,Clayton,07060003,River/Stream,,42.98149721,-91.24097377
6,15220007,Sny Magill North Tributary (SNT),10/29/1996 14:45:00,SNY319,NIT-AMM,Ammonia-nitrogen (as N),Total,,0.1,mg/l,False,0.1,,,Unknown,SNY001,Actual,SW,Water,,,Clayton,07060003,River/Stream,,42.96850981,-91.22439501
6,15220007,Sny Magill North Tributary (SNT),11/26/1996 13:30:00,SNY319,NIT-AMM,Ammonia-nitrogen (as N),Total,,0.1,mg/l,False,0.1,,,Unknown,SNY001,Actual,SW,Water,,,Clayton,07060003,River/Stream,,42.96850981,-91.22439501
6,15220007,Sny Magill North Tributary (SNT),12/30/1996 15:00:00,SNY319,NIT-AMM,Ammonia-nitrogen (as N),Total,,0.1,mg/l,False,0.1,,,Unknown,SNY001,Actual,SW,Water,,,Clayton,07060003,River/Stream,,42.96850981,-91.22439501
6,15220008,West Fork Sny Magill Creek  (SNWF),10/29/1996 15:05:00,SNY319,NIT-AMM,Ammonia-nitrogen (as N),Total,,0.1,mg/l,False,0.1,,,Unknown,SNY001,Actual,SW,Water,,,Clayton,07060003,River/Stream,,42.97628121,-91.23730654
6,15220008,West Fork Sny Magill Creek  (SNWF),11/05/1996 10:30:00,SNY319,NIT-AMM,Ammonia-nitrogen (as N),Total,,0.1,mg/l,False,0.1,,,Unknown,SNY001,Actual,SW,Water,,,Clayton,07060003,River/Stream,,42.97628121,-91.23730654
6,15220008,West Fork Sny Magill Creek  (SNWF),11/12/1996 13:10:00,SNY319,NIT-AMM,Ammonia-nitrogen (as N),Total,,0.1,mg/l,False,0.1,,,Unknown,SNY001,Actual,SW,Water,,,Clayton,07060003,River/Stream,,42.97628121,-91.23730654
6,15220008,West Fork Sny Magill Creek  (SNWF),12/10/1996 13:50:00,SNY319,NIT-AMM,Ammonia-nitrogen (as N),Total,,0.1,mg/l,False,0.1,,,Unknown,SNY001,Actual,SW,Water,,,Clayton,07060003,River/Stream,,42.97628121,-91.23730654
6,15220008,West Fork Sny Magill Creek  (SNWF),12/17/1996 12:30:00,SNY319,NIT-AMM,Ammonia-nitrogen (as N),Total,,0.1,mg/l,False,0.1,,,Unknown,SNY001,Actual,SW,Water,,,Clayton,07060003,River/Stream,,42.97628121,-91.23730654
6,15220004,Sny Magill Creek Site #1 (SN01),01/07/1997 12:30:00,SNY319,NIT-AMM,Ammonia-nitrogen (as N),Total,,0.1,mg/l,False,0.1,,,Unknown,SNY001,Actual,SW,Water,,,Clayton,07060003,River/Stream,,42.94880662,-91.18632674
6,15220008,West Fork Sny Magill Creek  (SNWF),12/23/1996 12:55:00,SNY319,NIT-AMM,Ammonia-nitrogen (as N),Total,,0.1,mg/l,False,0.1,,,Unknown,SNY001,Actual,SW,Water,,,Clayton,07060003,River/Stream,,42.97628121,-91.23730654
6,15220004,Sny Magill Creek Site #1 (SN01),01/14/1997 14:40:00,SNY319,NIT-AMM,Ammonia-nitrogen (as N),Total,,0.1,mg/l,False,0.1,,,Unknown,SNY001,Actual,SW,Water,,,Clayton,07060003,River/Stream,,42.94880662,-91.18632674
6,15220004,Sny Magill Creek Site #1 (SN01),02/04/1997 14:50:00,SNY319,NIT-AMM,Ammonia-nitrogen (as N),Total,,0.1,mg/l,False,0.1,,,Unknown,SNY001,Actual,SW,Water,,,Clayton,07060003,River/Stream,,42.94880662,-91.18632674
6,15220004,Sny Magill Creek Site #1 (SN01),02/11/1997 15:25:00,SNY319,NIT-AMM,Ammonia-nitrogen (as N),Total,,0.1,mg/l,False,0.1,,,Unknown,SNY001,Actual,SW,Water,,,Clayton,07060003,River/Stream,,42.94880662,-91.18632674
6,15220008,West Fork Sny Magill Creek  (SNWF),01/31/1995 12:00:00,SNY319,NIT-AMM,Ammonia-nitrogen (as N),Total,,0.1,mg/l,False,0.1,,,Unknown,SNY001,Actual,SW,Water,,,Clayton,07060003,River/Stream,,42.97628121,-91.23730654
6,15220008,West Fork Sny Magill Creek  (SNWF),01/03/1995 12:00:00,SNY319,NIT-AMM,Ammonia-nitrogen (as N),Total,,0.1,mg/l,False,0.1,,,Unknown,SNY001,Actual,SW,Water,,,Clayton,07060003,River/Stream,,42.97628121,-91.23730654
6,15220007,Sny Magill North Tributary (SNT),09/26/1995 15:00:00,SNY319,NIT-AMM,Ammonia-nitrogen (as N),Total,,0.1,mg/l,False,0.1,,,Unknown,SNY001,Actual,SW,Water,,,Clayton,07060003,River/Stream,,42.96850981,-91.22439501
6,15220007,Sny Magill North Tributary (SNT),05/30/1995 14:45:00,SNY319,NIT-AMM,Ammonia-nitrogen (as N),Total,,0.1,mg/l,False,0.1,,,Unknown,SNY001,Actual,SW,Water,,,Clayton,07060003,River/Stream,,42.96850981,-91.22439501
6,15220007,Sny Magill North Tributary (SNT),08/29/1995 15:55:00,SNY319,NIT-AMM,Ammonia-nitrogen (as N),Total,,0.2,mg/l,True,0.1,,,Unknown,SNY001,Actual,SW,Water,,,Clayton,07060003,River/Stream,,42.96850981,-91.22439501
6,15220007,Sny Magill North Tributary (SNT),04/25/1995 10:25:00,SNY319,NIT-AMM,Ammonia-nitrogen (as N),Total,,0.1,mg/l,False,0.1,,,Unknown,SNY001,Actual,SW,Water,,,Clayton,07060003,River/Stream,,42.96850981,-91.22439501
6,15220006,Sny Magill Creek Site #3 (SN03),09/26/1995 15:15:00,SNY319,NIT-AMM,Ammonia-nitrogen (as N),Total,,0.1,mg/l,False,0.1,,,Unknown,SNY001,Actual,SW,Water,,,Clayton,07060003,River/Stream,,42.98149721,-91.24097377
6,15220006,Sny Magill Creek Site #3 (SN03),09/19/1995 12:10:00,SNY319,NIT-AMM,Ammonia-nitrogen (as N),Total,,0.1,mg/l,True,0.1,,,Unknown,SNY001,Actual,SW,Water,,,Clayton,07060003,River/Stream,,42.98149721,-91.24097377
6,15220006,Sny Magill Creek Site #3 (SN03),09/12/1995 13:30:00,SNY319,NIT-AMM,Ammonia-nitrogen (as N),Total,,0.1,mg/l,True,0.1,,,Unknown,SNY001,Actual,SW,Water,,,Clayton,07060003,River/Stream,,42.98149721,-91.24097377
6,15220006,Sny Magill Creek Site #3 (SN03),08/22/1995 15:15:00,SNY319,NIT-AMM,Ammonia-nitrogen (as N),Total,,0.1,mg/l,False,0.1,,,Unknown,SNY001,Actual,SW,Water,,,Clayton,07060003,River/Stream,,42.98149721,-91.24097377
6,15220006,Sny Magill Creek Site #3 (SN03),08/15/1995 16:40:00,SNY319,NIT-AMM,Ammonia-nitrogen (as N),Total,,0.1,mg/l,False,0.1,,,Unknown,SNY001,Actual,SW,Water,,,Clayton,07060003,River/Stream,,42.98149721,-91.24097377
6,15220006,Sny Magill Creek Site #3 (SN03),07/18/1995 15:00:00,SNY319,NIT-AMM,Ammonia-nitrogen (as N),Total,,0.1,mg/l,False,0.1,,,Unknown,SNY001,Actual,SW,Water,,,Clayton,07060003,River/Stream,,42.98149721,-91.24097377
6,15220006,Sny Magill Creek Site #3 (SN03),08/08/1995 15:45:00,SNY319,NIT-AMM,Ammonia-nitrogen (as N),Total,,0.1,mg/l,False,0.1,,,Unknown,SNY001,Actual,SW,Water,,,Clayton,07060003,River/Stream,,42.98149721,-91.24097377
6,15220006,Sny Magill Creek Site #3 (SN03),07/11/1995 17:40:00,SNY319,NIT-AMM,Ammonia-nitrogen (as N),Total,,0.1,mg/l,False,0.1,,,Unknown,SNY001,Actual,SW,Water,,,Clayton,07060003,River/Stream,,42.98149721,-91.24097377
6,15220006,Sny Magill Creek Site #3 (SN03),07/04/1995 14:05:00,SNY319,NIT-AMM,Ammonia-nitrogen (as N),Total,,0.1,mg/l,False,0.1,,,Unknown,SNY001,Actual,SW,Water,,,Clayton,07060003,River/Stream,,42.98149721,-91.24097377
6,15220006,Sny Magill Creek Site #3 (SN03),06/06/1995 09:30:00,SNY319,NIT-AMM,Ammonia-nitrogen (as N),Total,,0.1,mg/l,False,0.1,,,Unknown,SNY001,Actual,SW,Water,,,Clayton,07060003,River/Stream,,42.98149721,-91.24097377
6,15220006,Sny Magill Creek Site #3 (SN03),05/30/1995 13:00:00,SNY319,NIT-AMM,Ammonia-nitrogen (as N),Total,,0.1,mg/l,False,0.1,,,Unknown,SNY001,Actual,SW,Water,,,Clayton,07060003,River/Stream,,42.98149721,-91.24097377
6,15220006,Sny Magill Creek Site #3 (SN03),05/02/1995 12:00:00,SNY319,NIT-AMM,Ammonia-nitrogen (as N),Total,,0.1,mg/l,False,0.1,,,Unknown,SNY001,Actual,SW,Water,,,Clayton,07060003,River/Stream,,42.98149721,-91.24097377
6,15220006,Sny Magill Creek Site #3 (SN03),04/25/1995 10:35:00,SNY319,NIT-AMM,Ammonia-nitrogen (as N),Total,,0.1,mg/l,False,0.1,,,Unknown,SNY001,Actual,SW,Water,,,Clayton,07060003,River/Stream,,42.98149721,-91.24097377
6,15220006,Sny Magill Creek Site #3 (SN03),04/04/1995 14:20:00,SNY319,NIT-AMM,Ammonia-nitrogen (as N),Total,,0.1,mg/l,False,0.1,,,Unknown,SNY001,Actual,SW,Water,,,Clayton,07060003,River/Stream,,42.98149721,-91.24097377
6,15220006,Sny Magill Creek Site #3 (SN03),03/28/1995 13:00:00,SNY319,NIT-AMM,Ammonia-nitrogen (as N),Total,,0.1,mg/l,False,0.1,,,Unknown,SNY001,Actual,SW,Water,,,Clayton,07060003,River/Stream,,42.98149721,-91.24097377
6,15220006,Sny Magill Creek Site #3 (SN03),03/21/1995 11:20:00,SNY319,NIT-AMM,Ammonia-nitrogen (as N),Total,,0.1,mg/l,False,0.1,,,Unknown,SNY001,Actual,SW,Water,,,Clayton,07060003,River/Stream,,42.98149721,-91.24097377
6,15220006,Sny Magill Creek Site #3 (SN03),02/28/1995 10:45:00,SNY319,NIT-AMM,Ammonia-nitrogen (as N),Total,,0.1,mg/l,False,0.1,,,Unknown,SNY001,Actual,SW,Water,,,Clayton,07060003,River/Stream,,42.98149721,-91.24097377
6,15220006,Sny Magill Creek Site #3 (SN03),02/21/1995 12:00:00,SNY319,NIT-AMM,Ammonia-nitrogen (as N),Total,,0.5,mg/l,True,0.1,,,Unknown,SNY001,Actual,SW,Water,,,Clayton,07060003,River/Stream,,42.98149721,-91.24097377
6,15220006,Sny Magill Creek Site #3 (SN03),02/14/1995 13:20:00,SNY319,NIT-AMM,Ammonia-nitrogen (as N),Total,,0.1,mg/l,False,0.1,,,Unknown,SNY001,Actual,SW,Water,,,Clayton,07060003,River/Stream,,42.98149721,-91.24097377
6,15220006,Sny Magill Creek Site #3 (SN03),01/24/1995 14:00:00,SNY319,NIT-AMM,Ammonia-nitrogen (as N),Total,,0.1,mg/l,False,0.1,,,Unknown,SNY001,Actual,SW,Water,,,Clayton,07060003,River/Stream,,42.98149721,-91.24097377
6,15220006,Sny Magill Creek Site #3 (SN03),01/17/1995 12:00:00,SNY319,NIT-AMM,Ammonia-nitrogen (as N),Total,,0.1,mg/l,False,0.1,,,Unknown,SNY001,Actual,SW,Water,,,Clayton,07060003,River/Stream,,42.98149721,-91.24097377
6,15220005,Sny Magill Creek Site #2 (SN02),08/29/1995 15:25:00,SNY319,NIT-AMM,Ammonia-nitrogen (as N),Total,,0.1,mg/l,False,0.1,,,Unknown,SNY001,Actual,SW,Water,,,Clayton,07060003,River/Stream,,42.96808222,-91.22331192
6,15220006,Sny Magill Creek Site #3 (SN03),01/10/1995 13:55:00,SNY319,NIT-AMM,Ammonia-nitrogen (as N),Total,,0.1,mg/l,False,0.1,,,Unknown,SNY001,Actual,SW,Water,,,Clayton,07060003,River/Stream,,42.98149721,-91.24097377
6,15220005,Sny Magill Creek Site #2 (SN02),06/27/1995 15:10:00,SNY319,NIT-AMM,Ammonia-nitrogen (as N),Total,,0.1,mg/l,False,0.1,,,Unknown,SNY001,Actual,SW,Water,,,Clayton,07060003,River/Stream,,42.96808222,-91.22331192
6,15220005,Sny Magill Creek Site #2 (SN02),07/25/1995 17:50:00,SNY319,NIT-AMM,Ammonia-nitrogen (as N),Total,,0.1,mg/l,False,0.1,,,Unknown,SNY001,Actual,SW,Water,,,Clayton,07060003,River/Stream,,42.96808222,-91.22331192
6,15220005,Sny Magill Creek Site #2 (SN02),01/31/1995 11:15:00,SNY319,NIT-AMM,Ammonia-nitrogen (as N),Total,,0.1,mg/l,False,0.1,,,Unknown,SNY001,Actual,SW,Water,,,Clayton,07060003,River/Stream,,42.96808222,-91.22331192
6,15220004,Sny Magill Creek Site #1 (SN01),09/19/1995 13:25:00,SNY319,NIT-AMM,Ammonia-nitrogen (as N),Total,,0.1,mg/l,True,0.1,,,Unknown,SNY001,Actual,SW,Water,,,Clayton,07060003,River/Stream,,42.94880662,-91.18632674
6,15220005,Sny Magill Creek Site #2 (SN02),02/28/1995 10:20:00,SNY319,NIT-AMM,Ammonia-nitrogen (as N),Total,,0.1,mg/l,False,0.1,,,Unknown,SNY001,Actual,SW,Water,,,Clayton,07060003,River/Stream,,42.96808222,-91.22331192
6,15220005,Sny Magill Creek Site #2 (SN02),03/28/1995 12:20:00,SNY319,NIT-AMM,Ammonia-nitrogen (as N),Total,,0.1,mg/l,False,0.1,,,Unknown,SNY001,Actual,SW,Water,,,Clayton,07060003,River/Stream,,42.96808222,-91.22331192
6,15220004,Sny Magill Creek Site #1 (SN01),09/12/1995 13:00:00,SNY319,NIT-AMM,Ammonia-nitrogen (as N),Total,,0.1,mg/l,False,0.1,,,Unknown,SNY001,Actual,SW,Water,,,Clayton,07060003,River/Stream,,42.94880662,-91.18632674
6,15220004,Sny Magill Creek Site #1 (SN01),08/22/1995 14:30:00,SNY319,NIT-AMM,Ammonia-nitrogen (as N),Total,,0.1,mg/l,False,0.1,,,Unknown,SNY001,Actual,SW,Water,,,Clayton,07060003,River/Stream,,42.94880662,-91.18632674
6,15220004,Sny Magill Creek Site #1 (SN01),06/06/1995 10:50:00,SNY319,NIT-AMM,Ammonia-nitrogen (as N),Total,,0.1,mg/l,False,0.1,,,Unknown,SNY001,Actual,SW,Water,,,Clayton,07060003,River/Stream,,42.94880662,-91.18632674
6,15220004,Sny Magill Creek Site #1 (SN01),08/15/1995 15:50:00,SNY319,NIT-AMM,Ammonia-nitrogen (as N),Total,,0.1,mg/l,False,0.1,,,Unknown,SNY001,Actual,SW,Water,,,Clayton,07060003,River/Stream,,42.94880662,-91.18632674
6,15220004,Sny Magill Creek Site #1 (SN01),08/01/1995 13:00:00,SNY319,NIT-AMM,Ammonia-nitrogen (as N),Total,,0.1,mg/l,True,0.1,,,Unknown,SNY001,Actual,SW,Water,,,Clayton,07060003,River/Stream,,42.94880662,-91.18632674
6,15220004,Sny Magill Creek Site #1 (SN01),03/04/1997 12:50:00,SNY319,NIT-AMM,Ammonia-nitrogen (as N),Total,,0.1,mg/l,True,0.1,,,Unknown,SNY001,Actual,SW,Water,,,Clayton,07060003,River/Stream,,42.94880662,-91.18632674
6,15220004,Sny Magill Creek Site #1 (SN01),03/11/1997 12:20:00,SNY319,NIT-AMM,Ammonia-nitrogen (as N),Total,,0.2,mg/l,True,0.1,,,Unknown,SNY001,Actual,SW,Water,,,Clayton,07060003,River/Stream,,42.94880662,-91.18632674
6,15220004,Sny Magill Creek Site #1 (SN01),04/01/1997 12:30:00,SNY319,NIT-AMM,Ammonia-nitrogen (as N),Total,,0.1,mg/l,False,0.1,,,Unknown,SNY001,Actual,SW,Water,,,Clayton,07060003,River/Stream,,42.94880662,-91.18632674
6,15220004,Sny Magill Creek Site #1 (SN01),04/08/1997 11:15:00,SNY319,NIT-AMM,Ammonia-nitrogen (as N),Total,,0.1,mg/l,False,0.1,,,Unknown,SNY001,Actual,SW,Water,,,Clayton,07060003,River/Stream,,42.94880662,-91.18632674
6,15220004,Sny Magill Creek Site #1 (SN01),04/29/1997 13:25:00,SNY319,NIT-AMM,Ammonia-nitrogen (as N),Total,,0.1,mg/l,False,0.1,,,Unknown,SNY001,Actual,SW,Water,,,Clayton,07060003,River/Stream,,42.94880662,-91.18632674
6,15220004,Sny Magill Creek Site #1 (SN01),05/06/1997 13:45:00,SNY319,NIT-AMM,Ammonia-nitrogen (as N),Total,,0.1,mg/l,False,0.1,,,Unknown,SNY001,Actual,SW,Water,,,Clayton,07060003,River/Stream,,42.94880662,-91.18632674
6,15220004,Sny Magill Creek Site #1 (SN01),06/03/1997 13:20:00,SNY319,NIT-AMM,Ammonia-nitrogen (as N),Total,,0.1,mg/l,False,0.1,,,Unknown,SNY001,Actual,SW,Water,,,Clayton,07060003,River/Stream,,42.94880662,-91.18632674
6,15220004,Sny Magill Creek Site #1 (SN01),07/01/1997 12:00:00,SNY319,NIT-AMM,Ammonia-nitrogen (as N),Total,,0.1,mg/l,False,0.1,,,Unknown,SNY001,Actual,SW,Water,,,Clayton,07060003,River/Stream,,42.94880662,-91.18632674
6,15220004,Sny Magill Creek Site #1 (SN01),07/28/1997 15:05:00,SNY319,NIT-AMM,Ammonia-nitrogen (as N),Total,,0.1,mg/l,False,0.1,,,Unknown,SNY001,Actual,SW,Water,,,Clayton,07060003,River/Stream,,42.94880662,-91.18632674
6,15220004,Sny Magill Creek Site #1 (SN01),07/08/1997 12:35:00,SNY319,NIT-AMM,Ammonia-nitrogen (as N),Total,,0.1,mg/l,False,0.1,,,Unknown,SNY001,Actual,SW,Water,,,Clayton,07060003,River/Stream,,42.94880662,-91.18632674
6,15220004,Sny Magill Creek Site #1 (SN01),08/05/1997 12:30:00,SNY319,NIT-AMM,Ammonia-nitrogen (as N),Total,,0.1,mg/l,False,0.1,,,Unknown,SNY001,Actual,SW,Water,,,Clayton,07060003,River/Stream,,42.94880662,-91.18632674
6,15220004,Sny Magill Creek Site #1 (SN01),08/26/1997 12:50:00,SNY319,NIT-AMM,Ammonia-nitrogen (as N),Total,,0.1,mg/l,False,0.1,,,Unknown,SNY001,Actual,SW,Water,,,Clayton,07060003,River/Stream,,42.94880662,-91.18632674
6,15220004,Sny Magill Creek Site #1 (SN01),09/02/1997 12:15:00,SNY319,NIT-AMM,Ammonia-nitrogen (as N),Total,,0.1,mg/l,False,0.1,,,Unknown,SNY001,Actual,SW,Water,,,Clayton,07060003,River/Stream,,42.94880662,-91.18632674
6,15220004,Sny Magill Creek Site #1 (SN01),09/23/1997 12:25:00,SNY319,NIT-AMM,Ammonia-nitrogen (as N),Total,,0.2,mg/l,True,0.1,,,Unknown,SNY001,Actual,SW,Water,,,Clayton,07060003,River/Stream,,42.94880662,-91.18632674
6,15220004,Sny Magill Creek Site #1 (SN01),09/30/1997 12:30:00,SNY319,NIT-AMM,Ammonia-nitrogen (as N),Total,,0.1,mg/l,False,0.1,,,Unknown,SNY001,Actual,SW,Water,,,Clayton,07060003,River/Stream,,42.94880662,-91.18632674
6,15220005,Sny Magill Creek Site #2 (SN02),04/29/1997 13:55:00,SNY319,NIT-AMM,Ammonia-nitrogen (as N),Total,,0.1,mg/l,False,0.1,,,Unknown,SNY001,Actual,SW,Water,,,Clayton,07060003,River/Stream,,42.96808222,-91.22331192
6,15220005,Sny Magill Creek Site #2 (SN02),05/26/1997 15:20:00,SNY319,NIT-AMM,Ammonia-nitrogen (as N),Total,,0.1,mg/l,False,0.1,,,Unknown,SNY001,Actual,SW,Water,,,Clayton,07060003,River/Stream,,42.96808222,-91.22331192
6,15220005,Sny Magill Creek Site #2 (SN02),06/24/1997 14:50:00,SNY319,NIT-AMM,Ammonia-nitrogen (as N),Total,,0.1,mg/l,False,0.1,,,Unknown,SNY001,Actual,SW,Water,,,Clayton,07060003,River/Stream,,42.96808222,-91.22331192
6,15220006,Sny Magill Creek Site #3 (SN03),01/14/1997 15:45:00,SNY319,NIT-AMM,Ammonia-nitrogen (as N),Total,,0.1,mg/l,False,0.1,,,Unknown,SNY001,Actual,SW,Water,,,Clayton,07060003,River/Stream,,42.98149721,-91.24097377
6,15220006,Sny Magill Creek Site #3 (SN03),01/21/1997 11:00:00,SNY319,NIT-AMM,Ammonia-nitrogen (as N),Total,,0.1,mg/l,False,0.1,,,Unknown,SNY001,Actual,SW,Water,,,Clayton,07060003,River/Stream,,42.98149721,-91.24097377
6,15220006,Sny Magill Creek Site #3 (SN03),01/27/1997 17:00:00,SNY319,NIT-AMM,Ammonia-nitrogen (as N),Total,,0.1,mg/l,False,0.1,,,Unknown,SNY001,Actual,SW,Water,,,Clayton,07060003,River/Stream,,42.98149721,-91.24097377
6,15220006,Sny Magill Creek Site #3 (SN03),02/04/1997 15:40:00,SNY319,NIT-AMM,Ammonia-nitrogen (as N),Total,,0.1,mg/l,False,0.1,,,Unknown,SNY001,Actual,SW,Water,,,Clayton,07060003,River/Stream,,42.98149721,-91.24097377
6,15220006,Sny Magill Creek Site #3 (SN03),03/04/1997 13:40:00,SNY319,NIT-AMM,Ammonia-nitrogen (as N),Total,,0.1,mg/l,False,0.1,,,Unknown,SNY001,Actual,SW,Water,,,Clayton,07060003,River/Stream,,42.98149721,-91.24097377
6,15220006,Sny Magill Creek Site #3 (SN03),03/11/1997 12:55:00,SNY319,NIT-AMM,Ammonia-nitrogen (as N),Total,,0.2,mg/l,True,0.1,,,Unknown,SNY001,Actual,SW,Water,,,Clayton,07060003,River/Stream,,42.98149721,-91.24097377
6,15220006,Sny Magill Creek Site #3 (SN03),03/18/1997 13:30:00,SNY319,NIT-AMM,Ammonia-nitrogen (as N),Total,,0.2,mg/l,True,0.1,,,Unknown,SNY001,Actual,SW,Water,,,Clayton,07060003,River/Stream,,42.98149721,-91.24097377
6,15220006,Sny Magill Creek Site #3 (SN03),04/15/1997 14:30:00,SNY319,NIT-AMM,Ammonia-nitrogen (as N),Total,,0.1,mg/l,False,0.1,,,Unknown,SNY001,Actual,SW,Water,,,Clayton,07060003,River/Stream,,42.98149721,-91.24097377
6,15220006,Sny Magill Creek Site #3 (SN03),04/22/1997 12:25:00,SNY319,NIT-AMM,Ammonia-nitrogen (as N),Total,,0.1,mg/l,False,0.1,,,Unknown,SNY001,Actual,SW,Water,,,Clayton,07060003,River/Stream,,42.98149721,-91.24097377
6,15220006,Sny Magill Creek Site #3 (SN03),04/29/1997 14:45:00,SNY319,NIT-AMM,Ammonia-nitrogen (as N),Total,,0.1,mg/l,False,0.1,,,Unknown,SNY001,Actual,SW,Water,,,Clayton,07060003,River/Stream,,42.98149721,-91.24097377
6,15220006,Sny Magill Creek Site #3 (SN03),05/06/1997 14:30:00,SNY319,NIT-AMM,Ammonia-nitrogen (as N),Total,,0.1,mg/l,False,0.1,,,Unknown,SNY001,Actual,SW,Water,,,Clayton,07060003,River/Stream,,42.98149721,-91.24097377
6,15220006,Sny Magill Creek Site #3 (SN03),06/03/1997 14:10:00,SNY319,NIT-AMM,Ammonia-nitrogen (as N),Total,,0.1,mg/l,False,0.1,,,Unknown,SNY001,Actual,SW,Water,,,Clayton,07060003,River/Stream,,42.98149721,-91.24097377
6,15220006,Sny Magill Creek Site #3 (SN03),06/10/1997 12:45:00,SNY319,NIT-AMM,Ammonia-nitrogen (as N),Total,,0.1,mg/l,False,0.1,,,Unknown,SNY001,Actual,SW,Water,,,Clayton,07060003,River/Stream,,42.98149721,-91.24097377
6,15220006,Sny Magill Creek Site #3 (SN03),06/17/1997 14:20:00,SNY319,NIT-AMM,Ammonia-nitrogen (as N),Total,,0.1,mg/l,False,0.1,,,Unknown,SNY001,Actual,SW,Water,,,Clayton,07060003,River/Stream,,42.98149721,-91.24097377
6,15220006,Sny Magill Creek Site #3 (SN03),07/15/1997 13:30:00,SNY319,NIT-AMM,Ammonia-nitrogen (as N),Total,,0.1,mg/l,False,0.1,,,Unknown,SNY001,Actual,SW,Water,,,Clayton,07060003,River/Stream,,42.98149721,-91.24097377
6,15220006,Sny Magill Creek Site #3 (SN03),07/22/1997 12:55:00,SNY319,NIT-AMM,Ammonia-nitrogen (as N),Total,,0.1,mg/l,False,0.1,,,Unknown,SNY001,Actual,SW,Water,,,Clayton,07060003,River/Stream,,42.98149721,-91.24097377
6,15220006,Sny Magill Creek Site #3 (SN03),07/28/1997 16:10:00,SNY319,NIT-AMM,Ammonia-nitrogen (as N),Total,,0.1,mg/l,False,0.1,,,Unknown,SNY001,Actual,SW,Water,,,Clayton,07060003,River/Stream,,42.98149721,-91.24097377
6,15220006,Sny Magill Creek Site #3 (SN03),08/05/1997 13:00:00,SNY319,NIT-AMM,Ammonia-nitrogen (as N),Total,,0.1,mg/l,False,0.1,,,Unknown,SNY001,Actual,SW,Water,,,Clayton,07060003,River/Stream,,42.98149721,-91.24097377
6,15220006,Sny Magill Creek Site #3 (SN03),09/02/1997 12:40:00,SNY319,NIT-AMM,Ammonia-nitrogen (as N),Total,,0.1,mg/l,False,0.1,,,Unknown,SNY001,Actual,SW,Water,,,Clayton,07060003,River/Stream,,42.98149721,-91.24097377
6,15220006,Sny Magill Creek Site #3 (SN03),09/09/1997 12:30:00,SNY319,NIT-AMM,Ammonia-nitrogen (as N),Total,,0.1,mg/l,False,0.1,,,Unknown,SNY001,Actual,SW,Water,,,Clayton,07060003,River/Stream,,42.98149721,-91.24097377
6,15220006,Sny Magill Creek Site #3 (SN03),09/16/1997 11:30:00,SNY319,NIT-AMM,Ammonia-nitrogen (as N),Total,,0.1,mg/l,True,0.1,,,Unknown,SNY001,Actual,SW,Water,,,Clayton,07060003,River/Stream,,42.98149721,-91.24097377
6,15220007,Sny Magill North Tributary (SNT),03/25/1997 13:55:00,SNY319,NIT-AMM,Ammonia-nitrogen (as N),Total,,0.1,mg/l,False,0.1,,,Unknown,SNY001,Actual,SW,Water,,,Clayton,07060003,River/Stream,,42.96850981,-91.22439501
6,15220007,Sny Magill North Tributary (SNT),04/29/1997 14:35:00,SNY319,NIT-AMM,Ammonia-nitrogen (as N),Total,,0.1,mg/l,False,0.1,,,Unknown,SNY001,Actual,SW,Water,,,Clayton,07060003,River/Stream,,42.96850981,-91.22439501
6,15220007,Sny Magill North Tributary (SNT),05/26/1997 15:35:00,SNY319,NIT-AMM,Ammonia-nitrogen (as N),Total,,0.1,mg/l,False,0.1,,,Unknown,SNY001,Actual,SW,Water,,,Clayton,07060003,River/Stream,,42.96850981,-91.22439501
6,15220007,Sny Magill North Tributary (SNT),09/30/1997 13:10:00,SNY319,NIT-AMM,Ammonia-nitrogen (as N),Total,,0.1,mg/l,False,0.1,,,Unknown,SNY001,Actual,SW,Water,,,Clayton,07060003,River/Stream,,42.96850981,-91.22439501
6,15220008,West Fork Sny Magill Creek  (SNWF),01/07/1997 11:30:00,SNY319,NIT-AMM,Ammonia-nitrogen (as N),Total,,0.1,mg/l,False,0.1,,,Unknown,SNY001,Actual,SW,Water,,,Clayton,07060003,River/Stream,,42.97628121,-91.23730654
6,15220008,West Fork Sny Magill Creek  (SNWF),01/14/1997 16:10:00,SNY319,NIT-AMM,Ammonia-nitrogen (as N),Total,,0.1,mg/l,False,0.1,,,Unknown,SNY001,Actual,SW,Water,,,Clayton,07060003,River/Stream,,42.97628121,-91.23730654
6,15220008,West Fork Sny Magill Creek  (SNWF),02/18/1997 14:40:00,SNY319,NIT-AMM,Ammonia-nitrogen (as N),Total,,0.2,mg/l,True,0.1,,,Unknown,SNY001,Actual,SW,Water,,,Clayton,07060003,River/Stream,,42.97628121,-91.23730654
6,15220008,West Fork Sny Magill Creek  (SNWF),02/25/1997 14:10:00,SNY319,NIT-AMM,Ammonia-nitrogen (as N),Total,,0.1,mg/l,False,0.1,,,Unknown,SNY001,Actual,SW,Water,,,Clayton,07060003,River/Stream,,42.97628121,-91.23730654
6,15220008,West Fork Sny Magill Creek  (SNWF),03/04/1997 13:55:00,SNY319,NIT-AMM,Ammonia-nitrogen (as N),Total,,0.1,mg/l,False,0.1,,,Unknown,SNY001,Actual,SW,Water,,,Clayton,07060003,River/Stream,,42.97628121,-91.23730654
6,15220008,West Fork Sny Magill Creek  (SNWF),04/01/1997 13:30:00,SNY319,NIT-AMM,Ammonia-nitrogen (as N),Total,,0.1,mg/l,False,0.1,,,Unknown,SNY001,Actual,SW,Water,,,Clayton,07060003,River/Stream,,42.97628121,-91.23730654
6,15220008,West Fork Sny Magill Creek  (SNWF),04/08/1997 12:10:00,SNY319,NIT-AMM,Ammonia-nitrogen (as N),Total,,0.1,mg/l,False,0.1,,,Unknown,SNY001,Actual,SW,Water,,,Clayton,07060003,River/Stream,,42.97628121,-91.23730654
6,15220008,West Fork Sny Magill Creek  (SNWF),04/15/1997 14:45:00,SNY319,NIT-AMM,Ammonia-nitrogen (as N),Total,,0.1,mg/l,False,0.1,,,Unknown,SNY001,Actual,SW,Water,,,Clayton,07060003,River/Stream,,42.97628121,-91.23730654
6,15220008,West Fork Sny Magill Creek  (SNWF),05/20/1997 13:20:00,SNY319,NIT-AMM,Ammonia-nitrogen (as N),Total,,0.1,mg/l,False,0.1,,,Unknown,SNY001,Actual,SW,Water,,,Clayton,07060003,River/Stream,,42.97628121,-91.23730654
6,15220008,West Fork Sny Magill Creek  (SNWF),05/26/1997 16:10:00,SNY319,NIT-AMM,Ammonia-nitrogen (as N),Total,,0.1,mg/l,False,0.1,,,Unknown,SNY001,Actual,SW,Water,,,Clayton,07060003,River/Stream,,42.97628121,-91.23730654
6,15220008,West Fork Sny Magill Creek  (SNWF),06/03/1997 14:20:00,SNY319,NIT-AMM,Ammonia-nitrogen (as N),Total,,0.1,mg/l,False,0.1,,,Unknown,SNY001,Actual,SW,Water,,,Clayton,07060003,River/Stream,,42.97628121,-91.23730654
6,15220008,West Fork Sny Magill Creek  (SNWF),07/01/1997 12:40:00,SNY319,NIT-AMM,Ammonia-nitrogen (as N),Total,,0.1,mg/l,False,0.1,,,Unknown,SNY001,Actual,SW,Water,,,Clayton,07060003,River/Stream,,42.97628121,-91.23730654
6,15220008,West Fork Sny Magill Creek  (SNWF),07/08/1997 13:15:00,SNY319,NIT-AMM,Ammonia-nitrogen (as N),Total,,0.1,mg/l,False,0.1,,,Unknown,SNY001,Actual,SW,Water,,,Clayton,07060003,River/Stream,,42.97628121,-91.23730654
6,15220008,West Fork Sny Magill Creek  (SNWF),07/15/1997 13:40:00,SNY319,NIT-AMM,Ammonia-nitrogen (as N),Total,,0.1,mg/l,False,0.1,,,Unknown,SNY001,Actual,SW,Water,,,Clayton,07060003,River/Stream,,42.97628121,-91.23730654
6,15220008,West Fork Sny Magill Creek  (SNWF),08/19/1997 11:00:00,SNY319,NIT-AMM,Ammonia-nitrogen (as N),Total,,0.1,mg/l,False,0.1,,,Unknown,SNY001,Actual,SW,Water,,,Clayton,07060003,River/Stream,,42.97628121,-91.23730654
6,15220008,West Fork Sny Magill Creek  (SNWF),08/26/1997 13:45:00,SNY319,NIT-AMM,Ammonia-nitrogen (as N),Total,,0.1,mg/l,True,0.1,,,Unknown,SNY001,Actual,SW,Water,,,Clayton,07060003,River/Stream,,42.97628121,-91.23730654
6,15220008,West Fork Sny Magill Creek  (SNWF),09/02/1997 12:55:00,SNY319,NIT-AMM,Ammonia-nitrogen (as N),Total,,0.1,mg/l,False,0.1,,,Unknown,SNY001,Actual,SW,Water,,,Clayton,07060003,River/Stream,,42.97628121,-91.23730654
6,15220004,Sny Magill Creek Site #1 (SN01),10/21/1997 11:35:00,SNY319,NIT-AMM,Ammonia-nitrogen (as N),Total,,0.1,mg/l,False,0.1,,,Unknown,SNY001,Actual,SW,Water,,,Clayton,07060003,River/Stream,,42.94880662,-91.18632674
6,15220004,Sny Magill Creek Site #1 (SN01),10/28/1997 10:40:00,SNY319,NIT-AMM,Ammonia-nitrogen (as N),Total,,0.1,mg/l,False,0.1,,,Unknown,SNY001,Actual,SW,Water,,,Clayton,07060003,River/Stream,,42.94880662,-91.18632674
6,15220008,West Fork Sny Magill Creek  (SNWF),09/30/1997 13:35:00,SNY319,NIT-AMM,Ammonia-nitrogen (as N),Total,,0.1,mg/l,False,0.1,,,Unknown,SNY001,Actual,SW,Water,,,Clayton,07060003,River/Stream,,42.97628121,-91.23730654
6,15220004,Sny Magill Creek Site #1 (SN01),11/25/1997 12:55:00,SNY319,NIT-AMM,Ammonia-nitrogen (as N),Total,,0.1,mg/l,False,0.1,,,Unknown,SNY001,Actual,SW,Water,,,Clayton,07060003,River/Stream,,42.94880662,-91.18632674
6,15220004,Sny Magill Creek Site #1 (SN01),12/23/1997 12:35:00,SNY319,NIT-AMM,Ammonia-nitrogen (as N),Total,,0.1,mg/l,False,0.1,,,Unknown,SNY001,Actual,SW,Water,,,Clayton,07060003,River/Stream,,42.94880662,-91.18632674
6,15220004,Sny Magill Creek Site #1 (SN01),12/02/1997 13:00:00,SNY319,NIT-AMM,Ammonia-nitrogen (as N),Total,,0.1,mg/l,False,0.1,,,Unknown,SNY001,Actual,SW,Water,,,Clayton,07060003,River/Stream,,42.94880662,-91.18632674
6,15220004,Sny Magill Creek Site #1 (SN01),12/30/1997 14:00:00,SNY319,NIT-AMM,Ammonia-nitrogen (as N),Total,,0.1,mg/l,False,0.1,,,Unknown,SNY001,Actual,SW,Water,,,Clayton,07060003,River/Stream,,42.94880662,-91.18632674
6,15220006,Sny Magill Creek Site #3 (SN03),10/07/1997 11:30:00,SNY319,NIT-AMM,Ammonia-nitrogen (as N),Total,,0.1,mg/l,False,0.1,,,Unknown,SNY001,Actual,SW,Water,,,Clayton,07060003,River/Stream,,42.98149721,-91.24097377
6,15220006,Sny Magill Creek Site #3 (SN03),10/14/1997 12:55:00,SNY319,NIT-AMM,Ammonia-nitrogen (as N),Total,,0.1,mg/l,False,0.1,,,Unknown,SNY001,Actual,SW,Water,,,Clayton,07060003,River/Stream,,42.98149721,-91.24097377
6,15220006,Sny Magill Creek Site #3 (SN03),10/21/1997 12:00:00,SNY319,NIT-AMM,Ammonia-nitrogen (as N),Total,,0.1,mg/l,False,0.1,,,Unknown,SNY001,Actual,SW,Water,,,Clayton,07060003,River/Stream,,42.98149721,-91.24097377
6,15220006,Sny Magill Creek Site #3 (SN03),11/18/1997 12:00:00,SNY319,NIT-AMM,Ammonia-nitrogen (as N),Total,,0.1,mg/l,False,0.1,,,Unknown,SNY001,Actual,SW,Water,,,Clayton,07060003,River/Stream,,42.98149721,-91.24097377
6,15220006,Sny Magill Creek Site #3 (SN03),11/25/1997 13:25:00,SNY319,NIT-AMM,Ammonia-nitrogen (as N),Total,,0.1,mg/l,False,0.1,,,Unknown,SNY001,Actual,SW,Water,,,Clayton,07060003,River/Stream,,42.98149721,-91.24097377
6,15220006,Sny Magill Creek Site #3 (SN03),12/02/1997 11:30:00,SNY319,NIT-AMM,Ammonia-nitrogen (as N),Total,,0.1,mg/l,False,0.1,,,Unknown,SNY001,Actual,SW,Water,,,Clayton,07060003,River/Stream,,42.98149721,-91.24097377
6,15220006,Sny Magill Creek Site #3 (SN03),12/09/1997 13:05:00,SNY319,NIT-AMM,Ammonia-nitrogen (as N),Total,,0.1,mg/l,False,0.1,,,Unknown,SNY001,Actual,SW,Water,,,Clayton,07060003,River/Stream,,42.98149721,-91.24097377
6,15220007,Sny Magill North Tributary (SNT),10/28/1997 11:40:00,SNY319,NIT-AMM,Ammonia-nitrogen (as N),Total,,0.1,mg/l,False,0.1,,,Unknown,SNY001,Actual,SW,Water,,,Clayton,07060003,River/Stream,,42.96850981,-91.22439501
6,15220007,Sny Magill North Tributary (SNT),11/25/1997 13:20:00,SNY319,NIT-AMM,Ammonia-nitrogen (as N),Total,,0.1,mg/l,False,0.1,,,Unknown,SNY001,Actual,SW,Water,,,Clayton,07060003,River/Stream,,42.96850981,-91.22439501
6,15220007,Sny Magill North Tributary (SNT),12/30/1997 14:22:00,SNY319,NIT-AMM,Ammonia-nitrogen (as N),Total,,0.1,mg/l,False,0.1,,,Unknown,SNY001,Actual,SW,Water,,,Clayton,07060003,River/Stream,,42.96850981,-91.22439501
6,15220008,West Fork Sny Magill Creek  (SNWF),10/28/1997 12:05:00,SNY319,NIT-AMM,Ammonia-nitrogen (as N),Total,,0.1,mg/l,False,0.1,,,Unknown,SNY001,Actual,SW,Water,,,Clayton,07060003,River/Stream,,42.97628121,-91.23730654
6,15220008,West Fork Sny Magill Creek  (SNWF),11/04/1997 11:00:00,SNY319,NIT-AMM,Ammonia-nitrogen (as N),Total,,0.1,mg/l,False,0.1,,,Unknown,SNY001,Actual,SW,Water,,,Clayton,07060003,River/Stream,,42.97628121,-91.23730654
6,15220008,West Fork Sny Magill Creek  (SNWF),11/11/1997 12:35:00,SNY319,NIT-AMM,Ammonia-nitrogen (as N),Total,,0.1,mg/l,False,0.1,,,Unknown,SNY001,Actual,SW,Water,,,Clayton,07060003,River/Stream,,42.97628121,-91.23730654
6,15220008,West Fork Sny Magill Creek  (SNWF),12/16/1997 13:15:00,SNY319,NIT-AMM,Ammonia-nitrogen (as N),Total,,0.1,mg/l,False,0.1,,,Unknown,SNY001,Actual,SW,Water,,,Clayton,07060003,River/Stream,,42.97628121,-91.23730654
6,15220008,West Fork Sny Magill Creek  (SNWF),12/23/1997 13:20:00,SNY319,NIT-AMM,Ammonia-nitrogen (as N),Total,,0.1,mg/l,False,0.1,,,Unknown,SNY001,Actual,SW,Water,,,Clayton,07060003,River/Stream,,42.97628121,-91.23730654
6,15220004,Sny Magill Creek Site #1 (SN01),01/06/1998 12:30:00,SNY319,NIT-AMM,Ammonia-nitrogen (as N),Total,,0.1,mg/l,False,0.1,,,Unknown,SNY001,Actual,SW,Water,,,Clayton,07060003,River/Stream,,42.94880662,-91.18632674
6,15220004,Sny Magill Creek Site #1 (SN01),01/27/1998 13:25:00,SNY319,NIT-AMM,Ammonia-nitrogen (as N),Total,,0.1,mg/l,False,0.1,,,Unknown,SNY001,Actual,SW,Water,,,Clayton,07060003,River/Stream,,42.94880662,-91.18632674
6,15220004,Sny Magill Creek Site #1 (SN01),02/03/1998 12:05:00,SNY319,NIT-AMM,Ammonia-nitrogen (as N),Total,,0.1,mg/l,False,0.1,,,Unknown,SNY001,Actual,SW,Water,,,Clayton,07060003,River/Stream,,42.94880662,-91.18632674
6,15220008,West Fork Sny Magill Creek  (SNWF),12/30/1997 14:45:00,SNY319,NIT-AMM,Ammonia-nitrogen (as N),Total,,0.1,mg/l,False,0.1,,,Unknown,SNY001,Actual,SW,Water,,,Clayton,07060003,River/Stream,,42.97628121,-91.23730654
6,15220004,Sny Magill Creek Site #1 (SN01),02/24/1998 13:10:00,SNY319,NIT-AMM,Ammonia-nitrogen (as N),Total,,0.1,mg/l,False,0.1,,,Unknown,SNY001,Actual,SW,Water,,,Clayton,07060003,River/Stream,,42.94880662,-91.18632674
6,15220004,Sny Magill Creek Site #1 (SN01),03/03/1998 13:55:00,SNY319,NIT-AMM,Ammonia-nitrogen (as N),Total,,0.1,mg/l,False,0.1,,,Unknown,SNY001,Actual,SW,Water,,,Clayton,07060003,River/Stream,,42.94880662,-91.18632674
6,15220004,Sny Magill Creek Site #1 (SN01),03/31/1998 13:55:00,SNY319,NIT-AMM,Ammonia-nitrogen (as N),Total,,0.2,mg/l,True,0.1,,,Unknown,SNY001,Actual,SW,Water,,,Clayton,07060003,River/Stream,,42.94880662,-91.18632674
6,15220004,Sny Magill Creek Site #1 (SN01),03/10/1998 13:20:00,SNY319,NIT-AMM,Ammonia-nitrogen (as N),Total,,0.1,mg/l,False,0.1,,,Unknown,SNY001,Actual,SW,Water,,,Clayton,07060003,River/Stream,,42.94880662,-91.18632674
6,15220004,Sny Magill Creek Site #1 (SN01),04/07/1998 13:15:00,SNY319,NIT-AMM,Ammonia-nitrogen (as N),Total,,0.1,mg/l,False,0.1,,,Unknown,SNY001,Actual,SW,Water,,,Clayton,07060003,River/Stream,,42.94880662,-91.18632674
6,15220004,Sny Magill Creek Site #1 (SN01),04/28/1998 14:45:00,SNY319,NIT-AMM,Ammonia-nitrogen (as N),Total,,0.1,mg/l,False,0.1,,,Unknown,SNY001,Actual,SW,Water,,,Clayton,07060003,River/Stream,,42.94880662,-91.18632674
6,15220004,Sny Magill Creek Site #1 (SN01),05/26/1998 12:55:00,SNY319,NIT-AMM,Ammonia-nitrogen (as N),Total,,0.1,mg/l,False,0.1,,,Unknown,SNY001,Actual,SW,Water,,,Clayton,07060003,River/Stream,,42.94880662,-91.18632674
6,15220004,Sny Magill Creek Site #1 (SN01),06/02/1998 13:50:00,SNY319,NIT-AMM,Ammonia-nitrogen (as N),Total,,0.1,mg/l,False,0.1,,,Unknown,SNY001,Actual,SW,Water,,,Clayton,07060003,River/Stream,,42.94880662,-91.18632674
6,15220004,Sny Magill Creek Site #1 (SN01),06/23/1998 12:30:00,SNY319,NIT-AMM,Ammonia-nitrogen (as N),Total,,0.1,mg/l,False,0.1,,,Unknown,SNY001,Actual,SW,Water,,,Clayton,07060003,River/Stream,,42.94880662,-91.18632674
6,15220004,Sny Magill Creek Site #1 (SN01),06/30/1998 14:00:00,SNY319,NIT-AMM,Ammonia-nitrogen (as N),Total,,0.1,mg/l,False,0.1,,,Unknown,SNY001,Actual,SW,Water,,,Clayton,07060003,River/Stream,,42.94880662,-91.18632674
6,15220004,Sny Magill Creek Site #1 (SN01),07/21/1998 13:00:00,SNY319,NIT-AMM,Ammonia-nitrogen (as N),Total,,0.1,mg/l,False,0.1,,,Unknown,SNY001,Actual,SW,Water,,,Clayton,07060003,River/Stream,,42.94880662,-91.18632674
6,15220004,Sny Magill Creek Site #1 (SN01),07/28/1998 13:35:00,SNY319,NIT-AMM,Ammonia-nitrogen (as N),Total,,0.1,mg/l,False,0.1,,,Unknown,SNY001,Actual,SW,Water,,,Clayton,07060003,River/Stream,,42.94880662,-91.18632674
6,15220004,Sny Magill Creek Site #1 (SN01),06/13/1995 14:15:00,SNY319,NIT-AMM,Ammonia-nitrogen (as N),Total,,0.1,mg/l,False,0.1,,,Unknown,SNY001,Actual,SW,Water,,,Clayton,07060003,River/Stream,,42.94880662,-91.18632674
6,15220004,Sny Magill Creek Site #1 (SN01),07/25/1995 17:20:00,SNY319,NIT-AMM,Ammonia-nitrogen (as N),Total,,0.1,mg/l,True,0.1,,,Unknown,SNY001,Actual,SW,Water,,,Clayton,07060003,River/Stream,,42.94880662,-91.18632674
6,15220004,Sny Magill Creek Site #1 (SN01),07/04/1995 15:00:00,SNY319,NIT-AMM,Ammonia-nitrogen (as N),Total,,0.1,mg/l,False,0.1,,,Unknown,SNY001,Actual,SW,Water,,,Clayton,07060003,River/Stream,,42.94880662,-91.18632674
6,15220004,Sny Magill Creek Site #1 (SN01),05/23/1995 14:00:00,SNY319,NIT-AMM,Ammonia-nitrogen (as N),Total,,0.1,mg/l,False,0.1,,,Unknown,SNY001,Actual,SW,Water,,,Clayton,07060003,River/Stream,,42.94880662,-91.18632674
6,15220004,Sny Magill Creek Site #1 (SN01),05/16/1995 12:50:00,SNY319,NIT-AMM,Ammonia-nitrogen (as N),Total,,0.1,mg/l,True,0.1,,,Unknown,SNY001,Actual,SW,Water,,,Clayton,07060003,River/Stream,,42.94880662,-91.18632674
6,15220004,Sny Magill Creek Site #1 (SN01),04/25/1995 09:50:00,SNY319,NIT-AMM,Ammonia-nitrogen (as N),Total,,0.1,mg/l,False,0.1,,,Unknown,SNY001,Actual,SW,Water,,,Clayton,07060003,River/Stream,,42.94880662,-91.18632674
6,15220004,Sny Magill Creek Site #1 (SN01),05/02/1995 13:10:00,SNY319,NIT-AMM,Ammonia-nitrogen (as N),Total,,0.1,mg/l,False,0.1,,,Unknown,SNY001,Actual,SW,Water,,,Clayton,07060003,River/Stream,,42.94880662,-91.18632674
6,15220004,Sny Magill Creek Site #1 (SN01),04/11/1995 13:20:00,SNY319,NIT-AMM,Ammonia-nitrogen (as N),Total,,0.1,mg/l,False,0.1,,,Unknown,SNY001,Actual,SW,Water,,,Clayton,07060003,River/Stream,,42.94880662,-91.18632674
6,15220004,Sny Magill Creek Site #1 (SN01),04/04/1995 13:40:00,SNY319,NIT-AMM,Ammonia-nitrogen (as N),Total,,0.1,mg/l,False,0.1,,,Unknown,SNY001,Actual,SW,Water,,,Clayton,07060003,River/Stream,,42.94880662,-91.18632674
6,15220004,Sny Magill Creek Site #1 (SN01),03/14/1995 14:45:00,SNY319,NIT-AMM,Ammonia-nitrogen (as N),Total,,0.1,mg/l,False,0.1,,,Unknown,SNY001,Actual,SW,Water,,,Clayton,07060003,River/Stream,,42.94880662,-91.18632674
6,15220004,Sny Magill Creek Site #1 (SN01),02/14/1995 12:50:00,SNY319,NIT-AMM,Ammonia-nitrogen (as N),Total,,0.1,mg/l,False,0.1,,,Unknown,SNY001,Actual,SW,Water,,,Clayton,07060003,River/Stream,,42.94880662,-91.18632674
6,15220004,Sny Magill Creek Site #1 (SN01),02/21/1995 13:00:00,SNY319,NIT-AMM,Ammonia-nitrogen (as N),Total,,0.5,mg/l,True,0.1,,,Unknown,SNY001,Actual,SW,Water,,,Clayton,07060003,River/Stream,,42.94880662,-91.18632674
6,15220004,Sny Magill Creek Site #1 (SN01),01/31/1995 11:00:00,SNY319,NIT-AMM,Ammonia-nitrogen (as N),Total,,0.1,mg/l,False,0.1,,,Unknown,SNY001,Actual,SW,Water,,,Clayton,07060003,River/Stream,,42.94880662,-91.18632674
6,15220004,Sny Magill Creek Site #1 (SN01),01/24/1995 13:35:00,SNY319,NIT-AMM,Ammonia-nitrogen (as N),Total,,0.1,mg/l,False,0.1,,,Unknown,SNY001,Actual,SW,Water,,,Clayton,07060003,River/Stream,,42.94880662,-91.18632674
6,15220008,West Fork Sny Magill Creek  (SNWF),11/29/1994 11:25:00,SNY319,NIT-AMM,Ammonia-nitrogen (as N),Total,,0.1,mg/l,False,0.1,,,Unknown,SNY001,Actual,SW,Water,,,Clayton,07060003,River/Stream,,42.97628121,-91.23730654
6,15220008,West Fork Sny Magill Creek  (SNWF),12/06/1994 12:45:00,SNY319,NIT-AMM,Ammonia-nitrogen (as N),Total,,0.1,mg/l,False,0.1,,,Unknown,SNY001,Actual,SW,Water,,,Clayton,07060003,River/Stream,,42.97628121,-91.23730654
6,15220004,Sny Magill Creek Site #1 (SN01),01/03/1995 10:30:00,SNY319,NIT-AMM,Ammonia-nitrogen (as N),Total,,0.1,mg/l,True,0.1,,,Unknown,SNY001,Actual,SW,Water,,,Clayton,07060003,River/Stream,,42.94880662,-91.18632674
6,15220008,West Fork Sny Magill Creek  (SNWF),11/01/1994 11:45:00,SNY319,NIT-AMM,Ammonia-nitrogen (as N),Total,,0.1,mg/l,True,0.1,,,Unknown,SNY001,Actual,SW,Water,,,Clayton,07060003,River/Stream,,42.97628121,-91.23730654
6,15220008,West Fork Sny Magill Creek  (SNWF),10/25/1994 10:35:00,SNY319,NIT-AMM,Ammonia-nitrogen (as N),Total,,0.1,mg/l,True,0.1,,,Unknown,SNY001,Actual,SW,Water,,,Clayton,07060003,River/Stream,,42.97628121,-91.23730654
6,15220007,Sny Magill North Tributary (SNT),12/27/1994 10:50:00,SNY319,NIT-AMM,Ammonia-nitrogen (as N),Total,,0.1,mg/l,False,0.1,,,Unknown,SNY001,Actual,SW,Water,,,Clayton,07060003,River/Stream,,42.96850981,-91.22439501
6,15220007,Sny Magill North Tributary (SNT),11/29/1994 11:00:00,SNY319,NIT-AMM,Ammonia-nitrogen (as N),Total,,0.1,mg/l,False,0.1,,,Unknown,SNY001,Actual,SW,Water,,,Clayton,07060003,River/Stream,,42.96850981,-91.22439501
6,15220006,Sny Magill Creek Site #3 (SN03),12/13/1994 14:45:00,SNY319,NIT-AMM,Ammonia-nitrogen (as N),Total,,0.1,mg/l,False,0.1,,,Unknown,SNY001,Actual,SW,Water,,,Clayton,07060003,River/Stream,,42.98149721,-91.24097377
6,15220006,Sny Magill Creek Site #3 (SN03),12/06/1994 11:15:00,SNY319,NIT-AMM,Ammonia-nitrogen (as N),Total,,0.1,mg/l,False,0.1,,,Unknown,SNY001,Actual,SW,Water,,,Clayton,07060003,River/Stream,,42.98149721,-91.24097377
6,15220006,Sny Magill Creek Site #3 (SN03),11/08/1994 16:45:00,SNY319,NIT-AMM,Ammonia-nitrogen (as N),Total,,0.1,mg/l,False,0.1,,,Unknown,SNY001,Actual,SW,Water,,,Clayton,07060003,River/Stream,,42.98149721,-91.24097377
6,15220006,Sny Magill Creek Site #3 (SN03),10/04/1994 14:00:00,SNY319,NIT-AMM,Ammonia-nitrogen (as N),Total,,0.1,mg/l,False,0.1,,,Unknown,SNY001,Actual,SW,Water,,,Clayton,07060003,River/Stream,,42.98149721,-91.24097377
6,15220005,Sny Magill Creek Site #2 (SN02),12/27/1994 10:35:00,SNY319,NIT-AMM,Ammonia-nitrogen (as N),Total,,0.1,mg/l,False,0.1,,,Unknown,SNY001,Actual,SW,Water,,,Clayton,07060003,River/Stream,,42.96808222,-91.22331192
6,15220006,Sny Magill Creek Site #3 (SN03),11/01/1994 12:15:00,SNY319,NIT-AMM,Ammonia-nitrogen (as N),Total,,0.1,mg/l,True,0.1,,,Unknown,SNY001,Actual,SW,Water,,,Clayton,07060003,River/Stream,,42.98149721,-91.24097377
6,15220004,Sny Magill Creek Site #1 (SN01),12/27/1994 10:05:00,SNY319,NIT-AMM,Ammonia-nitrogen (as N),Total,,0.1,mg/l,False,0.1,,,Unknown,SNY001,Actual,SW,Water,,,Clayton,07060003,River/Stream,,42.94880662,-91.18632674
6,15220004,Sny Magill Creek Site #1 (SN01),12/20/1994 11:40:00,SNY319,NIT-AMM,Ammonia-nitrogen (as N),Total,,0.1,mg/l,True,0.1,,,Unknown,SNY001,Actual,SW,Water,,,Clayton,07060003,River/Stream,,42.94880662,-91.18632674
6,15220004,Sny Magill Creek Site #1 (SN01),11/08/1994 16:00:00,SNY319,NIT-AMM,Ammonia-nitrogen (as N),Total,,0.1,mg/l,False,0.1,,,Unknown,SNY001,Actual,SW,Water,,,Clayton,07060003,River/Stream,,42.94880662,-91.18632674
6,15220004,Sny Magill Creek Site #1 (SN01),11/29/1994 10:30:00,SNY319,NIT-AMM,Ammonia-nitrogen (as N),Total,,0.1,mg/l,False,0.1,,,Unknown,SNY001,Actual,SW,Water,,,Clayton,07060003,River/Stream,,42.94880662,-91.18632674
6,15220004,Sny Magill Creek Site #1 (SN01),10/18/1994 13:00:00,SNY319,NIT-AMM,Ammonia-nitrogen (as N),Total,,0.1,mg/l,False,0.1,,,Unknown,SNY001,Actual,SW,Water,,,Clayton,07060003,River/Stream,,42.94880662,-91.18632674
6,15220008,West Fork Sny Magill Creek  (SNWF),09/28/1994 11:40:00,SNY319,NIT-AMM,Ammonia-nitrogen (as N),Total,,0.1,mg/l,False,0.1,,,Unknown,SNY001,Actual,SW,Water,,,Clayton,07060003,River/Stream,,42.97628121,-91.23730654
6,15220004,Sny Magill Creek Site #1 (SN01),10/11/1994 14:20:00,SNY319,NIT-AMM,Ammonia-nitrogen (as N),Total,,0.1,mg/l,False,0.1,,,Unknown,SNY001,Actual,SW,Water,,,Clayton,07060003,River/Stream,,42.94880662,-91.18632674
6,15220006,Sny Magill Creek Site #3 (SN03),08/16/1994 14:15:00,SNY319,NIT-AMM,Ammonia-nitrogen (as N),Total,,0.1,mg/l,False,0.1,,,Unknown,SNY001,Actual,SW,Water,,,Clayton,07060003,River/Stream,,42.98149721,-91.24097377
6,15220006,Sny Magill Creek Site #3 (SN03),08/23/1994 14:10:00,SNY319,NIT-AMM,Ammonia-nitrogen (as N),Total,,0.1,mg/l,True,0.1,,,Unknown,SNY001,Actual,SW,Water,,,Clayton,07060003,River/Stream,,42.98149721,-91.24097377
6,15220006,Sny Magill Creek Site #3 (SN03),08/30/1994 11:10:00,SNY319,NIT-AMM,Ammonia-nitrogen (as N),Total,,0.1,mg/l,True,0.1,,,Unknown,SNY001,Actual,SW,Water,,,Clayton,07060003,River/Stream,,42.98149721,-91.24097377
6,14000336,Sny McGill- North Cedar WMA,07/28/2020 11:15:00,AMBWETLAND,NIT-AMM,Ammonia-nitrogen (AS N),Total,,0.05,mg/l,False,0.05,,,LAC10-107-06-1J,UHL001,Actual,SW,Water,,,Clayton,07060003,Wetland-Riverine,,42.9545,-91.199
6,15220007,Sny Magill North Tributary (SNT),09/28/1994 11:10:00,SNY319,NIT-AMM,Ammonia-nitrogen (as N),Total,,0.1,mg/l,True,0.1,,,Unknown,SNY001,Actual,SW,Water,,,Clayton,07060003,River/Stream,,42.96850981,-91.22439501
6,15220008,West Fork Sny Magill Creek  (SNWF),09/13/1994 12:10:00,SNY319,NIT-AMM,Ammonia-nitrogen (as N),Total,,0.1,mg/l,True,0.1,,,Unknown,SNY001,Actual,SW,Water,,,Clayton,07060003,River/Stream,,42.97628121,-91.23730654
6,15220008,West Fork Sny Magill Creek  (SNWF),09/20/1994 11:45:00,SNY319,NIT-AMM,Ammonia-nitrogen (as N),Total,,0.1,mg/l,False,0.1,,,Unknown,SNY001,Actual,SW,Water,,,Clayton,07060003,River/Stream,,42.97628121,-91.23730654
6,15220004,Sny Magill Creek Site #1 (SN01),09/28/1994 10:20:00,SNY319,NIT-AMM,Ammonia-nitrogen (as N),Total,,0.1,mg/l,True,0.1,,,Unknown,SNY001,Actual,SW,Water,,,Clayton,07060003,River/Stream,,42.94880662,-91.18632674
6,14000336,Sny McGill- North Cedar WMA,06/09/2020 11:30:00,AMBWETLAND,NIT-AMM,Ammonia-nitrogen (AS N),Total,,0.05,mg/l,False,0.05,,,LAC10-107-06-1J,UHL001,Actual,SW,Water,,,Clayton,07060003,Wetland-Riverine,,42.9545,-91.199
6,15220004,Sny Magill Creek Site #1 (SN01),08/30/1994 11:45:00,SNY319,NIT-AMM,Ammonia-nitrogen (as N),Total,,0.2,mg/l,True,0.1,,,Unknown,SNY001,Actual,SW,Water,,,Clayton,07060003,River/Stream,,42.94880662,-91.18632674
6,15220004,Sny Magill Creek Site #1 (SN01),09/20/1994 12:45:00,SNY319,NIT-AMM,Ammonia-nitrogen (as N),Total,,0.1,mg/l,False,0.1,,,Unknown,SNY001,Actual,SW,Water,,,Clayton,07060003,River/Stream,,42.94880662,-91.18632674
6,15220004,Sny Magill Creek Site #1 (SN01),08/16/1994 13:45:00,SNY319,NIT-AMM,Ammonia-nitrogen (as N),Total,,0.1,mg/l,True,0.1,,,Unknown,SNY001,Actual,SW,Water,,,Clayton,07060003,River/Stream,,42.94880662,-91.18632674
6,15220004,Sny Magill Creek Site #1 (SN01),08/23/1994 13:30:00,SNY319,NIT-AMM,Ammonia-nitrogen (as N),Total,,0.1,mg/l,True,0.1,,,Unknown,SNY001,Actual,SW,Water,,,Clayton,07060003,River/Stream,,42.94880662,-91.18632674
6,12220002,North Cedar Creek-Public Access Area- Sny Magill,07/17/2019 07:40:00,AMBBIO,NIT-AMM,Ammonia-nitrogen (AS N),Total,,0.05,mg/l,False,0.05,,,LAC10-107-06-1J,UHL001,Actual,SW,Water,,,Clayton,07060003,River/Stream,,42.96248573,-91.22933069
6,14000049,Mossy Glen Creek - Edgewood-Mossy Glen Preserve,07/15/2019 09:30:00,AMBBIO,NIT-AMM,Ammonia-nitrogen (AS N),Total,,0.05,mg/l,False,0.05,,,LAC10-107-06-1J,UHL001,Actual,SW,Water,,,Clayton,07060004,River/Stream,,42.7085,-91.426101
6,11220014,Silver Creek at 172nd St. (Site SC04/SiCr1),08/20/2018 10:10:00,AMBBIO,NIT-AMM,Ammonia-nitrogen (AS N),Total,,0.05,mg/l,False,0.05,,,LAC10-107-06-1J,UHL001,Actual,SW,Water,,,Clayton,07060004,River/Stream,,42.973151,-91.441907
6,14000104,Unnamed Tributary to Volga River - Volga (UTVR1),07/31/2018 11:15:00,AMBBIO,NIT-AMM,Ammonia-nitrogen (AS N),Total,,0.05,mg/l,False,0.05,,,LAC10-107-06-1J,UHL001,Actual,SW,Water,,,Clayton,07060004,River/Stream,,42.814928,-91.580019
6,12220002,North Cedar Creek-Public Access Area- Sny Magill,07/24/2018 08:45:00,AMBBIO,NIT-AMM,Ammonia-nitrogen (AS N),Total,,0.05,mg/l,False,0.05,,,LAC10-107-06-1J,UHL001,Actual,SW,Water,,,Clayton,07060003,River/Stream,,42.96248573,-91.22933069
6,14000225,Wolf Creek,08/28/2017 07:00:00,AMBBIO,NIT-AMM,Ammonia-nitrogen (AS N),Total,,0.05,mg/l,False,0.05,,,LAC10-107-06-1J,UHL001,Actual,SW,Water,,Sample exceeded required temperature upon receipt.,Clayton,07060004,River/Stream,,42.72829,-91.29208
6,12220002,North Cedar Creek-Public Access Area- Sny Magill,07/17/2017 09:15:00,AMBBIO,NIT-AMM,Ammonia-nitrogen (AS N),Total,,0.05,mg/l,False,0.05,,,LAC10-107-06-1J,UHL001,Actual,SW,Water,,,Clayton,07060003,River/Stream,,42.96248573,-91.22933069
6,14000076,Unnamed Tributary to Cox Creek - Volga,05/23/2016 10:00:00,AMBBIO,NIT-AMM,Ammonia-nitrogen (AS N),Total,,0.05,mg/l,False,0.05,,,LAC10-107-06-1J,UHL001,Actual,SW,Water,,,Clayton,07060004,River/Stream,,42.752911,-91.464324
6,12220002,North Cedar Creek-Public Access Area- Sny Magill,08/31/2016 09:15:00,AMBBIO,NIT-AMM,Ammonia-nitrogen (AS N),Total,,0.05,mg/l,False,0.05,,,LAC10-107-06-1J,UHL001,Actual,SW,Water,,,Clayton,07060003,River/Stream,,42.96248573,-91.22933069
6,12220015,Wolf Creek-Volga,09/10/2012 09:00:00,AMBBIO,NIT-AMM,Ammonia-nitrogen (AS N),Total,,0.05,mg/l,False,0.05,,,LAC10-107-06-1J,UHL001,Actual,SW,Water,,,Clayton,07060004,River/Stream,,42.816033,-91.525647
6,12220014,Doe Creek-Littleport,07/23/2012 09:00:00,AMBBIO,NIT-AMM,Ammonia-nitrogen (AS N),Total,,0.07,mg/l,True,0.05,,,LAC10-107-06-1J,UHL001,Actual,SW,Water,,,Clayton,07060004,River/Stream,,42.72758663,-91.36722113
6,12220013,Honey Creek-Littleport-HW60,07/23/2012 14:40:00,AMBBIO,NIT-AMM,Ammonia-nitrogen (AS N),Total,,0.05,mg/l,False,0.05,,,LAC10-107-06-1J,UHL001,Actual,SW,Water,,,Clayton,07060004,River/Stream,,42.72517921,-91.44927689
6,14000097,Unnamed Tributary to Turkey River - Elgin (Site 6),09/24/2014 08:15:00,AMBBIO,NIT-AMM,Ammonia-nitrogen (AS N),Total,,0.05,mg/l,False,0.05,,,LAC10-107-06-1J,UHL001,Actual,SW,Water,,,Clayton,07060004,River/Stream,,42.987802,-91.564454
6,14000133,Silver Creek near Luana,08/14/2014 08:35:00,AMBBIO,NIT-AMM,Ammonia-nitrogen (AS N),Total,,0.05,mg/l,False,0.05,,,LAC10-107-06-1J,UHL001,Actual,SW,Water,,,Clayton,07060004,River/Stream,,43.00276,-91.45235
6,11220014,Silver Creek at 172nd St. (Site SC04/SiCr1),08/14/2014 11:10:00,AMBBIO,NIT-AMM,Ammonia-nitrogen (AS N),Total,,0.05,mg/l,False,0.05,,,LAC10-107-06-1J,UHL001,Actual,SW,Water,,,Clayton,07060004,River/Stream,,42.973151,-91.441907
6,14000104,Unnamed Tributary to Volga River - Volga (UTVR1),07/22/2014 07:45:00,AMBBIO,NIT-AMM,Ammonia-nitrogen (AS N),Total,,0.05,mg/l,False,0.05,,,LAC10-107-06-1J,UHL001,Actual,SW,Water,,,Clayton,07060004,River/Stream,,42.814928,-91.580019
6,12220002,North Cedar Creek-Public Access Area- Sny Magill,08/05/2014 08:25:00,AMBBIO,NIT-AMM,Ammonia-nitrogen (AS N),Total,,0.05,mg/l,False,0.05,,,LAC10-107-06-1J,UHL001,Actual,SW,Water,,,Clayton,07060003,River/Stream,,42.96248573,-91.22933069
6,12220016,Bluebell Creek-Millville,05/27/2014 09:25:00,AMBBIO,NIT-AMM,Ammonia-nitrogen (AS N),Total,,0.05,mg/l,False,0.05,,,LAC10-107-06-1J,UHL001,Actual,SW,Water,,,Clayton,07060004,River/Stream,,42.68761645,-91.03553088
6,12220012,Cox Creek (aka Alderson Hollow)-Strawberry Point,09/17/2013 12:00:00,AMBBIO,NIT-AMM,Ammonia-nitrogen (AS N),Total,,0.05,mg/l,False,0.05,,,LAC10-107-06-1J,UHL001,Actual,SW,Water,,,Clayton,07060004,River/Stream,,42.7045269,-91.5006885
6,12220015,Wolf Creek-Volga,09/17/2013 07:45:00,AMBBIO,NIT-AMM,Ammonia-nitrogen (AS N),Total,,0.05,mg/l,False,0.05,,,LAC10-107-06-1J,UHL001,Actual,SW,Water,,,Clayton,07060004,River/Stream,,42.816033,-91.525647
6,12220011,Buck Creek-Garnavillo (S.E. near Ceres),08/05/2013 12:30:00,AMBBIO,NIT-AMM,Ammonia-nitrogen (AS N),Total,,0.05,mg/l,False,0.05,,,LAC10-107-06-1J,UHL001,Actual,SW,Water,,,Clayton,07060003,River/Stream,,42.8418987,-91.1678821
6,12220013,Honey Creek-Littleport-HW60,07/30/2013 13:15:00,AMBBIO,NIT-AMM,Ammonia-nitrogen (AS N),Total,,0.05,mg/l,False,0.05,,,LAC10-107-06-1J,UHL001,Actual,SW,Water,,,Clayton,07060004,River/Stream,,42.72517921,-91.44927689
6,12220014,Doe Creek-Littleport,07/30/2013 08:45:00,AMBBIO,NIT-AMM,Ammonia-nitrogen (AS N),Total,,0.05,mg/l,False,0.05,,,LAC10-107-06-1J,UHL001,Actual,SW,Water,,,Clayton,07060004,River/Stream,,42.72758663,-91.36722113
6,12220016,Bluebell Creek-Millville,06/10/2013 12:30:00,AMBBIO,NIT-AMM,Ammonia-nitrogen (AS N),Total,,0.05,mg/l,False,0.05,,,LAC10-107-06-1J,UHL001,Actual,SW,Water,,,Clayton,07060004,River/Stream,,42.68761645,-91.03553088
6,12220010,South Cedar Creek-Garnavillo-SoCed1,09/18/2007 00:00:00,LEGACYAMBBIO,NIT-AMM,Ammonia-nitrogen (AS N),Total,,0.05,mg/l,False,0.05,,,350.1,UHL001,Actual,SW,Water,,,Clayton,07060004,River/Stream,,42.8298658,-91.2442284
6,12220008,Brownfield Creek-Colesburg-BroCr1,09/18/2007 00:00:00,LEGACYAMBBIO,NIT-AMM,Ammonia-nitrogen (AS N),Total,,0.05,mg/l,False,0.05,,,350.1,UHL001,Actual,SW,Water,,,Clayton,07060004,River/Stream,,42.656774,-91.24807
6,12220009,Buck Creek-Garnavillo-BuCr1,09/18/2007 00:00:00,LEGACYAMBBIO,NIT-AMM,Ammonia-nitrogen (AS N),Total,,0.05,mg/l,False,0.05,,,350.1,UHL001,Actual,SW,Water,,,Clayton,07060003,River/Stream,,42.88706,-91.203849
6,12220001,Miners Creek-Guttenburg,10/17/2001 00:00:00,LEGACYAMBBIO,NIT-AMM,Ammonia-nitrogen (AS N),Total,,0.06,mg/l,True,0.05,,,350.1,UHL001,Actual,SW,Water,,,Clayton,07060004,River/Stream,,42.788189,-91.125629
6,12220007,Maquoketa River-Strawberry Point-Maq2,09/12/2007 00:00:00,LEGACYAMBBIO,NIT-AMM,Ammonia-nitrogen (AS N),Total,,0.05,mg/l,False,0.05,,,350.1,UHL001,Actual,SW,Water,,,Clayton,07060006,River/Stream,,42.669964,-91.594525
6,12220002,North Cedar Creek-Public Access Area- Sny Magill,07/25/2000 00:00:00,LEGACYAMBBIO,NIT-AMM,Ammonia-nitrogen (AS N),Total,,0.1,mg/l,False,0.1,,,350.1,UHL001,Actual,SW,Water,,,Clayton,07060003,River/Stream,,42.96248573,-91.22933069
6,12220006,Silver Creek Gunder,08/02/2000 00:00:00,LEGACYAMBBIO,NIT-AMM,Ammonia-nitrogen (AS N),Total,,0.1,mg/l,False,0.1,,,350.1,UHL001,Actual,SW,Water,,,Clayton,07060004,River/Stream,,42.9871,-91.45264
6,14000103,Unnamed Tributary to Volga River - Volga (UTVR2),09/21/2015 12:00:00,AMBBIO,NIT-AMM,Ammonia-nitrogen (AS N),Total,,0.05,mg/l,False,0.05,,,LAC10-107-06-1J,UHL001,Actual,SW,Water,,,Clayton,07060004,River/Stream,,42.836556,-91.562467
6,14000049,Mossy Glen Creek - Edgewood-Mossy Glen Preserve,07/20/2015 09:10:00,AMBBIO,NIT-AMM,Ammonia-nitrogen (AS N),Total,,0.05,mg/l,False,0.05,,,LAC10-107-06-1J,UHL001,Actual,SW,Water,,,Clayton,07060004,River/Stream,,42.7085,-91.426101
6,12220016,Bluebell Creek-Millville,05/28/2015 08:20:00,AMBBIO,NIT-AMM,Ammonia-nitrogen (AS N),Total,,0.05,mg/l,False,0.05,,,LAC10-107-06-1J,UHL001,Actual,SW,Water,,,Clayton,07060004,River/Stream,,42.68761645,-91.03553088
6,12220002,North Cedar Creek-Public Access Area- Sny Magill,09/20/2011 11:40:00,AMBBIO,NIT-AMM,Ammonia-nitrogen (as N),Total,,0.05,mg/l,False,0.05,,,LAC10-107-06-1J,UHL001,Actual,SW,Water,,,Clayton,07060003,River/Stream,,42.96248573,-91.22933069
6,11220012,Peck Creek near Osterdock (Site 326),09/05/2012 09:35:00,TURKEYR,NIT-AMM,Ammonia-nitrogen (as N),Total,,0.08,mg/l,True,0.05,,,LAC10-107-06-1J,IGS-GRAB,Actual,SW,Water,,,Clayton,07060004,River/Stream,,42.723821,-91.144286
6,12220010,South Cedar Creek-Garnavillo-SoCed1,09/20/2011 09:15:00,AMBBIO,NIT-AMM,Ammonia-nitrogen (as N),Total,,0.05,mg/l,False,0.05,,,LAC10-107-06-1J,UHL001,Actual,SW,Water,,,Clayton,07060004,River/Stream,,42.8298658,-91.2442284
6,12220010,South Cedar Creek-Garnavillo-SoCed1,08/08/2011 14:00:00,AMBBIO,NIT-AMM,Ammonia-nitrogen (as N),Total,,0.05,mg/l,False,0.05,,,LAC10-107-06-1J,UHL001,Actual,SW,Water,,,Clayton,07060004,River/Stream,,42.8298658,-91.2442284
6,11220014,Silver Creek at 172nd St. (Site SC04/SiCr1),07/02/2012 07:59:00,TURKEYR,NIT-AMM,Ammonia-nitrogen (as N),Total,,0.11,mg/l,True,0.05,,,LAC10-107-06-1J,IGS-GRAB,Actual,SW,Water,,,Clayton,07060004,River/Stream,,42.973151,-91.441907
6,11220014,Silver Creek at 172nd St. (Site SC04/SiCr1),04/04/2012 15:12:00,TURKEYR,NIT-AMM,Ammonia-nitrogen (as N),Total,,0.19,mg/l,True,0.05,,,LAC10-107-06-1J,IGS-GRAB,Actual,SW,Water,,,Clayton,07060004,River/Stream,,42.973151,-91.441907
6,11220014,Silver Creek at 172nd St. (Site SC04/SiCr1),05/02/2012 12:50:00,TURKEYR,NIT-AMM,Ammonia-nitrogen (as N),Total,,0.7,mg/l,True,0.05,,,LAC10-107-06-1J,IGS-GRAB,Actual,SW,Water,,,Clayton,07060004,River/Stream,,42.973151,-91.441907
6,11220014,Silver Creek at 172nd St. (Site SC04/SiCr1),09/05/2012 14:35:00,TURKEYR,NIT-AMM,Ammonia-nitrogen (as N),Total,,1.1,mg/l,True,0.05,,,LAC10-107-06-1J,IGS-GRAB,Actual,SW,Water,,,Clayton,07060004,River/Stream,,42.973151,-91.441907
6,11220012,Peck Creek near Osterdock (Site 326),04/04/2012 10:30:00,TURKEYR,NIT-AMM,Ammonia-nitrogen (as N),Total,,0.05,mg/l,False,0.05,,,LAC10-107-06-1J,IGS-GRAB,Actual,SW,Water,,,Clayton,07060004,River/Stream,,42.723821,-91.144286
6,11220012,Peck Creek near Osterdock (Site 326),05/02/2012 11:00:00,TURKEYR,NIT-AMM,Ammonia-nitrogen (as N),Total,,0.05,mg/l,False,0.05,,,LAC10-107-06-1J,IGS-GRAB,Actual,SW,Water,,,Clayton,07060004,River/Stream,,42.723821,-91.144286
6,11220009,Bear Creek W of Elkport (37),06/06/2012 07:40:00,TURKEYR,NIT-AMM,Ammonia-nitrogen (as N),Total,,0.05,mg/l,False,0.05,,,LAC10-107-06-1J,IGS-GRAB,Actual,SW,Water,,,Clayton,07060004,River/Stream,,42.7369562,-91.3245041
6,11220012,Peck Creek near Osterdock (Site 326),08/01/2012 08:00:00,TURKEYR,NIT-AMM,Ammonia-nitrogen (as N),Total,,0.05,mg/l,False,0.05,,,LAC10-107-06-1J,IGS-GRAB,Actual,SW,Water,,,Clayton,07060004,River/Stream,,42.723821,-91.144286
6,11220014,Silver Creek at 172nd St. (Site SC04/SiCr1),08/01/2012 13:00:00,TURKEYR,NIT-AMM,Ammonia-nitrogen (as N),Total,,0.05,mg/l,False,0.05,,,LAC10-107-06-1J,IGS-GRAB,Actual,SW,Water,,,Clayton,07060004,River/Stream,,42.973151,-91.441907
6,11220012,Peck Creek near Osterdock (Site 326),10/03/2012 10:30:00,TURKEYR,NIT-AMM,Ammonia-nitrogen (as N),Total,,0.05,mg/l,False,0.05,,,LAC10-107-06-1J,IGS-GRAB,Actual,SW,Water,,,Clayton,07060004,River/Stream,,42.723821,-91.144286
6,11220014,Silver Creek at 172nd St. (Site SC04/SiCr1),10/03/2012 10:35:00,TURKEYR,NIT-AMM,Ammonia-nitrogen (as N),Total,,0.05,mg/l,False,0.05,,,LAC10-107-06-1J,IGS-GRAB,Actual,SW,Water,,,Clayton,07060004,River/Stream,,42.973151,-91.441907
6,11220009,Bear Creek W of Elkport (37),11/07/2012 12:28:00,TURKEYR,NIT-AMM,Ammonia-nitrogen (as N),Total,,0.05,mg/l,False,0.05,,,LAC10-107-06-1J,IGS-GRAB,Actual,SW,Water,,,Clayton,07060004,River/Stream,,42.7369562,-91.3245041
6,11220012,Peck Creek near Osterdock (Site 326),08/07/2013 08:30:00,TURKEYR,NIT-AMM,Ammonia-nitrogen (AS N),Total,,0.21,mg/l,True,0.05,,,LAC10-107-06-1J,UHL001,Actual,SW,Water,,,Clayton,07060004,River/Stream,,42.723821,-91.144286
6,11220009,Bear Creek W of Elkport (37),09/04/2013 12:00:00,TURKEYR,NIT-AMM,Ammonia-nitrogen (AS N),Total,,0.05,mg/l,False,0.05,,,LAC10-107-06-1J,UHL001,Actual,SW,Water,,,Clayton,07060004,River/Stream,,42.7369562,-91.3245041
6,11220014,Silver Creek at 172nd St. (Site SC04/SiCr1),09/04/2013 09:15:00,TURKEYR,NIT-AMM,Ammonia-nitrogen (AS N),Total,,0.05,mg/l,False,0.05,,,LAC10-107-06-1J,UHL001,Actual,SW,Water,,,Clayton,07060004,River/Stream,,42.973151,-91.441907
6,11220014,Silver Creek at 172nd St. (Site SC04/SiCr1),10/16/2013 09:00:00,TURKEYR,NIT-AMM,Ammonia-nitrogen (AS N),Total,,0.05,mg/l,False,0.05,,,LAC10-107-06-1J,UHL001,Actual,SW,Water,,,Clayton,07060004,River/Stream,,42.973151,-91.441907
6,14000122,Silver Creek at Dove Ave (SIL50),10/16/2013 09:20:00,TURKEYR,NIT-AMM,Ammonia-nitrogen (AS N),Total,,0.05,mg/l,False,0.05,,,LAC10-107-06-1J,UHL001,Actual,SW,Water,,,Clayton,07060004,River/Stream,,43.017,-91.469
6,11220012,Peck Creek near Osterdock (Site 326),11/06/2013 10:50:00,TURKEYR,NIT-AMM,Ammonia-nitrogen (AS N),Total,,0.05,mg/l,False,0.05,,,LAC10-107-06-1J,UHL001,Actual,SW,Water,,,Clayton,07060004,River/Stream,,42.723821,-91.144286
6,11220009,Bear Creek W of Elkport (37),04/10/2013 10:30:00,TURKEYR,NIT-AMM,Ammonia-nitrogen (AS N),Total,,0.44,mg/l,True,0.05,,,LAC10-107-06-1J,UHL001,Actual,SW,Water,,,Clayton,07060004,River/Stream,,42.7369562,-91.3245041
6,11220014,Silver Creek at 172nd St. (Site SC04/SiCr1),04/10/2013 08:15:00,TURKEYR,NIT-AMM,Ammonia-nitrogen (AS N),Total,,0.75,mg/l,True,0.05,,,LAC10-107-06-1J,UHL001,Actual,SW,Water,,,Clayton,07060004,River/Stream,,42.973151,-91.441907
6,14000122,Silver Creek at Dove Ave (SIL50),04/10/2013 08:35:00,TURKEYR,NIT-AMM,Ammonia-nitrogen (AS N),Total,,0.49,mg/l,True,0.05,,,LAC10-107-06-1J,UHL001,Actual,SW,Water,,,Clayton,07060004,River/Stream,,43.017,-91.469
6,11220014,Silver Creek at 172nd St. (Site SC04/SiCr1),05/01/2013 08:00:00,TURKEYR,NIT-AMM,Ammonia-nitrogen (AS N),Total,,0.89,mg/l,True,0.05,,,LAC10-107-06-1J,UHL001,Actual,SW,Water,,,Clayton,07060004,River/Stream,,42.973151,-91.441907
6,15220002,Bloody Run Creek at Spook Cave (BRSC),09/24/1996 12:30:00,SNY319,NIT-AMM,Ammonia-nitrogen (as N),Total,,0.1,mg/l,False,0.1,,,Unknown,SNY001,Actual,SW,Water,,,Clayton,07060001,River/Stream,,43.03326422,-91.30759437
6,11220023,Peck Creek at Osterdock (site pecr3),04/14/2011 09:40:00,TMDL,NIT-AMM,Ammonia-nitrogen (as N),Total,,0.05,mg/l,False,0.05,,,350.1,UHL001,Actual,SW,Water,,,Clayton,07060004,River/Stream,,42.695322,-91.166768
6,11220023,Peck Creek at Osterdock (site pecr3),03/30/2011 09:20:00,TMDL,NIT-AMM,Ammonia-nitrogen (as N),Total,,0.05,mg/l,False,0.05,,,350.1,UHL001,Actual,SW,Water,,,Clayton,07060004,River/Stream,,42.695322,-91.166768
6,11220014,Silver Creek at 172nd St. (Site SC04/SiCr1),10/07/2008 09:20:00,TMDL,NIT-AMM,Ammonia-nitrogen (as N),Total,,0.05,mg/l,False,0.05,,,350.1,UHL001,Actual,SW,Water,,,Clayton,07060004,River/Stream,,42.973151,-91.441907
6,11220021,Creamery Effluent at Highway 52 near Luana,10/07/2008 10:30:00,TMDL,NIT-AMM,Ammonia-nitrogen (as N),Total,,0.56,mg/l,True,0.05,,,350.1,UHL001,Actual,SW,Water,,,Clayton,07060004,River/Stream,,43.051165,-91.439633
6,11220020,Unnamed Trib to Silver Creek at 125th St. (SC08),10/07/2008 11:10:00,TMDL,NIT-AMM,Ammonia-nitrogen (as N),Total,,0.05,mg/l,False,0.05,,,350.1,UHL001,Actual,SW,Water,,,Clayton,07060004,River/Stream,,43.044508,-91.408351
6,11220020,Unnamed Trib to Silver Creek at 125th St. (SC08),09/24/2008 13:55:00,TMDL,NIT-AMM,Ammonia-nitrogen (as N),Total,,0.05,mg/l,False,0.05,,,350.1,UHL001,Actual,SW,Water,,,Clayton,07060004,River/Stream,,43.044508,-91.408351
6,11220013,Peck Creek near Osterdock (Site PeC2),07/11/2011 13:10:00,TMDL,NIT-AMM,Ammonia-nitrogen (as N),Total,,0.05,mg/l,False,0.05,,,350.1,UHL001,Actual,SW,Water,,,Clayton,07060004,River/Stream,,42.714055,-91.153443
6,11220023,Peck Creek at Osterdock (site pecr3),05/26/2011 08:10:00,TMDL,NIT-AMM,Ammonia-nitrogen (as N),Total,,0.05,mg/l,False,0.05,,,350.1,UHL001,Actual,SW,Water,,,Clayton,07060004,River/Stream,,42.695322,-91.166768
6,11220023,Peck Creek at Osterdock (site pecr3),06/22/2011 09:45:00,TMDL,NIT-AMM,Ammonia-nitrogen (as N),Total,,0.05,mg/l,False,0.05,,,350.1,UHL001,Actual,SW,Water,,,Clayton,07060004,River/Stream,,42.695322,-91.166768
6,11220013,Peck Creek near Osterdock (Site PeC2),05/09/2011 09:30:00,TMDL,NIT-AMM,Ammonia-nitrogen (as N),Total,,0.05,mg/l,False,0.05,,,350.1,UHL001,Actual,SW,Water,,,Clayton,07060004,River/Stream,,42.714055,-91.153443
6,11220013,Peck Creek near Osterdock (Site PeC2),05/26/2011 08:50:00,TMDL,NIT-AMM,Ammonia-nitrogen (as N),Total,,0.05,mg/l,False,0.05,,,350.1,UHL001,Actual,SW,Water,,,Clayton,07060004,River/Stream,,42.714055,-91.153443
6,11220013,Peck Creek near Osterdock (Site PeC2),04/20/2011 05:14:00,TMDL,NIT-AMM,Ammonia-nitrogen (as N),Total,,0.12,mg/l,True,0.05,,,350.1,UHL002,Actual,SW,Water,,,Clayton,07060004,River/Stream,,42.714055,-91.153443
6,11220023,Peck Creek at Osterdock (site pecr3),06/08/2011 09:30:00,TMDL,NIT-AMM,Ammonia-nitrogen (as N),Total,,0.05,mg/l,False,0.05,,,350.1,UHL001,Actual,SW,Water,,,Clayton,07060004,River/Stream,,42.695322,-91.166768
6,11220013,Peck Creek near Osterdock (Site PeC2),04/19/2011 18:14:00,TMDL,NIT-AMM,Ammonia-nitrogen (as N),Total,,0.08,mg/l,True,0.05,,,350.1,UHL002,Actual,SW,Water,,,Clayton,07060004,River/Stream,,42.714055,-91.153443
6,11220023,Peck Creek at Osterdock (site pecr3),04/27/2011 12:20:00,TMDL,NIT-AMM,Ammonia-nitrogen (as N),Total,,0.05,mg/l,False,0.05,,,350.1,UHL001,Actual,SW,Water,,,Clayton,07060004,River/Stream,,42.695322,-91.166768
6,12220011,Buck Creek-Garnavillo (S.E. near Ceres),07/14/2011 11:30:00,AMBBIO,NIT-AMM,Ammonia-nitrogen (as N),Total,,0.05,mg/l,False,0.05,,,LAC10-107-06-1J,UHL001,Actual,SW,Water,,,Clayton,07060003,River/Stream,,42.8418987,-91.1678821
6,12220010,South Cedar Creek-Garnavillo-SoCed1,07/11/2011 09:40:00,AMBBIO,NIT-AMM,Ammonia-nitrogen (as N),Total,,0.05,mg/l,False,0.05,,,LAC10-107-06-1J,UHL001,Actual,SW,Water,,,Clayton,07060004,River/Stream,,42.8298658,-91.2442284
6,12220002,North Cedar Creek-Public Access Area- Sny Magill,07/11/2011 13:50:00,AMBBIO,NIT-AMM,Ammonia-nitrogen (as N),Total,,0.05,mg/l,False,0.05,,,LAC10-107-06-1J,UHL001,Actual,SW,Water,,,Clayton,07060003,River/Stream,,42.96248573,-91.22933069
6,11220012,Peck Creek near Osterdock (Site 326),11/02/2011 12:50:00,TURKEYR,NIT-AMM,Ammonia-nitrogen (as N),Total,,0.05,mg/l,False,0.05,,,350.1,IGS-GRAB,Actual,SW,Water,,,Clayton,07060004,River/Stream,,42.723821,-91.144286
6,11220023,Peck Creek at Osterdock (site pecr3),10/24/2011 09:15:00,TMDL,NIT-AMM,Ammonia-nitrogen (as N),Total,,0.05,mg/l,False,0.05,,,350.1,UHL001,Actual,SW,Water,,,Clayton,07060004,River/Stream,,42.695322,-91.166768
6,11220012,Peck Creek near Osterdock (Site 326),07/06/2011 11:30:00,TURKEYR,NIT-AMM,Ammonia-nitrogen (as N),Total,,0.13,mg/l,True,0.05,,,350.1,IGS-GRAB,Actual,SW,Water,,,Clayton,07060004,River/Stream,,42.723821,-91.144286
6,11220014,Silver Creek at 172nd St. (Site SC04/SiCr1),07/06/2011 12:20:00,TURKEYR,NIT-AMM,Ammonia-nitrogen (as N),Total,,0.06,mg/l,True,0.05,,,350.1,IGS-GRAB,Actual,SW,Water,,,Clayton,07060004,River/Stream,,42.973151,-91.441907
6,11220014,Silver Creek at 172nd St. (Site SC04/SiCr1),08/03/2011 07:30:00,TURKEYR,NIT-AMM,Ammonia-nitrogen (as N),Total,,0.97,mg/l,True,0.05,,,350.1,IGS-GRAB,Actual,SW,Water,,,Clayton,07060004,River/Stream,,42.973151,-91.441907
6,11220012,Peck Creek near Osterdock (Site 326),09/07/2011 11:25:00,TURKEYR,NIT-AMM,Ammonia-nitrogen (as N),Total,,0.05,mg/l,False,0.05,,,350.1,IGS-GRAB,Actual,SW,Water,,,Clayton,07060004,River/Stream,,42.723821,-91.144286
6,11220014,Silver Creek at 172nd St. (Site SC04/SiCr1),10/05/2011 09:09:00,TURKEYR,NIT-AMM,Ammonia-nitrogen (as N),Total,,0.05,mg/l,False,0.05,,,350.1,IGS-GRAB,Actual,SW,Water,,,Clayton,07060004,River/Stream,,42.973151,-91.441907
6,11220013,Peck Creek near Osterdock (Site PeC2),10/11/2011 12:20:00,TMDL,NIT-AMM,Ammonia-nitrogen (as N),Total,,0.05,mg/l,False,0.05,,,350.1,UHL001,Actual,SW,Water,,,Clayton,07060004,River/Stream,,42.714055,-91.153443
6,11220023,Peck Creek at Osterdock (site pecr3),10/11/2011 09:30:00,TMDL,NIT-AMM,Ammonia-nitrogen (as N),Total,,0.05,mg/l,False,0.05,,,350.1,UHL001,Actual,SW,Water,,,Clayton,07060004,River/Stream,,42.695322,-91.166768
6,11220013,Peck Creek near Osterdock (Site PeC2),09/22/2011 10:30:00,TMDL,NIT-AMM,Ammonia-nitrogen (as N),Total,,0.05,mg/l,False,0.05,,,350.1,UHL001,Actual,SW,Water,,,Clayton,07060004,River/Stream,,42.714055,-91.153443
6,11220023,Peck Creek at Osterdock (site pecr3),08/24/2011 09:00:00,TMDL,NIT-AMM,Ammonia-nitrogen (as N),Total,,0.05,mg/l,False,0.05,,,350.1,UHL001,Actual,SW,Water,,,Clayton,07060004,River/Stream,,42.695322,-91.166768
6,11220013,Peck Creek near Osterdock (Site PeC2),07/25/2011 10:10:00,TMDL,NIT-AMM,Ammonia-nitrogen (as N),Total,,0.05,mg/l,False,0.05,,,350.1,UHL001,Actual,SW,Water,,,Clayton,07060004,River/Stream,,42.714055,-91.153443
6,11220023,Peck Creek at Osterdock (site pecr3),08/08/2011 10:00:00,TMDL,NIT-AMM,Ammonia-nitrogen (as N),Total,,0.05,mg/l,False,0.05,,,350.1,UHL001,Actual,SW,Water,,,Clayton,07060004,River/Stream,,42.695322,-91.166768
6,11220018,Unnamed Tributary to Silver Creek near Luana (Site SiCr5),09/24/2008 11:50:00,TMDL,NIT-AMM,Ammonia-nitrogen (as N),Total,,5.2,mg/l,True,0.05,,,350.1,UHL001,Actual,SW,Water,,,Clayton,07060004,River/Stream,,43.042488,-91.441209
6,11220014,Silver Creek at 172nd St. (Site SC04/SiCr1),09/11/2008 10:00:00,TMDL,NIT-AMM,Ammonia-nitrogen (as N),Total,,0.22,mg/l,True,0.05,,,350.1,UHL001,Actual,SW,Water,,,Clayton,07060004,River/Stream,,42.973151,-91.441907
6,11220020,Unnamed Trib to Silver Creek at 125th St. (SC08),09/11/2008 11:50:00,TMDL,NIT-AMM,Ammonia-nitrogen (as N),Total,,2.6,mg/l,True,0.05,,,350.1,UHL001,Actual,SW,Water,,,Clayton,07060004,River/Stream,,43.044508,-91.408351
6,11220020,Unnamed Trib to Silver Creek at 125th St. (SC08),08/27/2008 11:10:00,TMDL,NIT-AMM,Ammonia-nitrogen (as N),Total,,0.05,mg/l,False,0.05,,,350.1,UHL001,Actual,SW,Water,,,Clayton,07060004,River/Stream,,43.044508,-91.408351
6,11220018,Unnamed Tributary to Silver Creek near Luana (Site SiCr5),08/27/2008 09:40:00,TMDL,NIT-AMM,Ammonia-nitrogen (as N),Total,,5.7,mg/l,True,0.05,,,350.1,UHL001,Actual,SW,Water,,,Clayton,07060004,River/Stream,,43.042488,-91.441209
6,11220014,Silver Creek at 172nd St. (Site SC04/SiCr1),08/27/2008 09:00:00,TMDL,NIT-AMM,Ammonia-nitrogen (as N),Total,,4.5,mg/l,True,0.05,,,350.1,UHL001,Actual,SW,Water,,,Clayton,07060004,River/Stream,,42.973151,-91.441907
6,11220014,Silver Creek at 172nd St. (Site SC04/SiCr1),08/11/2008 09:30:00,TMDL,NIT-AMM,Ammonia-nitrogen (as N),Total,,0.05,mg/l,False,0.05,,,350.1,UHL001,Actual,SW,Water,,,Clayton,07060004,River/Stream,,42.973151,-91.441907
6,11220021,Creamery Effluent at Highway 52 near Luana,08/11/2008 10:20:00,TMDL,NIT-AMM,Ammonia-nitrogen (as N),Total,,2.3,mg/l,True,0.05,,,350.1,UHL001,Actual,SW,Water,,,Clayton,07060004,River/Stream,,43.051165,-91.439633
6,11220020,Unnamed Trib to Silver Creek at 125th St. (SC08),08/11/2008 10:45:00,TMDL,NIT-AMM,Ammonia-nitrogen (as N),Total,,0.1,mg/l,True,0.05,,,350.1,UHL001,Actual,SW,Water,,,Clayton,07060004,River/Stream,,43.044508,-91.408351
6,11220020,Unnamed Trib to Silver Creek at 125th St. (SC08),07/31/2008 12:15:00,TMDL,NIT-AMM,Ammonia-nitrogen (as N),Total,,0.46,mg/l,True,0.05,,,350.1,UHL001,Actual,SW,Water,,,Clayton,07060004,River/Stream,,43.044508,-91.408351
6,11220014,Silver Creek at 172nd St. (Site SC04/SiCr1),07/31/2008 09:05:00,TMDL,NIT-AMM,Ammonia-nitrogen (as N),Total,,0.09,mg/l,True,0.05,,,350.1,UHL001,Actual,SW,Water,,,Clayton,07060004,River/Stream,,42.973151,-91.441907
6,11220018,Unnamed Tributary to Silver Creek near Luana (Site SiCr5),07/16/2008 11:25:00,TMDL,NIT-AMM,Ammonia-nitrogen (as N),Total,,2.5,mg/l,True,0.05,,,350.1,UHL001,Actual,SW,Water,,,Clayton,07060004,River/Stream,,43.042488,-91.441209
6,11220014,Silver Creek at 172nd St. (Site SC04/SiCr1),07/16/2008 12:15:00,TMDL,NIT-AMM,Ammonia-nitrogen (as N),Total,,0.08,mg/l,True,0.05,,,350.1,UHL001,Actual,SW,Water,,,Clayton,07060004,River/Stream,,42.973151,-91.441907
6,11220020,Unnamed Trib to Silver Creek at 125th St. (SC08),07/16/2008 10:30:00,TMDL,NIT-AMM,Ammonia-nitrogen (as N),Total,,0.12,mg/l,True,0.05,,,350.1,UHL001,Actual,SW,Water,,,Clayton,07060004,River/Stream,,43.044508,-91.408351
6,11220014,Silver Creek at 172nd St. (Site SC04/SiCr1),09/24/2007 09:40:00,TMDL,NIT-AMM,Ammonia-nitrogen (as N),Total,,0.07,mg/l,True,0.05,,,350.1,UHL001,Actual,SW,Water,,,Clayton,07060004,River/Stream,,42.973151,-91.441907
6,11220014,Silver Creek at 172nd St. (Site SC04/SiCr1),06/07/2007 11:30:00,TMDL,NIT-AMM,Ammonia-nitrogen (as N),Total,,0.05,mg/l,False,0.05,,,350.1,UHL001,Actual,SW,Water,,,Clayton,07060004,River/Stream,,42.973151,-91.441907
6,11220017,Silver Creek near Luana (Site SiCr4),06/20/2007 11:05:00,TMDL,NIT-AMM,Ammonia-nitrogen (as N),Total,,0.05,mg/l,False,0.05,,,350.1,UHL001,Actual,SW,Water,,,Clayton,07060004,River/Stream,,43.016854,-91.46942
6,11220017,Silver Creek near Luana (Site SiCr4),06/07/2007 11:05:00,TMDL,NIT-AMM,Ammonia-nitrogen (as N),Total,,0.05,mg/l,False,0.05,,,350.1,UHL001,Actual,SW,Water,,,Clayton,07060004,River/Stream,,43.016854,-91.46942
6,11220014,Silver Creek at 172nd St. (Site SC04/SiCr1),04/17/2007 11:30:00,TMDL,NIT-AMM,Ammonia-nitrogen (as N),Total,,0.05,mg/l,False,0.05,,,350.1,UHL001,Actual,SW,Water,,,Clayton,07060004,River/Stream,,42.973151,-91.441907
6,11220018,Unnamed Tributary to Silver Creek near Luana (Site SiCr5),04/17/2007 10:30:00,TMDL,NIT-AMM,Ammonia-nitrogen (as N),Total,,0.62,mg/l,True,0.05,,,350.1,UHL001,Actual,SW,Water,,,Clayton,07060004,River/Stream,,43.042488,-91.441209
6,11220017,Silver Creek near Luana (Site SiCr4),04/03/2007 09:45:00,TMDL,NIT-AMM,Ammonia-nitrogen (as N),Total,,0.16,mg/l,True,0.05,,,350.1,UHL001,Actual,SW,Water,,,Clayton,07060004,River/Stream,,43.016854,-91.46942
6,11220014,Silver Creek at 172nd St. (Site SC04/SiCr1),03/21/2007 11:20:00,TMDL,NIT-AMM,Ammonia-nitrogen (as N),Total,,0.54,mg/l,True,0.05,,,350.1,UHL001,Actual,SW,Water,,,Clayton,07060004,River/Stream,,42.973151,-91.441907
6,11220018,Unnamed Tributary to Silver Creek near Luana (Site SiCr5),03/07/2007 10:30:00,TMDL,NIT-AMM,Ammonia-nitrogen (as N),Total,,4.5,mg/l,True,0.05,,,350.1,UHL001,Actual,SW,Water,,,Clayton,07060004,River/Stream,,43.042488,-91.441209
6,11220018,Unnamed Tributary to Silver Creek near Luana (Site SiCr5),03/21/2007 10:30:00,TMDL,NIT-AMM,Ammonia-nitrogen (as N),Total,,0.46,mg/l,True,0.05,,,350.1,UHL001,Actual,SW,Water,,,Clayton,07060004,River/Stream,,43.042488,-91.441209
6,11220018,Unnamed Tributary to Silver Creek near Luana (Site SiCr5),02/14/2007 10:30:00,TMDL,NIT-AMM,Ammonia-nitrogen (as N),Total,,4.5,mg/l,True,0.05,,,350.1,UHL001,Actual,SW,Water,,,Clayton,07060004,River/Stream,,43.042488,-91.441209
6,11220014,Silver Creek at 172nd St. (Site SC04/SiCr1),02/14/2007 09:30:00,TMDL,NIT-AMM,Ammonia-nitrogen (as N),Total,,0.42,mg/l,True,0.05,,,350.1,UHL001,Actual,SW,Water,,,Clayton,07060004,River/Stream,,42.973151,-91.441907
6,11220017,Silver Creek near Luana (Site SiCr4),01/08/2007 11:05:00,TMDL,NIT-AMM,Ammonia-nitrogen (as N),Total,,0.05,mg/l,False,0.05,,,350.1,UHL001,Actual,SW,Water,,,Clayton,07060004,River/Stream,,43.016854,-91.46942
6,11220018,Unnamed Tributary to Silver Creek near Luana (Site SiCr5),09/06/2006 14:05:00,TMDL,NIT-AMM,Ammonia-nitrogen (as N),Total,,2.6,mg/l,True,0.05,,,350.1,UHL001,Actual,SW,Water,,,Clayton,07060004,River/Stream,,43.042488,-91.441209
6,11220014,Silver Creek at 172nd St. (Site SC04/SiCr1),09/06/2006 10:35:00,TMDL,NIT-AMM,Ammonia-nitrogen (as N),Total,,0.1,mg/l,True,0.05,,,350.1,UHL001,Actual,SW,Water,,,Clayton,07060004,River/Stream,,42.973151,-91.441907
6,11220018,Unnamed Tributary to Silver Creek near Luana (Site SiCr5),09/20/2006 12:15:00,TMDL,NIT-AMM,Ammonia-nitrogen (as N),Total,,2.4,mg/l,True,0.05,,,350.1,UHL001,Actual,SW,Water,,,Clayton,07060004,River/Stream,,43.042488,-91.441209
6,11220014,Silver Creek at 172nd St. (Site SC04/SiCr1),09/20/2006 11:00:00,TMDL,NIT-AMM,Ammonia-nitrogen (as N),Total,,0.11,mg/l,True,0.05,,,350.1,UHL001,Actual,SW,Water,,,Clayton,07060004,River/Stream,,42.973151,-91.441907
6,15220002,Bloody Run Creek at Spook Cave (BRSC),06/25/1996 13:00:00,SNY319,NIT-AMM,Ammonia-nitrogen (as N),Total,,0.1,mg/l,False,0.1,,,Unknown,SNY001,Actual,SW,Water,,,Clayton,07060001,River/Stream,,43.03326422,-91.30759437
6,15220002,Bloody Run Creek at Spook Cave (BRSC),02/27/1996 11:55:00,SNY319,NIT-AMM,Ammonia-nitrogen (as N),Total,,0.6,mg/l,True,0.1,,,Unknown,SNY001,Actual,SW,Water,,,Clayton,07060001,River/Stream,,43.03326422,-91.30759437
6,11220014,Silver Creek at 172nd St. (Site SC04/SiCr1),06/29/2006 09:05:00,TMDL,NIT-AMM,Ammonia-nitrogen (as N),Total,,0.16,mg/l,True,0.05,,,350.1,UHL001,Actual,SW,Water,,,Clayton,07060004,River/Stream,,42.973151,-91.441907
6,11220017,Silver Creek near Luana (Site SiCr4),06/29/2006 08:00:00,TMDL,NIT-AMM,Ammonia-nitrogen (as N),Total,,0.05,mg/l,False,0.05,,,350.1,UHL001,Actual,SW,Water,,,Clayton,07060004,River/Stream,,43.016854,-91.46942
6,15220002,Bloody Run Creek at Spook Cave (BRSC),07/30/1996 12:25:00,SNY319,NIT-AMM,Ammonia-nitrogen (as N),Total,,0.2,mg/l,True,0.1,,,Unknown,SNY001,Actual,SW,Water,,,Clayton,07060001,River/Stream,,43.03326422,-91.30759437
6,11220012,Peck Creek near Osterdock (Site 326),08/10/2006 13:30:00,TMDL,NIT-AMM,Ammonia-nitrogen (as N),Total,,0.05,mg/l,False,0.05,,,350.1,UHL001,Actual,SW,Water,,,Clayton,07060004,River/Stream,,42.723821,-91.144286
6,11220014,Silver Creek at 172nd St. (Site SC04/SiCr1),09/11/2006 17:55:00,TMDL,NIT-AMM,Ammonia-nitrogen (as N),Total,,1.9,mg/l,True,0.05,,,350.1,UHL001,Actual,SW,Water,,,Clayton,07060004,River/Stream,,42.973151,-91.441907
6,11220018,Unnamed Tributary to Silver Creek near Luana (Site SiCr5),08/07/2006 14:00:00,TMDL,NIT-AMM,Ammonia-nitrogen (as N),Total,,0.83,mg/l,True,0.05,,,350.1,UHL001,Actual,SW,Water,,,Clayton,07060004,River/Stream,,43.042488,-91.441209
6,15220002,Bloody Run Creek at Spook Cave (BRSC),01/30/1996 13:40:00,SNY319,NIT-AMM,Ammonia-nitrogen (as N),Total,,0.1,mg/l,False,0.1,,,Unknown,SNY001,Actual,SW,Water,,,Clayton,07060001,River/Stream,,43.03326422,-91.30759437
6,15220001,Bloody Run Creek Site #2 (BR02),09/03/1996 10:50:00,SNY319,NIT-AMM,Ammonia-nitrogen (as N),Total,,0.1,mg/l,False,0.1,,,Unknown,SNY001,Actual,SW,Water,,,Clayton,07060001,River/Stream,,43.03547975,-91.26682808
6,15220001,Bloody Run Creek Site #2 (BR02),08/27/1996 12:40:00,SNY319,NIT-AMM,Ammonia-nitrogen (as N),Total,,0.1,mg/l,False,0.1,,,Unknown,SNY001,Actual,SW,Water,,,Clayton,07060001,River/Stream,,43.03547975,-91.26682808
6,15220001,Bloody Run Creek Site #2 (BR02),07/23/1996 10:50:00,SNY319,NIT-AMM,Ammonia-nitrogen (as N),Total,,0.1,mg/l,False,0.1,,,Unknown,SNY001,Actual,SW,Water,,,Clayton,07060001,River/Stream,,43.03547975,-91.26682808
6,15220001,Bloody Run Creek Site #2 (BR02),07/30/1996 12:45:00,SNY319,NIT-AMM,Ammonia-nitrogen (as N),Total,,0.1,mg/l,False,0.1,,,Unknown,SNY001,Actual,SW,Water,,,Clayton,07060001,River/Stream,,43.03547975,-91.26682808
6,15220001,Bloody Run Creek Site #2 (BR02),06/11/1996 10:50:00,SNY319,NIT-AMM,Ammonia-nitrogen (as N),Total,,0.1,mg/l,False,0.1,,,Unknown,SNY001,Actual,SW,Water,,,Clayton,07060001,River/Stream,,43.03547975,-91.26682808
6,15220001,Bloody Run Creek Site #2 (BR02),06/25/1996 13:30:00,SNY319,NIT-AMM,Ammonia-nitrogen (as N),Total,,0.1,mg/l,False,0.1,,,Unknown,SNY001,Actual,SW,Water,,,Clayton,07060001,River/Stream,,43.03547975,-91.26682808
6,15220001,Bloody Run Creek Site #2 (BR02),06/18/1996 10:30:00,SNY319,NIT-AMM,Ammonia-nitrogen (as N),Total,,0.2,mg/l,True,0.1,,,Unknown,SNY001,Actual,SW,Water,,,Clayton,07060001,River/Stream,,43.03547975,-91.26682808
6,15220001,Bloody Run Creek Site #2 (BR02),05/21/1996 11:30:00,SNY319,NIT-AMM,Ammonia-nitrogen (as N),Total,,0.1,mg/l,False,0.1,,,Unknown,SNY001,Actual,SW,Water,,,Clayton,07060001,River/Stream,,43.03547975,-91.26682808
6,15220001,Bloody Run Creek Site #2 (BR02),05/14/1996 10:50:00,SNY319,NIT-AMM,Ammonia-nitrogen (as N),Total,,0.1,mg/l,False,0.1,,,Unknown,SNY001,Actual,SW,Water,,,Clayton,07060001,River/Stream,,43.03547975,-91.26682808
6,15220001,Bloody Run Creek Site #2 (BR02),04/16/1996 12:30:00,SNY319,NIT-AMM,Ammonia-nitrogen (as N),Total,,0.1,mg/l,False,0.1,,,Unknown,SNY001,Actual,SW,Water,,,Clayton,07060001,River/Stream,,43.03547975,-91.26682808
6,15220001,Bloody Run Creek Site #2 (BR02),04/09/1996 12:30:00,SNY319,NIT-AMM,Ammonia-nitrogen (as N),Total,,0.1,mg/l,False,0.1,,,Unknown,SNY001,Actual,SW,Water,,,Clayton,07060001,River/Stream,,43.03547975,-91.26682808
6,15220001,Bloody Run Creek Site #2 (BR02),03/12/1996 13:35:00,SNY319,NIT-AMM,Ammonia-nitrogen (as N),Total,,0.8,mg/l,True,0.1,,,Unknown,SNY001,Actual,SW,Water,,,Clayton,07060001,River/Stream,,43.03547975,-91.26682808
6,15220001,Bloody Run Creek Site #2 (BR02),03/05/1996 12:50:00,SNY319,NIT-AMM,Ammonia-nitrogen (as N),Total,,0.1,mg/l,False,0.1,,,Unknown,SNY001,Actual,SW,Water,,,Clayton,07060001,River/Stream,,43.03547975,-91.26682808
6,15220001,Bloody Run Creek Site #2 (BR02),02/06/1996 11:45:00,SNY319,NIT-AMM,Ammonia-nitrogen (as N),Total,,0.3,mg/l,True,0.1,,,Unknown,SNY001,Actual,SW,Water,,,Clayton,07060001,River/Stream,,43.03547975,-91.26682808
6,15220001,Bloody Run Creek Site #2 (BR02),01/30/1996 14:00:00,SNY319,NIT-AMM,Ammonia-nitrogen (as N),Total,,0.1,mg/l,False,0.1,,,Unknown,SNY001,Actual,SW,Water,,,Clayton,07060001,River/Stream,,43.03547975,-91.26682808
6,15220001,Bloody Run Creek Site #2 (BR02),02/27/1996 12:15:00,SNY319,NIT-AMM,Ammonia-nitrogen (as N),Total,,0.5,mg/l,True,0.1,,,Unknown,SNY001,Actual,SW,Water,,,Clayton,07060001,River/Stream,,43.03547975,-91.26682808
6,15220001,Bloody Run Creek Site #2 (BR02),01/23/1996 12:30:00,SNY319,NIT-AMM,Ammonia-nitrogen (as N),Total,,0.1,mg/l,False,0.1,,,Unknown,SNY001,Actual,SW,Water,,,Clayton,07060001,River/Stream,,43.03547975,-91.26682808
6,15220001,Bloody Run Creek Site #2 (BR02),01/02/1996 12:20:00,SNY319,NIT-AMM,Ammonia-nitrogen (as N),Total,,0.1,mg/l,False,0.1,,,Unknown,SNY001,Actual,SW,Water,,,Clayton,07060001,River/Stream,,43.03547975,-91.26682808
6,15220002,Bloody Run Creek at Spook Cave (BRSC),11/28/1995 12:05:00,SNY319,NIT-AMM,Ammonia-nitrogen (as N),Total,,0.1,mg/l,False,0.1,,,Unknown,SNY001,Actual,SW,Water,,,Clayton,07060001,River/Stream,,43.03326422,-91.30759437
6,15220002,Bloody Run Creek at Spook Cave (BRSC),10/31/1995 10:20:00,SNY319,NIT-AMM,Ammonia-nitrogen (as N),Total,,0.1,mg/l,False,0.1,,,Unknown,SNY001,Actual,SW,Water,,,Clayton,07060001,River/Stream,,43.03326422,-91.30759437
6,15220001,Bloody Run Creek Site #2 (BR02),12/26/1995 12:05:00,SNY319,NIT-AMM,Ammonia-nitrogen (as N),Total,,0.1,mg/l,False,0.1,,,Unknown,SNY001,Actual,SW,Water,,,Clayton,07060001,River/Stream,,43.03547975,-91.26682808
6,15220001,Bloody Run Creek Site #2 (BR02),12/05/1995 12:20:00,SNY319,NIT-AMM,Ammonia-nitrogen (as N),Total,,0.1,mg/l,False,0.1,,,Unknown,SNY001,Actual,SW,Water,,,Clayton,07060001,River/Stream,,43.03547975,-91.26682808
6,15220001,Bloody Run Creek Site #2 (BR02),11/28/1995 12:30:00,SNY319,NIT-AMM,Ammonia-nitrogen (as N),Total,,0.1,mg/l,False,0.1,,,Unknown,SNY001,Actual,SW,Water,,,Clayton,07060001,River/Stream,,43.03547975,-91.26682808
6,15220001,Bloody Run Creek Site #2 (BR02),11/21/1995 12:10:00,SNY319,NIT-AMM,Ammonia-nitrogen (as N),Total,,0.1,mg/l,False,0.1,,,Unknown,SNY001,Actual,SW,Water,,,Clayton,07060001,River/Stream,,43.03547975,-91.26682808
6,15220003,North Cedar Creek (NCC),09/03/1996 12:20:00,SNY319,NIT-AMM,Ammonia-nitrogen (as N),Total,,0.1,mg/l,False,0.1,,,Unknown,SNY001,Actual,SW,Water,,,Clayton,07060003,River/Stream,,42.96274242,-91.22931615
6,15220001,Bloody Run Creek Site #2 (BR02),10/24/1995 10:40:00,SNY319,NIT-AMM,Ammonia-nitrogen (as N),Total,,0.1,mg/l,False,0.1,,,Unknown,SNY001,Actual,SW,Water,,,Clayton,07060001,River/Stream,,43.03547975,-91.26682808
6,15220001,Bloody Run Creek Site #2 (BR02),10/31/1995 09:45:00,SNY319,NIT-AMM,Ammonia-nitrogen (as N),Total,,0.1,mg/l,False,0.1,,,Unknown,SNY001,Actual,SW,Water,,,Clayton,07060001,River/Stream,,43.03547975,-91.26682808
6,15220003,North Cedar Creek (NCC),08/27/1996 15:00:00,SNY319,NIT-AMM,Ammonia-nitrogen (as N),Total,,0.1,mg/l,False,0.1,,,Unknown,SNY001,Actual,SW,Water,,,Clayton,07060003,River/Stream,,42.96274242,-91.22931615
6,15220001,Bloody Run Creek Site #2 (BR02),10/17/1995 13:25:00,SNY319,NIT-AMM,Ammonia-nitrogen (as N),Total,,0.1,mg/l,False,0.1,,,Unknown,SNY001,Actual,SW,Water,,,Clayton,07060001,River/Stream,,43.03547975,-91.26682808
6,15220003,North Cedar Creek (NCC),07/23/1996 12:15:00,SNY319,NIT-AMM,Ammonia-nitrogen (as N),Total,,0.1,mg/l,False,0.1,,,Unknown,SNY001,Actual,SW,Water,,,Clayton,07060003,River/Stream,,42.96274242,-91.22931615
6,15220003,North Cedar Creek (NCC),07/30/1996 14:20:00,SNY319,NIT-AMM,Ammonia-nitrogen (as N),Total,,0.1,mg/l,False,0.1,,,Unknown,SNY001,Actual,SW,Water,,,Clayton,07060003,River/Stream,,42.96274242,-91.22931615
6,15220003,North Cedar Creek (NCC),08/06/1996 12:30:00,SNY319,NIT-AMM,Ammonia-nitrogen (as N),Total,,0.1,mg/l,False,0.1,,,Unknown,SNY001,Actual,SW,Water,,,Clayton,07060003,River/Stream,,42.96274242,-91.22931615
6,15220003,North Cedar Creek (NCC),07/02/1996 12:30:00,SNY319,NIT-AMM,Ammonia-nitrogen (as N),Total,,0.1,mg/l,False,0.1,,,Unknown,SNY001,Actual,SW,Water,,,Clayton,07060003,River/Stream,,42.96274242,-91.22931615
6,15220003,North Cedar Creek (NCC),05/21/1996 13:30:00,SNY319,NIT-AMM,Ammonia-nitrogen (as N),Total,,0.1,mg/l,False,0.1,,,Unknown,SNY001,Actual,SW,Water,,,Clayton,07060003,River/Stream,,42.96274242,-91.22931615
6,15220003,North Cedar Creek (NCC),06/25/1996 15:30:00,SNY319,NIT-AMM,Ammonia-nitrogen (as N),Total,,0.1,mg/l,False,0.1,,,Unknown,SNY001,Actual,SW,Water,,,Clayton,07060003,River/Stream,,42.96274242,-91.22931615
6,15220003,North Cedar Creek (NCC),06/18/1996 12:00:00,SNY319,NIT-AMM,Ammonia-nitrogen (as N),Total,,0.2,mg/l,True,0.1,,,Unknown,SNY001,Actual,SW,Water,,,Clayton,07060003,River/Stream,,42.96274242,-91.22931615
6,15220003,North Cedar Creek (NCC),04/16/1996 14:00:00,SNY319,NIT-AMM,Ammonia-nitrogen (as N),Total,,0.1,mg/l,False,0.1,,,Unknown,SNY001,Actual,SW,Water,,,Clayton,07060003,River/Stream,,42.96274242,-91.22931615
6,15220003,North Cedar Creek (NCC),03/12/1996 15:05:00,SNY319,NIT-AMM,Ammonia-nitrogen (as N),Total,,0.1,mg/l,True,0.1,,,Unknown,SNY001,Actual,SW,Water,,,Clayton,07060003,River/Stream,,42.96274242,-91.22931615
6,15220003,North Cedar Creek (NCC),05/14/1996 12:15:00,SNY319,NIT-AMM,Ammonia-nitrogen (as N),Total,,0.1,mg/l,False,0.1,,,Unknown,SNY001,Actual,SW,Water,,,Clayton,07060003,River/Stream,,42.96274242,-91.22931615
6,15220003,North Cedar Creek (NCC),03/05/1996 14:30:00,SNY319,NIT-AMM,Ammonia-nitrogen (as N),Total,,0.1,mg/l,False,0.1,,,Unknown,SNY001,Actual,SW,Water,,,Clayton,07060003,River/Stream,,42.96274242,-91.22931615
6,15220003,North Cedar Creek (NCC),04/09/1996 10:10:00,SNY319,NIT-AMM,Ammonia-nitrogen (as N),Total,,0.1,mg/l,False,0.1,,,Unknown,SNY001,Actual,SW,Water,,,Clayton,07060003,River/Stream,,42.96274242,-91.22931615
6,15220003,North Cedar Creek (NCC),02/06/1996 13:30:00,SNY319,NIT-AMM,Ammonia-nitrogen (as N),Total,,0.1,mg/l,False,0.1,,,Unknown,SNY001,Actual,SW,Water,,,Clayton,07060003,River/Stream,,42.96274242,-91.22931615
6,15220003,North Cedar Creek (NCC),01/30/1996 16:00:00,SNY319,NIT-AMM,Ammonia-nitrogen (as N),Total,,0.1,mg/l,False,0.1,,,Unknown,SNY001,Actual,SW,Water,,,Clayton,07060003,River/Stream,,42.96274242,-91.22931615
6,15220003,North Cedar Creek (NCC),01/02/1996 13:50:00,SNY319,NIT-AMM,Ammonia-nitrogen (as N),Total,,0.1,mg/l,False,0.1,,,Unknown,SNY001,Actual,SW,Water,,,Clayton,07060003,River/Stream,,42.96274242,-91.22931615
6,15220003,North Cedar Creek (NCC),01/23/1996 14:45:00,SNY319,NIT-AMM,Ammonia-nitrogen (as N),Total,,0.1,mg/l,False,0.1,,,Unknown,SNY001,Actual,SW,Water,,,Clayton,07060003,River/Stream,,42.96274242,-91.22931615
6,15220001,Bloody Run Creek Site #2 (BR02),07/03/2001 10:30:00,SNY319,NIT-AMM,Ammonia-nitrogen (as N),Total,,0.1,mg/l,False,0.1,,,Unknown,SNY001,Actual,SW,Water,,,Clayton,07060001,River/Stream,,43.03547975,-91.26682808
6,15220001,Bloody Run Creek Site #2 (BR02),07/10/2001 10:50:00,SNY319,NIT-AMM,Ammonia-nitrogen (as N),Total,,0.1,mg/l,False,0.1,,,Unknown,SNY001,Actual,SW,Water,,,Clayton,07060001,River/Stream,,43.03547975,-91.26682808
6,15220001,Bloody Run Creek Site #2 (BR02),08/07/2001 10:50:00,SNY319,NIT-AMM,Ammonia-nitrogen (as N),Total,,0.1,mg/l,False,0.1,,,Unknown,SNY001,Actual,SW,Water,,,Clayton,07060001,River/Stream,,43.03547975,-91.26682808
6,15220001,Bloody Run Creek Site #2 (BR02),08/14/2001 12:25:00,SNY319,NIT-AMM,Ammonia-nitrogen (as N),Total,,0.1,mg/l,False,0.1,,,Unknown,SNY001,Actual,SW,Water,,,Clayton,07060001,River/Stream,,43.03547975,-91.26682808
6,15220001,Bloody Run Creek Site #2 (BR02),08/21/2001 10:40:00,SNY319,NIT-AMM,Ammonia-nitrogen (as N),Total,,0.02,mg/l,True,0.01,,,Unknown,SNY001,Actual,SW,Water,,,Clayton,07060001,River/Stream,,43.03547975,-91.26682808
6,15220001,Bloody Run Creek Site #2 (BR02),09/18/2001 10:40:00,SNY319,NIT-AMM,Ammonia-nitrogen (as N),Total,,0.05,mg/l,False,0.05,,,Unknown,SNY001,Actual,SW,Water,,,Clayton,07060001,River/Stream,,43.03547975,-91.26682808
6,15220001,Bloody Run Creek Site #2 (BR02),09/25/2001 12:15:00,SNY319,NIT-AMM,Ammonia-nitrogen (as N),Total,,0.05,mg/l,False,0.05,,,Unknown,SNY001,Actual,SW,Water,,,Clayton,07060001,River/Stream,,43.03547975,-91.26682808
6,15220002,Bloody Run Creek at Spook Cave (BRSC),01/30/2001 11:50:00,SNY319,NIT-AMM,Ammonia-nitrogen (as N),Total,,0.1,mg/l,False,0.1,,,Unknown,SNY001,Actual,SW,Water,,,Clayton,07060001,River/Stream,,43.03326422,-91.30759437
6,15220002,Bloody Run Creek at Spook Cave (BRSC),02/27/2001 11:40:00,SNY319,NIT-AMM,Ammonia-nitrogen (as N),Total,,0.1,mg/l,False,0.1,,,Unknown,SNY001,Actual,SW,Water,,,Clayton,07060001,River/Stream,,43.03326422,-91.30759437
6,15220002,Bloody Run Creek at Spook Cave (BRSC),06/26/2001 11:05:00,SNY319,NIT-AMM,Ammonia-nitrogen (as N),Total,,0.1,mg/l,False,0.1,,,Unknown,SNY001,Actual,SW,Water,,,Clayton,07060001,River/Stream,,43.03326422,-91.30759437
6,15220002,Bloody Run Creek at Spook Cave (BRSC),07/31/2001 12:35:00,SNY319,NIT-AMM,Ammonia-nitrogen (as N),Total,,0.1,mg/l,False,0.1,,,Unknown,SNY001,Actual,SW,Water,,,Clayton,07060001,River/Stream,,43.03326422,-91.30759437
6,15220002,Bloody Run Creek at Spook Cave (BRSC),08/28/2001 12:10:00,SNY319,NIT-AMM,Ammonia-nitrogen (as N),Total,,0.04,mg/l,True,0.01,,,Unknown,SNY001,Actual,SW,Water,,,Clayton,07060001,River/Stream,,43.03326422,-91.30759437
6,15220003,North Cedar Creek (NCC),01/16/2001 12:20:00,SNY319,NIT-AMM,Ammonia-nitrogen (as N),Total,,0.1,mg/l,False,0.1,,,Unknown,SNY001,Actual,SW,Water,,,Clayton,07060003,River/Stream,,42.96274242,-91.22931615
6,15220003,North Cedar Creek (NCC),01/23/2001 12:45:00,SNY319,NIT-AMM,Ammonia-nitrogen (as N),Total,,0.1,mg/l,False,0.1,,,Unknown,SNY001,Actual,SW,Water,,,Clayton,07060003,River/Stream,,42.96274242,-91.22931615
6,15220003,North Cedar Creek (NCC),02/06/2001 12:25:00,SNY319,NIT-AMM,Ammonia-nitrogen (as N),Total,,0.1,mg/l,False,0.1,,,Unknown,SNY001,Actual,SW,Water,,,Clayton,07060003,River/Stream,,42.96274242,-91.22931615
6,15220003,North Cedar Creek (NCC),03/06/2001 12:45:00,SNY319,NIT-AMM,Ammonia-nitrogen (as N),Total,,0.1,mg/l,False,0.1,,,Unknown,SNY001,Actual,SW,Water,,,Clayton,07060003,River/Stream,,42.96274242,-91.22931615
6,15220003,North Cedar Creek (NCC),03/13/2001 12:30:00,SNY319,NIT-AMM,Ammonia-nitrogen (as N),Total,,0.1,mg/l,False,0.1,,,Unknown,SNY001,Actual,SW,Water,,,Clayton,07060003,River/Stream,,42.96274242,-91.22931615
6,15220003,North Cedar Creek (NCC),03/20/2001 13:45:00,SNY319,NIT-AMM,Ammonia-nitrogen (as N),Total,,0.1,mg/l,False,0.1,,,Unknown,SNY001,Actual,SW,Water,,,Clayton,07060003,River/Stream,,42.96274242,-91.22931615
6,15220003,North Cedar Creek (NCC),03/27/2001 13:55:00,SNY319,NIT-AMM,Ammonia-nitrogen (as N),Total,,0.1,mg/l,False,0.1,,,Unknown,SNY001,Actual,SW,Water,,,Clayton,07060003,River/Stream,,42.96274242,-91.22931615
6,15220003,North Cedar Creek (NCC),04/24/2001 15:40:00,SNY319,NIT-AMM,Ammonia-nitrogen (as N),Total,,0.1,mg/l,False,0.1,,,Unknown,SNY001,Actual,SW,Water,,,Clayton,07060003,River/Stream,,42.96274242,-91.22931615
6,15220003,North Cedar Creek (NCC),05/01/2001 12:15:00,SNY319,NIT-AMM,Ammonia-nitrogen (as N),Total,,0.1,mg/l,False,0.1,,,Unknown,SNY001,Actual,SW,Water,,,Clayton,07060003,River/Stream,,42.96274242,-91.22931615
6,15220003,North Cedar Creek (NCC),05/08/2001 13:30:00,SNY319,NIT-AMM,Ammonia-nitrogen (as N),Total,,0.1,mg/l,False,0.1,,,Unknown,SNY001,Actual,SW,Water,,,Clayton,07060003,River/Stream,,42.96274242,-91.22931615
6,15220003,North Cedar Creek (NCC),06/05/2001 12:25:00,SNY319,NIT-AMM,Ammonia-nitrogen (as N),Total,,0.1,mg/l,False,0.1,,,Unknown,SNY001,Actual,SW,Water,,,Clayton,07060003,River/Stream,,42.96274242,-91.22931615
6,15220003,North Cedar Creek (NCC),06/12/2001 12:20:00,SNY319,NIT-AMM,Ammonia-nitrogen (as N),Total,,0.2,mg/l,True,0.1,,,Unknown,SNY001,Actual,SW,Water,,,Clayton,07060003,River/Stream,,42.96274242,-91.22931615
6,15220003,North Cedar Creek (NCC),06/19/2001 12:45:00,SNY319,NIT-AMM,Ammonia-nitrogen (as N),Total,,0.1,mg/l,False,0.1,,,Unknown,SNY001,Actual,SW,Water,,,Clayton,07060003,River/Stream,,42.96274242,-91.22931615
6,15220003,North Cedar Creek (NCC),07/17/2001 12:45:00,SNY319,NIT-AMM,Ammonia-nitrogen (as N),Total,,0.1,mg/l,False,0.1,,,Unknown,SNY001,Actual,SW,Water,,,Clayton,07060003,River/Stream,,42.96274242,-91.22931615
6,15220003,North Cedar Creek (NCC),07/24/2001 12:25:00,SNY319,NIT-AMM,Ammonia-nitrogen (as N),Total,,0.1,mg/l,False,0.1,,,Unknown,SNY001,Actual,SW,Water,,,Clayton,07060003,River/Stream,,42.96274242,-91.22931615
6,15220003,North Cedar Creek (NCC),07/31/2001 14:35:00,SNY319,NIT-AMM,Ammonia-nitrogen (as N),Total,,0.1,mg/l,False,0.1,,,Unknown,SNY001,Actual,SW,Water,,,Clayton,07060003,River/Stream,,42.96274242,-91.22931615
6,15220003,North Cedar Creek (NCC),08/07/2001 12:05:00,SNY319,NIT-AMM,Ammonia-nitrogen (as N),Total,,0.1,mg/l,False,0.1,,,Unknown,SNY001,Actual,SW,Water,,,Clayton,07060003,River/Stream,,42.96274242,-91.22931615
6,15220003,North Cedar Creek (NCC),09/04/2001 12:00:00,SNY319,NIT-AMM,Ammonia-nitrogen (as N),Total,,0.01,mg/l,False,0.01,,,Unknown,SNY001,Actual,SW,Water,,,Clayton,07060003,River/Stream,,42.96274242,-91.22931615
6,15220003,North Cedar Creek (NCC),09/11/2001 14:05:00,SNY319,NIT-AMM,Ammonia-nitrogen (as N),Total,,0.01,mg/l,False,0.01,,,Unknown,SNY001,Actual,SW,Water,,,Clayton,07060003,River/Stream,,42.96274242,-91.22931615
6,15220003,North Cedar Creek (NCC),09/18/2001 11:40:00,SNY319,NIT-AMM,Ammonia-nitrogen (as N),Total,,0.05,mg/l,False,0.05,,,Unknown,SNY001,Actual,SW,Water,,,Clayton,07060003,River/Stream,,42.96274242,-91.22931615
6,15220001,Bloody Run Creek Site #2 (BR02),10/01/1996 12:15:00,SNY319,NIT-AMM,Ammonia-nitrogen (as N),Total,,0.1,mg/l,False,0.1,,,Unknown,SNY001,Actual,SW,Water,,,Clayton,07060001,River/Stream,,43.03547975,-91.26682808
6,15220001,Bloody Run Creek Site #2 (BR02),10/08/1996 13:20:00,SNY319,NIT-AMM,Ammonia-nitrogen (as N),Total,,0.1,mg/l,False,0.1,,,Unknown,SNY001,Actual,SW,Water,,,Clayton,07060001,River/Stream,,43.03547975,-91.26682808
6,15220001,Bloody Run Creek Site #2 (BR02),11/12/1996 10:30:00,SNY319,NIT-AMM,Ammonia-nitrogen (as N),Total,,0.1,mg/l,False,0.1,,,Unknown,SNY001,Actual,SW,Water,,,Clayton,07060001,River/Stream,,43.03547975,-91.26682808
6,15220003,North Cedar Creek (NCC),09/19/1995 12:50:00,SNY319,NIT-AMM,Ammonia-nitrogen (as N),Total,,0.1,mg/l,False,0.1,,,Unknown,SNY001,Actual,SW,Water,,,Clayton,07060003,River/Stream,,42.96274242,-91.22931615
6,15220003,North Cedar Creek (NCC),09/26/1995 16:40:00,SNY319,NIT-AMM,Ammonia-nitrogen (as N),Total,,0.1,mg/l,False,0.1,,,Unknown,SNY001,Actual,SW,Water,,,Clayton,07060003,River/Stream,,42.96274242,-91.22931615
6,15220001,Bloody Run Creek Site #2 (BR02),11/19/1996 10:00:00,SNY319,NIT-AMM,Ammonia-nitrogen (as N),Total,,0.1,mg/l,False,0.1,,,Unknown,SNY001,Actual,SW,Water,,,Clayton,07060001,River/Stream,,43.03547975,-91.26682808
6,15220001,Bloody Run Creek Site #2 (BR02),11/26/1996 09:30:00,SNY319,NIT-AMM,Ammonia-nitrogen (as N),Total,,0.1,mg/l,False,0.1,,,Unknown,SNY001,Actual,SW,Water,,,Clayton,07060001,River/Stream,,43.03547975,-91.26682808
6,15220001,Bloody Run Creek Site #2 (BR02),12/30/1996 12:30:00,SNY319,NIT-AMM,Ammonia-nitrogen (as N),Total,,0.1,mg/l,False,0.1,,,Unknown,SNY001,Actual,SW,Water,,,Clayton,07060001,River/Stream,,43.03547975,-91.26682808
6,15220002,Bloody Run Creek at Spook Cave (BRSC),10/29/1996 12:15:00,SNY319,NIT-AMM,Ammonia-nitrogen (as N),Total,,0.1,mg/l,False,0.1,,,Unknown,SNY001,Actual,SW,Water,,,Clayton,07060001,River/Stream,,43.03326422,-91.30759437
6,15220003,North Cedar Creek (NCC),10/15/1996 11:45:00,SNY319,NIT-AMM,Ammonia-nitrogen (as N),Total,,0.1,mg/l,False,0.1,,,Unknown,SNY001,Actual,SW,Water,,,Clayton,07060003,River/Stream,,42.96274242,-91.22931615
6,15220003,North Cedar Creek (NCC),10/22/1996 12:55:00,SNY319,NIT-AMM,Ammonia-nitrogen (as N),Total,,0.1,mg/l,False,0.1,,,Unknown,SNY001,Actual,SW,Water,,,Clayton,07060003,River/Stream,,42.96274242,-91.22931615
6,15220003,North Cedar Creek (NCC),10/29/1996 14:20:00,SNY319,NIT-AMM,Ammonia-nitrogen (as N),Total,,0.1,mg/l,False,0.1,,,Unknown,SNY001,Actual,SW,Water,,,Clayton,07060003,River/Stream,,42.96274242,-91.22931615
6,15220002,Bloody Run Creek at Spook Cave (BRSC),11/26/1996 09:00:00,SNY319,NIT-AMM,Ammonia-nitrogen (as N),Total,,0.1,mg/l,False,0.1,,,Unknown,SNY001,Actual,SW,Water,,,Clayton,07060001,River/Stream,,43.03326422,-91.30759437
6,15220003,North Cedar Creek (NCC),11/05/1996 11:30:00,SNY319,NIT-AMM,Ammonia-nitrogen (as N),Total,,0.1,mg/l,False,0.1,,,Unknown,SNY001,Actual,SW,Water,,,Clayton,07060003,River/Stream,,42.96274242,-91.22931615
6,15220003,North Cedar Creek (NCC),12/03/1996 12:10:00,SNY319,NIT-AMM,Ammonia-nitrogen (as N),Total,,0.1,mg/l,False,0.1,,,Unknown,SNY001,Actual,SW,Water,,,Clayton,07060003,River/Stream,,42.96274242,-91.22931615
6,15220003,North Cedar Creek (NCC),12/10/1996 13:20:00,SNY319,NIT-AMM,Ammonia-nitrogen (as N),Total,,0.1,mg/l,False,0.1,,,Unknown,SNY001,Actual,SW,Water,,,Clayton,07060003,River/Stream,,42.96274242,-91.22931615
6,15220003,North Cedar Creek (NCC),12/17/1996 12:05:00,SNY319,NIT-AMM,Ammonia-nitrogen (as N),Total,,0.1,mg/l,False,0.1,,,Unknown,SNY001,Actual,SW,Water,,,Clayton,07060003,River/Stream,,42.96274242,-91.22931615
6,15220003,North Cedar Creek (NCC),12/23/1996 12:30:00,SNY319,NIT-AMM,Ammonia-nitrogen (as N),Total,,0.1,mg/l,False,0.1,,,Unknown,SNY001,Actual,SW,Water,,,Clayton,07060003,River/Stream,,42.96274242,-91.22931615
6,15220001,Bloody Run Creek Site #2 (BR02),01/07/1997 10:30:00,SNY319,NIT-AMM,Ammonia-nitrogen (as N),Total,,0.2,mg/l,True,0.1,,,Unknown,SNY001,Actual,SW,Water,,,Clayton,07060001,River/Stream,,43.03547975,-91.26682808
6,15220001,Bloody Run Creek Site #2 (BR02),01/14/1997 13:00:00,SNY319,NIT-AMM,Ammonia-nitrogen (as N),Total,,0.1,mg/l,False,0.1,,,Unknown,SNY001,Actual,SW,Water,,,Clayton,07060001,River/Stream,,43.03547975,-91.26682808
6,15220001,Bloody Run Creek Site #2 (BR02),02/11/1997 14:10:00,SNY319,NIT-AMM,Ammonia-nitrogen (as N),Total,,0.1,mg/l,False,0.1,,,Unknown,SNY001,Actual,SW,Water,,,Clayton,07060001,River/Stream,,43.03547975,-91.26682808
6,15220001,Bloody Run Creek Site #2 (BR02),02/18/1997 11:50:00,SNY319,NIT-AMM,Ammonia-nitrogen (as N),Total,,0.2,mg/l,True,0.1,,,Unknown,SNY001,Actual,SW,Water,,,Clayton,07060001,River/Stream,,43.03547975,-91.26682808
6,15220001,Bloody Run Creek Site #2 (BR02),02/25/1997 11:50:00,SNY319,NIT-AMM,Ammonia-nitrogen (as N),Total,,0.2,mg/l,True,0.1,,,Unknown,SNY001,Actual,SW,Water,,,Clayton,07060001,River/Stream,,43.03547975,-91.26682808
6,15220001,Bloody Run Creek Site #2 (BR02),03/04/1997 11:30:00,SNY319,NIT-AMM,Ammonia-nitrogen (as N),Total,,0.4,mg/l,True,0.1,,,Unknown,SNY001,Actual,SW,Water,,,Clayton,07060001,River/Stream,,43.03547975,-91.26682808
6,15220001,Bloody Run Creek Site #2 (BR02),04/01/1997 11:05:00,SNY319,NIT-AMM,Ammonia-nitrogen (as N),Total,,0.1,mg/l,False,0.1,,,Unknown,SNY001,Actual,SW,Water,,,Clayton,07060001,River/Stream,,43.03547975,-91.26682808
6,15220001,Bloody Run Creek Site #2 (BR02),04/08/1997 10:15:00,SNY319,NIT-AMM,Ammonia-nitrogen (as N),Total,,0.1,mg/l,False,0.1,,,Unknown,SNY001,Actual,SW,Water,,,Clayton,07060001,River/Stream,,43.03547975,-91.26682808
6,15220001,Bloody Run Creek Site #2 (BR02),04/15/1997 12:10:00,SNY319,NIT-AMM,Ammonia-nitrogen (as N),Total,,0.1,mg/l,False,0.1,,,Unknown,SNY001,Actual,SW,Water,,,Clayton,07060001,River/Stream,,43.03547975,-91.26682808
6,15220001,Bloody Run Creek Site #2 (BR02),05/13/1997 11:20:00,SNY319,NIT-AMM,Ammonia-nitrogen (as N),Total,,0.1,mg/l,False,0.1,,,Unknown,SNY001,Actual,SW,Water,,,Clayton,07060001,River/Stream,,43.03547975,-91.26682808
6,15220001,Bloody Run Creek Site #2 (BR02),05/20/1997 11:20:00,SNY319,NIT-AMM,Ammonia-nitrogen (as N),Total,,0.1,mg/l,False,0.1,,,Unknown,SNY001,Actual,SW,Water,,,Clayton,07060001,River/Stream,,43.03547975,-91.26682808
6,15220001,Bloody Run Creek Site #2 (BR02),05/26/1997 13:10:00,SNY319,NIT-AMM,Ammonia-nitrogen (as N),Total,,0.1,mg/l,False,0.1,,,Unknown,SNY001,Actual,SW,Water,,,Clayton,07060001,River/Stream,,43.03547975,-91.26682808
6,15220001,Bloody Run Creek Site #2 (BR02),06/03/1997 11:15:00,SNY319,NIT-AMM,Ammonia-nitrogen (as N),Total,,0.1,mg/l,False,0.1,,,Unknown,SNY001,Actual,SW,Water,,,Clayton,07060001,River/Stream,,43.03547975,-91.26682808
6,15220001,Bloody Run Creek Site #2 (BR02),07/01/1997 11:10:00,SNY319,NIT-AMM,Ammonia-nitrogen (as N),Total,,0.1,mg/l,False,0.1,,,Unknown,SNY001,Actual,SW,Water,,,Clayton,07060001,River/Stream,,43.03547975,-91.26682808
6,15220001,Bloody Run Creek Site #2 (BR02),07/08/1997 11:45:00,SNY319,NIT-AMM,Ammonia-nitrogen (as N),Total,,0.1,mg/l,False,0.1,,,Unknown,SNY001,Actual,SW,Water,,,Clayton,07060001,River/Stream,,43.03547975,-91.26682808
6,15220001,Bloody Run Creek Site #2 (BR02),07/15/1997 11:40:00,SNY319,NIT-AMM,Ammonia-nitrogen (as N),Total,,0.1,mg/l,False,0.1,,,Unknown,SNY001,Actual,SW,Water,,,Clayton,07060001,River/Stream,,43.03547975,-91.26682808
6,15220001,Bloody Run Creek Site #2 (BR02),08/12/1997 13:00:00,SNY319,NIT-AMM,Ammonia-nitrogen (as N),Total,,0.1,mg/l,False,0.1,,,Unknown,SNY001,Actual,SW,Water,,,Clayton,07060001,River/Stream,,43.03547975,-91.26682808
6,15220001,Bloody Run Creek Site #2 (BR02),08/19/1997 10:30:00,SNY319,NIT-AMM,Ammonia-nitrogen (as N),Total,,0.1,mg/l,False,0.1,,,Unknown,SNY001,Actual,SW,Water,,,Clayton,07060001,River/Stream,,43.03547975,-91.26682808
6,15220001,Bloody Run Creek Site #2 (BR02),08/26/1997 11:40:00,SNY319,NIT-AMM,Ammonia-nitrogen (as N),Total,,0.1,mg/l,True,0.1,,,Unknown,SNY001,Actual,SW,Water,,,Clayton,07060001,River/Stream,,43.03547975,-91.26682808
6,15220001,Bloody Run Creek Site #2 (BR02),09/02/1997 11:20:00,SNY319,NIT-AMM,Ammonia-nitrogen (as N),Total,,0.1,mg/l,False,0.1,,,Unknown,SNY001,Actual,SW,Water,,,Clayton,07060001,River/Stream,,43.03547975,-91.26682808
6,15220001,Bloody Run Creek Site #2 (BR02),09/30/1997 11:25:00,SNY319,NIT-AMM,Ammonia-nitrogen (as N),Total,,0.1,mg/l,False,0.1,,,Unknown,SNY001,Actual,SW,Water,,,Clayton,07060001,River/Stream,,43.03547975,-91.26682808
6,15220002,Bloody Run Creek at Spook Cave (BRSC),01/27/1997 13:20:00,SNY319,NIT-AMM,Ammonia-nitrogen (as N),Total,,0.1,mg/l,False,0.1,,,Unknown,SNY001,Actual,SW,Water,,,Clayton,07060001,River/Stream,,43.03326422,-91.30759437
6,15220002,Bloody Run Creek at Spook Cave (BRSC),02/25/1997 11:35:00,SNY319,NIT-AMM,Ammonia-nitrogen (as N),Total,,0.4,mg/l,True,0.1,,,Unknown,SNY001,Actual,SW,Water,,,Clayton,07060001,River/Stream,,43.03326422,-91.30759437
6,15220002,Bloody Run Creek at Spook Cave (BRSC),06/24/1997 12:15:00,SNY319,NIT-AMM,Ammonia-nitrogen (as N),Total,,0.1,mg/l,False,0.1,,,Unknown,SNY001,Actual,SW,Water,,,Clayton,07060001,River/Stream,,43.03326422,-91.30759437
6,15220002,Bloody Run Creek at Spook Cave (BRSC),07/28/1997 13:25:00,SNY319,NIT-AMM,Ammonia-nitrogen (as N),Total,,0.1,mg/l,False,0.1,,,Unknown,SNY001,Actual,SW,Water,,,Clayton,07060001,River/Stream,,43.03326422,-91.30759437
6,15220002,Bloody Run Creek at Spook Cave (BRSC),08/26/1997 11:20:00,SNY319,NIT-AMM,Ammonia-nitrogen (as N),Total,,0.1,mg/l,False,0.1,,,Unknown,SNY001,Actual,SW,Water,,,Clayton,07060001,River/Stream,,43.03326422,-91.30759437
6,15220002,Bloody Run Creek at Spook Cave (BRSC),09/30/1997 11:05:00,SNY319,NIT-AMM,Ammonia-nitrogen (as N),Total,,0.1,mg/l,False,0.1,,,Unknown,SNY001,Actual,SW,Water,,,Clayton,07060001,River/Stream,,43.03326422,-91.30759437
6,15220003,North Cedar Creek (NCC),01/27/1997 16:05:00,SNY319,NIT-AMM,Ammonia-nitrogen (as N),Total,,0.1,mg/l,False,0.1,,,Unknown,SNY001,Actual,SW,Water,,,Clayton,07060003,River/Stream,,42.96274242,-91.22931615
6,15220003,North Cedar Creek (NCC),02/04/1997 15:20:00,SNY319,NIT-AMM,Ammonia-nitrogen (as N),Total,,0.1,mg/l,False,0.1,,,Unknown,SNY001,Actual,SW,Water,,,Clayton,07060003,River/Stream,,42.96274242,-91.22931615
6,15220003,North Cedar Creek (NCC),02/11/1997 15:10:00,SNY319,NIT-AMM,Ammonia-nitrogen (as N),Total,,0.1,mg/l,False,0.1,,,Unknown,SNY001,Actual,SW,Water,,,Clayton,07060003,River/Stream,,42.96274242,-91.22931615
6,15220003,North Cedar Creek (NCC),03/11/1997 12:40:00,SNY319,NIT-AMM,Ammonia-nitrogen (as N),Total,,0.1,mg/l,False,0.1,,,Unknown,SNY001,Actual,SW,Water,,,Clayton,07060003,River/Stream,,42.96274242,-91.22931615
6,15220003,North Cedar Creek (NCC),03/18/1997 13:10:00,SNY319,NIT-AMM,Ammonia-nitrogen (as N),Total,,0.1,mg/l,False,0.1,,,Unknown,SNY001,Actual,SW,Water,,,Clayton,07060003,River/Stream,,42.96274242,-91.22931615
6,15220003,North Cedar Creek (NCC),03/25/1997 13:35:00,SNY319,NIT-AMM,Ammonia-nitrogen (as N),Total,,0.2,mg/l,True,0.1,,,Unknown,SNY001,Actual,SW,Water,,,Clayton,07060003,River/Stream,,42.96274242,-91.22931615
6,15220003,North Cedar Creek (NCC),04/01/1997 12:50:00,SNY319,NIT-AMM,Ammonia-nitrogen (as N),Total,,0.1,mg/l,False,0.1,,,Unknown,SNY001,Actual,SW,Water,,,Clayton,07060003,River/Stream,,42.96274242,-91.22931615
6,15220003,North Cedar Creek (NCC),04/29/1997 13:45:00,SNY319,NIT-AMM,Ammonia-nitrogen (as N),Total,,0.1,mg/l,False,0.1,,,Unknown,SNY001,Actual,SW,Water,,,Clayton,07060003,River/Stream,,42.96274242,-91.22931615
6,15220003,North Cedar Creek (NCC),05/06/1997 14:10:00,SNY319,NIT-AMM,Ammonia-nitrogen (as N),Total,,0.1,mg/l,False,0.1,,,Unknown,SNY001,Actual,SW,Water,,,Clayton,07060003,River/Stream,,42.96274242,-91.22931615
6,15220003,North Cedar Creek (NCC),05/13/1997 12:55:00,SNY319,NIT-AMM,Ammonia-nitrogen (as N),Total,,0.1,mg/l,False,0.1,,,Unknown,SNY001,Actual,SW,Water,,,Clayton,07060003,River/Stream,,42.96274242,-91.22931615
6,15220003,North Cedar Creek (NCC),06/10/1997 12:30:00,SNY319,NIT-AMM,Ammonia-nitrogen (as N),Total,,0.1,mg/l,False,0.1,,,Unknown,SNY001,Actual,SW,Water,,,Clayton,07060003,River/Stream,,42.96274242,-91.22931615
6,15220003,North Cedar Creek (NCC),06/17/1997 13:55:00,SNY319,NIT-AMM,Ammonia-nitrogen (as N),Total,,0.1,mg/l,False,0.1,,,Unknown,SNY001,Actual,SW,Water,,,Clayton,07060003,River/Stream,,42.96274242,-91.22931615
6,15220003,North Cedar Creek (NCC),06/24/1997 14:40:00,SNY319,NIT-AMM,Ammonia-nitrogen (as N),Total,,0.1,mg/l,False,0.1,,,Unknown,SNY001,Actual,SW,Water,,,Clayton,07060003,River/Stream,,42.96274242,-91.22931615
6,15220003,North Cedar Creek (NCC),07/01/1997 12:15:00,SNY319,NIT-AMM,Ammonia-nitrogen (as N),Total,,0.1,mg/l,False,0.1,,,Unknown,SNY001,Actual,SW,Water,,,Clayton,07060003,River/Stream,,42.96274242,-91.22931615
6,15220003,North Cedar Creek (NCC),07/28/1997 15:25:00,SNY319,NIT-AMM,Ammonia-nitrogen (as N),Total,,0.1,mg/l,False,0.1,,,Unknown,SNY001,Actual,SW,Water,,,Clayton,07060003,River/Stream,,42.96274242,-91.22931615
6,15220003,North Cedar Creek (NCC),08/05/1997 12:45:00,SNY319,NIT-AMM,Ammonia-nitrogen (as N),Total,,0.1,mg/l,False,0.1,,,Unknown,SNY001,Actual,SW,Water,,,Clayton,07060003,River/Stream,,42.96274242,-91.22931615
6,15220003,North Cedar Creek (NCC),08/12/1997 12:00:00,SNY319,NIT-AMM,Ammonia-nitrogen (as N),Total,,0.1,mg/l,False,0.1,,,Unknown,SNY001,Actual,SW,Water,,,Clayton,07060003,River/Stream,,42.96274242,-91.22931615
6,15220003,North Cedar Creek (NCC),09/09/1997 12:15:00,SNY319,NIT-AMM,Ammonia-nitrogen (as N),Total,,0.1,mg/l,False,0.1,,,Unknown,SNY001,Actual,SW,Water,,,Clayton,07060003,River/Stream,,42.96274242,-91.22931615
6,15220003,North Cedar Creek (NCC),09/16/1997 12:00:00,SNY319,NIT-AMM,Ammonia-nitrogen (as N),Total,,0.1,mg/l,False,0.1,,,Unknown,SNY001,Actual,SW,Water,,,Clayton,07060003,River/Stream,,42.96274242,-91.22931615
6,15220003,North Cedar Creek (NCC),09/23/1997 12:50:00,SNY319,NIT-AMM,Ammonia-nitrogen (as N),Total,,0.1,mg/l,True,0.1,,,Unknown,SNY001,Actual,SW,Water,,,Clayton,07060003,River/Stream,,42.96274242,-91.22931615
6,15220003,North Cedar Creek (NCC),09/30/1997 12:40:00,SNY319,NIT-AMM,Ammonia-nitrogen (as N),Total,,0.1,mg/l,False,0.1,,,Unknown,SNY001,Actual,SW,Water,,,Clayton,07060003,River/Stream,,42.96274242,-91.22931615
6,15220001,Bloody Run Creek Site #2 (BR02),11/04/1997 10:30:00,SNY319,NIT-AMM,Ammonia-nitrogen (as N),Total,,0.1,mg/l,False,0.1,,,Unknown,SNY001,Actual,SW,Water,,,Clayton,07060001,River/Stream,,43.03547975,-91.26682808
6,15220001,Bloody Run Creek Site #2 (BR02),11/11/1997 11:00:00,SNY319,NIT-AMM,Ammonia-nitrogen (as N),Total,,0.1,mg/l,False,0.1,,,Unknown,SNY001,Actual,SW,Water,,,Clayton,07060001,River/Stream,,43.03547975,-91.26682808
6,15220001,Bloody Run Creek Site #2 (BR02),11/18/1997 10:30:00,SNY319,NIT-AMM,Ammonia-nitrogen (as N),Total,,0.1,mg/l,False,0.1,,,Unknown,SNY001,Actual,SW,Water,,,Clayton,07060001,River/Stream,,43.03547975,-91.26682808
6,15220001,Bloody Run Creek Site #2 (BR02),12/16/1997 11:20:00,SNY319,NIT-AMM,Ammonia-nitrogen (as N),Total,,0.1,mg/l,False,0.1,,,Unknown,SNY001,Actual,SW,Water,,,Clayton,07060001,River/Stream,,43.03547975,-91.26682808
6,15220001,Bloody Run Creek Site #2 (BR02),12/23/1997 11:40:00,SNY319,NIT-AMM,Ammonia-nitrogen (as N),Total,,0.1,mg/l,False,0.1,,,Unknown,SNY001,Actual,SW,Water,,,Clayton,07060001,River/Stream,,43.03547975,-91.26682808
6,15220001,Bloody Run Creek Site #2 (BR02),12/30/1997 12:20:00,SNY319,NIT-AMM,Ammonia-nitrogen (as N),Total,,0.1,mg/l,False,0.1,,,Unknown,SNY001,Actual,SW,Water,,,Clayton,07060001,River/Stream,,43.03547975,-91.26682808
6,15220002,Bloody Run Creek at Spook Cave (BRSC),10/28/1997 09:35:00,SNY319,NIT-AMM,Ammonia-nitrogen (as N),Total,,0.1,mg/l,False,0.1,,,Unknown,SNY001,Actual,SW,Water,,,Clayton,07060001,River/Stream,,43.03326422,-91.30759437
6,15220003,North Cedar Creek (NCC),10/14/1997 12:45:00,SNY319,NIT-AMM,Ammonia-nitrogen (as N),Total,,0.1,mg/l,False,0.1,,,Unknown,SNY001,Actual,SW,Water,,,Clayton,07060003,River/Stream,,42.96274242,-91.22931615
6,15220003,North Cedar Creek (NCC),10/21/1997 11:50:00,SNY319,NIT-AMM,Ammonia-nitrogen (as N),Total,,0.1,mg/l,False,0.1,,,Unknown,SNY001,Actual,SW,Water,,,Clayton,07060003,River/Stream,,42.96274242,-91.22931615
6,15220003,North Cedar Creek (NCC),10/28/1997 11:05:00,SNY319,NIT-AMM,Ammonia-nitrogen (as N),Total,,0.1,mg/l,False,0.1,,,Unknown,SNY001,Actual,SW,Water,,,Clayton,07060003,River/Stream,,42.96274242,-91.22931615
6,15220003,North Cedar Creek (NCC),11/25/1997 13:05:00,SNY319,NIT-AMM,Ammonia-nitrogen (as N),Total,,0.1,mg/l,False,0.1,,,Unknown,SNY001,Actual,SW,Water,,,Clayton,07060003,River/Stream,,42.96274242,-91.22931615
6,15220003,North Cedar Creek (NCC),12/02/1997 12:00:00,SNY319,NIT-AMM,Ammonia-nitrogen (as N),Total,,0.1,mg/l,False,0.1,,,Unknown,SNY001,Actual,SW,Water,,,Clayton,07060003,River/Stream,,42.96274242,-91.22931615
6,15220003,North Cedar Creek (NCC),12/09/1997 12:50:00,SNY319,NIT-AMM,Ammonia-nitrogen (as N),Total,,0.1,mg/l,False,0.1,,,Unknown,SNY001,Actual,SW,Water,,,Clayton,07060003,River/Stream,,42.96274242,-91.22931615
6,15220003,North Cedar Creek (NCC),12/16/1997 12:50:00,SNY319,NIT-AMM,Ammonia-nitrogen (as N),Total,,0.1,mg/l,False,0.1,,,Unknown,SNY001,Actual,SW,Water,,,Clayton,07060003,River/Stream,,42.96274242,-91.22931615
6,15220001,Bloody Run Creek Site #2 (BR02),01/06/1998 10:30:00,SNY319,NIT-AMM,Ammonia-nitrogen (as N),Total,,0.1,mg/l,False,0.1,,,Unknown,SNY001,Actual,SW,Water,,,Clayton,07060001,River/Stream,,43.03547975,-91.26682808
6,15220001,Bloody Run Creek Site #2 (BR02),01/13/1998 10:50:00,SNY319,NIT-AMM,Ammonia-nitrogen (as N),Total,,0.1,mg/l,False,0.1,,,Unknown,SNY001,Actual,SW,Water,,,Clayton,07060001,River/Stream,,43.03547975,-91.26682808
6,15220001,Bloody Run Creek Site #2 (BR02),02/09/1998 11:35:00,SNY319,NIT-AMM,Ammonia-nitrogen (as N),Total,,0.1,mg/l,False,0.1,,,Unknown,SNY001,Actual,SW,Water,,,Clayton,07060001,River/Stream,,43.03547975,-91.26682808
6,15220001,Bloody Run Creek Site #2 (BR02),02/17/1998 10:00:00,SNY319,NIT-AMM,Ammonia-nitrogen (as N),Total,,0.2,mg/l,True,0.1,,,Unknown,SNY001,Actual,SW,Water,,,Clayton,07060001,River/Stream,,43.03547975,-91.26682808
6,15220001,Bloody Run Creek Site #2 (BR02),02/24/1998 11:40:00,SNY319,NIT-AMM,Ammonia-nitrogen (as N),Total,,0.1,mg/l,False,0.1,,,Unknown,SNY001,Actual,SW,Water,,,Clayton,07060001,River/Stream,,43.03547975,-91.26682808
6,15220001,Bloody Run Creek Site #2 (BR02),03/03/1998 12:00:00,SNY319,NIT-AMM,Ammonia-nitrogen (as N),Total,,0.1,mg/l,False,0.1,,,Unknown,SNY001,Actual,SW,Water,,,Clayton,07060001,River/Stream,,43.03547975,-91.26682808
6,15220001,Bloody Run Creek Site #2 (BR02),03/31/1998 12:50:00,SNY319,NIT-AMM,Ammonia-nitrogen (as N),Total,,0.1,mg/l,True,0.1,,,Unknown,SNY001,Actual,SW,Water,,,Clayton,07060001,River/Stream,,43.03547975,-91.26682808
6,15220001,Bloody Run Creek Site #2 (BR02),04/07/1998 12:15:00,SNY319,NIT-AMM,Ammonia-nitrogen (as N),Total,,0.1,mg/l,False,0.1,,,Unknown,SNY001,Actual,SW,Water,,,Clayton,07060001,River/Stream,,43.03547975,-91.26682808
6,15220001,Bloody Run Creek Site #2 (BR02),04/14/1998 11:50:00,SNY319,NIT-AMM,Ammonia-nitrogen (as N),Total,,0.1,mg/l,False,0.1,,,Unknown,SNY001,Actual,SW,Water,,,Clayton,07060001,River/Stream,,43.03547975,-91.26682808
6,15220001,Bloody Run Creek Site #2 (BR02),05/12/1998 11:45:00,SNY319,NIT-AMM,Ammonia-nitrogen (as N),Total,,0.1,mg/l,False,0.1,,,Unknown,SNY001,Actual,SW,Water,,,Clayton,07060001,River/Stream,,43.03547975,-91.26682808
6,15220001,Bloody Run Creek Site #2 (BR02),05/19/1998 11:35:00,SNY319,NIT-AMM,Ammonia-nitrogen (as N),Total,,0.1,mg/l,False,0.1,,,Unknown,SNY001,Actual,SW,Water,,,Clayton,07060001,River/Stream,,43.03547975,-91.26682808
6,15220001,Bloody Run Creek Site #2 (BR02),05/26/1998 11:55:00,SNY319,NIT-AMM,Ammonia-nitrogen (as N),Total,,0.1,mg/l,False,0.1,,,Unknown,SNY001,Actual,SW,Water,,,Clayton,07060001,River/Stream,,43.03547975,-91.26682808
6,15220001,Bloody Run Creek Site #2 (BR02),06/30/1998 12:50:00,SNY319,NIT-AMM,Ammonia-nitrogen (as N),Total,,0.1,mg/l,False,0.1,,,Unknown,SNY001,Actual,SW,Water,,,Clayton,07060001,River/Stream,,43.03547975,-91.26682808
6,15220001,Bloody Run Creek Site #2 (BR02),07/07/1998 12:20:00,SNY319,NIT-AMM,Ammonia-nitrogen (as N),Total,,0.1,mg/l,False,0.1,,,Unknown,SNY001,Actual,SW,Water,,,Clayton,07060001,River/Stream,,43.03547975,-91.26682808
6,15220001,Bloody Run Creek Site #2 (BR02),07/14/1998 12:10:00,SNY319,NIT-AMM,Ammonia-nitrogen (as N),Total,,0.1,mg/l,False,0.1,,,Unknown,SNY001,Actual,SW,Water,,,Clayton,07060001,River/Stream,,43.03547975,-91.26682808
6,15220001,Bloody Run Creek Site #2 (BR02),08/11/1998 12:20:00,SNY319,NIT-AMM,Ammonia-nitrogen (as N),Total,,0.1,mg/l,False,0.1,,,Unknown,SNY001,Actual,SW,Water,,,Clayton,07060001,River/Stream,,43.03547975,-91.26682808
6,15220001,Bloody Run Creek Site #2 (BR02),08/18/1998 11:40:00,SNY319,NIT-AMM,Ammonia-nitrogen (as N),Total,,0.1,mg/l,False,0.1,,,Unknown,SNY001,Actual,SW,Water,,,Clayton,07060001,River/Stream,,43.03547975,-91.26682808
6,15220001,Bloody Run Creek Site #2 (BR02),08/25/1998 12:15:00,SNY319,NIT-AMM,Ammonia-nitrogen (as N),Total,,0.1,mg/l,False,0.1,,,Unknown,SNY001,Actual,SW,Water,,,Clayton,07060001,River/Stream,,43.03547975,-91.26682808
6,15220001,Bloody Run Creek Site #2 (BR02),09/22/1998 11:30:00,SNY319,NIT-AMM,Ammonia-nitrogen (as N),Total,,0.1,mg/l,True,0.1,,,Unknown,SNY001,Actual,SW,Water,,,Clayton,07060001,River/Stream,,43.03547975,-91.26682808
6,15220001,Bloody Run Creek Site #2 (BR02),09/29/1998 12:05:00,SNY319,NIT-AMM,Ammonia-nitrogen (as N),Total,,0.1,mg/l,False,0.1,,,Unknown,SNY001,Actual,SW,Water,,,Clayton,07060001,River/Stream,,43.03547975,-91.26682808
6,15220002,Bloody Run Creek at Spook Cave (BRSC),01/27/1998 11:45:00,SNY319,NIT-AMM,Ammonia-nitrogen (as N),Total,,0.1,mg/l,False,0.1,,,Unknown,SNY001,Actual,SW,Water,,,Clayton,07060001,River/Stream,,43.03326422,-91.30759437
6,15220002,Bloody Run Creek at Spook Cave (BRSC),02/24/1998 11:25:00,SNY319,NIT-AMM,Ammonia-nitrogen (as N),Total,,0.1,mg/l,False,0.1,,,Unknown,SNY001,Actual,SW,Water,,,Clayton,07060001,River/Stream,,43.03326422,-91.30759437
6,15220002,Bloody Run Creek at Spook Cave (BRSC),06/30/1998 12:30:00,SNY319,NIT-AMM,Ammonia-nitrogen (as N),Total,,0.1,mg/l,False,0.1,,,Unknown,SNY001,Actual,SW,Water,,,Clayton,07060001,River/Stream,,43.03326422,-91.30759437
6,15220002,Bloody Run Creek at Spook Cave (BRSC),07/28/1998 12:10:00,SNY319,NIT-AMM,Ammonia-nitrogen (as N),Total,,0.1,mg/l,False,0.1,,,Unknown,SNY001,Actual,SW,Water,,,Clayton,07060001,River/Stream,,43.03326422,-91.30759437
6,15220002,Bloody Run Creek at Spook Cave (BRSC),08/25/1998 11:55:00,SNY319,NIT-AMM,Ammonia-nitrogen (as N),Total,,0.1,mg/l,False,0.1,,,Unknown,SNY001,Actual,SW,Water,,,Clayton,07060001,River/Stream,,43.03326422,-91.30759437
6,15220003,North Cedar Creek (NCC),01/20/1998 12:30:00,SNY319,NIT-AMM,Ammonia-nitrogen (as N),Total,,0.1,mg/l,False,0.1,,,Unknown,SNY001,Actual,SW,Water,,,Clayton,07060003,River/Stream,,42.96274242,-91.22931615
6,15220003,North Cedar Creek (NCC),01/27/1998 13:35:00,SNY319,NIT-AMM,Ammonia-nitrogen (as N),Total,,0.1,mg/l,False,0.1,,,Unknown,SNY001,Actual,SW,Water,,,Clayton,07060003,River/Stream,,42.96274242,-91.22931615
6,15220003,North Cedar Creek (NCC),02/03/1998 12:20:00,SNY319,NIT-AMM,Ammonia-nitrogen (as N),Total,,0.1,mg/l,False,0.1,,,Unknown,SNY001,Actual,SW,Water,,,Clayton,07060003,River/Stream,,42.96274242,-91.22931615
6,15220003,North Cedar Creek (NCC),02/09/1998 12:50:00,SNY319,NIT-AMM,Ammonia-nitrogen (as N),Total,,0.1,mg/l,False,0.1,,,Unknown,SNY001,Actual,SW,Water,,,Clayton,07060003,River/Stream,,42.96274242,-91.22931615
6,15220003,North Cedar Creek (NCC),03/10/1998 13:40:00,SNY319,NIT-AMM,Ammonia-nitrogen (as N),Total,,0.1,mg/l,False,0.1,,,Unknown,SNY001,Actual,SW,Water,,,Clayton,07060003,River/Stream,,42.96274242,-91.22931615
6,15220003,North Cedar Creek (NCC),03/17/1998 13:30:00,SNY319,NIT-AMM,Ammonia-nitrogen (as N),Total,,0.1,mg/l,False,0.1,,,Unknown,SNY001,Actual,SW,Water,,,Clayton,07060003,River/Stream,,42.96274242,-91.22931615
6,15220003,North Cedar Creek (NCC),03/24/1998 12:50:00,SNY319,NIT-AMM,Ammonia-nitrogen (as N),Total,,0.1,mg/l,False,0.1,,,Unknown,SNY001,Actual,SW,Water,,,Clayton,07060003,River/Stream,,42.96274242,-91.22931615
6,15220003,North Cedar Creek (NCC),04/21/1998 13:25:00,SNY319,NIT-AMM,Ammonia-nitrogen (as N),Total,,0.1,mg/l,False,0.1,,,Unknown,SNY001,Actual,SW,Water,,,Clayton,07060003,River/Stream,,42.96274242,-91.22931615
6,15220003,North Cedar Creek (NCC),04/28/1998 15:00:00,SNY319,NIT-AMM,Ammonia-nitrogen (as N),Total,,0.1,mg/l,False,0.1,,,Unknown,SNY001,Actual,SW,Water,,,Clayton,07060003,River/Stream,,42.96274242,-91.22931615
6,15220003,North Cedar Creek (NCC),05/05/1998 14:35:00,SNY319,NIT-AMM,Ammonia-nitrogen (as N),Total,,0.1,mg/l,False,0.1,,,Unknown,SNY001,Actual,SW,Water,,,Clayton,07060003,River/Stream,,42.96274242,-91.22931615
6,15220003,North Cedar Creek (NCC),06/09/1998 13:20:00,SNY319,NIT-AMM,Ammonia-nitrogen (as N),Total,,0.1,mg/l,False,0.1,,,Unknown,SNY001,Actual,SW,Water,,,Clayton,07060003,River/Stream,,42.96274242,-91.22931615
6,15220003,North Cedar Creek (NCC),06/16/1998 13:10:00,SNY319,NIT-AMM,Ammonia-nitrogen (as N),Total,,0.1,mg/l,False,0.1,,,Unknown,SNY001,Actual,SW,Water,,,Clayton,07060003,River/Stream,,42.96274242,-91.22931615
6,15220003,North Cedar Creek (NCC),06/23/1998 12:45:00,SNY319,NIT-AMM,Ammonia-nitrogen (as N),Total,,0.1,mg/l,False,0.1,,,Unknown,SNY001,Actual,SW,Water,,,Clayton,07060003,River/Stream,,42.96274242,-91.22931615
6,15220003,North Cedar Creek (NCC),07/21/1998 13:15:00,SNY319,NIT-AMM,Ammonia-nitrogen (as N),Total,,0.1,mg/l,False,0.1,,,Unknown,SNY001,Actual,SW,Water,,,Clayton,07060003,River/Stream,,42.96274242,-91.22931615
6,15220003,North Cedar Creek (NCC),07/28/1998 13:50:00,SNY319,NIT-AMM,Ammonia-nitrogen (as N),Total,,0.1,mg/l,False,0.1,,,Unknown,SNY001,Actual,SW,Water,,,Clayton,07060003,River/Stream,,42.96274242,-91.22931615
6,15220003,North Cedar Creek (NCC),08/04/1998 12:55:00,SNY319,NIT-AMM,Ammonia-nitrogen (as N),Total,,0.1,mg/l,False,0.1,,,Unknown,SNY001,Actual,SW,Water,,,Clayton,07060003,River/Stream,,42.96274242,-91.22931615
6,15220003,North Cedar Creek (NCC),09/01/1998 13:20:00,SNY319,NIT-AMM,Ammonia-nitrogen (as N),Total,,0.1,mg/l,False,0.1,,,Unknown,SNY001,Actual,SW,Water,,,Clayton,07060003,River/Stream,,42.96274242,-91.22931615
6,15220003,North Cedar Creek (NCC),09/08/1998 15:25:00,SNY319,NIT-AMM,Ammonia-nitrogen (as N),Total,,0.1,mg/l,False,0.1,,,Unknown,SNY001,Actual,SW,Water,,,Clayton,07060003,River/Stream,,42.96274242,-91.22931615
6,15220003,North Cedar Creek (NCC),09/15/1998 12:50:00,SNY319,NIT-AMM,Ammonia-nitrogen (as N),Total,,0.1,mg/l,True,0.1,,,Unknown,SNY001,Actual,SW,Water,,,Clayton,07060003,River/Stream,,42.96274242,-91.22931615
6,15220003,North Cedar Creek (NCC),09/22/1998 13:00:00,SNY319,NIT-AMM,Ammonia-nitrogen (as N),Total,,0.1,mg/l,False,0.1,,,Unknown,SNY001,Actual,SW,Water,,,Clayton,07060003,River/Stream,,42.96274242,-91.22931615
6,15220001,Bloody Run Creek Site #2 (BR02),10/06/1998 11:30:00,SNY319,NIT-AMM,Ammonia-nitrogen (as N),Total,,0.1,mg/l,False,0.1,,,Unknown,SNY001,Actual,SW,Water,,,Clayton,07060001,River/Stream,,43.03547975,-91.26682808
6,15220001,Bloody Run Creek Site #2 (BR02),11/17/1998 12:30:00,SNY319,NIT-AMM,Ammonia-nitrogen (as N),Total,,0.1,mg/l,False,0.1,,,Unknown,SNY001,Actual,SW,Water,,,Clayton,07060001,River/Stream,,43.03547975,-91.26682808
6,15220001,Bloody Run Creek Site #2 (BR02),11/24/1998 11:05:00,SNY319,NIT-AMM,Ammonia-nitrogen (as N),Total,,0.1,mg/l,False,0.1,,,Unknown,SNY001,Actual,SW,Water,,,Clayton,07060001,River/Stream,,43.03547975,-91.26682808
6,15220001,Bloody Run Creek Site #2 (BR02),12/01/1998 12:45:00,SNY319,NIT-AMM,Ammonia-nitrogen (as N),Total,,0.1,mg/l,False,0.1,,,Unknown,SNY001,Actual,SW,Water,,,Clayton,07060001,River/Stream,,43.03547975,-91.26682808
6,15220001,Bloody Run Creek Site #2 (BR02),12/08/1998 11:20:00,SNY319,NIT-AMM,Ammonia-nitrogen (as N),Total,,0.1,mg/l,False,0.1,,,Unknown,SNY001,Actual,SW,Water,,,Clayton,07060001,River/Stream,,43.03547975,-91.26682808
6,15220001,Bloody Run Creek Site #2 (BR02),12/15/1998 11:40:00,SNY319,NIT-AMM,Ammonia-nitrogen (as N),Total,,0.1,mg/l,False,0.1,,,Unknown,SNY001,Actual,SW,Water,,,Clayton,07060001,River/Stream,,43.03547975,-91.26682808
6,15220001,Bloody Run Creek Site #2 (BR02),12/22/1998 11:00:00,SNY319,NIT-AMM,Ammonia-nitrogen (as N),Total,,0.1,mg/l,False,0.1,,,Unknown,SNY001,Actual,SW,Water,,,Clayton,07060001,River/Stream,,43.03547975,-91.26682808
6,15220003,North Cedar Creek (NCC),10/20/1998 13:10:00,SNY319,NIT-AMM,Ammonia-nitrogen (as N),Total,,0.1,mg/l,False,0.1,,,Unknown,SNY001,Actual,SW,Water,,,Clayton,07060003,River/Stream,,42.96274242,-91.22931615
6,15220003,North Cedar Creek (NCC),10/27/1998 13:15:00,SNY319,NIT-AMM,Ammonia-nitrogen (as N),Total,,0.1,mg/l,False,0.1,,,Unknown,SNY001,Actual,SW,Water,,,Clayton,07060003,River/Stream,,42.96274242,-91.22931615
6,15220003,North Cedar Creek (NCC),11/03/1998 13:15:00,SNY319,NIT-AMM,Ammonia-nitrogen (as N),Total,,0.1,mg/l,False,0.1,,,Unknown,SNY001,Actual,SW,Water,,,Clayton,07060003,River/Stream,,42.96274242,-91.22931615
6,15220003,North Cedar Creek (NCC),11/10/1998 13:40:00,SNY319,NIT-AMM,Ammonia-nitrogen (as N),Total,,0.1,mg/l,False,0.1,,,Unknown,SNY001,Actual,SW,Water,,,Clayton,07060003,River/Stream,,42.96274242,-91.22931615
6,15220003,North Cedar Creek (NCC),11/17/1998 13:35:00,SNY319,NIT-AMM,Ammonia-nitrogen (as N),Total,,0.1,mg/l,False,0.1,,,Unknown,SNY001,Actual,SW,Water,,,Clayton,07060003,River/Stream,,42.96274242,-91.22931615
6,15220001,Bloody Run Creek Site #2 (BR02),02/09/1999 11:30:00,SNY319,NIT-AMM,Ammonia-nitrogen (as N),Total,,0.1,mg/l,True,0.1,,,Unknown,SNY001,Actual,SW,Water,,,Clayton,07060001,River/Stream,,43.03547975,-91.26682808
6,15220001,Bloody Run Creek Site #2 (BR02),02/16/1999 11:00:00,SNY319,NIT-AMM,Ammonia-nitrogen (as N),Total,,0.1,mg/l,False,0.1,,,Unknown,SNY001,Actual,SW,Water,,,Clayton,07060001,River/Stream,,43.03547975,-91.26682808
6,15220001,Bloody Run Creek Site #2 (BR02),02/23/1999 12:00:00,SNY319,NIT-AMM,Ammonia-nitrogen (as N),Total,,0.1,mg/l,False,0.1,,,Unknown,SNY001,Actual,SW,Water,,,Clayton,07060001,River/Stream,,43.03547975,-91.26682808
6,15220001,Bloody Run Creek Site #2 (BR02),03/02/1999 11:10:00,SNY319,NIT-AMM,Ammonia-nitrogen (as N),Total,,0.1,mg/l,False,0.1,,,Unknown,SNY001,Actual,SW,Water,,,Clayton,07060001,River/Stream,,43.03547975,-91.26682808
6,15220001,Bloody Run Creek Site #2 (BR02),03/09/1999 11:50:00,SNY319,NIT-AMM,Ammonia-nitrogen (as N),Total,,0.1,mg/l,False,0.1,,,Unknown,SNY001,Actual,SW,Water,,,Clayton,07060001,River/Stream,,43.03547975,-91.26682808
6,15220001,Bloody Run Creek Site #2 (BR02),03/16/1999 11:00:00,SNY319,NIT-AMM,Ammonia-nitrogen (as N),Total,,0.1,mg/l,False,0.1,,,Unknown,SNY001,Actual,SW,Water,,,Clayton,07060001,River/Stream,,43.03547975,-91.26682808
6,15220001,Bloody Run Creek Site #2 (BR02),04/27/1999 11:50:00,SNY319,NIT-AMM,Ammonia-nitrogen (as N),Total,,0.1,mg/l,False,0.1,,,Unknown,SNY001,Actual,SW,Water,,,Clayton,07060001,River/Stream,,43.03547975,-91.26682808
6,15220001,Bloody Run Creek Site #2 (BR02),05/04/1999 10:25:00,SNY319,NIT-AMM,Ammonia-nitrogen (as N),Total,,0.1,mg/l,False,0.1,,,Unknown,SNY001,Actual,SW,Water,,,Clayton,07060001,River/Stream,,43.03547975,-91.26682808
6,15220001,Bloody Run Creek Site #2 (BR02),05/11/1999 10:50:00,SNY319,NIT-AMM,Ammonia-nitrogen (as N),Total,,0.1,mg/l,False,0.1,,,Unknown,SNY001,Actual,SW,Water,,,Clayton,07060001,River/Stream,,43.03547975,-91.26682808
6,15220001,Bloody Run Creek Site #2 (BR02),05/18/1999 11:00:00,SNY319,NIT-AMM,Ammonia-nitrogen (as N),Total,,0.1,mg/l,True,0.1,,,Unknown,SNY001,Actual,SW,Water,,,Clayton,07060001,River/Stream,,43.03547975,-91.26682808
6,15220001,Bloody Run Creek Site #2 (BR02),05/25/1999 11:50:00,SNY319,NIT-AMM,Ammonia-nitrogen (as N),Total,,0.1,mg/l,False,0.1,,,Unknown,SNY001,Actual,SW,Water,,,Clayton,07060001,River/Stream,,43.03547975,-91.26682808
6,15220001,Bloody Run Creek Site #2 (BR02),06/01/1999 11:35:00,SNY319,NIT-AMM,Ammonia-nitrogen (as N),Total,,0.1,mg/l,False,0.1,,,Unknown,SNY001,Actual,SW,Water,,,Clayton,07060001,River/Stream,,43.03547975,-91.26682808
6,15220001,Bloody Run Creek Site #2 (BR02),07/20/1999 11:05:00,SNY319,NIT-AMM,Ammonia-nitrogen (as N),Total,,0.1,mg/l,False,0.1,,,Unknown,SNY001,Actual,SW,Water,,,Clayton,07060001,River/Stream,,43.03547975,-91.26682808
6,15220001,Bloody Run Creek Site #2 (BR02),07/27/1999 11:45:00,SNY319,NIT-AMM,Ammonia-nitrogen (as N),Total,,0.1,mg/l,False,0.1,,,Unknown,SNY001,Actual,SW,Water,,,Clayton,07060001,River/Stream,,43.03547975,-91.26682808
6,15220001,Bloody Run Creek Site #2 (BR02),08/03/1999 11:10:00,SNY319,NIT-AMM,Ammonia-nitrogen (as N),Total,,0.1,mg/l,False,0.1,,,Unknown,SNY001,Actual,SW,Water,,,Clayton,07060001,River/Stream,,43.03547975,-91.26682808
6,15220001,Bloody Run Creek Site #2 (BR02),08/10/1999 11:25:00,SNY319,NIT-AMM,Ammonia-nitrogen (as N),Total,,0.1,mg/l,False,0.1,,,Unknown,SNY001,Actual,SW,Water,,,Clayton,07060001,River/Stream,,43.03547975,-91.26682808
6,15220001,Bloody Run Creek Site #2 (BR02),08/17/1999 11:15:00,SNY319,NIT-AMM,Ammonia-nitrogen (as N),Total,,0.1,mg/l,False,0.1,,,Unknown,SNY001,Actual,SW,Water,,,Clayton,07060001,River/Stream,,43.03547975,-91.26682808
6,15220001,Bloody Run Creek Site #2 (BR02),08/24/1999 11:15:00,SNY319,NIT-AMM,Ammonia-nitrogen (as N),Total,,0.1,mg/l,False,0.1,,,Unknown,SNY001,Actual,SW,Water,,,Clayton,07060001,River/Stream,,43.03547975,-91.26682808
6,15220002,Bloody Run Creek at Spook Cave (BRSC),03/30/1999 11:45:00,SNY319,NIT-AMM,Ammonia-nitrogen (as N),Total,,0.1,mg/l,False,0.1,,,Unknown,SNY001,Actual,SW,Water,,,Clayton,07060001,River/Stream,,43.03326422,-91.30759437
6,15220002,Bloody Run Creek at Spook Cave (BRSC),04/27/1999 11:30:00,SNY319,NIT-AMM,Ammonia-nitrogen (as N),Total,,0.1,mg/l,False,0.1,,,Unknown,SNY001,Actual,SW,Water,,,Clayton,07060001,River/Stream,,43.03326422,-91.30759437
6,15220002,Bloody Run Creek at Spook Cave (BRSC),05/25/1999 11:30:00,SNY319,NIT-AMM,Ammonia-nitrogen (as N),Total,,0.1,mg/l,False,0.1,,,Unknown,SNY001,Actual,SW,Water,,,Clayton,07060001,River/Stream,,43.03326422,-91.30759437
6,15220002,Bloody Run Creek at Spook Cave (BRSC),06/29/1999 11:45:00,SNY319,NIT-AMM,Ammonia-nitrogen (as N),Total,,0.1,mg/l,False,0.1,,,Unknown,SNY001,Actual,SW,Water,,,Clayton,07060001,River/Stream,,43.03326422,-91.30759437
6,15220002,Bloody Run Creek at Spook Cave (BRSC),07/27/1999 11:20:00,SNY319,NIT-AMM,Ammonia-nitrogen (as N),Total,,0.1,mg/l,False,0.1,,,Unknown,SNY001,Actual,SW,Water,,,Clayton,07060001,River/Stream,,43.03326422,-91.30759437
6,15220002,Bloody Run Creek at Spook Cave (BRSC),08/31/1999 12:10:00,SNY319,NIT-AMM,Ammonia-nitrogen (as N),Total,,0.1,mg/l,False,0.1,,,Unknown,SNY001,Actual,SW,Water,,,Clayton,07060001,River/Stream,,43.03326422,-91.30759437
6,15220003,North Cedar Creek (NCC),02/09/1999 12:35:00,SNY319,NIT-AMM,Ammonia-nitrogen (as N),Total,,0.2,mg/l,True,0.1,,,Unknown,SNY001,Actual,SW,Water,,,Clayton,07060003,River/Stream,,42.96274242,-91.22931615
6,15220003,North Cedar Creek (NCC),02/16/1999 12:10:00,SNY319,NIT-AMM,Ammonia-nitrogen (as N),Total,,0.1,mg/l,False,0.1,,,Unknown,SNY001,Actual,SW,Water,,,Clayton,07060003,River/Stream,,42.96274242,-91.22931615
6,15220003,North Cedar Creek (NCC),02/23/1999 13:20:00,SNY319,NIT-AMM,Ammonia-nitrogen (as N),Total,,0.1,mg/l,False,0.1,,,Unknown,SNY001,Actual,SW,Water,,,Clayton,07060003,River/Stream,,42.96274242,-91.22931615
6,15220003,North Cedar Creek (NCC),03/02/1999 12:25:00,SNY319,NIT-AMM,Ammonia-nitrogen (as N),Total,,0.1,mg/l,False,0.1,,,Unknown,SNY001,Actual,SW,Water,,,Clayton,07060003,River/Stream,,42.96274242,-91.22931615
6,15220003,North Cedar Creek (NCC),03/09/1999 13:05:00,SNY319,NIT-AMM,Ammonia-nitrogen (as N),Total,,0.1,mg/l,False,0.1,,,Unknown,SNY001,Actual,SW,Water,,,Clayton,07060003,River/Stream,,42.96274242,-91.22931615
6,15220003,North Cedar Creek (NCC),03/16/1999 12:05:00,SNY319,NIT-AMM,Ammonia-nitrogen (as N),Total,,0.1,mg/l,False,0.1,,,Unknown,SNY001,Actual,SW,Water,,,Clayton,07060003,River/Stream,,42.96274242,-91.22931615
6,15220003,North Cedar Creek (NCC),04/27/1999 13:25:00,SNY319,NIT-AMM,Ammonia-nitrogen (as N),Total,,0.1,mg/l,False,0.1,,,Unknown,SNY001,Actual,SW,Water,,,Clayton,07060003,River/Stream,,42.96274242,-91.22931615
6,15220003,North Cedar Creek (NCC),05/04/1999 11:50:00,SNY319,NIT-AMM,Ammonia-nitrogen (as N),Total,,0.1,mg/l,False,0.1,,,Unknown,SNY001,Actual,SW,Water,,,Clayton,07060003,River/Stream,,42.96274242,-91.22931615
6,15220003,North Cedar Creek (NCC),05/11/1999 12:25:00,SNY319,NIT-AMM,Ammonia-nitrogen (as N),Total,,0.1,mg/l,False,0.1,,,Unknown,SNY001,Actual,SW,Water,,,Clayton,07060003,River/Stream,,42.96274242,-91.22931615
6,15220003,North Cedar Creek (NCC),05/18/1999 12:20:00,SNY319,NIT-AMM,Ammonia-nitrogen (as N),Total,,0.1,mg/l,True,0.1,,,Unknown,SNY001,Actual,SW,Water,,,Clayton,07060003,River/Stream,,42.96274242,-91.22931615
6,15220003,North Cedar Creek (NCC),05/25/1999 13:40:00,SNY319,NIT-AMM,Ammonia-nitrogen (as N),Total,,0.1,mg/l,False,0.1,,,Unknown,SNY001,Actual,SW,Water,,,Clayton,07060003,River/Stream,,42.96274242,-91.22931615
6,15220003,North Cedar Creek (NCC),06/01/1999 12:40:00,SNY319,NIT-AMM,Ammonia-nitrogen (as N),Total,,0.1,mg/l,False,0.1,,,Unknown,SNY001,Actual,SW,Water,,,Clayton,07060003,River/Stream,,42.96274242,-91.22931615
6,15220003,North Cedar Creek (NCC),07/20/1999 12:35:00,SNY319,NIT-AMM,Ammonia-nitrogen (as N),Total,,0.1,mg/l,False,0.1,,,Unknown,SNY001,Actual,SW,Water,,,Clayton,07060003,River/Stream,,42.96274242,-91.22931615
6,15220003,North Cedar Creek (NCC),07/27/1999 14:00:00,SNY319,NIT-AMM,Ammonia-nitrogen (as N),Total,,0.1,mg/l,False,0.1,,,Unknown,SNY001,Actual,SW,Water,,,Clayton,07060003,River/Stream,,42.96274242,-91.22931615
6,15220003,North Cedar Creek (NCC),08/03/1999 12:25:00,SNY319,NIT-AMM,Ammonia-nitrogen (as N),Total,,0.1,mg/l,False,0.1,,,Unknown,SNY001,Actual,SW,Water,,,Clayton,07060003,River/Stream,,42.96274242,-91.22931615
6,15220003,North Cedar Creek (NCC),08/10/1999 12:35:00,SNY319,NIT-AMM,Ammonia-nitrogen (as N),Total,,0.1,mg/l,False,0.1,,,Unknown,SNY001,Actual,SW,Water,,,Clayton,07060003,River/Stream,,42.96274242,-91.22931615
6,15220003,North Cedar Creek (NCC),08/17/1999 12:25:00,SNY319,NIT-AMM,Ammonia-nitrogen (as N),Total,,0.1,mg/l,False,0.1,,,Unknown,SNY001,Actual,SW,Water,,,Clayton,07060003,River/Stream,,42.96274242,-91.22931615
6,15220003,North Cedar Creek (NCC),08/24/1999 12:20:00,SNY319,NIT-AMM,Ammonia-nitrogen (as N),Total,,0.1,mg/l,False,0.1,,,Unknown,SNY001,Actual,SW,Water,,,Clayton,07060003,River/Stream,,42.96274242,-91.22931615
6,15220003,North Cedar Creek (NCC),08/31/1999 14:05:00,SNY319,NIT-AMM,Ammonia-nitrogen (as N),Total,,0.1,mg/l,False,0.1,,,Unknown,SNY001,Actual,SW,Water,,,Clayton,07060003,River/Stream,,42.96274242,-91.22931615
6,15220001,Bloody Run Creek Site #2 (BR02),10/05/1999 10:45:00,SNY319,NIT-AMM,Ammonia-nitrogen (as N),Total,,0.1,mg/l,False,0.1,,,Unknown,SNY001,Actual,SW,Water,,,Clayton,07060001,River/Stream,,43.03547975,-91.26682808
6,15220001,Bloody Run Creek Site #2 (BR02),10/12/1999 10:55:00,SNY319,NIT-AMM,Ammonia-nitrogen (as N),Total,,0.1,mg/l,False,0.1,,,Unknown,SNY001,Actual,SW,Water,,,Clayton,07060001,River/Stream,,43.03547975,-91.26682808
6,15220001,Bloody Run Creek Site #2 (BR02),10/19/1999 12:05:00,SNY319,NIT-AMM,Ammonia-nitrogen (as N),Total,,0.1,mg/l,False,0.1,,,Unknown,SNY001,Actual,SW,Water,,,Clayton,07060001,River/Stream,,43.03547975,-91.26682808
6,15220001,Bloody Run Creek Site #2 (BR02),11/23/1999 12:10:00,SNY319,NIT-AMM,Ammonia-nitrogen (as N),Total,,0.1,mg/l,False,0.1,,,Unknown,SNY001,Actual,SW,Water,,,Clayton,07060001,River/Stream,,43.03547975,-91.26682808
6,15220001,Bloody Run Creek Site #2 (BR02),11/30/1999 12:35:00,SNY319,NIT-AMM,Ammonia-nitrogen (as N),Total,,0.1,mg/l,False,0.1,,,Unknown,SNY001,Actual,SW,Water,,,Clayton,07060001,River/Stream,,43.03547975,-91.26682808
6,15220001,Bloody Run Creek Site #2 (BR02),12/07/1999 11:45:00,SNY319,NIT-AMM,Ammonia-nitrogen (as N),Total,,0.1,mg/l,False,0.1,,,Unknown,SNY001,Actual,SW,Water,,,Clayton,07060001,River/Stream,,43.03547975,-91.26682808
6,15220002,Bloody Run Creek at Spook Cave (BRSC),10/26/1999 11:30:00,SNY319,NIT-AMM,Ammonia-nitrogen (as N),Total,,0.1,mg/l,False,0.1,,,Unknown,SNY001,Actual,SW,Water,,,Clayton,07060001,River/Stream,,43.03326422,-91.30759437
6,15220002,Bloody Run Creek at Spook Cave (BRSC),11/30/1999 12:10:00,SNY319,NIT-AMM,Ammonia-nitrogen (as N),Total,,0.1,mg/l,False,0.1,,,Unknown,SNY001,Actual,SW,Water,,,Clayton,07060001,River/Stream,,43.03326422,-91.30759437
6,15220002,Bloody Run Creek at Spook Cave (BRSC),12/28/1999 12:25:00,SNY319,NIT-AMM,Ammonia-nitrogen (as N),Total,,0.1,mg/l,False,0.1,,,Unknown,SNY001,Actual,SW,Water,,,Clayton,07060001,River/Stream,,43.03326422,-91.30759437
6,15220003,North Cedar Creek (NCC),10/05/1999 12:30:00,SNY319,NIT-AMM,Ammonia-nitrogen (as N),Total,,0.1,mg/l,False,0.1,,,Unknown,SNY001,Actual,SW,Water,,,Clayton,07060003,River/Stream,,42.96274242,-91.22931615
6,15220003,North Cedar Creek (NCC),11/02/1999 13:40:00,SNY319,NIT-AMM,Ammonia-nitrogen (as N),Total,,0.1,mg/l,False,0.1,,,Unknown,SNY001,Actual,SW,Water,,,Clayton,07060003,River/Stream,,42.96274242,-91.22931615
6,15220003,North Cedar Creek (NCC),11/09/1999 13:15:00,SNY319,NIT-AMM,Ammonia-nitrogen (as N),Total,,0.1,mg/l,False,0.1,,,Unknown,SNY001,Actual,SW,Water,,,Clayton,07060003,River/Stream,,42.96274242,-91.22931615
6,15220003,North Cedar Creek (NCC),11/16/1999 12:55:00,SNY319,NIT-AMM,Ammonia-nitrogen (as N),Total,,0.1,mg/l,False,0.1,,,Unknown,SNY001,Actual,SW,Water,,,Clayton,07060003,River/Stream,,42.96274242,-91.22931615
6,15220003,North Cedar Creek (NCC),12/21/1999 13:00:00,SNY319,NIT-AMM,Ammonia-nitrogen (as N),Total,,0.1,mg/l,False,0.1,,,Unknown,SNY001,Actual,SW,Water,,,Clayton,07060003,River/Stream,,42.96274242,-91.22931615
6,15220003,North Cedar Creek (NCC),12/28/1999 14:15:00,SNY319,NIT-AMM,Ammonia-nitrogen (as N),Total,,0.1,mg/l,False,0.1,,,Unknown,SNY001,Actual,SW,Water,,,Clayton,07060003,River/Stream,,42.96274242,-91.22931615
6,15220001,Bloody Run Creek Site #2 (BR02),01/04/2000 11:30:00,SNY319,NIT-AMM,Ammonia-nitrogen (as N),Total,,0.1,mg/l,False,0.1,,,Unknown,SNY001,Actual,SW,Water,,,Clayton,07060001,River/Stream,,43.03547975,-91.26682808
6,15220001,Bloody Run Creek Site #2 (BR02),02/08/2000 11:45:00,SNY319,NIT-AMM,Ammonia-nitrogen (as N),Total,,0.1,mg/l,False,0.1,,,Unknown,SNY001,Actual,SW,Water,,,Clayton,07060001,River/Stream,,43.03547975,-91.26682808
6,15220001,Bloody Run Creek Site #2 (BR02),02/15/2000 11:50:00,SNY319,NIT-AMM,Ammonia-nitrogen (as N),Total,,0.1,mg/l,False,0.1,,,Unknown,SNY001,Actual,SW,Water,,,Clayton,07060001,River/Stream,,43.03547975,-91.26682808
6,15220001,Bloody Run Creek Site #2 (BR02),02/22/2000 12:00:00,SNY319,NIT-AMM,Ammonia-nitrogen (as N),Total,,0.1,mg/l,False,0.1,,,Unknown,SNY001,Actual,SW,Water,,,Clayton,07060001,River/Stream,,43.03547975,-91.26682808
6,15220001,Bloody Run Creek Site #2 (BR02),03/21/2000 11:30:00,SNY319,NIT-AMM,Ammonia-nitrogen (as N),Total,,0.1,mg/l,False,0.1,,,Unknown,SNY001,Actual,SW,Water,,,Clayton,07060001,River/Stream,,43.03547975,-91.26682808
6,15220001,Bloody Run Creek Site #2 (BR02),03/28/2000 12:55:00,SNY319,NIT-AMM,Ammonia-nitrogen (as N),Total,,0.1,mg/l,False,0.1,,,Unknown,SNY001,Actual,SW,Water,,,Clayton,07060001,River/Stream,,43.03547975,-91.26682808
6,15220001,Bloody Run Creek Site #2 (BR02),04/04/2000 11:40:00,SNY319,NIT-AMM,Ammonia-nitrogen (as N),Total,,0.1,mg/l,False,0.1,,,Unknown,SNY001,Actual,SW,Water,,,Clayton,07060001,River/Stream,,43.03547975,-91.26682808
6,15220001,Bloody Run Creek Site #2 (BR02),04/11/2000 12:45:00,SNY319,NIT-AMM,Ammonia-nitrogen (as N),Total,,0.1,mg/l,False,0.1,,,Unknown,SNY001,Actual,SW,Water,,,Clayton,07060001,River/Stream,,43.03547975,-91.26682808
6,15220001,Bloody Run Creek Site #2 (BR02),05/09/2000 11:55:00,SNY319,NIT-AMM,Ammonia-nitrogen (as N),Total,,0.1,mg/l,False,0.1,,,Unknown,SNY001,Actual,SW,Water,,,Clayton,07060001,River/Stream,,43.03547975,-91.26682808
6,15220001,Bloody Run Creek Site #2 (BR02),05/16/2000 11:10:00,SNY319,NIT-AMM,Ammonia-nitrogen (as N),Total,,0.1,mg/l,False,0.1,,,Unknown,SNY001,Actual,SW,Water,,,Clayton,07060001,River/Stream,,43.03547975,-91.26682808
6,15220001,Bloody Run Creek Site #2 (BR02),05/23/2000 11:35:00,SNY319,NIT-AMM,Ammonia-nitrogen (as N),Total,,0.1,mg/l,False,0.1,,,Unknown,SNY001,Actual,SW,Water,,,Clayton,07060001,River/Stream,,43.03547975,-91.26682808
6,15220001,Bloody Run Creek Site #2 (BR02),06/20/2000 11:10:00,SNY319,NIT-AMM,Ammonia-nitrogen (as N),Total,,0.1,mg/l,False,0.1,,,Unknown,SNY001,Actual,SW,Water,,,Clayton,07060001,River/Stream,,43.03547975,-91.26682808
6,15220001,Bloody Run Creek Site #2 (BR02),06/27/2000 12:25:00,SNY319,NIT-AMM,Ammonia-nitrogen (as N),Total,,0.1,mg/l,False,0.1,,,Unknown,SNY001,Actual,SW,Water,,,Clayton,07060001,River/Stream,,43.03547975,-91.26682808
6,15220001,Bloody Run Creek Site #2 (BR02),07/04/2000 11:40:00,SNY319,NIT-AMM,Ammonia-nitrogen (as N),Total,,0.1,mg/l,False,0.1,,,Unknown,SNY001,Actual,SW,Water,,,Clayton,07060001,River/Stream,,43.03547975,-91.26682808
6,15220001,Bloody Run Creek Site #2 (BR02),07/11/2000 11:20:00,SNY319,NIT-AMM,Ammonia-nitrogen (as N),Total,,0.1,mg/l,False,0.1,,,Unknown,SNY001,Actual,SW,Water,,,Clayton,07060001,River/Stream,,43.03547975,-91.26682808
6,15220001,Bloody Run Creek Site #2 (BR02),08/08/2000 11:20:00,SNY319,NIT-AMM,Ammonia-nitrogen (as N),Total,,0.1,mg/l,False,0.1,,,Unknown,SNY001,Actual,SW,Water,,,Clayton,07060001,River/Stream,,43.03547975,-91.26682808
6,15220001,Bloody Run Creek Site #2 (BR02),08/15/2000 12:00:00,SNY319,NIT-AMM,Ammonia-nitrogen (as N),Total,,0.1,mg/l,False,0.1,,,Unknown,SNY001,Actual,SW,Water,,,Clayton,07060001,River/Stream,,43.03547975,-91.26682808
6,15220001,Bloody Run Creek Site #2 (BR02),08/22/2000 11:20:00,SNY319,NIT-AMM,Ammonia-nitrogen (as N),Total,,0.1,mg/l,True,0.1,,,Unknown,SNY001,Actual,SW,Water,,,Clayton,07060001,River/Stream,,43.03547975,-91.26682808
6,15220001,Bloody Run Creek Site #2 (BR02),09/19/2000 11:10:00,SNY319,NIT-AMM,Ammonia-nitrogen (as N),Total,,0.1,mg/l,False,0.1,,,Unknown,SNY001,Actual,SW,Water,,,Clayton,07060001,River/Stream,,43.03547975,-91.26682808
6,15220001,Bloody Run Creek Site #2 (BR02),09/26/2000 12:35:00,SNY319,NIT-AMM,Ammonia-nitrogen (as N),Total,,0.1,mg/l,False,0.1,,,Unknown,SNY001,Actual,SW,Water,,,Clayton,07060001,River/Stream,,43.03547975,-91.26682808
6,15220002,Bloody Run Creek at Spook Cave (BRSC),01/25/2000 11:40:00,SNY319,NIT-AMM,Ammonia-nitrogen (as N),Total,,0.1,mg/l,False,0.1,,,Unknown,SNY001,Actual,SW,Water,,,Clayton,07060001,River/Stream,,43.03326422,-91.30759437
6,15220002,Bloody Run Creek at Spook Cave (BRSC),02/29/2000 11:45:00,SNY319,NIT-AMM,Ammonia-nitrogen (as N),Total,,0.1,mg/l,False,0.1,,,Unknown,SNY001,Actual,SW,Water,,,Clayton,07060001,River/Stream,,43.03326422,-91.30759437
6,15220002,Bloody Run Creek at Spook Cave (BRSC),06/27/2000 12:00:00,SNY319,NIT-AMM,Ammonia-nitrogen (as N),Total,,0.1,mg/l,False,0.1,,,Unknown,SNY001,Actual,SW,Water,,,Clayton,07060001,River/Stream,,43.03326422,-91.30759437
6,15220002,Bloody Run Creek at Spook Cave (BRSC),07/25/2000 11:20:00,SNY319,NIT-AMM,Ammonia-nitrogen (as N),Total,,0.1,mg/l,False,0.1,,,Unknown,SNY001,Actual,SW,Water,,,Clayton,07060001,River/Stream,,43.03326422,-91.30759437
6,15220002,Bloody Run Creek at Spook Cave (BRSC),08/29/2000 12:10:00,SNY319,NIT-AMM,Ammonia-nitrogen (as N),Total,,0.1,mg/l,False,0.1,,,Unknown,SNY001,Actual,SW,Water,,,Clayton,07060001,River/Stream,,43.03326422,-91.30759437
6,15220003,North Cedar Creek (NCC),01/18/2000 13:25:00,SNY319,NIT-AMM,Ammonia-nitrogen (as N),Total,,0.1,mg/l,False,0.1,,,Unknown,SNY001,Actual,SW,Water,,,Clayton,07060003,River/Stream,,42.96274242,-91.22931615
6,15220003,North Cedar Creek (NCC),01/25/2000 14:05:00,SNY319,NIT-AMM,Ammonia-nitrogen (as N),Total,,0.1,mg/l,False,0.1,,,Unknown,SNY001,Actual,SW,Water,,,Clayton,07060003,River/Stream,,42.96274242,-91.22931615
6,15220003,North Cedar Creek (NCC),02/01/2000 13:15:00,SNY319,NIT-AMM,Ammonia-nitrogen (as N),Total,,0.1,mg/l,False,0.1,,,Unknown,SNY001,Actual,SW,Water,,,Clayton,07060003,River/Stream,,42.96274242,-91.22931615
6,15220003,North Cedar Creek (NCC),02/08/2000 14:15:00,SNY319,NIT-AMM,Ammonia-nitrogen (as N),Total,,0.1,mg/l,False,0.1,,,Unknown,SNY001,Actual,SW,Water,,,Clayton,07060003,River/Stream,,42.96274242,-91.22931615
6,15220003,North Cedar Creek (NCC),03/07/2000 12:45:00,SNY319,NIT-AMM,Ammonia-nitrogen (as N),Total,,0.1,mg/l,False,0.1,,,Unknown,SNY001,Actual,SW,Water,,,Clayton,07060003,River/Stream,,42.96274242,-91.22931615
6,15220003,North Cedar Creek (NCC),03/14/2000 13:30:00,SNY319,NIT-AMM,Ammonia-nitrogen (as N),Total,,0.1,mg/l,False,0.1,,,Unknown,SNY001,Actual,SW,Water,,,Clayton,07060003,River/Stream,,42.96274242,-91.22931615
6,15220003,North Cedar Creek (NCC),03/21/2000 13:00:00,SNY319,NIT-AMM,Ammonia-nitrogen (as N),Total,,0.1,mg/l,False,0.1,,,Unknown,SNY001,Actual,SW,Water,,,Clayton,07060003,River/Stream,,42.96274242,-91.22931615
6,15220003,North Cedar Creek (NCC),04/18/2000 13:10:00,SNY319,NIT-AMM,Ammonia-nitrogen (as N),Total,,0.2,mg/l,True,0.1,,,Unknown,SNY001,Actual,SW,Water,,,Clayton,07060003,River/Stream,,42.96274242,-91.22931615
6,15220003,North Cedar Creek (NCC),04/25/2000 14:50:00,SNY319,NIT-AMM,Ammonia-nitrogen (as N),Total,,0.1,mg/l,False,0.1,,,Unknown,SNY001,Actual,SW,Water,,,Clayton,07060003,River/Stream,,42.96274242,-91.22931615
6,15220003,North Cedar Creek (NCC),05/02/2000 13:40:00,SNY319,NIT-AMM,Ammonia-nitrogen (as N),Total,,0.1,mg/l,False,0.1,,,Unknown,SNY001,Actual,SW,Water,,,Clayton,07060003,River/Stream,,42.96274242,-91.22931615
6,15220003,North Cedar Creek (NCC),05/09/2000 13:45:00,SNY319,NIT-AMM,Ammonia-nitrogen (as N),Total,,0.1,mg/l,False,0.1,,,Unknown,SNY001,Actual,SW,Water,,,Clayton,07060003,River/Stream,,42.96274242,-91.22931615
6,15220003,North Cedar Creek (NCC),06/06/2000 12:40:00,SNY319,NIT-AMM,Ammonia-nitrogen (as N),Total,,0.1,mg/l,False,0.1,,,Unknown,SNY001,Actual,SW,Water,,,Clayton,07060003,River/Stream,,42.96274242,-91.22931615
6,15220003,North Cedar Creek (NCC),06/13/2000 14:00:00,SNY319,NIT-AMM,Ammonia-nitrogen (as N),Total,,0.1,mg/l,True,0.1,,,Unknown,SNY001,Actual,SW,Water,,,Clayton,07060003,River/Stream,,42.96274242,-91.22931615
6,15220003,North Cedar Creek (NCC),06/20/2000 12:50:00,SNY319,NIT-AMM,Ammonia-nitrogen (as N),Total,,0.1,mg/l,False,0.1,,,Unknown,SNY001,Actual,SW,Water,,,Clayton,07060003,River/Stream,,42.96274242,-91.22931615
6,15220003,North Cedar Creek (NCC),06/27/2000 14:45:00,SNY319,NIT-AMM,Ammonia-nitrogen (as N),Total,,0.1,mg/l,False,0.1,,,Unknown,SNY001,Actual,SW,Water,,,Clayton,07060003,River/Stream,,42.96274242,-91.22931615
6,15220003,North Cedar Creek (NCC),07/25/2000 14:00:00,SNY319,NIT-AMM,Ammonia-nitrogen (as N),Total,,0.1,mg/l,False,0.1,,,Unknown,SNY001,Actual,SW,Water,,,Clayton,07060003,River/Stream,,42.96274242,-91.22931615
6,15220003,North Cedar Creek (NCC),08/01/2000 14:25:00,SNY319,NIT-AMM,Ammonia-nitrogen (as N),Total,,0.1,mg/l,False,0.1,,,Unknown,SNY001,Actual,SW,Water,,,Clayton,07060003,River/Stream,,42.96274242,-91.22931615
6,15220003,North Cedar Creek (NCC),08/08/2000 12:45:00,SNY319,NIT-AMM,Ammonia-nitrogen (as N),Total,,0.1,mg/l,False,0.1,,,Unknown,SNY001,Actual,SW,Water,,,Clayton,07060003,River/Stream,,42.96274242,-91.22931615
6,15220003,North Cedar Creek (NCC),09/05/2000 12:40:00,SNY319,NIT-AMM,Ammonia-nitrogen (as N),Total,,0.1,mg/l,False,0.1,,,Unknown,SNY001,Actual,SW,Water,,,Clayton,07060003,River/Stream,,42.96274242,-91.22931615
6,15220003,North Cedar Creek (NCC),09/12/2000 13:20:00,SNY319,NIT-AMM,Ammonia-nitrogen (as N),Total,,0.1,mg/l,False,0.1,,,Unknown,SNY001,Actual,SW,Water,,,Clayton,07060003,River/Stream,,42.96274242,-91.22931615
6,15220003,North Cedar Creek (NCC),09/19/2000 12:35:00,SNY319,NIT-AMM,Ammonia-nitrogen (as N),Total,,0.1,mg/l,False,0.1,,,Unknown,SNY001,Actual,SW,Water,,,Clayton,07060003,River/Stream,,42.96274242,-91.22931615
6,15220001,Bloody Run Creek Site #2 (BR02),10/24/2000 12:10:00,SNY319,NIT-AMM,Ammonia-nitrogen (as N),Total,,0.1,mg/l,False,0.1,,,Unknown,SNY001,Actual,SW,Water,,,Clayton,07060001,River/Stream,,43.03547975,-91.26682808
6,15220001,Bloody Run Creek Site #2 (BR02),10/31/2000 11:55:00,SNY319,NIT-AMM,Ammonia-nitrogen (as N),Total,,0.1,mg/l,False,0.1,,,Unknown,SNY001,Actual,SW,Water,,,Clayton,07060001,River/Stream,,43.03547975,-91.26682808
6,15220001,Bloody Run Creek Site #2 (BR02),11/07/2000 11:55:00,SNY319,NIT-AMM,Ammonia-nitrogen (as N),Total,,0.1,mg/l,False,0.1,,,Unknown,SNY001,Actual,SW,Water,,,Clayton,07060001,River/Stream,,43.03547975,-91.26682808
6,15220001,Bloody Run Creek Site #2 (BR02),12/05/2000 11:30:00,SNY319,NIT-AMM,Ammonia-nitrogen (as N),Total,,0.1,mg/l,False,0.1,,,Unknown,SNY001,Actual,SW,Water,,,Clayton,07060001,River/Stream,,43.03547975,-91.26682808
6,15220001,Bloody Run Creek Site #2 (BR02),12/12/2000 11:45:00,SNY319,NIT-AMM,Ammonia-nitrogen (as N),Total,,0.1,mg/l,False,0.1,,,Unknown,SNY001,Actual,SW,Water,,,Clayton,07060001,River/Stream,,43.03547975,-91.26682808
6,15220001,Bloody Run Creek Site #2 (BR02),12/19/2000 13:00:00,SNY319,NIT-AMM,Ammonia-nitrogen (as N),Total,,0.1,mg/l,False,0.1,,,Unknown,SNY001,Actual,SW,Water,,,Clayton,07060001,River/Stream,,43.03547975,-91.26682808
6,15220002,Bloody Run Creek at Spook Cave (BRSC),12/26/2000 09:00:00,SNY319,NIT-AMM,Ammonia-nitrogen (as N),Total,,0.1,mg/l,False,0.1,,,Unknown,SNY001,Actual,SW,Water,,,Clayton,07060001,River/Stream,,43.03326422,-91.30759437
6,15220003,North Cedar Creek (NCC),10/03/2000 12:50:00,SNY319,NIT-AMM,Ammonia-nitrogen (as N),Total,,0.1,mg/l,False,0.1,,,Unknown,SNY001,Actual,SW,Water,,,Clayton,07060003,River/Stream,,42.96274242,-91.22931615
6,15220003,North Cedar Creek (NCC),10/10/2000 13:10:00,SNY319,NIT-AMM,Ammonia-nitrogen (as N),Total,,0.1,mg/l,False,0.1,,,Unknown,SNY001,Actual,SW,Water,,,Clayton,07060003,River/Stream,,42.96274242,-91.22931615
6,15220003,North Cedar Creek (NCC),10/17/2000 12:40:00,SNY319,NIT-AMM,Ammonia-nitrogen (as N),Total,,0.1,mg/l,False,0.1,,,Unknown,SNY001,Actual,SW,Water,,,Clayton,07060003,River/Stream,,42.96274242,-91.22931615
6,15220003,North Cedar Creek (NCC),11/14/2000 12:35:00,SNY319,NIT-AMM,Ammonia-nitrogen (as N),Total,,0.1,mg/l,False,0.1,,,Unknown,SNY001,Actual,SW,Water,,,Clayton,07060003,River/Stream,,42.96274242,-91.22931615
6,15220003,North Cedar Creek (NCC),11/21/2000 13:25:00,SNY319,NIT-AMM,Ammonia-nitrogen (as N),Total,,0.1,mg/l,False,0.1,,,Unknown,SNY001,Actual,SW,Water,,,Clayton,07060003,River/Stream,,42.96274242,-91.22931615
6,15220003,North Cedar Creek (NCC),11/28/2000 14:10:00,SNY319,NIT-AMM,Ammonia-nitrogen (as N),Total,,0.1,mg/l,False,0.1,,,Unknown,SNY001,Actual,SW,Water,,,Clayton,07060003,River/Stream,,42.96274242,-91.22931615
6,15220003,North Cedar Creek (NCC),12/26/2000 11:35:00,SNY319,NIT-AMM,Ammonia-nitrogen (as N),Total,,0.1,mg/l,False,0.1,,,Unknown,SNY001,Actual,SW,Water,,,Clayton,07060003,River/Stream,,42.96274242,-91.22931615
6,15220001,Bloody Run Creek Site #2 (BR02),01/02/2001 11:45:00,SNY319,NIT-AMM,Ammonia-nitrogen (as N),Total,,0.1,mg/l,False,0.1,,,Unknown,SNY001,Actual,SW,Water,,,Clayton,07060001,River/Stream,,43.03547975,-91.26682808
6,15220001,Bloody Run Creek Site #2 (BR02),01/09/2001 11:25:00,SNY319,NIT-AMM,Ammonia-nitrogen (as N),Total,,0.1,mg/l,False,0.1,,,Unknown,SNY001,Actual,SW,Water,,,Clayton,07060001,River/Stream,,43.03547975,-91.26682808
6,15220001,Bloody Run Creek Site #2 (BR02),02/13/2001 12:10:00,SNY319,NIT-AMM,Ammonia-nitrogen (as N),Total,,0.1,mg/l,False,0.1,,,Unknown,SNY001,Actual,SW,Water,,,Clayton,07060001,River/Stream,,43.03547975,-91.26682808
6,15220001,Bloody Run Creek Site #2 (BR02),02/20/2001 11:15:00,SNY319,NIT-AMM,Ammonia-nitrogen (as N),Total,,0.1,mg/l,False,0.1,,,Unknown,SNY001,Actual,SW,Water,,,Clayton,07060001,River/Stream,,43.03547975,-91.26682808
6,15220001,Bloody Run Creek Site #2 (BR02),02/27/2001 12:00:00,SNY319,NIT-AMM,Ammonia-nitrogen (as N),Total,,0.1,mg/l,False,0.1,,,Unknown,SNY001,Actual,SW,Water,,,Clayton,07060001,River/Stream,,43.03547975,-91.26682808
6,15220001,Bloody Run Creek Site #2 (BR02),03/27/2001 12:10:00,SNY319,NIT-AMM,Ammonia-nitrogen (as N),Total,,0.1,mg/l,False,0.1,,,Unknown,SNY001,Actual,SW,Water,,,Clayton,07060001,River/Stream,,43.03547975,-91.26682808
6,15220001,Bloody Run Creek Site #2 (BR02),04/03/2001 11:40:00,SNY319,NIT-AMM,Ammonia-nitrogen (as N),Total,,0.1,mg/l,False,0.1,,,Unknown,SNY001,Actual,SW,Water,,,Clayton,07060001,River/Stream,,43.03547975,-91.26682808
6,15220001,Bloody Run Creek Site #2 (BR02),04/10/2001 11:45:00,SNY319,NIT-AMM,Ammonia-nitrogen (as N),Total,,0.1,mg/l,False,0.1,,,Unknown,SNY001,Actual,SW,Water,,,Clayton,07060001,River/Stream,,43.03547975,-91.26682808
6,15220001,Bloody Run Creek Site #2 (BR02),05/08/2001 12:00:00,SNY319,NIT-AMM,Ammonia-nitrogen (as N),Total,,0.1,mg/l,False,0.1,,,Unknown,SNY001,Actual,SW,Water,,,Clayton,07060001,River/Stream,,43.03547975,-91.26682808
6,15220001,Bloody Run Creek Site #2 (BR02),05/15/2001 10:50:00,SNY319,NIT-AMM,Ammonia-nitrogen (as N),Total,,0.1,mg/l,False,0.1,,,Unknown,SNY001,Actual,SW,Water,,,Clayton,07060001,River/Stream,,43.03547975,-91.26682808
6,15220001,Bloody Run Creek Site #2 (BR02),05/22/2001 11:30:00,SNY319,NIT-AMM,Ammonia-nitrogen (as N),Total,,0.1,mg/l,False,0.1,,,Unknown,SNY001,Actual,SW,Water,,,Clayton,07060001,River/Stream,,43.03547975,-91.26682808
6,15220001,Bloody Run Creek Site #2 (BR02),05/29/2001 11:25:00,SNY319,NIT-AMM,Ammonia-nitrogen (as N),Total,,0.1,mg/l,True,0.1,,,Unknown,SNY001,Actual,SW,Water,,,Clayton,07060001,River/Stream,,43.03547975,-91.26682808
6,15220001,Bloody Run Creek Site #2 (BR02),06/26/2001 11:25:00,SNY319,NIT-AMM,Ammonia-nitrogen (as N),Total,,0.1,mg/l,False,0.1,,,Unknown,SNY001,Actual,SW,Water,,,Clayton,07060001,River/Stream,,43.03547975,-91.26682808
6,15220004,Sny Magill Creek Site #1 (SN01),08/18/1998 12:35:00,SNY319,NIT-AMM,Ammonia-nitrogen (as N),Total,,0.1,mg/l,False,0.1,,,Unknown,SNY001,Actual,SW,Water,,,Clayton,07060003,River/Stream,,42.94880662,-91.18632674
6,15220004,Sny Magill Creek Site #1 (SN01),08/25/1998 13:15:00,SNY319,NIT-AMM,Ammonia-nitrogen (as N),Total,,0.1,mg/l,False,0.1,,,Unknown,SNY001,Actual,SW,Water,,,Clayton,07060003,River/Stream,,42.94880662,-91.18632674
6,15220004,Sny Magill Creek Site #1 (SN01),05/05/1998 14:25:00,SNY319,NIT-AMM,Ammonia-nitrogen (as N),Total,,0.1,mg/l,False,0.1,,,Unknown,SNY001,Actual,SW,Water,,,Clayton,07060003,River/Stream,,42.94880662,-91.18632674
6,15220004,Sny Magill Creek Site #1 (SN01),09/22/1998 12:30:00,SNY319,NIT-AMM,Ammonia-nitrogen (as N),Total,,0.1,mg/l,False,0.1,,,Unknown,SNY001,Actual,SW,Water,,,Clayton,07060003,River/Stream,,42.94880662,-91.18632674
6,15220004,Sny Magill Creek Site #1 (SN01),09/29/1998 13:15:00,SNY319,NIT-AMM,Ammonia-nitrogen (as N),Total,,0.1,mg/l,False,0.1,,,Unknown,SNY001,Actual,SW,Water,,,Clayton,07060003,River/Stream,,42.94880662,-91.18632674
6,15220005,Sny Magill Creek Site #2 (SN02),04/28/1998 15:05:00,SNY319,NIT-AMM,Ammonia-nitrogen (as N),Total,,0.1,mg/l,False,0.1,,,Unknown,SNY001,Actual,SW,Water,,,Clayton,07060003,River/Stream,,42.96808222,-91.22331192
6,15220005,Sny Magill Creek Site #2 (SN02),05/26/1998 13:10:00,SNY319,NIT-AMM,Ammonia-nitrogen (as N),Total,,0.1,mg/l,False,0.1,,,Unknown,SNY001,Actual,SW,Water,,,Clayton,07060003,River/Stream,,42.96808222,-91.22331192
6,15220005,Sny Magill Creek Site #2 (SN02),06/30/1998 14:25:00,SNY319,NIT-AMM,Ammonia-nitrogen (as N),Total,,0.1,mg/l,False,0.1,,,Unknown,SNY001,Actual,SW,Water,,,Clayton,07060003,River/Stream,,42.96808222,-91.22331192
6,15220006,Sny Magill Creek Site #3 (SN03),01/13/1998 12:45:00,SNY319,NIT-AMM,Ammonia-nitrogen (as N),Total,,0.1,mg/l,False,0.1,,,Unknown,SNY001,Actual,SW,Water,,,Clayton,07060003,River/Stream,,42.98149721,-91.24097377
6,15220006,Sny Magill Creek Site #3 (SN03),01/20/1998 12:00:00,SNY319,NIT-AMM,Ammonia-nitrogen (as N),Total,,0.1,mg/l,False,0.1,,,Unknown,SNY001,Actual,SW,Water,,,Clayton,07060003,River/Stream,,42.98149721,-91.24097377
6,15220006,Sny Magill Creek Site #3 (SN03),01/27/1998 14:00:00,SNY319,NIT-AMM,Ammonia-nitrogen (as N),Total,,0.1,mg/l,False,0.1,,,Unknown,SNY001,Actual,SW,Water,,,Clayton,07060003,River/Stream,,42.98149721,-91.24097377
6,15220006,Sny Magill Creek Site #3 (SN03),02/24/1998 13:45:00,SNY319,NIT-AMM,Ammonia-nitrogen (as N),Total,,0.1,mg/l,False,0.1,,,Unknown,SNY001,Actual,SW,Water,,,Clayton,07060003,River/Stream,,42.98149721,-91.24097377
6,15220006,Sny Magill Creek Site #3 (SN03),03/03/1998 14:30:00,SNY319,NIT-AMM,Ammonia-nitrogen (as N),Total,,0.1,mg/l,False,0.1,,,Unknown,SNY001,Actual,SW,Water,,,Clayton,07060003,River/Stream,,42.98149721,-91.24097377
6,15220006,Sny Magill Creek Site #3 (SN03),03/10/1998 13:55:00,SNY319,NIT-AMM,Ammonia-nitrogen (as N),Total,,0.1,mg/l,False,0.1,,,Unknown,SNY001,Actual,SW,Water,,,Clayton,07060003,River/Stream,,42.98149721,-91.24097377
6,15220006,Sny Magill Creek Site #3 (SN03),04/07/1998 13:00:00,SNY319,NIT-AMM,Ammonia-nitrogen (as N),Total,,0.1,mg/l,False,0.1,,,Unknown,SNY001,Actual,SW,Water,,,Clayton,07060003,River/Stream,,42.98149721,-91.24097377
6,15220006,Sny Magill Creek Site #3 (SN03),04/14/1998 13:30:00,SNY319,NIT-AMM,Ammonia-nitrogen (as N),Total,,0.1,mg/l,False,0.1,,,Unknown,SNY001,Actual,SW,Water,,,Clayton,07060003,River/Stream,,42.98149721,-91.24097377
6,15220006,Sny Magill Creek Site #3 (SN03),04/21/1998 13:40:00,SNY319,NIT-AMM,Ammonia-nitrogen (as N),Total,,0.1,mg/l,False,0.1,,,Unknown,SNY001,Actual,SW,Water,,,Clayton,07060003,River/Stream,,42.98149721,-91.24097377
6,15220006,Sny Magill Creek Site #3 (SN03),05/26/1998 13:30:00,SNY319,NIT-AMM,Ammonia-nitrogen (as N),Total,,0.1,mg/l,False,0.1,,,Unknown,SNY001,Actual,SW,Water,,,Clayton,07060003,River/Stream,,42.98149721,-91.24097377
6,15220006,Sny Magill Creek Site #3 (SN03),06/02/1998 14:25:00,SNY319,NIT-AMM,Ammonia-nitrogen (as N),Total,,0.1,mg/l,False,0.1,,,Unknown,SNY001,Actual,SW,Water,,,Clayton,07060003,River/Stream,,42.98149721,-91.24097377
6,15220006,Sny Magill Creek Site #3 (SN03),06/09/1998 13:35:00,SNY319,NIT-AMM,Ammonia-nitrogen (as N),Total,,0.1,mg/l,False,0.1,,,Unknown,SNY001,Actual,SW,Water,,,Clayton,07060003,River/Stream,,42.98149721,-91.24097377
6,15220006,Sny Magill Creek Site #3 (SN03),07/07/1998 13:50:00,SNY319,NIT-AMM,Ammonia-nitrogen (as N),Total,,0.1,mg/l,False,0.1,,,Unknown,SNY001,Actual,SW,Water,,,Clayton,07060003,River/Stream,,42.98149721,-91.24097377
6,15220006,Sny Magill Creek Site #3 (SN03),07/14/1998 13:40:00,SNY319,NIT-AMM,Ammonia-nitrogen (as N),Total,,0.1,mg/l,False,0.1,,,Unknown,SNY001,Actual,SW,Water,,,Clayton,07060003,River/Stream,,42.98149721,-91.24097377
6,15220006,Sny Magill Creek Site #3 (SN03),07/21/1998 13:30:00,SNY319,NIT-AMM,Ammonia-nitrogen (as N),Total,,0.1,mg/l,False,0.1,,,Unknown,SNY001,Actual,SW,Water,,,Clayton,07060003,River/Stream,,42.98149721,-91.24097377
6,15220006,Sny Magill Creek Site #3 (SN03),08/25/1998 13:50:00,SNY319,NIT-AMM,Ammonia-nitrogen (as N),Total,,0.1,mg/l,False,0.1,,,Unknown,SNY001,Actual,SW,Water,,,Clayton,07060003,River/Stream,,42.98149721,-91.24097377
6,15220006,Sny Magill Creek Site #3 (SN03),09/01/1998 13:35:00,SNY319,NIT-AMM,Ammonia-nitrogen (as N),Total,,0.1,mg/l,True,0.1,,,Unknown,SNY001,Actual,SW,Water,,,Clayton,07060003,River/Stream,,42.98149721,-91.24097377
6,15220006,Sny Magill Creek Site #3 (SN03),09/08/1998 15:40:00,SNY319,NIT-AMM,Ammonia-nitrogen (as N),Total,,0.1,mg/l,False,0.1,,,Unknown,SNY001,Actual,SW,Water,,,Clayton,07060003,River/Stream,,42.98149721,-91.24097377
6,15220007,Sny Magill North Tributary (SNT),01/27/1998 13:55:00,SNY319,NIT-AMM,Ammonia-nitrogen (as N),Total,,0.1,mg/l,False,0.1,,,Unknown,SNY001,Actual,SW,Water,,,Clayton,07060003,River/Stream,,42.96850981,-91.22439501
6,15220007,Sny Magill North Tributary (SNT),02/24/1998 13:40:00,SNY319,NIT-AMM,Ammonia-nitrogen (as N),Total,,0.1,mg/l,False,0.1,,,Unknown,SNY001,Actual,SW,Water,,,Clayton,07060003,River/Stream,,42.96850981,-91.22439501
6,15220007,Sny Magill North Tributary (SNT),03/31/1998 14:20:00,SNY319,NIT-AMM,Ammonia-nitrogen (as N),Total,,0.4,mg/l,True,0.1,,,Unknown,SNY001,Actual,SW,Water,,,Clayton,07060003,River/Stream,,42.96850981,-91.22439501
6,15220007,Sny Magill North Tributary (SNT),08/25/1998 13:40:00,SNY319,NIT-AMM,Ammonia-nitrogen (as N),Total,,0.1,mg/l,False,0.1,,,Unknown,SNY001,Actual,SW,Water,,,Clayton,07060003,River/Stream,,42.96850981,-91.22439501
6,15220007,Sny Magill North Tributary (SNT),09/29/1998 13:50:00,SNY319,NIT-AMM,Ammonia-nitrogen (as N),Total,,0.1,mg/l,False,0.1,,,Unknown,SNY001,Actual,SW,Water,,,Clayton,07060003,River/Stream,,42.96850981,-91.22439501
6,15220008,West Fork Sny Magill Creek  (SNWF),01/06/1998 11:00:00,SNY319,NIT-AMM,Ammonia-nitrogen (as N),Total,,0.1,mg/l,False,0.1,,,Unknown,SNY001,Actual,SW,Water,,,Clayton,07060003,River/Stream,,42.97628121,-91.23730654
6,15220008,West Fork Sny Magill Creek  (SNWF),02/03/1998 12:50:00,SNY319,NIT-AMM,Ammonia-nitrogen (as N),Total,,0.1,mg/l,False,0.1,,,Unknown,SNY001,Actual,SW,Water,,,Clayton,07060003,River/Stream,,42.97628121,-91.23730654
6,15220008,West Fork Sny Magill Creek  (SNWF),02/09/1998 13:20:00,SNY319,NIT-AMM,Ammonia-nitrogen (as N),Total,,0.1,mg/l,False,0.1,,,Unknown,SNY001,Actual,SW,Water,,,Clayton,07060003,River/Stream,,42.97628121,-91.23730654
6,15220008,West Fork Sny Magill Creek  (SNWF),02/17/1998 11:00:00,SNY319,NIT-AMM,Ammonia-nitrogen (as N),Total,,0.1,mg/l,True,0.1,,,Unknown,SNY001,Actual,SW,Water,,,Clayton,07060003,River/Stream,,42.97628121,-91.23730654
6,15220008,West Fork Sny Magill Creek  (SNWF),03/24/1998 13:20:00,SNY319,NIT-AMM,Ammonia-nitrogen (as N),Total,,0.1,mg/l,False,0.1,,,Unknown,SNY001,Actual,SW,Water,,,Clayton,07060003,River/Stream,,42.97628121,-91.23730654
6,15220008,West Fork Sny Magill Creek  (SNWF),03/31/1998 14:40:00,SNY319,NIT-AMM,Ammonia-nitrogen (as N),Total,,0.1,mg/l,True,0.1,,,Unknown,SNY001,Actual,SW,Water,,,Clayton,07060003,River/Stream,,42.97628121,-91.23730654
6,15220008,West Fork Sny Magill Creek  (SNWF),04/07/1998 12:45:00,SNY319,NIT-AMM,Ammonia-nitrogen (as N),Total,,0.1,mg/l,False,0.1,,,Unknown,SNY001,Actual,SW,Water,,,Clayton,07060003,River/Stream,,42.97628121,-91.23730654
6,15220008,West Fork Sny Magill Creek  (SNWF),05/05/1998 14:55:00,SNY319,NIT-AMM,Ammonia-nitrogen (as N),Total,,0.1,mg/l,False,0.1,,,Unknown,SNY001,Actual,SW,Water,,,Clayton,07060003,River/Stream,,42.97628121,-91.23730654
6,15220008,West Fork Sny Magill Creek  (SNWF),05/12/1998 13:45:00,SNY319,NIT-AMM,Ammonia-nitrogen (as N),Total,,0.1,mg/l,False,0.1,,,Unknown,SNY001,Actual,SW,Water,,,Clayton,07060003,River/Stream,,42.97628121,-91.23730654
6,15220008,West Fork Sny Magill Creek  (SNWF),05/19/1998 13:00:00,SNY319,NIT-AMM,Ammonia-nitrogen (as N),Total,,0.1,mg/l,False,0.1,,,Unknown,SNY001,Actual,SW,Water,,,Clayton,07060003,River/Stream,,42.97628121,-91.23730654
6,15220008,West Fork Sny Magill Creek  (SNWF),06/16/1998 13:40:00,SNY319,NIT-AMM,Ammonia-nitrogen (as N),Total,,0.1,mg/l,False,0.1,,,Unknown,SNY001,Actual,SW,Water,,,Clayton,07060003,River/Stream,,42.97628121,-91.23730654
6,15220008,West Fork Sny Magill Creek  (SNWF),06/23/1998 13:10:00,SNY319,NIT-AMM,Ammonia-nitrogen (as N),Total,,0.1,mg/l,False,0.1,,,Unknown,SNY001,Actual,SW,Water,,,Clayton,07060003,River/Stream,,42.97628121,-91.23730654
6,15220008,West Fork Sny Magill Creek  (SNWF),06/30/1998 14:55:00,SNY319,NIT-AMM,Ammonia-nitrogen (as N),Total,,0.1,mg/l,False,0.1,,,Unknown,SNY001,Actual,SW,Water,,,Clayton,07060003,River/Stream,,42.97628121,-91.23730654
6,15220008,West Fork Sny Magill Creek  (SNWF),08/04/1998 13:25:00,SNY319,NIT-AMM,Ammonia-nitrogen (as N),Total,,0.1,mg/l,False,0.1,,,Unknown,SNY001,Actual,SW,Water,,,Clayton,07060003,River/Stream,,42.97628121,-91.23730654
6,15220008,West Fork Sny Magill Creek  (SNWF),08/11/1998 14:25:00,SNY319,NIT-AMM,Ammonia-nitrogen (as N),Total,,0.1,mg/l,False,0.1,,,Unknown,SNY001,Actual,SW,Water,,,Clayton,07060003,River/Stream,,42.97628121,-91.23730654
6,15220008,West Fork Sny Magill Creek  (SNWF),08/18/1998 13:20:00,SNY319,NIT-AMM,Ammonia-nitrogen (as N),Total,,0.1,mg/l,False,0.1,,,Unknown,SNY001,Actual,SW,Water,,,Clayton,07060003,River/Stream,,42.97628121,-91.23730654
6,15220008,West Fork Sny Magill Creek  (SNWF),09/15/1998 13:15:00,SNY319,NIT-AMM,Ammonia-nitrogen (as N),Total,,0.1,mg/l,False,0.1,,,Unknown,SNY001,Actual,SW,Water,,,Clayton,07060003,River/Stream,,42.97628121,-91.23730654
6,15220008,West Fork Sny Magill Creek  (SNWF),09/29/1998 14:05:00,SNY319,NIT-AMM,Ammonia-nitrogen (as N),Total,,0.1,mg/l,False,0.1,,,Unknown,SNY001,Actual,SW,Water,,,Clayton,07060003,River/Stream,,42.97628121,-91.23730654
6,15220004,Sny Magill Creek Site #1 (SN01),10/13/1998 12:10:00,SNY319,NIT-AMM,Ammonia-nitrogen (as N),Total,,0.1,mg/l,False,0.1,,,Unknown,SNY001,Actual,SW,Water,,,Clayton,07060003,River/Stream,,42.94880662,-91.18632674
6,15220008,West Fork Sny Magill Creek  (SNWF),09/22/1998 13:30:00,SNY319,NIT-AMM,Ammonia-nitrogen (as N),Total,,0.1,mg/l,False,0.1,,,Unknown,SNY001,Actual,SW,Water,,,Clayton,07060003,River/Stream,,42.97628121,-91.23730654
6,15220004,Sny Magill Creek Site #1 (SN01),10/20/1998 12:55:00,SNY319,NIT-AMM,Ammonia-nitrogen (as N),Total,,0.1,mg/l,False,0.1,,,Unknown,SNY001,Actual,SW,Water,,,Clayton,07060003,River/Stream,,42.94880662,-91.18632674
6,15220004,Sny Magill Creek Site #1 (SN01),11/17/1998 13:20:00,SNY319,NIT-AMM,Ammonia-nitrogen (as N),Total,,0.1,mg/l,False,0.1,,,Unknown,SNY001,Actual,SW,Water,,,Clayton,07060003,River/Stream,,42.94880662,-91.18632674
6,15220004,Sny Magill Creek Site #1 (SN01),11/24/1998 12:15:00,SNY319,NIT-AMM,Ammonia-nitrogen (as N),Total,,0.1,mg/l,False,0.1,,,Unknown,SNY001,Actual,SW,Water,,,Clayton,07060003,River/Stream,,42.94880662,-91.18632674
6,15220004,Sny Magill Creek Site #1 (SN01),12/01/1998 13:40:00,SNY319,NIT-AMM,Ammonia-nitrogen (as N),Total,,0.1,mg/l,False,0.1,,,Unknown,SNY001,Actual,SW,Water,,,Clayton,07060003,River/Stream,,42.94880662,-91.18632674
6,15220004,Sny Magill Creek Site #1 (SN01),12/29/1998 14:50:00,SNY319,NIT-AMM,Ammonia-nitrogen (as N),Total,,0.1,mg/l,False,0.1,,,Unknown,SNY001,Actual,SW,Water,,,Clayton,07060003,River/Stream,,42.94880662,-91.18632674
6,15220004,Sny Magill Creek Site #1 (SN01),01/12/1999 12:55:00,SNY319,NIT-AMM,Ammonia-nitrogen (as N),Total,,0.1,mg/l,False,0.1,,,Unknown,SNY001,Actual,SW,Water,,,Clayton,07060003,River/Stream,,42.94880662,-91.18632674
6,15220004,Sny Magill Creek Site #1 (SN01),01/19/1999 13:35:00,SNY319,NIT-AMM,Ammonia-nitrogen (as N),Total,,0.1,mg/l,False,0.1,,,Unknown,SNY001,Actual,SW,Water,,,Clayton,07060003,River/Stream,,42.94880662,-91.18632674
6,15220004,Sny Magill Creek Site #1 (SN01),02/16/1999 11:50:00,SNY319,NIT-AMM,Ammonia-nitrogen (as N),Total,,0.1,mg/l,False,0.1,,,Unknown,SNY001,Actual,SW,Water,,,Clayton,07060003,River/Stream,,42.94880662,-91.18632674
6,15220004,Sny Magill Creek Site #1 (SN01),02/23/1999 13:00:00,SNY319,NIT-AMM,Ammonia-nitrogen (as N),Total,,0.1,mg/l,False,0.1,,,Unknown,SNY001,Actual,SW,Water,,,Clayton,07060003,River/Stream,,42.94880662,-91.18632674
6,15220004,Sny Magill Creek Site #1 (SN01),03/23/1999 11:50:00,SNY319,NIT-AMM,Ammonia-nitrogen (as N),Total,,0.1,mg/l,False,0.1,,,Unknown,SNY001,Actual,SW,Water,,,Clayton,07060003,River/Stream,,42.94880662,-91.18632674
6,15220004,Sny Magill Creek Site #1 (SN01),03/30/1999 13:30:00,SNY319,NIT-AMM,Ammonia-nitrogen (as N),Total,,0.1,mg/l,False,0.1,,,Unknown,SNY001,Actual,SW,Water,,,Clayton,07060003,River/Stream,,42.94880662,-91.18632674
6,15220004,Sny Magill Creek Site #1 (SN01),04/06/1999 12:05:00,SNY319,NIT-AMM,Ammonia-nitrogen (as N),Total,,0.1,mg/l,False,0.1,,,Unknown,SNY001,Actual,SW,Water,,,Clayton,07060003,River/Stream,,42.94880662,-91.18632674
6,15220004,Sny Magill Creek Site #1 (SN01),05/04/1999 11:30:00,SNY319,NIT-AMM,Ammonia-nitrogen (as N),Total,,0.1,mg/l,False,0.1,,,Unknown,SNY001,Actual,SW,Water,,,Clayton,07060003,River/Stream,,42.94880662,-91.18632674
6,15220004,Sny Magill Creek Site #1 (SN01),05/11/1999 12:00:00,SNY319,NIT-AMM,Ammonia-nitrogen (as N),Total,,0.1,mg/l,False,0.1,,,Unknown,SNY001,Actual,SW,Water,,,Clayton,07060003,River/Stream,,42.94880662,-91.18632674
6,15220004,Sny Magill Creek Site #1 (SN01),06/08/1999 12:20:00,SNY319,NIT-AMM,Ammonia-nitrogen (as N),Total,,0.1,mg/l,False,0.1,,,Unknown,SNY001,Actual,SW,Water,,,Clayton,07060003,River/Stream,,42.94880662,-91.18632674
6,15220004,Sny Magill Creek Site #1 (SN01),06/15/1999 12:15:00,SNY319,NIT-AMM,Ammonia-nitrogen (as N),Total,,0.1,mg/l,False,0.1,,,Unknown,SNY001,Actual,SW,Water,,,Clayton,07060003,River/Stream,,42.94880662,-91.18632674
6,15220004,Sny Magill Creek Site #1 (SN01),06/22/1999 11:40:00,SNY319,NIT-AMM,Ammonia-nitrogen (as N),Total,,0.1,mg/l,False,0.1,,,Unknown,SNY001,Actual,SW,Water,,,Clayton,07060003,River/Stream,,42.94880662,-91.18632674
6,15220004,Sny Magill Creek Site #1 (SN01),07/27/1999 13:45:00,SNY319,NIT-AMM,Ammonia-nitrogen (as N),Total,,0.1,mg/l,False,0.1,,,Unknown,SNY001,Actual,SW,Water,,,Clayton,07060003,River/Stream,,42.94880662,-91.18632674
6,15220004,Sny Magill Creek Site #1 (SN01),08/03/1999 12:00:00,SNY319,NIT-AMM,Ammonia-nitrogen (as N),Total,,0.1,mg/l,False,0.1,,,Unknown,SNY001,Actual,SW,Water,,,Clayton,07060003,River/Stream,,42.94880662,-91.18632674
6,15220004,Sny Magill Creek Site #1 (SN01),08/10/1999 12:15:00,SNY319,NIT-AMM,Ammonia-nitrogen (as N),Total,,0.1,mg/l,False,0.1,,,Unknown,SNY001,Actual,SW,Water,,,Clayton,07060003,River/Stream,,42.94880662,-91.18632674
6,15220004,Sny Magill Creek Site #1 (SN01),09/07/1999 13:40:00,SNY319,NIT-AMM,Ammonia-nitrogen (as N),Total,,0.1,mg/l,False,0.1,,,Unknown,SNY001,Actual,SW,Water,,,Clayton,07060003,River/Stream,,42.94880662,-91.18632674
6,15220004,Sny Magill Creek Site #1 (SN01),09/14/1999 11:30:00,SNY319,NIT-AMM,Ammonia-nitrogen (as N),Total,,0.1,mg/l,False,0.1,,,Unknown,SNY001,Actual,SW,Water,,,Clayton,07060003,River/Stream,,42.94880662,-91.18632674
6,16220006,North Cedar Creek - Clayton # 159,07/17/2019 09:00:00,AMBBIO,NIT-AMM,Ammonia-nitrogen (AS N),Total,,0.05,mg/l,False,0.05,,,LAC10-107-06-1J,UHL001,Actual,SW,Water,,,Clayton,07060003,River/Stream,,42.947107,-91.232895
6,16220004,Hewitt Creek - Volga # 133,09/15/2014 08:40:00,AMBBIO,NIT-AMM,Ammonia-nitrogen (AS N),Total,,0.05,mg/l,False,0.05,,,LAC10-107-06-1J,UHL001,Actual,SW,Water,,,Clayton,07060004,River/Stream,,42.756825,-91.563285
6,16220001,Roberts Creek,08/01/2017 09:30:00,AMBBIO,NIT-AMM,Ammonia-nitrogen (AS N),Total,,0.05,mg/l,False,0.05,,,LAC10-107-06-1J,UHL001,Actual,SW,Water,,,Clayton,07060004,River/Stream,,42.963184,-91.461441
6,16220004,Hewitt Creek - Volga # 133,09/02/2014 09:00:00,AMBBIO,NIT-AMM,Ammonia-nitrogen (AS N),Total,,0.05,mg/l,False,0.05,,,LAC10-107-06-1J,UHL001,Actual,SW,Water,,,Clayton,07060004,River/Stream,,42.756825,-91.563285
6,16220004,Hewitt Creek - Volga # 133,08/18/2014 09:00:00,AMBBIO,NIT-AMM,Ammonia-nitrogen (AS N),Total,,0.05,mg/l,False,0.05,,,LAC10-107-06-1J,UHL001,Actual,SW,Water,,,Clayton,07060004,River/Stream,,42.756825,-91.563285
6,16220004,Hewitt Creek - Volga # 133,08/04/2014 08:50:00,AMBBIO,NIT-AMM,Ammonia-nitrogen (AS N),Total,,0.05,mg/l,False,0.05,,,LAC10-107-06-1J,UHL001,Actual,SW,Water,,,Clayton,07060004,River/Stream,,42.756825,-91.563285
6,16220004,Hewitt Creek - Volga # 133,07/21/2014 09:00:00,AMBBIO,NIT-AMM,Ammonia-nitrogen (AS N),Total,,0.05,mg/l,False,0.05,,,LAC10-107-06-1J,UHL001,Actual,SW,Water,,,Clayton,07060004,River/Stream,,42.756825,-91.563285
6,16220004,Hewitt Creek - Volga # 133,07/08/2014 13:00:00,AMBBIO,NIT-AMM,Ammonia-nitrogen (AS N),Total,,0.05,mg/l,False,0.05,,,LAC10-107-06-1J,UHL001,Actual,SW,Water,,,Clayton,07060004,River/Stream,,42.756825,-91.563285
6,16220004,Hewitt Creek - Volga # 133,09/09/2013 12:00:00,AMBBIO,NIT-AMM,Ammonia-nitrogen (AS N),Total,,0.05,mg/l,False,0.05,,,LAC10-107-06-1J,UHL001,Actual,SW,Water,,,Clayton,07060004,River/Stream,,42.756825,-91.563285
6,16220004,Hewitt Creek - Volga # 133,08/14/2013 08:50:00,AMBBIO,NIT-AMM,Ammonia-nitrogen (AS N),Total,,0.05,mg/l,False,0.05,,,LAC10-107-06-1J,UHL001,Actual,SW,Water,,,Clayton,07060004,River/Stream,,42.756825,-91.563285
6,16220004,Hewitt Creek - Volga # 133,08/29/2013 12:30:00,AMBBIO,NIT-AMM,Ammonia-nitrogen (AS N),Total,,0.05,mg/l,False,0.05,,,LAC10-107-06-1J,UHL001,Actual,SW,Water,,,Clayton,07060004,River/Stream,,42.756825,-91.563285
6,16220004,Hewitt Creek - Volga # 133,07/30/2013 09:00:00,AMBBIO,NIT-AMM,Ammonia-nitrogen (AS N),Total,,0.05,mg/l,False,0.05,,,LAC10-107-06-1J,UHL001,Actual,SW,Water,,,Clayton,07060004,River/Stream,,42.756825,-91.563285
6,16220004,Hewitt Creek - Volga # 133,07/16/2013 09:07:00,AMBBIO,NIT-AMM,Ammonia-nitrogen (AS N),Total,,0.05,mg/l,False,0.05,,,LAC10-107-06-1J,UHL001,Actual,SW,Water,,,Clayton,07060004,River/Stream,,42.756825,-91.563285
6,16220007,Volga River - Site 196,07/24/2006 00:00:00,LEGACYREMAP,NIT-AMM,Ammonia-nitrogen (AS N),Total,,0.05,mg/l,False,0.05,,,350.1,UHL001,Actual,SW,Water,,,Clayton,07060004,River/Stream,,42.754989,-91.363441
6,16220004,Hewitt Creek - Volga # 133,07/01/2013 09:00:00,AMBBIO,NIT-AMM,Ammonia-nitrogen (AS N),Total,,0.05,mg/l,False,0.05,,,LAC10-107-06-1J,UHL001,Actual,SW,Water,,,Clayton,07060004,River/Stream,,42.756825,-91.563285
6,16220005,Bear Creek - Edgewood # 155,07/19/2005 00:00:00,LEGACYREMAP,NIT-AMM,Ammonia-nitrogen (AS N),Total,,0.05,mg/l,False,0.05,,,350.1,UHL001,Actual,SW,Water,,,Clayton,07060004,River/Stream,,42.672969,-91.393914
6,16220006,North Cedar Creek - Clayton # 159,07/19/2005 00:00:00,LEGACYREMAP,NIT-AMM,Ammonia-nitrogen (AS N),Total,,0.05,mg/l,False,0.05,,,350.1,UHL001,Actual,SW,Water,,,Clayton,07060003,River/Stream,,42.947107,-91.232895
6,16220006,North Cedar Creek - Clayton # 159,07/26/2005 00:00:00,LEGACYREMAP,NIT-AMM,Ammonia-nitrogen (AS N),Total,,0.05,mg/l,False,0.05,,,350.1,UHL001,Actual,SW,Water,,,Clayton,07060003,River/Stream,,42.947107,-91.232895
6,16220005,Bear Creek - Edgewood # 155,07/26/2005 00:00:00,LEGACYREMAP,NIT-AMM,Ammonia-nitrogen (AS N),Total,,0.05,mg/l,False,0.05,,,350.1,UHL001,Actual,SW,Water,,,Clayton,07060004,River/Stream,,42.672969,-91.393914
6,16220007,Volga River - Site 196,07/11/2006 00:00:00,LEGACYREMAP,NIT-AMM,Ammonia-nitrogen (AS N),Total,,0.05,mg/l,False,0.05,,,350.1,UHL001,Actual,SW,Water,,,Clayton,07060004,River/Stream,,42.754989,-91.363441
6,10220003,Bloody Run Creek Site #1 (BR01),06/04/1996 12:40:00,SNY319,NIT-AMM,Ammonia-nitrogen (as N),Total,,0.1,mg/l,False,0.1,,,Unknown,SNY001,Actual,SW,Water,,,Clayton,07060001,River/Stream,,43.0404991,-91.2055504
6,10220003,Bloody Run Creek Site #1 (BR01),06/11/1996 11:15:00,SNY319,NIT-AMM,Ammonia-nitrogen (as N),Total,,0.1,mg/l,False,0.1,,,Unknown,SNY001,Actual,SW,Water,,,Clayton,07060001,River/Stream,,43.0404991,-91.2055504
6,10220003,Bloody Run Creek Site #1 (BR01),05/21/1996 12:05:00,SNY319,NIT-AMM,Ammonia-nitrogen (as N),Total,,0.1,mg/l,False,0.1,,,Unknown,SNY001,Actual,SW,Water,,,Clayton,07060001,River/Stream,,43.0404991,-91.2055504
6,10220003,Bloody Run Creek Site #1 (BR01),04/23/1996 12:50:00,SNY319,NIT-AMM,Ammonia-nitrogen (as N),Total,,0.1,mg/l,False,0.1,,,Unknown,SNY001,Actual,SW,Water,,,Clayton,07060001,River/Stream,,43.0404991,-91.2055504
6,10220003,Bloody Run Creek Site #1 (BR01),05/14/1996 11:15:00,SNY319,NIT-AMM,Ammonia-nitrogen (as N),Total,,0.1,mg/l,False,0.1,,,Unknown,SNY001,Actual,SW,Water,,,Clayton,07060001,River/Stream,,43.0404991,-91.2055504
6,10220003,Bloody Run Creek Site #1 (BR01),04/30/1996 11:55:00,SNY319,NIT-AMM,Ammonia-nitrogen (as N),Total,,0.1,mg/l,False,0.1,,,Unknown,SNY001,Actual,SW,Water,,,Clayton,07060001,River/Stream,,43.0404991,-91.2055504
6,10220003,Bloody Run Creek Site #1 (BR01),04/09/1996 12:10:00,SNY319,NIT-AMM,Ammonia-nitrogen (as N),Total,,0.1,mg/l,False,0.1,,,Unknown,SNY001,Actual,SW,Water,,,Clayton,07060001,River/Stream,,43.0404991,-91.2055504
6,10220003,Bloody Run Creek Site #1 (BR01),04/02/1996 09:40:00,SNY319,NIT-AMM,Ammonia-nitrogen (as N),Total,,0.1,mg/l,False,0.1,,,Unknown,SNY001,Actual,SW,Water,,,Clayton,07060001,River/Stream,,43.0404991,-91.2055504
6,10220003,Bloody Run Creek Site #1 (BR01),03/19/1996 09:25:00,SNY319,NIT-AMM,Ammonia-nitrogen (as N),Total,,0.1,mg/l,False,0.1,,,Unknown,SNY001,Actual,SW,Water,,,Clayton,07060001,River/Stream,,43.0404991,-91.2055504
6,10220003,Bloody Run Creek Site #1 (BR01),03/12/1996 14:10:00,SNY319,NIT-AMM,Ammonia-nitrogen (as N),Total,,0.2,mg/l,True,0.1,,,Unknown,SNY001,Actual,SW,Water,,,Clayton,07060001,River/Stream,,43.0404991,-91.2055504
6,10220003,Bloody Run Creek Site #1 (BR01),01/30/1996 14:30:00,SNY319,NIT-AMM,Ammonia-nitrogen (as N),Total,,0.1,mg/l,False,0.1,,,Unknown,SNY001,Actual,SW,Water,,,Clayton,07060001,River/Stream,,43.0404991,-91.2055504
6,10220003,Bloody Run Creek Site #1 (BR01),02/20/1996 12:30:00,SNY319,NIT-AMM,Ammonia-nitrogen (as N),Total,,0.5,mg/l,True,0.1,,,Unknown,SNY001,Actual,SW,Water,,,Clayton,07060001,River/Stream,,43.0404991,-91.2055504
6,10220003,Bloody Run Creek Site #1 (BR01),01/09/1996 13:40:00,SNY319,NIT-AMM,Ammonia-nitrogen (as N),Total,,0.1,mg/l,False,0.1,,,Unknown,SNY001,Actual,SW,Water,,,Clayton,07060001,River/Stream,,43.0404991,-91.2055504
6,10220003,Bloody Run Creek Site #1 (BR01),01/02/1996 12:50:00,SNY319,NIT-AMM,Ammonia-nitrogen (as N),Total,,0.1,mg/l,False,0.1,,,Unknown,SNY001,Actual,SW,Water,,,Clayton,07060001,River/Stream,,43.0404991,-91.2055504
6,10220003,Bloody Run Creek Site #1 (BR01),12/26/1995 12:25:00,SNY319,NIT-AMM,Ammonia-nitrogen (as N),Total,,0.1,mg/l,False,0.1,,,Unknown,SNY001,Actual,SW,Water,,,Clayton,07060001,River/Stream,,43.0404991,-91.2055504
6,10220003,Bloody Run Creek Site #1 (BR01),12/19/1995 12:30:00,SNY319,NIT-AMM,Ammonia-nitrogen (as N),Total,,0.1,mg/l,False,0.1,,,Unknown,SNY001,Actual,SW,Water,,,Clayton,07060001,River/Stream,,43.0404991,-91.2055504
6,10220003,Bloody Run Creek Site #1 (BR01),11/28/1995 12:50:00,SNY319,NIT-AMM,Ammonia-nitrogen (as N),Total,,0.1,mg/l,False,0.1,,,Unknown,SNY001,Actual,SW,Water,,,Clayton,07060001,River/Stream,,43.0404991,-91.2055504
6,10220003,Bloody Run Creek Site #1 (BR01),12/05/1995 12:55:00,SNY319,NIT-AMM,Ammonia-nitrogen (as N),Total,,0.1,mg/l,False,0.1,,,Unknown,SNY001,Actual,SW,Water,,,Clayton,07060001,River/Stream,,43.0404991,-91.2055504
6,10220003,Bloody Run Creek Site #1 (BR01),11/14/1995 11:30:00,SNY319,NIT-AMM,Ammonia-nitrogen (as N),Total,,0.1,mg/l,True,0.1,,,Unknown,SNY001,Actual,SW,Water,,,Clayton,07060001,River/Stream,,43.0404991,-91.2055504
6,10220003,Bloody Run Creek Site #1 (BR01),11/07/1995 13:30:00,SNY319,NIT-AMM,Ammonia-nitrogen (as N),Total,,0.1,mg/l,False,0.1,,,Unknown,SNY001,Actual,SW,Water,,,Clayton,07060001,River/Stream,,43.0404991,-91.2055504
6,10220003,Bloody Run Creek Site #1 (BR01),10/17/1995 13:55:00,SNY319,NIT-AMM,Ammonia-nitrogen (as N),Total,,0.1,mg/l,False,0.1,,,Unknown,SNY001,Actual,SW,Water,,,Clayton,07060001,River/Stream,,43.0404991,-91.2055504
6,10220003,Bloody Run Creek Site #1 (BR01),09/25/2001 12:40:00,SNY319,NIT-AMM,Ammonia-nitrogen (as N),Total,,0.05,mg/l,False,0.05,,,Unknown,SNY001,Actual,SW,Water,,,Clayton,07060001,River/Stream,,43.0404991,-91.2055504
6,10220003,Bloody Run Creek Site #1 (BR01),05/01/2001 11:30:00,SNY319,NIT-AMM,Ammonia-nitrogen (as N),Total,,0.1,mg/l,False,0.1,,,Unknown,SNY001,Actual,SW,Water,,,Clayton,07060001,River/Stream,,43.0404991,-91.2055504
6,10220003,Bloody Run Creek Site #1 (BR01),08/07/2001 11:15:00,SNY319,NIT-AMM,Ammonia-nitrogen (as N),Total,,0.1,mg/l,False,0.1,,,Unknown,SNY001,Actual,SW,Water,,,Clayton,07060001,River/Stream,,43.0404991,-91.2055504
6,10220003,Bloody Run Creek Site #1 (BR01),08/14/2001 12:50:00,SNY319,NIT-AMM,Ammonia-nitrogen (as N),Total,,0.1,mg/l,False,0.1,,,Unknown,SNY001,Actual,SW,Water,,,Clayton,07060001,River/Stream,,43.0404991,-91.2055504
6,10220003,Bloody Run Creek Site #1 (BR01),08/28/2001 12:50:00,SNY319,NIT-AMM,Ammonia-nitrogen (as N),Total,,0.01,mg/l,False,0.01,,,Unknown,SNY001,Actual,SW,Water,,,Clayton,07060001,River/Stream,,43.0404991,-91.2055504
6,10220003,Bloody Run Creek Site #1 (BR01),09/04/2001 11:05:00,SNY319,NIT-AMM,Ammonia-nitrogen (as N),Total,,0.01,mg/l,False,0.01,,,Unknown,SNY001,Actual,SW,Water,,,Clayton,07060001,River/Stream,,43.0404991,-91.2055504
6,10220003,Bloody Run Creek Site #1 (BR01),10/10/2000 11:55:00,SNY319,NIT-AMM,Ammonia-nitrogen (as N),Total,,0.1,mg/l,False,0.1,,,Unknown,SNY001,Actual,SW,Water,,,Clayton,07060001,River/Stream,,43.0404991,-91.2055504
6,10220003,Bloody Run Creek Site #1 (BR01),12/26/2000 09:55:00,SNY319,NIT-AMM,Ammonia-nitrogen (as N),Total,,0.1,mg/l,False,0.1,,,Unknown,SNY001,Actual,SW,Water,,,Clayton,07060001,River/Stream,,43.0404991,-91.2055504
6,10220003,Bloody Run Creek Site #1 (BR01),01/02/2001 12:25:00,SNY319,NIT-AMM,Ammonia-nitrogen (as N),Total,,0.1,mg/l,False,0.1,,,Unknown,SNY001,Actual,SW,Water,,,Clayton,07060001,River/Stream,,43.0404991,-91.2055504
6,10220003,Bloody Run Creek Site #1 (BR01),01/23/2001 11:50:00,SNY319,NIT-AMM,Ammonia-nitrogen (as N),Total,,0.1,mg/l,False,0.1,,,Unknown,SNY001,Actual,SW,Water,,,Clayton,07060001,River/Stream,,43.0404991,-91.2055504
6,10220003,Bloody Run Creek Site #1 (BR01),02/06/2001 11:40:00,SNY319,NIT-AMM,Ammonia-nitrogen (as N),Total,,0.1,mg/l,False,0.1,,,Unknown,SNY001,Actual,SW,Water,,,Clayton,07060001,River/Stream,,43.0404991,-91.2055504
6,10220003,Bloody Run Creek Site #1 (BR01),02/27/2001 12:35:00,SNY319,NIT-AMM,Ammonia-nitrogen (as N),Total,,0.1,mg/l,False,0.1,,,Unknown,SNY001,Actual,SW,Water,,,Clayton,07060001,River/Stream,,43.0404991,-91.2055504
6,10220003,Bloody Run Creek Site #1 (BR01),03/06/2001 11:50:00,SNY319,NIT-AMM,Ammonia-nitrogen (as N),Total,,0.1,mg/l,False,0.1,,,Unknown,SNY001,Actual,SW,Water,,,Clayton,07060001,River/Stream,,43.0404991,-91.2055504
6,10220003,Bloody Run Creek Site #1 (BR01),03/27/2001 12:25:00,SNY319,NIT-AMM,Ammonia-nitrogen (as N),Total,,0.1,mg/l,False,0.1,,,Unknown,SNY001,Actual,SW,Water,,,Clayton,07060001,River/Stream,,43.0404991,-91.2055504
6,10220003,Bloody Run Creek Site #1 (BR01),04/03/2001 12:20:00,SNY319,NIT-AMM,Ammonia-nitrogen (as N),Total,,0.1,mg/l,False,0.1,,,Unknown,SNY001,Actual,SW,Water,,,Clayton,07060001,River/Stream,,43.0404991,-91.2055504
6,10220003,Bloody Run Creek Site #1 (BR01),01/09/2001 11:50:00,SNY319,NIT-AMM,Ammonia-nitrogen (as N),Total,,0.1,mg/l,False,0.1,,,Unknown,SNY001,Actual,SW,Water,,,Clayton,07060001,River/Stream,,43.0404991,-91.2055504
6,10220003,Bloody Run Creek Site #1 (BR01),04/24/2001 14:25:00,SNY319,NIT-AMM,Ammonia-nitrogen (as N),Total,,0.1,mg/l,False,0.1,,,Unknown,SNY001,Actual,SW,Water,,,Clayton,07060001,River/Stream,,43.0404991,-91.2055504
6,10220003,Bloody Run Creek Site #1 (BR01),05/15/2001 11:10:00,SNY319,NIT-AMM,Ammonia-nitrogen (as N),Total,,0.1,mg/l,False,0.1,,,Unknown,SNY001,Actual,SW,Water,,,Clayton,07060001,River/Stream,,43.0404991,-91.2055504
6,10220003,Bloody Run Creek Site #1 (BR01),05/22/2001 11:50:00,SNY319,NIT-AMM,Ammonia-nitrogen (as N),Total,,0.1,mg/l,False,0.1,,,Unknown,SNY001,Actual,SW,Water,,,Clayton,07060001,River/Stream,,43.0404991,-91.2055504
6,10220003,Bloody Run Creek Site #1 (BR01),06/12/2001 11:20:00,SNY319,NIT-AMM,Ammonia-nitrogen (as N),Total,,0.1,mg/l,True,0.1,,,Unknown,SNY001,Actual,SW,Water,,,Clayton,07060001,River/Stream,,43.0404991,-91.2055504
6,10220003,Bloody Run Creek Site #1 (BR01),06/19/2001 11:50:00,SNY319,NIT-AMM,Ammonia-nitrogen (as N),Total,,0.1,mg/l,False,0.1,,,Unknown,SNY001,Actual,SW,Water,,,Clayton,07060001,River/Stream,,43.0404991,-91.2055504
6,10220003,Bloody Run Creek Site #1 (BR01),07/10/2001 11:15:00,SNY319,NIT-AMM,Ammonia-nitrogen (as N),Total,,0.1,mg/l,False,0.1,,,Unknown,SNY001,Actual,SW,Water,,,Clayton,07060001,River/Stream,,43.0404991,-91.2055504
6,10220003,Bloody Run Creek Site #1 (BR01),07/17/2001 11:45:00,SNY319,NIT-AMM,Ammonia-nitrogen (as N),Total,,0.1,mg/l,False,0.1,,,Unknown,SNY001,Actual,SW,Water,,,Clayton,07060001,River/Stream,,43.0404991,-91.2055504
6,10220003,Bloody Run Creek Site #1 (BR01),09/26/1995 12:40:00,SNY319,NIT-AMM,Ammonia-nitrogen (as N),Total,,0.1,mg/l,False,0.1,,,Unknown,SNY001,Actual,SW,Water,,,Clayton,07060001,River/Stream,,43.0404991,-91.2055504
6,10220003,Bloody Run Creek Site #1 (BR01),09/12/1995 11:35:00,SNY319,NIT-AMM,Ammonia-nitrogen (as N),Total,,0.1,mg/l,True,0.1,,,Unknown,SNY001,Actual,SW,Water,,,Clayton,07060001,River/Stream,,43.0404991,-91.2055504
6,10220003,Bloody Run Creek Site #1 (BR01),09/05/1995 09:15:00,SNY319,NIT-AMM,Ammonia-nitrogen (as N),Total,,0.1,mg/l,True,0.1,,,Unknown,SNY001,Actual,SW,Water,,,Clayton,07060001,River/Stream,,43.0404991,-91.2055504
6,10220003,Bloody Run Creek Site #1 (BR01),10/15/1996 10:50:00,SNY319,NIT-AMM,Ammonia-nitrogen (as N),Total,,0.1,mg/l,False,0.1,,,Unknown,SNY001,Actual,SW,Water,,,Clayton,07060001,River/Stream,,43.0404991,-91.2055504
6,10220003,Bloody Run Creek Site #1 (BR01),10/22/1996 12:00:00,SNY319,NIT-AMM,Ammonia-nitrogen (as N),Total,,0.1,mg/l,False,0.1,,,Unknown,SNY001,Actual,SW,Water,,,Clayton,07060001,River/Stream,,43.0404991,-91.2055504
6,10220003,Bloody Run Creek Site #1 (BR01),11/12/1996 11:00:00,SNY319,NIT-AMM,Ammonia-nitrogen (as N),Total,,0.1,mg/l,False,0.1,,,Unknown,SNY001,Actual,SW,Water,,,Clayton,07060001,River/Stream,,43.0404991,-91.2055504
6,10220003,Bloody Run Creek Site #1 (BR01),11/19/1996 09:30:00,SNY319,NIT-AMM,Ammonia-nitrogen (as N),Total,,0.1,mg/l,False,0.1,,,Unknown,SNY001,Actual,SW,Water,,,Clayton,07060001,River/Stream,,43.0404991,-91.2055504
6,10220003,Bloody Run Creek Site #1 (BR01),12/03/1996 11:15:00,SNY319,NIT-AMM,Ammonia-nitrogen (as N),Total,,0.1,mg/l,False,0.1,,,Unknown,SNY001,Actual,SW,Water,,,Clayton,07060001,River/Stream,,43.0404991,-91.2055504
6,10220003,Bloody Run Creek Site #1 (BR01),12/10/1996 12:10:00,SNY319,NIT-AMM,Ammonia-nitrogen (as N),Total,,0.1,mg/l,False,0.1,,,Unknown,SNY001,Actual,SW,Water,,,Clayton,07060001,River/Stream,,43.0404991,-91.2055504
6,10220003,Bloody Run Creek Site #1 (BR01),12/30/1996 13:00:00,SNY319,NIT-AMM,Ammonia-nitrogen (as N),Total,,0.1,mg/l,False,0.1,,,Unknown,SNY001,Actual,SW,Water,,,Clayton,07060001,River/Stream,,43.0404991,-91.2055504
6,10220003,Bloody Run Creek Site #1 (BR01),01/07/1997 10:00:00,SNY319,NIT-AMM,Ammonia-nitrogen (as N),Total,,0.2,mg/l,True,0.1,,,Unknown,SNY001,Actual,SW,Water,,,Clayton,07060001,River/Stream,,43.0404991,-91.2055504
6,10220003,Bloody Run Creek Site #1 (BR01),01/14/1997 13:50:00,SNY319,NIT-AMM,Ammonia-nitrogen (as N),Total,,0.1,mg/l,False,0.1,,,Unknown,SNY001,Actual,SW,Water,,,Clayton,07060001,River/Stream,,43.0404991,-91.2055504
6,10220003,Bloody Run Creek Site #1 (BR01),02/04/1997 14:00:00,SNY319,NIT-AMM,Ammonia-nitrogen (as N),Total,,0.1,mg/l,False,0.1,,,Unknown,SNY001,Actual,SW,Water,,,Clayton,07060001,River/Stream,,43.0404991,-91.2055504
6,10220003,Bloody Run Creek Site #1 (BR01),02/11/1997 13:50:00,SNY319,NIT-AMM,Ammonia-nitrogen (as N),Total,,0.1,mg/l,False,0.1,,,Unknown,SNY001,Actual,SW,Water,,,Clayton,07060001,River/Stream,,43.0404991,-91.2055504
6,10220003,Bloody Run Creek Site #1 (BR01),02/25/1997 12:15:00,SNY319,NIT-AMM,Ammonia-nitrogen (as N),Total,,0.4,mg/l,True,0.1,,,Unknown,SNY001,Actual,SW,Water,,,Clayton,07060001,River/Stream,,43.0404991,-91.2055504
6,10220003,Bloody Run Creek Site #1 (BR01),03/04/1997 12:05:00,SNY319,NIT-AMM,Ammonia-nitrogen (as N),Total,,0.2,mg/l,True,0.1,,,Unknown,SNY001,Actual,SW,Water,,,Clayton,07060001,River/Stream,,43.0404991,-91.2055504
6,10220003,Bloody Run Creek Site #1 (BR01),08/22/1995 13:30:00,SNY319,NIT-AMM,Ammonia-nitrogen (as N),Total,,0.1,mg/l,False,0.1,,,Unknown,SNY001,Actual,SW,Water,,,Clayton,07060001,River/Stream,,43.0404991,-91.2055504
6,10220003,Bloody Run Creek Site #1 (BR01),08/15/1995 14:30:00,SNY319,NIT-AMM,Ammonia-nitrogen (as N),Total,,0.2,mg/l,True,0.1,,,Unknown,SNY001,Actual,SW,Water,,,Clayton,07060001,River/Stream,,43.0404991,-91.2055504
6,10220003,Bloody Run Creek Site #1 (BR01),07/04/1995 12:15:00,SNY319,NIT-AMM,Ammonia-nitrogen (as N),Total,,0.1,mg/l,False,0.1,,,Unknown,SNY001,Actual,SW,Water,,,Clayton,07060001,River/Stream,,43.0404991,-91.2055504
6,10220003,Bloody Run Creek Site #1 (BR01),07/25/1995 15:10:00,SNY319,NIT-AMM,Ammonia-nitrogen (as N),Total,,0.1,mg/l,False,0.1,,,Unknown,SNY001,Actual,SW,Water,,,Clayton,07060001,River/Stream,,43.0404991,-91.2055504
6,10220003,Bloody Run Creek Site #1 (BR01),06/13/1995 12:30:00,SNY319,NIT-AMM,Ammonia-nitrogen (as N),Total,,0.1,mg/l,False,0.1,,,Unknown,SNY001,Actual,SW,Water,,,Clayton,07060001,River/Stream,,43.0404991,-91.2055504
6,11220008,Volga River at Littleport (32),07/09/2003 13:30:00,EVENT,NIT-AMM,Ammonia-nitrogen (as N),Total,,0.05,mg/l,False,0.05,,,350.1,UHL001,Actual,SW,Water,,,Clayton,07060004,River/Stream,,42.7536427,-91.3691492
6,11220008,Volga River at Littleport (32),05/13/2003 09:30:00,EVENT,NIT-AMM,Ammonia-nitrogen (as N),Total,,0.05,mg/l,False,0.05,,,350.1,UHL001,Actual,SW,Water,,,Clayton,07060004,River/Stream,,42.7536427,-91.3691492
6,10220003,Bloody Run Creek Site #1 (BR01),03/05/2015 08:40:00,AMBIENT,NIT-AMM,Ammonia-nitrogen (AS N),Total,,0.05,mg/l,False,0.05,,,LAC10-107-06-1J,UHL001,Actual,SW,Water,,,Clayton,07060001,River/Stream,,43.0404991,-91.2055504
6,10220003,Bloody Run Creek Site #1 (BR01),01/14/2015 09:15:00,AMBIENT,NIT-AMM,Ammonia-nitrogen (AS N),Total,,0.05,mg/l,False,0.05,,,LAC10-107-06-1J,UHL001,Actual,SW,Water,,,Clayton,07060001,River/Stream,,43.0404991,-91.2055504
6,10220003,Bloody Run Creek Site #1 (BR01),10/07/2014 12:15:00,AMBIENT,NIT-AMM,Ammonia-nitrogen (AS N),Total,,0.05,mg/l,False,0.05,,,LAC10-107-06-1J,UHL001,Actual,SW,Water,,,Clayton,07060001,River/Stream,,43.0404991,-91.2055504
6,10220003,Bloody Run Creek Site #1 (BR01),07/05/2012 09:15:00,AMBIENT,NIT-AMM,Ammonia-nitrogen (as N),Total,,0.05,mg/l,False,0.05,,,LAC10-107-06-1J,UHL001,Actual,SW,Water,,,Clayton,07060001,River/Stream,,43.0404991,-91.2055504
6,10220003,Bloody Run Creek Site #1 (BR01),11/03/2014 08:30:00,AMBIENT,NIT-AMM,Ammonia-nitrogen (AS N),Total,,0.05,mg/l,False,0.05,,,LAC10-107-06-1J,UHL001,Actual,SW,Water,,,Clayton,07060001,River/Stream,,43.0404991,-91.2055504
6,10220003,Bloody Run Creek Site #1 (BR01),03/25/1997 12:30:00,SNY319,NIT-AMM,Ammonia-nitrogen (as N),Total,,0.1,mg/l,False,0.1,,,Unknown,SNY001,Actual,SW,Water,,,Clayton,07060001,River/Stream,,43.0404991,-91.2055504
6,10220003,Bloody Run Creek Site #1 (BR01),04/01/1997 11:35:00,SNY319,NIT-AMM,Ammonia-nitrogen (as N),Total,,0.1,mg/l,False,0.1,,,Unknown,SNY001,Actual,SW,Water,,,Clayton,07060001,River/Stream,,43.0404991,-91.2055504
6,10220003,Bloody Run Creek Site #1 (BR01),04/22/1997 11:20:00,SNY319,NIT-AMM,Ammonia-nitrogen (as N),Total,,0.1,mg/l,False,0.1,,,Unknown,SNY001,Actual,SW,Water,,,Clayton,07060001,River/Stream,,43.0404991,-91.2055504
6,10220003,Bloody Run Creek Site #1 (BR01),04/29/1997 12:25:00,SNY319,NIT-AMM,Ammonia-nitrogen (as N),Total,,0.1,mg/l,False,0.1,,,Unknown,SNY001,Actual,SW,Water,,,Clayton,07060001,River/Stream,,43.0404991,-91.2055504
6,10220003,Bloody Run Creek Site #1 (BR01),05/20/1997 11:50:00,SNY319,NIT-AMM,Ammonia-nitrogen (as N),Total,,0.1,mg/l,False,0.1,,,Unknown,SNY001,Actual,SW,Water,,,Clayton,07060001,River/Stream,,43.0404991,-91.2055504
6,10220003,Bloody Run Creek Site #1 (BR01),05/26/1997 13:35:00,SNY319,NIT-AMM,Ammonia-nitrogen (as N),Total,,0.1,mg/l,False,0.1,,,Unknown,SNY001,Actual,SW,Water,,,Clayton,07060001,River/Stream,,43.0404991,-91.2055504
6,10220003,Bloody Run Creek Site #1 (BR01),06/10/1997 11:35:00,SNY319,NIT-AMM,Ammonia-nitrogen (as N),Total,,0.1,mg/l,False,0.1,,,Unknown,SNY001,Actual,SW,Water,,,Clayton,07060001,River/Stream,,43.0404991,-91.2055504
6,10220003,Bloody Run Creek Site #1 (BR01),06/17/1997 12:30:00,SNY319,NIT-AMM,Ammonia-nitrogen (as N),Total,,0.1,mg/l,False,0.1,,,Unknown,SNY001,Actual,SW,Water,,,Clayton,07060001,River/Stream,,43.0404991,-91.2055504
6,10220003,Bloody Run Creek Site #1 (BR01),07/08/1997 12:05:00,SNY319,NIT-AMM,Ammonia-nitrogen (as N),Total,,0.1,mg/l,False,0.1,,,Unknown,SNY001,Actual,SW,Water,,,Clayton,07060001,River/Stream,,43.0404991,-91.2055504
6,10220003,Bloody Run Creek Site #1 (BR01),07/15/1997 12:10:00,SNY319,NIT-AMM,Ammonia-nitrogen (as N),Total,,0.1,mg/l,False,0.1,,,Unknown,SNY001,Actual,SW,Water,,,Clayton,07060001,River/Stream,,43.0404991,-91.2055504
6,10220003,Bloody Run Creek Site #1 (BR01),08/05/1997 11:55:00,SNY319,NIT-AMM,Ammonia-nitrogen (as N),Total,,0.1,mg/l,False,0.1,,,Unknown,SNY001,Actual,SW,Water,,,Clayton,07060001,River/Stream,,43.0404991,-91.2055504
6,10220003,Bloody Run Creek Site #1 (BR01),08/12/1997 12:40:00,SNY319,NIT-AMM,Ammonia-nitrogen (as N),Total,,0.1,mg/l,False,0.1,,,Unknown,SNY001,Actual,SW,Water,,,Clayton,07060001,River/Stream,,43.0404991,-91.2055504
6,10220003,Bloody Run Creek Site #1 (BR01),09/02/1997 11:40:00,SNY319,NIT-AMM,Ammonia-nitrogen (as N),Total,,0.1,mg/l,False,0.1,,,Unknown,SNY001,Actual,SW,Water,,,Clayton,07060001,River/Stream,,43.0404991,-91.2055504
6,10220003,Bloody Run Creek Site #1 (BR01),09/09/1997 11:25:00,SNY319,NIT-AMM,Ammonia-nitrogen (as N),Total,,0.1,mg/l,False,0.1,,,Unknown,SNY001,Actual,SW,Water,,,Clayton,07060001,River/Stream,,43.0404991,-91.2055504
6,10220003,Bloody Run Creek Site #1 (BR01),09/30/1997 11:40:00,SNY319,NIT-AMM,Ammonia-nitrogen (as N),Total,,0.1,mg/l,False,0.1,,,Unknown,SNY001,Actual,SW,Water,,,Clayton,07060001,River/Stream,,43.0404991,-91.2055504
6,10220003,Bloody Run Creek Site #1 (BR01),10/07/1997 10:00:00,SNY319,NIT-AMM,Ammonia-nitrogen (as N),Total,,0.1,mg/l,False,0.1,,,Unknown,SNY001,Actual,SW,Water,,,Clayton,07060001,River/Stream,,43.0404991,-91.2055504
6,10220003,Bloody Run Creek Site #1 (BR01),10/28/1997 09:25:00,SNY319,NIT-AMM,Ammonia-nitrogen (as N),Total,,0.1,mg/l,False,0.1,,,Unknown,SNY001,Actual,SW,Water,,,Clayton,07060001,River/Stream,,43.0404991,-91.2055504
6,10220003,Bloody Run Creek Site #1 (BR01),11/04/1997 10:00:00,SNY319,NIT-AMM,Ammonia-nitrogen (as N),Total,,0.1,mg/l,False,0.1,,,Unknown,SNY001,Actual,SW,Water,,,Clayton,07060001,River/Stream,,43.0404991,-91.2055504
6,10220003,Bloody Run Creek Site #1 (BR01),11/25/1997 12:10:00,SNY319,NIT-AMM,Ammonia-nitrogen (as N),Total,,0.1,mg/l,False,0.1,,,Unknown,SNY001,Actual,SW,Water,,,Clayton,07060001,River/Stream,,43.0404991,-91.2055504
6,10220003,Bloody Run Creek Site #1 (BR01),12/02/1997 10:00:00,SNY319,NIT-AMM,Ammonia-nitrogen (as N),Total,,0.1,mg/l,False,0.1,,,Unknown,SNY001,Actual,SW,Water,,,Clayton,07060001,River/Stream,,43.0404991,-91.2055504
6,10220003,Bloody Run Creek Site #1 (BR01),12/23/1997 12:05:00,SNY319,NIT-AMM,Ammonia-nitrogen (as N),Total,,0.1,mg/l,False,0.1,,,Unknown,SNY001,Actual,SW,Water,,,Clayton,07060001,River/Stream,,43.0404991,-91.2055504
6,10220003,Bloody Run Creek Site #1 (BR01),12/30/1997 13:20:00,SNY319,NIT-AMM,Ammonia-nitrogen (as N),Total,,0.1,mg/l,False,0.1,,,Unknown,SNY001,Actual,SW,Water,,,Clayton,07060001,River/Stream,,43.0404991,-91.2055504
6,10220003,Bloody Run Creek Site #1 (BR01),01/06/1998 10:00:00,SNY319,NIT-AMM,Ammonia-nitrogen (as N),Total,,0.1,mg/l,False,0.1,,,Unknown,SNY001,Actual,SW,Water,,,Clayton,07060001,River/Stream,,43.0404991,-91.2055504
6,10220003,Bloody Run Creek Site #1 (BR01),01/13/1998 11:20:00,SNY319,NIT-AMM,Ammonia-nitrogen (as N),Total,,0.1,mg/l,False,0.1,,,Unknown,SNY001,Actual,SW,Water,,,Clayton,07060001,River/Stream,,43.0404991,-91.2055504
6,10220003,Bloody Run Creek Site #1 (BR01),02/03/1998 11:40:00,SNY319,NIT-AMM,Ammonia-nitrogen (as N),Total,,0.1,mg/l,False,0.1,,,Unknown,SNY001,Actual,SW,Water,,,Clayton,07060001,River/Stream,,43.0404991,-91.2055504
6,10220003,Bloody Run Creek Site #1 (BR01),02/09/1998 12:00:00,SNY319,NIT-AMM,Ammonia-nitrogen (as N),Total,,0.1,mg/l,False,0.1,,,Unknown,SNY001,Actual,SW,Water,,,Clayton,07060001,River/Stream,,43.0404991,-91.2055504
6,10220003,Bloody Run Creek Site #1 (BR01),03/03/1998 13:20:00,SNY319,NIT-AMM,Ammonia-nitrogen (as N),Total,,0.1,mg/l,False,0.1,,,Unknown,SNY001,Actual,SW,Water,,,Clayton,07060001,River/Stream,,43.0404991,-91.2055504
6,10220003,Bloody Run Creek Site #1 (BR01),03/10/1998 12:40:00,SNY319,NIT-AMM,Ammonia-nitrogen (as N),Total,,0.1,mg/l,False,0.1,,,Unknown,SNY001,Actual,SW,Water,,,Clayton,07060001,River/Stream,,43.0404991,-91.2055504
6,10220003,Bloody Run Creek Site #1 (BR01),03/31/1998 13:10:00,SNY319,NIT-AMM,Ammonia-nitrogen (as N),Total,,0.2,mg/l,True,0.1,,,Unknown,SNY001,Actual,SW,Water,,,Clayton,07060001,River/Stream,,43.0404991,-91.2055504
6,10220003,Bloody Run Creek Site #1 (BR01),04/07/1998 11:45:00,SNY319,NIT-AMM,Ammonia-nitrogen (as N),Total,,0.1,mg/l,True,0.1,,,Unknown,SNY001,Actual,SW,Water,,,Clayton,07060001,River/Stream,,43.0404991,-91.2055504
6,10220003,Bloody Run Creek Site #1 (BR01),04/28/1998 13:40:00,SNY319,NIT-AMM,Ammonia-nitrogen (as N),Total,,0.1,mg/l,False,0.1,,,Unknown,SNY001,Actual,SW,Water,,,Clayton,07060001,River/Stream,,43.0404991,-91.2055504
6,10220003,Bloody Run Creek Site #1 (BR01),05/05/1998 13:50:00,SNY319,NIT-AMM,Ammonia-nitrogen (as N),Total,,0.1,mg/l,False,0.1,,,Unknown,SNY001,Actual,SW,Water,,,Clayton,07060001,River/Stream,,43.0404991,-91.2055504
6,10220003,Bloody Run Creek Site #1 (BR01),05/19/1998 12:00:00,SNY319,NIT-AMM,Ammonia-nitrogen (as N),Total,,0.1,mg/l,False,0.1,,,Unknown,SNY001,Actual,SW,Water,,,Clayton,07060001,River/Stream,,43.0404991,-91.2055504
6,10220003,Bloody Run Creek Site #1 (BR01),05/26/1998 12:10:00,SNY319,NIT-AMM,Ammonia-nitrogen (as N),Total,,0.1,mg/l,False,0.1,,,Unknown,SNY001,Actual,SW,Water,,,Clayton,07060001,River/Stream,,43.0404991,-91.2055504
6,10220003,Bloody Run Creek Site #1 (BR01),06/16/1998 12:25:00,SNY319,NIT-AMM,Ammonia-nitrogen (as N),Total,,0.1,mg/l,False,0.1,,,Unknown,SNY001,Actual,SW,Water,,,Clayton,07060001,River/Stream,,43.0404991,-91.2055504
6,10220003,Bloody Run Creek Site #1 (BR01),06/23/1998 11:50:00,SNY319,NIT-AMM,Ammonia-nitrogen (as N),Total,,0.1,mg/l,False,0.1,,,Unknown,SNY001,Actual,SW,Water,,,Clayton,07060001,River/Stream,,43.0404991,-91.2055504
6,10220003,Bloody Run Creek Site #1 (BR01),07/14/1998 12:35:00,SNY319,NIT-AMM,Ammonia-nitrogen (as N),Total,,0.1,mg/l,False,0.1,,,Unknown,SNY001,Actual,SW,Water,,,Clayton,07060001,River/Stream,,43.0404991,-91.2055504
6,10220003,Bloody Run Creek Site #1 (BR01),07/21/1998 12:30:00,SNY319,NIT-AMM,Ammonia-nitrogen (as N),Total,,0.1,mg/l,False,0.1,,,Unknown,SNY001,Actual,SW,Water,,,Clayton,07060001,River/Stream,,43.0404991,-91.2055504
6,10220003,Bloody Run Creek Site #1 (BR01),08/11/1998 12:40:00,SNY319,NIT-AMM,Ammonia-nitrogen (as N),Total,,0.1,mg/l,False,0.1,,,Unknown,SNY001,Actual,SW,Water,,,Clayton,07060001,River/Stream,,43.0404991,-91.2055504
6,10220003,Bloody Run Creek Site #1 (BR01),08/18/1998 12:00:00,SNY319,NIT-AMM,Ammonia-nitrogen (as N),Total,,0.1,mg/l,False,0.1,,,Unknown,SNY001,Actual,SW,Water,,,Clayton,07060001,River/Stream,,43.0404991,-91.2055504
6,10220003,Bloody Run Creek Site #1 (BR01),09/01/1998 12:35:00,SNY319,NIT-AMM,Ammonia-nitrogen (as N),Total,,0.1,mg/l,False,0.1,,,Unknown,SNY001,Actual,SW,Water,,,Clayton,07060001,River/Stream,,43.0404991,-91.2055504
6,10220003,Bloody Run Creek Site #1 (BR01),09/08/1998 14:45:00,SNY319,NIT-AMM,Ammonia-nitrogen (as N),Total,,0.1,mg/l,False,0.1,,,Unknown,SNY001,Actual,SW,Water,,,Clayton,07060001,River/Stream,,43.0404991,-91.2055504
6,10220003,Bloody Run Creek Site #1 (BR01),09/29/1998 12:20:00,SNY319,NIT-AMM,Ammonia-nitrogen (as N),Total,,0.1,mg/l,False,0.1,,,Unknown,SNY001,Actual,SW,Water,,,Clayton,07060001,River/Stream,,43.0404991,-91.2055504
6,10220003,Bloody Run Creek Site #1 (BR01),11/10/1998 12:40:00,SNY319,NIT-AMM,Ammonia-nitrogen (as N),Total,,0.1,mg/l,False,0.1,,,Unknown,SNY001,Actual,SW,Water,,,Clayton,07060001,River/Stream,,43.0404991,-91.2055504
6,10220003,Bloody Run Creek Site #1 (BR01),11/17/1998 12:50:00,SNY319,NIT-AMM,Ammonia-nitrogen (as N),Total,,0.1,mg/l,False,0.1,,,Unknown,SNY001,Actual,SW,Water,,,Clayton,07060001,River/Stream,,43.0404991,-91.2055504
6,10220003,Bloody Run Creek Site #1 (BR01),11/24/1998 11:25:00,SNY319,NIT-AMM,Ammonia-nitrogen (as N),Total,,0.1,mg/l,False,0.1,,,Unknown,SNY001,Actual,SW,Water,,,Clayton,07060001,River/Stream,,43.0404991,-91.2055504
6,10220003,Bloody Run Creek Site #1 (BR01),12/22/1998 11:25:00,SNY319,NIT-AMM,Ammonia-nitrogen (as N),Total,,0.1,mg/l,False,0.1,,,Unknown,SNY001,Actual,SW,Water,,,Clayton,07060001,River/Stream,,43.0404991,-91.2055504
6,10220003,Bloody Run Creek Site #1 (BR01),12/29/1998 13:45:00,SNY319,NIT-AMM,Ammonia-nitrogen (as N),Total,,0.1,mg/l,False,0.1,,,Unknown,SNY001,Actual,SW,Water,,,Clayton,07060001,River/Stream,,43.0404991,-91.2055504
6,10220003,Bloody Run Creek Site #1 (BR01),01/12/1999 12:15:00,SNY319,NIT-AMM,Ammonia-nitrogen (as N),Total,,0.1,mg/l,False,0.1,,,Unknown,SNY001,Actual,SW,Water,,,Clayton,07060001,River/Stream,,43.0404991,-91.2055504
6,10220003,Bloody Run Creek Site #1 (BR01),01/19/1999 13:00:00,SNY319,NIT-AMM,Ammonia-nitrogen (as N),Total,,0.1,mg/l,False,0.1,,,Unknown,SNY001,Actual,SW,Water,,,Clayton,07060001,River/Stream,,43.0404991,-91.2055504
6,10220003,Bloody Run Creek Site #1 (BR01),02/16/1999 11:25:00,SNY319,NIT-AMM,Ammonia-nitrogen (as N),Total,,0.1,mg/l,False,0.1,,,Unknown,SNY001,Actual,SW,Water,,,Clayton,07060001,River/Stream,,43.0404991,-91.2055504
6,10220003,Bloody Run Creek Site #1 (BR01),02/23/1999 12:30:00,SNY319,NIT-AMM,Ammonia-nitrogen (as N),Total,,0.1,mg/l,False,0.1,,,Unknown,SNY001,Actual,SW,Water,,,Clayton,07060001,River/Stream,,43.0404991,-91.2055504
6,10220003,Bloody Run Creek Site #1 (BR01),03/23/1999 11:20:00,SNY319,NIT-AMM,Ammonia-nitrogen (as N),Total,,0.1,mg/l,False,0.1,,,Unknown,SNY001,Actual,SW,Water,,,Clayton,07060001,River/Stream,,43.0404991,-91.2055504
6,10220003,Bloody Run Creek Site #1 (BR01),03/30/1999 12:25:00,SNY319,NIT-AMM,Ammonia-nitrogen (as N),Total,,0.1,mg/l,False,0.1,,,Unknown,SNY001,Actual,SW,Water,,,Clayton,07060001,River/Stream,,43.0404991,-91.2055504
6,10220003,Bloody Run Creek Site #1 (BR01),04/06/1999 11:15:00,SNY319,NIT-AMM,Ammonia-nitrogen (as N),Total,,0.1,mg/l,False,0.1,,,Unknown,SNY001,Actual,SW,Water,,,Clayton,07060001,River/Stream,,43.0404991,-91.2055504
6,10220003,Bloody Run Creek Site #1 (BR01),05/04/1999 10:50:00,SNY319,NIT-AMM,Ammonia-nitrogen (as N),Total,,0.1,mg/l,False,0.1,,,Unknown,SNY001,Actual,SW,Water,,,Clayton,07060001,River/Stream,,43.0404991,-91.2055504
6,10220003,Bloody Run Creek Site #1 (BR01),05/11/1999 11:05:00,SNY319,NIT-AMM,Ammonia-nitrogen (as N),Total,,0.1,mg/l,False,0.1,,,Unknown,SNY001,Actual,SW,Water,,,Clayton,07060001,River/Stream,,43.0404991,-91.2055504
6,10220003,Bloody Run Creek Site #1 (BR01),06/08/1999 11:35:00,SNY319,NIT-AMM,Ammonia-nitrogen (as N),Total,,0.1,mg/l,False,0.1,,,Unknown,SNY001,Actual,SW,Water,,,Clayton,07060001,River/Stream,,43.0404991,-91.2055504
6,10220003,Bloody Run Creek Site #1 (BR01),06/15/1999 11:40:00,SNY319,NIT-AMM,Ammonia-nitrogen (as N),Total,,0.1,mg/l,False,0.1,,,Unknown,SNY001,Actual,SW,Water,,,Clayton,07060001,River/Stream,,43.0404991,-91.2055504
6,10220003,Bloody Run Creek Site #1 (BR01),06/22/1999 12:15:00,SNY319,NIT-AMM,Ammonia-nitrogen (as N),Total,,0.1,mg/l,False,0.1,,,Unknown,SNY001,Actual,SW,Water,,,Clayton,07060001,River/Stream,,43.0404991,-91.2055504
6,10220003,Bloody Run Creek Site #1 (BR01),07/27/1999 12:05:00,SNY319,NIT-AMM,Ammonia-nitrogen (as N),Total,,0.1,mg/l,True,0.1,,,Unknown,SNY001,Actual,SW,Water,,,Clayton,07060001,River/Stream,,43.0404991,-91.2055504
6,10220003,Bloody Run Creek Site #1 (BR01),08/03/1999 11:30:00,SNY319,NIT-AMM,Ammonia-nitrogen (as N),Total,,0.1,mg/l,False,0.1,,,Unknown,SNY001,Actual,SW,Water,,,Clayton,07060001,River/Stream,,43.0404991,-91.2055504
6,10220003,Bloody Run Creek Site #1 (BR01),08/10/1999 11:45:00,SNY319,NIT-AMM,Ammonia-nitrogen (as N),Total,,0.1,mg/l,False,0.1,,,Unknown,SNY001,Actual,SW,Water,,,Clayton,07060001,River/Stream,,43.0404991,-91.2055504
6,10220003,Bloody Run Creek Site #1 (BR01),09/07/1999 13:15:00,SNY319,NIT-AMM,Ammonia-nitrogen (as N),Total,,0.1,mg/l,False,0.1,,,Unknown,SNY001,Actual,SW,Water,,,Clayton,07060001,River/Stream,,43.0404991,-91.2055504
6,10220003,Bloody Run Creek Site #1 (BR01),09/14/1999 11:05:00,SNY319,NIT-AMM,Ammonia-nitrogen (as N),Total,,0.1,mg/l,False,0.1,,,Unknown,SNY001,Actual,SW,Water,,,Clayton,07060001,River/Stream,,43.0404991,-91.2055504
6,10220003,Bloody Run Creek Site #1 (BR01),09/21/1999 12:35:00,SNY319,NIT-AMM,Ammonia-nitrogen (as N),Total,,0.1,mg/l,False,0.1,,,Unknown,SNY001,Actual,SW,Water,,,Clayton,07060001,River/Stream,,43.0404991,-91.2055504
6,10220003,Bloody Run Creek Site #1 (BR01),10/19/1999 12:30:00,SNY319,NIT-AMM,Ammonia-nitrogen (as N),Total,,0.1,mg/l,False,0.1,,,Unknown,SNY001,Actual,SW,Water,,,Clayton,07060001,River/Stream,,43.0404991,-91.2055504
6,10220003,Bloody Run Creek Site #1 (BR01),11/09/1999 12:20:00,SNY319,NIT-AMM,Ammonia-nitrogen (as N),Total,,0.1,mg/l,False,0.1,,,Unknown,SNY001,Actual,SW,Water,,,Clayton,07060001,River/Stream,,43.0404991,-91.2055504
6,10220003,Bloody Run Creek Site #1 (BR01),11/16/1999 12:00:00,SNY319,NIT-AMM,Ammonia-nitrogen (as N),Total,,0.1,mg/l,False,0.1,,,Unknown,SNY001,Actual,SW,Water,,,Clayton,07060001,River/Stream,,43.0404991,-91.2055504
6,10220003,Bloody Run Creek Site #1 (BR01),12/07/1999 12:20:00,SNY319,NIT-AMM,Ammonia-nitrogen (as N),Total,,0.1,mg/l,False,0.1,,,Unknown,SNY001,Actual,SW,Water,,,Clayton,07060001,River/Stream,,43.0404991,-91.2055504
6,10220003,Bloody Run Creek Site #1 (BR01),10/26/1999 12:30:00,SNY319,NIT-AMM,Ammonia-nitrogen (as N),Total,,0.1,mg/l,False,0.1,,,Unknown,SNY001,Actual,SW,Water,,,Clayton,07060001,River/Stream,,43.0404991,-91.2055504
6,10220003,Bloody Run Creek Site #1 (BR01),12/14/1999 12:00:00,SNY319,NIT-AMM,Ammonia-nitrogen (as N),Total,,0.1,mg/l,False,0.1,,,Unknown,SNY001,Actual,SW,Water,,,Clayton,07060001,River/Stream,,43.0404991,-91.2055504
6,10220003,Bloody Run Creek Site #1 (BR01),01/04/2000 12:00:00,SNY319,NIT-AMM,Ammonia-nitrogen (as N),Total,,0.1,mg/l,False,0.1,,,Unknown,SNY001,Actual,SW,Water,,,Clayton,07060001,River/Stream,,43.0404991,-91.2055504
6,10220003,Bloody Run Creek Site #1 (BR01),01/11/2000 13:15:00,SNY319,NIT-AMM,Ammonia-nitrogen (as N),Total,,0.1,mg/l,False,0.1,,,Unknown,SNY001,Actual,SW,Water,,,Clayton,07060001,River/Stream,,43.0404991,-91.2055504
6,10220003,Bloody Run Creek Site #1 (BR01),02/01/2000 12:00:00,SNY319,NIT-AMM,Ammonia-nitrogen (as N),Total,,0.1,mg/l,False,0.1,,,Unknown,SNY001,Actual,SW,Water,,,Clayton,07060001,River/Stream,,43.0404991,-91.2055504
6,10220003,Bloody Run Creek Site #1 (BR01),02/08/2000 12:20:00,SNY319,NIT-AMM,Ammonia-nitrogen (as N),Total,,0.1,mg/l,False,0.1,,,Unknown,SNY001,Actual,SW,Water,,,Clayton,07060001,River/Stream,,43.0404991,-91.2055504
6,10220003,Bloody Run Creek Site #1 (BR01),02/29/2000 12:30:00,SNY319,NIT-AMM,Ammonia-nitrogen (as N),Total,,0.1,mg/l,False,0.1,,,Unknown,SNY001,Actual,SW,Water,,,Clayton,07060001,River/Stream,,43.0404991,-91.2055504
6,10220003,Bloody Run Creek Site #1 (BR01),03/07/2000 11:25:00,SNY319,NIT-AMM,Ammonia-nitrogen (as N),Total,,0.1,mg/l,False,0.1,,,Unknown,SNY001,Actual,SW,Water,,,Clayton,07060001,River/Stream,,43.0404991,-91.2055504
6,10220003,Bloody Run Creek Site #1 (BR01),03/21/2000 12:00:00,SNY319,NIT-AMM,Ammonia-nitrogen (as N),Total,,0.1,mg/l,False,0.1,,,Unknown,SNY001,Actual,SW,Water,,,Clayton,07060001,River/Stream,,43.0404991,-91.2055504
6,10220003,Bloody Run Creek Site #1 (BR01),03/28/2000 13:15:00,SNY319,NIT-AMM,Ammonia-nitrogen (as N),Total,,0.1,mg/l,False,0.1,,,Unknown,SNY001,Actual,SW,Water,,,Clayton,07060001,River/Stream,,43.0404991,-91.2055504
6,10220003,Bloody Run Creek Site #1 (BR01),04/18/2000 11:30:00,SNY319,NIT-AMM,Ammonia-nitrogen (as N),Total,,0.2,mg/l,True,0.1,,,Unknown,SNY001,Actual,SW,Water,,,Clayton,07060001,River/Stream,,43.0404991,-91.2055504
6,10220003,Bloody Run Creek Site #1 (BR01),04/25/2000 13:10:00,SNY319,NIT-AMM,Ammonia-nitrogen (as N),Total,,0.1,mg/l,False,0.1,,,Unknown,SNY001,Actual,SW,Water,,,Clayton,07060001,River/Stream,,43.0404991,-91.2055504
6,10220003,Bloody Run Creek Site #1 (BR01),05/16/2000 11:35:00,SNY319,NIT-AMM,Ammonia-nitrogen (as N),Total,,0.1,mg/l,False,0.1,,,Unknown,SNY001,Actual,SW,Water,,,Clayton,07060001,River/Stream,,43.0404991,-91.2055504
6,10220003,Bloody Run Creek Site #1 (BR01),05/23/2000 12:10:00,SNY319,NIT-AMM,Ammonia-nitrogen (as N),Total,,0.1,mg/l,False,0.1,,,Unknown,SNY001,Actual,SW,Water,,,Clayton,07060001,River/Stream,,43.0404991,-91.2055504
6,10220003,Bloody Run Creek Site #1 (BR01),06/13/2000 12:55:00,SNY319,NIT-AMM,Ammonia-nitrogen (as N),Total,,0.1,mg/l,False,0.1,,,Unknown,SNY001,Actual,SW,Water,,,Clayton,07060001,River/Stream,,43.0404991,-91.2055504
6,10220003,Bloody Run Creek Site #1 (BR01),06/20/2000 11:40:00,SNY319,NIT-AMM,Ammonia-nitrogen (as N),Total,,0.1,mg/l,False,0.1,,,Unknown,SNY001,Actual,SW,Water,,,Clayton,07060001,River/Stream,,43.0404991,-91.2055504
6,10220003,Bloody Run Creek Site #1 (BR01),04/04/2000 12:00:00,SNY319,NIT-AMM,Ammonia-nitrogen (as N),Total,,0.1,mg/l,False,0.1,,,Unknown,SNY001,Actual,SW,Water,,,Clayton,07060001,River/Stream,,43.0404991,-91.2055504
6,10220003,Bloody Run Creek Site #1 (BR01),07/11/2000 11:50:00,SNY319,NIT-AMM,Ammonia-nitrogen (as N),Total,,0.1,mg/l,True,0.1,,,Unknown,SNY001,Actual,SW,Water,,,Clayton,07060001,River/Stream,,43.0404991,-91.2055504
6,10220003,Bloody Run Creek Site #1 (BR01),07/18/2000 12:15:00,SNY319,NIT-AMM,Ammonia-nitrogen (as N),Total,,0.1,mg/l,False,0.1,,,Unknown,SNY001,Actual,SW,Water,,,Clayton,07060001,River/Stream,,43.0404991,-91.2055504
6,10220003,Bloody Run Creek Site #1 (BR01),08/01/2000 13:10:00,SNY319,NIT-AMM,Ammonia-nitrogen (as N),Total,,0.1,mg/l,False,0.1,,,Unknown,SNY001,Actual,SW,Water,,,Clayton,07060001,River/Stream,,43.0404991,-91.2055504
6,10220003,Bloody Run Creek Site #1 (BR01),08/08/2000 11:45:00,SNY319,NIT-AMM,Ammonia-nitrogen (as N),Total,,0.1,mg/l,False,0.1,,,Unknown,SNY001,Actual,SW,Water,,,Clayton,07060001,River/Stream,,43.0404991,-91.2055504
6,10220003,Bloody Run Creek Site #1 (BR01),08/29/2000 13:00:00,SNY319,NIT-AMM,Ammonia-nitrogen (as N),Total,,0.1,mg/l,False,0.1,,,Unknown,SNY001,Actual,SW,Water,,,Clayton,07060001,River/Stream,,43.0404991,-91.2055504
6,10220003,Bloody Run Creek Site #1 (BR01),09/05/2000 11:35:00,SNY319,NIT-AMM,Ammonia-nitrogen (as N),Total,,0.1,mg/l,False,0.1,,,Unknown,SNY001,Actual,SW,Water,,,Clayton,07060001,River/Stream,,43.0404991,-91.2055504
6,10220003,Bloody Run Creek Site #1 (BR01),09/26/2000 12:55:00,SNY319,NIT-AMM,Ammonia-nitrogen (as N),Total,,0.1,mg/l,False,0.1,,,Unknown,SNY001,Actual,SW,Water,,,Clayton,07060001,River/Stream,,43.0404991,-91.2055504
6,10220003,Bloody Run Creek Site #1 (BR01),10/03/2000 11:50:00,SNY319,NIT-AMM,Ammonia-nitrogen (as N),Total,,0.1,mg/l,False,0.1,,,Unknown,SNY001,Actual,SW,Water,,,Clayton,07060001,River/Stream,,43.0404991,-91.2055504
6,10220003,Bloody Run Creek Site #1 (BR01),10/24/2000 12:30:00,SNY319,NIT-AMM,Ammonia-nitrogen (as N),Total,,0.1,mg/l,False,0.1,,,Unknown,SNY001,Actual,SW,Water,,,Clayton,07060001,River/Stream,,43.0404991,-91.2055504
6,10220003,Bloody Run Creek Site #1 (BR01),10/31/2000 12:20:00,SNY319,NIT-AMM,Ammonia-nitrogen (as N),Total,,0.1,mg/l,False,0.1,,,Unknown,SNY001,Actual,SW,Water,,,Clayton,07060001,River/Stream,,43.0404991,-91.2055504
6,10220003,Bloody Run Creek Site #1 (BR01),11/21/2000 12:25:00,SNY319,NIT-AMM,Ammonia-nitrogen (as N),Total,,0.1,mg/l,False,0.1,,,Unknown,SNY001,Actual,SW,Water,,,Clayton,07060001,River/Stream,,43.0404991,-91.2055504
6,10220003,Bloody Run Creek Site #1 (BR01),11/28/2000 12:45:00,SNY319,NIT-AMM,Ammonia-nitrogen (as N),Total,,0.1,mg/l,False,0.1,,,Unknown,SNY001,Actual,SW,Water,,,Clayton,07060001,River/Stream,,43.0404991,-91.2055504
6,10220003,Bloody Run Creek Site #1 (BR01),12/19/2000 13:35:00,SNY319,NIT-AMM,Ammonia-nitrogen (as N),Total,,0.1,mg/l,False,0.1,,,Unknown,SNY001,Actual,SW,Water,,,Clayton,07060001,River/Stream,,43.0404991,-91.2055504
6,10220003,Bloody Run Creek Site #1 (BR01),01/06/2010 10:15:00,AMBIENT,NIT-AMM,Ammonia-nitrogen (as N),Total,,0.05,mg/l,False,0.05,,,350.1,UHL001,Actual,SW,Water,,,Clayton,07060001,River/Stream,,43.0404991,-91.2055504
6,10220003,Bloody Run Creek Site #1 (BR01),12/03/2009 10:10:00,AMBIENT,NIT-AMM,Ammonia-nitrogen (as N),Total,,0.05,mg/l,False,0.05,,,350.1,UHL001,Actual,SW,Water,,,Clayton,07060001,River/Stream,,43.0404991,-91.2055504
6,10220003,Bloody Run Creek Site #1 (BR01),05/06/2009 10:15:00,AMBIENT,NIT-AMM,Ammonia-nitrogen (as N),Total,,0.05,mg/l,False,0.05,,,350.1,UHL001,Actual,SW,Water,,,Clayton,07060001,River/Stream,,43.0404991,-91.2055504
6,10220003,Bloody Run Creek Site #1 (BR01),09/08/2009 10:45:00,AMBIENT,NIT-AMM,Ammonia-nitrogen (as N),Total,,0.05,mg/l,False,0.05,,,350.1,UHL001,Actual,SW,Water,,,Clayton,07060001,River/Stream,,43.0404991,-91.2055504
6,10220003,Bloody Run Creek Site #1 (BR01),07/09/2008 09:50:00,AMBIENT,NIT-AMM,Ammonia-nitrogen (as N),Total,,0.05,mg/l,False,0.05,,,350.1,UHL001,Actual,SW,Water,,,Clayton,07060001,River/Stream,,43.0404991,-91.2055504
6,10220003,Bloody Run Creek Site #1 (BR01),05/07/2008 09:20:00,AMBIENT,NIT-AMM,Ammonia-nitrogen (as N),Total,,0.05,mg/l,False,0.05,,,350.1,UHL001,Actual,SW,Water,,,Clayton,07060001,River/Stream,,43.0404991,-91.2055504
6,10220003,Bloody Run Creek Site #1 (BR01),04/09/2008 09:20:00,AMBIENT,NIT-AMM,Ammonia-nitrogen (as N),Total,,0.05,mg/l,False,0.05,,,350.1,UHL001,Actual,SW,Water,,,Clayton,07060001,River/Stream,,43.0404991,-91.2055504
6,10220003,Bloody Run Creek Site #1 (BR01),03/10/2008 09:40:00,AMBIENT,NIT-AMM,Ammonia-nitrogen (as N),Total,,0.05,mg/l,False,0.05,,,350.1,UHL001,Actual,SW,Water,,,Clayton,07060001,River/Stream,,43.0404991,-91.2055504
6,10220003,Bloody Run Creek Site #1 (BR01),01/03/2008 09:20:00,AMBIENT,NIT-AMM,Ammonia-nitrogen (as N),Total,,0.05,mg/l,False,0.05,,,350.1,UHL001,Actual,SW,Water,,,Clayton,07060001,River/Stream,,43.0404991,-91.2055504
6,11220008,Volga River at Littleport (32),10/05/2011 10:48:00,TURKEYR,NIT-AMM,Ammonia-nitrogen (as N),Total,,0.05,mg/l,False,0.05,,,350.1,IGS-GRAB,Actual,SW,Water,,,Clayton,07060004,River/Stream,,42.7536427,-91.3691492
6,11220009,Bear Creek W of Elkport (37),08/03/2011 10:35:00,TURKEYR,NIT-AMM,Ammonia-nitrogen (as N),Total,,0.11,mg/l,True,0.05,,,350.1,IGS-GRAB,Actual,SW,Water,,,Clayton,07060004,River/Stream,,42.7369562,-91.3245041
6,11220008,Volga River at Littleport (32),08/03/2011 10:10:00,TURKEYR,NIT-AMM,Ammonia-nitrogen (as N),Total,,0.05,mg/l,False,0.05,,,350.1,IGS-GRAB,Actual,SW,Water,,,Clayton,07060004,River/Stream,,42.7536427,-91.3691492
6,11220009,Bear Creek W of Elkport (37),10/05/2011 11:25:00,TURKEYR,NIT-AMM,Ammonia-nitrogen (as N),Total,,0.05,mg/l,False,0.05,,,350.1,IGS-GRAB,Actual,SW,Water,,,Clayton,07060004,River/Stream,,42.7369562,-91.3245041
6,11220009,Bear Creek W of Elkport (37),05/04/2011 11:09:00,TURKEYR,NIT-AMM,Ammonia-nitrogen (as N),Total,,0.05,mg/l,False,0.05,,,350.1,IGS-GRAB,Actual,SW,Water,,,Clayton,07060004,River/Stream,,42.7369562,-91.3245041
6,11220008,Volga River at Littleport (32),05/04/2011 10:35:00,TURKEYR,NIT-AMM,Ammonia-nitrogen (as N),Total,,0.05,mg/l,False,0.05,,,350.1,IGS-GRAB,Actual,SW,Water,,,Clayton,07060004,River/Stream,,42.7536427,-91.3691492
6,11220009,Bear Creek W of Elkport (37),06/01/2011 10:59:00,TURKEYR,NIT-AMM,Ammonia-nitrogen (as N),Total,,0.05,mg/l,False,0.05,,,350.1,IGS-GRAB,Actual,SW,Water,,,Clayton,07060004,River/Stream,,42.7369562,-91.3245041
6,11220008,Volga River at Littleport (32),06/01/2011 10:35:00,TURKEYR,NIT-AMM,Ammonia-nitrogen (as N),Total,,0.05,mg/l,False,0.05,,,350.1,IGS-GRAB,Actual,SW,Water,,,Clayton,07060004,River/Stream,,42.7536427,-91.3691492
6,11220009,Bear Creek W of Elkport (37),07/06/2011 11:00:00,TURKEYR,NIT-AMM,Ammonia-nitrogen (as N),Total,,0.05,mg/l,False,0.05,,,350.1,IGS-GRAB,Actual,SW,Water,,,Clayton,07060004,River/Stream,,42.7369562,-91.3245041
6,11220008,Volga River at Littleport (32),07/06/2011 10:36:00,TURKEYR,NIT-AMM,Ammonia-nitrogen (as N),Total,,0.05,mg/l,False,0.05,,,350.1,IGS-GRAB,Actual,SW,Water,,,Clayton,07060004,River/Stream,,42.7536427,-91.3691492
6,10220003,Bloody Run Creek Site #1 (BR01),03/01/2011 09:40:00,AMBIENT,NIT-AMM,Ammonia-nitrogen (as N),Total,,0.05,mg/l,False,0.05,,,350.1,UHL001,Actual,SW,Water,,,Clayton,07060001,River/Stream,,43.0404991,-91.2055504
6,10220003,Bloody Run Creek Site #1 (BR01),07/05/2011 10:30:00,AMBIENT,NIT-AMM,Ammonia-nitrogen (as N),Total,,0.05,mg/l,False,0.05,,,350.1,UHL001,Actual,SW,Water,,,Clayton,07060001,River/Stream,,43.0404991,-91.2055504
6,10220003,Bloody Run Creek Site #1 (BR01),01/04/2011 10:05:00,AMBIENT,NIT-AMM,Ammonia-nitrogen (as N),Total,,0.05,mg/l,False,0.05,,,350.1,UHL001,Actual,SW,Water,,,Clayton,07060001,River/Stream,,43.0404991,-91.2055504
6,10220003,Bloody Run Creek Site #1 (BR01),12/02/2010 10:15:00,AMBIENT,NIT-AMM,Ammonia-nitrogen (as N),Total,,0.05,mg/l,False,0.05,,,350.1,UHL001,Actual,SW,Water,,,Clayton,07060001,River/Stream,,43.0404991,-91.2055504
6,10220003,Bloody Run Creek Site #1 (BR01),10/04/2010 10:15:00,AMBIENT,NIT-AMM,Ammonia-nitrogen (as N),Total,,0.05,mg/l,False,0.05,,,350.1,UHL001,Actual,SW,Water,,,Clayton,07060001,River/Stream,,43.0404991,-91.2055504
6,10220003,Bloody Run Creek Site #1 (BR01),09/02/2010 08:45:00,AMBIENT,NIT-AMM,Ammonia-nitrogen (as N),Total,,0.05,mg/l,False,0.05,,,350.1,UHL001,Actual,SW,Water,,,Clayton,07060001,River/Stream,,43.0404991,-91.2055504
6,10220003,Bloody Run Creek Site #1 (BR01),06/03/2010 09:25:00,AMBIENT,NIT-AMM,Ammonia-nitrogen (as N),Total,,0.05,mg/l,False,0.05,,,350.1,UHL001,Actual,SW,Water,,,Clayton,07060001,River/Stream,,43.0404991,-91.2055504
6,10220003,Bloody Run Creek Site #1 (BR01),08/05/2010 10:00:00,AMBIENT,NIT-AMM,Ammonia-nitrogen (as N),Total,,0.05,mg/l,False,0.05,,,350.1,UHL001,Actual,SW,Water,,,Clayton,07060001,River/Stream,,43.0404991,-91.2055504
6,10220003,Bloody Run Creek Site #1 (BR01),06/01/2015 11:00:00,AMBIENT,NIT-AMM,Ammonia-nitrogen (AS N),Total,,0.05,mg/l,False,0.05,,,LAC10-107-06-1J,UHL001,Actual,SW,Water,,,Clayton,07060001,River/Stream,,43.0404991,-91.2055504
6,10220003,Bloody Run Creek Site #1 (BR01),01/05/2012 09:05:00,AMBIENT,NIT-AMM,Ammonia-nitrogen (as N),Total,,0.05,mg/l,False,0.05,,,LAC10-107-06-1J,UHL001,Actual,SW,Water,,,Clayton,07060001,River/Stream,,43.0404991,-91.2055504
6,11220008,Volga River at Littleport (32),10/16/2013 09:17:00,TURKEYR,NIT-AMM,Ammonia-nitrogen (AS N),Total,,0.05,mg/l,False,0.05,,,LAC10-107-06-1J,UHL001,Actual,SW,Water,,,Clayton,07060004,River/Stream,,42.7536427,-91.3691492
6,11220008,Volga River at Littleport (32),04/10/2013 10:10:00,TURKEYR,NIT-AMM,Ammonia-nitrogen (AS N),Total,,0.15,mg/l,True,0.05,,,LAC10-107-06-1J,UHL001,Actual,SW,Water,,,Clayton,07060004,River/Stream,,42.7536427,-91.3691492
6,11220008,Volga River at Littleport (32),05/01/2013 12:49:00,TURKEYR,NIT-AMM,Ammonia-nitrogen (AS N),Total,,0.05,mg/l,False,0.05,,,LAC10-107-06-1J,UHL001,Actual,SW,Water,,,Clayton,07060004,River/Stream,,42.7536427,-91.3691492
6,10220003,Bloody Run Creek Site #1 (BR01),10/06/1998 12:05:00,SNY319,NIT-AMM,Ammonia-nitrogen (as N),Total,,0.1,mg/l,False,0.1,,,Unknown,SNY001,Actual,SW,Water,,,Clayton,07060001,River/Stream,,43.0404991,-91.2055504
6,10220003,Bloody Run Creek Site #1 (BR01),10/13/1998 11:35:00,SNY319,NIT-AMM,Ammonia-nitrogen (as N),Total,,0.1,mg/l,False,0.1,,,Unknown,SNY001,Actual,SW,Water,,,Clayton,07060001,River/Stream,,43.0404991,-91.2055504
6,11220008,Volga River at Littleport (32),07/10/2013 08:24:00,TURKEYR,NIT-AMM,Ammonia-nitrogen (AS N),Total,,0.05,mg/l,False,0.05,,,LAC10-107-06-1J,UHL001,Actual,SW,Water,,,Clayton,07060004,River/Stream,,42.7536427,-91.3691492
6,11220008,Volga River at Littleport (32),09/04/2013 10:00:00,TURKEYR,NIT-AMM,Ammonia-nitrogen (AS N),Total,,0.05,mg/l,False,0.05,,,LAC10-107-06-1J,UHL001,Actual,SW,Water,,,Clayton,07060004,River/Stream,,42.7536427,-91.3691492
6,10220003,Bloody Run Creek Site #1 (BR01),06/10/2014 09:30:00,AMBIENT,NIT-AMM,Ammonia-nitrogen (AS N),Total,,0.05,mg/l,False,0.05,,,LAC10-107-06-1J,UHL001,Actual,SW,Water,,,Clayton,07060001,River/Stream,,43.0404991,-91.2055504
6,10220003,Bloody Run Creek Site #1 (BR01),05/05/2014 10:00:00,AMBIENT,NIT-AMM,Ammonia-nitrogen (AS N),Total,,0.05,mg/l,False,0.05,,,LAC10-107-06-1J,UHL001,Actual,SW,Water,,,Clayton,07060001,River/Stream,,43.0404991,-91.2055504
6,10220003,Bloody Run Creek Site #1 (BR01),07/08/2014 08:55:00,AMBIENT,NIT-AMM,Ammonia-nitrogen (AS N),Total,,0.05,mg/l,False,0.05,,,LAC10-107-06-1J,UHL001,Actual,SW,Water,,,Clayton,07060001,River/Stream,,43.0404991,-91.2055504
6,10220003,Bloody Run Creek Site #1 (BR01),03/03/2014 10:25:00,AMBIENT,NIT-AMM,Ammonia-nitrogen (AS N),Total,,0.05,mg/l,False,0.05,,,LAC10-107-06-1J,UHL001,Actual,SW,Water,,,Clayton,07060001,River/Stream,,43.0404991,-91.2055504
6,10220003,Bloody Run Creek Site #1 (BR01),01/02/2014 10:20:00,AMBIENT,NIT-AMM,Ammonia-nitrogen (AS N),Total,,0.05,mg/l,False,0.05,,,LAC10-107-06-1J,UHL001,Actual,SW,Water,,,Clayton,07060001,River/Stream,,43.0404991,-91.2055504
6,10220003,Bloody Run Creek Site #1 (BR01),09/04/2013 10:00:00,AMBIENT,NIT-AMM,Ammonia-nitrogen (AS N),Total,,0.05,mg/l,False,0.05,,,LAC10-107-06-1J,UHL001,Actual,SW,Water,,,Clayton,07060001,River/Stream,,43.0404991,-91.2055504
6,10220003,Bloody Run Creek Site #1 (BR01),10/02/2013 08:55:00,AMBIENT,NIT-AMM,Ammonia-nitrogen (AS N),Total,,0.05,mg/l,False,0.05,,,LAC10-107-06-1J,UHL001,Actual,SW,Water,,,Clayton,07060001,River/Stream,,43.0404991,-91.2055504
6,10220003,Bloody Run Creek Site #1 (BR01),06/05/2013 10:15:00,AMBIENT,NIT-AMM,Ammonia-nitrogen (AS N),Total,,0.05,mg/l,False,0.05,,,LAC10-107-06-1J,UHL001,Actual,SW,Water,,,Clayton,07060001,River/Stream,,43.0404991,-91.2055504
6,10220003,Bloody Run Creek Site #1 (BR01),07/02/2013 08:15:00,AMBIENT,NIT-AMM,Ammonia-nitrogen (AS N),Total,,0.05,mg/l,False,0.05,,,LAC10-107-06-1J,UHL001,Actual,SW,Water,,,Clayton,07060001,River/Stream,,43.0404991,-91.2055504
6,10220003,Bloody Run Creek Site #1 (BR01),08/01/2013 11:05:00,AMBIENT,NIT-AMM,Ammonia-nitrogen (AS N),Total,,0.05,mg/l,False,0.05,,,LAC10-107-06-1J,UHL001,Actual,SW,Water,,,Clayton,07060001,River/Stream,,43.0404991,-91.2055504
6,10220003,Bloody Run Creek Site #1 (BR01),04/04/2013 09:10:00,AMBIENT,NIT-AMM,Ammonia-nitrogen (AS N),Total,,0.05,mg/l,False,0.05,,,LAC10-107-06-1J,UHL001,Actual,SW,Water,,,Clayton,07060001,River/Stream,,43.0404991,-91.2055504
6,10220003,Bloody Run Creek Site #1 (BR01),05/06/2015 07:55:00,AMBIENT,NIT-AMM,Ammonia-nitrogen (AS N),Total,,0.05,mg/l,False,0.05,,,LAC10-107-06-1J,UHL001,Actual,SW,Water,,,Clayton,07060001,River/Stream,,43.0404991,-91.2055504
6,10220003,Bloody Run Creek Site #1 (BR01),01/03/2013 09:55:00,AMBIENT,NIT-AMM,Ammonia-nitrogen (AS N),Total,,0.05,mg/l,False,0.05,,,LAC10-107-06-1J,UHL001,Actual,SW,Water,,,Clayton,07060001,River/Stream,,43.0404991,-91.2055504
6,10220003,Bloody Run Creek Site #1 (BR01),02/03/2015 09:25:00,AMBIENT,NIT-AMM,Ammonia-nitrogen (AS N),Total,,0.05,mg/l,False,0.05,,,LAC10-107-06-1J,UHL001,Actual,SW,Water,,,Clayton,07060001,River/Stream,,43.0404991,-91.2055504
6,11220008,Volga River at Littleport (32),06/06/2012 07:10:00,TURKEYR,NIT-AMM,Ammonia-nitrogen (as N),Total,,0.05,mg/l,False,0.05,,,LAC10-107-06-1J,IGS-GRAB,Actual,SW,Water,,,Clayton,07060004,River/Stream,,42.7536427,-91.3691492
6,10220003,Bloody Run Creek Site #1 (BR01),12/04/2012 10:45:00,AMBIENT,NIT-AMM,Ammonia-nitrogen (as N),Total,,0.05,mg/l,False,0.05,,,LAC10-107-06-1J,UHL001,Actual,SW,Water,,,Clayton,07060001,River/Stream,,43.0404991,-91.2055504
6,11220008,Volga River at Littleport (32),05/02/2012 11:35:00,TURKEYR,NIT-AMM,Ammonia-nitrogen (as N),Total,,0.05,mg/l,False,0.05,,,LAC10-107-06-1J,IGS-GRAB,Actual,SW,Water,,,Clayton,07060004,River/Stream,,42.7536427,-91.3691492
6,11220008,Volga River at Littleport (32),08/01/2012 07:36:00,TURKEYR,NIT-AMM,Ammonia-nitrogen (as N),Total,,0.05,mg/l,False,0.05,,,LAC10-107-06-1J,IGS-GRAB,Actual,SW,Water,,,Clayton,07060004,River/Stream,,42.7536427,-91.3691492
6,11220008,Volga River at Littleport (32),11/07/2012 12:01:00,TURKEYR,NIT-AMM,Ammonia-nitrogen (as N),Total,,0.05,mg/l,False,0.05,,,LAC10-107-06-1J,IGS-GRAB,Actual,SW,Water,,,Clayton,07060004,River/Stream,,42.7536427,-91.3691492
6,10220003,Bloody Run Creek Site #1 (BR01),11/01/2012 09:45:00,AMBIENT,NIT-AMM,Ammonia-nitrogen (as N),Total,,0.05,mg/l,False,0.05,,,LAC10-107-06-1J,UHL001,Actual,SW,Water,,,Clayton,07060001,River/Stream,,43.0404991,-91.2055504
6,10220003,Bloody Run Creek Site #1 (BR01),06/04/2012 09:50:00,AMBIENT,NIT-AMM,Ammonia-nitrogen (as N),Total,,0.05,mg/l,False,0.05,,,LAC10-107-06-1J,UHL001,Actual,SW,Water,,,Clayton,07060001,River/Stream,,43.0404991,-91.2055504
6,10220003,Bloody Run Creek Site #1 (BR01),05/03/2012 08:50:00,AMBIENT,NIT-AMM,Ammonia-nitrogen (as N),Total,,0.05,mg/l,False,0.05,,,LAC10-107-06-1J,UHL001,Actual,SW,Water,,,Clayton,07060001,River/Stream,,43.0404991,-91.2055504
6,10220003,Bloody Run Creek Site #1 (BR01),02/07/2012 09:30:00,AMBIENT,NIT-AMM,Ammonia-nitrogen (as N),Total,,0.05,mg/l,False,0.05,,,LAC10-107-06-1J,UHL001,Actual,SW,Water,,,Clayton,07060001,River/Stream,,43.0404991,-91.2055504
6,10220003,Bloody Run Creek Site #1 (BR01),03/07/2012 09:00:00,AMBIENT,NIT-AMM,Ammonia-nitrogen (as N),Total,,0.05,mg/l,False,0.05,,,LAC10-107-06-1J,UHL001,Actual,SW,Water,,,Clayton,07060001,River/Stream,,43.0404991,-91.2055504
6,10220003,Bloody Run Creek Site #1 (BR01),04/05/2012 09:00:00,AMBIENT,NIT-AMM,Ammonia-nitrogen (as N),Total,,0.05,mg/l,False,0.05,,,LAC10-107-06-1J,UHL001,Actual,SW,Water,,,Clayton,07060001,River/Stream,,43.0404991,-91.2055504
6,10220003,Bloody Run Creek Site #1 (BR01),09/10/1996 11:30:00,SNY319,NIT-AMM,Ammonia-nitrogen (as N),Total,,0.1,mg/l,False,0.1,,,Unknown,SNY001,Actual,SW,Water,,,Clayton,07060001,River/Stream,,43.0404991,-91.2055504
6,10220003,Bloody Run Creek Site #1 (BR01),09/17/1996 11:30:00,SNY319,NIT-AMM,Ammonia-nitrogen (as N),Total,,0.1,mg/l,False,0.1,,,Unknown,SNY001,Actual,SW,Water,,,Clayton,07060001,River/Stream,,43.0404991,-91.2055504
6,10220003,Bloody Run Creek Site #1 (BR01),08/27/1996 13:00:00,SNY319,NIT-AMM,Ammonia-nitrogen (as N),Total,,0.1,mg/l,False,0.1,,,Unknown,SNY001,Actual,SW,Water,,,Clayton,07060001,River/Stream,,43.0404991,-91.2055504
6,10220003,Bloody Run Creek Site #1 (BR01),05/07/2002 12:20:00,AMBIENT,NIT-AMM,Ammonia-nitrogen (as N),Total,,0.08,mg/l,True,0.05,,,Unknown,UHL001,Actual,SW,Water,,,Clayton,07060001,River/Stream,,43.0404991,-91.2055504
6,10220003,Bloody Run Creek Site #1 (BR01),09/11/2002 10:00:00,AMBIENT,NIT-AMM,Ammonia-nitrogen (as N),Total,,0.05,mg/l,False,0.05,,,Unknown,UHL001,Actual,SW,Water,,,Clayton,07060001,River/Stream,,43.0404991,-91.2055504
6,10220003,Bloody Run Creek Site #1 (BR01),10/02/2001 10:35:00,AMBIENT,NIT-AMM,Ammonia-nitrogen (as N),Total,,0.05,mg/l,False,0.05,,,Unknown,UHL001,Actual,SW,Water,,,Clayton,07060001,River/Stream,,43.0404991,-91.2055504
6,10220003,Bloody Run Creek Site #1 (BR01),11/06/2001 10:05:00,AMBIENT,NIT-AMM,Ammonia-nitrogen (as N),Total,,0.05,mg/l,False,0.05,,,Unknown,UHL001,Actual,SW,Water,,,Clayton,07060001,River/Stream,,43.0404991,-91.2055504
6,10220003,Bloody Run Creek Site #1 (BR01),07/30/1996 13:00:00,SNY319,NIT-AMM,Ammonia-nitrogen (as N),Total,,0.1,mg/l,False,0.1,,,Unknown,SNY001,Actual,SW,Water,,,Clayton,07060001,River/Stream,,43.0404991,-91.2055504
6,10220003,Bloody Run Creek Site #1 (BR01),08/06/1996 10:00:00,SNY319,NIT-AMM,Ammonia-nitrogen (as N),Total,,0.1,mg/l,False,0.1,,,Unknown,SNY001,Actual,SW,Water,,,Clayton,07060001,River/Stream,,43.0404991,-91.2055504
6,10220003,Bloody Run Creek Site #1 (BR01),08/20/1996 14:50:00,SNY319,NIT-AMM,Ammonia-nitrogen (as N),Total,,0.1,mg/l,False,0.1,,,Unknown,SNY001,Actual,SW,Water,,,Clayton,07060001,River/Stream,,43.0404991,-91.2055504
6,10220003,Bloody Run Creek Site #1 (BR01),07/09/1996 12:05:00,SNY319,NIT-AMM,Ammonia-nitrogen (as N),Total,,0.1,mg/l,False,0.1,,,Unknown,SNY001,Actual,SW,Water,,,Clayton,07060001,River/Stream,,43.0404991,-91.2055504
6,10220003,Bloody Run Creek Site #1 (BR01),07/16/1996 10:00:00,SNY319,NIT-AMM,Ammonia-nitrogen (as N),Total,,0.1,mg/l,False,0.1,,,Unknown,SNY001,Actual,SW,Water,,,Clayton,07060001,River/Stream,,43.0404991,-91.2055504
6,10220003,Bloody Run Creek Site #1 (BR01),05/28/1996 12:20:00,SNY319,NIT-AMM,Ammonia-nitrogen (as N),Total,,0.1,mg/l,False,0.1,,,Unknown,SNY001,Actual,SW,Water,,,Clayton,07060001,River/Stream,,43.0404991,-91.2055504
6,10220003,Bloody Run Creek Site #1 (BR01),06/25/1996 13:55:00,SNY319,NIT-AMM,Ammonia-nitrogen (as N),Total,,0.1,mg/l,False,0.1,,,Unknown,SNY001,Actual,SW,Water,,,Clayton,07060001,River/Stream,,43.0404991,-91.2055504
6,10220003,Bloody Run Creek Site #1 (BR01),06/18/1996 10:00:00,SNY319,NIT-AMM,Ammonia-nitrogen (as N),Total,,0.3,mg/l,True,0.1,,,Unknown,SNY001,Actual,SW,Water,,,Clayton,07060001,River/Stream,,43.0404991,-91.2055504
6,10220003,Bloody Run Creek Site #1 (BR01),05/07/1996 12:35:00,SNY319,NIT-AMM,Ammonia-nitrogen (as N),Total,,0.1,mg/l,False,0.1,,,Unknown,SNY001,Actual,SW,Water,,,Clayton,07060001,River/Stream,,43.0404991,-91.2055504
6,10220003,Bloody Run Creek Site #1 (BR01),04/16/1996 13:10:00,SNY319,NIT-AMM,Ammonia-nitrogen (as N),Total,,0.1,mg/l,False,0.1,,,Unknown,SNY001,Actual,SW,Water,,,Clayton,07060001,River/Stream,,43.0404991,-91.2055504
6,10220003,Bloody Run Creek Site #1 (BR01),03/26/1996 08:30:00,SNY319,NIT-AMM,Ammonia-nitrogen (as N),Total,,0.1,mg/l,False,0.1,,,Unknown,SNY001,Actual,SW,Water,,,Clayton,07060001,River/Stream,,43.0404991,-91.2055504
6,10220003,Bloody Run Creek Site #1 (BR01),03/05/1996 13:30:00,SNY319,NIT-AMM,Ammonia-nitrogen (as N),Total,,0.1,mg/l,False,0.1,,,Unknown,SNY001,Actual,SW,Water,,,Clayton,07060001,River/Stream,,43.0404991,-91.2055504
6,10220003,Bloody Run Creek Site #1 (BR01),02/13/1996 12:30:00,SNY319,NIT-AMM,Ammonia-nitrogen (as N),Total,,0.4,mg/l,True,0.1,,,Unknown,SNY001,Actual,SW,Water,,,Clayton,07060001,River/Stream,,43.0404991,-91.2055504
6,10220003,Bloody Run Creek Site #1 (BR01),01/23/1996 13:15:00,SNY319,NIT-AMM,Ammonia-nitrogen (as N),Total,,0.1,mg/l,False,0.1,,,Unknown,SNY001,Actual,SW,Water,,,Clayton,07060001,River/Stream,,43.0404991,-91.2055504
6,10220003,Bloody Run Creek Site #1 (BR01),02/27/1996 12:30:00,SNY319,NIT-AMM,Ammonia-nitrogen (as N),Total,,0.5,mg/l,True,0.1,,,Unknown,SNY001,Actual,SW,Water,,,Clayton,07060001,River/Stream,,43.0404991,-91.2055504
6,10220003,Bloody Run Creek Site #1 (BR01),01/16/1996 11:00:00,SNY319,NIT-AMM,Ammonia-nitrogen (as N),Total,,0.1,mg/l,True,0.1,,,Unknown,SNY001,Actual,SW,Water,,,Clayton,07060001,River/Stream,,43.0404991,-91.2055504
6,10220003,Bloody Run Creek Site #1 (BR01),02/06/1996 12:30:00,SNY319,NIT-AMM,Ammonia-nitrogen (as N),Total,,0.1,mg/l,False,0.1,,,Unknown,SNY001,Actual,SW,Water,,,Clayton,07060001,River/Stream,,43.0404991,-91.2055504
6,10220003,Bloody Run Creek Site #1 (BR01),11/01/2007 11:35:00,AMBIENT,NIT-AMM,Ammonia-nitrogen (as N),Total,,0.05,mg/l,False,0.05,,,350.1,UHL001,Actual,SW,Water,,,Clayton,07060001,River/Stream,,43.0404991,-91.2055504
6,10220003,Bloody Run Creek Site #1 (BR01),10/09/2007 10:20:00,AMBIENT,NIT-AMM,Ammonia-nitrogen (as N),Total,,0.05,mg/l,False,0.05,,,350.1,UHL001,Actual,SW,Water,,,Clayton,07060001,River/Stream,,43.0404991,-91.2055504
6,10220003,Bloody Run Creek Site #1 (BR01),06/13/2007 09:25:00,AMBIENT,NIT-AMM,Ammonia-nitrogen (as N),Total,,0.05,mg/l,False,0.05,,,350.1,UHL001,Actual,SW,Water,,,Clayton,07060001,River/Stream,,43.0404991,-91.2055504
6,10220003,Bloody Run Creek Site #1 (BR01),08/02/2007 10:25:00,AMBIENT,NIT-AMM,Ammonia-nitrogen (as N),Total,,0.05,mg/l,False,0.05,,,350.1,UHL001,Actual,SW,Water,,,Clayton,07060001,River/Stream,,43.0404991,-91.2055504
6,10220003,Bloody Run Creek Site #1 (BR01),05/08/2007 09:10:00,AMBIENT,NIT-AMM,Ammonia-nitrogen (as N),Total,,0.05,mg/l,False,0.05,,,350.1,UHL001,Actual,SW,Water,,,Clayton,07060001,River/Stream,,43.0404991,-91.2055504
6,10220003,Bloody Run Creek Site #1 (BR01),03/13/2007 10:50:00,AMBIENT,NIT-AMM,Ammonia-nitrogen (as N),Total,,0.74,mg/l,True,0.05,,,350.1,UHL001,Actual,SW,Water,,,Clayton,07060001,River/Stream,,43.0404991,-91.2055504
6,10220003,Bloody Run Creek Site #1 (BR01),01/04/2007 08:30:00,AMBIENT,NIT-AMM,Ammonia-nitrogen (as N),Total,,0.05,mg/l,False,0.05,,,350.1,UHL001,Actual,SW,Water,,,Clayton,07060001,River/Stream,,43.0404991,-91.2055504
6,10220003,Bloody Run Creek Site #1 (BR01),10/04/2006 12:20:00,AMBIENT,NIT-AMM,Ammonia-nitrogen (as N),Total,,0.05,mg/l,False,0.05,,,350.1,UHL001,Actual,SW,Water,,,Clayton,07060001,River/Stream,,43.0404991,-91.2055504
6,10220003,Bloody Run Creek Site #1 (BR01),08/01/2006 12:10:00,AMBIENT,NIT-AMM,Ammonia-nitrogen (as N),Total,,0.05,mg/l,False,0.05,,,350.1,UHL001,Actual,SW,Water,,,Clayton,07060001,River/Stream,,43.0404991,-91.2055504
6,10220003,Bloody Run Creek Site #1 (BR01),03/07/2006 10:20:00,AMBIENT,NIT-AMM,Ammonia-nitrogen (as N),Total,,0.05,mg/l,False,0.05,,,350.1,UHL001,Actual,SW,Water,,,Clayton,07060001,River/Stream,,43.0404991,-91.2055504
6,10220003,Bloody Run Creek Site #1 (BR01),02/07/2006 09:30:00,AMBIENT,NIT-AMM,Ammonia-nitrogen (as N),Total,,0.05,mg/l,False,0.05,,,350.1,UHL001,Actual,SW,Water,,,Clayton,07060001,River/Stream,,43.0404991,-91.2055504
6,10220003,Bloody Run Creek Site #1 (BR01),01/03/2006 10:35:00,AMBIENT,NIT-AMM,Ammonia-nitrogen (as N),Total,,0.05,mg/l,False,0.05,,,350.1,UHL001,Actual,SW,Water,,,Clayton,07060001,River/Stream,,43.0404991,-91.2055504
6,10220003,Bloody Run Creek Site #1 (BR01),12/06/2005 11:05:00,AMBIENT,NIT-AMM,Ammonia-nitrogen (as N),Total,,0.05,mg/l,False,0.05,,,350.1,UHL001,Actual,SW,Water,,,Clayton,07060001,River/Stream,,43.0404991,-91.2055504
6,10220003,Bloody Run Creek Site #1 (BR01),10/11/2005 11:00:00,AMBIENT,NIT-AMM,Ammonia-nitrogen (as N),Total,,0.05,mg/l,False,0.05,,,350.1,UHL001,Actual,SW,Water,,,Clayton,07060001,River/Stream,,43.0404991,-91.2055504
6,10220003,Bloody Run Creek Site #1 (BR01),06/07/2005 10:30:00,AMBIENT,NIT-AMM,Ammonia-nitrogen (as N),Total,,0.05,mg/l,False,0.05,,,350.1,UHL001,Actual,SW,Water,,,Clayton,07060001,River/Stream,,43.0404991,-91.2055504
6,10220003,Bloody Run Creek Site #1 (BR01),08/02/2005 14:00:00,AMBIENT,NIT-AMM,Ammonia-nitrogen (as N),Total,,0.05,mg/l,False,0.05,,,350.1,UHL001,Actual,SW,Water,,,Clayton,07060001,River/Stream,,43.0404991,-91.2055504
6,10220003,Bloody Run Creek Site #1 (BR01),09/07/2004 08:55:00,AMBIENT,NIT-AMM,Ammonia-nitrogen (as N),Total,,0.05,mg/l,False,0.05,,,350.1,UHL001,Actual,SW,Water,,,Clayton,07060001,River/Stream,,43.0404991,-91.2055504
6,10220003,Bloody Run Creek Site #1 (BR01),07/06/2004 11:45:00,AMBIENT,NIT-AMM,Ammonia-nitrogen (as N),Total,,0.05,mg/l,False,0.05,,,350.1,UHL001,Actual,SW,Water,,,Clayton,07060001,River/Stream,,43.0404991,-91.2055504
6,10220003,Bloody Run Creek Site #1 (BR01),06/01/2004 10:40:00,AMBIENT,NIT-AMM,Ammonia-nitrogen (as N),Total,,0.05,mg/l,False,0.05,,,350.1,UHL001,Actual,SW,Water,,,Clayton,07060001,River/Stream,,43.0404991,-91.2055504
6,10220003,Bloody Run Creek Site #1 (BR01),04/06/2004 11:10:00,AMBIENT,NIT-AMM,Ammonia-nitrogen (as N),Total,,0.05,mg/l,False,0.05,,,350.1,UHL001,Actual,SW,Water,,,Clayton,07060001,River/Stream,,43.0404991,-91.2055504
6,10220003,Bloody Run Creek Site #1 (BR01),12/02/2003 10:00:00,AMBIENT,NIT-AMM,Ammonia-nitrogen (as N),Total,,0.05,mg/l,False,0.05,,,350.1,UHL001,Actual,SW,Water,,,Clayton,07060001,River/Stream,,43.0404991,-91.2055504
6,10220003,Bloody Run Creek Site #1 (BR01),01/06/2004 11:25:00,AMBIENT,NIT-AMM,Ammonia-nitrogen (as N),Total,,0.05,mg/l,False,0.05,,,350.1,UHL001,Actual,SW,Water,,,Clayton,07060001,River/Stream,,43.0404991,-91.2055504
6,10220003,Bloody Run Creek Site #1 (BR01),07/08/2003 10:10:00,AMBIENT,NIT-AMM,Ammonia-nitrogen (as N),Total,,0.05,mg/l,False,0.05,,,350.1,UHL001,Actual,SW,Water,,,Clayton,07060001,River/Stream,,43.0404991,-91.2055504
6,10220003,Bloody Run Creek Site #1 (BR01),03/04/2003 10:15:00,AMBIENT,NIT-AMM,Ammonia-nitrogen (as N),Total,,0.05,mg/l,False,0.05,,,350.1,UHL001,Actual,SW,Water,,,Clayton,07060001,River/Stream,,43.0404991,-91.2055504
6,10220003,Bloody Run Creek Site #1 (BR01),05/06/2003 09:30:00,AMBIENT,NIT-AMM,Ammonia-nitrogen (as N),Total,,0.05,mg/l,False,0.05,,,350.1,UHL001,Actual,SW,Water,,,Clayton,07060001,River/Stream,,43.0404991,-91.2055504
6,10220003,Bloody Run Creek Site #1 (BR01),01/07/2003 10:00:00,AMBIENT,NIT-AMM,Ammonia-nitrogen (as N),Total,,0.05,mg/l,False,0.05,,,350.1,UHL001,Actual,SW,Water,,,Clayton,07060001,River/Stream,,43.0404991,-91.2055504
6,10220003,Bloody Run Creek Site #1 (BR01),10/01/2002 12:55:00,AMBIENT,NIT-AMM,Ammonia-nitrogen (as N),Total,,0.05,mg/l,False,0.05,,,350.1,UHL001,Actual,SW,Water,,,Clayton,07060001,River/Stream,,43.0404991,-91.2055504
6,10220003,Bloody Run Creek Site #1 (BR01),03/05/2002 11:15:00,AMBIENT,NIT-AMM,Ammonia-nitrogen (as N),Total,,0.05,mg/l,False,0.05,,,Unknown,UHL001,Actual,SW,Water,,,Clayton,07060001,River/Stream,,43.0404991,-91.2055504
6,10220003,Bloody Run Creek Site #1 (BR01),01/02/2002 12:40:00,AMBIENT,NIT-AMM,Ammonia-nitrogen (as N),Total,,0.05,mg/l,False,0.05,,,Unknown,UHL001,Actual,SW,Water,,,Clayton,07060001,River/Stream,,43.0404991,-91.2055504
6,10220003,Bloody Run Creek Site #1 (BR01),06/04/2002 09:55:00,AMBIENT,NIT-AMM,Ammonia-nitrogen (as N),Total,,0.05,mg/l,False,0.05,,,Unknown,UHL001,Actual,SW,Water,,,Clayton,07060001,River/Stream,,43.0404991,-91.2055504
6,10220003,Bloody Run Creek Site #1 (BR01),09/18/2001 11:00:00,SNY319,NIT-AMM,Ammonia-nitrogen (as N),Total,,0.05,mg/l,False,0.05,,,Unknown,SNY001,Actual,SW,Water,,,Clayton,07060001,River/Stream,,43.0404991,-91.2055504
6,10220003,Bloody Run Creek Site #1 (BR01),08/21/2001 11:10:00,SNY319,NIT-AMM,Ammonia-nitrogen (as N),Total,,0.04,mg/l,True,0.01,,,Unknown,SNY001,Actual,SW,Water,,,Clayton,07060001,River/Stream,,43.0404991,-91.2055504
6,10220003,Bloody Run Creek Site #1 (BR01),09/11/2001 12:45:00,SNY319,NIT-AMM,Ammonia-nitrogen (as N),Total,,0.01,mg/l,False,0.01,,,Unknown,SNY001,Actual,SW,Water,,,Clayton,07060001,River/Stream,,43.0404991,-91.2055504
6,10220003,Bloody Run Creek Site #1 (BR01),06/26/2001 11:45:00,SNY319,NIT-AMM,Ammonia-nitrogen (as N),Total,,0.1,mg/l,False,0.1,,,Unknown,SNY001,Actual,SW,Water,,,Clayton,07060001,River/Stream,,43.0404991,-91.2055504
6,10220003,Bloody Run Creek Site #1 (BR01),07/03/2001 10:50:00,SNY319,NIT-AMM,Ammonia-nitrogen (as N),Total,,0.1,mg/l,False,0.1,,,Unknown,SNY001,Actual,SW,Water,,,Clayton,07060001,River/Stream,,43.0404991,-91.2055504
6,10220003,Bloody Run Creek Site #1 (BR01),07/24/2001 11:30:00,SNY319,NIT-AMM,Ammonia-nitrogen (as N),Total,,0.1,mg/l,False,0.1,,,Unknown,SNY001,Actual,SW,Water,,,Clayton,07060001,River/Stream,,43.0404991,-91.2055504
6,10220003,Bloody Run Creek Site #1 (BR01),07/31/2001 13:15:00,SNY319,NIT-AMM,Ammonia-nitrogen (as N),Total,,0.1,mg/l,False,0.1,,,Unknown,SNY001,Actual,SW,Water,,,Clayton,07060001,River/Stream,,43.0404991,-91.2055504
6,10220003,Bloody Run Creek Site #1 (BR01),12/12/1995 13:00:00,SNY319,NIT-AMM,Ammonia-nitrogen (as N),Total,,0.1,mg/l,False,0.1,,,Unknown,SNY001,Actual,SW,Water,,,Clayton,07060001,River/Stream,,43.0404991,-91.2055504
6,10220003,Bloody Run Creek Site #1 (BR01),11/21/1995 13:10:00,SNY319,NIT-AMM,Ammonia-nitrogen (as N),Total,,0.1,mg/l,False,0.1,,,Unknown,SNY001,Actual,SW,Water,,,Clayton,07060001,River/Stream,,43.0404991,-91.2055504
6,10220003,Bloody Run Creek Site #1 (BR01),10/31/1995 09:20:00,SNY319,NIT-AMM,Ammonia-nitrogen (as N),Total,,0.1,mg/l,False,0.1,,,Unknown,SNY001,Actual,SW,Water,,,Clayton,07060001,River/Stream,,43.0404991,-91.2055504
6,10220003,Bloody Run Creek Site #1 (BR01),10/24/1995 10:05:00,SNY319,NIT-AMM,Ammonia-nitrogen (as N),Total,,0.1,mg/l,False,0.1,,,Unknown,SNY001,Actual,SW,Water,,,Clayton,07060001,River/Stream,,43.0404991,-91.2055504
6,10220003,Bloody Run Creek Site #1 (BR01),10/10/1995 13:40:00,SNY319,NIT-AMM,Ammonia-nitrogen (as N),Total,,0.1,mg/l,False,0.1,,,Unknown,SNY001,Actual,SW,Water,,,Clayton,07060001,River/Stream,,43.0404991,-91.2055504
6,10220003,Bloody Run Creek Site #1 (BR01),10/03/1995 15:30:00,SNY319,NIT-AMM,Ammonia-nitrogen (as N),Total,,0.1,mg/l,False,0.1,,,Unknown,SNY001,Actual,SW,Water,,,Clayton,07060001,River/Stream,,43.0404991,-91.2055504
6,10220003,Bloody Run Creek Site #1 (BR01),10/17/2000 11:45:00,SNY319,NIT-AMM,Ammonia-nitrogen (as N),Total,,0.1,mg/l,False,0.1,,,Unknown,SNY001,Actual,SW,Water,,,Clayton,07060001,River/Stream,,43.0404991,-91.2055504
6,10220003,Bloody Run Creek Site #1 (BR01),11/07/2000 12:15:00,SNY319,NIT-AMM,Ammonia-nitrogen (as N),Total,,0.1,mg/l,False,0.1,,,Unknown,SNY001,Actual,SW,Water,,,Clayton,07060001,River/Stream,,43.0404991,-91.2055504
6,10220003,Bloody Run Creek Site #1 (BR01),11/14/2000 11:50:00,SNY319,NIT-AMM,Ammonia-nitrogen (as N),Total,,0.1,mg/l,False,0.1,,,Unknown,SNY001,Actual,SW,Water,,,Clayton,07060001,River/Stream,,43.0404991,-91.2055504
6,10220003,Bloody Run Creek Site #1 (BR01),12/05/2000 11:55:00,SNY319,NIT-AMM,Ammonia-nitrogen (as N),Total,,0.1,mg/l,False,0.1,,,Unknown,SNY001,Actual,SW,Water,,,Clayton,07060001,River/Stream,,43.0404991,-91.2055504
6,10220003,Bloody Run Creek Site #1 (BR01),12/12/2000 12:20:00,SNY319,NIT-AMM,Ammonia-nitrogen (as N),Total,,0.1,mg/l,False,0.1,,,Unknown,SNY001,Actual,SW,Water,,,Clayton,07060001,River/Stream,,43.0404991,-91.2055504
6,10220003,Bloody Run Creek Site #1 (BR01),01/16/2001 11:35:00,SNY319,NIT-AMM,Ammonia-nitrogen (as N),Total,,0.1,mg/l,False,0.1,,,Unknown,SNY001,Actual,SW,Water,,,Clayton,07060001,River/Stream,,43.0404991,-91.2055504
6,10220003,Bloody Run Creek Site #1 (BR01),02/13/2001 12:30:00,SNY319,NIT-AMM,Ammonia-nitrogen (as N),Total,,0.1,mg/l,False,0.1,,,Unknown,SNY001,Actual,SW,Water,,,Clayton,07060001,River/Stream,,43.0404991,-91.2055504
6,10220003,Bloody Run Creek Site #1 (BR01),02/20/2001 11:35:00,SNY319,NIT-AMM,Ammonia-nitrogen (as N),Total,,0.1,mg/l,False,0.1,,,Unknown,SNY001,Actual,SW,Water,,,Clayton,07060001,River/Stream,,43.0404991,-91.2055504
6,10220003,Bloody Run Creek Site #1 (BR01),03/13/2001 11:25:00,SNY319,NIT-AMM,Ammonia-nitrogen (as N),Total,,0.1,mg/l,False,0.1,,,Unknown,SNY001,Actual,SW,Water,,,Clayton,07060001,River/Stream,,43.0404991,-91.2055504
6,10220003,Bloody Run Creek Site #1 (BR01),03/20/2001 12:40:00,SNY319,NIT-AMM,Ammonia-nitrogen (as N),Total,,0.1,mg/l,False,0.1,,,Unknown,SNY001,Actual,SW,Water,,,Clayton,07060001,River/Stream,,43.0404991,-91.2055504
6,10220003,Bloody Run Creek Site #1 (BR01),04/10/2001 12:10:00,SNY319,NIT-AMM,Ammonia-nitrogen (as N),Total,,0.1,mg/l,False,0.1,,,Unknown,SNY001,Actual,SW,Water,,,Clayton,07060001,River/Stream,,43.0404991,-91.2055504
6,10220003,Bloody Run Creek Site #1 (BR01),04/17/2001 12:15:00,SNY319,NIT-AMM,Ammonia-nitrogen (as N),Total,,0.1,mg/l,False,0.1,,,Unknown,SNY001,Actual,SW,Water,,,Clayton,07060001,River/Stream,,43.0404991,-91.2055504
6,10220003,Bloody Run Creek Site #1 (BR01),05/08/2001 12:25:00,SNY319,NIT-AMM,Ammonia-nitrogen (as N),Total,,0.1,mg/l,False,0.1,,,Unknown,SNY001,Actual,SW,Water,,,Clayton,07060001,River/Stream,,43.0404991,-91.2055504
6,10220003,Bloody Run Creek Site #1 (BR01),05/29/2001 11:45:00,SNY319,NIT-AMM,Ammonia-nitrogen (as N),Total,,0.1,mg/l,False,0.1,,,Unknown,SNY001,Actual,SW,Water,,,Clayton,07060001,River/Stream,,43.0404991,-91.2055504
6,10220003,Bloody Run Creek Site #1 (BR01),06/05/2001 11:40:00,SNY319,NIT-AMM,Ammonia-nitrogen (as N),Total,,0.1,mg/l,True,0.1,,,Unknown,SNY001,Actual,SW,Water,,,Clayton,07060001,River/Stream,,43.0404991,-91.2055504
6,10220003,Bloody Run Creek Site #1 (BR01),05/18/1999 11:25:00,SNY319,NIT-AMM,Ammonia-nitrogen (as N),Total,,0.2,mg/l,True,0.1,,,Unknown,SNY001,Actual,SW,Water,,,Clayton,07060001,River/Stream,,43.0404991,-91.2055504
6,10220003,Bloody Run Creek Site #1 (BR01),04/27/1999 12:15:00,SNY319,NIT-AMM,Ammonia-nitrogen (as N),Total,,0.1,mg/l,False,0.1,,,Unknown,SNY001,Actual,SW,Water,,,Clayton,07060001,River/Stream,,43.0404991,-91.2055504
6,10220003,Bloody Run Creek Site #1 (BR01),05/25/1999 12:20:00,SNY319,NIT-AMM,Ammonia-nitrogen (as N),Total,,0.1,mg/l,False,0.1,,,Unknown,SNY001,Actual,SW,Water,,,Clayton,07060001,River/Stream,,43.0404991,-91.2055504
6,10220003,Bloody Run Creek Site #1 (BR01),06/01/1999 11:55:00,SNY319,NIT-AMM,Ammonia-nitrogen (as N),Total,,0.1,mg/l,False,0.1,,,Unknown,SNY001,Actual,SW,Water,,,Clayton,07060001,River/Stream,,43.0404991,-91.2055504
6,10220003,Bloody Run Creek Site #1 (BR01),06/29/1999 12:25:00,SNY319,NIT-AMM,Ammonia-nitrogen (as N),Total,,0.1,mg/l,False,0.1,,,Unknown,SNY001,Actual,SW,Water,,,Clayton,07060001,River/Stream,,43.0404991,-91.2055504
6,10220003,Bloody Run Creek Site #1 (BR01),07/06/1999 12:25:00,SNY319,NIT-AMM,Ammonia-nitrogen (as N),Total,,0.1,mg/l,False,0.1,,,Unknown,SNY001,Actual,SW,Water,,,Clayton,07060001,River/Stream,,43.0404991,-91.2055504
6,10220003,Bloody Run Creek Site #1 (BR01),07/20/1999 11:35:00,SNY319,NIT-AMM,Ammonia-nitrogen (as N),Total,,0.1,mg/l,False,0.1,,,Unknown,SNY001,Actual,SW,Water,,,Clayton,07060001,River/Stream,,43.0404991,-91.2055504
6,10220003,Bloody Run Creek Site #1 (BR01),08/17/1999 11:40:00,SNY319,NIT-AMM,Ammonia-nitrogen (as N),Total,,0.1,mg/l,False,0.1,,,Unknown,SNY001,Actual,SW,Water,,,Clayton,07060001,River/Stream,,43.0404991,-91.2055504
6,10220003,Bloody Run Creek Site #1 (BR01),08/24/1999 11:40:00,SNY319,NIT-AMM,Ammonia-nitrogen (as N),Total,,0.1,mg/l,False,0.1,,,Unknown,SNY001,Actual,SW,Water,,,Clayton,07060001,River/Stream,,43.0404991,-91.2055504
6,10220003,Bloody Run Creek Site #1 (BR01),08/31/1999 12:50:00,SNY319,NIT-AMM,Ammonia-nitrogen (as N),Total,,0.1,mg/l,False,0.1,,,Unknown,SNY001,Actual,SW,Water,,,Clayton,07060001,River/Stream,,43.0404991,-91.2055504
6,10220003,Bloody Run Creek Site #1 (BR01),09/28/1999 12:00:00,SNY319,NIT-AMM,Ammonia-nitrogen (as N),Total,,0.1,mg/l,False,0.1,,,Unknown,SNY001,Actual,SW,Water,,,Clayton,07060001,River/Stream,,43.0404991,-91.2055504
6,10220003,Bloody Run Creek Site #1 (BR01),10/05/1999 11:10:00,SNY319,NIT-AMM,Ammonia-nitrogen (as N),Total,,0.1,mg/l,False,0.1,,,Unknown,SNY001,Actual,SW,Water,,,Clayton,07060001,River/Stream,,43.0404991,-91.2055504
6,10220003,Bloody Run Creek Site #1 (BR01),10/12/1999 11:20:00,SNY319,NIT-AMM,Ammonia-nitrogen (as N),Total,,0.1,mg/l,False,0.1,,,Unknown,SNY001,Actual,SW,Water,,,Clayton,07060001,River/Stream,,43.0404991,-91.2055504
6,10220003,Bloody Run Creek Site #1 (BR01),11/02/1999 12:30:00,SNY319,NIT-AMM,Ammonia-nitrogen (as N),Total,,0.1,mg/l,False,0.1,,,Unknown,SNY001,Actual,SW,Water,,,Clayton,07060001,River/Stream,,43.0404991,-91.2055504
6,10220003,Bloody Run Creek Site #1 (BR01),11/23/1999 12:40:00,SNY319,NIT-AMM,Ammonia-nitrogen (as N),Total,,0.1,mg/l,False,0.1,,,Unknown,SNY001,Actual,SW,Water,,,Clayton,07060001,River/Stream,,43.0404991,-91.2055504
6,10220003,Bloody Run Creek Site #1 (BR01),11/30/1999 12:55:00,SNY319,NIT-AMM,Ammonia-nitrogen (as N),Total,,0.1,mg/l,False,0.1,,,Unknown,SNY001,Actual,SW,Water,,,Clayton,07060001,River/Stream,,43.0404991,-91.2055504
6,10220003,Bloody Run Creek Site #1 (BR01),12/21/1999 11:55:00,SNY319,NIT-AMM,Ammonia-nitrogen (as N),Total,,0.1,mg/l,False,0.1,,,Unknown,SNY001,Actual,SW,Water,,,Clayton,07060001,River/Stream,,43.0404991,-91.2055504
6,10220003,Bloody Run Creek Site #1 (BR01),12/28/1999 13:00:00,SNY319,NIT-AMM,Ammonia-nitrogen (as N),Total,,0.1,mg/l,False,0.1,,,Unknown,SNY001,Actual,SW,Water,,,Clayton,07060001,River/Stream,,43.0404991,-91.2055504
6,10220003,Bloody Run Creek Site #1 (BR01),01/18/2000 12:20:00,SNY319,NIT-AMM,Ammonia-nitrogen (as N),Total,,0.1,mg/l,False,0.1,,,Unknown,SNY001,Actual,SW,Water,,,Clayton,07060001,River/Stream,,43.0404991,-91.2055504
6,10220003,Bloody Run Creek Site #1 (BR01),01/25/2000 12:25:00,SNY319,NIT-AMM,Ammonia-nitrogen (as N),Total,,0.1,mg/l,False,0.1,,,Unknown,SNY001,Actual,SW,Water,,,Clayton,07060001,River/Stream,,43.0404991,-91.2055504
6,10220003,Bloody Run Creek Site #1 (BR01),02/15/2000 12:20:00,SNY319,NIT-AMM,Ammonia-nitrogen (as N),Total,,0.1,mg/l,False,0.1,,,Unknown,SNY001,Actual,SW,Water,,,Clayton,07060001,River/Stream,,43.0404991,-91.2055504
6,10220003,Bloody Run Creek Site #1 (BR01),02/22/2000 12:50:00,SNY319,NIT-AMM,Ammonia-nitrogen (as N),Total,,0.1,mg/l,False,0.1,,,Unknown,SNY001,Actual,SW,Water,,,Clayton,07060001,River/Stream,,43.0404991,-91.2055504
6,10220003,Bloody Run Creek Site #1 (BR01),03/14/2000 12:15:00,SNY319,NIT-AMM,Ammonia-nitrogen (as N),Total,,0.1,mg/l,False,0.1,,,Unknown,SNY001,Actual,SW,Water,,,Clayton,07060001,River/Stream,,43.0404991,-91.2055504
6,10220003,Bloody Run Creek Site #1 (BR01),04/11/2000 13:10:00,SNY319,NIT-AMM,Ammonia-nitrogen (as N),Total,,0.2,mg/l,True,0.1,,,Unknown,SNY001,Actual,SW,Water,,,Clayton,07060001,River/Stream,,43.0404991,-91.2055504
6,10220003,Bloody Run Creek Site #1 (BR01),05/02/2000 12:30:00,SNY319,NIT-AMM,Ammonia-nitrogen (as N),Total,,0.1,mg/l,False,0.1,,,Unknown,SNY001,Actual,SW,Water,,,Clayton,07060001,River/Stream,,43.0404991,-91.2055504
6,10220003,Bloody Run Creek Site #1 (BR01),05/09/2000 12:25:00,SNY319,NIT-AMM,Ammonia-nitrogen (as N),Total,,0.1,mg/l,False,0.1,,,Unknown,SNY001,Actual,SW,Water,,,Clayton,07060001,River/Stream,,43.0404991,-91.2055504
6,10220003,Bloody Run Creek Site #1 (BR01),05/30/2000 13:35:00,SNY319,NIT-AMM,Ammonia-nitrogen (as N),Total,,0.1,mg/l,False,0.1,,,Unknown,SNY001,Actual,SW,Water,,,Clayton,07060001,River/Stream,,43.0404991,-91.2055504
6,10220003,Bloody Run Creek Site #1 (BR01),06/06/2000 11:30:00,SNY319,NIT-AMM,Ammonia-nitrogen (as N),Total,,0.1,mg/l,False,0.1,,,Unknown,SNY001,Actual,SW,Water,,,Clayton,07060001,River/Stream,,43.0404991,-91.2055504
6,10220003,Bloody Run Creek Site #1 (BR01),06/27/2000 12:55:00,SNY319,NIT-AMM,Ammonia-nitrogen (as N),Total,,0.1,mg/l,False,0.1,,,Unknown,SNY001,Actual,SW,Water,,,Clayton,07060001,River/Stream,,43.0404991,-91.2055504
6,10220003,Bloody Run Creek Site #1 (BR01),07/04/2000 12:10:00,SNY319,NIT-AMM,Ammonia-nitrogen (as N),Total,,0.1,mg/l,False,0.1,,,Unknown,SNY001,Actual,SW,Water,,,Clayton,07060001,River/Stream,,43.0404991,-91.2055504
6,10220003,Bloody Run Creek Site #1 (BR01),07/25/2000 12:10:00,SNY319,NIT-AMM,Ammonia-nitrogen (as N),Total,,0.1,mg/l,False,0.1,,,Unknown,SNY001,Actual,SW,Water,,,Clayton,07060001,River/Stream,,43.0404991,-91.2055504
6,10220003,Bloody Run Creek Site #1 (BR01),08/15/2000 12:25:00,SNY319,NIT-AMM,Ammonia-nitrogen (as N),Total,,0.1,mg/l,False,0.1,,,Unknown,SNY001,Actual,SW,Water,,,Clayton,07060001,River/Stream,,43.0404991,-91.2055504
6,10220003,Bloody Run Creek Site #1 (BR01),08/22/2000 11:45:00,SNY319,NIT-AMM,Ammonia-nitrogen (as N),Total,,0.1,mg/l,False,0.1,,,Unknown,SNY001,Actual,SW,Water,,,Clayton,07060001,River/Stream,,43.0404991,-91.2055504
6,10220003,Bloody Run Creek Site #1 (BR01),09/12/2000 12:10:00,SNY319,NIT-AMM,Ammonia-nitrogen (as N),Total,,0.1,mg/l,False,0.1,,,Unknown,SNY001,Actual,SW,Water,,,Clayton,07060001,River/Stream,,43.0404991,-91.2055504
6,10220003,Bloody Run Creek Site #1 (BR01),09/19/2000 11:40:00,SNY319,NIT-AMM,Ammonia-nitrogen (as N),Total,,0.1,mg/l,False,0.1,,,Unknown,SNY001,Actual,SW,Water,,,Clayton,07060001,River/Stream,,43.0404991,-91.2055504
6,10220003,Bloody Run Creek Site #1 (BR01),10/01/1996 12:45:00,SNY319,NIT-AMM,Ammonia-nitrogen (as N),Total,,0.1,mg/l,False,0.1,,,Unknown,SNY001,Actual,SW,Water,,,Clayton,07060001,River/Stream,,43.0404991,-91.2055504
6,10220003,Bloody Run Creek Site #1 (BR01),08/29/1995 13:30:00,SNY319,NIT-AMM,Ammonia-nitrogen (as N),Total,,0.1,mg/l,False,0.1,,,Unknown,SNY001,Actual,SW,Water,,,Clayton,07060001,River/Stream,,43.0404991,-91.2055504
6,10220003,Bloody Run Creek Site #1 (BR01),09/19/1995 10:00:00,SNY319,NIT-AMM,Ammonia-nitrogen (as N),Total,,0.1,mg/l,False,0.1,,,Unknown,SNY001,Actual,SW,Water,,,Clayton,07060001,River/Stream,,43.0404991,-91.2055504
6,10220003,Bloody Run Creek Site #1 (BR01),10/29/1996 13:05:00,SNY319,NIT-AMM,Ammonia-nitrogen (as N),Total,,0.1,mg/l,False,0.1,,,Unknown,SNY001,Actual,SW,Water,,,Clayton,07060001,River/Stream,,43.0404991,-91.2055504
6,10220003,Bloody Run Creek Site #1 (BR01),11/05/1996 09:30:00,SNY319,NIT-AMM,Ammonia-nitrogen (as N),Total,,0.1,mg/l,False,0.1,,,Unknown,SNY001,Actual,SW,Water,,,Clayton,07060001,River/Stream,,43.0404991,-91.2055504
6,10220003,Bloody Run Creek Site #1 (BR01),11/26/1996 10:20:00,SNY319,NIT-AMM,Ammonia-nitrogen (as N),Total,,0.1,mg/l,False,0.1,,,Unknown,SNY001,Actual,SW,Water,,,Clayton,07060001,River/Stream,,43.0404991,-91.2055504
6,10220003,Bloody Run Creek Site #1 (BR01),12/17/1996 10:55:00,SNY319,NIT-AMM,Ammonia-nitrogen (as N),Total,,0.1,mg/l,False,0.1,,,Unknown,SNY001,Actual,SW,Water,,,Clayton,07060001,River/Stream,,43.0404991,-91.2055504
6,10220003,Bloody Run Creek Site #1 (BR01),12/23/1996 11:30:00,SNY319,NIT-AMM,Ammonia-nitrogen (as N),Total,,0.1,mg/l,False,0.1,,,Unknown,SNY001,Actual,SW,Water,,,Clayton,07060001,River/Stream,,43.0404991,-91.2055504
6,10220003,Bloody Run Creek Site #1 (BR01),01/21/1997 09:30:00,SNY319,NIT-AMM,Ammonia-nitrogen (as N),Total,,0.1,mg/l,False,0.1,,,Unknown,SNY001,Actual,SW,Water,,,Clayton,07060001,River/Stream,,43.0404991,-91.2055504
6,10220003,Bloody Run Creek Site #1 (BR01),01/27/1997 14:30:00,SNY319,NIT-AMM,Ammonia-nitrogen (as N),Total,,0.1,mg/l,False,0.1,,,Unknown,SNY001,Actual,SW,Water,,,Clayton,07060001,River/Stream,,43.0404991,-91.2055504
6,10220003,Bloody Run Creek Site #1 (BR01),02/18/1997 12:30:00,SNY319,NIT-AMM,Ammonia-nitrogen (as N),Total,,0.1,mg/l,False,0.1,,,Unknown,SNY001,Actual,SW,Water,,,Clayton,07060001,River/Stream,,43.0404991,-91.2055504
6,10220003,Bloody Run Creek Site #1 (BR01),03/11/1997 11:45:00,SNY319,NIT-AMM,Ammonia-nitrogen (as N),Total,,0.5,mg/l,True,0.1,,,Unknown,SNY001,Actual,SW,Water,,,Clayton,07060001,River/Stream,,43.0404991,-91.2055504
6,10220003,Bloody Run Creek Site #1 (BR01),03/18/1997 12:10:00,SNY319,NIT-AMM,Ammonia-nitrogen (as N),Total,,0.7,mg/l,True,0.1,,,Unknown,SNY001,Actual,SW,Water,,,Clayton,07060001,River/Stream,,43.0404991,-91.2055504
6,10220003,Bloody Run Creek Site #1 (BR01),04/08/1997 10:45:00,SNY319,NIT-AMM,Ammonia-nitrogen (as N),Total,,0.1,mg/l,False,0.1,,,Unknown,SNY001,Actual,SW,Water,,,Clayton,07060001,River/Stream,,43.0404991,-91.2055504
6,10220003,Bloody Run Creek Site #1 (BR01),04/15/1997 12:50:00,SNY319,NIT-AMM,Ammonia-nitrogen (as N),Total,,0.1,mg/l,False,0.1,,,Unknown,SNY001,Actual,SW,Water,,,Clayton,07060001,River/Stream,,43.0404991,-91.2055504
6,10220003,Bloody Run Creek Site #1 (BR01),10/08/1996 13:50:00,SNY319,NIT-AMM,Ammonia-nitrogen (as N),Total,,0.1,mg/l,False,0.1,,,Unknown,SNY001,Actual,SW,Water,,,Clayton,07060001,River/Stream,,43.0404991,-91.2055504
6,10220003,Bloody Run Creek Site #1 (BR01),05/06/1997 12:20:00,SNY319,NIT-AMM,Ammonia-nitrogen (as N),Total,,0.1,mg/l,False,0.1,,,Unknown,SNY001,Actual,SW,Water,,,Clayton,07060001,River/Stream,,43.0404991,-91.2055504
6,10220003,Bloody Run Creek Site #1 (BR01),05/13/1997 11:50:00,SNY319,NIT-AMM,Ammonia-nitrogen (as N),Total,,0.1,mg/l,False,0.1,,,Unknown,SNY001,Actual,SW,Water,,,Clayton,07060001,River/Stream,,43.0404991,-91.2055504
6,10220003,Bloody Run Creek Site #1 (BR01),06/03/1997 11:45:00,SNY319,NIT-AMM,Ammonia-nitrogen (as N),Total,,0.1,mg/l,False,0.1,,,Unknown,SNY001,Actual,SW,Water,,,Clayton,07060001,River/Stream,,43.0404991,-91.2055504
6,10220003,Bloody Run Creek Site #1 (BR01),06/24/1997 13:35:00,SNY319,NIT-AMM,Ammonia-nitrogen (as N),Total,,0.1,mg/l,False,0.1,,,Unknown,SNY001,Actual,SW,Water,,,Clayton,07060001,River/Stream,,43.0404991,-91.2055504
6,10220003,Bloody Run Creek Site #1 (BR01),07/01/1997 11:30:00,SNY319,NIT-AMM,Ammonia-nitrogen (as N),Total,,0.1,mg/l,False,0.1,,,Unknown,SNY001,Actual,SW,Water,,,Clayton,07060001,River/Stream,,43.0404991,-91.2055504
6,10220003,Bloody Run Creek Site #1 (BR01),07/22/1997 11:40:00,SNY319,NIT-AMM,Ammonia-nitrogen (as N),Total,,0.1,mg/l,False,0.1,,,Unknown,SNY001,Actual,SW,Water,,,Clayton,07060001,River/Stream,,43.0404991,-91.2055504
6,10220003,Bloody Run Creek Site #1 (BR01),07/28/1997 14:10:00,SNY319,NIT-AMM,Ammonia-nitrogen (as N),Total,,0.1,mg/l,False,0.1,,,Unknown,SNY001,Actual,SW,Water,,,Clayton,07060001,River/Stream,,43.0404991,-91.2055504
6,10220003,Bloody Run Creek Site #1 (BR01),08/19/1997 10:00:00,SNY319,NIT-AMM,Ammonia-nitrogen (as N),Total,,0.1,mg/l,False,0.1,,,Unknown,SNY001,Actual,SW,Water,,,Clayton,07060001,River/Stream,,43.0404991,-91.2055504
6,10220003,Bloody Run Creek Site #1 (BR01),08/26/1997 11:55:00,SNY319,NIT-AMM,Ammonia-nitrogen (as N),Total,,0.1,mg/l,False,0.1,,,Unknown,SNY001,Actual,SW,Water,,,Clayton,07060001,River/Stream,,43.0404991,-91.2055504
6,10220003,Bloody Run Creek Site #1 (BR01),09/16/1997 10:00:00,SNY319,NIT-AMM,Ammonia-nitrogen (as N),Total,,0.1,mg/l,False,0.1,,,Unknown,SNY001,Actual,SW,Water,,,Clayton,07060001,River/Stream,,43.0404991,-91.2055504
6,10220003,Bloody Run Creek Site #1 (BR01),09/23/1997 11:50:00,SNY319,NIT-AMM,Ammonia-nitrogen (as N),Total,,0.1,mg/l,False,0.1,,,Unknown,SNY001,Actual,SW,Water,,,Clayton,07060001,River/Stream,,43.0404991,-91.2055504
6,10220003,Bloody Run Creek Site #1 (BR01),10/14/1997 11:50:00,SNY319,NIT-AMM,Ammonia-nitrogen (as N),Total,,0.1,mg/l,False,0.1,,,Unknown,SNY001,Actual,SW,Water,,,Clayton,07060001,River/Stream,,43.0404991,-91.2055504
6,10220003,Bloody Run Creek Site #1 (BR01),10/21/1997 11:05:00,SNY319,NIT-AMM,Ammonia-nitrogen (as N),Total,,0.1,mg/l,False,0.1,,,Unknown,SNY001,Actual,SW,Water,,,Clayton,07060001,River/Stream,,43.0404991,-91.2055504
6,10220003,Bloody Run Creek Site #1 (BR01),11/11/1997 11:30:00,SNY319,NIT-AMM,Ammonia-nitrogen (as N),Total,,0.1,mg/l,False,0.1,,,Unknown,SNY001,Actual,SW,Water,,,Clayton,07060001,River/Stream,,43.0404991,-91.2055504
6,10220003,Bloody Run Creek Site #1 (BR01),11/18/1997 10:00:00,SNY319,NIT-AMM,Ammonia-nitrogen (as N),Total,,0.1,mg/l,False,0.1,,,Unknown,SNY001,Actual,SW,Water,,,Clayton,07060001,River/Stream,,43.0404991,-91.2055504
6,10220003,Bloody Run Creek Site #1 (BR01),12/09/1997 12:05:00,SNY319,NIT-AMM,Ammonia-nitrogen (as N),Total,,0.1,mg/l,False,0.1,,,Unknown,SNY001,Actual,SW,Water,,,Clayton,07060001,River/Stream,,43.0404991,-91.2055504
6,10220003,Bloody Run Creek Site #1 (BR01),12/16/1997 12:00:00,SNY319,NIT-AMM,Ammonia-nitrogen (as N),Total,,0.1,mg/l,False,0.1,,,Unknown,SNY001,Actual,SW,Water,,,Clayton,07060001,River/Stream,,43.0404991,-91.2055504
6,10220003,Bloody Run Creek Site #1 (BR01),01/20/1998 10:00:00,SNY319,NIT-AMM,Ammonia-nitrogen (as N),Total,,0.1,mg/l,False,0.1,,,Unknown,SNY001,Actual,SW,Water,,,Clayton,07060001,River/Stream,,43.0404991,-91.2055504
6,10220003,Bloody Run Creek Site #1 (BR01),01/27/1998 12:20:00,SNY319,NIT-AMM,Ammonia-nitrogen (as N),Total,,0.1,mg/l,False,0.1,,,Unknown,SNY001,Actual,SW,Water,,,Clayton,07060001,River/Stream,,43.0404991,-91.2055504
6,10220003,Bloody Run Creek Site #1 (BR01),02/17/1998 09:30:00,SNY319,NIT-AMM,Ammonia-nitrogen (as N),Total,,0.1,mg/l,True,0.1,,,Unknown,SNY001,Actual,SW,Water,,,Clayton,07060001,River/Stream,,43.0404991,-91.2055504
6,10220003,Bloody Run Creek Site #1 (BR01),02/24/1998 12:05:00,SNY319,NIT-AMM,Ammonia-nitrogen (as N),Total,,0.1,mg/l,False,0.1,,,Unknown,SNY001,Actual,SW,Water,,,Clayton,07060001,River/Stream,,43.0404991,-91.2055504
6,10220003,Bloody Run Creek Site #1 (BR01),03/17/1998 12:45:00,SNY319,NIT-AMM,Ammonia-nitrogen (as N),Total,,0.1,mg/l,False,0.1,,,Unknown,SNY001,Actual,SW,Water,,,Clayton,07060001,River/Stream,,43.0404991,-91.2055504
6,10220003,Bloody Run Creek Site #1 (BR01),03/24/1998 11:45:00,SNY319,NIT-AMM,Ammonia-nitrogen (as N),Total,,0.1,mg/l,False,0.1,,,Unknown,SNY001,Actual,SW,Water,,,Clayton,07060001,River/Stream,,43.0404991,-91.2055504
6,10220003,Bloody Run Creek Site #1 (BR01),04/14/1998 12:15:00,SNY319,NIT-AMM,Ammonia-nitrogen (as N),Total,,0.1,mg/l,False,0.1,,,Unknown,SNY001,Actual,SW,Water,,,Clayton,07060001,River/Stream,,43.0404991,-91.2055504
6,10220003,Bloody Run Creek Site #1 (BR01),04/21/1998 12:15:00,SNY319,NIT-AMM,Ammonia-nitrogen (as N),Total,,0.1,mg/l,False,0.1,,,Unknown,SNY001,Actual,SW,Water,,,Clayton,07060001,River/Stream,,43.0404991,-91.2055504
6,10220003,Bloody Run Creek Site #1 (BR01),05/12/1998 12:10:00,SNY319,NIT-AMM,Ammonia-nitrogen (as N),Total,,0.1,mg/l,False,0.1,,,Unknown,SNY001,Actual,SW,Water,,,Clayton,07060001,River/Stream,,43.0404991,-91.2055504
6,10220003,Bloody Run Creek Site #1 (BR01),06/02/1998 13:20:00,SNY319,NIT-AMM,Ammonia-nitrogen (as N),Total,,0.1,mg/l,False,0.1,,,Unknown,SNY001,Actual,SW,Water,,,Clayton,07060001,River/Stream,,43.0404991,-91.2055504
6,10220003,Bloody Run Creek Site #1 (BR01),06/09/1998 12:20:00,SNY319,NIT-AMM,Ammonia-nitrogen (as N),Total,,0.1,mg/l,False,0.1,,,Unknown,SNY001,Actual,SW,Water,,,Clayton,07060001,River/Stream,,43.0404991,-91.2055504
6,10220003,Bloody Run Creek Site #1 (BR01),06/30/1998 13:15:00,SNY319,NIT-AMM,Ammonia-nitrogen (as N),Total,,0.1,mg/l,False,0.1,,,Unknown,SNY001,Actual,SW,Water,,,Clayton,07060001,River/Stream,,43.0404991,-91.2055504
6,10220003,Bloody Run Creek Site #1 (BR01),07/07/1998 12:45:00,SNY319,NIT-AMM,Ammonia-nitrogen (as N),Total,,0.1,mg/l,False,0.1,,,Unknown,SNY001,Actual,SW,Water,,,Clayton,07060001,River/Stream,,43.0404991,-91.2055504
6,10220003,Bloody Run Creek Site #1 (BR01),07/28/1998 12:45:00,SNY319,NIT-AMM,Ammonia-nitrogen (as N),Total,,0.1,mg/l,False,0.1,,,Unknown,SNY001,Actual,SW,Water,,,Clayton,07060001,River/Stream,,43.0404991,-91.2055504
6,10220003,Bloody Run Creek Site #1 (BR01),08/04/1998 11:55:00,SNY319,NIT-AMM,Ammonia-nitrogen (as N),Total,,0.1,mg/l,False,0.1,,,Unknown,SNY001,Actual,SW,Water,,,Clayton,07060001,River/Stream,,43.0404991,-91.2055504
6,10220003,Bloody Run Creek Site #1 (BR01),08/25/1998 12:35:00,SNY319,NIT-AMM,Ammonia-nitrogen (as N),Total,,0.1,mg/l,False,0.1,,,Unknown,SNY001,Actual,SW,Water,,,Clayton,07060001,River/Stream,,43.0404991,-91.2055504
6,10220003,Bloody Run Creek Site #1 (BR01),09/15/1998 11:55:00,SNY319,NIT-AMM,Ammonia-nitrogen (as N),Total,,0.1,mg/l,False,0.1,,,Unknown,SNY001,Actual,SW,Water,,,Clayton,07060001,River/Stream,,43.0404991,-91.2055504
6,10220003,Bloody Run Creek Site #1 (BR01),09/22/1998 12:00:00,SNY319,NIT-AMM,Ammonia-nitrogen (as N),Total,,0.1,mg/l,False,0.1,,,Unknown,SNY001,Actual,SW,Water,,,Clayton,07060001,River/Stream,,43.0404991,-91.2055504
6,10220003,Bloody Run Creek Site #1 (BR01),10/20/1998 12:25:00,SNY319,NIT-AMM,Ammonia-nitrogen (as N),Total,,0.1,mg/l,False,0.1,,,Unknown,SNY001,Actual,SW,Water,,,Clayton,07060001,River/Stream,,43.0404991,-91.2055504
6,10220003,Bloody Run Creek Site #1 (BR01),10/27/1998 12:00:00,SNY319,NIT-AMM,Ammonia-nitrogen (as N),Total,,0.1,mg/l,False,0.1,,,Unknown,SNY001,Actual,SW,Water,,,Clayton,07060001,River/Stream,,43.0404991,-91.2055504
6,10220003,Bloody Run Creek Site #1 (BR01),11/03/1998 12:00:00,SNY319,NIT-AMM,Ammonia-nitrogen (as N),Total,,0.1,mg/l,False,0.1,,,Unknown,SNY001,Actual,SW,Water,,,Clayton,07060001,River/Stream,,43.0404991,-91.2055504
6,10220003,Bloody Run Creek Site #1 (BR01),12/01/1998 13:10:00,SNY319,NIT-AMM,Ammonia-nitrogen (as N),Total,,0.1,mg/l,False,0.1,,,Unknown,SNY001,Actual,SW,Water,,,Clayton,07060001,River/Stream,,43.0404991,-91.2055504
6,10220003,Bloody Run Creek Site #1 (BR01),12/08/1998 11:45:00,SNY319,NIT-AMM,Ammonia-nitrogen (as N),Total,,0.1,mg/l,False,0.1,,,Unknown,SNY001,Actual,SW,Water,,,Clayton,07060001,River/Stream,,43.0404991,-91.2055504
6,10220003,Bloody Run Creek Site #1 (BR01),12/15/1998 12:00:00,SNY319,NIT-AMM,Ammonia-nitrogen (as N),Total,,0.1,mg/l,False,0.1,,,Unknown,SNY001,Actual,SW,Water,,,Clayton,07060001,River/Stream,,43.0404991,-91.2055504
6,10220003,Bloody Run Creek Site #1 (BR01),01/26/1999 12:20:00,SNY319,NIT-AMM,Ammonia-nitrogen (as N),Total,,0.1,mg/l,False,0.1,,,Unknown,SNY001,Actual,SW,Water,,,Clayton,07060001,River/Stream,,43.0404991,-91.2055504
6,10220003,Bloody Run Creek Site #1 (BR01),02/02/1999 12:00:00,SNY319,NIT-AMM,Ammonia-nitrogen (as N),Total,,0.1,mg/l,False,0.1,,,Unknown,SNY001,Actual,SW,Water,,,Clayton,07060001,River/Stream,,43.0404991,-91.2055504
6,10220003,Bloody Run Creek Site #1 (BR01),02/09/1999 11:50:00,SNY319,NIT-AMM,Ammonia-nitrogen (as N),Total,,0.2,mg/l,True,0.1,,,Unknown,SNY001,Actual,SW,Water,,,Clayton,07060001,River/Stream,,43.0404991,-91.2055504
6,10220003,Bloody Run Creek Site #1 (BR01),03/02/1999 11:30:00,SNY319,NIT-AMM,Ammonia-nitrogen (as N),Total,,0.1,mg/l,False,0.1,,,Unknown,SNY001,Actual,SW,Water,,,Clayton,07060001,River/Stream,,43.0404991,-91.2055504
6,10220003,Bloody Run Creek Site #1 (BR01),03/09/1999 12:15:00,SNY319,NIT-AMM,Ammonia-nitrogen (as N),Total,,0.1,mg/l,False,0.1,,,Unknown,SNY001,Actual,SW,Water,,,Clayton,07060001,River/Stream,,43.0404991,-91.2055504
6,10220003,Bloody Run Creek Site #1 (BR01),03/16/1999 11:25:00,SNY319,NIT-AMM,Ammonia-nitrogen (as N),Total,,0.1,mg/l,False,0.1,,,Unknown,SNY001,Actual,SW,Water,,,Clayton,07060001,River/Stream,,43.0404991,-91.2055504
6,10220003,Bloody Run Creek Site #1 (BR01),04/13/1999 11:55:00,SNY319,NIT-AMM,Ammonia-nitrogen (as N),Total,,0.1,mg/l,False,0.1,,,Unknown,SNY001,Actual,SW,Water,,,Clayton,07060001,River/Stream,,43.0404991,-91.2055504
6,10220003,Bloody Run Creek Site #1 (BR01),04/20/1999 10:40:00,SNY319,NIT-AMM,Ammonia-nitrogen (as N),Total,,0.1,mg/l,False,0.1,,,Unknown,SNY001,Actual,SW,Water,,,Clayton,07060001,River/Stream,,43.0404991,-91.2055504
6,10220003,Bloody Run Creek Site #1 (BR01),08/01/1995 09:30:00,SNY319,NIT-AMM,Ammonia-nitrogen (as N),Total,,0.2,mg/l,True,0.1,,,Unknown,SNY001,Actual,SW,Water,,,Clayton,07060001,River/Stream,,43.0404991,-91.2055504
6,10220003,Bloody Run Creek Site #1 (BR01),07/18/1995 14:15:00,SNY319,NIT-AMM,Ammonia-nitrogen (as N),Total,,0.1,mg/l,False,0.1,,,Unknown,SNY001,Actual,SW,Water,,,Clayton,07060001,River/Stream,,43.0404991,-91.2055504
6,10220003,Bloody Run Creek Site #1 (BR01),08/08/1995 13:50:00,SNY319,NIT-AMM,Ammonia-nitrogen (as N),Total,,0.1,mg/l,False,0.1,,,Unknown,SNY001,Actual,SW,Water,,,Clayton,07060001,River/Stream,,43.0404991,-91.2055504
6,10220003,Bloody Run Creek Site #1 (BR01),06/20/1995 09:30:00,SNY319,NIT-AMM,Ammonia-nitrogen (as N),Total,,0.1,mg/l,False,0.1,,,Unknown,SNY001,Actual,SW,Water,,,Clayton,07060001,River/Stream,,43.0404991,-91.2055504
6,10220002,Volga River near Elkport,08/06/2020 12:50:00,AMBIENT,NIT-AMM,Ammonia-nitrogen (AS N),Total,,0.05,mg/l,False,0.05,,,LAC10-107-06-1J,UHL001,Actual,SW,Water,,,Clayton,07060004,River/Stream,,42.7497293,-91.2767798
6,10220003,Bloody Run Creek Site #1 (BR01),07/11/1995 15:40:00,SNY319,NIT-AMM,Ammonia-nitrogen (as N),Total,,0.1,mg/l,False,0.1,,,Unknown,SNY001,Actual,SW,Water,,,Clayton,07060001,River/Stream,,43.0404991,-91.2055504
6,10220003,Bloody Run Creek Site #1 (BR01),06/27/1995 13:10:00,SNY319,NIT-AMM,Ammonia-nitrogen (as N),Total,,0.2,mg/l,True,0.1,,,Unknown,SNY001,Actual,SW,Water,,,Clayton,07060001,River/Stream,,43.0404991,-91.2055504
6,11220008,Volga River at Littleport (32),05/01/2003 14:00:00,EVENT,NIT-AMM,Ammonia-nitrogen (as N),Total,,0.09,mg/l,True,0.05,,,350.1,UHL001,Actual,SW,Water,,,Clayton,07060004,River/Stream,,42.7536427,-91.3691492
6,10220001,Turkey River near Garber,08/06/2020 12:30:00,AMBIENT,NIT-AMM,Ammonia-nitrogen (AS N),Total,,0.05,mg/l,False,0.05,,,LAC10-107-06-1J,UHL001,Actual,SW,Water,,,Clayton,07060004,River/Stream,,42.739547,-91.2619757
6,10220002,Volga River near Elkport,07/08/2020 12:40:00,AMBIENT,NIT-AMM,Ammonia-nitrogen (AS N),Total,,0.05,mg/l,False,0.05,,,LAC10-107-06-1J,UHL001,Actual,SW,Water,,,Clayton,07060004,River/Stream,,42.7497293,-91.2767798
6,10220001,Turkey River near Garber,07/08/2020 12:20:00,AMBIENT,NIT-AMM,Ammonia-nitrogen (AS N),Total,,0.05,mg/l,False,0.05,,,LAC10-107-06-1J,UHL001,Actual,SW,Water,,,Clayton,07060004,River/Stream,,42.739547,-91.2619757
6,10220001,Turkey River near Garber,06/04/2020 12:20:00,AMBIENT,NIT-AMM,Ammonia-nitrogen (AS N),Total,,0.05,mg/l,False,0.05,,,LAC10-107-06-1J,UHL001,Actual,SW,Water,,,Clayton,07060004,River/Stream,,42.739547,-91.2619757
6,10220002,Volga River near Elkport,06/04/2020 12:35:00,AMBIENT,NIT-AMM,Ammonia-nitrogen (AS N),Total,,0.05,mg/l,False,0.05,,,LAC10-107-06-1J,UHL001,Actual,SW,Water,,,Clayton,07060004,River/Stream,,42.7497293,-91.2767798
6,10220002,Volga River near Elkport,05/07/2020 12:30:00,AMBIENT,NIT-AMM,Ammonia-nitrogen (AS N),Total,,0.05,mg/l,False,0.05,,,LAC10-107-06-1J,UHL001,Actual,SW,Water,,,Clayton,07060004,River/Stream,,42.7497293,-91.2767798
6,10220001,Turkey River near Garber,05/07/2020 12:15:00,AMBIENT,NIT-AMM,Ammonia-nitrogen (AS N),Total,,0.05,mg/l,False,0.05,,,LAC10-107-06-1J,UHL001,Actual,SW,Water,,,Clayton,07060004,River/Stream,,42.739547,-91.2619757
6,10220002,Volga River near Elkport,04/07/2020 11:00:00,AMBIENT,NIT-AMM,Ammonia-nitrogen (AS N),Total,,0.05,mg/l,False,0.05,,,LAC10-107-06-1J,UHL001,Actual,SW,Water,,,Clayton,07060004,River/Stream,,42.7497293,-91.2767798
6,10220001,Turkey River near Garber,04/07/2020 10:40:00,AMBIENT,NIT-AMM,Ammonia-nitrogen (AS N),Total,,0.05,mg/l,False,0.05,,,LAC10-107-06-1J,UHL001,Actual,SW,Water,,,Clayton,07060004,River/Stream,,42.739547,-91.2619757
6,10220001,Turkey River near Garber,03/03/2020 12:30:00,AMBIENT,NIT-AMM,Ammonia-nitrogen (AS N),Total,,0.05,mg/l,False,0.05,,,LAC10-107-06-1J,UHL001,Actual,SW,Water,,,Clayton,07060004,River/Stream,,42.739547,-91.2619757
6,10220002,Volga River near Elkport,03/03/2020 12:45:00,AMBIENT,NIT-AMM,Ammonia-nitrogen (AS N),Total,,0.05,mg/l,False,0.05,,,LAC10-107-06-1J,UHL001,Actual,SW,Water,,,Clayton,07060004,River/Stream,,42.7497293,-91.2767798
6,10220002,Volga River near Elkport,02/04/2020 11:10:00,AMBIENT,NIT-AMM,Ammonia-nitrogen (AS N),Total,,0.05,mg/l,False,0.05,,,LAC10-107-06-1J,UHL001,Actual,SW,Water,,,Clayton,07060004,River/Stream,,42.7497293,-91.2767798
6,10220001,Turkey River near Garber,02/04/2020 10:45:00,AMBIENT,NIT-AMM,Ammonia-nitrogen (AS N),Total,,0.05,mg/l,False,0.05,,,LAC10-107-06-1J,UHL001,Actual,SW,Water,,,Clayton,07060004,River/Stream,,42.739547,-91.2619757
6,10220002,Volga River near Elkport,01/07/2020 12:40:00,AMBIENT,NIT-AMM,Ammonia-nitrogen (AS N),Total,,0.05,mg/l,False,0.05,,,LAC10-107-06-1J,UHL001,Actual,SW,Water,,,Clayton,07060004,River/Stream,,42.7497293,-91.2767798
6,10220001,Turkey River near Garber,01/07/2020 12:25:00,AMBIENT,NIT-AMM,Ammonia-nitrogen (AS N),Total,,0.05,mg/l,False,0.05,,,LAC10-107-06-1J,UHL001,Actual,SW,Water,,,Clayton,07060004,River/Stream,,42.739547,-91.2619757
6,10220002,Volga River near Elkport,11/05/2019 12:40:00,AMBIENT,NIT-AMM,Ammonia-nitrogen (AS N),Total,,0.05,mg/l,False,0.05,,,LAC10-107-06-1J,UHL001,Actual,SW,Water,,,Clayton,07060004,River/Stream,,42.7497293,-91.2767798
6,10220001,Turkey River near Garber,11/05/2019 12:15:00,AMBIENT,NIT-AMM,Ammonia-nitrogen (AS N),Total,,0.05,mg/l,False,0.05,,,LAC10-107-06-1J,UHL001,Actual,SW,Water,,,Clayton,07060004,River/Stream,,42.739547,-91.2619757
6,10220002,Volga River near Elkport,12/05/2019 11:45:00,AMBIENT,NIT-AMM,Ammonia-nitrogen (AS N),Total,,0.05,mg/l,False,0.05,,,LAC10-107-06-1J,UHL001,Actual,SW,Water,,,Clayton,07060004,River/Stream,,42.7497293,-91.2767798
6,10220001,Turkey River near Garber,12/05/2019 11:25:00,AMBIENT,NIT-AMM,Ammonia-nitrogen (AS N),Total,,0.05,mg/l,False,0.05,,,LAC10-107-06-1J,UHL001,Actual,SW,Water,,,Clayton,07060004,River/Stream,,42.739547,-91.2619757
6,10220002,Volga River near Elkport,10/02/2019 09:00:00,AMBIENT,NIT-AMM,Ammonia-nitrogen (AS N),Total,,0.05,mg/l,False,0.05,,,LAC10-107-06-1J,UHL001,Actual,SW,Water,,,Clayton,07060004,River/Stream,,42.7497293,-91.2767798
6,10220001,Turkey River near Garber,10/02/2019 09:20:00,AMBIENT,NIT-AMM,Ammonia-nitrogen (AS N),Total,,0.11,mg/l,True,0.05,,,LAC10-107-06-1J,UHL001,Actual,SW,Water,,,Clayton,07060004,River/Stream,,42.739547,-91.2619757
6,10220002,Volga River near Elkport,09/05/2019 10:15:00,AMBIENT,NIT-AMM,Ammonia-nitrogen (AS N),Total,,0.05,mg/l,False,0.05,,,LAC10-107-06-1J,UHL001,Actual,SW,Water,,,Clayton,07060004,River/Stream,,42.7497293,-91.2767798
6,10220001,Turkey River near Garber,09/05/2019 10:00:00,AMBIENT,NIT-AMM,Ammonia-nitrogen (AS N),Total,,0.05,mg/l,False,0.05,,,LAC10-107-06-1J,UHL001,Actual,SW,Water,,,Clayton,07060004,River/Stream,,42.739547,-91.2619757
6,10220001,Turkey River near Garber,08/08/2019 09:20:00,AMBIENT,NIT-AMM,Ammonia-nitrogen (AS N),Total,,0.05,mg/l,False,0.05,,,LAC10-107-06-1J,UHL001,Actual,SW,Water,,,Clayton,07060004,River/Stream,,42.739547,-91.2619757
6,10220002,Volga River near Elkport,08/08/2019 09:10:00,AMBIENT,NIT-AMM,Ammonia-nitrogen (AS N),Total,,0.05,mg/l,False,0.05,,,LAC10-107-06-1J,UHL001,Actual,SW,Water,,,Clayton,07060004,River/Stream,,42.7497293,-91.2767798
6,10220001,Turkey River near Garber,07/02/2019 09:30:00,AMBIENT,NIT-AMM,Ammonia-nitrogen (AS N),Total,,0.05,mg/l,False,0.05,,,LAC10-107-06-1J,UHL001,Actual,SW,Water,,,Clayton,07060004,River/Stream,,42.739547,-91.2619757
6,10220002,Volga River near Elkport,07/02/2019 09:00:00,AMBIENT,NIT-AMM,Ammonia-nitrogen (AS N),Total,,0.05,mg/l,False,0.05,,,LAC10-107-06-1J,UHL001,Actual,SW,Water,,,Clayton,07060004,River/Stream,,42.7497293,-91.2767798
6,10220001,Turkey River near Garber,05/20/2019 12:00:00,PCALIB,NIT-AMM,Ammonia-nitrogen (AS N),Total,,0.42,mg/l,True,0.05,,,LAC10-107-06-1J,UHL001,Actual,SW,Water,,,Clayton,07060004,River/Stream,,42.739547,-91.2619757
6,10220001,Turkey River near Garber,10/09/2018 14:10:00,PCALIB,NIT-AMM,Ammonia-nitrogen (AS N),Total,,0.13,mg/l,True,0.05,,,LAC10-107-06-1J,UHL001,Actual,SW,Water,,,Clayton,07060004,River/Stream,,42.739547,-91.2619757
6,10220002,Volga River near Elkport,06/05/2019 07:40:00,AMBIENT,NIT-AMM,Ammonia-nitrogen (AS N),Total,,0.05,mg/l,False,0.05,,,LAC10-107-06-1J,UHL001,Actual,SW,Water,,,Clayton,07060004,River/Stream,,42.7497293,-91.2767798
6,10220001,Turkey River near Garber,09/05/2018 12:00:00,PCALIB,NIT-AMM,Ammonia-nitrogen (AS N),Total,,0.05,mg/l,False,0.05,,,LAC10-107-06-1J,UHL001,Actual,SW,Water,,,Clayton,07060004,River/Stream,,42.739547,-91.2619757
6,10220001,Turkey River near Garber,06/05/2019 08:00:00,AMBIENT,NIT-AMM,Ammonia-nitrogen (AS N),Total,,0.05,mg/l,False,0.05,,,LAC10-107-06-1J,UHL001,Actual,SW,Water,,,Clayton,07060004,River/Stream,,42.739547,-91.2619757
6,10220002,Volga River near Elkport,05/07/2019 08:05:00,AMBIENT,NIT-AMM,Ammonia-nitrogen (AS N),Total,,0.05,mg/l,False,0.05,,,LAC10-107-06-1J,UHL001,Actual,SW,Water,,,Clayton,07060004,River/Stream,,42.7497293,-91.2767798
6,10220001,Turkey River near Garber,05/07/2019 08:30:00,AMBIENT,NIT-AMM,Ammonia-nitrogen (AS N),Total,,0.05,mg/l,False,0.05,,,LAC10-107-06-1J,UHL001,Actual,SW,Water,,,Clayton,07060004,River/Stream,,42.739547,-91.2619757
6,10220001,Turkey River near Garber,04/04/2019 08:35:00,AMBIENT,NIT-AMM,Ammonia-nitrogen (AS N),Total,,0.05,mg/l,False,0.05,,,LAC10-107-06-1J,UHL001,Actual,SW,Water,,,Clayton,07060004,River/Stream,,42.739547,-91.2619757
6,10220002,Volga River near Elkport,04/04/2019 08:10:00,AMBIENT,NIT-AMM,Ammonia-nitrogen (AS N),Total,,0.05,mg/l,False,0.05,,,LAC10-107-06-1J,UHL001,Actual,SW,Water,,,Clayton,07060004,River/Stream,,42.7497293,-91.2767798
6,10220002,Volga River near Elkport,03/07/2019 08:00:00,AMBIENT,NIT-AMM,Ammonia-nitrogen (AS N),Total,,0.05,mg/l,False,0.05,,,LAC10-107-06-1J,UHL001,Actual,SW,Water,,,Clayton,07060004,River/Stream,,42.7497293,-91.2767798
6,10220001,Turkey River near Garber,03/07/2019 08:30:00,AMBIENT,NIT-AMM,Ammonia-nitrogen (AS N),Total,,0.05,mg/l,False,0.05,,,LAC10-107-06-1J,UHL001,Actual,SW,Water,,,Clayton,07060004,River/Stream,,42.739547,-91.2619757
6,10220002,Volga River near Elkport,02/07/2019 10:30:00,AMBIENT,NIT-AMM,Ammonia-nitrogen (AS N),Total,,0.18,mg/l,True,0.05,,,LAC10-107-06-1J,UHL001,Actual,SW,Water,,,Clayton,07060004,River/Stream,,42.7497293,-91.2767798
6,10220001,Turkey River near Garber,02/07/2019 10:05:00,AMBIENT,NIT-AMM,Ammonia-nitrogen (AS N),Total,,0.4,mg/l,True,0.05,,,LAC10-107-06-1J,UHL001,Actual,SW,Water,,,Clayton,07060004,River/Stream,,42.739547,-91.2619757
6,10220002,Volga River near Elkport,01/07/2019 12:45:00,AMBIENT,NIT-AMM,Ammonia-nitrogen (AS N),Total,,0.21,mg/l,True,0.05,,,LAC10-107-06-1J,UHL001,Actual,SW,Water,,,Clayton,07060004,River/Stream,,42.7497293,-91.2767798
6,10220001,Turkey River near Garber,01/07/2019 12:30:00,AMBIENT,NIT-AMM,Ammonia-nitrogen (AS N),Total,,0.05,mg/l,False,0.05,,,LAC10-107-06-1J,UHL001,Actual,SW,Water,,,Clayton,07060004,River/Stream,,42.739547,-91.2619757
6,10220001,Turkey River near Garber,12/05/2018 10:50:00,AMBIENT,NIT-AMM,Ammonia-nitrogen (AS N),Total,,0.05,mg/l,False,0.05,,,LAC10-107-06-1J,UHL001,Actual,SW,Water,,,Clayton,07060004,River/Stream,,42.739547,-91.2619757
6,10220002,Volga River near Elkport,12/05/2018 11:15:00,AMBIENT,NIT-AMM,Ammonia-nitrogen (AS N),Total,,0.05,mg/l,False,0.05,,,LAC10-107-06-1J,UHL001,Actual,SW,Water,,,Clayton,07060004,River/Stream,,42.7497293,-91.2767798
6,10220002,Volga River near Elkport,11/07/2018 09:00:00,AMBIENT,NIT-AMM,Ammonia-nitrogen (AS N),Total,,0.05,mg/l,False,0.05,,,LAC10-107-06-1J,UHL001,Actual,SW,Water,,,Clayton,07060004,River/Stream,,42.7497293,-91.2767798
6,10220001,Turkey River near Garber,10/02/2018 09:40:00,AMBIENT,NIT-AMM,Ammonia-nitrogen (AS N),Total,,0.05,mg/l,True,0.05,,,LAC10-107-06-1J,UHL001,Actual,SW,Water,,,Clayton,07060004,River/Stream,,42.739547,-91.2619757
6,10220001,Turkey River near Garber,11/07/2018 09:15:00,AMBIENT,NIT-AMM,Ammonia-nitrogen (AS N),Total,,0.05,mg/l,False,0.05,,,LAC10-107-06-1J,UHL001,Actual,SW,Water,,,Clayton,07060004,River/Stream,,42.739547,-91.2619757
6,10220002,Volga River near Elkport,10/02/2018 09:10:00,AMBIENT,NIT-AMM,Ammonia-nitrogen (AS N),Total,,0.05,mg/l,False,0.05,,,LAC10-107-06-1J,UHL001,Actual,SW,Water,,,Clayton,07060004,River/Stream,,42.7497293,-91.2767798
6,10220001,Turkey River near Garber,09/06/2018 09:20:00,AMBIENT,NIT-AMM,Ammonia-nitrogen (AS N),Total,,0.05,mg/l,False,0.05,,,LAC10-107-06-1J,UHL001,Actual,SW,Water,,,Clayton,07060004,River/Stream,,42.739547,-91.2619757
6,10220002,Volga River near Elkport,09/06/2018 09:00:00,AMBIENT,NIT-AMM,Ammonia-nitrogen (AS N),Total,,0.05,mg/l,False,0.05,,,LAC10-107-06-1J,UHL001,Actual,SW,Water,,,Clayton,07060004,River/Stream,,42.7497293,-91.2767798
6,10220001,Turkey River near Garber,08/06/2018 14:50:00,PCALIB,NIT-AMM,Ammonia-nitrogen (AS N),Total,,0.08,mg/l,True,0.05,,,LAC10-107-06-1J,UHL001,Actual,SW,Water,,,Clayton,07060004,River/Stream,,42.739547,-91.2619757
6,10220001,Turkey River near Garber,06/21/2018 14:10:00,PCALIB,NIT-AMM,Ammonia-nitrogen (AS N),Total,,0.05,mg/l,False,0.05,,,LAC10-107-06-1J,UHL001,Actual,SW,Water,,,Clayton,07060004,River/Stream,,42.739547,-91.2619757
6,10220001,Turkey River near Garber,06/11/2018 12:30:00,PCALIB,NIT-AMM,Ammonia-nitrogen (AS N),Total,,0.16,mg/l,True,0.05,,,LAC10-107-06-1J,UHL001,Actual,SW,Water,,,Clayton,07060004,River/Stream,,42.739547,-91.2619757
6,10220002,Volga River near Elkport,08/07/2018 09:00:00,AMBIENT,NIT-AMM,Ammonia-nitrogen (AS N),Total,,0.05,mg/l,False,0.05,,,LAC10-107-06-1J,UHL001,Actual,SW,Water,,,Clayton,07060004,River/Stream,,42.7497293,-91.2767798
6,10220001,Turkey River near Garber,08/07/2018 09:20:00,AMBIENT,NIT-AMM,Ammonia-nitrogen (AS N),Total,,0.05,mg/l,False,0.05,,,LAC10-107-06-1J,UHL001,Actual,SW,Water,,,Clayton,07060004,River/Stream,,42.739547,-91.2619757
6,10220001,Turkey River near Garber,07/09/2018 09:25:00,AMBIENT,NIT-AMM,Ammonia-nitrogen (AS N),Total,,0.05,mg/l,False,0.05,,,LAC10-107-06-1J,UHL001,Actual,SW,Water,,,Clayton,07060004,River/Stream,,42.739547,-91.2619757
6,10220002,Volga River near Elkport,07/09/2018 09:00:00,AMBIENT,NIT-AMM,Ammonia-nitrogen (AS N),Total,,0.05,mg/l,False,0.05,,,LAC10-107-06-1J,UHL001,Actual,SW,Water,,,Clayton,07060004,River/Stream,,42.7497293,-91.2767798
6,10220002,Volga River near Elkport,06/07/2018 11:20:00,AMBIENT,NIT-AMM,Ammonia-nitrogen (AS N),Total,,0.05,mg/l,False,0.05,,,LAC10-107-06-1J,UHL001,Actual,SW,Water,,,Clayton,07060004,River/Stream,,42.7497293,-91.2767798
6,10220001,Turkey River near Garber,06/07/2018 11:05:00,AMBIENT,NIT-AMM,Ammonia-nitrogen (AS N),Total,,0.05,mg/l,False,0.05,,,LAC10-107-06-1J,UHL001,Actual,SW,Water,,,Clayton,07060004,River/Stream,,42.739547,-91.2619757
6,10220002,Volga River near Elkport,05/08/2018 08:10:00,AMBIENT,NIT-AMM,Ammonia-nitrogen (AS N),Total,,0.05,mg/l,False,0.05,,,LAC10-107-06-1J,UHL001,Actual,SW,Water,,,Clayton,07060004,River/Stream,,42.7497293,-91.2767798
6,10220001,Turkey River near Garber,05/08/2018 08:30:00,AMBIENT,NIT-AMM,Ammonia-nitrogen (AS N),Total,,0.05,mg/l,False,0.05,,,LAC10-107-06-1J,UHL001,Actual,SW,Water,,,Clayton,07060004,River/Stream,,42.739547,-91.2619757
6,10220001,Turkey River near Garber,05/03/2018 12:50:00,PCALIB,NIT-AMM,Ammonia-nitrogen (AS N),Total,,0.05,mg/l,False,0.05,,,LAC10-107-06-1J,UHL001,Actual,SW,Water,,Event Sample.,Clayton,07060004,River/Stream,,42.739547,-91.2619757
6,10220001,Turkey River near Garber,05/07/2018 12:10:00,PCALIB,NIT-AMM,Ammonia-nitrogen (AS N),Total,,0.05,mg/l,False,0.05,,,LAC10-107-06-1J,UHL001,Actual,SW,Water,,Event Sample.,Clayton,07060004,River/Stream,,42.739547,-91.2619757
6,10220001,Turkey River near Garber,04/16/2018 11:00:00,PCALIB,NIT-AMM,Ammonia-nitrogen (AS N),Total,,0.3,mg/l,True,0.05,,,LAC10-107-06-1J,UHL001,Actual,SW,Water,,Event Sample.,Clayton,07060004,River/Stream,,42.739547,-91.2619757
6,10220001,Turkey River near Garber,04/10/2018 10:15:00,AMBIENT,NIT-AMM,Ammonia-nitrogen (AS N),Total,,0.05,mg/l,False,0.05,,,LAC10-107-06-1J,UHL001,Actual,SW,Water,,,Clayton,07060004,River/Stream,,42.739547,-91.2619757
6,10220002,Volga River near Elkport,04/10/2018 10:30:00,AMBIENT,NIT-AMM,Ammonia-nitrogen (AS N),Total,,0.05,mg/l,False,0.05,,,LAC10-107-06-1J,UHL001,Actual,SW,Water,,,Clayton,07060004,River/Stream,,42.7497293,-91.2767798
6,10220002,Volga River near Elkport,03/08/2018 10:15:00,AMBIENT,NIT-AMM,Ammonia-nitrogen (AS N),Total,,0.08,mg/l,True,0.05,,,LAC10-107-06-1J,UHL001,Actual,SW,Water,,,Clayton,07060004,River/Stream,,42.7497293,-91.2767798
6,10220001,Turkey River near Garber,03/08/2018 10:45:00,AMBIENT,NIT-AMM,Ammonia-nitrogen (AS N),Total,,0.35,mg/l,True,0.05,,,LAC10-107-06-1J,UHL001,Actual,SW,Water,,,Clayton,07060004,River/Stream,,42.739547,-91.2619757
6,10220002,Volga River near Elkport,02/05/2018 10:30:00,AMBIENT,NIT-AMM,Ammonia-nitrogen (AS N),Total,,0.06,mg/l,True,0.05,,,LAC10-107-06-1J,UHL001,Actual,SW,Water,,,Clayton,07060004,River/Stream,,42.7497293,-91.2767798
6,10220001,Turkey River near Garber,01/03/2018 10:00:00,AMBIENT,NIT-AMM,Ammonia-nitrogen (AS N),Total,,0.05,mg/l,False,0.05,,,LAC10-107-06-1J,UHL001,Actual,SW,Water,,,Clayton,07060004,River/Stream,,42.739547,-91.2619757
6,10220001,Turkey River near Garber,02/05/2018 10:10:00,AMBIENT,NIT-AMM,Ammonia-nitrogen (AS N),Total,,0.22,mg/l,True,0.05,,,LAC10-107-06-1J,UHL001,Actual,SW,Water,,,Clayton,07060004,River/Stream,,42.739547,-91.2619757
6,10220002,Volga River near Elkport,01/03/2018 09:20:00,AMBIENT,NIT-AMM,Ammonia-nitrogen (AS N),Total,,0.05,mg/l,False,0.05,,,LAC10-107-06-1J,UHL001,Actual,SW,Water,,,Clayton,07060004,River/Stream,,42.7497293,-91.2767798
6,10220001,Turkey River near Garber,11/06/2017 09:40:00,AMBIENT,NIT-AMM,Ammonia-nitrogen (AS N),Total,,0.05,mg/l,False,0.05,,,LAC10-107-06-1J,UHL001,Actual,SW,Water,,,Clayton,07060004,River/Stream,,42.739547,-91.2619757
6,10220002,Volga River near Elkport,11/06/2017 09:00:00,AMBIENT,NIT-AMM,Ammonia-nitrogen (AS N),Total,,0.05,mg/l,False,0.05,,,LAC10-107-06-1J,UHL001,Actual,SW,Water,,,Clayton,07060004,River/Stream,,42.7497293,-91.2767798
6,10220001,Turkey River near Garber,12/04/2017 09:30:00,AMBIENT,NIT-AMM,Ammonia-nitrogen (AS N),Total,,0.05,mg/l,False,0.05,,,LAC10-107-06-1J,UHL001,Actual,SW,Water,,,Clayton,07060004,River/Stream,,42.739547,-91.2619757
6,10220002,Volga River near Elkport,12/04/2017 09:00:00,AMBIENT,NIT-AMM,Ammonia-nitrogen (AS N),Total,,0.05,mg/l,False,0.05,,,LAC10-107-06-1J,UHL001,Actual,SW,Water,,,Clayton,07060004,River/Stream,,42.7497293,-91.2767798
6,10220001,Turkey River near Garber,09/07/2017 09:30:00,AMBIENT,NIT-AMM,Ammonia-nitrogen (AS N),Total,,0.05,mg/l,False,0.05,,,LAC10-107-06-1J,UHL001,Actual,SW,Water,,,Clayton,07060004,River/Stream,,42.739547,-91.2619757
6,10220001,Turkey River near Garber,10/04/2017 09:30:00,AMBIENT,NIT-AMM,Ammonia-nitrogen (AS N),Total,,0.05,mg/l,False,0.05,,,LAC10-107-06-1J,UHL001,Actual,SW,Water,,,Clayton,07060004,River/Stream,,42.739547,-91.2619757
6,10220002,Volga River near Elkport,09/07/2017 09:00:00,AMBIENT,NIT-AMM,Ammonia-nitrogen (AS N),Total,,0.05,mg/l,False,0.05,,,LAC10-107-06-1J,UHL001,Actual,SW,Water,,,Clayton,07060004,River/Stream,,42.7497293,-91.2767798
6,10220002,Volga River near Elkport,10/04/2017 09:00:00,AMBIENT,NIT-AMM,Ammonia-nitrogen (AS N),Total,,0.05,mg/l,False,0.05,,,LAC10-107-06-1J,UHL001,Actual,SW,Water,,,Clayton,07060004,River/Stream,,42.7497293,-91.2767798
6,10220002,Volga River near Elkport,08/02/2017 08:05:00,AMBIENT,NIT-AMM,Ammonia-nitrogen (AS N),Total,,0.05,mg/l,False,0.05,,,LAC10-107-06-1J,UHL001,Actual,SW,Water,,,Clayton,07060004,River/Stream,,42.7497293,-91.2767798
6,10220001,Turkey River near Garber,08/02/2017 08:20:00,AMBIENT,NIT-AMM,Ammonia-nitrogen (AS N),Total,,0.05,mg/l,False,0.05,,,LAC10-107-06-1J,UHL001,Actual,SW,Water,,,Clayton,07060004,River/Stream,,42.739547,-91.2619757
6,10220002,Volga River near Elkport,07/06/2017 08:15:00,AMBIENT,NIT-AMM,Ammonia-nitrogen (AS N),Total,,0.05,mg/l,False,0.05,,,LAC10-107-06-1J,UHL001,Actual,SW,Water,,,Clayton,07060004,River/Stream,,42.7497293,-91.2767798
6,10220001,Turkey River near Garber,07/06/2017 08:50:00,AMBIENT,NIT-AMM,Ammonia-nitrogen (AS N),Total,,0.05,mg/l,False,0.05,,,LAC10-107-06-1J,UHL001,Actual,SW,Water,,,Clayton,07060004,River/Stream,,42.739547,-91.2619757
6,10220002,Volga River near Elkport,06/07/2017 09:30:00,AMBIENT,NIT-AMM,Ammonia-nitrogen (AS N),Total,,0.05,mg/l,False,0.05,,,LAC10-107-06-1J,UHL001,Actual,SW,Water,,,Clayton,07060004,River/Stream,,42.7497293,-91.2767798
6,10220001,Turkey River near Garber,05/01/2017 09:35:00,AMBIENT,NIT-AMM,Ammonia-nitrogen (AS N),Total,,0.05,mg/l,False,0.05,,,LAC10-107-06-1J,UHL001,Actual,SW,Water,,,Clayton,07060004,River/Stream,,42.739547,-91.2619757
6,10220001,Turkey River near Garber,06/07/2017 09:15:00,AMBIENT,NIT-AMM,Ammonia-nitrogen (AS N),Total,,0.05,mg/l,False,0.05,,,LAC10-107-06-1J,UHL001,Actual,SW,Water,,,Clayton,07060004,River/Stream,,42.739547,-91.2619757
6,10220002,Volga River near Elkport,05/01/2017 09:20:00,AMBIENT,NIT-AMM,Ammonia-nitrogen (AS N),Total,,0.05,mg/l,False,0.05,,,LAC10-107-06-1J,UHL001,Actual,SW,Water,,,Clayton,07060004,River/Stream,,42.7497293,-91.2767798
6,10220002,Volga River near Elkport,04/10/2017 08:45:00,AMBIENT,NIT-AMM,Ammonia-nitrogen (AS N),Total,,0.05,mg/l,False,0.05,,,LAC10-107-06-1J,UHL001,Actual,SW,Water,,,Clayton,07060004,River/Stream,,42.7497293,-91.2767798
6,10220001,Turkey River near Garber,04/10/2017 08:35:00,AMBIENT,NIT-AMM,Ammonia-nitrogen (AS N),Total,,0.05,mg/l,False,0.05,,,LAC10-107-06-1J,UHL001,Actual,SW,Water,,,Clayton,07060004,River/Stream,,42.739547,-91.2619757
6,10220001,Turkey River near Garber,03/02/2017 11:10:00,AMBIENT,NIT-AMM,Ammonia-nitrogen (AS N),Total,,0.05,mg/l,True,0.05,,,LAC10-107-06-1J,UHL001,Actual,SW,Water,,,Clayton,07060004,River/Stream,,42.739547,-91.2619757
6,10220002,Volga River near Elkport,03/02/2017 11:25:00,AMBIENT,NIT-AMM,Ammonia-nitrogen (AS N),Total,,0.05,mg/l,False,0.05,,,LAC10-107-06-1J,UHL001,Actual,SW,Water,,,Clayton,07060004,River/Stream,,42.7497293,-91.2767798
6,10220001,Turkey River near Garber,02/01/2017 08:55:00,AMBIENT,NIT-AMM,Ammonia-nitrogen (AS N),Total,,0.05,mg/l,False,0.05,,,LAC10-107-06-1J,UHL001,Actual,SW,Water,,,Clayton,07060004,River/Stream,,42.739547,-91.2619757
6,10220001,Turkey River near Garber,01/05/2017 12:05:00,AMBIENT,NIT-AMM,Ammonia-nitrogen (AS N),Total,,0.05,mg/l,False,0.05,,,LAC10-107-06-1J,UHL001,Actual,SW,Water,,,Clayton,07060004,River/Stream,,42.739547,-91.2619757
6,10220002,Volga River near Elkport,02/01/2017 09:10:00,AMBIENT,NIT-AMM,Ammonia-nitrogen (AS N),Total,,0.06,mg/l,True,0.05,,,LAC10-107-06-1J,UHL001,Actual,SW,Water,,,Clayton,07060004,River/Stream,,42.7497293,-91.2767798
6,10220002,Volga River near Elkport,01/05/2017 11:30:00,AMBIENT,NIT-AMM,Ammonia-nitrogen (AS N),Total,,0.05,mg/l,False,0.05,,,LAC10-107-06-1J,UHL001,Actual,SW,Water,,,Clayton,07060004,River/Stream,,42.7497293,-91.2767798
6,10220001,Turkey River near Garber,12/07/2016 09:40:00,AMBIENT,NIT-AMM,Ammonia-nitrogen (AS N),Total,,0.05,mg/l,False,0.05,,,LAC10-107-06-1J,UHL001,Actual,SW,Water,,,Clayton,07060004,River/Stream,,42.739547,-91.2619757
6,10220002,Volga River near Elkport,12/07/2016 09:20:00,AMBIENT,NIT-AMM,Ammonia-nitrogen (AS N),Total,,0.05,mg/l,False,0.05,,,LAC10-107-06-1J,UHL001,Actual,SW,Water,,,Clayton,07060004,River/Stream,,42.7497293,-91.2767798
6,10220002,Volga River near Elkport,11/01/2016 11:35:00,AMBIENT,NIT-AMM,Ammonia-nitrogen (AS N),Total,,0.05,mg/l,False,0.05,,,LAC10-107-06-1J,UHL001,Actual,SW,Water,,,Clayton,07060004,River/Stream,,42.7497293,-91.2767798
6,10220001,Turkey River near Garber,11/01/2016 11:50:00,AMBIENT,NIT-AMM,Ammonia-nitrogen (AS N),Total,,0.05,mg/l,False,0.05,,,LAC10-107-06-1J,UHL001,Actual,SW,Water,,,Clayton,07060004,River/Stream,,42.739547,-91.2619757
6,10220002,Volga River near Elkport,10/03/2016 07:40:00,AMBIENT,NIT-AMM,Ammonia-nitrogen (AS N),Total,,0.05,mg/l,False,0.05,,,LAC10-107-06-1J,UHL001,Actual,SW,Water,,,Clayton,07060004,River/Stream,,42.7497293,-91.2767798
6,10220002,Volga River near Elkport,09/01/2016 08:30:00,AMBIENT,NIT-AMM,Ammonia-nitrogen (AS N),Total,,0.05,mg/l,False,0.05,,,LAC10-107-06-1J,UHL001,Actual,SW,Water,,,Clayton,07060004,River/Stream,,42.7497293,-91.2767798
6,10220001,Turkey River near Garber,10/03/2016 08:00:00,AMBIENT,NIT-AMM,Ammonia-nitrogen (AS N),Total,,0.05,mg/l,False,0.05,,,LAC10-107-06-1J,UHL001,Actual,SW,Water,,,Clayton,07060004,River/Stream,,42.739547,-91.2619757
6,15220008,West Fork Sny Magill Creek  (SNWF),06/25/1996 16:25:00,SNY319,NIT-AMM,Ammonia-nitrogen (as N),Total,,0.1,mg/l,False,0.1,,,Unknown,SNY001,Actual,SW,Water,,,Clayton,07060003,River/Stream,,42.97628121,-91.23730654
6,15220008,West Fork Sny Magill Creek  (SNWF),06/04/1996 14:20:00,SNY319,NIT-AMM,Ammonia-nitrogen (as N),Total,,0.1,mg/l,False,0.1,,,Unknown,SNY001,Actual,SW,Water,,,Clayton,07060003,River/Stream,,42.97628121,-91.23730654
6,15220008,West Fork Sny Magill Creek  (SNWF),04/30/1996 14:05:00,SNY319,NIT-AMM,Ammonia-nitrogen (as N),Total,,0.1,mg/l,False,0.1,,,Unknown,SNY001,Actual,SW,Water,,,Clayton,07060003,River/Stream,,42.97628121,-91.23730654
6,15220008,West Fork Sny Magill Creek  (SNWF),05/28/1996 14:10:00,SNY319,NIT-AMM,Ammonia-nitrogen (as N),Total,,0.4,mg/l,True,0.1,,,Unknown,SNY001,Actual,SW,Water,,,Clayton,07060003,River/Stream,,42.97628121,-91.23730654
6,15220008,West Fork Sny Magill Creek  (SNWF),05/21/1996 14:15:00,SNY319,NIT-AMM,Ammonia-nitrogen (as N),Total,,0.1,mg/l,False,0.1,,,Unknown,SNY001,Actual,SW,Water,,,Clayton,07060003,River/Stream,,42.97628121,-91.23730654
6,15220008,West Fork Sny Magill Creek  (SNWF),04/23/1996 10:50:00,SNY319,NIT-AMM,Ammonia-nitrogen (as N),Total,,0.1,mg/l,False,0.1,,,Unknown,SNY001,Actual,SW,Water,,,Clayton,07060003,River/Stream,,42.97628121,-91.23730654
6,15220008,West Fork Sny Magill Creek  (SNWF),04/16/1996 14:40:00,SNY319,NIT-AMM,Ammonia-nitrogen (as N),Total,,0.1,mg/l,False,0.1,,,Unknown,SNY001,Actual,SW,Water,,,Clayton,07060003,River/Stream,,42.97628121,-91.23730654
6,15220008,West Fork Sny Magill Creek  (SNWF),03/12/1996 15:35:00,SNY319,NIT-AMM,Ammonia-nitrogen (as N),Total,,0.3,mg/l,True,0.1,,,Unknown,SNY001,Actual,SW,Water,,,Clayton,07060003,River/Stream,,42.97628121,-91.23730654
6,15220008,West Fork Sny Magill Creek  (SNWF),03/26/1996 10:50:00,SNY319,NIT-AMM,Ammonia-nitrogen (as N),Total,,0.1,mg/l,False,0.1,,,Unknown,SNY001,Actual,SW,Water,,,Clayton,07060003,River/Stream,,42.97628121,-91.23730654
6,15220008,West Fork Sny Magill Creek  (SNWF),03/19/1996 11:00:00,SNY319,NIT-AMM,Ammonia-nitrogen (as N),Total,,0.1,mg/l,False,0.1,,,Unknown,SNY001,Actual,SW,Water,,,Clayton,07060003,River/Stream,,42.97628121,-91.23730654
6,15220008,West Fork Sny Magill Creek  (SNWF),02/20/1996 11:26:00,SNY319,NIT-AMM,Ammonia-nitrogen (as N),Total,,1.4,mg/l,True,0.1,,,Unknown,SNY001,Actual,SW,Water,,,Clayton,07060003,River/Stream,,42.97628121,-91.23730654
6,15220008,West Fork Sny Magill Creek  (SNWF),02/13/1996 14:10:00,SNY319,NIT-AMM,Ammonia-nitrogen (as N),Total,,0.1,mg/l,False,0.1,,,Unknown,SNY001,Actual,SW,Water,,,Clayton,07060003,River/Stream,,42.97628121,-91.23730654
6,15220008,West Fork Sny Magill Creek  (SNWF),01/16/1996 12:00:00,SNY319,NIT-AMM,Ammonia-nitrogen (as N),Total,,0.1,mg/l,True,0.1,,,Unknown,SNY001,Actual,SW,Water,,,Clayton,07060003,River/Stream,,42.97628121,-91.23730654
6,15220008,West Fork Sny Magill Creek  (SNWF),01/02/1996 14:40:00,SNY319,NIT-AMM,Ammonia-nitrogen (as N),Total,,0.1,mg/l,False,0.1,,,Unknown,SNY001,Actual,SW,Water,,,Clayton,07060003,River/Stream,,42.97628121,-91.23730654
6,15220008,West Fork Sny Magill Creek  (SNWF),02/06/1996 14:15:00,SNY319,NIT-AMM,Ammonia-nitrogen (as N),Total,,0.1,mg/l,False,0.1,,,Unknown,SNY001,Actual,SW,Water,,,Clayton,07060003,River/Stream,,42.97628121,-91.23730654
6,15220008,West Fork Sny Magill Creek  (SNWF),01/09/1996 14:20:00,SNY319,NIT-AMM,Ammonia-nitrogen (as N),Total,,0.1,mg/l,False,0.1,,,Unknown,SNY001,Actual,SW,Water,,,Clayton,07060003,River/Stream,,42.97628121,-91.23730654
6,15220008,West Fork Sny Magill Creek  (SNWF),09/04/2001 12:30:00,SNY319,NIT-AMM,Ammonia-nitrogen (as N),Total,,0.06,mg/l,True,0.01,,,Unknown,SNY001,Actual,SW,Water,,,Clayton,07060003,River/Stream,,42.97628121,-91.23730654
6,15220008,West Fork Sny Magill Creek  (SNWF),09/11/2001 14:45:00,SNY319,NIT-AMM,Ammonia-nitrogen (as N),Total,,0.01,mg/l,False,0.01,,,Unknown,SNY001,Actual,SW,Water,,,Clayton,07060003,River/Stream,,42.97628121,-91.23730654
6,15220008,West Fork Sny Magill Creek  (SNWF),09/18/2001 12:10:00,SNY319,NIT-AMM,Ammonia-nitrogen (as N),Total,,0.05,mg/l,False,0.05,,,Unknown,SNY001,Actual,SW,Water,,,Clayton,07060003,River/Stream,,42.97628121,-91.23730654
6,15220008,West Fork Sny Magill Creek  (SNWF),07/17/2001 13:50:00,SNY319,NIT-AMM,Ammonia-nitrogen (as N),Total,,0.1,mg/l,False,0.1,,,Unknown,SNY001,Actual,SW,Water,,,Clayton,07060003,River/Stream,,42.97628121,-91.23730654
6,15220008,West Fork Sny Magill Creek  (SNWF),07/24/2001 13:00:00,SNY319,NIT-AMM,Ammonia-nitrogen (as N),Total,,0.1,mg/l,False,0.1,,,Unknown,SNY001,Actual,SW,Water,,,Clayton,07060003,River/Stream,,42.97628121,-91.23730654
6,15220008,West Fork Sny Magill Creek  (SNWF),07/31/2001 15:20:00,SNY319,NIT-AMM,Ammonia-nitrogen (as N),Total,,0.1,mg/l,False,0.1,,,Unknown,SNY001,Actual,SW,Water,,,Clayton,07060003,River/Stream,,42.97628121,-91.23730654
6,15220008,West Fork Sny Magill Creek  (SNWF),08/07/2001 12:30:00,SNY319,NIT-AMM,Ammonia-nitrogen (as N),Total,,0.1,mg/l,False,0.1,,,Unknown,SNY001,Actual,SW,Water,,,Clayton,07060003,River/Stream,,42.97628121,-91.23730654
6,15220008,West Fork Sny Magill Creek  (SNWF),04/18/2000 13:40:00,SNY319,NIT-AMM,Ammonia-nitrogen (as N),Total,,0.2,mg/l,True,0.1,,,Unknown,SNY001,Actual,SW,Water,,,Clayton,07060003,River/Stream,,42.97628121,-91.23730654
6,15220008,West Fork Sny Magill Creek  (SNWF),04/25/2000 15:50:00,SNY319,NIT-AMM,Ammonia-nitrogen (as N),Total,,0.1,mg/l,False,0.1,,,Unknown,SNY001,Actual,SW,Water,,,Clayton,07060003,River/Stream,,42.97628121,-91.23730654
6,15220008,West Fork Sny Magill Creek  (SNWF),05/02/2000 14:10:00,SNY319,NIT-AMM,Ammonia-nitrogen (as N),Total,,0.1,mg/l,False,0.1,,,Unknown,SNY001,Actual,SW,Water,,,Clayton,07060003,River/Stream,,42.97628121,-91.23730654
6,15220008,West Fork Sny Magill Creek  (SNWF),05/30/2000 16:15:00,SNY319,NIT-AMM,Ammonia-nitrogen (as N),Total,,0.1,mg/l,False,0.1,,,Unknown,SNY001,Actual,SW,Water,,,Clayton,07060003,River/Stream,,42.97628121,-91.23730654
6,15220008,West Fork Sny Magill Creek  (SNWF),06/06/2000 13:15:00,SNY319,NIT-AMM,Ammonia-nitrogen (as N),Total,,0.1,mg/l,False,0.1,,,Unknown,SNY001,Actual,SW,Water,,,Clayton,07060003,River/Stream,,42.97628121,-91.23730654
6,15220008,West Fork Sny Magill Creek  (SNWF),06/13/2000 14:30:00,SNY319,NIT-AMM,Ammonia-nitrogen (as N),Total,,0.1,mg/l,False,0.1,,,Unknown,SNY001,Actual,SW,Water,,,Clayton,07060003,River/Stream,,42.97628121,-91.23730654
6,15220008,West Fork Sny Magill Creek  (SNWF),07/11/2000 13:30:00,SNY319,NIT-AMM,Ammonia-nitrogen (as N),Total,,0.1,mg/l,False,0.1,,,Unknown,SNY001,Actual,SW,Water,,,Clayton,07060003,River/Stream,,42.97628121,-91.23730654
6,15220008,West Fork Sny Magill Creek  (SNWF),07/18/2000 14:05:00,SNY319,NIT-AMM,Ammonia-nitrogen (as N),Total,,0.1,mg/l,False,0.1,,,Unknown,SNY001,Actual,SW,Water,,,Clayton,07060003,River/Stream,,42.97628121,-91.23730654
6,15220008,West Fork Sny Magill Creek  (SNWF),07/25/2000 15:05:00,SNY319,NIT-AMM,Ammonia-nitrogen (as N),Total,,0.1,mg/l,False,0.1,,,Unknown,SNY001,Actual,SW,Water,,,Clayton,07060003,River/Stream,,42.97628121,-91.23730654
6,15220008,West Fork Sny Magill Creek  (SNWF),08/22/2000 13:35:00,SNY319,NIT-AMM,Ammonia-nitrogen (as N),Total,,0.1,mg/l,True,0.1,,,Unknown,SNY001,Actual,SW,Water,,,Clayton,07060003,River/Stream,,42.97628121,-91.23730654
6,15220008,West Fork Sny Magill Creek  (SNWF),08/29/2000 15:50:00,SNY319,NIT-AMM,Ammonia-nitrogen (as N),Total,,0.1,mg/l,False,0.1,,,Unknown,SNY001,Actual,SW,Water,,,Clayton,07060003,River/Stream,,42.97628121,-91.23730654
6,15220008,West Fork Sny Magill Creek  (SNWF),09/05/2000 13:15:00,SNY319,NIT-AMM,Ammonia-nitrogen (as N),Total,,0.1,mg/l,False,0.1,,,Unknown,SNY001,Actual,SW,Water,,,Clayton,07060003,River/Stream,,42.97628121,-91.23730654
6,15220008,West Fork Sny Magill Creek  (SNWF),09/12/2000 13:50:00,SNY319,NIT-AMM,Ammonia-nitrogen (as N),Total,,0.1,mg/l,False,0.1,,,Unknown,SNY001,Actual,SW,Water,,,Clayton,07060003,River/Stream,,42.97628121,-91.23730654
6,15220008,West Fork Sny Magill Creek  (SNWF),10/03/2000 13:15:00,SNY319,NIT-AMM,Ammonia-nitrogen (as N),Total,,0.1,mg/l,False,0.1,,,Unknown,SNY001,Actual,SW,Water,,,Clayton,07060003,River/Stream,,42.97628121,-91.23730654
6,15220008,West Fork Sny Magill Creek  (SNWF),10/10/2000 13:40:00,SNY319,NIT-AMM,Ammonia-nitrogen (as N),Total,,0.1,mg/l,False,0.1,,,Unknown,SNY001,Actual,SW,Water,,,Clayton,07060003,River/Stream,,42.97628121,-91.23730654
6,15220008,West Fork Sny Magill Creek  (SNWF),11/07/2000 13:55:00,SNY319,NIT-AMM,Ammonia-nitrogen (as N),Total,,0.1,mg/l,False,0.1,,,Unknown,SNY001,Actual,SW,Water,,,Clayton,07060003,River/Stream,,42.97628121,-91.23730654
6,15220008,West Fork Sny Magill Creek  (SNWF),11/14/2000 13:05:00,SNY319,NIT-AMM,Ammonia-nitrogen (as N),Total,,0.1,mg/l,False,0.1,,,Unknown,SNY001,Actual,SW,Water,,,Clayton,07060003,River/Stream,,42.97628121,-91.23730654
6,15220008,West Fork Sny Magill Creek  (SNWF),11/21/2000 13:55:00,SNY319,NIT-AMM,Ammonia-nitrogen (as N),Total,,0.1,mg/l,False,0.1,,,Unknown,SNY001,Actual,SW,Water,,,Clayton,07060003,River/Stream,,42.97628121,-91.23730654
6,15220008,West Fork Sny Magill Creek  (SNWF),12/19/2000 15:10:00,SNY319,NIT-AMM,Ammonia-nitrogen (as N),Total,,0.1,mg/l,False,0.1,,,Unknown,SNY001,Actual,SW,Water,,,Clayton,07060003,River/Stream,,42.97628121,-91.23730654
6,15220008,West Fork Sny Magill Creek  (SNWF),12/26/2000 12:45:00,SNY319,NIT-AMM,Ammonia-nitrogen (as N),Total,,0.1,mg/l,False,0.1,,,Unknown,SNY001,Actual,SW,Water,,,Clayton,07060003,River/Stream,,42.97628121,-91.23730654
6,15220008,West Fork Sny Magill Creek  (SNWF),01/16/2001 12:45:00,SNY319,NIT-AMM,Ammonia-nitrogen (as N),Total,,0.1,mg/l,False,0.1,,,Unknown,SNY001,Actual,SW,Water,,,Clayton,07060003,River/Stream,,42.97628121,-91.23730654
6,15220008,West Fork Sny Magill Creek  (SNWF),01/23/2001 13:15:00,SNY319,NIT-AMM,Ammonia-nitrogen (as N),Total,,0.1,mg/l,False,0.1,,,Unknown,SNY001,Actual,SW,Water,,,Clayton,07060003,River/Stream,,42.97628121,-91.23730654
6,15220008,West Fork Sny Magill Creek  (SNWF),02/06/2001 12:50:00,SNY319,NIT-AMM,Ammonia-nitrogen (as N),Total,,0.1,mg/l,False,0.1,,,Unknown,SNY001,Actual,SW,Water,,,Clayton,07060003,River/Stream,,42.97628121,-91.23730654
6,15220008,West Fork Sny Magill Creek  (SNWF),03/06/2001 13:10:00,SNY319,NIT-AMM,Ammonia-nitrogen (as N),Total,,0.1,mg/l,False,0.1,,,Unknown,SNY001,Actual,SW,Water,,,Clayton,07060003,River/Stream,,42.97628121,-91.23730654
6,15220008,West Fork Sny Magill Creek  (SNWF),03/13/2001 12:55:00,SNY319,NIT-AMM,Ammonia-nitrogen (as N),Total,,0.1,mg/l,False,0.1,,,Unknown,SNY001,Actual,SW,Water,,,Clayton,07060003,River/Stream,,42.97628121,-91.23730654
6,15220008,West Fork Sny Magill Creek  (SNWF),03/20/2001 14:20:00,SNY319,NIT-AMM,Ammonia-nitrogen (as N),Total,,0.1,mg/l,False,0.1,,,Unknown,SNY001,Actual,SW,Water,,,Clayton,07060003,River/Stream,,42.97628121,-91.23730654
6,15220008,West Fork Sny Magill Creek  (SNWF),03/27/2001 14:40:00,SNY319,NIT-AMM,Ammonia-nitrogen (as N),Total,,0.1,mg/l,False,0.1,,,Unknown,SNY001,Actual,SW,Water,,,Clayton,07060003,River/Stream,,42.97628121,-91.23730654
6,15220008,West Fork Sny Magill Creek  (SNWF),04/24/2001 16:40:00,SNY319,NIT-AMM,Ammonia-nitrogen (as N),Total,,0.1,mg/l,False,0.1,,,Unknown,SNY001,Actual,SW,Water,,,Clayton,07060003,River/Stream,,42.97628121,-91.23730654
6,15220008,West Fork Sny Magill Creek  (SNWF),05/01/2001 12:40:00,SNY319,NIT-AMM,Ammonia-nitrogen (as N),Total,,0.1,mg/l,False,0.1,,,Unknown,SNY001,Actual,SW,Water,,,Clayton,07060003,River/Stream,,42.97628121,-91.23730654
6,15220008,West Fork Sny Magill Creek  (SNWF),05/08/2001 13:55:00,SNY319,NIT-AMM,Ammonia-nitrogen (as N),Total,,0.1,mg/l,False,0.1,,,Unknown,SNY001,Actual,SW,Water,,,Clayton,07060003,River/Stream,,42.97628121,-91.23730654
6,15220008,West Fork Sny Magill Creek  (SNWF),06/05/2001 12:55:00,SNY319,NIT-AMM,Ammonia-nitrogen (as N),Total,,0.1,mg/l,False,0.1,,,Unknown,SNY001,Actual,SW,Water,,,Clayton,07060003,River/Stream,,42.97628121,-91.23730654
6,15220008,West Fork Sny Magill Creek  (SNWF),06/12/2001 12:50:00,SNY319,NIT-AMM,Ammonia-nitrogen (as N),Total,,0.1,mg/l,False,0.1,,,Unknown,SNY001,Actual,SW,Water,,,Clayton,07060003,River/Stream,,42.97628121,-91.23730654
6,15220008,West Fork Sny Magill Creek  (SNWF),06/19/2001 13:15:00,SNY319,NIT-AMM,Ammonia-nitrogen (as N),Total,,0.1,mg/l,False,0.1,,,Unknown,SNY001,Actual,SW,Water,,,Clayton,07060003,River/Stream,,42.97628121,-91.23730654
6,15220010,Cox Creek @ Highway 13 (COX20),10/16/2013 08:15:00,TURKEYR,NIT-AMM,Ammonia-nitrogen (AS N),Total,,0.05,mg/l,False,0.05,,,LAC10-107-06-1J,UHL001,Actual,SW,Water,,,Clayton,07060004,River/Stream,,42.76688423,-91.46209679
6,15220012,Elk Creek @ Colesburg Rd/X3C (ELK10),10/16/2013 10:00:00,TURKEYR,NIT-AMM,Ammonia-nitrogen (AS N),Total,,0.05,mg/l,False,0.05,,,LAC10-107-06-1J,UHL001,Actual,SW,Water,,,Clayton,07060004,River/Stream,,42.73331715,-91.28009598
6,15220013,Hewett Creek @ Crystal Road (HEW20),10/16/2013 08:30:00,TURKEYR,NIT-AMM,Ammonia-nitrogen (AS N),Total,,0.05,mg/l,False,0.05,,,LAC10-107-06-1J,UHL001,Actual,SW,Water,,,Clayton,07060004,River/Stream,,42.78586318,-91.51847775
6,15220017,Roberts Creek @ Grape Rd (ROB10),10/16/2013 11:10:00,TURKEYR,NIT-AMM,Ammonia-nitrogen (AS N),Total,,0.05,mg/l,False,0.05,,,LAC10-107-06-1J,UHL001,Actual,SW,Water,,,Clayton,07060004,River/Stream,,42.83952465,-91.37446914
6,15220019,Roberts Creek @ Dalmation Ave (ROB50),10/16/2013 10:10:00,TURKEYR,NIT-AMM,Ammonia-nitrogen (AS N),Total,,0.05,mg/l,False,0.05,,,LAC10-107-06-1J,UHL001,Actual,SW,Water,,,Clayton,07060004,River/Stream,,42.95959549,-91.4562996
6,15220020,Turkey River @ Highway 52 (TR10),10/16/2013 10:20:00,TURKEYR,NIT-AMM,Ammonia-nitrogen (AS N),Total,,0.2,mg/l,True,0.05,,,LAC10-107-06-1J,UHL001,Actual,SW,Water,,,Clayton,07060004,River/Stream,,42.70781335,-91.0757377
6,15220010,Cox Creek @ Highway 13 (COX20),11/06/2013 07:45:00,TURKEYR,NIT-AMM,Ammonia-nitrogen (AS N),Total,,0.1,mg/l,True,0.05,,,LAC10-107-06-1J,UHL001,Actual,SW,Water,,,Clayton,07060004,River/Stream,,42.76688423,-91.46209679
6,15220011,Dry Mill Creek @ Grape Rd (DMI10),11/06/2013 10:15:00,TURKEYR,NIT-AMM,Ammonia-nitrogen (AS N),Total,,0.05,mg/l,False,0.05,,,LAC10-107-06-1J,UHL001,Actual,SW,Water,,,Clayton,07060004,River/Stream,,42.84327492,-91.36969617
6,15220012,Elk Creek @ Colesburg Rd/X3C (ELK10),11/06/2013 12:30:00,TURKEYR,NIT-AMM,Ammonia-nitrogen (AS N),Total,,0.05,mg/l,False,0.05,,,LAC10-107-06-1J,UHL001,Actual,SW,Water,,,Clayton,07060004,River/Stream,,42.73331715,-91.28009598
6,15220016,Mink Creek @ Aztec Road (MIN10),11/06/2013 08:10:00,TURKEYR,NIT-AMM,Ammonia-nitrogen (AS N),Total,,0.05,mg/l,False,0.05,,,LAC10-107-06-1J,UHL001,Actual,SW,Water,,,Clayton,07060004,River/Stream,,42.8441202,-91.59732742
6,15220034,Unnamed Trib. to Silver Crk. @ Dolphin Ave (SC03),04/10/2013 08:50:00,TURKEYR,NIT-AMM,Ammonia-nitrogen (AS N),Total,,0.75,mg/l,True,0.05,,,LAC10-107-06-1J,UHL001,Actual,SW,Water,,,Clayton,07060004,River/Stream,,43.0342002,-91.4587066
6,15220051,Unnamed Creek at 125th St (UNS25),04/10/2013 09:15:00,TURKEYR,NIT-AMM,Ammonia-nitrogen (AS N),Total,,0.13,mg/l,True,0.05,,,LAC10-107-06-1J,UHL001,Actual,SW,Water,,,Clayton,07060004,River/Stream,,43.04444686,-91.43104301
6,15220009,South Cedar Creek @ Lower Cedar Rd (CED10),04/10/2013 11:30:00,TURKEYR,NIT-AMM,Ammonia-nitrogen (AS N),Total,,0.53,mg/l,True,0.05,,,LAC10-107-06-1J,UHL001,Actual,SW,Water,,,Clayton,07060004,River/Stream,,42.74424922,-91.21535774
6,15220013,Hewett Creek @ Crystal Road (HEW20),04/10/2013 07:40:00,TURKEYR,NIT-AMM,Ammonia-nitrogen (AS N),Total,,0.11,mg/l,True,0.05,,,LAC10-107-06-1J,UHL001,Actual,SW,Water,,,Clayton,07060004,River/Stream,,42.78586318,-91.51847775
6,15220014,Howard Creek @ Mouth (HOW10),04/10/2013 13:07:00,TURKEYR,NIT-AMM,Ammonia-nitrogen (AS N),Total,,0.73,mg/l,True,0.05,,,LAC10-107-06-1J,UHL001,Actual,SW,Water,,,Clayton,07060004,River/Stream,,42.9300546,-91.38292282
6,15220017,Roberts Creek @ Grape Rd (ROB10),04/10/2013 11:50:00,TURKEYR,NIT-AMM,Ammonia-nitrogen (AS N),Total,,0.52,mg/l,True,0.05,,,LAC10-107-06-1J,UHL001,Actual,SW,Water,,,Clayton,07060004,River/Stream,,42.83952465,-91.37446914
6,15220019,Roberts Creek @ Dalmation Ave (ROB50),04/10/2013 13:30:00,TURKEYR,NIT-AMM,Ammonia-nitrogen (AS N),Total,,0.56,mg/l,True,0.05,,,LAC10-107-06-1J,UHL001,Actual,SW,Water,,,Clayton,07060004,River/Stream,,42.95959549,-91.4562996
6,15220020,Turkey River @ Highway 52 (TR10),04/10/2013 10:02:00,TURKEYR,NIT-AMM,Ammonia-nitrogen (AS N),Total,,0.18,mg/l,True,0.05,,,LAC10-107-06-1J,UHL001,Actual,SW,Water,,,Clayton,07060004,River/Stream,,42.70781335,-91.0757377
6,15220045,Turkey River @ Hwy. 13 (TR28),04/10/2013 11:25:00,TURKEYR,NIT-AMM,Ammonia-nitrogen (AS N),Total,,0.21,mg/l,True,0.05,,,LAC10-107-06-1J,UHL001,Actual,SW,Water,,,Clayton,07060004,River/Stream,,42.84321539,-91.40058452
6,15220012,Elk Creek @ Colesburg Rd/X3C (ELK10),05/01/2013 14:40:00,TURKEYR,NIT-AMM,Ammonia-nitrogen (AS N),Total,,0.05,mg/l,False,0.05,,,LAC10-107-06-1J,UHL001,Actual,SW,Water,,,Clayton,07060004,River/Stream,,42.73331715,-91.28009598
6,15220013,Hewett Creek @ Crystal Road (HEW20),05/01/2013 07:20:00,TURKEYR,NIT-AMM,Ammonia-nitrogen (AS N),Total,,0.05,mg/l,False,0.05,,,LAC10-107-06-1J,UHL001,Actual,SW,Water,,,Clayton,07060004,River/Stream,,42.78586318,-91.51847775
6,15220017,Roberts Creek @ Grape Rd (ROB10),05/01/2013 10:15:00,TURKEYR,NIT-AMM,Ammonia-nitrogen (AS N),Total,,0.05,mg/l,False,0.05,,,LAC10-107-06-1J,UHL001,Actual,SW,Water,,,Clayton,07060004,River/Stream,,42.83952465,-91.37446914
6,15220020,Turkey River @ Highway 52 (TR10),05/01/2013 12:00:00,TURKEYR,NIT-AMM,Ammonia-nitrogen (AS N),Total,,0.05,mg/l,False,0.05,,,LAC10-107-06-1J,UHL001,Actual,SW,Water,,,Clayton,07060004,River/Stream,,42.70781335,-91.0757377
6,15220034,Unnamed Trib. to Silver Crk. @ Dolphin Ave (SC03),05/01/2013 09:00:00,TURKEYR,NIT-AMM,Ammonia-nitrogen (AS N),Total,,2.3,mg/l,True,0.05,,,LAC10-107-06-1J,UHL001,Actual,SW,Water,,,Clayton,07060004,River/Stream,,43.0342002,-91.4587066
6,15220051,Unnamed Creek at 125th St (UNS25),05/01/2013 08:40:00,TURKEYR,NIT-AMM,Ammonia-nitrogen (AS N),Total,,0.05,mg/l,False,0.05,,,LAC10-107-06-1J,UHL001,Actual,SW,Water,,,Clayton,07060004,River/Stream,,43.04444686,-91.43104301
6,15220008,West Fork Sny Magill Creek  (SNWF),02/16/1999 12:30:00,SNY319,NIT-AMM,Ammonia-nitrogen (as N),Total,,0.1,mg/l,False,0.1,,,Unknown,SNY001,Actual,SW,Water,,,Clayton,07060003,River/Stream,,42.97628121,-91.23730654
6,15220008,West Fork Sny Magill Creek  (SNWF),02/23/1999 14:05:00,SNY319,NIT-AMM,Ammonia-nitrogen (as N),Total,,0.1,mg/l,False,0.1,,,Unknown,SNY001,Actual,SW,Water,,,Clayton,07060003,River/Stream,,42.97628121,-91.23730654
6,15220008,West Fork Sny Magill Creek  (SNWF),03/02/1999 12:50:00,SNY319,NIT-AMM,Ammonia-nitrogen (as N),Total,,0.1,mg/l,False,0.1,,,Unknown,SNY001,Actual,SW,Water,,,Clayton,07060003,River/Stream,,42.97628121,-91.23730654
6,15220008,West Fork Sny Magill Creek  (SNWF),04/20/1999 11:50:00,SNY319,NIT-AMM,Ammonia-nitrogen (as N),Total,,0.1,mg/l,False,0.1,,,Unknown,SNY001,Actual,SW,Water,,,Clayton,07060003,River/Stream,,42.97628121,-91.23730654
6,15220008,West Fork Sny Magill Creek  (SNWF),04/27/1999 14:10:00,SNY319,NIT-AMM,Ammonia-nitrogen (as N),Total,,0.1,mg/l,False,0.1,,,Unknown,SNY001,Actual,SW,Water,,,Clayton,07060003,River/Stream,,42.97628121,-91.23730654
6,15220008,West Fork Sny Magill Creek  (SNWF),05/04/1999 12:20:00,SNY319,NIT-AMM,Ammonia-nitrogen (as N),Total,,0.1,mg/l,False,0.1,,,Unknown,SNY001,Actual,SW,Water,,,Clayton,07060003,River/Stream,,42.97628121,-91.23730654
6,15220008,West Fork Sny Magill Creek  (SNWF),05/11/1999 12:45:00,SNY319,NIT-AMM,Ammonia-nitrogen (as N),Total,,0.1,mg/l,False,0.1,,,Unknown,SNY001,Actual,SW,Water,,,Clayton,07060003,River/Stream,,42.97628121,-91.23730654
6,15220008,West Fork Sny Magill Creek  (SNWF),05/18/1999 12:50:00,SNY319,NIT-AMM,Ammonia-nitrogen (as N),Total,,0.1,mg/l,False,0.1,,,Unknown,SNY001,Actual,SW,Water,,,Clayton,07060003,River/Stream,,42.97628121,-91.23730654
6,15220008,West Fork Sny Magill Creek  (SNWF),07/06/1999 13:50:00,SNY319,NIT-AMM,Ammonia-nitrogen (as N),Total,,0.1,mg/l,False,0.1,,,Unknown,SNY001,Actual,SW,Water,,,Clayton,07060003,River/Stream,,42.97628121,-91.23730654
6,15220008,West Fork Sny Magill Creek  (SNWF),07/20/1999 13:05:00,SNY319,NIT-AMM,Ammonia-nitrogen (as N),Total,,0.1,mg/l,False,0.1,,,Unknown,SNY001,Actual,SW,Water,,,Clayton,07060003,River/Stream,,42.97628121,-91.23730654
6,15220008,West Fork Sny Magill Creek  (SNWF),07/27/1999 14:50:00,SNY319,NIT-AMM,Ammonia-nitrogen (as N),Total,,0.1,mg/l,False,0.1,,,Unknown,SNY001,Actual,SW,Water,,,Clayton,07060003,River/Stream,,42.97628121,-91.23730654
6,15220008,West Fork Sny Magill Creek  (SNWF),08/03/1999 12:50:00,SNY319,NIT-AMM,Ammonia-nitrogen (as N),Total,,0.1,mg/l,False,0.1,,,Unknown,SNY001,Actual,SW,Water,,,Clayton,07060003,River/Stream,,42.97628121,-91.23730654
6,15220008,West Fork Sny Magill Creek  (SNWF),08/10/1999 12:55:00,SNY319,NIT-AMM,Ammonia-nitrogen (as N),Total,,0.1,mg/l,False,0.1,,,Unknown,SNY001,Actual,SW,Water,,,Clayton,07060003,River/Stream,,42.97628121,-91.23730654
6,15220008,West Fork Sny Magill Creek  (SNWF),08/17/1999 12:50:00,SNY319,NIT-AMM,Ammonia-nitrogen (as N),Total,,0.1,mg/l,False,0.1,,,Unknown,SNY001,Actual,SW,Water,,,Clayton,07060003,River/Stream,,42.97628121,-91.23730654
6,15220008,West Fork Sny Magill Creek  (SNWF),10/05/1999 12:50:00,SNY319,NIT-AMM,Ammonia-nitrogen (as N),Total,,0.1,mg/l,False,0.1,,,Unknown,SNY001,Actual,SW,Water,,,Clayton,07060003,River/Stream,,42.97628121,-91.23730654
6,15220008,West Fork Sny Magill Creek  (SNWF),11/02/1999 14:20:00,SNY319,NIT-AMM,Ammonia-nitrogen (as N),Total,,0.1,mg/l,False,0.1,,,Unknown,SNY001,Actual,SW,Water,,,Clayton,07060003,River/Stream,,42.97628121,-91.23730654
6,15220008,West Fork Sny Magill Creek  (SNWF),11/09/1999 13:35:00,SNY319,NIT-AMM,Ammonia-nitrogen (as N),Total,,0.1,mg/l,False,0.1,,,Unknown,SNY001,Actual,SW,Water,,,Clayton,07060003,River/Stream,,42.97628121,-91.23730654
6,15220008,West Fork Sny Magill Creek  (SNWF),11/16/1999 13:20:00,SNY319,NIT-AMM,Ammonia-nitrogen (as N),Total,,0.1,mg/l,False,0.1,,,Unknown,SNY001,Actual,SW,Water,,,Clayton,07060003,River/Stream,,42.97628121,-91.23730654
6,15220008,West Fork Sny Magill Creek  (SNWF),12/14/1999 13:35:00,SNY319,NIT-AMM,Ammonia-nitrogen (as N),Total,,0.1,mg/l,False,0.1,,,Unknown,SNY001,Actual,SW,Water,,,Clayton,07060003,River/Stream,,42.97628121,-91.23730654
6,15220008,West Fork Sny Magill Creek  (SNWF),12/21/1999 13:30:00,SNY319,NIT-AMM,Ammonia-nitrogen (as N),Total,,0.1,mg/l,False,0.1,,,Unknown,SNY001,Actual,SW,Water,,,Clayton,07060003,River/Stream,,42.97628121,-91.23730654
6,15220008,West Fork Sny Magill Creek  (SNWF),12/28/1999 14:50:00,SNY319,NIT-AMM,Ammonia-nitrogen (as N),Total,,0.1,mg/l,False,0.1,,,Unknown,SNY001,Actual,SW,Water,,,Clayton,07060003,River/Stream,,42.97628121,-91.23730654
6,15220008,West Fork Sny Magill Creek  (SNWF),01/11/2000 15:30:00,SNY319,NIT-AMM,Ammonia-nitrogen (as N),Total,,0.1,mg/l,False,0.1,,,Unknown,SNY001,Actual,SW,Water,,,Clayton,07060003,River/Stream,,42.97628121,-91.23730654
6,15220008,West Fork Sny Magill Creek  (SNWF),01/18/2000 14:05:00,SNY319,NIT-AMM,Ammonia-nitrogen (as N),Total,,0.1,mg/l,False,0.1,,,Unknown,SNY001,Actual,SW,Water,,,Clayton,07060003,River/Stream,,42.97628121,-91.23730654
6,15220008,West Fork Sny Magill Creek  (SNWF),01/25/2000 14:55:00,SNY319,NIT-AMM,Ammonia-nitrogen (as N),Total,,0.1,mg/l,False,0.1,,,Unknown,SNY001,Actual,SW,Water,,,Clayton,07060003,River/Stream,,42.97628121,-91.23730654
6,15220008,West Fork Sny Magill Creek  (SNWF),02/01/2000 14:00:00,SNY319,NIT-AMM,Ammonia-nitrogen (as N),Total,,0.1,mg/l,False,0.1,,,Unknown,SNY001,Actual,SW,Water,,,Clayton,07060003,River/Stream,,42.97628121,-91.23730654
6,15220008,West Fork Sny Magill Creek  (SNWF),02/29/2000 15:50:00,SNY319,NIT-AMM,Ammonia-nitrogen (as N),Total,,0.1,mg/l,False,0.1,,,Unknown,SNY001,Actual,SW,Water,,,Clayton,07060003,River/Stream,,42.97628121,-91.23730654
6,15220008,West Fork Sny Magill Creek  (SNWF),03/07/2000 13:20:00,SNY319,NIT-AMM,Ammonia-nitrogen (as N),Total,,0.1,mg/l,False,0.1,,,Unknown,SNY001,Actual,SW,Water,,,Clayton,07060003,River/Stream,,42.97628121,-91.23730654
6,15220008,West Fork Sny Magill Creek  (SNWF),03/14/2000 14:00:00,SNY319,NIT-AMM,Ammonia-nitrogen (as N),Total,,0.1,mg/l,False,0.1,,,Unknown,SNY001,Actual,SW,Water,,,Clayton,07060003,River/Stream,,42.97628121,-91.23730654
6,15220008,West Fork Sny Magill Creek  (SNWF),04/11/2000 15:00:00,SNY319,NIT-AMM,Ammonia-nitrogen (as N),Total,,0.4,mg/l,True,0.1,,,Unknown,SNY001,Actual,SW,Water,,,Clayton,07060003,River/Stream,,42.97628121,-91.23730654
6,15220012,Elk Creek @ Colesburg Rd/X3C (ELK10),06/05/2013 10:40:00,TURKEYR,NIT-AMM,Ammonia-nitrogen (AS N),Total,,0.08,mg/l,True,0.05,,,LAC10-107-06-1J,UHL001,Actual,SW,Water,,,Clayton,07060004,River/Stream,,42.73331715,-91.28009598
6,15220016,Mink Creek @ Aztec Road (MIN10),06/05/2013 09:20:00,TURKEYR,NIT-AMM,Ammonia-nitrogen (AS N),Total,,0.05,mg/l,False,0.05,,,LAC10-107-06-1J,UHL001,Actual,SW,Water,,,Clayton,07060004,River/Stream,,42.8441202,-91.59732742
6,15220020,Turkey River @ Highway 52 (TR10),06/05/2013 09:30:00,TURKEYR,NIT-AMM,Ammonia-nitrogen (AS N),Total,,0.07,mg/l,True,0.05,,,LAC10-107-06-1J,UHL001,Actual,SW,Water,,,Clayton,07060004,River/Stream,,42.70781335,-91.0757377
6,15220034,Unnamed Trib. to Silver Crk. @ Dolphin Ave (SC03),06/05/2013 11:40:00,TURKEYR,NIT-AMM,Ammonia-nitrogen (AS N),Total,,0.4,mg/l,True,0.05,,,LAC10-107-06-1J,UHL001,Actual,SW,Water,,,Clayton,07060004,River/Stream,,43.0342002,-91.4587066
6,15220051,Unnamed Creek at 125th St (UNS25),06/05/2013 10:20:00,TURKEYR,NIT-AMM,Ammonia-nitrogen (AS N),Total,,0.16,mg/l,True,0.05,,,LAC10-107-06-1J,UHL001,Actual,SW,Water,,,Clayton,07060004,River/Stream,,43.04444686,-91.43104301
6,15220011,Dry Mill Creek @ Grape Rd (DMI10),07/10/2013 14:40:00,TURKEYR,NIT-AMM,Ammonia-nitrogen (AS N),Total,,0.05,mg/l,False,0.05,,,LAC10-107-06-1J,UHL001,Actual,SW,Water,,,Clayton,07060004,River/Stream,,42.84327492,-91.36969617
6,15220012,Elk Creek @ Colesburg Rd/X3C (ELK10),07/10/2013 09:25:00,TURKEYR,NIT-AMM,Ammonia-nitrogen (AS N),Total,,0.16,mg/l,True,0.05,,,LAC10-107-06-1J,UHL001,Actual,SW,Water,,,Clayton,07060004,River/Stream,,42.73331715,-91.28009598
6,15220017,Roberts Creek @ Grape Rd (ROB10),07/10/2013 14:45:00,TURKEYR,NIT-AMM,Ammonia-nitrogen (AS N),Total,,0.05,mg/l,False,0.05,,,LAC10-107-06-1J,UHL001,Actual,SW,Water,,,Clayton,07060004,River/Stream,,42.83952465,-91.37446914
6,15220045,Turkey River @ Hwy. 13 (TR28),07/10/2013 14:30:00,TURKEYR,NIT-AMM,Ammonia-nitrogen (AS N),Total,,0.05,mg/l,True,0.05,,,LAC10-107-06-1J,UHL001,Actual,SW,Water,,,Clayton,07060004,River/Stream,,42.84321539,-91.40058452
6,15220051,Unnamed Creek at 125th St (UNS25),08/07/2013 09:30:00,TURKEYR,NIT-AMM,Ammonia-nitrogen (AS N),Total,,0.05,mg/l,False,0.05,,,LAC10-107-06-1J,UHL001,Actual,SW,Water,,,Clayton,07060004,River/Stream,,43.04444686,-91.43104301
6,15220034,Unnamed Trib. to Silver Crk. @ Dolphin Ave (SC03),08/07/2013 09:15:00,TURKEYR,NIT-AMM,Ammonia-nitrogen (AS N),Total,,0.05,mg/l,False,0.05,,,LAC10-107-06-1J,UHL001,Actual,SW,Water,,,Clayton,07060004,River/Stream,,43.0342002,-91.4587066
6,15220009,South Cedar Creek @ Lower Cedar Rd (CED10),08/07/2013 08:00:00,TURKEYR,NIT-AMM,Ammonia-nitrogen (AS N),Total,,0.06,mg/l,True,0.05,,,LAC10-107-06-1J,UHL001,Actual,SW,Water,,,Clayton,07060004,River/Stream,,42.74424922,-91.21535774
6,15220010,Cox Creek @ Highway 13 (COX20),08/07/2013 07:45:00,TURKEYR,NIT-AMM,Ammonia-nitrogen (AS N),Total,,0.05,mg/l,False,0.05,,,LAC10-107-06-1J,UHL001,Actual,SW,Water,,,Clayton,07060004,River/Stream,,42.76688423,-91.46209679
6,15220011,Dry Mill Creek @ Grape Rd (DMI10),08/07/2013 09:45:00,TURKEYR,NIT-AMM,Ammonia-nitrogen (AS N),Total,,0.05,mg/l,False,0.05,,,LAC10-107-06-1J,UHL001,Actual,SW,Water,,,Clayton,07060004,River/Stream,,42.84327492,-91.36969617
6,15220012,Elk Creek @ Colesburg Rd/X3C (ELK10),08/07/2013 11:40:00,TURKEYR,NIT-AMM,Ammonia-nitrogen (AS N),Total,,0.05,mg/l,False,0.05,,,LAC10-107-06-1J,UHL001,Actual,SW,Water,,,Clayton,07060004,River/Stream,,42.73331715,-91.28009598
6,15220015,Little Turkey River @ Highway 52 (LIT10),08/07/2013 09:20:00,TURKEYR,NIT-AMM,Ammonia-nitrogen (AS N),Total,,0.06,mg/l,True,0.05,,,LAC10-107-06-1J,UHL001,Actual,SW,Water,,,Clayton,07060004,River/Stream,,42.6987021,-91.07371173
6,15220016,Mink Creek @ Aztec Road (MIN10),08/07/2013 08:00:00,TURKEYR,NIT-AMM,Ammonia-nitrogen (AS N),Total,,0.05,mg/l,False,0.05,,,LAC10-107-06-1J,UHL001,Actual,SW,Water,,,Clayton,07060004,River/Stream,,42.8441202,-91.59732742
6,15220013,Hewett Creek @ Crystal Road (HEW20),09/04/2013 07:50:00,TURKEYR,NIT-AMM,Ammonia-nitrogen (AS N),Total,,0.05,mg/l,False,0.05,,,LAC10-107-06-1J,UHL001,Actual,SW,Water,,,Clayton,07060004,River/Stream,,42.78586318,-91.51847775
6,15220014,Howard Creek @ Mouth (HOW10),09/04/2013 10:30:00,TURKEYR,NIT-AMM,Ammonia-nitrogen (AS N),Total,,0.05,mg/l,False,0.05,,,LAC10-107-06-1J,UHL001,Actual,SW,Water,,,Clayton,07060004,River/Stream,,42.9300546,-91.38292282
6,15220017,Roberts Creek @ Grape Rd (ROB10),09/04/2013 09:30:00,TURKEYR,NIT-AMM,Ammonia-nitrogen (AS N),Total,,0.05,mg/l,False,0.05,,,LAC10-107-06-1J,UHL001,Actual,SW,Water,,,Clayton,07060004,River/Stream,,42.83952465,-91.37446914
6,15220020,Turkey River @ Highway 52 (TR10),09/04/2013 13:35:00,TURKEYR,NIT-AMM,Ammonia-nitrogen (AS N),Total,,0.05,mg/l,False,0.05,,,LAC10-107-06-1J,UHL001,Actual,SW,Water,,,Clayton,07060004,River/Stream,,42.70781335,-91.0757377
6,15220018,Roberts Creek @ 206th St/B65 (RC02/ROB30),08/22/2000 10:55:00,BSP,NIT-AMM,Ammonia-nitrogen (as N),Total,,0.1,mg/l,False,0.1,,,TIM 780-86T,BSP,Actual,SW,Water,,,Clayton,07060004,River/Stream,,42.9304245,-91.38552335
6,15220018,Roberts Creek @ 206th St/B65 (RC02/ROB30),09/12/2000 11:10:00,BSP,NIT-AMM,Ammonia-nitrogen (as N),Total,,0.1,mg/l,False,0.1,,,TIM 780-86T,BSP,Actual,SW,Water,,,Clayton,07060004,River/Stream,,42.9304245,-91.38552335
6,15220016,Mink Creek @ Aztec Road (MIN10),10/03/2012 08:40:00,TURKEYR,NIT-AMM,Ammonia-nitrogen (as N),Total,,0.05,mg/l,False,0.05,,,LAC10-107-06-1J,IGS-GRAB,Actual,SW,Water,,,Clayton,07060004,River/Stream,,42.8441202,-91.59732742
6,15220009,South Cedar Creek @ Lower Cedar Rd (CED10),10/03/2012 10:00:00,TURKEYR,NIT-AMM,Ammonia-nitrogen (as N),Total,,0.05,mg/l,False,0.05,,,LAC10-107-06-1J,IGS-GRAB,Actual,SW,Water,,,Clayton,07060004,River/Stream,,42.74424922,-91.21535774
6,15220015,Little Turkey River @ Highway 52 (LIT10),10/03/2012 11:45:00,TURKEYR,NIT-AMM,Ammonia-nitrogen (as N),Total,,0.05,mg/l,False,0.05,,,LAC10-107-06-1J,IGS-GRAB,Actual,SW,Water,,,Clayton,07060004,River/Stream,,42.6987021,-91.07371173
6,15220012,Elk Creek @ Colesburg Rd/X3C (ELK10),10/03/2012 12:00:00,TURKEYR,NIT-AMM,Ammonia-nitrogen (as N),Total,,0.05,mg/l,False,0.05,,,LAC10-107-06-1J,IGS-GRAB,Actual,SW,Water,,,Clayton,07060004,River/Stream,,42.73331715,-91.28009598
6,15220014,Howard Creek @ Mouth (HOW10),10/03/2012 12:35:00,TURKEYR,NIT-AMM,Ammonia-nitrogen (as N),Total,,0.05,mg/l,False,0.05,,,LAC10-107-06-1J,IGS-GRAB,Actual,SW,Water,,,Clayton,07060004,River/Stream,,42.9300546,-91.38292282
6,15220017,Roberts Creek @ Grape Rd (ROB10),10/03/2012 14:30:00,TURKEYR,NIT-AMM,Ammonia-nitrogen (as N),Total,,0.05,mg/l,False,0.05,,,LAC10-107-06-1J,IGS-GRAB,Actual,SW,Water,,,Clayton,07060004,River/Stream,,42.83952465,-91.37446914
6,15220010,Cox Creek @ Highway 13 (COX20),11/07/2012 07:40:00,TURKEYR,NIT-AMM,Ammonia-nitrogen (as N),Total,,0.05,mg/l,False,0.05,,,LAC10-107-06-1J,IGS-GRAB,Actual,SW,Water,,,Clayton,07060004,River/Stream,,42.76688423,-91.46209679
6,15220019,Roberts Creek @ Dalmation Ave (ROB50),11/07/2012 11:49:00,TURKEYR,NIT-AMM,Ammonia-nitrogen (as N),Total,,0.05,mg/l,False,0.05,,,LAC10-107-06-1J,IGS-GRAB,Actual,SW,Water,,,Clayton,07060004,River/Stream,,42.95959549,-91.4562996
6,15220014,Howard Creek @ Mouth (HOW10),11/07/2012 12:20:00,TURKEYR,NIT-AMM,Ammonia-nitrogen (as N),Total,,0.05,mg/l,False,0.05,,,LAC10-107-06-1J,IGS-GRAB,Actual,SW,Water,,,Clayton,07060004,River/Stream,,42.9300546,-91.38292282
6,15220020,Turkey River @ Highway 52 (TR10),11/07/2012 15:05:00,TURKEYR,NIT-AMM,Ammonia-nitrogen (as N),Total,,0.05,mg/l,False,0.05,,,LAC10-107-06-1J,IGS-GRAB,Actual,SW,Water,,,Clayton,07060004,River/Stream,,42.70781335,-91.0757377
6,15220009,South Cedar Creek @ Lower Cedar Rd (CED10),11/07/2012 15:12:00,TURKEYR,NIT-AMM,Ammonia-nitrogen (as N),Total,,0.05,mg/l,False,0.05,,,LAC10-107-06-1J,IGS-GRAB,Actual,SW,Water,,,Clayton,07060004,River/Stream,,42.74424922,-91.21535774
6,16220001,Roberts Creek,08/08/2012 12:10:00,TMDL,NIT-AMM,Ammonia-nitrogen (as N),Total,,0.12,mg/l,True,0.05,,,LAC10-107-06-1J,UHL001,Actual,SW,Water,,,Clayton,07060004,River/Stream,,42.963184,-91.461441
6,15220018,Roberts Creek @ 206th St/B65 (RC02/ROB30),09/11/2001 11:45:00,BSP,NIT-AMM,Ammonia-nitrogen (as N),Total,,0.12,mg/l,True,0.01,,,LAC10-107-06-1J,BSP,Actual,SW,Water,,,Clayton,07060004,River/Stream,,42.9304245,-91.38552335
6,15220018,Roberts Creek @ 206th St/B65 (RC02/ROB30),09/25/2001 11:30:00,BSP,NIT-AMM,Ammonia-nitrogen (as N),Total,,0.19,mg/l,True,0.05,,,LAC10-107-06-1J,BSP,Actual,SW,Water,,,Clayton,07060004,River/Stream,,42.9304245,-91.38552335
6,15220018,Roberts Creek @ 206th St/B65 (RC02/ROB30),08/21/2001 10:25:00,BSP,NIT-AMM,Ammonia-nitrogen (as N),Total,,0.02,mg/l,True,0.01,,,LAC10-107-06-1J,BSP,Actual,SW,Water,,,Clayton,07060004,River/Stream,,42.9304245,-91.38552335
6,15220018,Roberts Creek @ 206th St/B65 (RC02/ROB30),09/04/2001 10:20:00,BSP,NIT-AMM,Ammonia-nitrogen (as N),Total,,0.02,mg/l,True,0.01,,,LAC10-107-06-1J,BSP,Actual,SW,Water,,,Clayton,07060004,River/Stream,,42.9304245,-91.38552335
6,15220018,Roberts Creek @ 206th St/B65 (RC02/ROB30),07/31/2001 12:10:00,BSP,NIT-AMM,Ammonia-nitrogen (as N),Total,,0.1,mg/l,False,0.1,,,TIM 780-86T,BSP,Actual,SW,Water,,,Clayton,07060004,River/Stream,,42.9304245,-91.38552335
6,15220018,Roberts Creek @ 206th St/B65 (RC02/ROB30),08/14/2001 12:00:00,BSP,NIT-AMM,Ammonia-nitrogen (as N),Total,,0.1,mg/l,False,0.1,,,TIM 780-86T,BSP,Actual,SW,Water,,,Clayton,07060004,River/Stream,,42.9304245,-91.38552335
6,15220018,Roberts Creek @ 206th St/B65 (RC02/ROB30),07/24/2001 10:45:00,BSP,NIT-AMM,Ammonia-nitrogen (as N),Total,,0.1,mg/l,False,0.1,,,TIM 780-86T,BSP,Actual,SW,Water,,,Clayton,07060004,River/Stream,,42.9304245,-91.38552335
6,15220018,Roberts Creek @ 206th St/B65 (RC02/ROB30),07/03/2001 10:05:00,BSP,NIT-AMM,Ammonia-nitrogen (as N),Total,,0.1,mg/l,False,0.1,,,TIM 780-86T,BSP,Actual,SW,Water,,,Clayton,07060004,River/Stream,,42.9304245,-91.38552335
6,15220017,Roberts Creek @ Grape Rd (ROB10),09/05/2012 13:20:00,TURKEYR,NIT-AMM,Ammonia-nitrogen (as N),Total,,0.05,mg/l,True,0.05,,,LAC10-107-06-1J,IGS-GRAB,Actual,SW,Water,,,Clayton,07060004,River/Stream,,42.83952465,-91.37446914
6,15220019,Roberts Creek @ Dalmation Ave (ROB50),06/06/2012 14:22:00,TURKEYR,NIT-AMM,Ammonia-nitrogen (as N),Total,,0.06,mg/l,True,0.05,,,LAC10-107-06-1J,IGS-GRAB,Actual,SW,Water,,,Clayton,07060004,River/Stream,,42.95959549,-91.4562996
6,15220016,Mink Creek @ Aztec Road (MIN10),07/02/2012 08:15:00,TURKEYR,NIT-AMM,Ammonia-nitrogen (as N),Total,,0.06,mg/l,True,0.05,,,LAC10-107-06-1J,IGS-GRAB,Actual,SW,Water,,,Clayton,07060004,River/Stream,,42.8441202,-91.59732742
6,15220019,Roberts Creek @ Dalmation Ave (ROB50),08/01/2012 12:45:00,TURKEYR,NIT-AMM,Ammonia-nitrogen (as N),Total,,0.06,mg/l,True,0.05,,,LAC10-107-06-1J,IGS-GRAB,Actual,SW,Water,,,Clayton,07060004,River/Stream,,42.95959549,-91.4562996
6,15220013,Hewett Creek @ Crystal Road (HEW20),05/02/2012 08:45:00,TURKEYR,NIT-AMM,Ammonia-nitrogen (as N),Total,,0.07,mg/l,True,0.05,,,LAC10-107-06-1J,IGS-GRAB,Actual,SW,Water,,,Clayton,07060004,River/Stream,,42.78586318,-91.51847775
6,15220011,Dry Mill Creek @ Grape Rd (DMI10),09/05/2012 13:03:00,TURKEYR,NIT-AMM,Ammonia-nitrogen (as N),Total,,0.11,mg/l,True,0.05,,,LAC10-107-06-1J,IGS-GRAB,Actual,SW,Water,,,Clayton,07060004,River/Stream,,42.84327492,-91.36969617
6,15220017,Roberts Creek @ Grape Rd (ROB10),07/02/2012 08:55:00,TURKEYR,NIT-AMM,Ammonia-nitrogen (as N),Total,,0.12,mg/l,True,0.05,,,LAC10-107-06-1J,IGS-GRAB,Actual,SW,Water,,,Clayton,07060004,River/Stream,,42.83952465,-91.37446914
6,15220009,South Cedar Creek @ Lower Cedar Rd (CED10),09/05/2012 09:00:00,TURKEYR,NIT-AMM,Ammonia-nitrogen (as N),Total,,0.44,mg/l,True,0.05,,,LAC10-107-06-1J,IGS-GRAB,Actual,SW,Water,,,Clayton,07060004,River/Stream,,42.74424922,-91.21535774
6,15220014,Howard Creek @ Mouth (HOW10),05/02/2012 13:15:00,TURKEYR,NIT-AMM,Ammonia-nitrogen (as N),Total,,0.61,mg/l,True,0.05,,,LAC10-107-06-1J,IGS-GRAB,Actual,SW,Water,,,Clayton,07060004,River/Stream,,42.9300546,-91.38292282
6,15220013,Hewett Creek @ Crystal Road (HEW20),04/04/2012 07:45:00,TURKEYR,NIT-AMM,Ammonia-nitrogen (as N),Total,,0.05,mg/l,False,0.05,,,LAC10-107-06-1J,IGS-GRAB,Actual,SW,Water,,,Clayton,07060004,River/Stream,,42.78586318,-91.51847775
6,15220016,Mink Creek @ Aztec Road (MIN10),04/04/2012 08:25:00,TURKEYR,NIT-AMM,Ammonia-nitrogen (as N),Total,,0.05,mg/l,False,0.05,,,LAC10-107-06-1J,IGS-GRAB,Actual,SW,Water,,,Clayton,07060004,River/Stream,,42.8441202,-91.59732742
6,15220020,Turkey River @ Highway 52 (TR10),04/04/2012 09:45:00,TURKEYR,NIT-AMM,Ammonia-nitrogen (as N),Total,,0.05,mg/l,False,0.05,,,LAC10-107-06-1J,IGS-GRAB,Actual,SW,Water,,,Clayton,07060004,River/Stream,,42.70781335,-91.0757377
6,15220015,Little Turkey River @ Highway 52 (LIT10),04/04/2012 10:00:00,TURKEYR,NIT-AMM,Ammonia-nitrogen (as N),Total,,0.05,mg/l,False,0.05,,,LAC10-107-06-1J,IGS-GRAB,Actual,SW,Water,,,Clayton,07060004,River/Stream,,42.6987021,-91.07371173
6,15220009,South Cedar Creek @ Lower Cedar Rd (CED10),04/04/2012 11:00:00,TURKEYR,NIT-AMM,Ammonia-nitrogen (as N),Total,,0.05,mg/l,False,0.05,,,LAC10-107-06-1J,IGS-GRAB,Actual,SW,Water,,,Clayton,07060004,River/Stream,,42.74424922,-91.21535774
6,15220045,Turkey River @ Hwy. 13 (TR28),04/04/2012 14:22:00,TURKEYR,NIT-AMM,Ammonia-nitrogen (as N),Total,,0.05,mg/l,False,0.05,,,LAC10-107-06-1J,IGS-GRAB,Actual,SW,Water,,,Clayton,07060004,River/Stream,,42.84321539,-91.40058452
6,15220014,Howard Creek @ Mouth (HOW10),04/04/2012 14:50:00,TURKEYR,NIT-AMM,Ammonia-nitrogen (as N),Total,,0.05,mg/l,False,0.05,,,LAC10-107-06-1J,IGS-GRAB,Actual,SW,Water,,,Clayton,07060004,River/Stream,,42.9300546,-91.38292282
6,15220010,Cox Creek @ Highway 13 (COX20),05/02/2012 08:15:00,TURKEYR,NIT-AMM,Ammonia-nitrogen (as N),Total,,0.05,mg/l,False,0.05,,,LAC10-107-06-1J,IGS-GRAB,Actual,SW,Water,,,Clayton,07060004,River/Stream,,42.76688423,-91.46209679
6,15220009,South Cedar Creek @ Lower Cedar Rd (CED10),05/02/2012 10:30:00,TURKEYR,NIT-AMM,Ammonia-nitrogen (as N),Total,,0.05,mg/l,False,0.05,,,LAC10-107-06-1J,IGS-GRAB,Actual,SW,Water,,,Clayton,07060004,River/Stream,,42.74424922,-91.21535774
6,15220019,Roberts Creek @ Dalmation Ave (ROB50),04/04/2012 15:35:00,TURKEYR,NIT-AMM,Ammonia-nitrogen (as N),Total,,0.05,mg/l,False,0.05,,,LAC10-107-06-1J,IGS-GRAB,Actual,SW,Water,,,Clayton,07060004,River/Stream,,42.95959549,-91.4562996
6,15220020,Turkey River @ Highway 52 (TR10),05/02/2012 11:45:00,TURKEYR,NIT-AMM,Ammonia-nitrogen (as N),Total,,0.05,mg/l,False,0.05,,,LAC10-107-06-1J,IGS-GRAB,Actual,SW,Water,,,Clayton,07060004,River/Stream,,42.70781335,-91.0757377
6,15220015,Little Turkey River @ Highway 52 (LIT10),05/03/2012 00:00:00,TURKEYR,NIT-AMM,Ammonia-nitrogen (as N),Total,,0.05,mg/l,False,0.05,,,LAC10-107-06-1J,IGS-GRAB,Actual,SW,Water,,,Clayton,07060004,River/Stream,,42.6987021,-91.07371173
6,15220010,Cox Creek @ Highway 13 (COX20),06/06/2012 07:15:00,TURKEYR,NIT-AMM,Ammonia-nitrogen (as N),Total,,0.05,mg/l,False,0.05,,,LAC10-107-06-1J,IGS-GRAB,Actual,SW,Water,,,Clayton,07060004,River/Stream,,42.76688423,-91.46209679
6,15220014,Howard Creek @ Mouth (HOW10),06/06/2012 13:43:00,TURKEYR,NIT-AMM,Ammonia-nitrogen (as N),Total,,0.05,mg/l,False,0.05,,,LAC10-107-06-1J,IGS-GRAB,Actual,SW,Water,,,Clayton,07060004,River/Stream,,42.9300546,-91.38292282
6,15220015,Little Turkey River @ Highway 52 (LIT10),06/06/2012 13:50:00,TURKEYR,NIT-AMM,Ammonia-nitrogen (as N),Total,,0.05,mg/l,False,0.05,,,LAC10-107-06-1J,IGS-GRAB,Actual,SW,Water,,,Clayton,07060004,River/Stream,,42.6987021,-91.07371173
6,15220020,Turkey River @ Highway 52 (TR10),06/06/2012 14:30:00,TURKEYR,NIT-AMM,Ammonia-nitrogen (as N),Total,,0.05,mg/l,False,0.05,,,LAC10-107-06-1J,IGS-GRAB,Actual,SW,Water,,,Clayton,07060004,River/Stream,,42.70781335,-91.0757377
6,15220011,Dry Mill Creek @ Grape Rd (DMI10),07/02/2012 09:05:00,TURKEYR,NIT-AMM,Ammonia-nitrogen (as N),Total,,0.05,mg/l,False,0.05,,,LAC10-107-06-1J,IGS-GRAB,Actual,SW,Water,,,Clayton,07060004,River/Stream,,42.84327492,-91.36969617
6,15220045,Turkey River @ Hwy. 13 (TR28),07/02/2012 09:45:00,TURKEYR,NIT-AMM,Ammonia-nitrogen (as N),Total,,0.05,mg/l,False,0.05,,,LAC10-107-06-1J,IGS-GRAB,Actual,SW,Water,,,Clayton,07060004,River/Stream,,42.84321539,-91.40058452
6,15220015,Little Turkey River @ Highway 52 (LIT10),07/02/2012 10:00:00,TURKEYR,NIT-AMM,Ammonia-nitrogen (as N),Total,,0.05,mg/l,False,0.05,,,LAC10-107-06-1J,IGS-GRAB,Actual,SW,Water,,,Clayton,07060004,River/Stream,,42.6987021,-91.07371173
6,15220012,Elk Creek @ Colesburg Rd/X3C (ELK10),08/01/2012 06:54:00,TURKEYR,NIT-AMM,Ammonia-nitrogen (as N),Total,,0.05,mg/l,False,0.05,,,LAC10-107-06-1J,IGS-GRAB,Actual,SW,Water,,,Clayton,07060004,River/Stream,,42.73331715,-91.28009598
6,15220009,South Cedar Creek @ Lower Cedar Rd (CED10),08/01/2012 07:20:00,TURKEYR,NIT-AMM,Ammonia-nitrogen (as N),Total,,0.05,mg/l,False,0.05,,,LAC10-107-06-1J,IGS-GRAB,Actual,SW,Water,,,Clayton,07060004,River/Stream,,42.74424922,-91.21535774
6,15220020,Turkey River @ Highway 52 (TR10),08/01/2012 08:30:00,TURKEYR,NIT-AMM,Ammonia-nitrogen (as N),Total,,0.05,mg/l,False,0.05,,,LAC10-107-06-1J,IGS-GRAB,Actual,SW,Water,,,Clayton,07060004,River/Stream,,42.70781335,-91.0757377
6,15220015,Little Turkey River @ Highway 52 (LIT10),08/01/2012 08:45:00,TURKEYR,NIT-AMM,Ammonia-nitrogen (as N),Total,,0.05,mg/l,False,0.05,,,LAC10-107-06-1J,IGS-GRAB,Actual,SW,Water,,,Clayton,07060004,River/Stream,,42.6987021,-91.07371173
6,15220015,Little Turkey River @ Highway 52 (LIT10),09/05/2012 10:30:00,TURKEYR,NIT-AMM,Ammonia-nitrogen (as N),Total,,0.05,mg/l,False,0.05,,,LAC10-107-06-1J,IGS-GRAB,Actual,SW,Water,,,Clayton,07060004,River/Stream,,42.6987021,-91.07371173
6,15220013,Hewett Creek @ Crystal Road (HEW20),10/03/2012 07:45:00,TURKEYR,NIT-AMM,Ammonia-nitrogen (as N),Total,,0.05,mg/l,False,0.05,,,LAC10-107-06-1J,IGS-GRAB,Actual,SW,Water,,,Clayton,07060004,River/Stream,,42.78586318,-91.51847775
6,15220010,Cox Creek @ Highway 13 (COX20),10/03/2012 08:20:00,TURKEYR,NIT-AMM,Ammonia-nitrogen (as N),Total,,0.05,mg/l,False,0.05,,,LAC10-107-06-1J,IGS-GRAB,Actual,SW,Water,,,Clayton,07060004,River/Stream,,42.76688423,-91.46209679
6,15220018,Roberts Creek @ 206th St/B65 (RC02/ROB30),06/12/2001 10:30:00,BSP,NIT-AMM,Ammonia-nitrogen (as N),Total,,0.1,mg/l,True,0.1,,,TIM 780-86T,BSP,Actual,SW,Water,,,Clayton,07060004,River/Stream,,42.9304245,-91.38552335
6,15220018,Roberts Creek @ 206th St/B65 (RC02/ROB30),05/22/2001 11:05:00,BSP,NIT-AMM,Ammonia-nitrogen (as N),Total,,0.1,mg/l,False,0.1,,,TIM 780-86T,BSP,Actual,SW,Water,,,Clayton,07060004,River/Stream,,42.9304245,-91.38552335
6,15220018,Roberts Creek @ 206th St/B65 (RC02/ROB30),05/01/2001 10:45:00,BSP,NIT-AMM,Ammonia-nitrogen (as N),Total,,0.1,mg/l,False,0.1,,,TIM 780-86T,BSP,Actual,SW,Water,,,Clayton,07060004,River/Stream,,42.9304245,-91.38552335
6,15220018,Roberts Creek @ 206th St/B65 (RC02/ROB30),04/10/2001 11:05:00,BSP,NIT-AMM,Ammonia-nitrogen (as N),Total,,0.1,mg/l,True,0.1,,,TIM 780-86T,BSP,Actual,SW,Water,,,Clayton,07060004,River/Stream,,42.9304245,-91.38552335
6,15220018,Roberts Creek @ 206th St/B65 (RC02/ROB30),04/03/2001 11:00:00,BSP,NIT-AMM,Ammonia-nitrogen (as N),Total,,0.2,mg/l,True,0.1,,,TIM 780-86T,BSP,Actual,SW,Water,,,Clayton,07060004,River/Stream,,42.9304245,-91.38552335
6,15220018,Roberts Creek @ 206th St/B65 (RC02/ROB30),03/20/2001 11:10:00,BSP,NIT-AMM,Ammonia-nitrogen (as N),Total,,0.9,mg/l,True,0.1,,,TIM 780-86T,BSP,Actual,SW,Water,,,Clayton,07060004,River/Stream,,42.9304245,-91.38552335
6,15220018,Roberts Creek @ 206th St/B65 (RC02/ROB30),03/13/2001 10:40:00,BSP,NIT-AMM,Ammonia-nitrogen (as N),Total,,0.1,mg/l,True,0.1,,,TIM 780-86T,BSP,Actual,SW,Water,,,Clayton,07060004,River/Stream,,42.9304245,-91.38552335
6,15220018,Roberts Creek @ 206th St/B65 (RC02/ROB30),02/27/2001 11:20:00,BSP,NIT-AMM,Ammonia-nitrogen (as N),Total,,0.1,mg/l,False,0.1,,,TIM 780-86T,BSP,Actual,SW,Water,,,Clayton,07060004,River/Stream,,42.9304245,-91.38552335
6,15220018,Roberts Creek @ 206th St/B65 (RC02/ROB30),02/20/2001 10:55:00,BSP,NIT-AMM,Ammonia-nitrogen (as N),Total,,0.1,mg/l,False,0.1,,,TIM 780-86T,BSP,Actual,SW,Water,,,Clayton,07060004,River/Stream,,42.9304245,-91.38552335
6,15220018,Roberts Creek @ 206th St/B65 (RC02/ROB30),01/09/2001 11:00:00,BSP,NIT-AMM,Ammonia-nitrogen (as N),Total,,0.1,mg/l,False,0.1,,,TIM 780-86T,BSP,Actual,SW,Water,,,Clayton,07060004,River/Stream,,42.9304245,-91.38552335
6,15220018,Roberts Creek @ 206th St/B65 (RC02/ROB30),01/16/2001 10:55:00,BSP,NIT-AMM,Ammonia-nitrogen (as N),Total,,0.1,mg/l,False,0.1,,,TIM 780-86T,BSP,Actual,SW,Water,,,Clayton,07060004,River/Stream,,42.9304245,-91.38552335
6,15220018,Roberts Creek @ 206th St/B65 (RC02/ROB30),01/30/2001 11:15:00,BSP,NIT-AMM,Ammonia-nitrogen (as N),Total,,0.1,mg/l,False,0.1,,,TIM 780-86T,BSP,Actual,SW,Water,,,Clayton,07060004,River/Stream,,42.9304245,-91.38552335
6,15220018,Roberts Creek @ 206th St/B65 (RC02/ROB30),02/06/2001 10:45:00,BSP,NIT-AMM,Ammonia-nitrogen (as N),Total,,0.1,mg/l,False,0.1,,,TIM 780-86T,BSP,Actual,SW,Water,,,Clayton,07060004,River/Stream,,42.9304245,-91.38552335
6,15220018,Roberts Creek @ 206th St/B65 (RC02/ROB30),12/19/2000 12:20:00,BSP,NIT-AMM,Ammonia-nitrogen (as N),Total,,0.1,mg/l,False,0.1,,,TIM 780-86T,BSP,Actual,SW,Water,,,Clayton,07060004,River/Stream,,42.9304245,-91.38552335
6,15220018,Roberts Creek @ 206th St/B65 (RC02/ROB30),11/28/2000 11:35:00,BSP,NIT-AMM,Ammonia-nitrogen (as N),Total,,0.1,mg/l,False,0.1,,,TIM 780-86T,BSP,Actual,SW,Water,,,Clayton,07060004,River/Stream,,42.9304245,-91.38552335
6,15220018,Roberts Creek @ 206th St/B65 (RC02/ROB30),10/17/2000 10:50:00,BSP,NIT-AMM,Ammonia-nitrogen (as N),Total,,0.1,mg/l,False,0.1,,,TIM 780-86T,BSP,Actual,SW,Water,,,Clayton,07060004,River/Stream,,42.9304245,-91.38552335
6,15220018,Roberts Creek @ 206th St/B65 (RC02/ROB30),11/07/2000 11:25:00,BSP,NIT-AMM,Ammonia-nitrogen (as N),Total,,0.1,mg/l,False,0.1,,,TIM 780-86T,BSP,Actual,SW,Water,,,Clayton,07060004,River/Stream,,42.9304245,-91.38552335
6,15220018,Roberts Creek @ 206th St/B65 (RC02/ROB30),10/10/2000 11:00:00,BSP,NIT-AMM,Ammonia-nitrogen (as N),Total,,0.1,mg/l,False,0.1,,,TIM 780-86T,BSP,Actual,SW,Water,,,Clayton,07060004,River/Stream,,42.9304245,-91.38552335
6,15220018,Roberts Creek @ 206th St/B65 (RC02/ROB30),09/19/2000 10:45:00,BSP,NIT-AMM,Ammonia-nitrogen (as N),Total,,0.1,mg/l,False,0.1,,,TIM 780-86T,BSP,Actual,SW,Water,,,Clayton,07060004,River/Stream,,42.9304245,-91.38552335
6,15220018,Roberts Creek @ 206th St/B65 (RC02/ROB30),09/26/2000 11:45:00,BSP,NIT-AMM,Ammonia-nitrogen (as N),Total,,0.1,mg/l,False,0.1,,,TIM 780-86T,BSP,Actual,SW,Water,,,Clayton,07060004,River/Stream,,42.9304245,-91.38552335
6,15220018,Roberts Creek @ 206th St/B65 (RC02/ROB30),09/05/2000 10:40:00,BSP,NIT-AMM,Ammonia-nitrogen (as N),Total,,0.1,mg/l,False,0.1,,,TIM 780-86T,BSP,Actual,SW,Water,,,Clayton,07060004,River/Stream,,42.9304245,-91.38552335
6,15220018,Roberts Creek @ 206th St/B65 (RC02/ROB30),08/29/2000 11:45:00,BSP,NIT-AMM,Ammonia-nitrogen (as N),Total,,0.1,mg/l,False,0.1,,,TIM 780-86T,BSP,Actual,SW,Water,,,Clayton,07060004,River/Stream,,42.9304245,-91.38552335
6,15220018,Roberts Creek @ 206th St/B65 (RC02/ROB30),08/15/2000 11:30:00,BSP,NIT-AMM,Ammonia-nitrogen (as N),Total,,0.1,mg/l,False,0.1,,,TIM 780-86T,BSP,Actual,SW,Water,,,Clayton,07060004,River/Stream,,42.9304245,-91.38552335
6,15220018,Roberts Creek @ 206th St/B65 (RC02/ROB30),07/25/2000 10:50:00,BSP,NIT-AMM,Ammonia-nitrogen (as N),Total,,0.2,mg/l,True,0.1,,,TIM 780-86T,BSP,Actual,SW,Water,,,Clayton,07060004,River/Stream,,42.9304245,-91.38552335
6,15220018,Roberts Creek @ 206th St/B65 (RC02/ROB30),08/08/2000 10:50:00,BSP,NIT-AMM,Ammonia-nitrogen (as N),Total,,0.1,mg/l,False,0.1,,,TIM 780-86T,BSP,Actual,SW,Water,,,Clayton,07060004,River/Stream,,42.9304245,-91.38552335
6,15220018,Roberts Creek @ 206th St/B65 (RC02/ROB30),06/27/2000 11:35:00,BSP,NIT-AMM,Ammonia-nitrogen (as N),Total,,0.2,mg/l,True,0.1,,,TIM 780-86T,BSP,Actual,SW,Water,,,Clayton,07060004,River/Stream,,42.9304245,-91.38552335
6,15220018,Roberts Creek @ 206th St/B65 (RC02/ROB30),07/04/2000 11:10:00,BSP,NIT-AMM,Ammonia-nitrogen (as N),Total,,0.1,mg/l,True,0.1,,,TIM 780-86T,BSP,Actual,SW,Water,,,Clayton,07060004,River/Stream,,42.9304245,-91.38552335
6,15220018,Roberts Creek @ 206th St/B65 (RC02/ROB30),07/18/2000 11:15:00,BSP,NIT-AMM,Ammonia-nitrogen (as N),Total,,0.1,mg/l,False,0.1,,,TIM 780-86T,BSP,Actual,SW,Water,,,Clayton,07060004,River/Stream,,42.9304245,-91.38552335
6,15220018,Roberts Creek @ 206th St/B65 (RC02/ROB30),05/16/2000 10:45:00,BSP,NIT-AMM,Ammonia-nitrogen (as N),Total,,0.1,mg/l,True,0.1,,,TIM 780-86T,BSP,Actual,SW,Water,,,Clayton,07060004,River/Stream,,42.9304245,-91.38552335
6,15220018,Roberts Creek @ 206th St/B65 (RC02/ROB30),06/06/2000 10:30:00,BSP,NIT-AMM,Ammonia-nitrogen (as N),Total,,0.1,mg/l,False,0.1,,,TIM 780-86T,BSP,Actual,SW,Water,,,Clayton,07060004,River/Stream,,42.9304245,-91.38552335
6,15220018,Roberts Creek @ 206th St/B65 (RC02/ROB30),04/25/2000 11:55:00,BSP,NIT-AMM,Ammonia-nitrogen (as N),Total,,0.1,mg/l,False,0.1,,,TIM 780-86T,BSP,Actual,SW,Water,,,Clayton,07060004,River/Stream,,42.9304245,-91.38552335
6,15220018,Roberts Creek @ 206th St/B65 (RC02/ROB30),04/04/2000 11:10:00,BSP,NIT-AMM,Ammonia-nitrogen (as N),Total,,0.1,mg/l,False,0.1,,,TIM 780-86T,BSP,Actual,SW,Water,,,Clayton,07060004,River/Stream,,42.9304245,-91.38552335
6,15220018,Roberts Creek @ 206th St/B65 (RC02/ROB30),03/14/2000 11:20:00,BSP,NIT-AMM,Ammonia-nitrogen (as N),Total,,0.1,mg/l,False,0.1,,,TIM 780-86T,BSP,Actual,SW,Water,,,Clayton,07060004,River/Stream,,42.9304245,-91.38552335
6,15220018,Roberts Creek @ 206th St/B65 (RC02/ROB30),02/22/2000 11:30:00,BSP,NIT-AMM,Ammonia-nitrogen (as N),Total,,0.1,mg/l,False,0.1,,,TIM 780-86T,BSP,Actual,SW,Water,,,Clayton,07060004,River/Stream,,42.9304245,-91.38552335
6,15220018,Roberts Creek @ 206th St/B65 (RC02/ROB30),02/15/2000 11:20:00,BSP,NIT-AMM,Ammonia-nitrogen (as N),Total,,0.1,mg/l,False,0.1,,,TIM 780-86T,BSP,Actual,SW,Water,,,Clayton,07060004,River/Stream,,42.9304245,-91.38552335
6,15220018,Roberts Creek @ 206th St/B65 (RC02/ROB30),02/01/2000 10:50:00,BSP,NIT-AMM,Ammonia-nitrogen (as N),Total,,0.4,mg/l,True,0.1,,,TIM 780-86T,BSP,Actual,SW,Water,,,Clayton,07060004,River/Stream,,42.9304245,-91.38552335
6,15220018,Roberts Creek @ 206th St/B65 (RC02/ROB30),01/11/2000 11:45:00,BSP,NIT-AMM,Ammonia-nitrogen (as N),Total,,0.1,mg/l,True,0.1,,,TIM 780-86T,BSP,Actual,SW,Water,,,Clayton,07060004,River/Stream,,42.9304245,-91.38552335
6,15220018,Roberts Creek @ 206th St/B65 (RC02/ROB30),01/25/2000 11:15:00,BSP,NIT-AMM,Ammonia-nitrogen (as N),Total,,0.1,mg/l,False,0.1,,,TIM 780-86T,BSP,Actual,SW,Water,,,Clayton,07060004,River/Stream,,42.9304245,-91.38552335
6,15220018,Roberts Creek @ 206th St/B65 (RC02/ROB30),12/14/1999 11:15:00,BSP,NIT-AMM,Ammonia-nitrogen (as N),Total,,0.1,mg/l,False,0.1,,,TIM 780-86T,BSP,Actual,SW,Water,,,Clayton,07060004,River/Stream,,42.9304245,-91.38552335
6,15220018,Roberts Creek @ 206th St/B65 (RC02/ROB30),12/21/1999 11:05:00,BSP,NIT-AMM,Ammonia-nitrogen (as N),Total,,0.1,mg/l,False,0.1,,,TIM 780-86T,BSP,Actual,SW,Water,,,Clayton,07060004,River/Stream,,42.9304245,-91.38552335
6,15220018,Roberts Creek @ 206th St/B65 (RC02/ROB30),01/04/2000 09:55:00,BSP,NIT-AMM,Ammonia-nitrogen (as N),Total,,0.6,mg/l,True,0.1,,,TIM 780-86T,BSP,Actual,SW,Water,,,Clayton,07060004,River/Stream,,42.9304245,-91.38552335
6,15220018,Roberts Creek @ 206th St/B65 (RC02/ROB30),11/23/1999 10:25:00,BSP,NIT-AMM,Ammonia-nitrogen (as N),Total,,0.1,mg/l,False,0.1,,,TIM 780-86T,BSP,Actual,SW,Water,,,Clayton,07060004,River/Stream,,42.9304245,-91.38552335
6,15220018,Roberts Creek @ 206th St/B65 (RC02/ROB30),11/02/1999 11:20:00,BSP,NIT-AMM,Ammonia-nitrogen (as N),Total,,0.1,mg/l,False,0.1,,,TIM 780-86T,BSP,Actual,SW,Water,,,Clayton,07060004,River/Stream,,42.9304245,-91.38552335
6,15220018,Roberts Creek @ 206th St/B65 (RC02/ROB30),10/12/1999 10:35:00,BSP,NIT-AMM,Ammonia-nitrogen (as N),Total,,0.1,mg/l,False,0.1,,,TIM 780-86T,BSP,Actual,SW,Water,,,Clayton,07060004,River/Stream,,42.9304245,-91.38552335
6,15220028,Silver Creek @ Dogwood Ave (L23S),09/29/1998 10:40:00,BSP,NIT-AMM,Ammonia-nitrogen (as N),Total,,0.1,mg/l,False,0.1,,,TIM 780-86T,BSP,Actual,SW,Water,,,Clayton,07060004,River/Stream,,43.0217763,-91.4894189
6,15220018,Roberts Creek @ 206th St/B65 (RC02/ROB30),09/29/1998 14:40:00,BSP,NIT-AMM,Ammonia-nitrogen (as N),Total,,0.1,mg/l,False,0.1,,,TIM 780-86T,BSP,Actual,SW,Water,,,Clayton,07060004,River/Stream,,42.9304245,-91.38552335
6,15220028,Silver Creek @ Dogwood Ave (L23S),04/29/1997 10:30:00,BSP,NIT-AMM,Ammonia-nitrogen (as N),Total,,0.1,mg/l,False,0.1,,,TIM 780-86T,BSP,Actual,SW,Water,,,Clayton,07060004,River/Stream,,43.0217763,-91.4894189
6,15220018,Roberts Creek @ 206th St/B65 (RC02/ROB30),05/06/1997 15:20:00,BSP,NIT-AMM,Ammonia-nitrogen (as N),Total,,0.1,mg/l,False,0.1,,,TIM 780-86T,BSP,Actual,SW,Water,,,Clayton,07060004,River/Stream,,42.9304245,-91.38552335
6,15220028,Silver Creek @ Dogwood Ave (L23S),05/06/1997 10:40:00,BSP,NIT-AMM,Ammonia-nitrogen (as N),Total,,0.1,mg/l,False,0.1,,,TIM 780-86T,BSP,Actual,SW,Water,,,Clayton,07060004,River/Stream,,43.0217763,-91.4894189
6,15220018,Roberts Creek @ 206th St/B65 (RC02/ROB30),05/13/1997 14:00:00,BSP,NIT-AMM,Ammonia-nitrogen (as N),Total,,0.1,mg/l,False,0.1,,,TIM 780-86T,BSP,Actual,SW,Water,,,Clayton,07060004,River/Stream,,42.9304245,-91.38552335
6,15220036,Turkey River @ Big Spring (TR01),05/26/1997 09:30:00,BSP,NIT-AMM,Ammonia-nitrogen (as N),Total,,0.1,mg/l,False,0.1,,,TIM 780-86T,BSP,Actual,SW,Water,,,Clayton,07060004,River/Stream,,42.9095476,-91.4709184
6,15220028,Silver Creek @ Dogwood Ave (L23S),05/26/1997 11:00:00,BSP,NIT-AMM,Ammonia-nitrogen (as N),Total,,0.2,mg/l,True,0.1,,,TIM 780-86T,BSP,Actual,SW,Water,,,Clayton,07060004,River/Stream,,43.0217763,-91.4894189
6,15220018,Roberts Creek @ 206th St/B65 (RC02/ROB30),05/26/1997 16:55:00,BSP,NIT-AMM,Ammonia-nitrogen (as N),Total,,0.1,mg/l,True,0.1,,,TIM 780-86T,BSP,Actual,SW,Water,,,Clayton,07060004,River/Stream,,42.9304245,-91.38552335
6,15220028,Silver Creek @ Dogwood Ave (L23S),06/03/1997 10:40:00,BSP,NIT-AMM,Ammonia-nitrogen (as N),Total,,0.2,mg/l,True,0.1,,,TIM 780-86T,BSP,Actual,SW,Water,,,Clayton,07060004,River/Stream,,43.0217763,-91.4894189
6,15220028,Silver Creek @ Dogwood Ave (L23S),06/10/1997 10:10:00,BSP,NIT-AMM,Ammonia-nitrogen (as N),Total,,0.3,mg/l,True,0.1,,,TIM 780-86T,BSP,Actual,SW,Water,,,Clayton,07060004,River/Stream,,43.0217763,-91.4894189
6,15220018,Roberts Creek @ 206th St/B65 (RC02/ROB30),06/10/1997 13:40:00,BSP,NIT-AMM,Ammonia-nitrogen (as N),Total,,0.2,mg/l,True,0.1,,,TIM 780-86T,BSP,Actual,SW,Water,,,Clayton,07060004,River/Stream,,42.9304245,-91.38552335
6,15220036,Turkey River @ Big Spring (TR01),06/24/1997 09:20:00,BSP,NIT-AMM,Ammonia-nitrogen (as N),Total,,0.1,mg/l,True,0.1,,,TIM 780-86T,BSP,Actual,SW,Water,,,Clayton,07060004,River/Stream,,42.9095476,-91.4709184
6,15220018,Roberts Creek @ 206th St/B65 (RC02/ROB30),06/24/1997 16:00:00,BSP,NIT-AMM,Ammonia-nitrogen (as N),Total,,0.3,mg/l,True,0.1,,,TIM 780-86T,BSP,Actual,SW,Water,,,Clayton,07060004,River/Stream,,42.9304245,-91.38552335
6,15220028,Silver Creek @ Dogwood Ave (L23S),06/24/1997 10:55:00,BSP,NIT-AMM,Ammonia-nitrogen (as N),Total,,0.2,mg/l,True,0.1,,,TIM 780-86T,BSP,Actual,SW,Water,,,Clayton,07060004,River/Stream,,43.0217763,-91.4894189
6,15220018,Roberts Creek @ 206th St/B65 (RC02/ROB30),07/08/1997 13:45:00,BSP,NIT-AMM,Ammonia-nitrogen (as N),Total,,0.1,mg/l,False,0.1,,,TIM 780-86T,BSP,Actual,SW,Water,,,Clayton,07060004,River/Stream,,42.9304245,-91.38552335
6,15220028,Silver Creek @ Dogwood Ave (L23S),07/08/1997 10:50:00,BSP,NIT-AMM,Ammonia-nitrogen (as N),Total,,0.4,mg/l,True,0.1,,,TIM 780-86T,BSP,Actual,SW,Water,,,Clayton,07060004,River/Stream,,43.0217763,-91.4894189
6,15220018,Roberts Creek @ 206th St/B65 (RC02/ROB30),07/15/1997 14:10:00,BSP,NIT-AMM,Ammonia-nitrogen (as N),Total,,0.1,mg/l,False,0.1,,,TIM 780-86T,BSP,Actual,SW,Water,,,Clayton,07060004,River/Stream,,42.9304245,-91.38552335
6,15220036,Turkey River @ Big Spring (TR01),07/28/1997 09:50:00,BSP,NIT-AMM,Ammonia-nitrogen (as N),Total,,0.3,mg/l,True,0.1,,,TIM 780-86T,BSP,Actual,SW,Water,,,Clayton,07060004,River/Stream,,42.9095476,-91.4709184
6,15220028,Silver Creek @ Dogwood Ave (L23S),07/28/1997 11:50:00,BSP,NIT-AMM,Ammonia-nitrogen (as N),Total,,0.1,mg/l,True,0.1,,,TIM 780-86T,BSP,Actual,SW,Water,,,Clayton,07060004,River/Stream,,43.0217763,-91.4894189
6,15220028,Silver Creek @ Dogwood Ave (L23S),08/05/1997 10:40:00,BSP,NIT-AMM,Ammonia-nitrogen (as N),Total,,0.1,mg/l,True,0.1,,,TIM 780-86T,BSP,Actual,SW,Water,,,Clayton,07060004,River/Stream,,43.0217763,-91.4894189
6,15220028,Silver Creek @ Dogwood Ave (L23S),08/12/1997 15:30:00,BSP,NIT-AMM,Ammonia-nitrogen (as N),Total,,0.4,mg/l,True,0.1,,,TIM 780-86T,BSP,Actual,SW,Water,,,Clayton,07060004,River/Stream,,43.0217763,-91.4894189
6,15220018,Roberts Creek @ 206th St/B65 (RC02/ROB30),08/12/1997 13:30:00,BSP,NIT-AMM,Ammonia-nitrogen (as N),Total,,0.1,mg/l,False,0.1,,,TIM 780-86T,BSP,Actual,SW,Water,,,Clayton,07060004,River/Stream,,42.9304245,-91.38552335
6,15220036,Turkey River @ Big Spring (TR01),08/26/1997 09:10:00,BSP,NIT-AMM,Ammonia-nitrogen (as N),Total,,0.2,mg/l,True,0.1,,,TIM 780-86T,BSP,Actual,SW,Water,,,Clayton,07060004,River/Stream,,42.9095476,-91.4709184
6,15220018,Roberts Creek @ 206th St/B65 (RC02/ROB30),08/26/1997 14:40:00,BSP,NIT-AMM,Ammonia-nitrogen (as N),Total,,0.1,mg/l,True,0.1,,,TIM 780-86T,BSP,Actual,SW,Water,,,Clayton,07060004,River/Stream,,42.9304245,-91.38552335
6,15220028,Silver Creek @ Dogwood Ave (L23S),08/26/1997 10:30:00,BSP,NIT-AMM,Ammonia-nitrogen (as N),Total,,0.1,mg/l,True,0.1,,,TIM 780-86T,BSP,Actual,SW,Water,,,Clayton,07060004,River/Stream,,43.0217763,-91.4894189
6,15220018,Roberts Creek @ 206th St/B65 (RC02/ROB30),09/09/1997 13:05:00,BSP,NIT-AMM,Ammonia-nitrogen (as N),Total,,0.5,mg/l,True,0.1,,,TIM 780-86T,BSP,Actual,SW,Water,,,Clayton,07060004,River/Stream,,42.9304245,-91.38552335
6,15220028,Silver Creek @ Dogwood Ave (L23S),09/09/1997 10:20:00,BSP,NIT-AMM,Ammonia-nitrogen (as N),Total,,0.1,mg/l,False,0.1,,,TIM 780-86T,BSP,Actual,SW,Water,,,Clayton,07060004,River/Stream,,43.0217763,-91.4894189
6,15220036,Turkey River @ Big Spring (TR01),09/30/1997 09:05:00,BSP,NIT-AMM,Ammonia-nitrogen (as N),Total,,0.1,mg/l,False,0.1,,,TIM 780-86T,BSP,Actual,SW,Water,,,Clayton,07060004,River/Stream,,42.9095476,-91.4709184
6,15220028,Silver Creek @ Dogwood Ave (L23S),09/30/1997 10:10:00,BSP,NIT-AMM,Ammonia-nitrogen (as N),Total,,0.1,mg/l,False,0.1,,,TIM 780-86T,BSP,Actual,SW,Water,,,Clayton,07060004,River/Stream,,43.0217763,-91.4894189
6,15220018,Roberts Creek @ 206th St/B65 (RC02/ROB30),10/07/1997 14:05:00,BSP,NIT-AMM,Ammonia-nitrogen (as N),Total,,0.1,mg/l,False,0.1,,,TIM 780-86T,BSP,Actual,SW,Water,,,Clayton,07060004,River/Stream,,42.9304245,-91.38552335
6,15220028,Silver Creek @ Dogwood Ave (L23S),10/07/1997 12:20:00,BSP,NIT-AMM,Ammonia-nitrogen (as N),Total,,0.1,mg/l,False,0.1,,,TIM 780-86T,BSP,Actual,SW,Water,,,Clayton,07060004,River/Stream,,43.0217763,-91.4894189
6,15220018,Roberts Creek @ 206th St/B65 (RC02/ROB30),10/14/1997 13:35:00,BSP,NIT-AMM,Ammonia-nitrogen (as N),Total,,0.1,mg/l,True,0.1,,,TIM 780-86T,BSP,Actual,SW,Water,,,Clayton,07060004,River/Stream,,42.9304245,-91.38552335
6,15220028,Silver Creek @ Dogwood Ave (L23S),10/14/1997 10:25:00,BSP,NIT-AMM,Ammonia-nitrogen (as N),Total,,0.1,mg/l,False,0.1,,,TIM 780-86T,BSP,Actual,SW,Water,,,Clayton,07060004,River/Stream,,43.0217763,-91.4894189
6,15220036,Turkey River @ Big Spring (TR01),10/27/1997 10:30:00,BSP,NIT-AMM,Ammonia-nitrogen (as N),Total,,0.1,mg/l,False,0.1,,,TIM 780-86T,BSP,Actual,SW,Water,,,Clayton,07060004,River/Stream,,42.9095476,-91.4709184
6,15220018,Roberts Creek @ 206th St/B65 (RC02/ROB30),10/27/1997 12:45:00,BSP,NIT-AMM,Ammonia-nitrogen (as N),Total,,0.1,mg/l,False,0.1,,,TIM 780-86T,BSP,Actual,SW,Water,,,Clayton,07060004,River/Stream,,42.9304245,-91.38552335
6,15220028,Silver Creek @ Dogwood Ave (L23S),10/27/1997 13:40:00,BSP,NIT-AMM,Ammonia-nitrogen (as N),Total,,0.1,mg/l,False,0.1,,,TIM 780-86T,BSP,Actual,SW,Water,,,Clayton,07060004,River/Stream,,43.0217763,-91.4894189
6,15220018,Roberts Creek @ 206th St/B65 (RC02/ROB30),11/11/1997 13:10:00,BSP,NIT-AMM,Ammonia-nitrogen (as N),Total,,0.1,mg/l,False,0.1,,,TIM 780-86T,BSP,Actual,SW,Water,,,Clayton,07060004,River/Stream,,42.9304245,-91.38552335
6,15220028,Silver Creek @ Dogwood Ave (L23S),11/11/1997 10:25:00,BSP,NIT-AMM,Ammonia-nitrogen (as N),Total,,0.1,mg/l,False,0.1,,,TIM 780-86T,BSP,Actual,SW,Water,,,Clayton,07060004,River/Stream,,43.0217763,-91.4894189
6,15220028,Silver Creek @ Dogwood Ave (L23S),11/18/1997 11:45:00,BSP,NIT-AMM,Ammonia-nitrogen (as N),Total,,0.2,mg/l,True,0.1,,,TIM 780-86T,BSP,Actual,SW,Water,,,Clayton,07060004,River/Stream,,43.0217763,-91.4894189
6,15220018,Roberts Creek @ 206th St/B65 (RC02/ROB30),11/18/1997 10:30:00,BSP,NIT-AMM,Ammonia-nitrogen (as N),Total,,0.1,mg/l,False,0.1,,,TIM 780-86T,BSP,Actual,SW,Water,,,Clayton,07060004,River/Stream,,42.9304245,-91.38552335
6,15220018,Roberts Creek @ 206th St/B65 (RC02/ROB30),11/25/1997 14:00:00,BSP,NIT-AMM,Ammonia-nitrogen (as N),Total,,0.1,mg/l,False,0.1,,,TIM 780-86T,BSP,Actual,SW,Water,,,Clayton,07060004,River/Stream,,42.9304245,-91.38552335
6,15220028,Silver Creek @ Dogwood Ave (L23S),12/02/1997 11:50:00,BSP,NIT-AMM,Ammonia-nitrogen (as N),Total,,0.1,mg/l,False,0.1,,,TIM 780-86T,BSP,Actual,SW,Water,,,Clayton,07060004,River/Stream,,43.0217763,-91.4894189
6,15220028,Silver Creek @ Dogwood Ave (L23S),12/16/1997 10:30:00,BSP,NIT-AMM,Ammonia-nitrogen (as N),Total,,0.1,mg/l,False,0.1,,,TIM 780-86T,BSP,Actual,SW,Water,,,Clayton,07060004,River/Stream,,43.0217763,-91.4894189
6,15220018,Roberts Creek @ 206th St/B65 (RC02/ROB30),12/16/1997 13:40:00,BSP,NIT-AMM,Ammonia-nitrogen (as N),Total,,0.1,mg/l,False,0.1,,,TIM 780-86T,BSP,Actual,SW,Water,,,Clayton,07060004,River/Stream,,42.9304245,-91.38552335
6,15220018,Roberts Creek @ 206th St/B65 (RC02/ROB30),12/23/1997 13:45:00,BSP,NIT-AMM,Ammonia-nitrogen (as N),Total,,0.1,mg/l,False,0.1,,,TIM 780-86T,BSP,Actual,SW,Water,,,Clayton,07060004,River/Stream,,42.9304245,-91.38552335
6,15220028,Silver Creek @ Dogwood Ave (L23S),12/23/1997 10:55:00,BSP,NIT-AMM,Ammonia-nitrogen (as N),Total,,0.1,mg/l,False,0.1,,,TIM 780-86T,BSP,Actual,SW,Water,,,Clayton,07060004,River/Stream,,43.0217763,-91.4894189
6,15220028,Silver Creek @ Dogwood Ave (L23S),01/06/1998 11:50:00,BSP,NIT-AMM,Ammonia-nitrogen (as N),Total,,0.3,mg/l,True,0.1,,,TIM 780-86T,BSP,Actual,SW,Water,,,Clayton,07060004,River/Stream,,43.0217763,-91.4894189
6,15220018,Roberts Creek @ 206th St/B65 (RC02/ROB30),01/20/1998 10:15:00,BSP,NIT-AMM,Ammonia-nitrogen (as N),Total,,0.1,mg/l,False,0.1,,,TIM 780-86T,BSP,Actual,SW,Water,,,Clayton,07060004,River/Stream,,42.9304245,-91.38552335
6,15220036,Turkey River @ Big Spring (TR01),01/27/1998 09:05:00,BSP,NIT-AMM,Ammonia-nitrogen (as N),Total,,0.1,mg/l,False,0.1,,,TIM 780-86T,BSP,Actual,SW,Water,,,Clayton,07060004,River/Stream,,42.9095476,-91.4709184
6,15220028,Silver Creek @ Dogwood Ave (L23S),02/03/1998 10:25:00,BSP,NIT-AMM,Ammonia-nitrogen (as N),Total,,0.4,mg/l,True,0.1,,,TIM 780-86T,BSP,Actual,SW,Water,,,Clayton,07060004,River/Stream,,43.0217763,-91.4894189
6,15220018,Roberts Creek @ 206th St/B65 (RC02/ROB30),02/03/1998 13:20:00,BSP,NIT-AMM,Ammonia-nitrogen (as N),Total,,0.6,mg/l,True,0.1,,,TIM 780-86T,BSP,Actual,SW,Water,,,Clayton,07060004,River/Stream,,42.9304245,-91.38552335
6,15220018,Roberts Creek @ 206th St/B65 (RC02/ROB30),02/09/1998 13:50:00,BSP,NIT-AMM,Ammonia-nitrogen (as N),Total,,0.1,mg/l,True,0.1,,,TIM 780-86T,BSP,Actual,SW,Water,,,Clayton,07060004,River/Stream,,42.9304245,-91.38552335
6,15220036,Turkey River @ Big Spring (TR01),02/24/1998 09:15:00,BSP,NIT-AMM,Ammonia-nitrogen (as N),Total,,0.1,mg/l,True,0.1,,,TIM 780-86T,BSP,Actual,SW,Water,,,Clayton,07060004,River/Stream,,42.9095476,-91.4709184
6,15220018,Roberts Creek @ 206th St/B65 (RC02/ROB30),02/24/1998 14:30:00,BSP,NIT-AMM,Ammonia-nitrogen (as N),Total,,0.1,mg/l,False,0.1,,,TIM 780-86T,BSP,Actual,SW,Water,,,Clayton,07060004,River/Stream,,42.9304245,-91.38552335
6,15220028,Silver Creek @ Dogwood Ave (L23S),02/24/1998 10:20:00,BSP,NIT-AMM,Ammonia-nitrogen (as N),Total,,0.1,mg/l,False,0.1,,,TIM 780-86T,BSP,Actual,SW,Water,,,Clayton,07060004,River/Stream,,43.0217763,-91.4894189
6,15220018,Roberts Creek @ 206th St/B65 (RC02/ROB30),03/10/1998 14:45:00,BSP,NIT-AMM,Ammonia-nitrogen (as N),Total,,0.1,mg/l,False,0.1,,,TIM 780-86T,BSP,Actual,SW,Water,,,Clayton,07060004,River/Stream,,42.9304245,-91.38552335
6,15220028,Silver Creek @ Dogwood Ave (L23S),03/10/1998 11:00:00,BSP,NIT-AMM,Ammonia-nitrogen (as N),Total,,0.1,mg/l,False,0.1,,,TIM 780-86T,BSP,Actual,SW,Water,,,Clayton,07060004,River/Stream,,43.0217763,-91.4894189
6,15220028,Silver Creek @ Dogwood Ave (L23S),03/17/1998 11:00:00,BSP,NIT-AMM,Ammonia-nitrogen (as N),Total,,0.1,mg/l,False,0.1,,,TIM 780-86T,BSP,Actual,SW,Water,,,Clayton,07060004,River/Stream,,43.0217763,-91.4894189
6,15220036,Turkey River @ Big Spring (TR01),03/31/1998 09:25:00,BSP,NIT-AMM,Ammonia-nitrogen (as N),Total,,0.2,mg/l,True,0.1,,,TIM 780-86T,BSP,Actual,SW,Water,,,Clayton,07060004,River/Stream,,42.9095476,-91.4709184
6,15220018,Roberts Creek @ 206th St/B65 (RC02/ROB30),03/31/1998 15:25:00,BSP,NIT-AMM,Ammonia-nitrogen (as N),Total,,0.4,mg/l,True,0.1,,,TIM 780-86T,BSP,Actual,SW,Water,,,Clayton,07060004,River/Stream,,42.9304245,-91.38552335
6,15220028,Silver Creek @ Dogwood Ave (L23S),03/31/1998 11:25:00,BSP,NIT-AMM,Ammonia-nitrogen (as N),Total,,0.3,mg/l,True,0.1,,,TIM 780-86T,BSP,Actual,SW,Water,,,Clayton,07060004,River/Stream,,43.0217763,-91.4894189
6,15220028,Silver Creek @ Dogwood Ave (L23S),04/14/1998 10:35:00,BSP,NIT-AMM,Ammonia-nitrogen (as N),Total,,0.1,mg/l,False,0.1,,,TIM 780-86T,BSP,Actual,SW,Water,,,Clayton,07060004,River/Stream,,43.0217763,-91.4894189
6,15220018,Roberts Creek @ 206th St/B65 (RC02/ROB30),04/14/1998 14:10:00,BSP,NIT-AMM,Ammonia-nitrogen (as N),Total,,0.3,mg/l,True,0.1,,,TIM 780-86T,BSP,Actual,SW,Water,,,Clayton,07060004,River/Stream,,42.9304245,-91.38552335
6,15220018,Roberts Creek @ 206th St/B65 (RC02/ROB30),04/28/1998 16:15:00,BSP,NIT-AMM,Ammonia-nitrogen (as N),Total,,0.1,mg/l,False,0.1,,,TIM 780-86T,BSP,Actual,SW,Water,,,Clayton,07060004,River/Stream,,42.9304245,-91.38552335
6,15220018,Roberts Creek @ 206th St/B65 (RC02/ROB30),05/19/1998 13:30:00,BSP,NIT-AMM,Ammonia-nitrogen (as N),Total,,0.1,mg/l,False,0.1,,,TIM 780-86T,BSP,Actual,SW,Water,,,Clayton,07060004,River/Stream,,42.9304245,-91.38552335
6,15220028,Silver Creek @ Dogwood Ave (L23S),04/21/1998 10:50:00,BSP,NIT-AMM,Ammonia-nitrogen (as N),Total,,0.1,mg/l,False,0.1,,,TIM 780-86T,BSP,Actual,SW,Water,,,Clayton,07060004,River/Stream,,43.0217763,-91.4894189
6,15220028,Silver Creek @ Dogwood Ave (L23S),05/19/1998 10:50:00,BSP,NIT-AMM,Ammonia-nitrogen (as N),Total,,0.1,mg/l,False,0.1,,,TIM 780-86T,BSP,Actual,SW,Water,,,Clayton,07060004,River/Stream,,43.0217763,-91.4894189
6,15220018,Roberts Creek @ 206th St/B65 (RC02/ROB30),06/02/1998 15:00:00,BSP,NIT-AMM,Ammonia-nitrogen (as N),Total,,0.1,mg/l,False,0.1,,,TIM 780-86T,BSP,Actual,SW,Water,,,Clayton,07060004,River/Stream,,42.9304245,-91.38552335
6,15220028,Silver Creek @ Dogwood Ave (L23S),06/02/1998 10:50:00,BSP,NIT-AMM,Ammonia-nitrogen (as N),Total,,0.1,mg/l,False,0.1,,,TIM 780-86T,BSP,Actual,SW,Water,,,Clayton,07060004,River/Stream,,43.0217763,-91.4894189
6,15220028,Silver Creek @ Dogwood Ave (L23S),06/23/1998 10:30:00,BSP,NIT-AMM,Ammonia-nitrogen (as N),Total,,0.1,mg/l,False,0.1,,,TIM 780-86T,BSP,Actual,SW,Water,,,Clayton,07060004,River/Stream,,43.0217763,-91.4894189
6,15220018,Roberts Creek @ 206th St/B65 (RC02/ROB30),06/30/1998 15:35:00,BSP,NIT-AMM,Ammonia-nitrogen (as N),Total,,0.2,mg/l,True,0.1,,,TIM 780-86T,BSP,Actual,SW,Water,,,Clayton,07060004,River/Stream,,42.9304245,-91.38552335
6,15220018,Roberts Creek @ 206th St/B65 (RC02/ROB30),06/23/1998 13:35:00,BSP,NIT-AMM,Ammonia-nitrogen (as N),Total,,0.1,mg/l,False,0.1,,,TIM 780-86T,BSP,Actual,SW,Water,,,Clayton,07060004,River/Stream,,42.9304245,-91.38552335
6,15220028,Silver Creek @ Dogwood Ave (L23S),07/07/1998 11:05:00,BSP,NIT-AMM,Ammonia-nitrogen (as N),Total,,0.1,mg/l,False,0.1,,,TIM 780-86T,BSP,Actual,SW,Water,,,Clayton,07060004,River/Stream,,43.0217763,-91.4894189
6,15220018,Roberts Creek @ 206th St/B65 (RC02/ROB30),07/07/1998 14:40:00,BSP,NIT-AMM,Ammonia-nitrogen (as N),Total,,0.1,mg/l,False,0.1,,,TIM 780-86T,BSP,Actual,SW,Water,,,Clayton,07060004,River/Stream,,42.9304245,-91.38552335
6,15220036,Turkey River @ Big Spring (TR01),07/28/1998 09:20:00,BSP,NIT-AMM,Ammonia-nitrogen (as N),Total,,0.1,mg/l,False,0.1,,,TIM 780-86T,BSP,Actual,SW,Water,,,Clayton,07060004,River/Stream,,42.9095476,-91.4709184
6,15220028,Silver Creek @ Dogwood Ave (L23S),07/28/1998 10:35:00,BSP,NIT-AMM,Ammonia-nitrogen (as N),Total,,0.1,mg/l,False,0.1,,,TIM 780-86T,BSP,Actual,SW,Water,,,Clayton,07060004,River/Stream,,43.0217763,-91.4894189
6,15220028,Silver Creek @ Dogwood Ave (L23S),08/04/1998 10:55:00,BSP,NIT-AMM,Ammonia-nitrogen (as N),Total,,0.1,mg/l,False,0.1,,,TIM 780-86T,BSP,Actual,SW,Water,,,Clayton,07060004,River/Stream,,43.0217763,-91.4894189
6,15220018,Roberts Creek @ 206th St/B65 (RC02/ROB30),08/04/1998 13:50:00,BSP,NIT-AMM,Ammonia-nitrogen (as N),Total,,0.1,mg/l,True,0.1,,,TIM 780-86T,BSP,Actual,SW,Water,,,Clayton,07060004,River/Stream,,42.9304245,-91.38552335
6,15220028,Silver Creek @ Dogwood Ave (L23S),08/11/1998 11:25:00,BSP,NIT-AMM,Ammonia-nitrogen (as N),Total,,0.1,mg/l,False,0.1,,,TIM 780-86T,BSP,Actual,SW,Water,,,Clayton,07060004,River/Stream,,43.0217763,-91.4894189
6,15220018,Roberts Creek @ 206th St/B65 (RC02/ROB30),08/11/1998 14:45:00,BSP,NIT-AMM,Ammonia-nitrogen (as N),Total,,0.1,mg/l,True,0.1,,,TIM 780-86T,BSP,Actual,SW,Water,,,Clayton,07060004,River/Stream,,42.9304245,-91.38552335
6,15220036,Turkey River @ Big Spring (TR01),08/25/1998 09:30:00,BSP,NIT-AMM,Ammonia-nitrogen (as N),Total,,0.1,mg/l,False,0.1,,,TIM 780-86T,BSP,Actual,SW,Water,,,Clayton,07060004,River/Stream,,42.9095476,-91.4709184
6,15220028,Silver Creek @ Dogwood Ave (L23S),08/25/1998 10:45:00,BSP,NIT-AMM,Ammonia-nitrogen (as N),Total,,0.1,mg/l,False,0.1,,,TIM 780-86T,BSP,Actual,SW,Water,,,Clayton,07060004,River/Stream,,43.0217763,-91.4894189
6,15220018,Roberts Creek @ 206th St/B65 (RC02/ROB30),08/25/1998 15:00:00,BSP,NIT-AMM,Ammonia-nitrogen (as N),Total,,0.1,mg/l,False,0.1,,,TIM 780-86T,BSP,Actual,SW,Water,,,Clayton,07060004,River/Stream,,42.9304245,-91.38552335
6,15220028,Silver Creek @ Dogwood Ave (L23S),09/08/1998 13:15:00,BSP,NIT-AMM,Ammonia-nitrogen (as N),Total,,0.1,mg/l,False,0.1,,,TIM 780-86T,BSP,Actual,SW,Water,,,Clayton,07060004,River/Stream,,43.0217763,-91.4894189
6,15220018,Roberts Creek @ 206th St/B65 (RC02/ROB30),09/08/1998 17:00:00,BSP,NIT-AMM,Ammonia-nitrogen (as N),Total,,0.1,mg/l,False,0.1,,,TIM 780-86T,BSP,Actual,SW,Water,,,Clayton,07060004,River/Stream,,42.9304245,-91.38552335
6,15220028,Silver Creek @ Dogwood Ave (L23S),09/15/1998 10:50:00,BSP,NIT-AMM,Ammonia-nitrogen (as N),Total,,0.1,mg/l,True,0.1,,,TIM 780-86T,BSP,Actual,SW,Water,,,Clayton,07060004,River/Stream,,43.0217763,-91.4894189
6,15220018,Roberts Creek @ 206th St/B65 (RC02/ROB30),09/15/1998 13:40:00,BSP,NIT-AMM,Ammonia-nitrogen (as N),Total,,0.1,mg/l,True,0.1,,,TIM 780-86T,BSP,Actual,SW,Water,,,Clayton,07060004,River/Stream,,42.9304245,-91.38552335
6,15220036,Turkey River @ Big Spring (TR01),09/29/1998 09:20:00,BSP,NIT-AMM,Ammonia-nitrogen (as N),Total,,0.1,mg/l,False,0.1,,,TIM 780-86T,BSP,Actual,SW,Water,,,Clayton,07060004,River/Stream,,42.9095476,-91.4709184
6,15220008,West Fork Sny Magill Creek  (SNWF),12/19/1995 14:15:00,SNY319,NIT-AMM,Ammonia-nitrogen (as N),Total,,0.1,mg/l,False,0.1,,,Unknown,SNY001,Actual,SW,Water,,,Clayton,07060003,River/Stream,,42.97628121,-91.23730654
6,15220008,West Fork Sny Magill Creek  (SNWF),12/26/1995 14:20:00,SNY319,NIT-AMM,Ammonia-nitrogen (as N),Total,,0.1,mg/l,False,0.1,,,Unknown,SNY001,Actual,SW,Water,,,Clayton,07060003,River/Stream,,42.97628121,-91.23730654
6,16220001,Roberts Creek,08/13/2002 09:45:00,REMAP,NIT-AMM,Ammonia-nitrogen (as N),Total,,0.05,mg/l,False,0.05,,,350.1,UHL001,Actual,SW,Water,,,Clayton,07060004,River/Stream,,42.963184,-91.461441
6,16220001,Roberts Creek,07/30/2002 14:10:00,REMAP,NIT-AMM,Ammonia-nitrogen (as N),Total,,0.3,mg/l,True,0.05,,,350.1,UHL001,Actual,SW,Water,,,Clayton,07060004,River/Stream,,42.963184,-91.461441
6,16220006,North Cedar Creek - Clayton # 159,07/19/2005 09:45:00,REMAP,NIT-AMM,Ammonia-nitrogen (as N),Total,,0.05,mg/l,False,0.05,,,350.1,UHL001,Actual,SW,Water,,,Clayton,07060003,River/Stream,,42.947107,-91.232895
6,16220005,Bear Creek - Edgewood # 155,07/26/2005 13:15:00,REMAP,NIT-AMM,Ammonia-nitrogen (as N),Total,,0.05,mg/l,False,0.05,,,350.1,UHL001,Actual,SW,Water,,,Clayton,07060004,River/Stream,,42.672969,-91.393914
6,16220004,Hewitt Creek - Volga # 133,09/09/2004 08:30:00,REMAP,NIT-AMM,Ammonia-nitrogen (as N),Total,,0.05,mg/l,False,0.05,,,350.1,UHL001,Actual,SW,Water,,,Clayton,07060004,River/Stream,,42.756825,-91.563285
6,16220006,North Cedar Creek - Clayton # 159,07/05/2005 10:15:00,REMAP,NIT-AMM,Ammonia-nitrogen (as N),Total,,0.05,mg/l,False,0.05,,,350.1,UHL001,Actual,SW,Water,,,Clayton,07060003,River/Stream,,42.947107,-91.232895
6,16220003,Turkey River - Garber - REMAP # 70,09/23/2003 09:30:00,REMAP,NIT-AMM,Ammonia-nitrogen (as N),Total,,0.05,mg/l,False,0.05,,,350.1,UHL001,Actual,SW,Water,,,Clayton,07060004,River/Stream,,42.738283,-91.265993
6,15220009,South Cedar Creek @ Lower Cedar Rd (CED10),05/04/2011 14:15:00,TURKEYR,NIT-AMM,Ammonia-nitrogen (as N),Total,,0.05,mg/l,False,0.05,,,350.1,IGS-GRAB,Actual,SW,Water,,,Clayton,07060004,River/Stream,,42.74424922,-91.21535774
6,15220015,Little Turkey River @ Highway 52 (LIT10),05/04/2011 13:15:00,TURKEYR,NIT-AMM,Ammonia-nitrogen (as N),Total,,0.05,mg/l,False,0.05,,,350.1,IGS-GRAB,Actual,SW,Water,,,Clayton,07060004,River/Stream,,42.6987021,-91.07371173
6,15220020,Turkey River @ Highway 52 (TR10),05/04/2011 12:45:00,TURKEYR,NIT-AMM,Ammonia-nitrogen (as N),Total,,0.05,mg/l,False,0.05,,,350.1,IGS-GRAB,Actual,SW,Water,,,Clayton,07060004,River/Stream,,42.70781335,-91.0757377
6,15220013,Hewett Creek @ Crystal Road (HEW20),05/04/2011 08:00:00,TURKEYR,NIT-AMM,Ammonia-nitrogen (as N),Total,,0.05,mg/l,False,0.05,,,350.1,IGS-GRAB,Actual,SW,Water,,,Clayton,07060004,River/Stream,,42.78586318,-91.51847775
6,15220012,Elk Creek @ Colesburg Rd/X3C (ELK10),05/04/2011 11:34:00,TURKEYR,NIT-AMM,Ammonia-nitrogen (as N),Total,,0.05,mg/l,False,0.05,,,350.1,IGS-GRAB,Actual,SW,Water,,,Clayton,07060004,River/Stream,,42.73331715,-91.28009598
6,16220001,Roberts Creek,08/12/2009 13:15:00,TMDL,NIT-AMM,Ammonia-nitrogen (as N),Total,,0.05,mg/l,False,0.05,,,350.1,UHL001,Actual,SW,Water,,,Clayton,07060004,River/Stream,,42.963184,-91.461441
6,16220001,Roberts Creek,07/28/2009 12:10:00,TMDL,NIT-AMM,Ammonia-nitrogen (as N),Total,,0.05,mg/l,False,0.05,,,350.1,UHL001,Actual,SW,Water,,,Clayton,07060004,River/Stream,,42.963184,-91.461441
6,16220006,North Cedar Creek - Clayton # 159,09/24/2007 15:30:00,TMDL,NIT-AMM,Ammonia-nitrogen (as N),Total,,0.05,mg/l,False,0.05,,,350.1,UHL001,Actual,SW,Water,,,Clayton,07060003,River/Stream,,42.947107,-91.232895
6,15220016,Mink Creek @ Aztec Road (MIN10),05/04/2011 09:00:00,TURKEYR,NIT-AMM,Ammonia-nitrogen (as N),Total,,0.05,mg/l,False,0.05,,,350.1,IGS-GRAB,Actual,SW,Water,,,Clayton,07060004,River/Stream,,42.8441202,-91.59732742
6,15220015,Little Turkey River @ Highway 52 (LIT10),06/01/2011 10:48:00,TURKEYR,NIT-AMM,Ammonia-nitrogen (as N),Total,,0.05,mg/l,False,0.05,,,350.1,IGS-GRAB,Actual,SW,Water,,,Clayton,07060004,River/Stream,,42.6987021,-91.07371173
6,15220020,Turkey River @ Highway 52 (TR10),06/01/2011 10:28:00,TURKEYR,NIT-AMM,Ammonia-nitrogen (as N),Total,,0.05,mg/l,False,0.05,,,350.1,IGS-GRAB,Actual,SW,Water,,,Clayton,07060004,River/Stream,,42.70781335,-91.0757377
6,15220012,Elk Creek @ Colesburg Rd/X3C (ELK10),06/01/2011 11:40:00,TURKEYR,NIT-AMM,Ammonia-nitrogen (as N),Total,,0.05,mg/l,False,0.05,,,350.1,IGS-GRAB,Actual,SW,Water,,,Clayton,07060004,River/Stream,,42.73331715,-91.28009598
6,15220019,Roberts Creek @ Dalmation Ave (ROB50),06/01/2011 08:30:00,TURKEYR,NIT-AMM,Ammonia-nitrogen (as N),Total,,0.05,mg/l,False,0.05,,,350.1,IGS-GRAB,Actual,SW,Water,,,Clayton,07060004,River/Stream,,42.95959549,-91.4562996
6,15220021,Turkey River @ Elkader (TR30),06/01/2011 09:35:00,TURKEYR,NIT-AMM,Ammonia-nitrogen (as N),Total,,0.05,mg/l,False,0.05,,,350.1,IGS-GRAB,Actual,SW,Water,,,Clayton,07060004,River/Stream,,42.859771,-91.406681
6,15220012,Elk Creek @ Colesburg Rd/X3C (ELK10),07/06/2011 11:38:00,TURKEYR,NIT-AMM,Ammonia-nitrogen (as N),Total,,0.05,mg/l,False,0.05,,,350.1,IGS-GRAB,Actual,SW,Water,,,Clayton,07060004,River/Stream,,42.73331715,-91.28009598
6,15220020,Turkey River @ Highway 52 (TR10),07/06/2011 10:45:00,TURKEYR,NIT-AMM,Ammonia-nitrogen (as N),Total,,0.05,mg/l,False,0.05,,,350.1,IGS-GRAB,Actual,SW,Water,,,Clayton,07060004,River/Stream,,42.70781335,-91.0757377
6,15220016,Mink Creek @ Aztec Road (MIN10),07/06/2011 08:30:00,TURKEYR,NIT-AMM,Ammonia-nitrogen (as N),Total,,0.05,mg/l,False,0.05,,,350.1,IGS-GRAB,Actual,SW,Water,,,Clayton,07060004,River/Stream,,42.8441202,-91.59732742
6,15220011,Dry Mill Creek @ Grape Rd (DMI10),07/06/2011 13:45:00,TURKEYR,NIT-AMM,Ammonia-nitrogen (as N),Total,,0.05,mg/l,False,0.05,,,350.1,IGS-GRAB,Actual,SW,Water,,,Clayton,07060004,River/Stream,,42.84327492,-91.36969617
6,15220011,Dry Mill Creek @ Grape Rd (DMI10),08/03/2011 08:48:00,TURKEYR,NIT-AMM,Ammonia-nitrogen (as N),Total,,0.11,mg/l,True,0.05,,,350.1,IGS-GRAB,Actual,SW,Water,,,Clayton,07060004,River/Stream,,42.84327492,-91.36969617
6,15220012,Elk Creek @ Colesburg Rd/X3C (ELK10),08/03/2011 10:50:00,TURKEYR,NIT-AMM,Ammonia-nitrogen (as N),Total,,0.06,mg/l,True,0.05,,,350.1,IGS-GRAB,Actual,SW,Water,,,Clayton,07060004,River/Stream,,42.73331715,-91.28009598
6,15220013,Hewett Creek @ Crystal Road (HEW20),08/03/2011 07:25:00,TURKEYR,NIT-AMM,Ammonia-nitrogen (as N),Total,,0.11,mg/l,True,0.05,,,350.1,IGS-GRAB,Actual,SW,Water,,,Clayton,07060004,River/Stream,,42.78586318,-91.51847775
6,15220016,Mink Creek @ Aztec Road (MIN10),08/03/2011 08:20:00,TURKEYR,NIT-AMM,Ammonia-nitrogen (as N),Total,,0.05,mg/l,False,0.05,,,350.1,IGS-GRAB,Actual,SW,Water,,,Clayton,07060004,River/Stream,,42.8441202,-91.59732742
6,15220021,Turkey River @ Elkader (TR30),08/03/2011 09:10:00,TURKEYR,NIT-AMM,Ammonia-nitrogen (as N),Total,,0.05,mg/l,False,0.05,,,350.1,IGS-GRAB,Actual,SW,Water,,,Clayton,07060004,River/Stream,,42.859771,-91.406681
6,15220010,Cox Creek @ Highway 13 (COX20),09/07/2011 07:30:00,TURKEYR,NIT-AMM,Ammonia-nitrogen (as N),Total,,0.05,mg/l,False,0.05,,,350.1,IGS-GRAB,Actual,SW,Water,,,Clayton,07060004,River/Stream,,42.76688423,-91.46209679
6,15220014,Howard Creek @ Mouth (HOW10),09/07/2011 09:20:00,TURKEYR,NIT-AMM,Ammonia-nitrogen (as N),Total,,0.05,mg/l,False,0.05,,,350.1,IGS-GRAB,Actual,SW,Water,,,Clayton,07060004,River/Stream,,42.9300546,-91.38292282
6,15220015,Little Turkey River @ Highway 52 (LIT10),09/07/2011 11:55:00,TURKEYR,NIT-AMM,Ammonia-nitrogen (as N),Total,,0.05,mg/l,False,0.05,,,350.1,IGS-GRAB,Actual,SW,Water,,,Clayton,07060004,River/Stream,,42.6987021,-91.07371173
6,15220017,Roberts Creek @ Grape Rd (ROB10),09/07/2011 10:20:00,TURKEYR,NIT-AMM,Ammonia-nitrogen (as N),Total,,0.05,mg/l,False,0.05,,,350.1,IGS-GRAB,Actual,SW,Water,,,Clayton,07060004,River/Stream,,42.83952465,-91.37446914
6,15220019,Roberts Creek @ Dalmation Ave (ROB50),09/07/2011 08:30:00,TURKEYR,NIT-AMM,Ammonia-nitrogen (as N),Total,,0.05,mg/l,False,0.05,,,350.1,IGS-GRAB,Actual,SW,Water,,,Clayton,07060004,River/Stream,,42.95959549,-91.4562996
6,15220020,Turkey River @ Highway 52 (TR10),09/07/2011 12:05:00,TURKEYR,NIT-AMM,Ammonia-nitrogen (as N),Total,,0.05,mg/l,False,0.05,,,350.1,IGS-GRAB,Actual,SW,Water,,,Clayton,07060004,River/Stream,,42.70781335,-91.0757377
6,15220009,South Cedar Creek @ Lower Cedar Rd (CED10),10/05/2011 12:30:00,TURKEYR,NIT-AMM,Ammonia-nitrogen (as N),Total,,0.16,mg/l,True,0.05,,,350.1,IGS-GRAB,Actual,SW,Water,,,Clayton,07060004,River/Stream,,42.74424922,-91.21535774
6,15220011,Dry Mill Creek @ Grape Rd (DMI10),10/05/2011 10:15:00,TURKEYR,NIT-AMM,Ammonia-nitrogen (as N),Total,,0.05,mg/l,False,0.05,,,350.1,IGS-GRAB,Actual,SW,Water,,,Clayton,07060004,River/Stream,,42.84327492,-91.36969617
6,15220012,Elk Creek @ Colesburg Rd/X3C (ELK10),10/05/2011 11:50:00,TURKEYR,NIT-AMM,Ammonia-nitrogen (as N),Total,,0.05,mg/l,False,0.05,,,350.1,IGS-GRAB,Actual,SW,Water,,,Clayton,07060004,River/Stream,,42.73331715,-91.28009598
6,15220013,Hewett Creek @ Crystal Road (HEW20),10/05/2011 07:40:00,TURKEYR,NIT-AMM,Ammonia-nitrogen (as N),Total,,0.05,mg/l,False,0.05,,,350.1,IGS-GRAB,Actual,SW,Water,,,Clayton,07060004,River/Stream,,42.78586318,-91.51847775
6,15220008,West Fork Sny Magill Creek  (SNWF),11/28/1995 15:00:00,SNY319,NIT-AMM,Ammonia-nitrogen (as N),Total,,0.1,mg/l,False,0.1,,,Unknown,SNY001,Actual,SW,Water,,,Clayton,07060003,River/Stream,,42.97628121,-91.23730654
6,15220008,West Fork Sny Magill Creek  (SNWF),11/21/1995 14:50:00,SNY319,NIT-AMM,Ammonia-nitrogen (as N),Total,,0.1,mg/l,False,0.1,,,Unknown,SNY001,Actual,SW,Water,,,Clayton,07060003,River/Stream,,42.97628121,-91.23730654
6,15220008,West Fork Sny Magill Creek  (SNWF),10/17/1995 15:40:00,SNY319,NIT-AMM,Ammonia-nitrogen (as N),Total,,0.1,mg/l,False,0.1,,,Unknown,SNY001,Actual,SW,Water,,,Clayton,07060003,River/Stream,,42.97628121,-91.23730654
6,15220008,West Fork Sny Magill Creek  (SNWF),10/10/1995 15:40:00,SNY319,NIT-AMM,Ammonia-nitrogen (as N),Total,,0.1,mg/l,False,0.1,,,Unknown,SNY001,Actual,SW,Water,,,Clayton,07060003,River/Stream,,42.97628121,-91.23730654
6,15220008,West Fork Sny Magill Creek  (SNWF),10/24/1995 13:00:00,SNY319,NIT-AMM,Ammonia-nitrogen (as N),Total,,0.1,mg/l,False,0.1,,,Unknown,SNY001,Actual,SW,Water,,,Clayton,07060003,River/Stream,,42.97628121,-91.23730654
6,15220008,West Fork Sny Magill Creek  (SNWF),11/14/1995 13:00:00,SNY319,NIT-AMM,Ammonia-nitrogen (as N),Total,,0.1,mg/l,False,0.1,,,Unknown,SNY001,Actual,SW,Water,,,Clayton,07060003,River/Stream,,42.97628121,-91.23730654
6,15220008,West Fork Sny Magill Creek  (SNWF),08/27/1996 16:00:00,SNY319,NIT-AMM,Ammonia-nitrogen (as N),Total,,0.1,mg/l,False,0.1,,,Unknown,SNY001,Actual,SW,Water,,,Clayton,07060003,River/Stream,,42.97628121,-91.23730654
6,15220008,West Fork Sny Magill Creek  (SNWF),09/24/1996 15:25:00,SNY319,NIT-AMM,Ammonia-nitrogen (as N),Total,,0.1,mg/l,False,0.1,,,Unknown,SNY001,Actual,SW,Water,,,Clayton,07060003,River/Stream,,42.97628121,-91.23730654
6,15220008,West Fork Sny Magill Creek  (SNWF),07/23/1996 12:50:00,SNY319,NIT-AMM,Ammonia-nitrogen (as N),Total,,0.1,mg/l,False,0.1,,,Unknown,SNY001,Actual,SW,Water,,,Clayton,07060003,River/Stream,,42.97628121,-91.23730654
6,15220008,West Fork Sny Magill Creek  (SNWF),08/20/1996 16:50:00,SNY319,NIT-AMM,Ammonia-nitrogen (as N),Total,,0.1,mg/l,False,0.1,,,Unknown,SNY001,Actual,SW,Water,,,Clayton,07060003,River/Stream,,42.97628121,-91.23730654
6,15220008,West Fork Sny Magill Creek  (SNWF),05/14/1996 13:10:00,SNY319,NIT-AMM,Ammonia-nitrogen (as N),Total,,0.1,mg/l,False,0.1,,,Unknown,SNY001,Actual,SW,Water,,,Clayton,07060003,River/Stream,,42.97628121,-91.23730654
6,15220008,West Fork Sny Magill Creek  (SNWF),07/16/1996 11:00:00,SNY319,NIT-AMM,Ammonia-nitrogen (as N),Total,,0.1,mg/l,False,0.1,,,Unknown,SNY001,Actual,SW,Water,,,Clayton,07060003,River/Stream,,42.97628121,-91.23730654
6,15220008,West Fork Sny Magill Creek  (SNWF),06/18/1996 11:00:00,SNY319,NIT-AMM,Ammonia-nitrogen (as N),Total,,0.1,mg/l,False,0.1,,,Unknown,SNY001,Actual,SW,Water,,,Clayton,07060003,River/Stream,,42.97628121,-91.23730654
6,15220008,West Fork Sny Magill Creek  (SNWF),06/11/1996 12:30:00,SNY319,NIT-AMM,Ammonia-nitrogen (as N),Total,,0.1,mg/l,False,0.1,,,Unknown,SNY001,Actual,SW,Water,,,Clayton,07060003,River/Stream,,42.97628121,-91.23730654
6,15220008,West Fork Sny Magill Creek  (SNWF),04/09/1996 11:40:00,SNY319,NIT-AMM,Ammonia-nitrogen (as N),Total,,0.1,mg/l,False,0.1,,,Unknown,SNY001,Actual,SW,Water,,,Clayton,07060003,River/Stream,,42.97628121,-91.23730654
6,15220008,West Fork Sny Magill Creek  (SNWF),05/07/1996 14:30:00,SNY319,NIT-AMM,Ammonia-nitrogen (as N),Total,,0.1,mg/l,False,0.1,,,Unknown,SNY001,Actual,SW,Water,,,Clayton,07060003,River/Stream,,42.97628121,-91.23730654
6,15220008,West Fork Sny Magill Creek  (SNWF),02/27/1996 14:30:00,SNY319,NIT-AMM,Ammonia-nitrogen (as N),Total,,0.2,mg/l,True,0.1,,,Unknown,SNY001,Actual,SW,Water,,,Clayton,07060003,River/Stream,,42.97628121,-91.23730654
6,15220008,West Fork Sny Magill Creek  (SNWF),04/02/1996 10:50:00,SNY319,NIT-AMM,Ammonia-nitrogen (as N),Total,,0.1,mg/l,False,0.1,,,Unknown,SNY001,Actual,SW,Water,,,Clayton,07060003,River/Stream,,42.97628121,-91.23730654
6,15220008,West Fork Sny Magill Creek  (SNWF),03/05/1996 15:10:00,SNY319,NIT-AMM,Ammonia-nitrogen (as N),Total,,0.1,mg/l,False,0.1,,,Unknown,SNY001,Actual,SW,Water,,,Clayton,07060003,River/Stream,,42.97628121,-91.23730654
6,15220008,West Fork Sny Magill Creek  (SNWF),01/30/1996 16:50:00,SNY319,NIT-AMM,Ammonia-nitrogen (as N),Total,,0.1,mg/l,False,0.1,,,Unknown,SNY001,Actual,SW,Water,,,Clayton,07060003,River/Stream,,42.97628121,-91.23730654
6,15220008,West Fork Sny Magill Creek  (SNWF),01/23/1996 15:40:00,SNY319,NIT-AMM,Ammonia-nitrogen (as N),Total,,0.1,mg/l,False,0.1,,,Unknown,SNY001,Actual,SW,Water,,,Clayton,07060003,River/Stream,,42.97628121,-91.23730654
6,15220008,West Fork Sny Magill Creek  (SNWF),08/28/2001 15:00:00,SNY319,NIT-AMM,Ammonia-nitrogen (as N),Total,,0.01,mg/l,True,0.01,,,Unknown,SNY001,Actual,SW,Water,,,Clayton,07060003,River/Stream,,42.97628121,-91.23730654
6,15220008,West Fork Sny Magill Creek  (SNWF),09/25/2001 14:55:00,SNY319,NIT-AMM,Ammonia-nitrogen (as N),Total,,0.05,mg/l,False,0.05,,,Unknown,SNY001,Actual,SW,Water,,,Clayton,07060003,River/Stream,,42.97628121,-91.23730654
6,15220008,West Fork Sny Magill Creek  (SNWF),05/15/2001 12:25:00,SNY319,NIT-AMM,Ammonia-nitrogen (as N),Total,,0.1,mg/l,False,0.1,,,Unknown,SNY001,Actual,SW,Water,,,Clayton,07060003,River/Stream,,42.97628121,-91.23730654
6,15220008,West Fork Sny Magill Creek  (SNWF),05/22/2001 13:30:00,SNY319,NIT-AMM,Ammonia-nitrogen (as N),Total,,0.1,mg/l,True,0.1,,,Unknown,SNY001,Actual,SW,Water,,,Clayton,07060003,River/Stream,,42.97628121,-91.23730654
6,15220008,West Fork Sny Magill Creek  (SNWF),05/29/2001 13:40:00,SNY319,NIT-AMM,Ammonia-nitrogen (as N),Total,,0.1,mg/l,False,0.1,,,Unknown,SNY001,Actual,SW,Water,,,Clayton,07060003,River/Stream,,42.97628121,-91.23730654
6,15220008,West Fork Sny Magill Creek  (SNWF),06/26/2001 13:45:00,SNY319,NIT-AMM,Ammonia-nitrogen (as N),Total,,0.1,mg/l,False,0.1,,,Unknown,SNY001,Actual,SW,Water,,,Clayton,07060003,River/Stream,,42.97628121,-91.23730654
6,15220008,West Fork Sny Magill Creek  (SNWF),07/03/2001 12:10:00,SNY319,NIT-AMM,Ammonia-nitrogen (as N),Total,,0.1,mg/l,False,0.1,,,Unknown,SNY001,Actual,SW,Water,,,Clayton,07060003,River/Stream,,42.97628121,-91.23730654
6,15220008,West Fork Sny Magill Creek  (SNWF),07/10/2001 12:30:00,SNY319,NIT-AMM,Ammonia-nitrogen (as N),Total,,0.1,mg/l,False,0.1,,,Unknown,SNY001,Actual,SW,Water,,,Clayton,07060003,River/Stream,,42.97628121,-91.23730654
6,15220008,West Fork Sny Magill Creek  (SNWF),08/14/2001 14:45:00,SNY319,NIT-AMM,Ammonia-nitrogen (as N),Total,,0.1,mg/l,False,0.1,,,Unknown,SNY001,Actual,SW,Water,,,Clayton,07060003,River/Stream,,42.97628121,-91.23730654
6,15220008,West Fork Sny Magill Creek  (SNWF),08/21/2001 12:25:00,SNY319,NIT-AMM,Ammonia-nitrogen (as N),Total,,0.01,mg/l,True,0.01,,,Unknown,SNY001,Actual,SW,Water,,,Clayton,07060003,River/Stream,,42.97628121,-91.23730654
6,15220008,West Fork Sny Magill Creek  (SNWF),08/15/2000 14:20:00,SNY319,NIT-AMM,Ammonia-nitrogen (as N),Total,,0.1,mg/l,False,0.1,,,Unknown,SNY001,Actual,SW,Water,,,Clayton,07060003,River/Stream,,42.97628121,-91.23730654
6,15220008,West Fork Sny Magill Creek  (SNWF),09/19/2000 13:05:00,SNY319,NIT-AMM,Ammonia-nitrogen (as N),Total,,0.1,mg/l,False,0.1,,,Unknown,SNY001,Actual,SW,Water,,,Clayton,07060003,River/Stream,,42.97628121,-91.23730654
6,15220008,West Fork Sny Magill Creek  (SNWF),09/26/2000 15:55:00,SNY319,NIT-AMM,Ammonia-nitrogen (as N),Total,,0.1,mg/l,False,0.1,,,Unknown,SNY001,Actual,SW,Water,,,Clayton,07060003,River/Stream,,42.97628121,-91.23730654
6,15220008,West Fork Sny Magill Creek  (SNWF),10/17/2000 13:10:00,SNY319,NIT-AMM,Ammonia-nitrogen (as N),Total,,0.1,mg/l,False,0.1,,,Unknown,SNY001,Actual,SW,Water,,,Clayton,07060003,River/Stream,,42.97628121,-91.23730654
6,15220008,West Fork Sny Magill Creek  (SNWF),10/24/2000 14:10:00,SNY319,NIT-AMM,Ammonia-nitrogen (as N),Total,,0.1,mg/l,False,0.1,,,Unknown,SNY001,Actual,SW,Water,,,Clayton,07060003,River/Stream,,42.97628121,-91.23730654
6,15220008,West Fork Sny Magill Creek  (SNWF),10/31/2000 14:45:00,SNY319,NIT-AMM,Ammonia-nitrogen (as N),Total,,0.1,mg/l,False,0.1,,,Unknown,SNY001,Actual,SW,Water,,,Clayton,07060003,River/Stream,,42.97628121,-91.23730654
6,15220008,West Fork Sny Magill Creek  (SNWF),11/28/2000 15:05:00,SNY319,NIT-AMM,Ammonia-nitrogen (as N),Total,,0.1,mg/l,False,0.1,,,Unknown,SNY001,Actual,SW,Water,,,Clayton,07060003,River/Stream,,42.97628121,-91.23730654
6,15220008,West Fork Sny Magill Creek  (SNWF),12/05/2000 13:55:00,SNY319,NIT-AMM,Ammonia-nitrogen (as N),Total,,0.1,mg/l,False,0.1,,,Unknown,SNY001,Actual,SW,Water,,,Clayton,07060003,River/Stream,,42.97628121,-91.23730654
6,15220008,West Fork Sny Magill Creek  (SNWF),12/12/2000 14:20:00,SNY319,NIT-AMM,Ammonia-nitrogen (as N),Total,,0.1,mg/l,False,0.1,,,Unknown,SNY001,Actual,SW,Water,,,Clayton,07060003,River/Stream,,42.97628121,-91.23730654
6,15220008,West Fork Sny Magill Creek  (SNWF),01/02/2001 14:20:00,SNY319,NIT-AMM,Ammonia-nitrogen (as N),Total,,0.1,mg/l,False,0.1,,,Unknown,SNY001,Actual,SW,Water,,,Clayton,07060003,River/Stream,,42.97628121,-91.23730654
6,15220008,West Fork Sny Magill Creek  (SNWF),01/09/2001 13:10:00,SNY319,NIT-AMM,Ammonia-nitrogen (as N),Total,,0.1,mg/l,False,0.1,,,Unknown,SNY001,Actual,SW,Water,,,Clayton,07060003,River/Stream,,42.97628121,-91.23730654
6,15220008,West Fork Sny Magill Creek  (SNWF),02/13/2001 13:50:00,SNY319,NIT-AMM,Ammonia-nitrogen (as N),Total,,0.1,mg/l,False,0.1,,,Unknown,SNY001,Actual,SW,Water,,,Clayton,07060003,River/Stream,,42.97628121,-91.23730654
6,15220008,West Fork Sny Magill Creek  (SNWF),02/20/2001 13:40:00,SNY319,NIT-AMM,Ammonia-nitrogen (as N),Total,,0.1,mg/l,False,0.1,,,Unknown,SNY001,Actual,SW,Water,,,Clayton,07060003,River/Stream,,42.97628121,-91.23730654
6,15220008,West Fork Sny Magill Creek  (SNWF),02/27/2001 15:20:00,SNY319,NIT-AMM,Ammonia-nitrogen (as N),Total,,0.1,mg/l,False,0.1,,,Unknown,SNY001,Actual,SW,Water,,,Clayton,07060003,River/Stream,,42.97628121,-91.23730654
6,15220008,West Fork Sny Magill Creek  (SNWF),04/03/2001 14:15:00,SNY319,NIT-AMM,Ammonia-nitrogen (as N),Total,,0.1,mg/l,False,0.1,,,Unknown,SNY001,Actual,SW,Water,,,Clayton,07060003,River/Stream,,42.97628121,-91.23730654
6,15220008,West Fork Sny Magill Creek  (SNWF),04/10/2001 14:25:00,SNY319,NIT-AMM,Ammonia-nitrogen (as N),Total,,0.1,mg/l,False,0.1,,,Unknown,SNY001,Actual,SW,Water,,,Clayton,07060003,River/Stream,,42.97628121,-91.23730654
6,15220008,West Fork Sny Magill Creek  (SNWF),04/17/2001 14:00:00,SNY319,NIT-AMM,Ammonia-nitrogen (as N),Total,,0.1,mg/l,False,0.1,,,Unknown,SNY001,Actual,SW,Water,,,Clayton,07060003,River/Stream,,42.97628121,-91.23730654
6,15220004,Sny Magill Creek Site #1 (SN01),11/22/1994 13:40:00,SNY319,NIT-AMM,Ammonia-nitrogen (as N),Total,,0.1,mg/l,False,0.1,,,Unknown,SNY001,Actual,SW,Water,,,Clayton,07060003,River/Stream,,42.94880662,-91.18632674
6,15220004,Sny Magill Creek Site #1 (SN01),11/15/1994 13:30:00,SNY319,NIT-AMM,Ammonia-nitrogen (as N),Total,,0.1,mg/l,True,0.1,,,Unknown,SNY001,Actual,SW,Water,,,Clayton,07060003,River/Stream,,42.94880662,-91.18632674
6,15220004,Sny Magill Creek Site #1 (SN01),11/01/1994 13:10:00,SNY319,NIT-AMM,Ammonia-nitrogen (as N),Total,,0.1,mg/l,False,0.1,,,Unknown,SNY001,Actual,SW,Water,,,Clayton,07060003,River/Stream,,42.94880662,-91.18632674
6,15220004,Sny Magill Creek Site #1 (SN01),08/28/2001 13:55:00,SNY319,NIT-AMM,Ammonia-nitrogen (as N),Total,,0.02,mg/l,True,0.01,,,Unknown,SNY001,Actual,SW,Water,,,Clayton,07060003,River/Stream,,42.94880662,-91.18632674
6,15220004,Sny Magill Creek Site #1 (SN01),09/04/2001 11:35:00,SNY319,NIT-AMM,Ammonia-nitrogen (as N),Total,,0.01,mg/l,False,0.01,,,Unknown,SNY001,Actual,SW,Water,,,Clayton,07060003,River/Stream,,42.94880662,-91.18632674
6,15220008,West Fork Sny Magill Creek  (SNWF),03/09/1999 13:30:00,SNY319,NIT-AMM,Ammonia-nitrogen (as N),Total,,0.1,mg/l,False,0.1,,,Unknown,SNY001,Actual,SW,Water,,,Clayton,07060003,River/Stream,,42.97628121,-91.23730654
6,15220008,West Fork Sny Magill Creek  (SNWF),03/16/1999 12:30:00,SNY319,NIT-AMM,Ammonia-nitrogen (as N),Total,,0.1,mg/l,False,0.1,,,Unknown,SNY001,Actual,SW,Water,,,Clayton,07060003,River/Stream,,42.97628121,-91.23730654
6,15220008,West Fork Sny Magill Creek  (SNWF),03/23/1999 12:25:00,SNY319,NIT-AMM,Ammonia-nitrogen (as N),Total,,0.1,mg/l,False,0.1,,,Unknown,SNY001,Actual,SW,Water,,,Clayton,07060003,River/Stream,,42.97628121,-91.23730654
6,15220008,West Fork Sny Magill Creek  (SNWF),03/30/1999 14:25:00,SNY319,NIT-AMM,Ammonia-nitrogen (as N),Total,,0.1,mg/l,False,0.1,,,Unknown,SNY001,Actual,SW,Water,,,Clayton,07060003,River/Stream,,42.97628121,-91.23730654
6,15220004,Sny Magill Creek Site #1 (SN01),10/25/1994 11:45:00,SNY319,NIT-AMM,Ammonia-nitrogen (as N),Total,,0.1,mg/l,False,0.1,,,Unknown,SNY001,Actual,SW,Water,,,Clayton,07060003,River/Stream,,42.94880662,-91.18632674
6,15220007,Sny Magill North Tributary (SNT),12/26/1995 14:00:00,SNY319,NIT-AMM,Ammonia-nitrogen (as N),Total,,0.1,mg/l,False,0.1,,,Unknown,SNY001,Actual,SW,Water,,,Clayton,07060003,River/Stream,,42.96850981,-91.22439501
6,15220006,Sny Magill Creek Site #3 (SN03),12/19/1995 14:00:00,SNY319,NIT-AMM,Ammonia-nitrogen (as N),Total,,0.1,mg/l,False,0.1,,,Unknown,SNY001,Actual,SW,Water,,,Clayton,07060003,River/Stream,,42.98149721,-91.24097377
6,15220006,Sny Magill Creek Site #3 (SN03),12/12/1995 15:00:00,SNY319,NIT-AMM,Ammonia-nitrogen (as N),Total,,0.1,mg/l,False,0.1,,,Unknown,SNY001,Actual,SW,Water,,,Clayton,07060003,River/Stream,,42.98149721,-91.24097377
6,15220006,Sny Magill Creek Site #3 (SN03),11/14/1995 12:50:00,SNY319,NIT-AMM,Ammonia-nitrogen (as N),Total,,0.1,mg/l,True,0.1,,,Unknown,SNY001,Actual,SW,Water,,,Clayton,07060003,River/Stream,,42.98149721,-91.24097377
6,15220006,Sny Magill Creek Site #3 (SN03),11/07/1995 15:00:00,SNY319,NIT-AMM,Ammonia-nitrogen (as N),Total,,0.1,mg/l,False,0.1,,,Unknown,SNY001,Actual,SW,Water,,,Clayton,07060003,River/Stream,,42.98149721,-91.24097377
6,15220006,Sny Magill Creek Site #3 (SN03),10/10/1995 15:15:00,SNY319,NIT-AMM,Ammonia-nitrogen (as N),Total,,0.1,mg/l,False,0.1,,,Unknown,SNY001,Actual,SW,Water,,,Clayton,07060003,River/Stream,,42.98149721,-91.24097377
6,15220006,Sny Magill Creek Site #3 (SN03),10/03/1995 16:45:00,SNY319,NIT-AMM,Ammonia-nitrogen (as N),Total,,0.1,mg/l,False,0.1,,,Unknown,SNY001,Actual,SW,Water,,,Clayton,07060003,River/Stream,,42.98149721,-91.24097377
6,15220008,West Fork Sny Magill Creek  (SNWF),04/06/1999 12:40:00,SNY319,NIT-AMM,Ammonia-nitrogen (as N),Total,,0.1,mg/l,False,0.1,,,Unknown,SNY001,Actual,SW,Water,,,Clayton,07060003,River/Stream,,42.97628121,-91.23730654
6,15220008,West Fork Sny Magill Creek  (SNWF),04/13/1999 13:20:00,SNY319,NIT-AMM,Ammonia-nitrogen (as N),Total,,0.1,mg/l,False,0.1,,,Unknown,SNY001,Actual,SW,Water,,,Clayton,07060003,River/Stream,,42.97628121,-91.23730654
6,15220008,West Fork Sny Magill Creek  (SNWF),05/25/1999 14:25:00,SNY319,NIT-AMM,Ammonia-nitrogen (as N),Total,,0.1,mg/l,False,0.1,,,Unknown,SNY001,Actual,SW,Water,,,Clayton,07060003,River/Stream,,42.97628121,-91.23730654
6,15220008,West Fork Sny Magill Creek  (SNWF),06/01/1999 13:05:00,SNY319,NIT-AMM,Ammonia-nitrogen (as N),Total,,0.1,mg/l,False,0.1,,,Unknown,SNY001,Actual,SW,Water,,,Clayton,07060003,River/Stream,,42.97628121,-91.23730654
6,15220008,West Fork Sny Magill Creek  (SNWF),06/08/1999 12:55:00,SNY319,NIT-AMM,Ammonia-nitrogen (as N),Total,,0.1,mg/l,False,0.1,,,Unknown,SNY001,Actual,SW,Water,,,Clayton,07060003,River/Stream,,42.97628121,-91.23730654
6,15220008,West Fork Sny Magill Creek  (SNWF),06/15/1999 13:00:00,SNY319,NIT-AMM,Ammonia-nitrogen (as N),Total,,0.1,mg/l,False,0.1,,,Unknown,SNY001,Actual,SW,Water,,,Clayton,07060003,River/Stream,,42.97628121,-91.23730654
6,15220008,West Fork Sny Magill Creek  (SNWF),06/22/1999 11:15:00,SNY319,NIT-AMM,Ammonia-nitrogen (as N),Total,,0.1,mg/l,False,0.1,,,Unknown,SNY001,Actual,SW,Water,,,Clayton,07060003,River/Stream,,42.97628121,-91.23730654
6,15220008,West Fork Sny Magill Creek  (SNWF),06/29/1999 14:40:00,SNY319,NIT-AMM,Ammonia-nitrogen (as N),Total,,0.1,mg/l,False,0.1,,,Unknown,SNY001,Actual,SW,Water,,,Clayton,07060003,River/Stream,,42.97628121,-91.23730654
6,15220008,West Fork Sny Magill Creek  (SNWF),08/24/1999 12:45:00,SNY319,NIT-AMM,Ammonia-nitrogen (as N),Total,,0.1,mg/l,False,0.1,,,Unknown,SNY001,Actual,SW,Water,,,Clayton,07060003,River/Stream,,42.97628121,-91.23730654
6,15220008,West Fork Sny Magill Creek  (SNWF),08/31/1999 14:50:00,SNY319,NIT-AMM,Ammonia-nitrogen (as N),Total,,0.1,mg/l,False,0.1,,,Unknown,SNY001,Actual,SW,Water,,,Clayton,07060003,River/Stream,,42.97628121,-91.23730654
6,15220008,West Fork Sny Magill Creek  (SNWF),09/07/1999 14:20:00,SNY319,NIT-AMM,Ammonia-nitrogen (as N),Total,,0.1,mg/l,False,0.1,,,Unknown,SNY001,Actual,SW,Water,,,Clayton,07060003,River/Stream,,42.97628121,-91.23730654
6,15220008,West Fork Sny Magill Creek  (SNWF),09/21/1999 14:25:00,SNY319,NIT-AMM,Ammonia-nitrogen (as N),Total,,0.1,mg/l,False,0.1,,,Unknown,SNY001,Actual,SW,Water,,,Clayton,07060003,River/Stream,,42.97628121,-91.23730654
6,15220008,West Fork Sny Magill Creek  (SNWF),09/28/1999 13:50:00,SNY319,NIT-AMM,Ammonia-nitrogen (as N),Total,,0.1,mg/l,False,0.1,,,Unknown,SNY001,Actual,SW,Water,,,Clayton,07060003,River/Stream,,42.97628121,-91.23730654
6,15220008,West Fork Sny Magill Creek  (SNWF),10/12/1999 12:30:00,SNY319,NIT-AMM,Ammonia-nitrogen (as N),Total,,0.1,mg/l,False,0.1,,,Unknown,SNY001,Actual,SW,Water,,,Clayton,07060003,River/Stream,,42.97628121,-91.23730654
6,15220008,West Fork Sny Magill Creek  (SNWF),10/19/1999 13:45:00,SNY319,NIT-AMM,Ammonia-nitrogen (as N),Total,,0.1,mg/l,False,0.1,,,Unknown,SNY001,Actual,SW,Water,,,Clayton,07060003,River/Stream,,42.97628121,-91.23730654
6,15220008,West Fork Sny Magill Creek  (SNWF),10/26/1999 14:25:00,SNY319,NIT-AMM,Ammonia-nitrogen (as N),Total,,0.1,mg/l,False,0.1,,,Unknown,SNY001,Actual,SW,Water,,,Clayton,07060003,River/Stream,,42.97628121,-91.23730654
6,15220008,West Fork Sny Magill Creek  (SNWF),11/23/1999 13:50:00,SNY319,NIT-AMM,Ammonia-nitrogen (as N),Total,,0.1,mg/l,False,0.1,,,Unknown,SNY001,Actual,SW,Water,,,Clayton,07060003,River/Stream,,42.97628121,-91.23730654
6,15220008,West Fork Sny Magill Creek  (SNWF),11/30/1999 14:50:00,SNY319,NIT-AMM,Ammonia-nitrogen (as N),Total,,0.1,mg/l,False,0.1,,,Unknown,SNY001,Actual,SW,Water,,,Clayton,07060003,River/Stream,,42.97628121,-91.23730654
6,15220008,West Fork Sny Magill Creek  (SNWF),12/07/1999 14:00:00,SNY319,NIT-AMM,Ammonia-nitrogen (as N),Total,,0.1,mg/l,False,0.1,,,Unknown,SNY001,Actual,SW,Water,,,Clayton,07060003,River/Stream,,42.97628121,-91.23730654
6,15220008,West Fork Sny Magill Creek  (SNWF),01/04/2000 13:25:00,SNY319,NIT-AMM,Ammonia-nitrogen (as N),Total,,0.1,mg/l,False,0.1,,,Unknown,SNY001,Actual,SW,Water,,,Clayton,07060003,River/Stream,,42.97628121,-91.23730654
6,15220008,West Fork Sny Magill Creek  (SNWF),02/08/2000 14:50:00,SNY319,NIT-AMM,Ammonia-nitrogen (as N),Total,,0.1,mg/l,False,0.1,,,Unknown,SNY001,Actual,SW,Water,,,Clayton,07060003,River/Stream,,42.97628121,-91.23730654
6,15220008,West Fork Sny Magill Creek  (SNWF),02/15/2000 14:15:00,SNY319,NIT-AMM,Ammonia-nitrogen (as N),Total,,0.1,mg/l,False,0.1,,,Unknown,SNY001,Actual,SW,Water,,,Clayton,07060003,River/Stream,,42.97628121,-91.23730654
6,15220008,West Fork Sny Magill Creek  (SNWF),02/22/2000 15:05:00,SNY319,NIT-AMM,Ammonia-nitrogen (as N),Total,,0.1,mg/l,False,0.1,,,Unknown,SNY001,Actual,SW,Water,,,Clayton,07060003,River/Stream,,42.97628121,-91.23730654
6,15220008,West Fork Sny Magill Creek  (SNWF),03/21/2000 13:30:00,SNY319,NIT-AMM,Ammonia-nitrogen (as N),Total,,0.1,mg/l,False,0.1,,,Unknown,SNY001,Actual,SW,Water,,,Clayton,07060003,River/Stream,,42.97628121,-91.23730654
6,15220008,West Fork Sny Magill Creek  (SNWF),03/28/2000 16:05:00,SNY319,NIT-AMM,Ammonia-nitrogen (as N),Total,,0.1,mg/l,False,0.1,,,Unknown,SNY001,Actual,SW,Water,,,Clayton,07060003,River/Stream,,42.97628121,-91.23730654
6,15220008,West Fork Sny Magill Creek  (SNWF),04/04/2000 13:45:00,SNY319,NIT-AMM,Ammonia-nitrogen (as N),Total,,0.1,mg/l,False,0.1,,,Unknown,SNY001,Actual,SW,Water,,,Clayton,07060003,River/Stream,,42.97628121,-91.23730654
6,15220008,West Fork Sny Magill Creek  (SNWF),05/09/2000 14:15:00,SNY319,NIT-AMM,Ammonia-nitrogen (as N),Total,,0.1,mg/l,False,0.1,,,Unknown,SNY001,Actual,SW,Water,,,Clayton,07060003,River/Stream,,42.97628121,-91.23730654
6,15220008,West Fork Sny Magill Creek  (SNWF),05/16/2000 13:15:00,SNY319,NIT-AMM,Ammonia-nitrogen (as N),Total,,0.1,mg/l,False,0.1,,,Unknown,SNY001,Actual,SW,Water,,,Clayton,07060003,River/Stream,,42.97628121,-91.23730654
6,15220008,West Fork Sny Magill Creek  (SNWF),05/23/2000 14:10:00,SNY319,NIT-AMM,Ammonia-nitrogen (as N),Total,,0.1,mg/l,False,0.1,,,Unknown,SNY001,Actual,SW,Water,,,Clayton,07060003,River/Stream,,42.97628121,-91.23730654
6,15220008,West Fork Sny Magill Creek  (SNWF),06/20/2000 13:25:00,SNY319,NIT-AMM,Ammonia-nitrogen (as N),Total,,0.1,mg/l,False,0.1,,,Unknown,SNY001,Actual,SW,Water,,,Clayton,07060003,River/Stream,,42.97628121,-91.23730654
6,15220008,West Fork Sny Magill Creek  (SNWF),06/27/2000 16:00:00,SNY319,NIT-AMM,Ammonia-nitrogen (as N),Total,,0.1,mg/l,False,0.1,,,Unknown,SNY001,Actual,SW,Water,,,Clayton,07060003,River/Stream,,42.97628121,-91.23730654
6,15220008,West Fork Sny Magill Creek  (SNWF),07/04/2000 14:00:00,SNY319,NIT-AMM,Ammonia-nitrogen (as N),Total,,0.1,mg/l,False,0.1,,,Unknown,SNY001,Actual,SW,Water,,,Clayton,07060003,River/Stream,,42.97628121,-91.23730654
6,15220008,West Fork Sny Magill Creek  (SNWF),08/01/2000 15:00:00,SNY319,NIT-AMM,Ammonia-nitrogen (as N),Total,,0.1,mg/l,False,0.1,,,Unknown,SNY001,Actual,SW,Water,,,Clayton,07060003,River/Stream,,42.97628121,-91.23730654
6,15220008,West Fork Sny Magill Creek  (SNWF),08/08/2000 13:20:00,SNY319,NIT-AMM,Ammonia-nitrogen (as N),Total,,0.1,mg/l,False,0.1,,,Unknown,SNY001,Actual,SW,Water,,,Clayton,07060003,River/Stream,,42.97628121,-91.23730654
6,15220004,Sny Magill Creek Site #1 (SN01),12/05/1995 13:30:00,SNY319,NIT-AMM,Ammonia-nitrogen (as N),Total,,0.1,mg/l,False,0.1,,,Unknown,SNY001,Actual,SW,Water,,,Clayton,07060003,River/Stream,,42.94880662,-91.18632674
6,15220003,North Cedar Creek (NCC),12/26/1995 13:35:00,SNY319,NIT-AMM,Ammonia-nitrogen (as N),Total,,0.1,mg/l,False,0.1,,,Unknown,SNY001,Actual,SW,Water,,,Clayton,07060003,River/Stream,,42.96274242,-91.22931615
6,15220004,Sny Magill Creek Site #1 (SN01),10/24/1995 09:35:00,SNY319,NIT-AMM,Ammonia-nitrogen (as N),Total,,0.1,mg/l,False,0.1,,,Unknown,SNY001,Actual,SW,Water,,,Clayton,07060003,River/Stream,,42.94880662,-91.18632674
6,15220004,Sny Magill Creek Site #1 (SN01),11/28/1995 13:50:00,SNY319,NIT-AMM,Ammonia-nitrogen (as N),Total,,0.1,mg/l,False,0.1,,,Unknown,SNY001,Actual,SW,Water,,,Clayton,07060003,River/Stream,,42.94880662,-91.18632674
6,15220003,North Cedar Creek (NCC),11/21/1995 14:10:00,SNY319,NIT-AMM,Ammonia-nitrogen (as N),Total,,0.1,mg/l,False,0.1,,,Unknown,SNY001,Actual,SW,Water,,,Clayton,07060003,River/Stream,,42.96274242,-91.22931615
6,15220004,Sny Magill Creek Site #1 (SN01),10/17/1995 14:30:00,SNY319,NIT-AMM,Ammonia-nitrogen (as N),Total,,0.1,mg/l,False,0.1,,,Unknown,SNY001,Actual,SW,Water,,,Clayton,07060003,River/Stream,,42.94880662,-91.18632674
6,15220003,North Cedar Creek (NCC),10/17/1995 15:00:00,SNY319,NIT-AMM,Ammonia-nitrogen (as N),Total,,0.1,mg/l,False,0.1,,,Unknown,SNY001,Actual,SW,Water,,,Clayton,07060003,River/Stream,,42.96274242,-91.22931615
6,15220003,North Cedar Creek (NCC),12/19/1995 13:25:00,SNY319,NIT-AMM,Ammonia-nitrogen (as N),Total,,0.1,mg/l,False,0.1,,,Unknown,SNY001,Actual,SW,Water,,,Clayton,07060003,River/Stream,,42.96274242,-91.22931615
6,15220007,Sny Magill North Tributary (SNT),06/25/1996 15:50:00,SNY319,NIT-AMM,Ammonia-nitrogen (as N),Total,,0.1,mg/l,False,0.1,,,Unknown,SNY001,Actual,SW,Water,,,Clayton,07060003,River/Stream,,42.96850981,-91.22439501
6,15220003,North Cedar Creek (NCC),11/14/1995 12:35:00,SNY319,NIT-AMM,Ammonia-nitrogen (as N),Total,,0.1,mg/l,True,0.1,,,Unknown,SNY001,Actual,SW,Water,,,Clayton,07060003,River/Stream,,42.96274242,-91.22931615
6,15220003,North Cedar Creek (NCC),10/10/1995 14:55:00,SNY319,NIT-AMM,Ammonia-nitrogen (as N),Total,,0.1,mg/l,False,0.1,,,Unknown,SNY001,Actual,SW,Water,,,Clayton,07060003,River/Stream,,42.96274242,-91.22931615
6,15220007,Sny Magill North Tributary (SNT),01/30/1996 16:20:00,SNY319,NIT-AMM,Ammonia-nitrogen (as N),Total,,0.1,mg/l,False,0.1,,,Unknown,SNY001,Actual,SW,Water,,,Clayton,07060003,River/Stream,,42.96850981,-91.22439501
6,15220007,Sny Magill North Tributary (SNT),05/28/1996 13:55:00,SNY319,NIT-AMM,Ammonia-nitrogen (as N),Total,,0.1,mg/l,False,0.1,,,Unknown,SNY001,Actual,SW,Water,,,Clayton,07060003,River/Stream,,42.96850981,-91.22439501
6,15220006,Sny Magill Creek Site #3 (SN03),08/20/1996 16:30:00,SNY319,NIT-AMM,Ammonia-nitrogen (as N),Total,,0.1,mg/l,False,0.1,,,Unknown,SNY001,Actual,SW,Water,,,Clayton,07060003,River/Stream,,42.98149721,-91.24097377
6,15220006,Sny Magill Creek Site #3 (SN03),08/27/1996 15:50:00,SNY319,NIT-AMM,Ammonia-nitrogen (as N),Total,,0.1,mg/l,False,0.1,,,Unknown,SNY001,Actual,SW,Water,,,Clayton,07060003,River/Stream,,42.98149721,-91.24097377
6,15220006,Sny Magill Creek Site #3 (SN03),09/24/1996 15:15:00,SNY319,NIT-AMM,Ammonia-nitrogen (as N),Total,,0.1,mg/l,False,0.1,,,Unknown,SNY001,Actual,SW,Water,,,Clayton,07060003,River/Stream,,42.98149721,-91.24097377
6,15220006,Sny Magill Creek Site #3 (SN03),07/30/1996 14:50:00,SNY319,NIT-AMM,Ammonia-nitrogen (as N),Total,,0.1,mg/l,False,0.1,,,Unknown,SNY001,Actual,SW,Water,,,Clayton,07060003,River/Stream,,42.98149721,-91.24097377
6,15220006,Sny Magill Creek Site #3 (SN03),07/16/1996 11:30:00,SNY319,NIT-AMM,Ammonia-nitrogen (as N),Total,,0.1,mg/l,False,0.1,,,Unknown,SNY001,Actual,SW,Water,,,Clayton,07060003,River/Stream,,42.98149721,-91.24097377
6,15220006,Sny Magill Creek Site #3 (SN03),07/23/1996 12:30:00,SNY319,NIT-AMM,Ammonia-nitrogen (as N),Total,,0.1,mg/l,False,0.1,,,Unknown,SNY001,Actual,SW,Water,,,Clayton,07060003,River/Stream,,42.98149721,-91.24097377
6,15220006,Sny Magill Creek Site #3 (SN03),06/25/1996 16:10:00,SNY319,NIT-AMM,Ammonia-nitrogen (as N),Total,,0.1,mg/l,False,0.1,,,Unknown,SNY001,Actual,SW,Water,,,Clayton,07060003,River/Stream,,42.98149721,-91.24097377
6,15220006,Sny Magill Creek Site #3 (SN03),06/18/1996 11:30:00,SNY319,NIT-AMM,Ammonia-nitrogen (as N),Total,,0.1,mg/l,False,0.1,,,Unknown,SNY001,Actual,SW,Water,,,Clayton,07060003,River/Stream,,42.98149721,-91.24097377
6,15220006,Sny Magill Creek Site #3 (SN03),06/11/1996 12:15:00,SNY319,NIT-AMM,Ammonia-nitrogen (as N),Total,,0.1,mg/l,False,0.1,,,Unknown,SNY001,Actual,SW,Water,,,Clayton,07060003,River/Stream,,42.98149721,-91.24097377
6,15220006,Sny Magill Creek Site #3 (SN03),05/14/1996 13:00:00,SNY319,NIT-AMM,Ammonia-nitrogen (as N),Total,,0.1,mg/l,False,0.1,,,Unknown,SNY001,Actual,SW,Water,,,Clayton,07060003,River/Stream,,42.98149721,-91.24097377
6,15220006,Sny Magill Creek Site #3 (SN03),05/07/1996 14:10:00,SNY319,NIT-AMM,Ammonia-nitrogen (as N),Total,,0.1,mg/l,False,0.1,,,Unknown,SNY001,Actual,SW,Water,,,Clayton,07060003,River/Stream,,42.98149721,-91.24097377
6,15220006,Sny Magill Creek Site #3 (SN03),04/09/1996 11:30:00,SNY319,NIT-AMM,Ammonia-nitrogen (as N),Total,,0.1,mg/l,False,0.1,,,Unknown,SNY001,Actual,SW,Water,,,Clayton,07060003,River/Stream,,42.98149721,-91.24097377
6,15220006,Sny Magill Creek Site #3 (SN03),02/27/1996 14:20:00,SNY319,NIT-AMM,Ammonia-nitrogen (as N),Total,,0.2,mg/l,True,0.1,,,Unknown,SNY001,Actual,SW,Water,,,Clayton,07060003,River/Stream,,42.98149721,-91.24097377
6,15220006,Sny Magill Creek Site #3 (SN03),04/02/1996 11:05:00,SNY319,NIT-AMM,Ammonia-nitrogen (as N),Total,,0.1,mg/l,False,0.1,,,Unknown,SNY001,Actual,SW,Water,,,Clayton,07060003,River/Stream,,42.98149721,-91.24097377
6,15220006,Sny Magill Creek Site #3 (SN03),03/05/1996 14:50:00,SNY319,NIT-AMM,Ammonia-nitrogen (as N),Total,,0.1,mg/l,False,0.1,,,Unknown,SNY001,Actual,SW,Water,,,Clayton,07060003,River/Stream,,42.98149721,-91.24097377
6,15220006,Sny Magill Creek Site #3 (SN03),01/30/1996 16:40:00,SNY319,NIT-AMM,Ammonia-nitrogen (as N),Total,,0.1,mg/l,False,0.1,,,Unknown,SNY001,Actual,SW,Water,,,Clayton,07060003,River/Stream,,42.98149721,-91.24097377
6,15220006,Sny Magill Creek Site #3 (SN03),01/16/1996 12:20:00,SNY319,NIT-AMM,Ammonia-nitrogen (as N),Total,,0.1,mg/l,False,0.1,,,Unknown,SNY001,Actual,SW,Water,,,Clayton,07060003,River/Stream,,42.98149721,-91.24097377
6,15220006,Sny Magill Creek Site #3 (SN03),01/23/1996 15:15:00,SNY319,NIT-AMM,Ammonia-nitrogen (as N),Total,,0.1,mg/l,False,0.1,,,Unknown,SNY001,Actual,SW,Water,,,Clayton,07060003,River/Stream,,42.98149721,-91.24097377
6,15220005,Sny Magill Creek Site #2 (SN02),07/30/1996 14:25:00,SNY319,NIT-AMM,Ammonia-nitrogen (as N),Total,,0.1,mg/l,True,0.1,,,Unknown,SNY001,Actual,SW,Water,,,Clayton,07060003,River/Stream,,42.96808222,-91.22331192
6,15220005,Sny Magill Creek Site #2 (SN02),08/27/1996 15:10:00,SNY319,NIT-AMM,Ammonia-nitrogen (as N),Total,,0.1,mg/l,False,0.1,,,Unknown,SNY001,Actual,SW,Water,,,Clayton,07060003,River/Stream,,42.96808222,-91.22331192
6,15220005,Sny Magill Creek Site #2 (SN02),09/24/1996 14:50:00,SNY319,NIT-AMM,Ammonia-nitrogen (as N),Total,,0.1,mg/l,False,0.1,,,Unknown,SNY001,Actual,SW,Water,,,Clayton,07060003,River/Stream,,42.96808222,-91.22331192
6,15220016,Mink Creek @ Aztec Road (MIN10),10/05/2011 08:35:00,TURKEYR,NIT-AMM,Ammonia-nitrogen (as N),Total,,0.05,mg/l,False,0.05,,,350.1,IGS-GRAB,Actual,SW,Water,,,Clayton,07060004,River/Stream,,42.8441202,-91.59732742
6,15220021,Turkey River @ Elkader (TR30),10/05/2011 09:50:00,TURKEYR,NIT-AMM,Ammonia-nitrogen (as N),Total,,0.05,mg/l,False,0.05,,,350.1,IGS-GRAB,Actual,SW,Water,,,Clayton,07060004,River/Stream,,42.859771,-91.406681
6,15220010,Cox Creek @ Highway 13 (COX20),11/02/2011 07:55:00,TURKEYR,NIT-AMM,Ammonia-nitrogen (as N),Total,,0.05,mg/l,False,0.05,,,350.1,IGS-GRAB,Actual,SW,Water,,,Clayton,07060004,River/Stream,,42.76688423,-91.46209679
6,15220014,Howard Creek @ Mouth (HOW10),11/02/2011 13:15:00,TURKEYR,NIT-AMM,Ammonia-nitrogen (as N),Total,,0.05,mg/l,False,0.05,,,350.1,IGS-GRAB,Actual,SW,Water,,,Clayton,07060004,River/Stream,,42.9300546,-91.38292282
6,15220015,Little Turkey River @ Highway 52 (LIT10),11/02/2011 12:30:00,TURKEYR,NIT-AMM,Ammonia-nitrogen (as N),Total,,0.05,mg/l,False,0.05,,,350.1,IGS-GRAB,Actual,SW,Water,,,Clayton,07060004,River/Stream,,42.6987021,-91.07371173
6,15220019,Roberts Creek @ Dalmation Ave (ROB50),11/02/2011 12:35:00,TURKEYR,NIT-AMM,Ammonia-nitrogen (as N),Total,,0.05,mg/l,False,0.05,,,350.1,IGS-GRAB,Actual,SW,Water,,,Clayton,07060004,River/Stream,,42.95959549,-91.4562996
6,15220020,Turkey River @ Highway 52 (TR10),11/02/2011 12:15:00,TURKEYR,NIT-AMM,Ammonia-nitrogen (as N),Total,,0.05,mg/l,False,0.05,,,350.1,IGS-GRAB,Actual,SW,Water,,,Clayton,07060004,River/Stream,,42.70781335,-91.0757377
6,15220038,BTLUE,08/16/1994 11:00:00,BSP,NIT-AMM,Ammonia-nitrogen (as N),Total,,0.1,mg/l,False,0.1,,,TIM 780-86T,BSP,Actual,GW,Water,,,Clayton,07060004,Facility Other,,43.044315,-91.4769171
6,15220040,L22T,08/23/1994 10:40:00,BSP,NIT-AMM,Ammonia-nitrogen (as N),Total,,0.1,mg/l,False,0.1,,,TIM 780-86T,BSP,Actual,GW,Water,,,Clayton,07060004,Facility Other,,43.0217187,-91.4893474
6,15220018,Roberts Creek @ 206th St/B65 (RC02/ROB30),08/23/1994 14:45:00,BSP,NIT-AMM,Ammonia-nitrogen (as N),Total,,0.1,mg/l,False,0.1,,,TIM 780-86T,BSP,Actual,SW,Water,,,Clayton,07060004,River/Stream,,42.9304245,-91.38552335
6,15220028,Silver Creek @ Dogwood Ave (L23S),08/23/1994 10:15:00,BSP,NIT-AMM,Ammonia-nitrogen (as N),Total,,0.1,mg/l,True,0.1,,,TIM 780-86T,BSP,Actual,SW,Water,,,Clayton,07060004,River/Stream,,43.0217763,-91.4894189
6,15220028,Silver Creek @ Dogwood Ave (L23S),08/29/1994 13:20:00,BSP,NIT-AMM,Ammonia-nitrogen (as N),Total,,0.5,mg/l,True,0.1,,,TIM 780-86T,BSP,Actual,SW,Water,,,Clayton,07060004,River/Stream,,43.0217763,-91.4894189
6,15220036,Turkey River @ Big Spring (TR01),08/29/1994 10:45:00,BSP,NIT-AMM,Ammonia-nitrogen (as N),Total,,0.1,mg/l,True,0.1,,,TIM 780-86T,BSP,Actual,SW,Water,,,Clayton,07060004,River/Stream,,42.9095476,-91.4709184
6,15220018,Roberts Creek @ 206th St/B65 (RC02/ROB30),09/13/1994 12:35:00,BSP,NIT-AMM,Ammonia-nitrogen (as N),Total,,0.1,mg/l,True,0.1,,,TIM 780-86T,BSP,Actual,SW,Water,,,Clayton,07060004,River/Stream,,42.9304245,-91.38552335
6,15220025,Roberts Creek @ Essex Ave (F47),08/29/1994 14:40:00,BSP,NIT-AMM,Ammonia-nitrogen (as N),Total,,0.1,mg/l,True,0.1,,,TIM 780-86T,BSP,Actual,SW,Water,,,Clayton,07060004,River/Stream,,42.9590908,-91.4195205
6,15220038,BTLUE,09/20/1994 15:30:00,BSP,NIT-AMM,Ammonia-nitrogen (as N),Total,,0.1,mg/l,True,0.1,,,TIM 780-86T,BSP,Actual,GW,Water,,,Clayton,07060004,Facility Other,,43.044315,-91.4769171
6,15220040,L22T,09/20/1994 15:55:00,BSP,NIT-AMM,Ammonia-nitrogen (as N),Total,,0.1,mg/l,False,0.1,,,TIM 780-86T,BSP,Actual,GW,Water,,,Clayton,07060004,Facility Other,,43.0217187,-91.4893474
6,15220018,Roberts Creek @ 206th St/B65 (RC02/ROB30),09/20/1994 14:50:00,BSP,NIT-AMM,Ammonia-nitrogen (as N),Total,,0.2,mg/l,True,0.1,,,TIM 780-86T,BSP,Actual,SW,Water,,,Clayton,07060004,River/Stream,,42.9304245,-91.38552335
6,15220025,Roberts Creek @ Essex Ave (F47),09/27/1994 11:20:00,BSP,NIT-AMM,Ammonia-nitrogen (as N),Total,,0.7,mg/l,True,0.1,,,TIM 780-86T,BSP,Actual,SW,Water,,,Clayton,07060004,River/Stream,,42.9590908,-91.4195205
6,15220018,Roberts Creek @ 206th St/B65 (RC02/ROB30),09/27/1994 15:45:00,BSP,NIT-AMM,Ammonia-nitrogen (as N),Total,,2.4,mg/l,True,0.1,,,TIM 780-86T,BSP,Actual,SW,Water,,,Clayton,07060004,River/Stream,,42.9304245,-91.38552335
6,15220033,Silver Creek @ 155th St (SC01),09/27/1994 14:55:00,BSP,NIT-AMM,Ammonia-nitrogen (as N),Total,,0.9,mg/l,True,0.1,,,TIM 780-86T,BSP,Actual,SW,Water,,,Clayton,07060004,River/Stream,,43.0006333,-91.4484974
6,15220018,Roberts Creek @ 206th St/B65 (RC02/ROB30),10/11/1994 16:20:00,BSP,NIT-AMM,Ammonia-nitrogen (as N),Total,,0.1,mg/l,False,0.1,,,TIM 780-86T,BSP,Actual,SW,Water,,,Clayton,07060004,River/Stream,,42.9304245,-91.38552335
6,15220028,Silver Creek @ Dogwood Ave (L23S),10/11/1994 12:20:00,BSP,NIT-AMM,Ammonia-nitrogen (as N),Total,,0.3,mg/l,True,0.1,,,TIM 780-86T,BSP,Actual,SW,Water,,,Clayton,07060004,River/Stream,,43.0217763,-91.4894189
6,15220028,Silver Creek @ Dogwood Ave (L23S),10/25/1994 15:30:00,BSP,NIT-AMM,Ammonia-nitrogen (as N),Total,,0.2,mg/l,True,0.1,,,TIM 780-86T,BSP,Actual,SW,Water,,,Clayton,07060004,River/Stream,,43.0217763,-91.4894189
6,15220018,Roberts Creek @ 206th St/B65 (RC02/ROB30),10/25/1994 10:00:00,BSP,NIT-AMM,Ammonia-nitrogen (as N),Total,,0.1,mg/l,True,0.1,,,TIM 780-86T,BSP,Actual,SW,Water,,,Clayton,07060004,River/Stream,,42.9304245,-91.38552335
6,15220028,Silver Creek @ Dogwood Ave (L23S),11/08/1994 13:05:00,BSP,NIT-AMM,Ammonia-nitrogen (as N),Total,,0.3,mg/l,True,0.1,,,TIM 780-86T,BSP,Actual,SW,Water,,,Clayton,07060004,River/Stream,,43.0217763,-91.4894189
6,15220018,Roberts Creek @ 206th St/B65 (RC02/ROB30),11/08/1994 10:45:00,BSP,NIT-AMM,Ammonia-nitrogen (as N),Total,,0.1,mg/l,False,0.1,,,TIM 780-86T,BSP,Actual,SW,Water,,,Clayton,07060004,River/Stream,,42.9304245,-91.38552335
6,15220028,Silver Creek @ Dogwood Ave (L23S),11/15/1994 11:10:00,BSP,NIT-AMM,Ammonia-nitrogen (as N),Total,,1.5,mg/l,True,0.1,,,TIM 780-86T,BSP,Actual,SW,Water,,,Clayton,07060004,River/Stream,,43.0217763,-91.4894189
6,15220018,Roberts Creek @ 206th St/B65 (RC02/ROB30),11/28/1994 12:05:00,BSP,NIT-AMM,Ammonia-nitrogen (as N),Total,,0.2,mg/l,True,0.1,,,TIM 780-86T,BSP,Actual,SW,Water,,,Clayton,07060004,River/Stream,,42.9304245,-91.38552335
6,15220028,Silver Creek @ Dogwood Ave (L23S),11/28/1994 14:30:00,BSP,NIT-AMM,Ammonia-nitrogen (as N),Total,,0.4,mg/l,True,0.1,,,TIM 780-86T,BSP,Actual,SW,Water,,,Clayton,07060004,River/Stream,,43.0217763,-91.4894189
6,15220028,Silver Creek @ Dogwood Ave (L23S),12/06/1994 11:00:00,BSP,NIT-AMM,Ammonia-nitrogen (as N),Total,,0.1,mg/l,False,0.1,,,TIM 780-86T,BSP,Actual,SW,Water,,,Clayton,07060004,River/Stream,,43.0217763,-91.4894189
6,15220018,Roberts Creek @ 206th St/B65 (RC02/ROB30),12/06/1994 12:20:00,BSP,NIT-AMM,Ammonia-nitrogen (as N),Total,,0.1,mg/l,False,0.1,,,TIM 780-86T,BSP,Actual,SW,Water,,,Clayton,07060004,River/Stream,,42.9304245,-91.38552335
6,15220018,Roberts Creek @ 206th St/B65 (RC02/ROB30),12/13/1994 15:25:00,BSP,NIT-AMM,Ammonia-nitrogen (as N),Total,,0.1,mg/l,False,0.1,,,TIM 780-86T,BSP,Actual,SW,Water,,,Clayton,07060004,River/Stream,,42.9304245,-91.38552335
6,15220028,Silver Creek @ Dogwood Ave (L23S),12/13/1994 10:50:00,BSP,NIT-AMM,Ammonia-nitrogen (as N),Total,,0.1,mg/l,False,0.1,,,TIM 780-86T,BSP,Actual,SW,Water,,,Clayton,07060004,River/Stream,,43.0217763,-91.4894189
6,15220028,Silver Creek @ Dogwood Ave (L23S),12/26/1994 13:25:00,BSP,NIT-AMM,Ammonia-nitrogen (as N),Total,,0.1,mg/l,True,0.1,,,TIM 780-86T,BSP,Actual,SW,Water,,,Clayton,07060004,River/Stream,,43.0217763,-91.4894189
6,15220028,Silver Creek @ Dogwood Ave (L23S),01/03/1995 12:45:00,BSP,NIT-AMM,Ammonia-nitrogen (as N),Total,,0.1,mg/l,False,0.1,,,TIM 780-86T,BSP,Actual,SW,Water,,,Clayton,07060004,River/Stream,,43.0217763,-91.4894189
6,15220018,Roberts Creek @ 206th St/B65 (RC02/ROB30),12/26/1994 14:15:00,BSP,NIT-AMM,Ammonia-nitrogen (as N),Total,,0.1,mg/l,True,0.1,,,TIM 780-86T,BSP,Actual,SW,Water,,,Clayton,07060004,River/Stream,,42.9304245,-91.38552335
6,15220028,Silver Creek @ Dogwood Ave (L23S),01/10/1995 10:50:00,BSP,NIT-AMM,Ammonia-nitrogen (as N),Total,,0.1,mg/l,True,0.1,,,TIM 780-86T,BSP,Actual,SW,Water,,,Clayton,07060004,River/Stream,,43.0217763,-91.4894189
6,15220018,Roberts Creek @ 206th St/B65 (RC02/ROB30),01/10/1995 14:40:00,BSP,NIT-AMM,Ammonia-nitrogen (as N),Total,,0.1,mg/l,False,0.1,,,TIM 780-86T,BSP,Actual,SW,Water,,,Clayton,07060004,River/Stream,,42.9304245,-91.38552335
6,15220028,Silver Creek @ Dogwood Ave (L23S),01/24/1995 10:20:00,BSP,NIT-AMM,Ammonia-nitrogen (as N),Total,,0.1,mg/l,False,0.1,,,TIM 780-86T,BSP,Actual,SW,Water,,,Clayton,07060004,River/Stream,,43.0217763,-91.4894189
6,15220018,Roberts Creek @ 206th St/B65 (RC02/ROB30),01/24/1995 14:55:00,BSP,NIT-AMM,Ammonia-nitrogen (as N),Total,,0.1,mg/l,False,0.1,,,TIM 780-86T,BSP,Actual,SW,Water,,,Clayton,07060004,River/Stream,,42.9304245,-91.38552335
6,15220018,Roberts Creek @ 206th St/B65 (RC02/ROB30),01/30/1995 12:45:00,BSP,NIT-AMM,Ammonia-nitrogen (as N),Total,,0.1,mg/l,False,0.1,,,TIM 780-86T,BSP,Actual,SW,Water,,,Clayton,07060004,River/Stream,,42.9304245,-91.38552335
6,15220018,Roberts Creek @ 206th St/B65 (RC02/ROB30),02/07/1995 15:40:00,BSP,NIT-AMM,Ammonia-nitrogen (as N),Total,,0.1,mg/l,False,0.1,,,TIM 780-86T,BSP,Actual,SW,Water,,,Clayton,07060004,River/Stream,,42.9304245,-91.38552335
6,15220028,Silver Creek @ Dogwood Ave (L23S),01/30/1995 15:30:00,BSP,NIT-AMM,Ammonia-nitrogen (as N),Total,,0.1,mg/l,False,0.1,,,TIM 780-86T,BSP,Actual,SW,Water,,,Clayton,07060004,River/Stream,,43.0217763,-91.4894189
6,15220028,Silver Creek @ Dogwood Ave (L23S),02/07/1995 11:30:00,BSP,NIT-AMM,Ammonia-nitrogen (as N),Total,,0.1,mg/l,True,0.1,,,TIM 780-86T,BSP,Actual,SW,Water,,,Clayton,07060004,River/Stream,,43.0217763,-91.4894189
6,15220018,Roberts Creek @ 206th St/B65 (RC02/ROB30),03/07/1995 14:40:00,BSP,NIT-AMM,Ammonia-nitrogen (as N),Total,,0.1,mg/l,True,0.1,,,TIM 780-86T,BSP,Actual,SW,Water,,,Clayton,07060004,River/Stream,,42.9304245,-91.38552335
6,15220028,Silver Creek @ Dogwood Ave (L23S),03/21/1995 12:15:00,BSP,NIT-AMM,Ammonia-nitrogen (as N),Total,,0.3,mg/l,True,0.1,,,TIM 780-86T,BSP,Actual,SW,Water,,,Clayton,07060004,River/Stream,,43.0217763,-91.4894189
6,15220028,Silver Creek @ Dogwood Ave (L23S),03/07/1995 11:30:00,BSP,NIT-AMM,Ammonia-nitrogen (as N),Total,,0.2,mg/l,True,0.1,,,TIM 780-86T,BSP,Actual,SW,Water,,,Clayton,07060004,River/Stream,,43.0217763,-91.4894189
6,15220028,Silver Creek @ Dogwood Ave (L23S),04/04/1995 10:55:00,BSP,NIT-AMM,Ammonia-nitrogen (as N),Total,,0.1,mg/l,False,0.1,,,TIM 780-86T,BSP,Actual,SW,Water,,,Clayton,07060004,River/Stream,,43.0217763,-91.4894189
6,15220018,Roberts Creek @ 206th St/B65 (RC02/ROB30),04/04/1995 15:15:00,BSP,NIT-AMM,Ammonia-nitrogen (as N),Total,,0.1,mg/l,True,0.1,,,TIM 780-86T,BSP,Actual,SW,Water,,,Clayton,07060004,River/Stream,,42.9304245,-91.38552335
6,15220018,Roberts Creek @ 206th St/B65 (RC02/ROB30),04/24/1995 12:35:00,BSP,NIT-AMM,Ammonia-nitrogen (as N),Total,,0.1,mg/l,False,0.1,,,TIM 780-86T,BSP,Actual,SW,Water,,,Clayton,07060004,River/Stream,,42.9304245,-91.38552335
6,15220018,Roberts Creek @ 206th St/B65 (RC02/ROB30),04/18/1995 10:15:00,BSP,NIT-AMM,Ammonia-nitrogen (as N),Total,,0.3,mg/l,True,0.1,,,TIM 780-86T,BSP,Actual,SW,Water,,,Clayton,07060004,River/Stream,,42.9304245,-91.38552335
6,15220028,Silver Creek @ Dogwood Ave (L23S),04/24/1995 16:20:00,BSP,NIT-AMM,Ammonia-nitrogen (as N),Total,,0.1,mg/l,False,0.1,,,TIM 780-86T,BSP,Actual,SW,Water,,,Clayton,07060004,River/Stream,,43.0217763,-91.4894189
6,15220028,Silver Creek @ Dogwood Ave (L23S),05/02/1995 10:25:00,BSP,NIT-AMM,Ammonia-nitrogen (as N),Total,,0.1,mg/l,False,0.1,,,TIM 780-86T,BSP,Actual,SW,Water,,,Clayton,07060004,River/Stream,,43.0217763,-91.4894189
6,15220018,Roberts Creek @ 206th St/B65 (RC02/ROB30),05/02/1995 15:00:00,BSP,NIT-AMM,Ammonia-nitrogen (as N),Total,,0.1,mg/l,False,0.1,,,TIM 780-86T,BSP,Actual,SW,Water,,,Clayton,07060004,River/Stream,,42.9304245,-91.38552335
6,15220028,Silver Creek @ Dogwood Ave (L23S),05/16/1995 12:00:00,BSP,NIT-AMM,Ammonia-nitrogen (as N),Total,,0.1,mg/l,False,0.1,,,TIM 780-86T,BSP,Actual,SW,Water,,,Clayton,07060004,River/Stream,,43.0217763,-91.4894189
6,15220018,Roberts Creek @ 206th St/B65 (RC02/ROB30),05/16/1995 15:50:00,BSP,NIT-AMM,Ammonia-nitrogen (as N),Total,,0.1,mg/l,True,0.1,,,TIM 780-86T,BSP,Actual,SW,Water,,,Clayton,07060004,River/Stream,,42.9304245,-91.38552335
6,15220018,Roberts Creek @ 206th St/B65 (RC02/ROB30),05/23/1995 10:15:00,BSP,NIT-AMM,Ammonia-nitrogen (as N),Total,,0.1,mg/l,True,0.1,,,TIM 780-86T,BSP,Actual,SW,Water,,,Clayton,07060004,River/Stream,,42.9304245,-91.38552335
6,15220018,Roberts Creek @ 206th St/B65 (RC02/ROB30),05/30/1995 16:00:00,BSP,NIT-AMM,Ammonia-nitrogen (as N),Total,,0.2,mg/l,True,0.1,,,TIM 780-86T,BSP,Actual,SW,Water,,,Clayton,07060004,River/Stream,,42.9304245,-91.38552335
6,15220018,Roberts Creek @ 206th St/B65 (RC02/ROB30),06/13/1995 16:20:00,BSP,NIT-AMM,Ammonia-nitrogen (as N),Total,,0.1,mg/l,False,0.1,,,TIM 780-86T,BSP,Actual,SW,Water,,,Clayton,07060004,River/Stream,,42.9304245,-91.38552335
6,15220028,Silver Creek @ Dogwood Ave (L23S),05/30/1995 10:45:00,BSP,NIT-AMM,Ammonia-nitrogen (as N),Total,,0.1,mg/l,True,0.1,,,TIM 780-86T,BSP,Actual,SW,Water,,,Clayton,07060004,River/Stream,,43.0217763,-91.4894189
6,15220028,Silver Creek @ Dogwood Ave (L23S),06/13/1995 10:25:00,BSP,NIT-AMM,Ammonia-nitrogen (as N),Total,,0.1,mg/l,False,0.1,,,TIM 780-86T,BSP,Actual,SW,Water,,,Clayton,07060004,River/Stream,,43.0217763,-91.4894189
6,15220018,Roberts Creek @ 206th St/B65 (RC02/ROB30),06/27/1995 16:25:00,BSP,NIT-AMM,Ammonia-nitrogen (as N),Total,,0.1,mg/l,False,0.1,,,TIM 780-86T,BSP,Actual,SW,Water,,,Clayton,07060004,River/Stream,,42.9304245,-91.38552335
6,15220028,Silver Creek @ Dogwood Ave (L23S),06/27/1995 11:00:00,BSP,NIT-AMM,Ammonia-nitrogen (as N),Total,,0.3,mg/l,True,0.1,,,TIM 780-86T,BSP,Actual,SW,Water,,,Clayton,07060004,River/Stream,,43.0217763,-91.4894189
6,15220028,Silver Creek @ Dogwood Ave (L23S),07/11/1995 11:25:00,BSP,NIT-AMM,Ammonia-nitrogen (as N),Total,,0.5,mg/l,True,0.1,,,TIM 780-86T,BSP,Actual,SW,Water,,,Clayton,07060004,River/Stream,,43.0217763,-91.4894189
6,15220018,Roberts Creek @ 206th St/B65 (RC02/ROB30),07/11/1995 13:30:00,BSP,NIT-AMM,Ammonia-nitrogen (as N),Total,,0.1,mg/l,False,0.1,,,TIM 780-86T,BSP,Actual,SW,Water,,,Clayton,07060004,River/Stream,,42.9304245,-91.38552335
6,15220018,Roberts Creek @ 206th St/B65 (RC02/ROB30),07/25/1995 13:40:00,BSP,NIT-AMM,Ammonia-nitrogen (as N),Total,,0.1,mg/l,False,0.1,,,TIM 780-86T,BSP,Actual,SW,Water,,,Clayton,07060004,River/Stream,,42.9304245,-91.38552335
6,15220018,Roberts Creek @ 206th St/B65 (RC02/ROB30),08/08/1995 16:45:00,BSP,NIT-AMM,Ammonia-nitrogen (as N),Total,,0.3,mg/l,True,0.1,,,TIM 780-86T,BSP,Actual,SW,Water,,,Clayton,07060004,River/Stream,,42.9304245,-91.38552335
6,15220028,Silver Creek @ Dogwood Ave (L23S),08/22/1995 11:00:00,BSP,NIT-AMM,Ammonia-nitrogen (as N),Total,,0.7,mg/l,True,0.1,,,TIM 780-86T,BSP,Actual,SW,Water,,,Clayton,07060004,River/Stream,,43.0217763,-91.4894189
6,15220028,Silver Creek @ Dogwood Ave (L23S),08/08/1995 10:20:00,BSP,NIT-AMM,Ammonia-nitrogen (as N),Total,,0.2,mg/l,True,0.1,,,TIM 780-86T,BSP,Actual,SW,Water,,,Clayton,07060004,River/Stream,,43.0217763,-91.4894189
6,15220028,Silver Creek @ Dogwood Ave (L23S),08/29/1995 11:00:00,BSP,NIT-AMM,Ammonia-nitrogen (as N),Total,,0.9,mg/l,True,0.1,,,TIM 780-86T,BSP,Actual,SW,Water,,,Clayton,07060004,River/Stream,,43.0217763,-91.4894189
6,15220018,Roberts Creek @ 206th St/B65 (RC02/ROB30),08/29/1995 17:05:00,BSP,NIT-AMM,Ammonia-nitrogen (as N),Total,,0.3,mg/l,True,0.1,,,TIM 780-86T,BSP,Actual,SW,Water,,,Clayton,07060004,River/Stream,,42.9304245,-91.38552335
6,15220018,Roberts Creek @ 206th St/B65 (RC02/ROB30),09/05/1995 15:50:00,BSP,NIT-AMM,Ammonia-nitrogen (as N),Total,,0.1,mg/l,True,0.1,,,TIM 780-86T,BSP,Actual,SW,Water,,,Clayton,07060004,River/Stream,,42.9304245,-91.38552335
6,15220028,Silver Creek @ Dogwood Ave (L23S),09/05/1995 12:05:00,BSP,NIT-AMM,Ammonia-nitrogen (as N),Total,,0.7,mg/l,True,0.1,,,TIM 780-86T,BSP,Actual,SW,Water,,,Clayton,07060004,River/Stream,,43.0217763,-91.4894189
6,15220028,Silver Creek @ Dogwood Ave (L23S),09/12/1995 10:25:00,BSP,NIT-AMM,Ammonia-nitrogen (as N),Total,,0.5,mg/l,True,0.1,,,TIM 780-86T,BSP,Actual,SW,Water,,,Clayton,07060004,River/Stream,,43.0217763,-91.4894189
6,15220018,Roberts Creek @ 206th St/B65 (RC02/ROB30),09/12/1995 14:10:00,BSP,NIT-AMM,Ammonia-nitrogen (as N),Total,,0.2,mg/l,True,0.1,,,TIM 780-86T,BSP,Actual,SW,Water,,,Clayton,07060004,River/Stream,,42.9304245,-91.38552335
6,15220018,Roberts Creek @ 206th St/B65 (RC02/ROB30),09/19/1995 17:10:00,BSP,NIT-AMM,Ammonia-nitrogen (as N),Total,,0.2,mg/l,True,0.1,,,TIM 780-86T,BSP,Actual,SW,Water,,,Clayton,07060004,River/Stream,,42.9304245,-91.38552335
6,15220028,Silver Creek @ Dogwood Ave (L23S),09/26/1995 10:50:00,BSP,NIT-AMM,Ammonia-nitrogen (as N),Total,,0.5,mg/l,True,0.1,,,TIM 780-86T,BSP,Actual,SW,Water,,,Clayton,07060004,River/Stream,,43.0217763,-91.4894189
6,15220018,Roberts Creek @ 206th St/B65 (RC02/ROB30),10/10/1995 16:15:00,BSP,NIT-AMM,Ammonia-nitrogen (as N),Total,,0.3,mg/l,True,0.1,,,TIM 780-86T,BSP,Actual,SW,Water,,,Clayton,07060004,River/Stream,,42.9304245,-91.38552335
6,15220028,Silver Creek @ Dogwood Ave (L23S),10/10/1995 10:55:00,BSP,NIT-AMM,Ammonia-nitrogen (as N),Total,,0.4,mg/l,True,0.1,,,TIM 780-86T,BSP,Actual,SW,Water,,,Clayton,07060004,River/Stream,,43.0217763,-91.4894189
6,15220018,Roberts Creek @ 206th St/B65 (RC02/ROB30),10/17/1995 16:15:00,BSP,NIT-AMM,Ammonia-nitrogen (as N),Total,,0.2,mg/l,True,0.1,,,TIM 780-86T,BSP,Actual,SW,Water,,,Clayton,07060004,River/Stream,,42.9304245,-91.38552335
6,15220018,Roberts Creek @ 206th St/B65 (RC02/ROB30),10/30/1995 12:35:00,BSP,NIT-AMM,Ammonia-nitrogen (as N),Total,,0.1,mg/l,True,0.1,,,TIM 780-86T,BSP,Actual,SW,Water,,,Clayton,07060004,River/Stream,,42.9304245,-91.38552335
6,15220028,Silver Creek @ Dogwood Ave (L23S),10/30/1995 13:40:00,BSP,NIT-AMM,Ammonia-nitrogen (as N),Total,,0.2,mg/l,True,0.1,,,TIM 780-86T,BSP,Actual,SW,Water,,,Clayton,07060004,River/Stream,,43.0217763,-91.4894189
6,15220028,Silver Creek @ Dogwood Ave (L23S),11/07/1995 11:25:00,BSP,NIT-AMM,Ammonia-nitrogen (as N),Total,,0.2,mg/l,True,0.1,,,TIM 780-86T,BSP,Actual,SW,Water,,,Clayton,07060004,River/Stream,,43.0217763,-91.4894189
6,15220018,Roberts Creek @ 206th St/B65 (RC02/ROB30),11/07/1995 11:00:00,BSP,NIT-AMM,Ammonia-nitrogen (as N),Total,,0.3,mg/l,True,0.1,,,TIM 780-86T,BSP,Actual,SW,Water,,,Clayton,07060004,River/Stream,,42.9304245,-91.38552335
6,15220018,Roberts Creek @ 206th St/B65 (RC02/ROB30),11/14/1995 13:45:00,BSP,NIT-AMM,Ammonia-nitrogen (as N),Total,,0.1,mg/l,True,0.1,,,TIM 780-86T,BSP,Actual,SW,Water,,,Clayton,07060004,River/Stream,,42.9304245,-91.38552335
6,15220028,Silver Creek @ Dogwood Ave (L23S),11/14/1995 10:20:00,BSP,NIT-AMM,Ammonia-nitrogen (as N),Total,,0.1,mg/l,True,0.1,,,TIM 780-86T,BSP,Actual,SW,Water,,,Clayton,07060004,River/Stream,,43.0217763,-91.4894189
6,15220018,Roberts Creek @ 206th St/B65 (RC02/ROB30),11/28/1995 15:45:00,BSP,NIT-AMM,Ammonia-nitrogen (as N),Total,,0.1,mg/l,False,0.1,,,TIM 780-86T,BSP,Actual,SW,Water,,,Clayton,07060004,River/Stream,,42.9304245,-91.38552335
6,15220028,Silver Creek @ Dogwood Ave (L23S),11/28/1995 10:55:00,BSP,NIT-AMM,Ammonia-nitrogen (as N),Total,,0.2,mg/l,True,0.1,,,TIM 780-86T,BSP,Actual,SW,Water,,,Clayton,07060004,River/Stream,,43.0217763,-91.4894189
6,15220018,Roberts Creek @ 206th St/B65 (RC02/ROB30),12/12/1995 16:25:00,BSP,NIT-AMM,Ammonia-nitrogen (as N),Total,,0.1,mg/l,True,0.1,,,TIM 780-86T,BSP,Actual,SW,Water,,,Clayton,07060004,River/Stream,,42.9304245,-91.38552335
6,15220018,Roberts Creek @ 206th St/B65 (RC02/ROB30),12/26/1995 15:10:00,BSP,NIT-AMM,Ammonia-nitrogen (as N),Total,,0.1,mg/l,False,0.1,,,TIM 780-86T,BSP,Actual,SW,Water,,,Clayton,07060004,River/Stream,,42.9304245,-91.38552335
6,15220028,Silver Creek @ Dogwood Ave (L23S),12/12/1995 10:50:00,BSP,NIT-AMM,Ammonia-nitrogen (as N),Total,,0.1,mg/l,True,0.1,,,TIM 780-86T,BSP,Actual,SW,Water,,,Clayton,07060004,River/Stream,,43.0217763,-91.4894189
6,15220028,Silver Creek @ Dogwood Ave (L23S),01/09/1996 10:55:00,BSP,NIT-AMM,Ammonia-nitrogen (as N),Total,,0.1,mg/l,False,0.1,,,TIM 780-86T,BSP,Actual,SW,Water,,,Clayton,07060004,River/Stream,,43.0217763,-91.4894189
6,15220018,Roberts Creek @ 206th St/B65 (RC02/ROB30),12/19/1995 10:20:00,BSP,NIT-AMM,Ammonia-nitrogen (as N),Total,,0.1,mg/l,False,0.1,,,TIM 780-86T,BSP,Actual,SW,Water,,,Clayton,07060004,River/Stream,,42.9304245,-91.38552335
6,15220018,Roberts Creek @ 206th St/B65 (RC02/ROB30),01/16/1996 11:15:00,BSP,NIT-AMM,Ammonia-nitrogen (as N),Total,,0.1,mg/l,False,0.1,,,TIM 780-86T,BSP,Actual,SW,Water,,,Clayton,07060004,River/Stream,,42.9304245,-91.38552335
6,15220028,Silver Creek @ Dogwood Ave (L23S),01/16/1996 11:35:00,BSP,NIT-AMM,Ammonia-nitrogen (as N),Total,,0.1,mg/l,False,0.1,,,TIM 780-86T,BSP,Actual,SW,Water,,,Clayton,07060004,River/Stream,,43.0217763,-91.4894189
6,15220018,Roberts Creek @ 206th St/B65 (RC02/ROB30),01/30/1996 18:00:00,BSP,NIT-AMM,Ammonia-nitrogen (as N),Total,,0.6,mg/l,True,0.1,,,TIM 780-86T,BSP,Actual,SW,Water,,,Clayton,07060004,River/Stream,,42.9304245,-91.38552335
6,15220028,Silver Creek @ Dogwood Ave (L23S),02/13/1996 10:35:00,BSP,NIT-AMM,Ammonia-nitrogen (as N),Total,,1.6,mg/l,True,0.1,,,TIM 780-86T,BSP,Actual,SW,Water,,,Clayton,07060004,River/Stream,,43.0217763,-91.4894189
6,15220028,Silver Creek @ Dogwood Ave (L23S),02/20/1996 11:45:00,BSP,NIT-AMM,Ammonia-nitrogen (as N),Total,,4,mg/l,True,0.1,,,TIM 780-86T,BSP,Actual,SW,Water,,,Clayton,07060004,River/Stream,,43.0217763,-91.4894189
6,15220028,Silver Creek @ Dogwood Ave (L23S),01/30/1996 11:35:00,BSP,NIT-AMM,Ammonia-nitrogen (as N),Total,,0.1,mg/l,False,0.1,,,TIM 780-86T,BSP,Actual,SW,Water,,,Clayton,07060004,River/Stream,,43.0217763,-91.4894189
6,15220018,Roberts Creek @ 206th St/B65 (RC02/ROB30),02/20/1996 11:20:00,BSP,NIT-AMM,Ammonia-nitrogen (as N),Total,,1,mg/l,True,0.1,,,TIM 780-86T,BSP,Actual,SW,Water,,,Clayton,07060004,River/Stream,,42.9304245,-91.38552335
6,15220018,Roberts Creek @ 206th St/B65 (RC02/ROB30),03/05/1996 15:50:00,BSP,NIT-AMM,Ammonia-nitrogen (as N),Total,,0.9,mg/l,True,0.1,,,TIM 780-86T,BSP,Actual,SW,Water,,,Clayton,07060004,River/Stream,,42.9304245,-91.38552335
6,15220018,Roberts Creek @ 206th St/B65 (RC02/ROB30),03/19/1996 13:50:00,BSP,NIT-AMM,Ammonia-nitrogen (as N),Total,,0.9,mg/l,True,0.1,,,TIM 780-86T,BSP,Actual,SW,Water,,,Clayton,07060004,River/Stream,,42.9304245,-91.38552335
6,15220028,Silver Creek @ Dogwood Ave (L23S),03/19/1996 11:20:00,BSP,NIT-AMM,Ammonia-nitrogen (as N),Total,,0.2,mg/l,True,0.1,,,TIM 780-86T,BSP,Actual,SW,Water,,,Clayton,07060004,River/Stream,,43.0217763,-91.4894189
6,15220018,Roberts Creek @ 206th St/B65 (RC02/ROB30),04/02/1996 11:40:00,BSP,NIT-AMM,Ammonia-nitrogen (as N),Total,,0.5,mg/l,True,0.1,,,TIM 780-86T,BSP,Actual,SW,Water,,,Clayton,07060004,River/Stream,,42.9304245,-91.38552335
6,15220028,Silver Creek @ Dogwood Ave (L23S),04/02/1996 12:00:00,BSP,NIT-AMM,Ammonia-nitrogen (as N),Total,,0.1,mg/l,False,0.1,,,TIM 780-86T,BSP,Actual,SW,Water,,,Clayton,07060004,River/Stream,,43.0217763,-91.4894189
6,15220028,Silver Creek @ Dogwood Ave (L23S),04/16/1996 10:50:00,BSP,NIT-AMM,Ammonia-nitrogen (as N),Total,,0.1,mg/l,False,0.1,,,TIM 780-86T,BSP,Actual,SW,Water,,,Clayton,07060004,River/Stream,,43.0217763,-91.4894189
6,15220028,Silver Creek @ Dogwood Ave (L23S),04/23/1996 09:55:00,BSP,NIT-AMM,Ammonia-nitrogen (as N),Total,,0.1,mg/l,False,0.1,,,TIM 780-86T,BSP,Actual,SW,Water,,,Clayton,07060004,River/Stream,,43.0217763,-91.4894189
6,15220028,Silver Creek @ Dogwood Ave (L23S),05/21/1996 10:35:00,BSP,NIT-AMM,Ammonia-nitrogen (as N),Total,,0.3,mg/l,True,0.1,,,TIM 780-86T,BSP,Actual,SW,Water,,,Clayton,07060004,River/Stream,,43.0217763,-91.4894189
6,15220018,Roberts Creek @ 206th St/B65 (RC02/ROB30),04/23/1996 10:25:00,BSP,NIT-AMM,Ammonia-nitrogen (as N),Total,,0.1,mg/l,False,0.1,,,TIM 780-86T,BSP,Actual,SW,Water,,,Clayton,07060004,River/Stream,,42.9304245,-91.38552335
6,15220018,Roberts Creek @ 206th St/B65 (RC02/ROB30),05/07/1996 15:20:00,BSP,NIT-AMM,Ammonia-nitrogen (as N),Total,,0.1,mg/l,False,0.1,,,TIM 780-86T,BSP,Actual,SW,Water,,,Clayton,07060004,River/Stream,,42.9304245,-91.38552335
6,15220018,Roberts Creek @ 206th St/B65 (RC02/ROB30),05/21/1996 14:50:00,BSP,NIT-AMM,Ammonia-nitrogen (as N),Total,,0.2,mg/l,True,0.1,,,TIM 780-86T,BSP,Actual,SW,Water,,,Clayton,07060004,River/Stream,,42.9304245,-91.38552335
6,15220018,Roberts Creek @ 206th St/B65 (RC02/ROB30),06/04/1996 14:50:00,BSP,NIT-AMM,Ammonia-nitrogen (as N),Total,,0.3,mg/l,True,0.1,,,TIM 780-86T,BSP,Actual,SW,Water,,,Clayton,07060004,River/Stream,,42.9304245,-91.38552335
6,15220028,Silver Creek @ Dogwood Ave (L23S),06/04/1996 11:00:00,BSP,NIT-AMM,Ammonia-nitrogen (as N),Total,,0.1,mg/l,False,0.1,,,TIM 780-86T,BSP,Actual,SW,Water,,,Clayton,07060004,River/Stream,,43.0217763,-91.4894189
6,15220028,Silver Creek @ Dogwood Ave (L23S),06/25/1996 11:10:00,BSP,NIT-AMM,Ammonia-nitrogen (as N),Total,,0.1,mg/l,False,0.1,,,TIM 780-86T,BSP,Actual,SW,Water,,,Clayton,07060004,River/Stream,,43.0217763,-91.4894189
6,15220018,Roberts Creek @ 206th St/B65 (RC02/ROB30),07/02/1996 12:00:00,BSP,NIT-AMM,Ammonia-nitrogen (as N),Total,,0.1,mg/l,False,0.1,,,TIM 780-86T,BSP,Actual,SW,Water,,,Clayton,07060004,River/Stream,,42.9304245,-91.38552335
6,15220028,Silver Creek @ Dogwood Ave (L23S),07/02/1996 11:20:00,BSP,NIT-AMM,Ammonia-nitrogen (as N),Total,,0.1,mg/l,False,0.1,,,TIM 780-86T,BSP,Actual,SW,Water,,,Clayton,07060004,River/Stream,,43.0217763,-91.4894189
6,15220018,Roberts Creek @ 206th St/B65 (RC02/ROB30),07/09/1996 14:55:00,BSP,NIT-AMM,Ammonia-nitrogen (as N),Total,,0.1,mg/l,False,0.1,,,TIM 780-86T,BSP,Actual,SW,Water,,,Clayton,07060004,River/Stream,,42.9304245,-91.38552335
6,15220028,Silver Creek @ Dogwood Ave (L23S),07/09/1996 10:20:00,BSP,NIT-AMM,Ammonia-nitrogen (as N),Total,,0.1,mg/l,False,0.1,,,TIM 780-86T,BSP,Actual,SW,Water,,,Clayton,07060004,River/Stream,,43.0217763,-91.4894189
6,15220028,Silver Creek @ Dogwood Ave (L23S),07/23/1996 10:00:00,BSP,NIT-AMM,Ammonia-nitrogen (as N),Total,,0.1,mg/l,False,0.1,,,TIM 780-86T,BSP,Actual,SW,Water,,,Clayton,07060004,River/Stream,,43.0217763,-91.4894189
6,15220018,Roberts Creek @ 206th St/B65 (RC02/ROB30),07/23/1996 13:20:00,BSP,NIT-AMM,Ammonia-nitrogen (as N),Total,,0.1,mg/l,False,0.1,,,TIM 780-86T,BSP,Actual,SW,Water,,,Clayton,07060004,River/Stream,,42.9304245,-91.38552335
6,15220018,Roberts Creek @ 206th St/B65 (RC02/ROB30),08/06/1996 10:05:00,BSP,NIT-AMM,Ammonia-nitrogen (as N),Total,,0.1,mg/l,False,0.1,,,TIM 780-86T,BSP,Actual,SW,Water,,,Clayton,07060004,River/Stream,,42.9304245,-91.38552335
6,15220028,Silver Creek @ Dogwood Ave (L23S),08/20/1996 10:55:00,BSP,NIT-AMM,Ammonia-nitrogen (as N),Total,,0.1,mg/l,True,0.1,,,TIM 780-86T,BSP,Actual,SW,Water,,,Clayton,07060004,River/Stream,,43.0217763,-91.4894189
6,15220028,Silver Creek @ Dogwood Ave (L23S),08/06/1996 11:50:00,BSP,NIT-AMM,Ammonia-nitrogen (as N),Total,,0.4,mg/l,True,0.1,,,TIM 780-86T,BSP,Actual,SW,Water,,,Clayton,07060004,River/Stream,,43.0217763,-91.4894189
6,15220028,Silver Creek @ Dogwood Ave (L23S),08/27/1996 10:35:00,BSP,NIT-AMM,Ammonia-nitrogen (as N),Total,,0.3,mg/l,True,0.1,,,TIM 780-86T,BSP,Actual,SW,Water,,,Clayton,07060004,River/Stream,,43.0217763,-91.4894189
6,15220028,Silver Creek @ Dogwood Ave (L23S),09/03/1996 09:10:00,BSP,NIT-AMM,Ammonia-nitrogen (as N),Total,,0.3,mg/l,True,0.1,,,TIM 780-86T,BSP,Actual,SW,Water,,,Clayton,07060004,River/Stream,,43.0217763,-91.4894189
6,15220018,Roberts Creek @ 206th St/B65 (RC02/ROB30),09/10/1996 14:00:00,BSP,NIT-AMM,Ammonia-nitrogen (as N),Total,,0.1,mg/l,False,0.1,,,TIM 780-86T,BSP,Actual,SW,Water,,,Clayton,07060004,River/Stream,,42.9304245,-91.38552335
6,15220018,Roberts Creek @ 206th St/B65 (RC02/ROB30),09/03/1996 13:30:00,BSP,NIT-AMM,Ammonia-nitrogen (as N),Total,,0.1,mg/l,False,0.1,,,TIM 780-86T,BSP,Actual,SW,Water,,,Clayton,07060004,River/Stream,,42.9304245,-91.38552335
6,15220028,Silver Creek @ Dogwood Ave (L23S),09/24/1996 11:00:00,BSP,NIT-AMM,Ammonia-nitrogen (as N),Total,,0.2,mg/l,True,0.1,,,TIM 780-86T,BSP,Actual,SW,Water,,,Clayton,07060004,River/Stream,,43.0217763,-91.4894189
6,15220018,Roberts Creek @ 206th St/B65 (RC02/ROB30),09/24/1996 16:05:00,BSP,NIT-AMM,Ammonia-nitrogen (as N),Total,,0.1,mg/l,False,0.1,,,TIM 780-86T,BSP,Actual,SW,Water,,,Clayton,07060004,River/Stream,,42.9304245,-91.38552335
6,15220028,Silver Creek @ Dogwood Ave (L23S),10/08/1996 10:55:00,BSP,NIT-AMM,Ammonia-nitrogen (as N),Total,,0.4,mg/l,True,0.1,,,TIM 780-86T,BSP,Actual,SW,Water,,,Clayton,07060004,River/Stream,,43.0217763,-91.4894189
6,15220018,Roberts Creek @ 206th St/B65 (RC02/ROB30),10/08/1996 12:25:00,BSP,NIT-AMM,Ammonia-nitrogen (as N),Total,,0.2,mg/l,True,0.1,,,TIM 780-86T,BSP,Actual,SW,Water,,,Clayton,07060004,River/Stream,,42.9304245,-91.38552335
6,15220036,Turkey River @ Big Spring (TR01),10/29/1996 09:25:00,BSP,NIT-AMM,Ammonia-nitrogen (as N),Total,,0.1,mg/l,False,0.1,,,TIM 780-86T,BSP,Actual,SW,Water,,,Clayton,07060004,River/Stream,,42.9095476,-91.4709184
6,15220028,Silver Creek @ Dogwood Ave (L23S),10/29/1996 10:45:00,BSP,NIT-AMM,Ammonia-nitrogen (as N),Total,,8.8,mg/l,True,0.1,,,TIM 780-86T,BSP,Actual,SW,Water,,,Clayton,07060004,River/Stream,,43.0217763,-91.4894189
6,15220018,Roberts Creek @ 206th St/B65 (RC02/ROB30),11/05/1996 09:50:00,BSP,NIT-AMM,Ammonia-nitrogen (as N),Total,,0.2,mg/l,True,0.1,,,TIM 780-86T,BSP,Actual,SW,Water,,,Clayton,07060004,River/Stream,,42.9304245,-91.38552335
6,15220028,Silver Creek @ Dogwood Ave (L23S),11/05/1996 11:20:00,BSP,NIT-AMM,Ammonia-nitrogen (as N),Total,,0.5,mg/l,True,0.1,,,TIM 780-86T,BSP,Actual,SW,Water,,,Clayton,07060004,River/Stream,,43.0217763,-91.4894189
6,15220018,Roberts Creek @ 206th St/B65 (RC02/ROB30),11/12/1996 13:40:00,BSP,NIT-AMM,Ammonia-nitrogen (as N),Total,,0.1,mg/l,False,0.1,,,TIM 780-86T,BSP,Actual,SW,Water,,,Clayton,07060004,River/Stream,,42.9304245,-91.38552335
6,15220036,Turkey River @ Big Spring (TR01),11/25/1996 12:40:00,BSP,NIT-AMM,Ammonia-nitrogen (as N),Total,,0.1,mg/l,False,0.1,,,TIM 780-86T,BSP,Actual,SW,Water,,,Clayton,07060004,River/Stream,,42.9095476,-91.4709184
6,15220028,Silver Creek @ Dogwood Ave (L23S),11/25/1996 15:20:00,BSP,NIT-AMM,Ammonia-nitrogen (as N),Total,,0.6,mg/l,True,0.1,,,TIM 780-86T,BSP,Actual,SW,Water,,,Clayton,07060004,River/Stream,,43.0217763,-91.4894189
6,15220018,Roberts Creek @ 206th St/B65 (RC02/ROB30),11/25/1996 12:15:00,BSP,NIT-AMM,Ammonia-nitrogen (as N),Total,,0.3,mg/l,True,0.1,,,TIM 780-86T,BSP,Actual,SW,Water,,,Clayton,07060004,River/Stream,,42.9304245,-91.38552335
6,15220028,Silver Creek @ Dogwood Ave (L23S),12/03/1996 09:50:00,BSP,NIT-AMM,Ammonia-nitrogen (as N),Total,,0.1,mg/l,False,0.1,,,TIM 780-86T,BSP,Actual,SW,Water,,,Clayton,07060004,River/Stream,,43.0217763,-91.4894189
6,15220018,Roberts Creek @ 206th St/B65 (RC02/ROB30),12/10/1996 14:15:00,BSP,NIT-AMM,Ammonia-nitrogen (as N),Total,,0.1,mg/l,False,0.1,,,TIM 780-86T,BSP,Actual,SW,Water,,,Clayton,07060004,River/Stream,,42.9304245,-91.38552335
6,15220028,Silver Creek @ Dogwood Ave (L23S),12/10/1996 10:50:00,BSP,NIT-AMM,Ammonia-nitrogen (as N),Total,,0.1,mg/l,False,0.1,,,TIM 780-86T,BSP,Actual,SW,Water,,,Clayton,07060004,River/Stream,,43.0217763,-91.4894189
6,15220028,Silver Creek @ Dogwood Ave (L23S),12/23/1996 10:25:00,BSP,NIT-AMM,Ammonia-nitrogen (as N),Total,,0.1,mg/l,False,0.1,,,TIM 780-86T,BSP,Actual,SW,Water,,,Clayton,07060004,River/Stream,,43.0217763,-91.4894189
6,15220036,Turkey River @ Big Spring (TR01),12/30/1996 09:20:00,BSP,NIT-AMM,Ammonia-nitrogen (as N),Total,,0.1,mg/l,False,0.1,,,TIM 780-86T,BSP,Actual,SW,Water,,,Clayton,07060004,River/Stream,,42.9095476,-91.4709184
6,15220028,Silver Creek @ Dogwood Ave (L23S),12/30/1996 11:05:00,BSP,NIT-AMM,Ammonia-nitrogen (as N),Total,,0.1,mg/l,False,0.1,,,TIM 780-86T,BSP,Actual,SW,Water,,,Clayton,07060004,River/Stream,,43.0217763,-91.4894189
6,15220028,Silver Creek @ Dogwood Ave (L23S),01/07/1997 12:30:00,BSP,NIT-AMM,Ammonia-nitrogen (as N),Total,,0.1,mg/l,True,0.1,,,TIM 780-86T,BSP,Actual,SW,Water,,,Clayton,07060004,River/Stream,,43.0217763,-91.4894189
6,15220018,Roberts Creek @ 206th St/B65 (RC02/ROB30),01/07/1997 10:00:00,BSP,NIT-AMM,Ammonia-nitrogen (as N),Total,,2.4,mg/l,True,0.1,,,TIM 780-86T,BSP,Actual,SW,Water,,,Clayton,07060004,River/Stream,,42.9304245,-91.38552335
6,15220036,Turkey River @ Big Spring (TR01),01/27/1997 09:30:00,BSP,NIT-AMM,Ammonia-nitrogen (as N),Total,,0.2,mg/l,True,0.1,,,TIM 780-86T,BSP,Actual,SW,Water,,,Clayton,07060004,River/Stream,,42.9095476,-91.4709184
6,15220028,Silver Creek @ Dogwood Ave (L23S),01/27/1997 11:30:00,BSP,NIT-AMM,Ammonia-nitrogen (as N),Total,,0.1,mg/l,False,0.1,,,TIM 780-86T,BSP,Actual,SW,Water,,,Clayton,07060004,River/Stream,,43.0217763,-91.4894189
6,15220018,Roberts Creek @ 206th St/B65 (RC02/ROB30),01/27/1997 18:30:00,BSP,NIT-AMM,Ammonia-nitrogen (as N),Total,,1.6,mg/l,True,0.1,,,TIM 780-86T,BSP,Actual,SW,Water,,,Clayton,07060004,River/Stream,,42.9304245,-91.38552335
6,15220028,Silver Creek @ Dogwood Ave (L23S),02/04/1997 12:20:00,BSP,NIT-AMM,Ammonia-nitrogen (as N),Total,,0.4,mg/l,True,0.1,,,TIM 780-86T,BSP,Actual,SW,Water,,,Clayton,07060004,River/Stream,,43.0217763,-91.4894189
6,15220018,Roberts Creek @ 206th St/B65 (RC02/ROB30),02/04/1997 10:30:00,BSP,NIT-AMM,Ammonia-nitrogen (as N),Total,,0.4,mg/l,True,0.1,,,TIM 780-86T,BSP,Actual,SW,Water,,,Clayton,07060004,River/Stream,,42.9304245,-91.38552335
6,15220018,Roberts Creek @ 206th St/B65 (RC02/ROB30),02/11/1997 07:15:00,BSP,NIT-AMM,Ammonia-nitrogen (as N),Total,,0.2,mg/l,True,0.1,,,TIM 780-86T,BSP,Actual,SW,Water,,,Clayton,07060004,River/Stream,,42.9304245,-91.38552335
6,15220028,Silver Creek @ Dogwood Ave (L23S),02/11/1997 07:40:00,BSP,NIT-AMM,Ammonia-nitrogen (as N),Total,,0.3,mg/l,True,0.1,,,TIM 780-86T,BSP,Actual,SW,Water,,,Clayton,07060004,River/Stream,,43.0217763,-91.4894189
6,15220036,Turkey River @ Big Spring (TR01),02/25/1997 09:10:00,BSP,NIT-AMM,Ammonia-nitrogen (as N),Total,,0.6,mg/l,True,0.1,,,TIM 780-86T,BSP,Actual,SW,Water,,,Clayton,07060004,River/Stream,,42.9095476,-91.4709184
6,15220028,Silver Creek @ Dogwood Ave (L23S),02/25/1997 10:25:00,BSP,NIT-AMM,Ammonia-nitrogen (as N),Total,,0.2,mg/l,True,0.1,,,TIM 780-86T,BSP,Actual,SW,Water,,,Clayton,07060004,River/Stream,,43.0217763,-91.4894189
6,15220018,Roberts Creek @ 206th St/B65 (RC02/ROB30),03/04/1997 14:35:00,BSP,NIT-AMM,Ammonia-nitrogen (as N),Total,,1.4,mg/l,True,0.1,,,TIM 780-86T,BSP,Actual,SW,Water,,,Clayton,07060004,River/Stream,,42.9304245,-91.38552335
6,15220028,Silver Creek @ Dogwood Ave (L23S),03/04/1997 10:40:00,BSP,NIT-AMM,Ammonia-nitrogen (as N),Total,,0.1,mg/l,True,0.1,,,TIM 780-86T,BSP,Actual,SW,Water,,,Clayton,07060004,River/Stream,,43.0217763,-91.4894189
6,15220018,Roberts Creek @ 206th St/B65 (RC02/ROB30),03/11/1997 13:45:00,BSP,NIT-AMM,Ammonia-nitrogen (as N),Total,,1.3,mg/l,True,0.1,,,TIM 780-86T,BSP,Actual,SW,Water,,,Clayton,07060004,River/Stream,,42.9304245,-91.38552335
6,15220028,Silver Creek @ Dogwood Ave (L23S),03/11/1997 10:25:00,BSP,NIT-AMM,Ammonia-nitrogen (as N),Total,,0.5,mg/l,True,0.1,,,TIM 780-86T,BSP,Actual,SW,Water,,,Clayton,07060004,River/Stream,,43.0217763,-91.4894189
6,15220036,Turkey River @ Big Spring (TR01),03/25/1997 09:20:00,BSP,NIT-AMM,Ammonia-nitrogen (as N),Total,,0.2,mg/l,True,0.1,,,TIM 780-86T,BSP,Actual,SW,Water,,,Clayton,07060004,River/Stream,,42.9095476,-91.4709184
6,15220028,Silver Creek @ Dogwood Ave (L23S),03/25/1997 10:50:00,BSP,NIT-AMM,Ammonia-nitrogen (as N),Total,,0.6,mg/l,True,0.1,,,TIM 780-86T,BSP,Actual,SW,Water,,,Clayton,07060004,River/Stream,,43.0217763,-91.4894189
6,15220018,Roberts Creek @ 206th St/B65 (RC02/ROB30),03/25/1997 14:15:00,BSP,NIT-AMM,Ammonia-nitrogen (as N),Total,,0.2,mg/l,True,0.1,,,TIM 780-86T,BSP,Actual,SW,Water,,,Clayton,07060004,River/Stream,,42.9304245,-91.38552335
6,15220028,Silver Creek @ Dogwood Ave (L23S),04/08/1997 09:40:00,BSP,NIT-AMM,Ammonia-nitrogen (as N),Total,,0.1,mg/l,False,0.1,,,TIM 780-86T,BSP,Actual,SW,Water,,,Clayton,07060004,River/Stream,,43.0217763,-91.4894189
6,15220018,Roberts Creek @ 206th St/B65 (RC02/ROB30),04/08/1997 12:40:00,BSP,NIT-AMM,Ammonia-nitrogen (as N),Total,,0.1,mg/l,False,0.1,,,TIM 780-86T,BSP,Actual,SW,Water,,,Clayton,07060004,River/Stream,,42.9304245,-91.38552335
6,15220036,Turkey River @ Big Spring (TR01),04/29/1997 09:20:00,BSP,NIT-AMM,Ammonia-nitrogen (as N),Total,,0.1,mg/l,False,0.1,,,TIM 780-86T,BSP,Actual,SW,Water,,,Clayton,07060004,River/Stream,,42.9095476,-91.4709184
6,15220008,West Fork Sny Magill Creek  (SNWF),12/12/1995 15:30:00,SNY319,NIT-AMM,Ammonia-nitrogen (as N),Total,,0.1,mg/l,False,0.1,,,Unknown,SNY001,Actual,SW,Water,,,Clayton,07060003,River/Stream,,42.97628121,-91.23730654
6,16220002,Peck Creek - REMAP #229,08/07/2002 13:30:00,REMAP,NIT-AMM,Ammonia-nitrogen (as N),Total,,0.05,mg/l,False,0.05,,,350.1,UHL001,Actual,SW,Water,,,Clayton,07060004,River/Stream,,42.723821,-91.144286
6,15220008,West Fork Sny Magill Creek  (SNWF),12/05/1995 14:50:00,SNY319,NIT-AMM,Ammonia-nitrogen (as N),Total,,0.1,mg/l,False,0.1,,,Unknown,SNY001,Actual,SW,Water,,,Clayton,07060003,River/Stream,,42.97628121,-91.23730654
6,15220008,West Fork Sny Magill Creek  (SNWF),11/07/1995 15:20:00,SNY319,NIT-AMM,Ammonia-nitrogen (as N),Total,,0.1,mg/l,False,0.1,,,Unknown,SNY001,Actual,SW,Water,,,Clayton,07060003,River/Stream,,42.97628121,-91.23730654
6,16220003,Turkey River - Garber - REMAP # 70,10/02/2003 08:45:00,REMAP,NIT-AMM,Ammonia-nitrogen (as N),Total,,0.05,mg/l,False,0.05,,,350.1,UHL001,Actual,SW,Water,,,Clayton,07060004,River/Stream,,42.738283,-91.265993
6,16220002,Peck Creek - REMAP #229,08/26/2002 12:30:00,REMAP,NIT-AMM,Ammonia-nitrogen (as N),Total,,0.05,mg/l,False,0.05,,,350.1,UHL001,Actual,SW,Water,,,Clayton,07060004,River/Stream,,42.723821,-91.144286
6,16220002,Peck Creek - REMAP #229,09/10/2002 09:55:00,REMAP,NIT-AMM,Ammonia-nitrogen (as N),Total,,0.05,mg/l,False,0.05,,,350.1,UHL001,Actual,SW,Water,,,Clayton,07060004,River/Stream,,42.723821,-91.144286
6,15220008,West Fork Sny Magill Creek  (SNWF),10/31/1995 12:45:00,SNY319,NIT-AMM,Ammonia-nitrogen (as N),Total,,0.1,mg/l,True,0.1,,,Unknown,SNY001,Actual,SW,Water,,,Clayton,07060003,River/Stream,,42.97628121,-91.23730654
6,15220008,West Fork Sny Magill Creek  (SNWF),10/03/1995 17:00:00,SNY319,NIT-AMM,Ammonia-nitrogen (as N),Total,,0.1,mg/l,False,0.1,,,Unknown,SNY001,Actual,SW,Water,,,Clayton,07060003,River/Stream,,42.97628121,-91.23730654
6,15220008,West Fork Sny Magill Creek  (SNWF),09/17/1996 12:55:00,SNY319,NIT-AMM,Ammonia-nitrogen (as N),Total,,0.1,mg/l,False,0.1,,,Unknown,SNY001,Actual,SW,Water,,,Clayton,07060003,River/Stream,,42.97628121,-91.23730654
6,15220008,West Fork Sny Magill Creek  (SNWF),09/10/1996 13:30:00,SNY319,NIT-AMM,Ammonia-nitrogen (as N),Total,,0.1,mg/l,False,0.1,,,Unknown,SNY001,Actual,SW,Water,,,Clayton,07060003,River/Stream,,42.97628121,-91.23730654
6,15220008,West Fork Sny Magill Creek  (SNWF),09/03/1996 13:00:00,SNY319,NIT-AMM,Ammonia-nitrogen (as N),Total,,0.1,mg/l,False,0.1,,,Unknown,SNY001,Actual,SW,Water,,,Clayton,07060003,River/Stream,,42.97628121,-91.23730654
6,15220008,West Fork Sny Magill Creek  (SNWF),08/13/1996 13:35:00,SNY319,NIT-AMM,Ammonia-nitrogen (as N),Total,,0.1,mg/l,False,0.1,,,Unknown,SNY001,Actual,SW,Water,,,Clayton,07060003,River/Stream,,42.97628121,-91.23730654
6,15220008,West Fork Sny Magill Creek  (SNWF),08/06/1996 11:30:00,SNY319,NIT-AMM,Ammonia-nitrogen (as N),Total,,0.1,mg/l,False,0.1,,,Unknown,SNY001,Actual,SW,Water,,,Clayton,07060003,River/Stream,,42.97628121,-91.23730654
6,15220008,West Fork Sny Magill Creek  (SNWF),07/02/1996 11:30:00,SNY319,NIT-AMM,Ammonia-nitrogen (as N),Total,,0.1,mg/l,False,0.1,,,Unknown,SNY001,Actual,SW,Water,,,Clayton,07060003,River/Stream,,42.97628121,-91.23730654
6,15220008,West Fork Sny Magill Creek  (SNWF),07/09/1996 14:25:00,SNY319,NIT-AMM,Ammonia-nitrogen (as N),Total,,0.1,mg/l,False,0.1,,,Unknown,SNY001,Actual,SW,Water,,,Clayton,07060003,River/Stream,,42.97628121,-91.23730654
6,15220008,West Fork Sny Magill Creek  (SNWF),07/30/1996 15:00:00,SNY319,NIT-AMM,Ammonia-nitrogen (as N),Total,,0.1,mg/l,False,0.1,,,Unknown,SNY001,Actual,SW,Water,,,Clayton,07060003,River/Stream,,42.97628121,-91.23730654
6,15220017,Roberts Creek @ Grape Rd (ROB10),05/04/2011 16:00:00,TURKEYR,NIT-AMM,Ammonia-nitrogen (as N),Total,,0.05,mg/l,False,0.05,,,350.1,IGS-GRAB,Actual,SW,Water,,,Clayton,07060004,River/Stream,,42.83952465,-91.37446914
6,15220014,Howard Creek @ Mouth (HOW10),05/04/2011 15:25:00,TURKEYR,NIT-AMM,Ammonia-nitrogen (as N),Total,,0.05,mg/l,False,0.05,,,350.1,IGS-GRAB,Actual,SW,Water,,,Clayton,07060004,River/Stream,,42.9300546,-91.38292282
6,15220018,Roberts Creek @ 206th St/B65 (RC02/ROB30),05/04/2011 15:10:00,TURKEYR,NIT-AMM,Ammonia-nitrogen (as N),Total,,0.05,mg/l,False,0.05,,,350.1,IGS-GRAB,Actual,SW,Water,,,Clayton,07060004,River/Stream,,42.9304245,-91.38552335
6,16220006,North Cedar Creek - Clayton # 159,07/26/2005 10:30:00,REMAP,NIT-AMM,Ammonia-nitrogen (as N),Total,,0.05,mg/l,False,0.05,,,350.1,UHL001,Actual,SW,Water,,,Clayton,07060003,River/Stream,,42.947107,-91.232895
6,16220007,Volga River - Site 196,07/24/2006 10:35:00,REMAP,NIT-AMM,Ammonia-nitrogen (as N),Total,,0.05,mg/l,False,0.05,,,350.1,UHL001,Actual,SW,Water,,,Clayton,07060004,River/Stream,,42.754989,-91.363441
6,16220001,Roberts Creek,08/11/2008 10:30:00,TMDL,NIT-AMM,Ammonia-nitrogen (as N),Total,,0.05,mg/l,False,0.05,,,350.1,UHL001,Actual,SW,Water,,,Clayton,07060004,River/Stream,,42.963184,-91.461441
6,16220006,North Cedar Creek - Clayton # 159,08/12/2008 13:15:00,TMDL,NIT-AMM,Ammonia-nitrogen (as N),Total,,0.05,mg/l,False,0.05,,,350.1,UHL001,Actual,SW,Water,,,Clayton,07060003,River/Stream,,42.947107,-91.232895
6,16220005,Bear Creek - Edgewood # 155,07/19/2005 12:30:00,REMAP,NIT-AMM,Ammonia-nitrogen (as N),Total,,0.05,mg/l,False,0.05,,,350.1,UHL001,Actual,SW,Water,,,Clayton,07060004,River/Stream,,42.672969,-91.393914
6,16220005,Bear Creek - Edgewood # 155,07/05/2005 13:30:00,REMAP,NIT-AMM,Ammonia-nitrogen (as N),Total,,0.05,mg/l,False,0.05,,,350.1,UHL001,Actual,SW,Water,,,Clayton,07060004,River/Stream,,42.672969,-91.393914
6,15220019,Roberts Creek @ Dalmation Ave (ROB50),05/04/2011 14:50:00,TURKEYR,NIT-AMM,Ammonia-nitrogen (as N),Total,,0.05,mg/l,False,0.05,,,350.1,IGS-GRAB,Actual,SW,Water,,,Clayton,07060004,River/Stream,,42.95959549,-91.4562996
6,15220021,Turkey River @ Elkader (TR30),05/04/2011 15:45:00,TURKEYR,NIT-AMM,Ammonia-nitrogen (as N),Total,,0.05,mg/l,False,0.05,,,350.1,IGS-GRAB,Actual,SW,Water,,,Clayton,07060004,River/Stream,,42.859771,-91.406681
6,15220010,Cox Creek @ Highway 13 (COX20),05/04/2011 07:10:00,TURKEYR,NIT-AMM,Ammonia-nitrogen (as N),Total,,0.05,mg/l,False,0.05,,,350.1,IGS-GRAB,Actual,SW,Water,,,Clayton,07060004,River/Stream,,42.76688423,-91.46209679
6,15220011,Dry Mill Creek @ Grape Rd (DMI10),05/04/2011 16:20:00,TURKEYR,NIT-AMM,Ammonia-nitrogen (as N),Total,,0.05,mg/l,False,0.05,,,350.1,IGS-GRAB,Actual,SW,Water,,,Clayton,07060004,River/Stream,,42.84327492,-91.36969617
6,15220009,South Cedar Creek @ Lower Cedar Rd (CED10),06/01/2011 12:16:00,TURKEYR,NIT-AMM,Ammonia-nitrogen (as N),Total,,0.05,mg/l,False,0.05,,,350.1,IGS-GRAB,Actual,SW,Water,,,Clayton,07060004,River/Stream,,42.74424922,-91.21535774
6,15220010,Cox Creek @ Highway 13 (COX20),06/01/2011 07:30:00,TURKEYR,NIT-AMM,Ammonia-nitrogen (as N),Total,,0.05,mg/l,False,0.05,,,350.1,IGS-GRAB,Actual,SW,Water,,,Clayton,07060004,River/Stream,,42.76688423,-91.46209679
6,15220013,Hewett Creek @ Crystal Road (HEW20),06/01/2011 08:00:00,TURKEYR,NIT-AMM,Ammonia-nitrogen (as N),Total,,0.05,mg/l,False,0.05,,,350.1,IGS-GRAB,Actual,SW,Water,,,Clayton,07060004,River/Stream,,42.78586318,-91.51847775
6,15220016,Mink Creek @ Aztec Road (MIN10),06/01/2011 08:10:00,TURKEYR,NIT-AMM,Ammonia-nitrogen (as N),Total,,0.05,mg/l,False,0.05,,,350.1,IGS-GRAB,Actual,SW,Water,,,Clayton,07060004,River/Stream,,42.8441202,-91.59732742
6,15220011,Dry Mill Creek @ Grape Rd (DMI10),06/01/2011 10:10:00,TURKEYR,NIT-AMM,Ammonia-nitrogen (as N),Total,,0.05,mg/l,False,0.05,,,350.1,IGS-GRAB,Actual,SW,Water,,,Clayton,07060004,River/Stream,,42.84327492,-91.36969617
6,15220017,Roberts Creek @ Grape Rd (ROB10),06/01/2011 09:50:00,TURKEYR,NIT-AMM,Ammonia-nitrogen (as N),Total,,0.05,mg/l,False,0.05,,,350.1,IGS-GRAB,Actual,SW,Water,,,Clayton,07060004,River/Stream,,42.83952465,-91.37446914
6,15220014,Howard Creek @ Mouth (HOW10),06/01/2011 09:05:00,TURKEYR,NIT-AMM,Ammonia-nitrogen (as N),Total,,0.1,mg/l,True,0.05,,,350.1,IGS-GRAB,Actual,SW,Water,,,Clayton,07060004,River/Stream,,42.9300546,-91.38292282
6,15220009,South Cedar Creek @ Lower Cedar Rd (CED10),07/06/2011 12:45:00,TURKEYR,NIT-AMM,Ammonia-nitrogen (as N),Total,,0.05,mg/l,False,0.05,,,350.1,IGS-GRAB,Actual,SW,Water,,,Clayton,07060004,River/Stream,,42.74424922,-91.21535774
6,15220015,Little Turkey River @ Highway 52 (LIT10),07/06/2011 11:10:00,TURKEYR,NIT-AMM,Ammonia-nitrogen (as N),Total,,0.05,mg/l,False,0.05,,,350.1,IGS-GRAB,Actual,SW,Water,,,Clayton,07060004,River/Stream,,42.6987021,-91.07371173
6,15220010,Cox Creek @ Highway 13 (COX20),07/06/2011 07:10:00,TURKEYR,NIT-AMM,Ammonia-nitrogen (as N),Total,,0.05,mg/l,False,0.05,,,350.1,IGS-GRAB,Actual,SW,Water,,,Clayton,07060004,River/Stream,,42.76688423,-91.46209679
6,15220013,Hewett Creek @ Crystal Road (HEW20),07/06/2011 07:40:00,TURKEYR,NIT-AMM,Ammonia-nitrogen (as N),Total,,0.05,mg/l,False,0.05,,,350.1,IGS-GRAB,Actual,SW,Water,,,Clayton,07060004,River/Stream,,42.78586318,-91.51847775
6,15220017,Roberts Creek @ Grape Rd (ROB10),07/06/2011 13:50:00,TURKEYR,NIT-AMM,Ammonia-nitrogen (as N),Total,,0.05,mg/l,False,0.05,,,350.1,IGS-GRAB,Actual,SW,Water,,,Clayton,07060004,River/Stream,,42.83952465,-91.37446914
6,15220014,Howard Creek @ Mouth (HOW10),07/06/2011 12:45:00,TURKEYR,NIT-AMM,Ammonia-nitrogen (as N),Total,,0.05,mg/l,False,0.05,,,350.1,IGS-GRAB,Actual,SW,Water,,,Clayton,07060004,River/Stream,,42.9300546,-91.38292282
6,15220019,Roberts Creek @ Dalmation Ave (ROB50),07/06/2011 12:10:00,TURKEYR,NIT-AMM,Ammonia-nitrogen (as N),Total,,0.05,mg/l,False,0.05,,,350.1,IGS-GRAB,Actual,SW,Water,,,Clayton,07060004,River/Stream,,42.95959549,-91.4562996
6,15220021,Turkey River @ Elkader (TR30),07/06/2011 13:05:00,TURKEYR,NIT-AMM,Ammonia-nitrogen (as N),Total,,0.05,mg/l,False,0.05,,,350.1,IGS-GRAB,Actual,SW,Water,,,Clayton,07060004,River/Stream,,42.859771,-91.406681
6,15220009,South Cedar Creek @ Lower Cedar Rd (CED10),08/03/2011 12:00:00,TURKEYR,NIT-AMM,Ammonia-nitrogen (as N),Total,,0.15,mg/l,True,0.05,,,350.1,IGS-GRAB,Actual,SW,Water,,,Clayton,07060004,River/Stream,,42.74424922,-91.21535774
6,15220010,Cox Creek @ Highway 13 (COX20),08/03/2011 07:10:00,TURKEYR,NIT-AMM,Ammonia-nitrogen (as N),Total,,0.11,mg/l,True,0.05,,,350.1,IGS-GRAB,Actual,SW,Water,,,Clayton,07060004,River/Stream,,42.76688423,-91.46209679
6,15220014,Howard Creek @ Mouth (HOW10),08/03/2011 08:00:00,TURKEYR,NIT-AMM,Ammonia-nitrogen (as N),Total,,0.06,mg/l,True,0.05,,,350.1,IGS-GRAB,Actual,SW,Water,,,Clayton,07060004,River/Stream,,42.9300546,-91.38292282
6,15220015,Little Turkey River @ Highway 52 (LIT10),08/03/2011 10:45:00,TURKEYR,NIT-AMM,Ammonia-nitrogen (as N),Total,,0.55,mg/l,True,0.05,,,350.1,IGS-GRAB,Actual,SW,Water,,,Clayton,07060004,River/Stream,,42.6987021,-91.07371173
6,15220017,Roberts Creek @ Grape Rd (ROB10),08/03/2011 08:35:00,TURKEYR,NIT-AMM,Ammonia-nitrogen (as N),Total,,0.05,mg/l,False,0.05,,,350.1,IGS-GRAB,Actual,SW,Water,,,Clayton,07060004,River/Stream,,42.83952465,-91.37446914
6,15220019,Roberts Creek @ Dalmation Ave (ROB50),08/03/2011 07:10:00,TURKEYR,NIT-AMM,Ammonia-nitrogen (as N),Total,,0.08,mg/l,True,0.05,,,350.1,IGS-GRAB,Actual,SW,Water,,,Clayton,07060004,River/Stream,,42.95959549,-91.4562996
6,15220020,Turkey River @ Highway 52 (TR10),08/03/2011 10:15:00,TURKEYR,NIT-AMM,Ammonia-nitrogen (as N),Total,,0.05,mg/l,False,0.05,,,350.1,IGS-GRAB,Actual,SW,Water,,,Clayton,07060004,River/Stream,,42.70781335,-91.0757377
6,15220009,South Cedar Creek @ Lower Cedar Rd (CED10),09/07/2011 11:00:00,TURKEYR,NIT-AMM,Ammonia-nitrogen (as N),Total,,0.05,mg/l,False,0.05,,,350.1,IGS-GRAB,Actual,SW,Water,,,Clayton,07060004,River/Stream,,42.74424922,-91.21535774
6,15220011,Dry Mill Creek @ Grape Rd (DMI10),09/07/2011 10:00:00,TURKEYR,NIT-AMM,Ammonia-nitrogen (as N),Total,,0.05,mg/l,False,0.05,,,350.1,IGS-GRAB,Actual,SW,Water,,,Clayton,07060004,River/Stream,,42.84327492,-91.36969617
6,15220012,Elk Creek @ Colesburg Rd/X3C (ELK10),09/07/2011 09:50:00,TURKEYR,NIT-AMM,Ammonia-nitrogen (as N),Total,,0.05,mg/l,False,0.05,,,350.1,IGS-GRAB,Actual,SW,Water,,,Clayton,07060004,River/Stream,,42.73331715,-91.28009598
6,15220013,Hewett Creek @ Crystal Road (HEW20),09/07/2011 08:00:00,TURKEYR,NIT-AMM,Ammonia-nitrogen (as N),Total,,0.05,mg/l,False,0.05,,,350.1,IGS-GRAB,Actual,SW,Water,,,Clayton,07060004,River/Stream,,42.78586318,-91.51847775
6,15220016,Mink Creek @ Aztec Road (MIN10),09/07/2011 09:15:00,TURKEYR,NIT-AMM,Ammonia-nitrogen (as N),Total,,0.05,mg/l,False,0.05,,,350.1,IGS-GRAB,Actual,SW,Water,,,Clayton,07060004,River/Stream,,42.8441202,-91.59732742
6,15220021,Turkey River @ Elkader (TR30),09/07/2011 09:45:00,TURKEYR,NIT-AMM,Ammonia-nitrogen (as N),Total,,0.05,mg/l,False,0.05,,,350.1,IGS-GRAB,Actual,SW,Water,,,Clayton,07060004,River/Stream,,42.859771,-91.406681
6,15220010,Cox Creek @ Highway 13 (COX20),10/05/2011 07:15:00,TURKEYR,NIT-AMM,Ammonia-nitrogen (as N),Total,,0.05,mg/l,False,0.05,,,350.1,IGS-GRAB,Actual,SW,Water,,,Clayton,07060004,River/Stream,,42.76688423,-91.46209679
6,15220014,Howard Creek @ Mouth (HOW10),10/05/2011 09:31:00,TURKEYR,NIT-AMM,Ammonia-nitrogen (as N),Total,,0.05,mg/l,False,0.05,,,350.1,IGS-GRAB,Actual,SW,Water,,,Clayton,07060004,River/Stream,,42.9300546,-91.38292282
6,15220015,Little Turkey River @ Highway 52 (LIT10),10/05/2011 11:15:00,TURKEYR,NIT-AMM,Ammonia-nitrogen (as N),Total,,0.05,mg/l,False,0.05,,,350.1,IGS-GRAB,Actual,SW,Water,,,Clayton,07060004,River/Stream,,42.6987021,-91.07371173
6,15220017,Roberts Creek @ Grape Rd (ROB10),10/05/2011 10:06:00,TURKEYR,NIT-AMM,Ammonia-nitrogen (as N),Total,,0.05,mg/l,False,0.05,,,350.1,IGS-GRAB,Actual,SW,Water,,,Clayton,07060004,River/Stream,,42.83952465,-91.37446914
6,15220019,Roberts Creek @ Dalmation Ave (ROB50),10/05/2011 08:56:00,TURKEYR,NIT-AMM,Ammonia-nitrogen (as N),Total,,0.05,mg/l,False,0.05,,,350.1,IGS-GRAB,Actual,SW,Water,,,Clayton,07060004,River/Stream,,42.95959549,-91.4562996
6,15220020,Turkey River @ Highway 52 (TR10),10/05/2011 10:40:00,TURKEYR,NIT-AMM,Ammonia-nitrogen (as N),Total,,0.05,mg/l,False,0.05,,,350.1,IGS-GRAB,Actual,SW,Water,,,Clayton,07060004,River/Stream,,42.70781335,-91.0757377
6,15220009,South Cedar Creek @ Lower Cedar Rd (CED10),11/02/2011 13:15:00,TURKEYR,NIT-AMM,Ammonia-nitrogen (as N),Total,,0.05,mg/l,False,0.05,,,350.1,IGS-GRAB,Actual,SW,Water,,,Clayton,07060004,River/Stream,,42.74424922,-91.21535774
6,15220011,Dry Mill Creek @ Grape Rd (DMI10),11/02/2011 14:00:00,TURKEYR,NIT-AMM,Ammonia-nitrogen (as N),Total,,0.05,mg/l,False,0.05,,,350.1,IGS-GRAB,Actual,SW,Water,,,Clayton,07060004,River/Stream,,42.84327492,-91.36969617
6,15220012,Elk Creek @ Colesburg Rd/X3C (ELK10),11/02/2011 12:30:00,TURKEYR,NIT-AMM,Ammonia-nitrogen (as N),Total,,0.05,mg/l,False,0.05,,,350.1,IGS-GRAB,Actual,SW,Water,,,Clayton,07060004,River/Stream,,42.73331715,-91.28009598
6,15220013,Hewett Creek @ Crystal Road (HEW20),11/02/2011 07:40:00,TURKEYR,NIT-AMM,Ammonia-nitrogen (as N),Total,,0.05,mg/l,False,0.05,,,350.1,IGS-GRAB,Actual,SW,Water,,,Clayton,07060004,River/Stream,,42.78586318,-91.51847775
6,15220016,Mink Creek @ Aztec Road (MIN10),11/02/2011 08:20:00,TURKEYR,NIT-AMM,Ammonia-nitrogen (as N),Total,,0.05,mg/l,False,0.05,,,350.1,IGS-GRAB,Actual,SW,Water,,,Clayton,07060004,River/Stream,,42.8441202,-91.59732742
6,15220017,Roberts Creek @ Grape Rd (ROB10),11/02/2011 14:25:00,TURKEYR,NIT-AMM,Ammonia-nitrogen (as N),Total,,0.05,mg/l,False,0.05,,,350.1,IGS-GRAB,Actual,SW,Water,,,Clayton,07060004,River/Stream,,42.83952465,-91.37446914
6,15220021,Turkey River @ Elkader (TR30),11/02/2011 14:40:00,TURKEYR,NIT-AMM,Ammonia-nitrogen (as N),Total,,0.05,mg/l,False,0.05,,,350.1,IGS-GRAB,Actual,SW,Water,,,Clayton,07060004,River/Stream,,42.859771,-91.406681
6,15220018,Roberts Creek @ 206th St/B65 (RC02/ROB30),08/16/1994 10:20:00,BSP,NIT-AMM,Ammonia-nitrogen (as N),Total,,0.2,mg/l,True,0.1,,,TIM 780-86T,BSP,Actual,SW,Water,,,Clayton,07060004,River/Stream,,42.9304245,-91.38552335
6,15220040,L22T,08/16/1994 11:45:00,BSP,NIT-AMM,Ammonia-nitrogen (as N),Total,,0.1,mg/l,False,0.1,,,TIM 780-86T,BSP,Actual,GW,Water,,,Clayton,07060004,Facility Other,,43.0217187,-91.4893474
6,15220038,BTLUE,08/23/1994 11:00:00,BSP,NIT-AMM,Ammonia-nitrogen (as N),Total,,0.1,mg/l,False,0.1,,,TIM 780-86T,BSP,Actual,GW,Water,,,Clayton,07060004,Facility Other,,43.044315,-91.4769171
6,15220040,L22T,08/29/1994 13:30:00,BSP,NIT-AMM,Ammonia-nitrogen (as N),Total,,0.2,mg/l,True,0.1,,,TIM 780-86T,BSP,Actual,GW,Water,,,Clayton,07060004,Facility Other,,43.0217187,-91.4893474
6,15220038,BTLUE,08/29/1994 12:40:00,BSP,NIT-AMM,Ammonia-nitrogen (as N),Total,,0.1,mg/l,True,0.1,,,TIM 780-86T,BSP,Actual,GW,Water,,,Clayton,07060004,Facility Other,,43.044315,-91.4769171
6,15220018,Roberts Creek @ 206th St/B65 (RC02/ROB30),08/29/1994 15:00:00,BSP,NIT-AMM,Ammonia-nitrogen (as N),Total,,0.1,mg/l,True,0.1,,,TIM 780-86T,BSP,Actual,SW,Water,,,Clayton,07060004,River/Stream,,42.9304245,-91.38552335
6,15220038,BTLUE,09/06/1994 11:10:00,BSP,NIT-AMM,Ammonia-nitrogen (as N),Total,,0.1,mg/l,False,0.1,,,TIM 780-86T,BSP,Actual,GW,Water,,,Clayton,07060004,Facility Other,,43.044315,-91.4769171
6,15220018,Roberts Creek @ 206th St/B65 (RC02/ROB30),09/06/1994 17:20:00,BSP,NIT-AMM,Ammonia-nitrogen (as N),Total,,0.1,mg/l,True,0.1,,,TIM 780-86T,BSP,Actual,SW,Water,,,Clayton,07060004,River/Stream,,42.9304245,-91.38552335
6,15220040,L22T,09/06/1994 10:45:00,BSP,NIT-AMM,Ammonia-nitrogen (as N),Total,,0.1,mg/l,True,0.1,,,TIM 780-86T,BSP,Actual,GW,Water,,,Clayton,07060004,Facility Other,,43.0217187,-91.4893474
6,15220038,BTLUE,09/13/1994 10:05:00,BSP,NIT-AMM,Ammonia-nitrogen (as N),Total,,0.1,mg/l,False,0.1,,,TIM 780-86T,BSP,Actual,GW,Water,,,Clayton,07060004,Facility Other,,43.044315,-91.4769171
6,15220040,L22T,09/13/1994 09:50:00,BSP,NIT-AMM,Ammonia-nitrogen (as N),Total,,0.1,mg/l,False,0.1,,,TIM 780-86T,BSP,Actual,GW,Water,,,Clayton,07060004,Facility Other,,43.0217187,-91.4893474
6,15220038,BTLUE,09/27/1994 15:00:00,BSP,NIT-AMM,Ammonia-nitrogen (as N),Total,,0.2,mg/l,True,0.1,,,TIM 780-86T,BSP,Actual,GW,Water,,,Clayton,07060004,Facility Other,,43.044315,-91.4769171
6,15220028,Silver Creek @ Dogwood Ave (L23S),09/27/1994 14:00:00,BSP,NIT-AMM,Ammonia-nitrogen (as N),Total,,0.6,mg/l,True,0.1,,,TIM 780-86T,BSP,Actual,SW,Water,,,Clayton,07060004,River/Stream,,43.0217763,-91.4894189
6,15220040,L22T,09/27/1994 14:10:00,BSP,NIT-AMM,Ammonia-nitrogen (as N),Total,,0.2,mg/l,True,0.1,,,TIM 780-86T,BSP,Actual,GW,Water,,,Clayton,07060004,Facility Other,,43.0217187,-91.4893474
6,15220036,Turkey River @ Big Spring (TR01),09/27/1994 10:35:00,BSP,NIT-AMM,Ammonia-nitrogen (as N),Total,,0.4,mg/l,True,0.1,,,TIM 780-86T,BSP,Actual,SW,Water,,,Clayton,07060004,River/Stream,,42.9095476,-91.4709184
6,15220028,Silver Creek @ Dogwood Ave (L23S),10/04/1994 11:05:00,BSP,NIT-AMM,Ammonia-nitrogen (as N),Total,,0.4,mg/l,True,0.1,,,TIM 780-86T,BSP,Actual,SW,Water,,,Clayton,07060004,River/Stream,,43.0217763,-91.4894189
6,15220018,Roberts Creek @ 206th St/B65 (RC02/ROB30),10/04/1994 12:45:00,BSP,NIT-AMM,Ammonia-nitrogen (as N),Total,,0.1,mg/l,False,0.1,,,TIM 780-86T,BSP,Actual,SW,Water,,,Clayton,07060004,River/Stream,,42.9304245,-91.38552335
6,15220028,Silver Creek @ Dogwood Ave (L23S),10/18/1994 12:40:00,BSP,NIT-AMM,Ammonia-nitrogen (as N),Total,,0.6,mg/l,True,0.1,,,TIM 780-86T,BSP,Actual,SW,Water,,,Clayton,07060004,River/Stream,,43.0217763,-91.4894189
6,15220018,Roberts Creek @ 206th St/B65 (RC02/ROB30),10/18/1994 11:30:00,BSP,NIT-AMM,Ammonia-nitrogen (as N),Total,,0.1,mg/l,False,0.1,,,TIM 780-86T,BSP,Actual,SW,Water,,,Clayton,07060004,River/Stream,,42.9304245,-91.38552335
6,15220028,Silver Creek @ Dogwood Ave (L23S),11/01/1994 10:30:00,BSP,NIT-AMM,Ammonia-nitrogen (as N),Total,,0.2,mg/l,True,0.1,,,TIM 780-86T,BSP,Actual,SW,Water,,,Clayton,07060004,River/Stream,,43.0217763,-91.4894189
6,15220018,Roberts Creek @ 206th St/B65 (RC02/ROB30),11/01/1994 12:00:00,BSP,NIT-AMM,Ammonia-nitrogen (as N),Total,,0.2,mg/l,True,0.1,,,TIM 780-86T,BSP,Actual,SW,Water,,,Clayton,07060004,River/Stream,,42.9304245,-91.38552335
6,15220018,Roberts Creek @ 206th St/B65 (RC02/ROB30),11/22/1994 15:00:00,BSP,NIT-AMM,Ammonia-nitrogen (as N),Total,,1,mg/l,True,0.1,,,TIM 780-86T,BSP,Actual,SW,Water,,,Clayton,07060004,River/Stream,,42.9304245,-91.38552335
6,15220018,Roberts Creek @ 206th St/B65 (RC02/ROB30),11/15/1994 15:15:00,BSP,NIT-AMM,Ammonia-nitrogen (as N),Total,,0.1,mg/l,False,0.1,,,TIM 780-86T,BSP,Actual,SW,Water,,,Clayton,07060004,River/Stream,,42.9304245,-91.38552335
6,15220028,Silver Creek @ Dogwood Ave (L23S),11/22/1994 10:30:00,BSP,NIT-AMM,Ammonia-nitrogen (as N),Total,,0.2,mg/l,True,0.1,,,TIM 780-86T,BSP,Actual,SW,Water,,,Clayton,07060004,River/Stream,,43.0217763,-91.4894189
6,15220028,Silver Creek @ Dogwood Ave (L23S),12/20/1994 10:40:00,BSP,NIT-AMM,Ammonia-nitrogen (as N),Total,,0.1,mg/l,False,0.1,,,TIM 780-86T,BSP,Actual,SW,Water,,,Clayton,07060004,River/Stream,,43.0217763,-91.4894189
6,15220018,Roberts Creek @ 206th St/B65 (RC02/ROB30),12/20/1994 14:00:00,BSP,NIT-AMM,Ammonia-nitrogen (as N),Total,,0.1,mg/l,False,0.1,,,TIM 780-86T,BSP,Actual,SW,Water,,,Clayton,07060004,River/Stream,,42.9304245,-91.38552335
6,15220028,Silver Creek @ Dogwood Ave (L23S),01/17/1995 11:50:00,BSP,NIT-AMM,Ammonia-nitrogen (as N),Total,,2.1,mg/l,True,0.1,,,TIM 780-86T,BSP,Actual,SW,Water,,,Clayton,07060004,River/Stream,,43.0217763,-91.4894189
6,15220018,Roberts Creek @ 206th St/B65 (RC02/ROB30),01/03/1995 11:15:00,BSP,NIT-AMM,Ammonia-nitrogen (as N),Total,,0.1,mg/l,False,0.1,,,TIM 780-86T,BSP,Actual,SW,Water,,,Clayton,07060004,River/Stream,,42.9304245,-91.38552335
6,15220018,Roberts Creek @ 206th St/B65 (RC02/ROB30),01/17/1995 15:15:00,BSP,NIT-AMM,Ammonia-nitrogen (as N),Total,,0.1,mg/l,False,0.1,,,TIM 780-86T,BSP,Actual,SW,Water,,,Clayton,07060004,River/Stream,,42.9304245,-91.38552335
6,15220028,Silver Creek @ Dogwood Ave (L23S),02/14/1995 10:40:00,BSP,NIT-AMM,Ammonia-nitrogen (as N),Total,,0.1,mg/l,False,0.1,,,TIM 780-86T,BSP,Actual,SW,Water,,,Clayton,07060004,River/Stream,,43.0217763,-91.4894189
6,15220018,Roberts Creek @ 206th St/B65 (RC02/ROB30),02/14/1995 15:00:00,BSP,NIT-AMM,Ammonia-nitrogen (as N),Total,,0.1,mg/l,True,0.1,,,TIM 780-86T,BSP,Actual,SW,Water,,,Clayton,07060004,River/Stream,,42.9304245,-91.38552335
6,15220028,Silver Creek @ Dogwood Ave (L23S),02/21/1995 10:40:00,BSP,NIT-AMM,Ammonia-nitrogen (as N),Total,,1,mg/l,True,0.1,,,TIM 780-86T,BSP,Actual,SW,Water,,,Clayton,07060004,River/Stream,,43.0217763,-91.4894189
6,15220018,Roberts Creek @ 206th St/B65 (RC02/ROB30),02/21/1995 15:45:00,BSP,NIT-AMM,Ammonia-nitrogen (as N),Total,,2.2,mg/l,True,0.1,,,TIM 780-86T,BSP,Actual,SW,Water,,,Clayton,07060004,River/Stream,,42.9304245,-91.38552335
6,15220018,Roberts Creek @ 206th St/B65 (RC02/ROB30),02/27/1995 11:45:00,BSP,NIT-AMM,Ammonia-nitrogen (as N),Total,,0.6,mg/l,True,0.1,,,TIM 780-86T,BSP,Actual,SW,Water,,,Clayton,07060004,River/Stream,,42.9304245,-91.38552335
6,15220028,Silver Creek @ Dogwood Ave (L23S),02/27/1995 13:15:00,BSP,NIT-AMM,Ammonia-nitrogen (as N),Total,,0.1,mg/l,True,0.1,,,TIM 780-86T,BSP,Actual,SW,Water,,,Clayton,07060004,River/Stream,,43.0217763,-91.4894189
6,15220028,Silver Creek @ Dogwood Ave (L23S),03/14/1995 10:50:00,BSP,NIT-AMM,Ammonia-nitrogen (as N),Total,,0.5,mg/l,True,0.1,,,TIM 780-86T,BSP,Actual,SW,Water,,,Clayton,07060004,River/Stream,,43.0217763,-91.4894189
6,15220018,Roberts Creek @ 206th St/B65 (RC02/ROB30),03/14/1995 11:55:00,BSP,NIT-AMM,Ammonia-nitrogen (as N),Total,,1.6,mg/l,True,0.1,,,TIM 780-86T,BSP,Actual,SW,Water,,,Clayton,07060004,River/Stream,,42.9304245,-91.38552335
6,15220018,Roberts Creek @ 206th St/B65 (RC02/ROB30),03/21/1995 11:00:00,BSP,NIT-AMM,Ammonia-nitrogen (as N),Total,,0.9,mg/l,True,0.1,,,TIM 780-86T,BSP,Actual,SW,Water,,,Clayton,07060004,River/Stream,,42.9304245,-91.38552335
6,15220018,Roberts Creek @ 206th St/B65 (RC02/ROB30),03/27/1995 10:55:00,BSP,NIT-AMM,Ammonia-nitrogen (as N),Total,,0.1,mg/l,False,0.1,,,TIM 780-86T,BSP,Actual,SW,Water,,,Clayton,07060004,River/Stream,,42.9304245,-91.38552335
6,15220028,Silver Creek @ Dogwood Ave (L23S),03/27/1995 13:45:00,BSP,NIT-AMM,Ammonia-nitrogen (as N),Total,,0.4,mg/l,True,0.1,,,TIM 780-86T,BSP,Actual,SW,Water,,,Clayton,07060004,River/Stream,,43.0217763,-91.4894189
6,15220028,Silver Creek @ Dogwood Ave (L23S),04/11/1995 10:50:00,BSP,NIT-AMM,Ammonia-nitrogen (as N),Total,,0.5,mg/l,True,0.1,,,TIM 780-86T,BSP,Actual,SW,Water,,,Clayton,07060004,River/Stream,,43.0217763,-91.4894189
6,15220018,Roberts Creek @ 206th St/B65 (RC02/ROB30),04/11/1995 14:40:00,BSP,NIT-AMM,Ammonia-nitrogen (as N),Total,,1.1,mg/l,True,0.1,,,TIM 780-86T,BSP,Actual,SW,Water,,,Clayton,07060004,River/Stream,,42.9304245,-91.38552335
6,15220028,Silver Creek @ Dogwood Ave (L23S),04/18/1995 11:00:00,BSP,NIT-AMM,Ammonia-nitrogen (as N),Total,,1.1,mg/l,True,0.1,,,TIM 780-86T,BSP,Actual,SW,Water,,,Clayton,07060004,River/Stream,,43.0217763,-91.4894189
6,15220028,Silver Creek @ Dogwood Ave (L23S),05/23/1995 10:40:00,BSP,NIT-AMM,Ammonia-nitrogen (as N),Total,,0.2,mg/l,True,0.1,,,TIM 780-86T,BSP,Actual,SW,Water,,,Clayton,07060004,River/Stream,,43.0217763,-91.4894189
6,15220018,Roberts Creek @ 206th St/B65 (RC02/ROB30),06/20/1995 14:50:00,BSP,NIT-AMM,Ammonia-nitrogen (as N),Total,,0.2,mg/l,True,0.1,,,TIM 780-86T,BSP,Actual,SW,Water,,,Clayton,07060004,River/Stream,,42.9304245,-91.38552335
6,15220018,Roberts Creek @ 206th St/B65 (RC02/ROB30),05/09/1995 11:45:00,BSP,NIT-AMM,Ammonia-nitrogen (as N),Total,,0.3,mg/l,True,0.1,,,TIM 780-86T,BSP,Actual,SW,Water,,,Clayton,07060004,River/Stream,,42.9304245,-91.38552335
6,15220028,Silver Creek @ Dogwood Ave (L23S),05/09/1995 10:35:00,BSP,NIT-AMM,Ammonia-nitrogen (as N),Total,,0.1,mg/l,True,0.1,,,TIM 780-86T,BSP,Actual,SW,Water,,,Clayton,07060004,River/Stream,,43.0217763,-91.4894189
6,15220028,Silver Creek @ Dogwood Ave (L23S),06/06/1995 10:50:00,BSP,NIT-AMM,Ammonia-nitrogen (as N),Total,,0.1,mg/l,True,0.1,,,TIM 780-86T,BSP,Actual,SW,Water,,,Clayton,07060004,River/Stream,,43.0217763,-91.4894189
6,15220018,Roberts Creek @ 206th St/B65 (RC02/ROB30),06/06/1995 14:20:00,BSP,NIT-AMM,Ammonia-nitrogen (as N),Total,,0.1,mg/l,False,0.1,,,TIM 780-86T,BSP,Actual,SW,Water,,,Clayton,07060004,River/Stream,,42.9304245,-91.38552335
6,15220028,Silver Creek @ Dogwood Ave (L23S),06/20/1995 09:50:00,BSP,NIT-AMM,Ammonia-nitrogen (as N),Total,,0.3,mg/l,True,0.1,,,TIM 780-86T,BSP,Actual,SW,Water,,,Clayton,07060004,River/Stream,,43.0217763,-91.4894189
6,15220028,Silver Creek @ Dogwood Ave (L23S),07/05/1995 10:40:00,BSP,NIT-AMM,Ammonia-nitrogen (as N),Total,,0.2,mg/l,True,0.1,,,TIM 780-86T,BSP,Actual,SW,Water,,,Clayton,07060004,River/Stream,,43.0217763,-91.4894189
6,15220018,Roberts Creek @ 206th St/B65 (RC02/ROB30),07/05/1995 15:45:00,BSP,NIT-AMM,Ammonia-nitrogen (as N),Total,,0.1,mg/l,False,0.1,,,TIM 780-86T,BSP,Actual,SW,Water,,,Clayton,07060004,River/Stream,,42.9304245,-91.38552335
6,15220028,Silver Creek @ Dogwood Ave (L23S),07/25/1995 11:50:00,BSP,NIT-AMM,Ammonia-nitrogen (as N),Total,,1.8,mg/l,True,0.1,,,TIM 780-86T,BSP,Actual,SW,Water,,,Clayton,07060004,River/Stream,,43.0217763,-91.4894189
6,15220018,Roberts Creek @ 206th St/B65 (RC02/ROB30),07/18/1995 11:00:00,BSP,NIT-AMM,Ammonia-nitrogen (as N),Total,,0.4,mg/l,True,0.1,,,TIM 780-86T,BSP,Actual,SW,Water,,,Clayton,07060004,River/Stream,,42.9304245,-91.38552335
6,15220028,Silver Creek @ Dogwood Ave (L23S),07/18/1995 12:25:00,BSP,NIT-AMM,Ammonia-nitrogen (as N),Total,,0.3,mg/l,True,0.1,,,TIM 780-86T,BSP,Actual,SW,Water,,,Clayton,07060004,River/Stream,,43.0217763,-91.4894189
6,15220028,Silver Creek @ Dogwood Ave (L23S),08/01/1995 13:25:00,BSP,NIT-AMM,Ammonia-nitrogen (as N),Total,,0.5,mg/l,True,0.1,,,TIM 780-86T,BSP,Actual,SW,Water,,,Clayton,07060004,River/Stream,,43.0217763,-91.4894189
6,15220018,Roberts Creek @ 206th St/B65 (RC02/ROB30),08/01/1995 10:10:00,BSP,NIT-AMM,Ammonia-nitrogen (as N),Total,,0.1,mg/l,True,0.1,,,TIM 780-86T,BSP,Actual,SW,Water,,,Clayton,07060004,River/Stream,,42.9304245,-91.38552335
6,15220018,Roberts Creek @ 206th St/B65 (RC02/ROB30),08/15/1995 17:40:00,BSP,NIT-AMM,Ammonia-nitrogen (as N),Total,,0.3,mg/l,True,0.1,,,TIM 780-86T,BSP,Actual,SW,Water,,,Clayton,07060004,River/Stream,,42.9304245,-91.38552335
6,15220028,Silver Creek @ Dogwood Ave (L23S),08/15/1995 11:00:00,BSP,NIT-AMM,Ammonia-nitrogen (as N),Total,,0.2,mg/l,True,0.1,,,TIM 780-86T,BSP,Actual,SW,Water,,,Clayton,07060004,River/Stream,,43.0217763,-91.4894189
6,15220018,Roberts Creek @ 206th St/B65 (RC02/ROB30),08/22/1995 10:40:00,BSP,NIT-AMM,Ammonia-nitrogen (as N),Total,,0.3,mg/l,True,0.1,,,TIM 780-86T,BSP,Actual,SW,Water,,,Clayton,07060004,River/Stream,,42.9304245,-91.38552335
6,15220018,Roberts Creek @ 206th St/B65 (RC02/ROB30),09/26/1995 16:15:00,BSP,NIT-AMM,Ammonia-nitrogen (as N),Total,,0.7,mg/l,True,0.1,,,TIM 780-86T,BSP,Actual,SW,Water,,,Clayton,07060004,River/Stream,,42.9304245,-91.38552335
6,15220028,Silver Creek @ Dogwood Ave (L23S),09/19/1995 14:45:00,BSP,NIT-AMM,Ammonia-nitrogen (as N),Total,,1.1,mg/l,True,0.1,,,TIM 780-86T,BSP,Actual,SW,Water,,,Clayton,07060004,River/Stream,,43.0217763,-91.4894189
6,15220018,Roberts Creek @ 206th St/B65 (RC02/ROB30),10/02/1995 13:00:00,BSP,NIT-AMM,Ammonia-nitrogen (as N),Total,,0.1,mg/l,True,0.1,,,TIM 780-86T,BSP,Actual,SW,Water,,,Clayton,07060004,River/Stream,,42.9304245,-91.38552335
6,15220028,Silver Creek @ Dogwood Ave (L23S),10/17/1995 12:00:00,BSP,NIT-AMM,Ammonia-nitrogen (as N),Total,,0.2,mg/l,True,0.1,,,TIM 780-86T,BSP,Actual,SW,Water,,,Clayton,07060004,River/Stream,,43.0217763,-91.4894189
6,15220028,Silver Creek @ Dogwood Ave (L23S),10/03/1995 13:20:00,BSP,NIT-AMM,Ammonia-nitrogen (as N),Total,,0.2,mg/l,True,0.1,,,TIM 780-86T,BSP,Actual,SW,Water,,,Clayton,07060004,River/Stream,,43.0217763,-91.4894189
6,15220018,Roberts Creek @ 206th St/B65 (RC02/ROB30),10/24/1995 11:05:00,BSP,NIT-AMM,Ammonia-nitrogen (as N),Total,,0.3,mg/l,True,0.1,,,TIM 780-86T,BSP,Actual,SW,Water,,,Clayton,07060004,River/Stream,,42.9304245,-91.38552335
6,15220028,Silver Creek @ Dogwood Ave (L23S),10/24/1995 12:00:00,BSP,NIT-AMM,Ammonia-nitrogen (as N),Total,,0.2,mg/l,True,0.1,,,TIM 780-86T,BSP,Actual,SW,Water,,,Clayton,07060004,River/Stream,,43.0217763,-91.4894189
6,15220028,Silver Creek @ Dogwood Ave (L23S),11/21/1995 11:00:00,BSP,NIT-AMM,Ammonia-nitrogen (as N),Total,,0.3,mg/l,True,0.1,,,TIM 780-86T,BSP,Actual,SW,Water,,,Clayton,07060004,River/Stream,,43.0217763,-91.4894189
6,15220018,Roberts Creek @ 206th St/B65 (RC02/ROB30),11/21/1995 15:45:00,BSP,NIT-AMM,Ammonia-nitrogen (as N),Total,,0.2,mg/l,True,0.1,,,TIM 780-86T,BSP,Actual,SW,Water,,,Clayton,07060004,River/Stream,,42.9304245,-91.38552335
6,15220018,Roberts Creek @ 206th St/B65 (RC02/ROB30),12/05/1995 15:30:00,BSP,NIT-AMM,Ammonia-nitrogen (as N),Total,,0.1,mg/l,False,0.1,,,TIM 780-86T,BSP,Actual,SW,Water,,,Clayton,07060004,River/Stream,,42.9304245,-91.38552335
6,15220028,Silver Creek @ Dogwood Ave (L23S),12/19/1995 10:40:00,BSP,NIT-AMM,Ammonia-nitrogen (as N),Total,,0.1,mg/l,True,0.1,,,TIM 780-86T,BSP,Actual,SW,Water,,,Clayton,07060004,River/Stream,,43.0217763,-91.4894189
6,15220028,Silver Creek @ Dogwood Ave (L23S),12/26/1995 10:30:00,BSP,NIT-AMM,Ammonia-nitrogen (as N),Total,,0.1,mg/l,False,0.1,,,TIM 780-86T,BSP,Actual,SW,Water,,,Clayton,07060004,River/Stream,,43.0217763,-91.4894189
6,15220028,Silver Creek @ Dogwood Ave (L23S),12/05/1995 11:00:00,BSP,NIT-AMM,Ammonia-nitrogen (as N),Total,,0.1,mg/l,True,0.1,,,TIM 780-86T,BSP,Actual,SW,Water,,,Clayton,07060004,River/Stream,,43.0217763,-91.4894189
6,15220018,Roberts Creek @ 206th St/B65 (RC02/ROB30),01/02/1996 15:30:00,BSP,NIT-AMM,Ammonia-nitrogen (as N),Total,,0.1,mg/l,False,0.1,,,TIM 780-86T,BSP,Actual,SW,Water,,,Clayton,07060004,River/Stream,,42.9304245,-91.38552335
6,15220028,Silver Creek @ Dogwood Ave (L23S),01/02/1996 10:50:00,BSP,NIT-AMM,Ammonia-nitrogen (as N),Total,,0.1,mg/l,True,0.1,,,TIM 780-86T,BSP,Actual,SW,Water,,,Clayton,07060004,River/Stream,,43.0217763,-91.4894189
6,15220018,Roberts Creek @ 206th St/B65 (RC02/ROB30),01/23/1996 16:35:00,BSP,NIT-AMM,Ammonia-nitrogen (as N),Total,,2.8,mg/l,True,0.1,,,TIM 780-86T,BSP,Actual,SW,Water,,,Clayton,07060004,River/Stream,,42.9304245,-91.38552335
6,15220028,Silver Creek @ Dogwood Ave (L23S),01/23/1996 11:15:00,BSP,NIT-AMM,Ammonia-nitrogen (as N),Total,,0.1,mg/l,True,0.1,,,TIM 780-86T,BSP,Actual,SW,Water,,,Clayton,07060004,River/Stream,,43.0217763,-91.4894189
6,15220018,Roberts Creek @ 206th St/B65 (RC02/ROB30),01/09/1996 11:40:00,BSP,NIT-AMM,Ammonia-nitrogen (as N),Total,,0.1,mg/l,False,0.1,,,TIM 780-86T,BSP,Actual,SW,Water,,,Clayton,07060004,River/Stream,,42.9304245,-91.38552335
6,15220018,Roberts Creek @ 206th St/B65 (RC02/ROB30),02/06/1996 10:00:00,BSP,NIT-AMM,Ammonia-nitrogen (as N),Total,,0.5,mg/l,True,0.1,,,TIM 780-86T,BSP,Actual,SW,Water,,,Clayton,07060004,River/Stream,,42.9304245,-91.38552335
6,15220028,Silver Creek @ Dogwood Ave (L23S),02/06/1996 10:30:00,BSP,NIT-AMM,Ammonia-nitrogen (as N),Total,,0.1,mg/l,False,0.1,,,TIM 780-86T,BSP,Actual,SW,Water,,,Clayton,07060004,River/Stream,,43.0217763,-91.4894189
6,15220018,Roberts Creek @ 206th St/B65 (RC02/ROB30),02/13/1996 14:45:00,BSP,NIT-AMM,Ammonia-nitrogen (as N),Total,,3.1,mg/l,True,0.1,,,TIM 780-86T,BSP,Actual,SW,Water,,,Clayton,07060004,River/Stream,,42.9304245,-91.38552335
6,15220028,Silver Creek @ Dogwood Ave (L23S),02/27/1996 10:35:00,BSP,NIT-AMM,Ammonia-nitrogen (as N),Total,,0.7,mg/l,True,0.1,,,TIM 780-86T,BSP,Actual,SW,Water,,,Clayton,07060004,River/Stream,,43.0217763,-91.4894189
6,15220018,Roberts Creek @ 206th St/B65 (RC02/ROB30),02/27/1996 15:20:00,BSP,NIT-AMM,Ammonia-nitrogen (as N),Total,,1.6,mg/l,True,0.1,,,TIM 780-86T,BSP,Actual,SW,Water,,,Clayton,07060004,River/Stream,,42.9304245,-91.38552335
6,15220028,Silver Creek @ Dogwood Ave (L23S),03/05/1996 11:45:00,BSP,NIT-AMM,Ammonia-nitrogen (as N),Total,,0.1,mg/l,False,0.1,,,TIM 780-86T,BSP,Actual,SW,Water,,,Clayton,07060004,River/Stream,,43.0217763,-91.4894189
6,15220028,Silver Creek @ Dogwood Ave (L23S),03/12/1996 11:00:00,BSP,NIT-AMM,Ammonia-nitrogen (as N),Total,,1.8,mg/l,True,0.1,,,TIM 780-86T,BSP,Actual,SW,Water,,,Clayton,07060004,River/Stream,,43.0217763,-91.4894189
6,15220018,Roberts Creek @ 206th St/B65 (RC02/ROB30),03/12/1996 11:35:00,BSP,NIT-AMM,Ammonia-nitrogen (as N),Total,,1.9,mg/l,True,0.1,,,TIM 780-86T,BSP,Actual,SW,Water,,,Clayton,07060004,River/Stream,,42.9304245,-91.38552335
6,15220028,Silver Creek @ Dogwood Ave (L23S),03/25/1996 13:45:00,BSP,NIT-AMM,Ammonia-nitrogen (as N),Total,,0.7,mg/l,True,0.1,,,TIM 780-86T,BSP,Actual,SW,Water,,,Clayton,07060004,River/Stream,,43.0217763,-91.4894189
6,15220018,Roberts Creek @ 206th St/B65 (RC02/ROB30),03/25/1996 12:40:00,BSP,NIT-AMM,Ammonia-nitrogen (as N),Total,,2.4,mg/l,True,0.1,,,TIM 780-86T,BSP,Actual,SW,Water,,,Clayton,07060004,River/Stream,,42.9304245,-91.38552335
6,15220028,Silver Creek @ Dogwood Ave (L23S),04/09/1996 13:15:00,BSP,NIT-AMM,Ammonia-nitrogen (as N),Total,,0.1,mg/l,False,0.1,,,TIM 780-86T,BSP,Actual,SW,Water,,,Clayton,07060004,River/Stream,,43.0217763,-91.4894189
6,15220018,Roberts Creek @ 206th St/B65 (RC02/ROB30),04/09/1996 14:30:00,BSP,NIT-AMM,Ammonia-nitrogen (as N),Total,,0.1,mg/l,False,0.1,,,TIM 780-86T,BSP,Actual,SW,Water,,,Clayton,07060004,River/Stream,,42.9304245,-91.38552335
6,15220018,Roberts Creek @ 206th St/B65 (RC02/ROB30),04/16/1996 15:10:00,BSP,NIT-AMM,Ammonia-nitrogen (as N),Total,,0.1,mg/l,False,0.1,,,TIM 780-86T,BSP,Actual,SW,Water,,,Clayton,07060004,River/Stream,,42.9304245,-91.38552335
6,15220028,Silver Creek @ Dogwood Ave (L23S),04/30/1996 10:25:00,BSP,NIT-AMM,Ammonia-nitrogen (as N),Total,,0.1,mg/l,False,0.1,,,TIM 780-86T,BSP,Actual,SW,Water,,,Clayton,07060004,River/Stream,,43.0217763,-91.4894189
6,15220018,Roberts Creek @ 206th St/B65 (RC02/ROB30),04/30/1996 14:40:00,BSP,NIT-AMM,Ammonia-nitrogen (as N),Total,,0.1,mg/l,False,0.1,,,TIM 780-86T,BSP,Actual,SW,Water,,,Clayton,07060004,River/Stream,,42.9304245,-91.38552335
6,15220028,Silver Creek @ Dogwood Ave (L23S),05/07/1996 10:50:00,BSP,NIT-AMM,Ammonia-nitrogen (as N),Total,,0.1,mg/l,False,0.1,,,TIM 780-86T,BSP,Actual,SW,Water,,,Clayton,07060004,River/Stream,,43.0217763,-91.4894189
6,15220028,Silver Creek @ Dogwood Ave (L23S),05/14/1996 10:10:00,BSP,NIT-AMM,Ammonia-nitrogen (as N),Total,,0.1,mg/l,False,0.1,,,TIM 780-86T,BSP,Actual,SW,Water,,,Clayton,07060004,River/Stream,,43.0217763,-91.4894189
6,15220018,Roberts Creek @ 206th St/B65 (RC02/ROB30),05/14/1996 13:40:00,BSP,NIT-AMM,Ammonia-nitrogen (as N),Total,,0.1,mg/l,False,0.1,,,TIM 780-86T,BSP,Actual,SW,Water,,,Clayton,07060004,River/Stream,,42.9304245,-91.38552335
6,15220028,Silver Creek @ Dogwood Ave (L23S),05/28/1996 10:45:00,BSP,NIT-AMM,Ammonia-nitrogen (as N),Total,,2.9,mg/l,True,0.1,,,TIM 780-86T,BSP,Actual,SW,Water,,,Clayton,07060004,River/Stream,,43.0217763,-91.4894189
6,15220018,Roberts Creek @ 206th St/B65 (RC02/ROB30),05/28/1996 14:50:00,BSP,NIT-AMM,Ammonia-nitrogen (as N),Total,,0.3,mg/l,True,0.1,,,TIM 780-86T,BSP,Actual,SW,Water,,,Clayton,07060004,River/Stream,,42.9304245,-91.38552335
6,15220028,Silver Creek @ Dogwood Ave (L23S),06/11/1996 10:05:00,BSP,NIT-AMM,Ammonia-nitrogen (as N),Total,,0.3,mg/l,True,0.1,,,TIM 780-86T,BSP,Actual,SW,Water,,,Clayton,07060004,River/Stream,,43.0217763,-91.4894189
6,15220018,Roberts Creek @ 206th St/B65 (RC02/ROB30),06/11/1996 13:00:00,BSP,NIT-AMM,Ammonia-nitrogen (as N),Total,,0.1,mg/l,True,0.1,,,TIM 780-86T,BSP,Actual,SW,Water,,,Clayton,07060004,River/Stream,,42.9304245,-91.38552335
6,15220018,Roberts Creek @ 206th St/B65 (RC02/ROB30),06/18/1996 12:15:00,BSP,NIT-AMM,Ammonia-nitrogen (as N),Total,,0.3,mg/l,True,0.1,,,TIM 780-86T,BSP,Actual,SW,Water,,,Clayton,07060004,River/Stream,,42.9304245,-91.38552335
6,15220018,Roberts Creek @ 206th St/B65 (RC02/ROB30),06/25/1996 17:05:00,BSP,NIT-AMM,Ammonia-nitrogen (as N),Total,,0.1,mg/l,False,0.1,,,TIM 780-86T,BSP,Actual,SW,Water,,,Clayton,07060004,River/Stream,,42.9304245,-91.38552335
6,15220028,Silver Creek @ Dogwood Ave (L23S),06/18/1996 12:45:00,BSP,NIT-AMM,Ammonia-nitrogen (as N),Total,,0.1,mg/l,False,0.1,,,TIM 780-86T,BSP,Actual,SW,Water,,,Clayton,07060004,River/Stream,,43.0217763,-91.4894189
6,15220018,Roberts Creek @ 206th St/B65 (RC02/ROB30),07/16/1996 10:30:00,BSP,NIT-AMM,Ammonia-nitrogen (as N),Total,,0.1,mg/l,False,0.1,,,TIM 780-86T,BSP,Actual,SW,Water,,,Clayton,07060004,River/Stream,,42.9304245,-91.38552335
6,15220028,Silver Creek @ Dogwood Ave (L23S),07/16/1996 11:45:00,BSP,NIT-AMM,Ammonia-nitrogen (as N),Total,,0.1,mg/l,False,0.1,,,TIM 780-86T,BSP,Actual,SW,Water,,,Clayton,07060004,River/Stream,,43.0217763,-91.4894189
6,15220028,Silver Creek @ Dogwood Ave (L23S),07/30/1996 11:30:00,BSP,NIT-AMM,Ammonia-nitrogen (as N),Total,,0.3,mg/l,True,0.1,,,TIM 780-86T,BSP,Actual,SW,Water,,,Clayton,07060004,River/Stream,,43.0217763,-91.4894189
6,15220018,Roberts Creek @ 206th St/B65 (RC02/ROB30),07/30/1996 15:45:00,BSP,NIT-AMM,Ammonia-nitrogen (as N),Total,,0.3,mg/l,True,0.1,,,TIM 780-86T,BSP,Actual,SW,Water,,,Clayton,07060004,River/Stream,,42.9304245,-91.38552335
6,15220028,Silver Creek @ Dogwood Ave (L23S),08/13/1996 10:10:00,BSP,NIT-AMM,Ammonia-nitrogen (as N),Total,,0.1,mg/l,False,0.1,,,TIM 780-86T,BSP,Actual,SW,Water,,,Clayton,07060004,River/Stream,,43.0217763,-91.4894189
6,15220018,Roberts Creek @ 206th St/B65 (RC02/ROB30),08/13/1996 14:00:00,BSP,NIT-AMM,Ammonia-nitrogen (as N),Total,,0.1,mg/l,False,0.1,,,TIM 780-86T,BSP,Actual,SW,Water,,,Clayton,07060004,River/Stream,,42.9304245,-91.38552335
6,15220018,Roberts Creek @ 206th St/B65 (RC02/ROB30),08/20/1996 17:30:00,BSP,NIT-AMM,Ammonia-nitrogen (as N),Total,,0.1,mg/l,False,0.1,,,TIM 780-86T,BSP,Actual,SW,Water,,,Clayton,07060004,River/Stream,,42.9304245,-91.38552335
6,15220018,Roberts Creek @ 206th St/B65 (RC02/ROB30),08/27/1996 16:45:00,BSP,NIT-AMM,Ammonia-nitrogen (as N),Total,,0.1,mg/l,False,0.1,,,TIM 780-86T,BSP,Actual,SW,Water,,,Clayton,07060004,River/Stream,,42.9304245,-91.38552335
6,15220028,Silver Creek @ Dogwood Ave (L23S),09/17/1996 09:00:00,BSP,NIT-AMM,Ammonia-nitrogen (as N),Total,,0.4,mg/l,True,0.1,,,TIM 780-86T,BSP,Actual,SW,Water,,,Clayton,07060004,River/Stream,,43.0217763,-91.4894189
6,15220028,Silver Creek @ Dogwood Ave (L23S),09/10/1996 10:05:00,BSP,NIT-AMM,Ammonia-nitrogen (as N),Total,,0.4,mg/l,True,0.1,,,TIM 780-86T,BSP,Actual,SW,Water,,,Clayton,07060004,River/Stream,,43.0217763,-91.4894189
6,15220018,Roberts Creek @ 206th St/B65 (RC02/ROB30),09/17/1996 14:10:00,BSP,NIT-AMM,Ammonia-nitrogen (as N),Total,,0.1,mg/l,False,0.1,,,TIM 780-86T,BSP,Actual,SW,Water,,,Clayton,07060004,River/Stream,,42.9304245,-91.38552335
6,15220018,Roberts Creek @ 206th St/B65 (RC02/ROB30),10/01/1996 15:15:00,BSP,NIT-AMM,Ammonia-nitrogen (as N),Total,,1,mg/l,True,0.1,,,TIM 780-86T,BSP,Actual,SW,Water,,,Clayton,07060004,River/Stream,,42.9304245,-91.38552335
6,15220028,Silver Creek @ Dogwood Ave (L23S),10/15/1996 09:45:00,BSP,NIT-AMM,Ammonia-nitrogen (as N),Total,,0.3,mg/l,True,0.1,,,TIM 780-86T,BSP,Actual,SW,Water,,,Clayton,07060004,River/Stream,,43.0217763,-91.4894189
6,15220028,Silver Creek @ Dogwood Ave (L23S),10/01/1996 09:30:00,BSP,NIT-AMM,Ammonia-nitrogen (as N),Total,,0.3,mg/l,True,0.1,,,TIM 780-86T,BSP,Actual,SW,Water,,,Clayton,07060004,River/Stream,,43.0217763,-91.4894189
6,15220018,Roberts Creek @ 206th St/B65 (RC02/ROB30),10/15/1996 12:45:00,BSP,NIT-AMM,Ammonia-nitrogen (as N),Total,,0.1,mg/l,True,0.1,,,TIM 780-86T,BSP,Actual,SW,Water,,,Clayton,07060004,River/Stream,,42.9304245,-91.38552335
6,15220018,Roberts Creek @ 206th St/B65 (RC02/ROB30),10/22/1996 13:55:00,BSP,NIT-AMM,Ammonia-nitrogen (as N),Total,,0.2,mg/l,True,0.1,,,TIM 780-86T,BSP,Actual,SW,Water,,,Clayton,07060004,River/Stream,,42.9304245,-91.38552335
6,15220018,Roberts Creek @ 206th St/B65 (RC02/ROB30),10/29/1996 15:50:00,BSP,NIT-AMM,Ammonia-nitrogen (as N),Total,,0.1,mg/l,False,0.1,,,TIM 780-86T,BSP,Actual,SW,Water,,,Clayton,07060004,River/Stream,,42.9304245,-91.38552335
6,15220028,Silver Creek @ Dogwood Ave (L23S),11/12/1996 09:55:00,BSP,NIT-AMM,Ammonia-nitrogen (as N),Total,,0.1,mg/l,True,0.1,,,TIM 780-86T,BSP,Actual,SW,Water,,,Clayton,07060004,River/Stream,,43.0217763,-91.4894189
6,15220028,Silver Creek @ Dogwood Ave (L23S),10/22/1996 09:40:00,BSP,NIT-AMM,Ammonia-nitrogen (as N),Total,,0.3,mg/l,True,0.1,,,TIM 780-86T,BSP,Actual,SW,Water,,,Clayton,07060004,River/Stream,,43.0217763,-91.4894189
6,15220018,Roberts Creek @ 206th St/B65 (RC02/ROB30),11/19/1996 09:50:00,BSP,NIT-AMM,Ammonia-nitrogen (as N),Total,,2.4,mg/l,True,0.1,,,TIM 780-86T,BSP,Actual,SW,Water,,,Clayton,07060004,River/Stream,,42.9304245,-91.38552335
6,15220028,Silver Creek @ Dogwood Ave (L23S),11/19/1996 11:15:00,BSP,NIT-AMM,Ammonia-nitrogen (as N),Total,,0.1,mg/l,False,0.1,,,TIM 780-86T,BSP,Actual,SW,Water,,,Clayton,07060004,River/Stream,,43.0217763,-91.4894189
6,15220018,Roberts Creek @ 206th St/B65 (RC02/ROB30),12/03/1996 13:30:00,BSP,NIT-AMM,Ammonia-nitrogen (as N),Total,,0.3,mg/l,True,0.1,,,TIM 780-86T,BSP,Actual,SW,Water,,,Clayton,07060004,River/Stream,,42.9304245,-91.38552335
6,15220018,Roberts Creek @ 206th St/B65 (RC02/ROB30),12/17/1996 13:00:00,BSP,NIT-AMM,Ammonia-nitrogen (as N),Total,,1,mg/l,True,0.1,,,TIM 780-86T,BSP,Actual,SW,Water,,,Clayton,07060004,River/Stream,,42.9304245,-91.38552335
6,15220028,Silver Creek @ Dogwood Ave (L23S),12/17/1996 09:35:00,BSP,NIT-AMM,Ammonia-nitrogen (as N),Total,,0.1,mg/l,True,0.1,,,TIM 780-86T,BSP,Actual,SW,Water,,,Clayton,07060004,River/Stream,,43.0217763,-91.4894189
6,15220018,Roberts Creek @ 206th St/B65 (RC02/ROB30),12/30/1996 16:10:00,BSP,NIT-AMM,Ammonia-nitrogen (as N),Total,,0.1,mg/l,False,0.1,,,TIM 780-86T,BSP,Actual,SW,Water,,,Clayton,07060004,River/Stream,,42.9304245,-91.38552335
6,15220018,Roberts Creek @ 206th St/B65 (RC02/ROB30),12/23/1996 13:30:00,BSP,NIT-AMM,Ammonia-nitrogen (as N),Total,,0.1,mg/l,False,0.1,,,TIM 780-86T,BSP,Actual,SW,Water,,,Clayton,07060004,River/Stream,,42.9304245,-91.38552335
6,15220028,Silver Creek @ Dogwood Ave (L23S),01/14/1997 11:40:00,BSP,NIT-AMM,Ammonia-nitrogen (as N),Total,,0.1,mg/l,False,0.1,,,TIM 780-86T,BSP,Actual,SW,Water,,,Clayton,07060004,River/Stream,,43.0217763,-91.4894189
6,15220028,Silver Creek @ Dogwood Ave (L23S),01/21/1997 11:05:00,BSP,NIT-AMM,Ammonia-nitrogen (as N),Total,,0.1,mg/l,False,0.1,,,TIM 780-86T,BSP,Actual,SW,Water,,,Clayton,07060004,River/Stream,,43.0217763,-91.4894189
6,15220018,Roberts Creek @ 206th St/B65 (RC02/ROB30),01/14/1997 17:00:00,BSP,NIT-AMM,Ammonia-nitrogen (as N),Total,,0.2,mg/l,True,0.1,,,TIM 780-86T,BSP,Actual,SW,Water,,,Clayton,07060004,River/Stream,,42.9304245,-91.38552335
6,15220018,Roberts Creek @ 206th St/B65 (RC02/ROB30),01/21/1997 11:50:00,BSP,NIT-AMM,Ammonia-nitrogen (as N),Total,,0.1,mg/l,True,0.1,,,TIM 780-86T,BSP,Actual,SW,Water,,,Clayton,07060004,River/Stream,,42.9304245,-91.38552335
6,15220028,Silver Creek @ Dogwood Ave (L23S),02/18/1997 10:20:00,BSP,NIT-AMM,Ammonia-nitrogen (as N),Total,,4.8,mg/l,True,0.1,,,TIM 780-86T,BSP,Actual,SW,Water,,,Clayton,07060004,River/Stream,,43.0217763,-91.4894189
6,15220018,Roberts Creek @ 206th St/B65 (RC02/ROB30),02/25/1997 14:45:00,BSP,NIT-AMM,Ammonia-nitrogen (as N),Total,,1.6,mg/l,True,0.1,,,TIM 780-86T,BSP,Actual,SW,Water,,,Clayton,07060004,River/Stream,,42.9304245,-91.38552335
6,15220028,Silver Creek @ Dogwood Ave (L23S),03/18/1997 10:40:00,BSP,NIT-AMM,Ammonia-nitrogen (as N),Total,,0.5,mg/l,True,0.1,,,TIM 780-86T,BSP,Actual,SW,Water,,,Clayton,07060004,River/Stream,,43.0217763,-91.4894189
6,15220018,Roberts Creek @ 206th St/B65 (RC02/ROB30),02/18/1997 15:20:00,BSP,NIT-AMM,Ammonia-nitrogen (as N),Total,,2.9,mg/l,True,0.1,,,TIM 780-86T,BSP,Actual,SW,Water,,,Clayton,07060004,River/Stream,,42.9304245,-91.38552335
6,15220018,Roberts Creek @ 206th St/B65 (RC02/ROB30),03/18/1997 14:20:00,BSP,NIT-AMM,Ammonia-nitrogen (as N),Total,,1.3,mg/l,True,0.1,,,TIM 780-86T,BSP,Actual,SW,Water,,,Clayton,07060004,River/Stream,,42.9304245,-91.38552335
6,15220018,Roberts Creek @ 206th St/B65 (RC02/ROB30),04/01/1997 14:00:00,BSP,NIT-AMM,Ammonia-nitrogen (as N),Total,,0.1,mg/l,False,0.1,,,TIM 780-86T,BSP,Actual,SW,Water,,,Clayton,07060004,River/Stream,,42.9304245,-91.38552335
6,15220028,Silver Creek @ Dogwood Ave (L23S),04/01/1997 10:15:00,BSP,NIT-AMM,Ammonia-nitrogen (as N),Total,,0.1,mg/l,False,0.1,,,TIM 780-86T,BSP,Actual,SW,Water,,,Clayton,07060004,River/Stream,,43.0217763,-91.4894189
6,15220018,Roberts Creek @ 206th St/B65 (RC02/ROB30),04/15/1997 15:20:00,BSP,NIT-AMM,Ammonia-nitrogen (as N),Total,,0.1,mg/l,False,0.1,,,TIM 780-86T,BSP,Actual,SW,Water,,,Clayton,07060004,River/Stream,,42.9304245,-91.38552335
6,15220028,Silver Creek @ Dogwood Ave (L23S),04/15/1997 11:10:00,BSP,NIT-AMM,Ammonia-nitrogen (as N),Total,,0.1,mg/l,False,0.1,,,TIM 780-86T,BSP,Actual,SW,Water,,,Clayton,07060004,River/Stream,,43.0217763,-91.4894189
6,15220018,Roberts Creek @ 206th St/B65 (RC02/ROB30),04/22/1997 13:40:00,BSP,NIT-AMM,Ammonia-nitrogen (as N),Total,,0.1,mg/l,False,0.1,,,TIM 780-86T,BSP,Actual,SW,Water,,,Clayton,07060004,River/Stream,,42.9304245,-91.38552335
6,15220028,Silver Creek @ Dogwood Ave (L23S),04/22/1997 09:50:00,BSP,NIT-AMM,Ammonia-nitrogen (as N),Total,,0.1,mg/l,False,0.1,,,TIM 780-86T,BSP,Actual,SW,Water,,,Clayton,07060004,River/Stream,,43.0217763,-91.4894189
6,15220018,Roberts Creek @ 206th St/B65 (RC02/ROB30),04/29/1997 15:40:00,BSP,NIT-AMM,Ammonia-nitrogen (as N),Total,,0.1,mg/l,False,0.1,,,TIM 780-86T,BSP,Actual,SW,Water,,,Clayton,07060004,River/Stream,,42.9304245,-91.38552335
6,15220028,Silver Creek @ Dogwood Ave (L23S),05/20/1997 10:20:00,BSP,NIT-AMM,Ammonia-nitrogen (as N),Total,,0.2,mg/l,True,0.1,,,TIM 780-86T,BSP,Actual,SW,Water,,,Clayton,07060004,River/Stream,,43.0217763,-91.4894189
6,15220028,Silver Creek @ Dogwood Ave (L23S),05/13/1997 10:30:00,BSP,NIT-AMM,Ammonia-nitrogen (as N),Total,,0.1,mg/l,False,0.1,,,TIM 780-86T,BSP,Actual,SW,Water,,,Clayton,07060004,River/Stream,,43.0217763,-91.4894189
6,15220018,Roberts Creek @ 206th St/B65 (RC02/ROB30),05/20/1997 13:55:00,BSP,NIT-AMM,Ammonia-nitrogen (as N),Total,,0.1,mg/l,True,0.1,,,TIM 780-86T,BSP,Actual,SW,Water,,,Clayton,07060004,River/Stream,,42.9304245,-91.38552335
6,15220018,Roberts Creek @ 206th St/B65 (RC02/ROB30),06/03/1997 14:50:00,BSP,NIT-AMM,Ammonia-nitrogen (as N),Total,,0.1,mg/l,False,0.1,,,TIM 780-86T,BSP,Actual,SW,Water,,,Clayton,07060004,River/Stream,,42.9304245,-91.38552335
6,15220028,Silver Creek @ Dogwood Ave (L23S),06/17/1997 10:50:00,BSP,NIT-AMM,Ammonia-nitrogen (as N),Total,,0.2,mg/l,True,0.1,,,TIM 780-86T,BSP,Actual,SW,Water,,,Clayton,07060004,River/Stream,,43.0217763,-91.4894189
6,15220018,Roberts Creek @ 206th St/B65 (RC02/ROB30),06/17/1997 15:30:00,BSP,NIT-AMM,Ammonia-nitrogen (as N),Total,,0.9,mg/l,True,0.1,,,TIM 780-86T,BSP,Actual,SW,Water,,,Clayton,07060004,River/Stream,,42.9304245,-91.38552335
6,15220018,Roberts Creek @ 206th St/B65 (RC02/ROB30),07/01/1997 13:00:00,BSP,NIT-AMM,Ammonia-nitrogen (as N),Total,,0.2,mg/l,True,0.1,,,TIM 780-86T,BSP,Actual,SW,Water,,,Clayton,07060004,River/Stream,,42.9304245,-91.38552335
6,15220028,Silver Creek @ Dogwood Ave (L23S),07/15/1997 10:45:00,BSP,NIT-AMM,Ammonia-nitrogen (as N),Total,,0.1,mg/l,False,0.1,,,TIM 780-86T,BSP,Actual,SW,Water,,,Clayton,07060004,River/Stream,,43.0217763,-91.4894189
6,15220018,Roberts Creek @ 206th St/B65 (RC02/ROB30),07/28/1997 17:05:00,BSP,NIT-AMM,Ammonia-nitrogen (as N),Total,,0.4,mg/l,True,0.1,,,TIM 780-86T,BSP,Actual,SW,Water,,,Clayton,07060004,River/Stream,,42.9304245,-91.38552335
6,15220028,Silver Creek @ Dogwood Ave (L23S),07/01/1997 10:30:00,BSP,NIT-AMM,Ammonia-nitrogen (as N),Total,,0.1,mg/l,False,0.1,,,TIM 780-86T,BSP,Actual,SW,Water,,,Clayton,07060004,River/Stream,,43.0217763,-91.4894189
6,15220018,Roberts Creek @ 206th St/B65 (RC02/ROB30),07/22/1997 13:45:00,BSP,NIT-AMM,Ammonia-nitrogen (as N),Total,,0.1,mg/l,False,0.1,,,TIM 780-86T,BSP,Actual,SW,Water,,,Clayton,07060004,River/Stream,,42.9304245,-91.38552335
6,15220028,Silver Creek @ Dogwood Ave (L23S),07/22/1997 10:00:00,BSP,NIT-AMM,Ammonia-nitrogen (as N),Total,,0.1,mg/l,False,0.1,,,TIM 780-86T,BSP,Actual,SW,Water,,,Clayton,07060004,River/Stream,,43.0217763,-91.4894189
6,15220018,Roberts Creek @ 206th St/B65 (RC02/ROB30),08/05/1997 13:35:00,BSP,NIT-AMM,Ammonia-nitrogen (as N),Total,,0.1,mg/l,False,0.1,,,TIM 780-86T,BSP,Actual,SW,Water,,,Clayton,07060004,River/Stream,,42.9304245,-91.38552335
6,15220028,Silver Creek @ Dogwood Ave (L23S),08/19/1997 11:10:00,BSP,NIT-AMM,Ammonia-nitrogen (as N),Total,,0.1,mg/l,False,0.1,,,TIM 780-86T,BSP,Actual,SW,Water,,,Clayton,07060004,River/Stream,,43.0217763,-91.4894189
6,15220018,Roberts Creek @ 206th St/B65 (RC02/ROB30),08/19/1997 10:00:00,BSP,NIT-AMM,Ammonia-nitrogen (as N),Total,,0.1,mg/l,False,0.1,,,TIM 780-86T,BSP,Actual,SW,Water,,,Clayton,07060004,River/Stream,,42.9304245,-91.38552335
6,15220018,Roberts Creek @ 206th St/B65 (RC02/ROB30),09/02/1997 13:20:00,BSP,NIT-AMM,Ammonia-nitrogen (as N),Total,,0.1,mg/l,True,0.1,,,TIM 780-86T,BSP,Actual,SW,Water,,,Clayton,07060004,River/Stream,,42.9304245,-91.38552335
6,15220028,Silver Creek @ Dogwood Ave (L23S),09/02/1997 10:30:00,BSP,NIT-AMM,Ammonia-nitrogen (as N),Total,,0.1,mg/l,True,0.1,,,TIM 780-86T,BSP,Actual,SW,Water,,,Clayton,07060004,River/Stream,,43.0217763,-91.4894189
6,15220018,Roberts Creek @ 206th St/B65 (RC02/ROB30),09/16/1997 10:20:00,BSP,NIT-AMM,Ammonia-nitrogen (as N),Total,,0.1,mg/l,False,0.1,,,TIM 780-86T,BSP,Actual,SW,Water,,,Clayton,07060004,River/Stream,,42.9304245,-91.38552335
6,15220028,Silver Creek @ Dogwood Ave (L23S),09/16/1997 11:40:00,BSP,NIT-AMM,Ammonia-nitrogen (as N),Total,,1.1,mg/l,True,0.1,,,TIM 780-86T,BSP,Actual,SW,Water,,,Clayton,07060004,River/Stream,,43.0217763,-91.4894189
6,15220028,Silver Creek @ Dogwood Ave (L23S),09/23/1997 10:30:00,BSP,NIT-AMM,Ammonia-nitrogen (as N),Total,,0.6,mg/l,True,0.1,,,TIM 780-86T,BSP,Actual,SW,Water,,,Clayton,07060004,River/Stream,,43.0217763,-91.4894189
6,15220018,Roberts Creek @ 206th St/B65 (RC02/ROB30),09/30/1997 14:10:00,BSP,NIT-AMM,Ammonia-nitrogen (as N),Total,,0.1,mg/l,False,0.1,,,TIM 780-86T,BSP,Actual,SW,Water,,,Clayton,07060004,River/Stream,,42.9304245,-91.38552335
6,15220018,Roberts Creek @ 206th St/B65 (RC02/ROB30),10/21/1997 12:35:00,BSP,NIT-AMM,Ammonia-nitrogen (as N),Total,,0.1,mg/l,False,0.1,,,TIM 780-86T,BSP,Actual,SW,Water,,,Clayton,07060004,River/Stream,,42.9304245,-91.38552335
6,15220018,Roberts Creek @ 206th St/B65 (RC02/ROB30),09/23/1997 13:50:00,BSP,NIT-AMM,Ammonia-nitrogen (as N),Total,,0.1,mg/l,True,0.1,,,TIM 780-86T,BSP,Actual,SW,Water,,,Clayton,07060004,River/Stream,,42.9304245,-91.38552335
6,15220028,Silver Creek @ Dogwood Ave (L23S),10/21/1997 10:05:00,BSP,NIT-AMM,Ammonia-nitrogen (as N),Total,,0.1,mg/l,False,0.1,,,TIM 780-86T,BSP,Actual,SW,Water,,,Clayton,07060004,River/Stream,,43.0217763,-91.4894189
6,15220018,Roberts Creek @ 206th St/B65 (RC02/ROB30),11/04/1997 15:25:00,BSP,NIT-AMM,Ammonia-nitrogen (as N),Total,,0.1,mg/l,False,0.1,,,TIM 780-86T,BSP,Actual,SW,Water,,,Clayton,07060004,River/Stream,,42.9304245,-91.38552335
6,15220028,Silver Creek @ Dogwood Ave (L23S),11/04/1997 11:10:00,BSP,NIT-AMM,Ammonia-nitrogen (as N),Total,,0.1,mg/l,False,0.1,,,TIM 780-86T,BSP,Actual,SW,Water,,,Clayton,07060004,River/Stream,,43.0217763,-91.4894189
6,15220036,Turkey River @ Big Spring (TR01),11/25/1997 09:00:00,BSP,NIT-AMM,Ammonia-nitrogen (as N),Total,,0.1,mg/l,True,0.1,,,TIM 780-86T,BSP,Actual,SW,Water,,,Clayton,07060004,River/Stream,,42.9095476,-91.4709184
6,15220028,Silver Creek @ Dogwood Ave (L23S),11/25/1997 10:30:00,BSP,NIT-AMM,Ammonia-nitrogen (as N),Total,,0.1,mg/l,True,0.1,,,TIM 780-86T,BSP,Actual,SW,Water,,,Clayton,07060004,River/Stream,,43.0217763,-91.4894189
6,15220018,Roberts Creek @ 206th St/B65 (RC02/ROB30),12/02/1997 10:50:00,BSP,NIT-AMM,Ammonia-nitrogen (as N),Total,,0.1,mg/l,False,0.1,,,TIM 780-86T,BSP,Actual,SW,Water,,,Clayton,07060004,River/Stream,,42.9304245,-91.38552335
6,15220028,Silver Creek @ Dogwood Ave (L23S),12/09/1997 10:40:00,BSP,NIT-AMM,Ammonia-nitrogen (as N),Total,,0.1,mg/l,False,0.1,,,TIM 780-86T,BSP,Actual,SW,Water,,,Clayton,07060004,River/Stream,,43.0217763,-91.4894189
6,15220018,Roberts Creek @ 206th St/B65 (RC02/ROB30),12/09/1997 13:45:00,BSP,NIT-AMM,Ammonia-nitrogen (as N),Total,,0.1,mg/l,False,0.1,,,TIM 780-86T,BSP,Actual,SW,Water,,,Clayton,07060004,River/Stream,,42.9304245,-91.38552335
6,15220036,Turkey River @ Big Spring (TR01),12/30/1997 09:40:00,BSP,NIT-AMM,Ammonia-nitrogen (as N),Total,,0.1,mg/l,False,0.1,,,TIM 780-86T,BSP,Actual,SW,Water,,,Clayton,07060004,River/Stream,,42.9095476,-91.4709184
6,15220028,Silver Creek @ Dogwood Ave (L23S),12/30/1997 10:55:00,BSP,NIT-AMM,Ammonia-nitrogen (as N),Total,,0.1,mg/l,False,0.1,,,TIM 780-86T,BSP,Actual,SW,Water,,,Clayton,07060004,River/Stream,,43.0217763,-91.4894189
6,15220018,Roberts Creek @ 206th St/B65 (RC02/ROB30),12/30/1997 15:45:00,BSP,NIT-AMM,Ammonia-nitrogen (as N),Total,,0.1,mg/l,False,0.1,,,TIM 780-86T,BSP,Actual,SW,Water,,,Clayton,07060004,River/Stream,,42.9304245,-91.38552335
6,15220018,Roberts Creek @ 206th St/B65 (RC02/ROB30),01/06/1998 10:40:00,BSP,NIT-AMM,Ammonia-nitrogen (as N),Total,,0.1,mg/l,False,0.1,,,TIM 780-86T,BSP,Actual,SW,Water,,,Clayton,07060004,River/Stream,,42.9304245,-91.38552335
6,15220028,Silver Creek @ Dogwood Ave (L23S),01/13/1998 10:10:00,BSP,NIT-AMM,Ammonia-nitrogen (as N),Total,,0.1,mg/l,False,0.1,,,TIM 780-86T,BSP,Actual,SW,Water,,,Clayton,07060004,River/Stream,,43.0217763,-91.4894189
6,15220018,Roberts Creek @ 206th St/B65 (RC02/ROB30),01/27/1998 14:45:00,BSP,NIT-AMM,Ammonia-nitrogen (as N),Total,,0.1,mg/l,False,0.1,,,TIM 780-86T,BSP,Actual,SW,Water,,,Clayton,07060004,River/Stream,,42.9304245,-91.38552335
6,15220018,Roberts Creek @ 206th St/B65 (RC02/ROB30),01/13/1998 13:25:00,BSP,NIT-AMM,Ammonia-nitrogen (as N),Total,,0.1,mg/l,False,0.1,,,TIM 780-86T,BSP,Actual,SW,Water,,,Clayton,07060004,River/Stream,,42.9304245,-91.38552335
6,15220028,Silver Creek @ Dogwood Ave (L23S),01/20/1998 11:20:00,BSP,NIT-AMM,Ammonia-nitrogen (as N),Total,,0.1,mg/l,False,0.1,,,TIM 780-86T,BSP,Actual,SW,Water,,,Clayton,07060004,River/Stream,,43.0217763,-91.4894189
6,15220028,Silver Creek @ Dogwood Ave (L23S),02/09/1998 10:30:00,BSP,NIT-AMM,Ammonia-nitrogen (as N),Total,,0.1,mg/l,False,0.1,,,TIM 780-86T,BSP,Actual,SW,Water,,,Clayton,07060004,River/Stream,,43.0217763,-91.4894189
6,15220028,Silver Creek @ Dogwood Ave (L23S),02/17/1998 11:40:00,BSP,NIT-AMM,Ammonia-nitrogen (as N),Total,,0.5,mg/l,True,0.1,,,TIM 780-86T,BSP,Actual,SW,Water,,,Clayton,07060004,River/Stream,,43.0217763,-91.4894189
6,15220018,Roberts Creek @ 206th St/B65 (RC02/ROB30),02/17/1998 10:30:00,BSP,NIT-AMM,Ammonia-nitrogen (as N),Total,,1.4,mg/l,True,0.1,,,TIM 780-86T,BSP,Actual,SW,Water,,,Clayton,07060004,River/Stream,,42.9304245,-91.38552335
6,15220028,Silver Creek @ Dogwood Ave (L23S),01/27/1998 10:35:00,BSP,NIT-AMM,Ammonia-nitrogen (as N),Total,,0.1,mg/l,False,0.1,,,TIM 780-86T,BSP,Actual,SW,Water,,,Clayton,07060004,River/Stream,,43.0217763,-91.4894189
6,15220028,Silver Creek @ Dogwood Ave (L23S),03/03/1998 10:50:00,BSP,NIT-AMM,Ammonia-nitrogen (as N),Total,,0.1,mg/l,False,0.1,,,TIM 780-86T,BSP,Actual,SW,Water,,,Clayton,07060004,River/Stream,,43.0217763,-91.4894189
6,15220018,Roberts Creek @ 206th St/B65 (RC02/ROB30),03/17/1998 14:25:00,BSP,NIT-AMM,Ammonia-nitrogen (as N),Total,,0.1,mg/l,False,0.1,,,TIM 780-86T,BSP,Actual,SW,Water,,,Clayton,07060004,River/Stream,,42.9304245,-91.38552335
6,15220018,Roberts Creek @ 206th St/B65 (RC02/ROB30),03/24/1998 13:45:00,BSP,NIT-AMM,Ammonia-nitrogen (as N),Total,,0.1,mg/l,True,0.1,,,TIM 780-86T,BSP,Actual,SW,Water,,,Clayton,07060004,River/Stream,,42.9304245,-91.38552335
6,15220018,Roberts Creek @ 206th St/B65 (RC02/ROB30),03/03/1998 15:15:00,BSP,NIT-AMM,Ammonia-nitrogen (as N),Total,,0.2,mg/l,True,0.1,,,TIM 780-86T,BSP,Actual,SW,Water,,,Clayton,07060004,River/Stream,,42.9304245,-91.38552335
6,15220028,Silver Creek @ Dogwood Ave (L23S),03/24/1998 10:40:00,BSP,NIT-AMM,Ammonia-nitrogen (as N),Total,,0.1,mg/l,False,0.1,,,TIM 780-86T,BSP,Actual,SW,Water,,,Clayton,07060004,River/Stream,,43.0217763,-91.4894189
6,15220028,Silver Creek @ Dogwood Ave (L23S),04/07/1998 10:20:00,BSP,NIT-AMM,Ammonia-nitrogen (as N),Total,,0.1,mg/l,False,0.1,,,TIM 780-86T,BSP,Actual,SW,Water,,,Clayton,07060004,River/Stream,,43.0217763,-91.4894189
6,15220018,Roberts Creek @ 206th St/B65 (RC02/ROB30),04/07/1998 10:00:00,BSP,NIT-AMM,Ammonia-nitrogen (as N),Total,,0.1,mg/l,False,0.1,,,TIM 780-86T,BSP,Actual,SW,Water,,,Clayton,07060004,River/Stream,,42.9304245,-91.38552335
6,15220018,Roberts Creek @ 206th St/B65 (RC02/ROB30),04/21/1998 10:30:00,BSP,NIT-AMM,Ammonia-nitrogen (as N),Total,,0.1,mg/l,False,0.1,,,TIM 780-86T,BSP,Actual,SW,Water,,,Clayton,07060004,River/Stream,,42.9304245,-91.38552335
6,15220028,Silver Creek @ Dogwood Ave (L23S),04/28/1998 11:45:00,BSP,NIT-AMM,Ammonia-nitrogen (as N),Total,,0.1,mg/l,False,0.1,,,TIM 780-86T,BSP,Actual,SW,Water,,,Clayton,07060004,River/Stream,,43.0217763,-91.4894189
6,15220036,Turkey River @ Big Spring (TR01),04/28/1998 10:05:00,BSP,NIT-AMM,Ammonia-nitrogen (as N),Total,,0.1,mg/l,False,0.1,,,TIM 780-86T,BSP,Actual,SW,Water,,,Clayton,07060004,River/Stream,,42.9095476,-91.4709184
6,15220028,Silver Creek @ Dogwood Ave (L23S),05/05/1998 12:50:00,BSP,NIT-AMM,Ammonia-nitrogen (as N),Total,,0.1,mg/l,False,0.1,,,TIM 780-86T,BSP,Actual,SW,Water,,,Clayton,07060004,River/Stream,,43.0217763,-91.4894189
6,15220018,Roberts Creek @ 206th St/B65 (RC02/ROB30),05/05/1998 15:20:00,BSP,NIT-AMM,Ammonia-nitrogen (as N),Total,,0.1,mg/l,False,0.1,,,TIM 780-86T,BSP,Actual,SW,Water,,,Clayton,07060004,River/Stream,,42.9304245,-91.38552335
6,15220018,Roberts Creek @ 206th St/B65 (RC02/ROB30),05/12/1998 14:10:00,BSP,NIT-AMM,Ammonia-nitrogen (as N),Total,,0.1,mg/l,False,0.1,,,TIM 780-86T,BSP,Actual,SW,Water,,,Clayton,07060004,River/Stream,,42.9304245,-91.38552335
6,15220028,Silver Creek @ Dogwood Ave (L23S),05/12/1998 10:45:00,BSP,NIT-AMM,Ammonia-nitrogen (as N),Total,,0.1,mg/l,True,0.1,,,TIM 780-86T,BSP,Actual,SW,Water,,,Clayton,07060004,River/Stream,,43.0217763,-91.4894189
6,15220036,Turkey River @ Big Spring (TR01),05/26/1998 09:20:00,BSP,NIT-AMM,Ammonia-nitrogen (as N),Total,,0.1,mg/l,False,0.1,,,TIM 780-86T,BSP,Actual,SW,Water,,,Clayton,07060004,River/Stream,,42.9095476,-91.4709184
6,15220028,Silver Creek @ Dogwood Ave (L23S),05/26/1998 10:35:00,BSP,NIT-AMM,Ammonia-nitrogen (as N),Total,,0.1,mg/l,False,0.1,,,TIM 780-86T,BSP,Actual,SW,Water,,,Clayton,07060004,River/Stream,,43.0217763,-91.4894189
6,15220018,Roberts Creek @ 206th St/B65 (RC02/ROB30),05/26/1998 14:10:00,BSP,NIT-AMM,Ammonia-nitrogen (as N),Total,,0.1,mg/l,False,0.1,,,TIM 780-86T,BSP,Actual,SW,Water,,,Clayton,07060004,River/Stream,,42.9304245,-91.38552335
6,15220028,Silver Creek @ Dogwood Ave (L23S),06/09/1998 11:00:00,BSP,NIT-AMM,Ammonia-nitrogen (as N),Total,,0.1,mg/l,False,0.1,,,TIM 780-86T,BSP,Actual,SW,Water,,,Clayton,07060004,River/Stream,,43.0217763,-91.4894189
6,15220018,Roberts Creek @ 206th St/B65 (RC02/ROB30),09/22/1998 10:00:00,BSP,NIT-AMM,Ammonia-nitrogen (as N),Total,,0.1,mg/l,False,0.1,,,TIM 780-86T,BSP,Actual,SW,Water,,,Clayton,07060004,River/Stream,,42.9304245,-91.38552335
6,16220006,North Cedar Creek - Clayton # 159,07/13/2005 00:00:00,LEGACYREMAP,NIT-AMM,Ammonia-nitrogen (AS N),Total,,0.05,mg/l,False,0.05,,,350.1,UHL001,Actual,SW,Water,,,Clayton,07060003,River/Stream,,42.947107,-91.232895
6,16220003,Turkey River - Garber - REMAP # 70,09/23/2003 00:00:00,LEGACYREMAP,NIT-AMM,Ammonia-nitrogen (AS N),Total,,0.05,mg/l,False,0.05,,,350.1,UHL001,Actual,SW,Water,,,Clayton,07060004,River/Stream,,42.738283,-91.265993
6,16220003,Turkey River - Garber - REMAP # 70,10/02/2003 00:00:00,LEGACYREMAP,NIT-AMM,Ammonia-nitrogen (AS N),Total,,0.05,mg/l,False,0.05,,,350.1,UHL001,Actual,SW,Water,,,Clayton,07060004,River/Stream,,42.738283,-91.265993
6,16220004,Hewitt Creek - Volga # 133,09/09/2004 00:00:00,LEGACYREMAP,NIT-AMM,Ammonia-nitrogen (AS N),Total,,0.05,mg/l,False,0.05,,,350.1,UHL001,Actual,SW,Water,,,Clayton,07060004,River/Stream,,42.756825,-91.563285
6,16220005,Bear Creek - Edgewood # 155,07/05/2005 00:00:00,LEGACYREMAP,NIT-AMM,Ammonia-nitrogen (AS N),Total,,0.05,mg/l,False,0.05,,,350.1,UHL001,Actual,SW,Water,,,Clayton,07060004,River/Stream,,42.672969,-91.393914
6,16220006,North Cedar Creek - Clayton # 159,07/05/2005 00:00:00,LEGACYREMAP,NIT-AMM,Ammonia-nitrogen (AS N),Total,,0.05,mg/l,False,0.05,,,350.1,UHL001,Actual,SW,Water,,,Clayton,07060003,River/Stream,,42.947107,-91.232895
6,16220005,Bear Creek - Edgewood # 155,07/12/2005 00:00:00,LEGACYREMAP,NIT-AMM,Ammonia-nitrogen (AS N),Total,,0.05,mg/l,False,0.05,,,350.1,UHL001,Actual,SW,Water,,,Clayton,07060004,River/Stream,,42.672969,-91.393914
6,16220004,Hewitt Creek - Volga # 133,09/01/2004 00:00:00,LEGACYREMAP,NIT-AMM,Ammonia-nitrogen (AS N),Total,,0.05,mg/l,False,0.05,,,350.1,UHL001,Actual,SW,Water,,,Clayton,07060004,River/Stream,,42.756825,-91.563285
6,16220003,Turkey River - Garber - REMAP # 70,10/02/2003 00:00:00,LEGACYREMAP,NIT-AMM,Ammonia-nitrogen (AS N),Total,,0.05,mg/l,False,0.05,,,350.1,UHL001,Actual,SW,Water,,,Clayton,07060004,River/Stream,,42.738283,-91.265993
6,16220001,Roberts Creek,08/13/2002 00:00:00,LEGACYREMAP,NIT-AMM,Ammonia-nitrogen (AS N),Total,,0.05,mg/l,False,0.05,,,350.1,UHL001,Actual,SW,Water,,,Clayton,07060004,River/Stream,,42.963184,-91.461441
6,16220002,Peck Creek - REMAP #229,08/26/2002 00:00:00,LEGACYREMAP,NIT-AMM,Ammonia-nitrogen (AS N),Total,,0.05,mg/l,False,0.05,,,350.1,UHL001,Actual,SW,Water,,,Clayton,07060004,River/Stream,,42.723821,-91.144286
6,16220002,Peck Creek - REMAP #229,09/25/2002 00:00:00,LEGACYREMAP,NIT-AMM,Ammonia-nitrogen (AS N),Total,,0.05,mg/l,False,0.05,,,350.1,UHL001,Actual,SW,Water,,,Clayton,07060004,River/Stream,,42.723821,-91.144286
6,16220002,Peck Creek - REMAP #229,09/10/2002 00:00:00,LEGACYREMAP,NIT-AMM,Ammonia-nitrogen (AS N),Total,,0.05,mg/l,False,0.05,,,350.1,UHL001,Actual,SW,Water,,,Clayton,07060004,River/Stream,,42.723821,-91.144286
6,16220002,Peck Creek - REMAP #229,08/07/2002 00:00:00,LEGACYREMAP,NIT-AMM,Ammonia-nitrogen (AS N),Total,,0.05,mg/l,False,0.05,,,350.1,UHL001,Actual,SW,Water,,,Clayton,07060004,River/Stream,,42.723821,-91.144286
6,16220001,Roberts Creek,07/31/2002 00:00:00,LEGACYREMAP,NIT-AMM,Ammonia-nitrogen (AS N),Total,,0.12,mg/l,True,0.05,,,350.1,UHL001,Actual,SW,Water,,,Clayton,07060004,River/Stream,,42.963184,-91.461441
6,16220006,North Cedar Creek - Clayton # 159,09/15/2015 09:30:00,AMBBIO,NIT-AMM,Ammonia-nitrogen (AS N),Total,,0.05,mg/l,False,0.05,,,LAC10-107-06-1J,UHL001,Actual,SW,Water,,,Clayton,07060003,River/Stream,,42.947107,-91.232895
6,16220006,North Cedar Creek - Clayton # 159,08/19/2015 10:45:00,AMBBIO,NIT-AMM,Ammonia-nitrogen (AS N),Total,,0.05,mg/l,False,0.05,,,LAC10-107-06-1J,UHL001,Actual,SW,Water,,,Clayton,07060003,River/Stream,,42.947107,-91.232895
6,16220006,North Cedar Creek - Clayton # 159,09/02/2015 10:00:00,AMBBIO,NIT-AMM,Ammonia-nitrogen (AS N),Total,,0.05,mg/l,False,0.05,,,LAC10-107-06-1J,UHL001,Actual,SW,Water,,,Clayton,07060003,River/Stream,,42.947107,-91.232895
6,16220006,North Cedar Creek - Clayton # 159,08/05/2015 10:00:00,AMBBIO,NIT-AMM,Ammonia-nitrogen (AS N),Total,,0.05,mg/l,False,0.05,,,LAC10-107-06-1J,UHL001,Actual,SW,Water,,,Clayton,07060003,River/Stream,,42.947107,-91.232895
6,16220006,North Cedar Creek - Clayton # 159,07/22/2015 12:15:00,AMBBIO,NIT-AMM,Ammonia-nitrogen (AS N),Total,,0.05,mg/l,False,0.05,,,LAC10-107-06-1J,UHL001,Actual,SW,Water,,,Clayton,07060003,River/Stream,,42.947107,-91.232895
6,16220006,North Cedar Creek - Clayton # 159,07/07/2015 12:00:00,AMBBIO,NIT-AMM,Ammonia-nitrogen (AS N),Total,,0.05,mg/l,False,0.05,,,LAC10-107-06-1J,UHL001,Actual,SW,Water,,,Clayton,07060003,River/Stream,,42.947107,-91.232895
6,15220018,Roberts Creek @ 206th St/B65 (RC02/ROB30),07/17/2001 10:50:00,BSP,NIT-AMM,Ammonia-nitrogen (as N),Total,,0.1,mg/l,False,0.1,,,TIM 780-86T,BSP,Actual,SW,Water,,,Clayton,07060004,River/Stream,,42.9304245,-91.38552335
6,15220018,Roberts Creek @ 206th St/B65 (RC02/ROB30),06/26/2001 10:45:00,BSP,NIT-AMM,Ammonia-nitrogen (as N),Total,,0.1,mg/l,False,0.1,,,TIM 780-86T,BSP,Actual,SW,Water,,,Clayton,07060004,River/Stream,,42.9304245,-91.38552335
6,15220018,Roberts Creek @ 206th St/B65 (RC02/ROB30),07/10/2001 10:25:00,BSP,NIT-AMM,Ammonia-nitrogen (as N),Total,,0.1,mg/l,False,0.1,,,TIM 780-86T,BSP,Actual,SW,Water,,,Clayton,07060004,River/Stream,,42.9304245,-91.38552335
6,15220018,Roberts Creek @ 206th St/B65 (RC02/ROB30),06/05/2001 10:55:00,BSP,NIT-AMM,Ammonia-nitrogen (as N),Total,,0.1,mg/l,False,0.1,,,TIM 780-86T,BSP,Actual,SW,Water,,,Clayton,07060004,River/Stream,,42.9304245,-91.38552335
6,15220018,Roberts Creek @ 206th St/B65 (RC02/ROB30),06/19/2001 10:55:00,BSP,NIT-AMM,Ammonia-nitrogen (as N),Total,,0.3,mg/l,True,0.1,,,TIM 780-86T,BSP,Actual,SW,Water,,,Clayton,07060004,River/Stream,,42.9304245,-91.38552335
6,15220018,Roberts Creek @ 206th St/B65 (RC02/ROB30),05/29/2001 10:45:00,BSP,NIT-AMM,Ammonia-nitrogen (as N),Total,,0.1,mg/l,False,0.1,,,TIM 780-86T,BSP,Actual,SW,Water,,,Clayton,07060004,River/Stream,,42.9304245,-91.38552335
6,15220018,Roberts Creek @ 206th St/B65 (RC02/ROB30),05/15/2001 10:30:00,BSP,NIT-AMM,Ammonia-nitrogen (as N),Total,,0.1,mg/l,False,0.1,,,TIM 780-86T,BSP,Actual,SW,Water,,,Clayton,07060004,River/Stream,,42.9304245,-91.38552335
6,15220018,Roberts Creek @ 206th St/B65 (RC02/ROB30),05/08/2001 11:35:00,BSP,NIT-AMM,Ammonia-nitrogen (as N),Total,,0.1,mg/l,False,0.1,,,TIM 780-86T,BSP,Actual,SW,Water,,,Clayton,07060004,River/Stream,,42.9304245,-91.38552335
6,15220018,Roberts Creek @ 206th St/B65 (RC02/ROB30),01/23/2001 11:00:00,BSP,NIT-AMM,Ammonia-nitrogen (as N),Total,,0.1,mg/l,False,0.1,,,TIM 780-86T,BSP,Actual,SW,Water,,,Clayton,07060004,River/Stream,,42.9304245,-91.38552335
6,15220019,Roberts Creek @ Dalmation Ave (ROB50),05/01/2013 12:50:00,TURKEYR,NIT-AMM,Ammonia-nitrogen (AS N),Total,,0.05,mg/l,False,0.05,,,LAC10-107-06-1J,UHL001,Actual,SW,Water,,,Clayton,07060004,River/Stream,,42.95959549,-91.4562996
6,15220045,Turkey River @ Hwy. 13 (TR28),05/01/2013 10:15:00,TURKEYR,NIT-AMM,Ammonia-nitrogen (AS N),Total,,0.05,mg/l,False,0.05,,,LAC10-107-06-1J,UHL001,Actual,SW,Water,,,Clayton,07060004,River/Stream,,42.84321539,-91.40058452
6,15220016,Mink Creek @ Aztec Road (MIN10),10/16/2013 08:00:00,TURKEYR,NIT-AMM,Ammonia-nitrogen (AS N),Total,,0.05,mg/l,False,0.05,,,LAC10-107-06-1J,UHL001,Actual,SW,Water,,,Clayton,07060004,River/Stream,,42.8441202,-91.59732742
6,15220045,Turkey River @ Hwy. 13 (TR28),10/16/2013 11:30:00,TURKEYR,NIT-AMM,Ammonia-nitrogen (AS N),Total,,0.05,mg/l,False,0.05,,,LAC10-107-06-1J,UHL001,Actual,SW,Water,,,Clayton,07060004,River/Stream,,42.84321539,-91.40058452
6,15220051,Unnamed Creek at 125th St (UNS25),11/06/2013 09:10:00,TURKEYR,NIT-AMM,Ammonia-nitrogen (AS N),Total,,0.17,mg/l,True,0.05,,,LAC10-107-06-1J,UHL001,Actual,SW,Water,,,Clayton,07060004,River/Stream,,43.04444686,-91.43104301
6,15220009,South Cedar Creek @ Lower Cedar Rd (CED10),11/06/2013 11:20:00,TURKEYR,NIT-AMM,Ammonia-nitrogen (AS N),Total,,0.05,mg/l,False,0.05,,,LAC10-107-06-1J,UHL001,Actual,SW,Water,,,Clayton,07060004,River/Stream,,42.74424922,-91.21535774
6,15220013,Hewett Creek @ Crystal Road (HEW20),11/06/2013 08:00:00,TURKEYR,NIT-AMM,Ammonia-nitrogen (AS N),Total,,0.05,mg/l,False,0.05,,,LAC10-107-06-1J,UHL001,Actual,SW,Water,,,Clayton,07060004,River/Stream,,42.78586318,-91.51847775
6,15220014,Howard Creek @ Mouth (HOW10),11/06/2013 09:35:00,TURKEYR,NIT-AMM,Ammonia-nitrogen (AS N),Total,,0.18,mg/l,True,0.05,,,LAC10-107-06-1J,UHL001,Actual,SW,Water,,,Clayton,07060004,River/Stream,,42.9300546,-91.38292282
6,15220015,Little Turkey River @ Highway 52 (LIT10),11/06/2013 10:45:00,TURKEYR,NIT-AMM,Ammonia-nitrogen (AS N),Total,,0.22,mg/l,True,0.05,,,LAC10-107-06-1J,UHL001,Actual,SW,Water,,,Clayton,07060004,River/Stream,,42.6987021,-91.07371173
6,15220017,Roberts Creek @ Grape Rd (ROB10),11/06/2013 10:26:00,TURKEYR,NIT-AMM,Ammonia-nitrogen (AS N),Total,,0.14,mg/l,True,0.05,,,LAC10-107-06-1J,UHL001,Actual,SW,Water,,,Clayton,07060004,River/Stream,,42.83952465,-91.37446914
6,15220019,Roberts Creek @ Dalmation Ave (ROB50),11/06/2013 09:17:00,TURKEYR,NIT-AMM,Ammonia-nitrogen (AS N),Total,,0.05,mg/l,False,0.05,,,LAC10-107-06-1J,UHL001,Actual,SW,Water,,,Clayton,07060004,River/Stream,,42.95959549,-91.4562996
6,15220020,Turkey River @ Highway 52 (TR10),11/06/2013 10:20:00,TURKEYR,NIT-AMM,Ammonia-nitrogen (AS N),Total,,0.15,mg/l,True,0.05,,,LAC10-107-06-1J,UHL001,Actual,SW,Water,,,Clayton,07060004,River/Stream,,42.70781335,-91.0757377
6,15220045,Turkey River @ Hwy. 13 (TR28),11/06/2013 09:58:00,TURKEYR,NIT-AMM,Ammonia-nitrogen (AS N),Total,,0.05,mg/l,False,0.05,,,LAC10-107-06-1J,UHL001,Actual,SW,Water,,,Clayton,07060004,River/Stream,,42.84321539,-91.40058452
6,15220010,Cox Creek @ Highway 13 (COX20),04/10/2013 07:15:00,TURKEYR,NIT-AMM,Ammonia-nitrogen (AS N),Total,,0.23,mg/l,True,0.05,,,LAC10-107-06-1J,UHL001,Actual,SW,Water,,,Clayton,07060004,River/Stream,,42.76688423,-91.46209679
6,15220011,Dry Mill Creek @ Grape Rd (DMI10),04/10/2013 11:40:00,TURKEYR,NIT-AMM,Ammonia-nitrogen (AS N),Total,,0.35,mg/l,True,0.05,,,LAC10-107-06-1J,UHL001,Actual,SW,Water,,,Clayton,07060004,River/Stream,,42.84327492,-91.36969617
6,15220012,Elk Creek @ Colesburg Rd/X3C (ELK10),04/10/2013 10:45:00,TURKEYR,NIT-AMM,Ammonia-nitrogen (AS N),Total,,0.35,mg/l,True,0.05,,,LAC10-107-06-1J,UHL001,Actual,SW,Water,,,Clayton,07060004,River/Stream,,42.73331715,-91.28009598
6,15220015,Little Turkey River @ Highway 52 (LIT10),04/10/2013 10:15:00,TURKEYR,NIT-AMM,Ammonia-nitrogen (AS N),Total,,0.2,mg/l,True,0.05,,,LAC10-107-06-1J,UHL001,Actual,SW,Water,,,Clayton,07060004,River/Stream,,42.6987021,-91.07371173
6,15220016,Mink Creek @ Aztec Road (MIN10),04/10/2013 08:40:00,TURKEYR,NIT-AMM,Ammonia-nitrogen (AS N),Total,,0.1,mg/l,True,0.05,,,LAC10-107-06-1J,UHL001,Actual,SW,Water,,,Clayton,07060004,River/Stream,,42.8441202,-91.59732742
6,15220009,South Cedar Creek @ Lower Cedar Rd (CED10),05/01/2013 13:30:00,TURKEYR,NIT-AMM,Ammonia-nitrogen (AS N),Total,,0.05,mg/l,False,0.05,,,LAC10-107-06-1J,UHL001,Actual,SW,Water,,,Clayton,07060004,River/Stream,,42.74424922,-91.21535774
6,15220010,Cox Creek @ Highway 13 (COX20),05/01/2013 07:00:00,TURKEYR,NIT-AMM,Ammonia-nitrogen (AS N),Total,,0.05,mg/l,False,0.05,,,LAC10-107-06-1J,UHL001,Actual,SW,Water,,,Clayton,07060004,River/Stream,,42.76688423,-91.46209679
6,15220011,Dry Mill Creek @ Grape Rd (DMI10),05/01/2013 09:55:00,TURKEYR,NIT-AMM,Ammonia-nitrogen (AS N),Total,,0.05,mg/l,False,0.05,,,LAC10-107-06-1J,UHL001,Actual,SW,Water,,,Clayton,07060004,River/Stream,,42.84327492,-91.36969617
6,15220014,Howard Creek @ Mouth (HOW10),05/01/2013 13:05:00,TURKEYR,NIT-AMM,Ammonia-nitrogen (AS N),Total,,0.05,mg/l,False,0.05,,,LAC10-107-06-1J,UHL001,Actual,SW,Water,,,Clayton,07060004,River/Stream,,42.9300546,-91.38292282
6,15220015,Little Turkey River @ Highway 52 (LIT10),05/01/2013 12:30:00,TURKEYR,NIT-AMM,Ammonia-nitrogen (AS N),Total,,0.05,mg/l,False,0.05,,,LAC10-107-06-1J,UHL001,Actual,SW,Water,,,Clayton,07060004,River/Stream,,42.6987021,-91.07371173
6,15220016,Mink Creek @ Aztec Road (MIN10),05/01/2013 08:40:00,TURKEYR,NIT-AMM,Ammonia-nitrogen (AS N),Total,,0.05,mg/l,False,0.05,,,LAC10-107-06-1J,UHL001,Actual,SW,Water,,,Clayton,07060004,River/Stream,,42.8441202,-91.59732742
6,15220018,Roberts Creek @ 206th St/B65 (RC02/ROB30),09/18/2001 10:20:00,BSP,NIT-AMM,Ammonia-nitrogen (as N),Total,,0.21,mg/l,True,0.05,,,LAC10-107-06-1J,BSP,Actual,SW,Water,,,Clayton,07060004,River/Stream,,42.9304245,-91.38552335
6,15220018,Roberts Creek @ 206th St/B65 (RC02/ROB30),08/28/2001 11:45:00,BSP,NIT-AMM,Ammonia-nitrogen (as N),Total,,0.01,mg/l,True,0.01,,,LAC10-107-06-1J,BSP,Actual,SW,Water,,,Clayton,07060004,River/Stream,,42.9304245,-91.38552335
6,15220018,Roberts Creek @ 206th St/B65 (RC02/ROB30),08/07/2001 10:30:00,BSP,NIT-AMM,Ammonia-nitrogen (as N),Total,,0.1,mg/l,True,0.1,,,TIM 780-86T,BSP,Actual,SW,Water,,,Clayton,07060004,River/Stream,,42.9304245,-91.38552335
6,15220018,Roberts Creek @ 206th St/B65 (RC02/ROB30),04/24/2001 12:45:00,BSP,NIT-AMM,Ammonia-nitrogen (as N),Total,,0.1,mg/l,False,0.1,,,TIM 780-86T,BSP,Actual,SW,Water,,,Clayton,07060004,River/Stream,,42.9304245,-91.38552335
6,15220018,Roberts Creek @ 206th St/B65 (RC02/ROB30),04/17/2001 11:20:00,BSP,NIT-AMM,Ammonia-nitrogen (as N),Total,,0.1,mg/l,False,0.1,,,TIM 780-86T,BSP,Actual,SW,Water,,,Clayton,07060004,River/Stream,,42.9304245,-91.38552335
6,15220018,Roberts Creek @ 206th St/B65 (RC02/ROB30),03/27/2001 11:05:00,BSP,NIT-AMM,Ammonia-nitrogen (as N),Total,,0.1,mg/l,False,0.1,,,TIM 780-86T,BSP,Actual,SW,Water,,,Clayton,07060004,River/Stream,,42.9304245,-91.38552335
6,15220018,Roberts Creek @ 206th St/B65 (RC02/ROB30),03/06/2001 11:00:00,BSP,NIT-AMM,Ammonia-nitrogen (as N),Total,,0.1,mg/l,False,0.1,,,TIM 780-86T,BSP,Actual,SW,Water,,,Clayton,07060004,River/Stream,,42.9304245,-91.38552335
6,15220018,Roberts Creek @ 206th St/B65 (RC02/ROB30),02/13/2001 11:40:00,BSP,NIT-AMM,Ammonia-nitrogen (as N),Total,,0.1,mg/l,False,0.1,,,TIM 780-86T,BSP,Actual,SW,Water,,,Clayton,07060004,River/Stream,,42.9304245,-91.38552335
6,15220018,Roberts Creek @ 206th St/B65 (RC02/ROB30),01/02/2001 11:10:00,BSP,NIT-AMM,Ammonia-nitrogen (as N),Total,,0.1,mg/l,False,0.1,,,TIM 780-86T,BSP,Actual,SW,Water,,,Clayton,07060004,River/Stream,,42.9304245,-91.38552335
6,15220018,Roberts Creek @ 206th St/B65 (RC02/ROB30),12/26/2000 08:30:00,BSP,NIT-AMM,Ammonia-nitrogen (as N),Total,,0.1,mg/l,False,0.1,,,TIM 780-86T,BSP,Actual,SW,Water,,,Clayton,07060004,River/Stream,,42.9304245,-91.38552335
6,15220018,Roberts Creek @ 206th St/B65 (RC02/ROB30),12/12/2000 11:10:00,BSP,NIT-AMM,Ammonia-nitrogen (as N),Total,,0.1,mg/l,False,0.1,,,TIM 780-86T,BSP,Actual,SW,Water,,,Clayton,07060004,River/Stream,,42.9304245,-91.38552335
6,15220018,Roberts Creek @ 206th St/B65 (RC02/ROB30),12/05/2000 10:55:00,BSP,NIT-AMM,Ammonia-nitrogen (as N),Total,,0.1,mg/l,False,0.1,,,TIM 780-86T,BSP,Actual,SW,Water,,,Clayton,07060004,River/Stream,,42.9304245,-91.38552335
6,15220018,Roberts Creek @ 206th St/B65 (RC02/ROB30),11/21/2000 11:25:00,BSP,NIT-AMM,Ammonia-nitrogen (as N),Total,,0.1,mg/l,False,0.1,,,TIM 780-86T,BSP,Actual,SW,Water,,,Clayton,07060004,River/Stream,,42.9304245,-91.38552335
6,15220018,Roberts Creek @ 206th St/B65 (RC02/ROB30),11/14/2000 11:00:00,BSP,NIT-AMM,Ammonia-nitrogen (as N),Total,,0.1,mg/l,False,0.1,,,TIM 780-86T,BSP,Actual,SW,Water,,,Clayton,07060004,River/Stream,,42.9304245,-91.38552335
6,15220018,Roberts Creek @ 206th St/B65 (RC02/ROB30),10/31/2000 11:10:00,BSP,NIT-AMM,Ammonia-nitrogen (as N),Total,,0.1,mg/l,False,0.1,,,TIM 780-86T,BSP,Actual,SW,Water,,,Clayton,07060004,River/Stream,,42.9304245,-91.38552335
6,15220018,Roberts Creek @ 206th St/B65 (RC02/ROB30),10/24/2000 11:45:00,BSP,NIT-AMM,Ammonia-nitrogen (as N),Total,,0.1,mg/l,False,0.1,,,TIM 780-86T,BSP,Actual,SW,Water,,,Clayton,07060004,River/Stream,,42.9304245,-91.38552335
6,15220018,Roberts Creek @ 206th St/B65 (RC02/ROB30),08/01/2000 12:10:00,BSP,NIT-AMM,Ammonia-nitrogen (as N),Total,,0.1,mg/l,False,0.1,,,TIM 780-86T,BSP,Actual,SW,Water,,,Clayton,07060004,River/Stream,,42.9304245,-91.38552335
6,15220018,Roberts Creek @ 206th St/B65 (RC02/ROB30),10/03/2000 11:00:00,BSP,NIT-AMM,Ammonia-nitrogen (as N),Total,,0.1,mg/l,False,0.1,,,TIM 780-86T,BSP,Actual,SW,Water,,,Clayton,07060004,River/Stream,,42.9304245,-91.38552335
6,15220018,Roberts Creek @ 206th St/B65 (RC02/ROB30),07/11/2000 10:50:00,BSP,NIT-AMM,Ammonia-nitrogen (as N),Total,,0.1,mg/l,True,0.1,,,TIM 780-86T,BSP,Actual,SW,Water,,,Clayton,07060004,River/Stream,,42.9304245,-91.38552335
6,15220018,Roberts Creek @ 206th St/B65 (RC02/ROB30),06/20/2000 10:40:00,BSP,NIT-AMM,Ammonia-nitrogen (as N),Total,,0.1,mg/l,False,0.1,,,TIM 780-86T,BSP,Actual,SW,Water,,,Clayton,07060004,River/Stream,,42.9304245,-91.38552335
6,15220018,Roberts Creek @ 206th St/B65 (RC02/ROB30),06/13/2000 11:40:00,BSP,NIT-AMM,Ammonia-nitrogen (as N),Total,,1.1,mg/l,True,0.1,,,TIM 780-86T,BSP,Actual,SW,Water,,,Clayton,07060004,River/Stream,,42.9304245,-91.38552335
6,15220018,Roberts Creek @ 206th St/B65 (RC02/ROB30),05/30/2000 11:50:00,BSP,NIT-AMM,Ammonia-nitrogen (as N),Total,,0.1,mg/l,False,0.1,,,TIM 780-86T,BSP,Actual,SW,Water,,,Clayton,07060004,River/Stream,,42.9304245,-91.38552335
6,15220018,Roberts Creek @ 206th St/B65 (RC02/ROB30),05/23/2000 11:00:00,BSP,NIT-AMM,Ammonia-nitrogen (as N),Total,,0.1,mg/l,False,0.1,,,TIM 780-86T,BSP,Actual,SW,Water,,,Clayton,07060004,River/Stream,,42.9304245,-91.38552335
6,15220018,Roberts Creek @ 206th St/B65 (RC02/ROB30),05/09/2000 11:25:00,BSP,NIT-AMM,Ammonia-nitrogen (as N),Total,,0.2,mg/l,True,0.1,,,TIM 780-86T,BSP,Actual,SW,Water,,,Clayton,07060004,River/Stream,,42.9304245,-91.38552335
6,15220018,Roberts Creek @ 206th St/B65 (RC02/ROB30),04/18/2000 10:30:00,BSP,NIT-AMM,Ammonia-nitrogen (as N),Total,,0.2,mg/l,True,0.1,,,TIM 780-86T,BSP,Actual,SW,Water,,,Clayton,07060004,River/Stream,,42.9304245,-91.38552335
6,15220018,Roberts Creek @ 206th St/B65 (RC02/ROB30),05/02/2000 15:10:00,BSP,NIT-AMM,Ammonia-nitrogen (as N),Total,,0.1,mg/l,False,0.1,,,TIM 780-86T,BSP,Actual,SW,Water,,,Clayton,07060004,River/Stream,,42.9304245,-91.38552335
6,15220018,Roberts Creek @ 206th St/B65 (RC02/ROB30),04/11/2000 12:15:00,BSP,NIT-AMM,Ammonia-nitrogen (as N),Total,,0.1,mg/l,True,0.1,,,TIM 780-86T,BSP,Actual,SW,Water,,,Clayton,07060004,River/Stream,,42.9304245,-91.38552335
6,15220018,Roberts Creek @ 206th St/B65 (RC02/ROB30),03/28/2000 12:00:00,BSP,NIT-AMM,Ammonia-nitrogen (as N),Total,,0.1,mg/l,False,0.1,,,TIM 780-86T,BSP,Actual,SW,Water,,,Clayton,07060004,River/Stream,,42.9304245,-91.38552335
6,15220018,Roberts Creek @ 206th St/B65 (RC02/ROB30),02/08/2000 11:10:00,BSP,NIT-AMM,Ammonia-nitrogen (as N),Total,,0.1,mg/l,False,0.1,,,TIM 780-86T,BSP,Actual,SW,Water,,,Clayton,07060004,River/Stream,,42.9304245,-91.38552335
6,15220018,Roberts Creek @ 206th St/B65 (RC02/ROB30),02/29/2000 11:20:00,BSP,NIT-AMM,Ammonia-nitrogen (as N),Total,,0.2,mg/l,True,0.1,,,TIM 780-86T,BSP,Actual,SW,Water,,,Clayton,07060004,River/Stream,,42.9304245,-91.38552335
6,15220018,Roberts Creek @ 206th St/B65 (RC02/ROB30),03/07/2000 10:20:00,BSP,NIT-AMM,Ammonia-nitrogen (as N),Total,,0.1,mg/l,False,0.1,,,TIM 780-86T,BSP,Actual,SW,Water,,,Clayton,07060004,River/Stream,,42.9304245,-91.38552335
6,15220018,Roberts Creek @ 206th St/B65 (RC02/ROB30),03/21/2000 11:00:00,BSP,NIT-AMM,Ammonia-nitrogen (as N),Total,,0.1,mg/l,False,0.1,,,TIM 780-86T,BSP,Actual,SW,Water,,,Clayton,07060004,River/Stream,,42.9304245,-91.38552335
6,15220018,Roberts Creek @ 206th St/B65 (RC02/ROB30),01/18/2000 11:10:00,BSP,NIT-AMM,Ammonia-nitrogen (as N),Total,,0.1,mg/l,False,0.1,,,TIM 780-86T,BSP,Actual,SW,Water,,,Clayton,07060004,River/Stream,,42.9304245,-91.38552335
6,15220018,Roberts Creek @ 206th St/B65 (RC02/ROB30),12/28/1999 12:00:00,BSP,NIT-AMM,Ammonia-nitrogen (as N),Total,,0.1,mg/l,False,0.1,,,TIM 780-86T,BSP,Actual,SW,Water,,,Clayton,07060004,River/Stream,,42.9304245,-91.38552335
6,15220018,Roberts Creek @ 206th St/B65 (RC02/ROB30),12/07/1999 11:20:00,BSP,NIT-AMM,Ammonia-nitrogen (as N),Total,,0.1,mg/l,False,0.1,,,TIM 780-86T,BSP,Actual,SW,Water,,,Clayton,07060004,River/Stream,,42.9304245,-91.38552335
6,15220018,Roberts Creek @ 206th St/B65 (RC02/ROB30),11/30/1999 11:50:00,BSP,NIT-AMM,Ammonia-nitrogen (as N),Total,,0.1,mg/l,False,0.1,,,TIM 780-86T,BSP,Actual,SW,Water,,,Clayton,07060004,River/Stream,,42.9304245,-91.38552335
6,15220018,Roberts Creek @ 206th St/B65 (RC02/ROB30),11/09/1999 11:40:00,BSP,NIT-AMM,Ammonia-nitrogen (as N),Total,,0.1,mg/l,False,0.1,,,TIM 780-86T,BSP,Actual,SW,Water,,,Clayton,07060004,River/Stream,,42.9304245,-91.38552335
6,15220018,Roberts Creek @ 206th St/B65 (RC02/ROB30),11/16/1999 10:55:00,BSP,NIT-AMM,Ammonia-nitrogen (as N),Total,,0.1,mg/l,False,0.1,,,TIM 780-86T,BSP,Actual,SW,Water,,,Clayton,07060004,River/Stream,,42.9304245,-91.38552335
6,15220018,Roberts Creek @ 206th St/B65 (RC02/ROB30),10/26/1999 11:05:00,BSP,NIT-AMM,Ammonia-nitrogen (as N),Total,,0.1,mg/l,False,0.1,,,TIM 780-86T,BSP,Actual,SW,Water,,,Clayton,07060004,River/Stream,,42.9304245,-91.38552335
6,15220018,Roberts Creek @ 206th St/B65 (RC02/ROB30),10/05/1999 13:15:00,BSP,NIT-AMM,Ammonia-nitrogen (as N),Total,,0.1,mg/l,False,0.1,,,TIM 780-86T,BSP,Actual,SW,Water,,,Clayton,07060004,River/Stream,,42.9304245,-91.38552335
6,15220018,Roberts Creek @ 206th St/B65 (RC02/ROB30),10/19/1999 11:45:00,BSP,NIT-AMM,Ammonia-nitrogen (as N),Total,,0.1,mg/l,False,0.1,,,TIM 780-86T,BSP,Actual,SW,Water,,,Clayton,07060004,River/Stream,,42.9304245,-91.38552335
6,15220018,Roberts Creek @ 206th St/B65 (RC02/ROB30),09/01/1998 14:10:00,BSP,NIT-AMM,Ammonia-nitrogen (as N),Total,,0.1,mg/l,False,0.1,,,TIM 780-86T,BSP,Actual,SW,Water,,,Clayton,07060004,River/Stream,,42.9304245,-91.38552335
6,15220028,Silver Creek @ Dogwood Ave (L23S),09/01/1998 10:30:00,BSP,NIT-AMM,Ammonia-nitrogen (as N),Total,,0.1,mg/l,False,0.1,,,TIM 780-86T,BSP,Actual,SW,Water,,,Clayton,07060004,River/Stream,,43.0217763,-91.4894189
6,15220028,Silver Creek @ Dogwood Ave (L23S),09/22/1998 10:25:00,BSP,NIT-AMM,Ammonia-nitrogen (as N),Total,,0.1,mg/l,False,0.1,,,TIM 780-86T,BSP,Actual,SW,Water,,,Clayton,07060004,River/Stream,,43.0217763,-91.4894189
6,15220018,Roberts Creek @ 206th St/B65 (RC02/ROB30),07/21/1998 14:05:00,BSP,NIT-AMM,Ammonia-nitrogen (as N),Total,,0.1,mg/l,False,0.1,,,TIM 780-86T,BSP,Actual,SW,Water,,,Clayton,07060004,River/Stream,,42.9304245,-91.38552335
6,15220028,Silver Creek @ Dogwood Ave (L23S),07/21/1998 10:50:00,BSP,NIT-AMM,Ammonia-nitrogen (as N),Total,,0.1,mg/l,False,0.1,,,TIM 780-86T,BSP,Actual,SW,Water,,,Clayton,07060004,River/Stream,,43.0217763,-91.4894189
6,15220028,Silver Creek @ Dogwood Ave (L23S),08/18/1998 10:50:00,BSP,NIT-AMM,Ammonia-nitrogen (as N),Total,,0.1,mg/l,False,0.1,,,TIM 780-86T,BSP,Actual,SW,Water,,,Clayton,07060004,River/Stream,,43.0217763,-91.4894189
6,15220018,Roberts Creek @ 206th St/B65 (RC02/ROB30),08/18/1998 13:45:00,BSP,NIT-AMM,Ammonia-nitrogen (as N),Total,,0.3,mg/l,True,0.1,,,TIM 780-86T,BSP,Actual,SW,Water,,,Clayton,07060004,River/Stream,,42.9304245,-91.38552335
6,15220018,Roberts Creek @ 206th St/B65 (RC02/ROB30),06/09/1998 14:20:00,BSP,NIT-AMM,Ammonia-nitrogen (as N),Total,,1.6,mg/l,True,0.1,,,TIM 780-86T,BSP,Actual,SW,Water,,,Clayton,07060004,River/Stream,,42.9304245,-91.38552335
6,15220028,Silver Creek @ Dogwood Ave (L23S),06/16/1998 10:40:00,BSP,NIT-AMM,Ammonia-nitrogen (as N),Total,,0.1,mg/l,False,0.1,,,TIM 780-86T,BSP,Actual,SW,Water,,,Clayton,07060004,River/Stream,,43.0217763,-91.4894189
6,15220036,Turkey River @ Big Spring (TR01),06/30/1998 09:25:00,BSP,NIT-AMM,Ammonia-nitrogen (as N),Total,,0.1,mg/l,True,0.1,,,TIM 780-86T,BSP,Actual,SW,Water,,,Clayton,07060004,River/Stream,,42.9095476,-91.4709184
6,15220028,Silver Creek @ Dogwood Ave (L23S),06/30/1998 11:10:00,BSP,NIT-AMM,Ammonia-nitrogen (as N),Total,,0.1,mg/l,False,0.1,,,TIM 780-86T,BSP,Actual,SW,Water,,,Clayton,07060004,River/Stream,,43.0217763,-91.4894189
6,15220018,Roberts Creek @ 206th St/B65 (RC02/ROB30),06/16/1998 14:05:00,BSP,NIT-AMM,Ammonia-nitrogen (as N),Total,,0.1,mg/l,False,0.1,,,TIM 780-86T,BSP,Actual,SW,Water,,,Clayton,07060004,River/Stream,,42.9304245,-91.38552335
6,15220018,Roberts Creek @ 206th St/B65 (RC02/ROB30),07/14/1998 14:10:00,BSP,NIT-AMM,Ammonia-nitrogen (as N),Total,,0.1,mg/l,False,0.1,,,TIM 780-86T,BSP,Actual,SW,Water,,,Clayton,07060004,River/Stream,,42.9304245,-91.38552335
6,15220028,Silver Creek @ Dogwood Ave (L23S),07/14/1998 10:40:00,BSP,NIT-AMM,Ammonia-nitrogen (as N),Total,,0.1,mg/l,False,0.1,,,TIM 780-86T,BSP,Actual,SW,Water,,,Clayton,07060004,River/Stream,,43.0217763,-91.4894189
6,15220018,Roberts Creek @ 206th St/B65 (RC02/ROB30),07/28/1998 15:10:00,BSP,NIT-AMM,Ammonia-nitrogen (as N),Total,,0.1,mg/l,False,0.1,,,TIM 780-86T,BSP,Actual,SW,Water,,,Clayton,07060004,River/Stream,,42.9304245,-91.38552335
6,15220013,Hewett Creek @ Crystal Road (HEW20),08/01/2012 07:15:00,TURKEYR,NIT-AMM,Ammonia-nitrogen (as N),Total,,0.05,mg/l,True,0.05,,,LAC10-107-06-1J,IGS-GRAB,Actual,SW,Water,,,Clayton,07060004,River/Stream,,42.78586318,-91.51847775
6,15220017,Roberts Creek @ Grape Rd (ROB10),05/02/2012 14:50:00,TURKEYR,NIT-AMM,Ammonia-nitrogen (as N),Total,,0.07,mg/l,True,0.05,,,LAC10-107-06-1J,IGS-GRAB,Actual,SW,Water,,,Clayton,07060004,River/Stream,,42.83952465,-91.37446914
6,15220019,Roberts Creek @ Dalmation Ave (ROB50),07/02/2012 07:40:00,TURKEYR,NIT-AMM,Ammonia-nitrogen (as N),Total,,0.07,mg/l,True,0.05,,,LAC10-107-06-1J,IGS-GRAB,Actual,SW,Water,,,Clayton,07060004,River/Stream,,42.95959549,-91.4562996
6,15220016,Mink Creek @ Aztec Road (MIN10),09/05/2012 08:15:00,TURKEYR,NIT-AMM,Ammonia-nitrogen (as N),Total,,0.07,mg/l,True,0.05,,,LAC10-107-06-1J,IGS-GRAB,Actual,SW,Water,,,Clayton,07060004,River/Stream,,42.8441202,-91.59732742
6,15220013,Hewett Creek @ Crystal Road (HEW20),09/05/2012 08:20:00,TURKEYR,NIT-AMM,Ammonia-nitrogen (as N),Total,,0.08,mg/l,True,0.05,,,LAC10-107-06-1J,IGS-GRAB,Actual,SW,Water,,,Clayton,07060004,River/Stream,,42.78586318,-91.51847775
6,15220012,Elk Creek @ Colesburg Rd/X3C (ELK10),09/05/2012 09:52:00,TURKEYR,NIT-AMM,Ammonia-nitrogen (as N),Total,,0.08,mg/l,True,0.05,,,LAC10-107-06-1J,IGS-GRAB,Actual,SW,Water,,,Clayton,07060004,River/Stream,,42.73331715,-91.28009598
6,15220020,Turkey River @ Highway 52 (TR10),09/05/2012 10:10:00,TURKEYR,NIT-AMM,Ammonia-nitrogen (as N),Total,,0.08,mg/l,True,0.05,,,LAC10-107-06-1J,IGS-GRAB,Actual,SW,Water,,,Clayton,07060004,River/Stream,,42.70781335,-91.0757377
6,15220019,Roberts Creek @ Dalmation Ave (ROB50),09/05/2012 14:50:00,TURKEYR,NIT-AMM,Ammonia-nitrogen (as N),Total,,0.1,mg/l,True,0.05,,,LAC10-107-06-1J,IGS-GRAB,Actual,SW,Water,,,Clayton,07060004,River/Stream,,42.95959549,-91.4562996
6,15220016,Mink Creek @ Aztec Road (MIN10),05/02/2012 09:00:00,TURKEYR,NIT-AMM,Ammonia-nitrogen (as N),Total,,0.11,mg/l,True,0.05,,,LAC10-107-06-1J,IGS-GRAB,Actual,SW,Water,,,Clayton,07060004,River/Stream,,42.8441202,-91.59732742
6,15220013,Hewett Creek @ Crystal Road (HEW20),07/02/2012 07:40:00,TURKEYR,NIT-AMM,Ammonia-nitrogen (as N),Total,,0.11,mg/l,True,0.05,,,LAC10-107-06-1J,IGS-GRAB,Actual,SW,Water,,,Clayton,07060004,River/Stream,,42.78586318,-91.51847775
6,15220010,Cox Creek @ Highway 13 (COX20),07/02/2012 07:15:00,TURKEYR,NIT-AMM,Ammonia-nitrogen (as N),Total,,0.13,mg/l,True,0.05,,,LAC10-107-06-1J,IGS-GRAB,Actual,SW,Water,,,Clayton,07060004,River/Stream,,42.76688423,-91.46209679
6,15220011,Dry Mill Creek @ Grape Rd (DMI10),05/02/2012 15:00:00,TURKEYR,NIT-AMM,Ammonia-nitrogen (as N),Total,,0.22,mg/l,True,0.05,,,LAC10-107-06-1J,IGS-GRAB,Actual,SW,Water,,,Clayton,07060004,River/Stream,,42.84327492,-91.36969617
6,15220010,Cox Creek @ Highway 13 (COX20),09/05/2012 07:50:00,TURKEYR,NIT-AMM,Ammonia-nitrogen (as N),Total,,0.26,mg/l,True,0.05,,,LAC10-107-06-1J,IGS-GRAB,Actual,SW,Water,,,Clayton,07060004,River/Stream,,42.76688423,-91.46209679
6,15220010,Cox Creek @ Highway 13 (COX20),04/04/2012 07:15:00,TURKEYR,NIT-AMM,Ammonia-nitrogen (as N),Total,,0.05,mg/l,False,0.05,,,LAC10-107-06-1J,IGS-GRAB,Actual,SW,Water,,,Clayton,07060004,River/Stream,,42.76688423,-91.46209679
6,15220012,Elk Creek @ Colesburg Rd/X3C (ELK10),04/04/2012 11:30:00,TURKEYR,NIT-AMM,Ammonia-nitrogen (as N),Total,,0.05,mg/l,False,0.05,,,LAC10-107-06-1J,IGS-GRAB,Actual,SW,Water,,,Clayton,07060004,River/Stream,,42.73331715,-91.28009598
6,15220011,Dry Mill Creek @ Grape Rd (DMI10),04/04/2012 13:30:00,TURKEYR,NIT-AMM,Ammonia-nitrogen (as N),Total,,0.05,mg/l,False,0.05,,,LAC10-107-06-1J,IGS-GRAB,Actual,SW,Water,,,Clayton,07060004,River/Stream,,42.84327492,-91.36969617
6,15220017,Roberts Creek @ Grape Rd (ROB10),04/04/2012 13:40:00,TURKEYR,NIT-AMM,Ammonia-nitrogen (as N),Total,,0.05,mg/l,False,0.05,,,LAC10-107-06-1J,IGS-GRAB,Actual,SW,Water,,,Clayton,07060004,River/Stream,,42.83952465,-91.37446914
6,15220019,Roberts Creek @ Dalmation Ave (ROB50),05/02/2012 12:35:00,TURKEYR,NIT-AMM,Ammonia-nitrogen (as N),Total,,0.05,mg/l,False,0.05,,,LAC10-107-06-1J,IGS-GRAB,Actual,SW,Water,,,Clayton,07060004,River/Stream,,42.95959549,-91.4562996
6,15220045,Turkey River @ Hwy. 13 (TR28),05/02/2012 14:15:00,TURKEYR,NIT-AMM,Ammonia-nitrogen (as N),Total,,0.05,mg/l,False,0.05,,,LAC10-107-06-1J,IGS-GRAB,Actual,SW,Water,,,Clayton,07060004,River/Stream,,42.84321539,-91.40058452
6,15220013,Hewett Creek @ Crystal Road (HEW20),06/06/2012 07:40:00,TURKEYR,NIT-AMM,Ammonia-nitrogen (as N),Total,,0.05,mg/l,False,0.05,,,LAC10-107-06-1J,IGS-GRAB,Actual,SW,Water,,,Clayton,07060004,River/Stream,,42.78586318,-91.51847775
6,15220012,Elk Creek @ Colesburg Rd/X3C (ELK10),06/06/2012 08:06:00,TURKEYR,NIT-AMM,Ammonia-nitrogen (as N),Total,,0.05,mg/l,False,0.05,,,LAC10-107-06-1J,IGS-GRAB,Actual,SW,Water,,,Clayton,07060004,River/Stream,,42.73331715,-91.28009598
6,15220016,Mink Creek @ Aztec Road (MIN10),06/06/2012 08:50:00,TURKEYR,NIT-AMM,Ammonia-nitrogen (as N),Total,,0.05,mg/l,False,0.05,,,LAC10-107-06-1J,IGS-GRAB,Actual,SW,Water,,,Clayton,07060004,River/Stream,,42.8441202,-91.59732742
6,15220045,Turkey River @ Hwy. 13 (TR28),06/06/2012 12:35:00,TURKEYR,NIT-AMM,Ammonia-nitrogen (as N),Total,,0.05,mg/l,False,0.05,,,LAC10-107-06-1J,IGS-GRAB,Actual,SW,Water,,,Clayton,07060004,River/Stream,,42.84321539,-91.40058452
6,15220009,South Cedar Creek @ Lower Cedar Rd (CED10),06/06/2012 12:50:00,TURKEYR,NIT-AMM,Ammonia-nitrogen (as N),Total,,0.05,mg/l,False,0.05,,,LAC10-107-06-1J,IGS-GRAB,Actual,SW,Water,,,Clayton,07060004,River/Stream,,42.74424922,-91.21535774
6,15220011,Dry Mill Creek @ Grape Rd (DMI10),06/06/2012 12:55:00,TURKEYR,NIT-AMM,Ammonia-nitrogen (as N),Total,,0.05,mg/l,False,0.05,,,LAC10-107-06-1J,IGS-GRAB,Actual,SW,Water,,,Clayton,07060004,River/Stream,,42.84327492,-91.36969617
6,15220017,Roberts Creek @ Grape Rd (ROB10),06/06/2012 13:05:00,TURKEYR,NIT-AMM,Ammonia-nitrogen (as N),Total,,0.05,mg/l,False,0.05,,,LAC10-107-06-1J,IGS-GRAB,Actual,SW,Water,,,Clayton,07060004,River/Stream,,42.83952465,-91.37446914
6,15220014,Howard Creek @ Mouth (HOW10),07/02/2012 08:24:00,TURKEYR,NIT-AMM,Ammonia-nitrogen (as N),Total,,0.05,mg/l,False,0.05,,,LAC10-107-06-1J,IGS-GRAB,Actual,SW,Water,,,Clayton,07060004,River/Stream,,42.9300546,-91.38292282
6,15220012,Elk Creek @ Colesburg Rd/X3C (ELK10),07/02/2012 10:14:00,TURKEYR,NIT-AMM,Ammonia-nitrogen (as N),Total,,0.05,mg/l,False,0.05,,,LAC10-107-06-1J,IGS-GRAB,Actual,SW,Water,,,Clayton,07060004,River/Stream,,42.73331715,-91.28009598
6,15220020,Turkey River @ Highway 52 (TR10),07/02/2012 10:15:00,TURKEYR,NIT-AMM,Ammonia-nitrogen (as N),Total,,0.05,mg/l,False,0.05,,,LAC10-107-06-1J,IGS-GRAB,Actual,SW,Water,,,Clayton,07060004,River/Stream,,42.70781335,-91.0757377
6,15220009,South Cedar Creek @ Lower Cedar Rd (CED10),07/02/2012 11:20:00,TURKEYR,NIT-AMM,Ammonia-nitrogen (as N),Total,,0.05,mg/l,False,0.05,,,LAC10-107-06-1J,IGS-GRAB,Actual,SW,Water,,,Clayton,07060004,River/Stream,,42.74424922,-91.21535774
6,15220010,Cox Creek @ Highway 13 (COX20),08/01/2012 07:45:00,TURKEYR,NIT-AMM,Ammonia-nitrogen (as N),Total,,0.05,mg/l,False,0.05,,,LAC10-107-06-1J,IGS-GRAB,Actual,SW,Water,,,Clayton,07060004,River/Stream,,42.76688423,-91.46209679
6,15220016,Mink Creek @ Aztec Road (MIN10),08/01/2012 08:10:00,TURKEYR,NIT-AMM,Ammonia-nitrogen (as N),Total,,0.05,mg/l,False,0.05,,,LAC10-107-06-1J,IGS-GRAB,Actual,SW,Water,,,Clayton,07060004,River/Stream,,42.8441202,-91.59732742
6,15220014,Howard Creek @ Mouth (HOW10),08/01/2012 13:30:00,TURKEYR,NIT-AMM,Ammonia-nitrogen (as N),Total,,0.05,mg/l,False,0.05,,,LAC10-107-06-1J,IGS-GRAB,Actual,SW,Water,,,Clayton,07060004,River/Stream,,42.9300546,-91.38292282
6,15220045,Turkey River @ Hwy. 13 (TR28),08/01/2012 14:40:00,TURKEYR,NIT-AMM,Ammonia-nitrogen (as N),Total,,0.05,mg/l,False,0.05,,,LAC10-107-06-1J,IGS-GRAB,Actual,SW,Water,,,Clayton,07060004,River/Stream,,42.84321539,-91.40058452
6,15220011,Dry Mill Creek @ Grape Rd (DMI10),08/01/2012 15:00:00,TURKEYR,NIT-AMM,Ammonia-nitrogen (as N),Total,,0.05,mg/l,False,0.05,,,LAC10-107-06-1J,IGS-GRAB,Actual,SW,Water,,,Clayton,07060004,River/Stream,,42.84327492,-91.36969617
6,15220017,Roberts Creek @ Grape Rd (ROB10),08/01/2012 15:15:00,TURKEYR,NIT-AMM,Ammonia-nitrogen (as N),Total,,0.05,mg/l,False,0.05,,,LAC10-107-06-1J,IGS-GRAB,Actual,SW,Water,,,Clayton,07060004,River/Stream,,42.83952465,-91.37446914
6,15220045,Turkey River @ Hwy. 13 (TR28),09/05/2012 13:36:00,TURKEYR,NIT-AMM,Ammonia-nitrogen (as N),Total,,0.05,mg/l,False,0.05,,,LAC10-107-06-1J,IGS-GRAB,Actual,SW,Water,,,Clayton,07060004,River/Stream,,42.84321539,-91.40058452
6,15220014,Howard Creek @ Mouth (HOW10),09/05/2012 14:10:00,TURKEYR,NIT-AMM,Ammonia-nitrogen (as N),Total,,0.05,mg/l,False,0.05,,,LAC10-107-06-1J,IGS-GRAB,Actual,SW,Water,,,Clayton,07060004,River/Stream,,42.9300546,-91.38292282
6,15220019,Roberts Creek @ Dalmation Ave (ROB50),10/03/2012 10:15:00,TURKEYR,NIT-AMM,Ammonia-nitrogen (as N),Total,,0.05,mg/l,False,0.05,,,LAC10-107-06-1J,IGS-GRAB,Actual,SW,Water,,,Clayton,07060004,River/Stream,,42.95959549,-91.4562996
6,15220020,Turkey River @ Highway 52 (TR10),10/03/2012 11:30:00,TURKEYR,NIT-AMM,Ammonia-nitrogen (as N),Total,,0.05,mg/l,False,0.05,,,LAC10-107-06-1J,IGS-GRAB,Actual,SW,Water,,,Clayton,07060004,River/Stream,,42.70781335,-91.0757377
6,15220045,Turkey River @ Hwy. 13 (TR28),10/03/2012 14:05:00,TURKEYR,NIT-AMM,Ammonia-nitrogen (as N),Total,,0.05,mg/l,False,0.05,,,LAC10-107-06-1J,IGS-GRAB,Actual,SW,Water,,,Clayton,07060004,River/Stream,,42.84321539,-91.40058452
6,15220011,Dry Mill Creek @ Grape Rd (DMI10),10/03/2012 14:20:00,TURKEYR,NIT-AMM,Ammonia-nitrogen (as N),Total,,0.05,mg/l,False,0.05,,,LAC10-107-06-1J,IGS-GRAB,Actual,SW,Water,,,Clayton,07060004,River/Stream,,42.84327492,-91.36969617
6,15220013,Hewett Creek @ Crystal Road (HEW20),11/07/2012 08:00:00,TURKEYR,NIT-AMM,Ammonia-nitrogen (as N),Total,,0.05,mg/l,False,0.05,,,LAC10-107-06-1J,IGS-GRAB,Actual,SW,Water,,,Clayton,07060004,River/Stream,,42.78586318,-91.51847775
6,15220016,Mink Creek @ Aztec Road (MIN10),11/07/2012 08:15:00,TURKEYR,NIT-AMM,Ammonia-nitrogen (as N),Total,,0.05,mg/l,False,0.05,,,LAC10-107-06-1J,IGS-GRAB,Actual,SW,Water,,,Clayton,07060004,River/Stream,,42.8441202,-91.59732742
6,15220045,Turkey River @ Hwy. 13 (TR28),11/07/2012 13:15:00,TURKEYR,NIT-AMM,Ammonia-nitrogen (as N),Total,,0.05,mg/l,False,0.05,,,LAC10-107-06-1J,IGS-GRAB,Actual,SW,Water,,,Clayton,07060004,River/Stream,,42.84321539,-91.40058452
6,15220011,Dry Mill Creek @ Grape Rd (DMI10),11/07/2012 12:45:00,TURKEYR,NIT-AMM,Ammonia-nitrogen (as N),Total,,0.05,mg/l,False,0.05,,,LAC10-107-06-1J,IGS-GRAB,Actual,SW,Water,,,Clayton,07060004,River/Stream,,42.84327492,-91.36969617
6,15220012,Elk Creek @ Colesburg Rd/X3C (ELK10),11/07/2012 13:00:00,TURKEYR,NIT-AMM,Ammonia-nitrogen (as N),Total,,0.05,mg/l,False,0.05,,,LAC10-107-06-1J,IGS-GRAB,Actual,SW,Water,,,Clayton,07060004,River/Stream,,42.73331715,-91.28009598
6,15220017,Roberts Creek @ Grape Rd (ROB10),11/07/2012 13:00:00,TURKEYR,NIT-AMM,Ammonia-nitrogen (as N),Total,,0.05,mg/l,False,0.05,,,LAC10-107-06-1J,IGS-GRAB,Actual,SW,Water,,,Clayton,07060004,River/Stream,,42.83952465,-91.37446914
6,15220009,South Cedar Creek @ Lower Cedar Rd (CED10),06/05/2013 10:35:00,TURKEYR,NIT-AMM,Ammonia-nitrogen (AS N),Total,,0.06,mg/l,True,0.05,,,LAC10-107-06-1J,UHL001,Actual,SW,Water,,,Clayton,07060004,River/Stream,,42.74424922,-91.21535774
6,15220010,Cox Creek @ Highway 13 (COX20),06/05/2013 07:45:00,TURKEYR,NIT-AMM,Ammonia-nitrogen (AS N),Total,,0.05,mg/l,False,0.05,,,LAC10-107-06-1J,UHL001,Actual,SW,Water,,,Clayton,07060004,River/Stream,,42.76688423,-91.46209679
6,15220011,Dry Mill Creek @ Grape Rd (DMI10),06/05/2013 11:10:00,TURKEYR,NIT-AMM,Ammonia-nitrogen (AS N),Total,,0.05,mg/l,False,0.05,,,LAC10-107-06-1J,UHL001,Actual,SW,Water,,,Clayton,07060004,River/Stream,,42.84327492,-91.36969617
6,15220013,Hewett Creek @ Crystal Road (HEW20),06/05/2013 08:06:00,TURKEYR,NIT-AMM,Ammonia-nitrogen (AS N),Total,,0.05,mg/l,False,0.05,,,LAC10-107-06-1J,UHL001,Actual,SW,Water,,,Clayton,07060004,River/Stream,,42.78586318,-91.51847775
6,15220014,Howard Creek @ Mouth (HOW10),06/05/2013 09:35:00,TURKEYR,NIT-AMM,Ammonia-nitrogen (AS N),Total,,0.05,mg/l,False,0.05,,,LAC10-107-06-1J,UHL001,Actual,SW,Water,,,Clayton,07060004,River/Stream,,42.9300546,-91.38292282
6,15220015,Little Turkey River @ Highway 52 (LIT10),06/05/2013 09:45:00,TURKEYR,NIT-AMM,Ammonia-nitrogen (AS N),Total,,0.12,mg/l,True,0.05,,,LAC10-107-06-1J,UHL001,Actual,SW,Water,,,Clayton,07060004,River/Stream,,42.6987021,-91.07371173
6,15220017,Roberts Creek @ Grape Rd (ROB10),06/05/2013 11:20:00,TURKEYR,NIT-AMM,Ammonia-nitrogen (AS N),Total,,0.05,mg/l,False,0.05,,,LAC10-107-06-1J,UHL001,Actual,SW,Water,,,Clayton,07060004,River/Stream,,42.83952465,-91.37446914
6,15220019,Roberts Creek @ Dalmation Ave (ROB50),06/05/2013 09:10:00,TURKEYR,NIT-AMM,Ammonia-nitrogen (AS N),Total,,0.06,mg/l,True,0.05,,,LAC10-107-06-1J,UHL001,Actual,SW,Water,,,Clayton,07060004,River/Stream,,42.95959549,-91.4562996
6,15220045,Turkey River @ Hwy. 13 (TR28),06/05/2013 10:55:00,TURKEYR,NIT-AMM,Ammonia-nitrogen (AS N),Total,,0.05,mg/l,False,0.05,,,LAC10-107-06-1J,UHL001,Actual,SW,Water,,,Clayton,07060004,River/Stream,,42.84321539,-91.40058452
6,15220051,Unnamed Creek at 125th St (UNS25),07/10/2013 09:50:00,TURKEYR,NIT-AMM,Ammonia-nitrogen (AS N),Total,,0.05,mg/l,False,0.05,,,LAC10-107-06-1J,UHL001,Actual,SW,Water,,,Clayton,07060004,River/Stream,,43.04444686,-91.43104301
6,15220034,Unnamed Trib. to Silver Crk. @ Dolphin Ave (SC03),07/10/2013 10:10:00,TURKEYR,NIT-AMM,Ammonia-nitrogen (AS N),Total,,0.99,mg/l,True,0.05,,,LAC10-107-06-1J,UHL001,Actual,SW,Water,,,Clayton,07060004,River/Stream,,43.0342002,-91.4587066
6,15220009,South Cedar Creek @ Lower Cedar Rd (CED10),07/10/2013 12:10:00,TURKEYR,NIT-AMM,Ammonia-nitrogen (AS N),Total,,0.06,mg/l,True,0.05,,,LAC10-107-06-1J,UHL001,Actual,SW,Water,,,Clayton,07060004,River/Stream,,42.74424922,-91.21535774
6,15220010,Cox Creek @ Highway 13 (COX20),07/10/2013 09:10:00,TURKEYR,NIT-AMM,Ammonia-nitrogen (AS N),Total,,0.05,mg/l,False,0.05,,,LAC10-107-06-1J,UHL001,Actual,SW,Water,,,Clayton,07060004,River/Stream,,42.76688423,-91.46209679
6,15220013,Hewett Creek @ Crystal Road (HEW20),07/10/2013 08:50:00,TURKEYR,NIT-AMM,Ammonia-nitrogen (AS N),Total,,0.05,mg/l,False,0.05,,,LAC10-107-06-1J,UHL001,Actual,SW,Water,,,Clayton,07060004,River/Stream,,42.78586318,-91.51847775
6,15220014,Howard Creek @ Mouth (HOW10),07/10/2013 15:10:00,TURKEYR,NIT-AMM,Ammonia-nitrogen (AS N),Total,,0.05,mg/l,False,0.05,,,LAC10-107-06-1J,UHL001,Actual,SW,Water,,,Clayton,07060004,River/Stream,,42.9300546,-91.38292282
6,15220015,Little Turkey River @ Highway 52 (LIT10),07/10/2013 10:45:00,TURKEYR,NIT-AMM,Ammonia-nitrogen (AS N),Total,,0.38,mg/l,True,0.05,,,LAC10-107-06-1J,UHL001,Actual,SW,Water,,,Clayton,07060004,River/Stream,,42.6987021,-91.07371173
6,15220016,Mink Creek @ Aztec Road (MIN10),07/10/2013 08:20:00,TURKEYR,NIT-AMM,Ammonia-nitrogen (AS N),Total,,0.05,mg/l,False,0.05,,,LAC10-107-06-1J,UHL001,Actual,SW,Water,,,Clayton,07060004,River/Stream,,42.8441202,-91.59732742
6,15220019,Roberts Creek @ Dalmation Ave (ROB50),07/10/2013 11:05:00,TURKEYR,NIT-AMM,Ammonia-nitrogen (AS N),Total,,0.05,mg/l,False,0.05,,,LAC10-107-06-1J,UHL001,Actual,SW,Water,,,Clayton,07060004,River/Stream,,42.95959549,-91.4562996
6,15220020,Turkey River @ Highway 52 (TR10),07/10/2013 10:20:00,TURKEYR,NIT-AMM,Ammonia-nitrogen (AS N),Total,,0.05,mg/l,False,0.05,,,LAC10-107-06-1J,UHL001,Actual,SW,Water,,,Clayton,07060004,River/Stream,,42.70781335,-91.0757377
6,15220013,Hewett Creek @ Crystal Road (HEW20),08/07/2013 08:00:00,TURKEYR,NIT-AMM,Ammonia-nitrogen (AS N),Total,,0.05,mg/l,False,0.05,,,LAC10-107-06-1J,UHL001,Actual,SW,Water,,,Clayton,07060004,River/Stream,,42.78586318,-91.51847775
6,15220014,Howard Creek @ Mouth (HOW10),08/07/2013 10:30:00,TURKEYR,NIT-AMM,Ammonia-nitrogen (AS N),Total,,0.05,mg/l,True,0.05,,,LAC10-107-06-1J,UHL001,Actual,SW,Water,,,Clayton,07060004,River/Stream,,42.9300546,-91.38292282
6,15220017,Roberts Creek @ Grape Rd (ROB10),08/07/2013 09:55:00,TURKEYR,NIT-AMM,Ammonia-nitrogen (AS N),Total,,0.05,mg/l,False,0.05,,,LAC10-107-06-1J,UHL001,Actual,SW,Water,,,Clayton,07060004,River/Stream,,42.83952465,-91.37446914
6,15220019,Roberts Creek @ Dalmation Ave (ROB50),08/07/2013 09:00:00,TURKEYR,NIT-AMM,Ammonia-nitrogen (AS N),Total,,0.05,mg/l,False,0.05,,,LAC10-107-06-1J,UHL001,Actual,SW,Water,,,Clayton,07060004,River/Stream,,42.95959549,-91.4562996
6,15220020,Turkey River @ Highway 52 (TR10),08/07/2013 09:00:00,TURKEYR,NIT-AMM,Ammonia-nitrogen (AS N),Total,,0.05,mg/l,False,0.05,,,LAC10-107-06-1J,UHL001,Actual,SW,Water,,,Clayton,07060004,River/Stream,,42.70781335,-91.0757377
6,15220045,Turkey River @ Hwy. 13 (TR28),08/07/2013 09:26:00,TURKEYR,NIT-AMM,Ammonia-nitrogen (AS N),Total,,0.11,mg/l,True,0.05,,,LAC10-107-06-1J,UHL001,Actual,SW,Water,,,Clayton,07060004,River/Stream,,42.84321539,-91.40058452
6,15220051,Unnamed Creek at 125th St (UNS25),09/04/2013 08:30:00,TURKEYR,NIT-AMM,Ammonia-nitrogen (AS N),Total,,0.05,mg/l,False,0.05,,,LAC10-107-06-1J,UHL001,Actual,SW,Water,,,Clayton,07060004,River/Stream,,43.04444686,-91.43104301
6,15220009,South Cedar Creek @ Lower Cedar Rd (CED10),09/04/2013 14:30:00,TURKEYR,NIT-AMM,Ammonia-nitrogen (AS N),Total,,0.05,mg/l,False,0.05,,,LAC10-107-06-1J,UHL001,Actual,SW,Water,,,Clayton,07060004,River/Stream,,42.74424922,-91.21535774
6,15220010,Cox Creek @ Highway 13 (COX20),09/04/2013 07:30:00,TURKEYR,NIT-AMM,Ammonia-nitrogen (AS N),Total,,0.05,mg/l,False,0.05,,,LAC10-107-06-1J,UHL001,Actual,SW,Water,,,Clayton,07060004,River/Stream,,42.76688423,-91.46209679
6,15220011,Dry Mill Creek @ Grape Rd (DMI10),09/04/2013 09:15:00,TURKEYR,NIT-AMM,Ammonia-nitrogen (AS N),Total,,0.05,mg/l,False,0.05,,,LAC10-107-06-1J,UHL001,Actual,SW,Water,,,Clayton,07060004,River/Stream,,42.84327492,-91.36969617
6,15220012,Elk Creek @ Colesburg Rd/X3C (ELK10),09/04/2013 11:30:00,TURKEYR,NIT-AMM,Ammonia-nitrogen (AS N),Total,,0.05,mg/l,False,0.05,,,LAC10-107-06-1J,UHL001,Actual,SW,Water,,,Clayton,07060004,River/Stream,,42.73331715,-91.28009598
6,15220015,Little Turkey River @ Highway 52 (LIT10),09/04/2013 13:20:00,TURKEYR,NIT-AMM,Ammonia-nitrogen (AS N),Total,,0.05,mg/l,False,0.05,,,LAC10-107-06-1J,UHL001,Actual,SW,Water,,,Clayton,07060004,River/Stream,,42.6987021,-91.07371173
6,15220016,Mink Creek @ Aztec Road (MIN10),09/04/2013 07:55:00,TURKEYR,NIT-AMM,Ammonia-nitrogen (AS N),Total,,0.05,mg/l,False,0.05,,,LAC10-107-06-1J,UHL001,Actual,SW,Water,,,Clayton,07060004,River/Stream,,42.8441202,-91.59732742
6,15220019,Roberts Creek @ Dalmation Ave (ROB50),09/04/2013 10:50:00,TURKEYR,NIT-AMM,Ammonia-nitrogen (AS N),Total,,0.05,mg/l,False,0.05,,,LAC10-107-06-1J,UHL001,Actual,SW,Water,,,Clayton,07060004,River/Stream,,42.95959549,-91.4562996
6,15220045,Turkey River @ Hwy. 13 (TR28),09/04/2013 09:50:00,TURKEYR,NIT-AMM,Ammonia-nitrogen (AS N),Total,,0.05,mg/l,False,0.05,,,LAC10-107-06-1J,UHL001,Actual,SW,Water,,,Clayton,07060004,River/Stream,,42.84321539,-91.40058452
6,15220051,Unnamed Creek at 125th St (UNS25),10/16/2013 09:40:00,TURKEYR,NIT-AMM,Ammonia-nitrogen (AS N),Total,,0.05,mg/l,False,0.05,,,LAC10-107-06-1J,UHL001,Actual,SW,Water,,,Clayton,07060004,River/Stream,,43.04444686,-91.43104301
6,15220009,South Cedar Creek @ Lower Cedar Rd (CED10),10/16/2013 09:30:00,TURKEYR,NIT-AMM,Ammonia-nitrogen (AS N),Total,,0.05,mg/l,False,0.05,,,LAC10-107-06-1J,UHL001,Actual,SW,Water,,,Clayton,07060004,River/Stream,,42.74424922,-91.21535774
6,15220011,Dry Mill Creek @ Grape Rd (DMI10),10/16/2013 10:55:00,TURKEYR,NIT-AMM,Ammonia-nitrogen (AS N),Total,,0.05,mg/l,False,0.05,,,LAC10-107-06-1J,UHL001,Actual,SW,Water,,,Clayton,07060004,River/Stream,,42.84327492,-91.36969617
6,15220014,Howard Creek @ Mouth (HOW10),10/16/2013 10:30:00,TURKEYR,NIT-AMM,Ammonia-nitrogen (AS N),Total,,0.05,mg/l,False,0.05,,,LAC10-107-06-1J,UHL001,Actual,SW,Water,,,Clayton,07060004,River/Stream,,42.9300546,-91.38292282
6,15220015,Little Turkey River @ Highway 52 (LIT10),10/16/2013 10:00:00,TURKEYR,NIT-AMM,Ammonia-nitrogen (AS N),Total,,0.05,mg/l,False,0.05,,,LAC10-107-06-1J,UHL001,Actual,SW,Water,,,Clayton,07060004,River/Stream,,42.6987021,-91.07371173
6,10220003,Bloody Run Creek Site #1 (BR01),11/02/2010 10:30:00,AMBIENT,NIT-KJELD,Kjeldahl nitrogen (AS N),Total,,0.2,mg/l,True,0.1,,,351.2,UHL001,Actual,SW,Water,,,Clayton,07060001,River/Stream,,43.0404991,-91.2055504
6,10220003,Bloody Run Creek Site #1 (BR01),02/07/2011 09:20:00,AMBIENT,NIT-KJELD,Kjeldahl nitrogen (AS N),Total,,0.1,mg/l,True,0.1,,,351.2,UHL001,Actual,SW,Water,,,Clayton,07060001,River/Stream,,43.0404991,-91.2055504
6,10220003,Bloody Run Creek Site #1 (BR01),04/04/2011 09:45:00,AMBIENT,NIT-KJELD,Kjeldahl nitrogen (AS N),Total,,0.3,mg/l,True,0.1,,,351.2,UHL001,Actual,SW,Water,,,Clayton,07060001,River/Stream,,43.0404991,-91.2055504
6,10220003,Bloody Run Creek Site #1 (BR01),06/08/2011 10:00:00,AMBIENT,NIT-KJELD,Kjeldahl nitrogen (AS N),Total,,0.2,mg/l,True,0.1,,,351.2,UHL001,Actual,SW,Water,,,Clayton,07060001,River/Stream,,43.0404991,-91.2055504
6,10220003,Bloody Run Creek Site #1 (BR01),05/02/2011 10:00:00,AMBIENT,NIT-KJELD,Kjeldahl nitrogen (AS N),Total,,0.2,mg/l,True,0.1,,,351.2,UHL001,Actual,SW,Water,,,Clayton,07060001,River/Stream,,43.0404991,-91.2055504
6,10220003,Bloody Run Creek Site #1 (BR01),07/05/2011 10:30:00,AMBIENT,NIT-KJELD,Kjeldahl nitrogen (AS N),Total,,0.1,mg/l,True,0.1,,,351.2,UHL001,Actual,SW,Water,,,Clayton,07060001,River/Stream,,43.0404991,-91.2055504
6,10220003,Bloody Run Creek Site #1 (BR01),10/03/2011 09:45:00,AMBIENT,NIT-KJELD,Kjeldahl nitrogen (AS N),Total,,0.1,mg/l,False,0.1,,,351.2,UHL001,Actual,SW,Water,,,Clayton,07060001,River/Stream,,43.0404991,-91.2055504
6,10220003,Bloody Run Creek Site #1 (BR01),08/03/2011 10:00:00,AMBIENT,NIT-KJELD,Kjeldahl nitrogen (AS N),Total,,0.2,mg/l,True,0.1,,,351.2,UHL001,Actual,SW,Water,,,Clayton,07060001,River/Stream,,43.0404991,-91.2055504
6,10220003,Bloody Run Creek Site #1 (BR01),09/10/2012 10:10:00,AMBIENT,NIT-KJELD,Kjeldahl nitrogen (AS N),Total,,0.1,mg/l,False,0.1,,,LAC10-107-06-2E,UHL001,Actual,SW,Water,,,Clayton,07060001,River/Stream,,43.0404991,-91.2055504
6,10220003,Bloody Run Creek Site #1 (BR01),10/03/2012 10:20:00,AMBIENT,NIT-KJELD,Kjeldahl nitrogen (AS N),Total,,0.1,mg/l,False,0.1,,,LAC10-107-06-2E,UHL001,Actual,SW,Water,,,Clayton,07060001,River/Stream,,43.0404991,-91.2055504
6,10220003,Bloody Run Creek Site #1 (BR01),12/04/2012 10:45:00,AMBIENT,NIT-KJELD,Kjeldahl nitrogen (AS N),Total,,0.1,mg/l,False,0.1,,,LAC10-107-06-2E,UHL001,Actual,SW,Water,,,Clayton,07060001,River/Stream,,43.0404991,-91.2055504
6,10220003,Bloody Run Creek Site #1 (BR01),02/07/2013 11:15:00,AMBIENT,NIT-KJELD,Kjeldahl nitrogen (AS N),Total,,0.1,mg/l,False,0.1,,,LAC10-107-06-2E,UHL001,Actual,SW,Water,,,Clayton,07060001,River/Stream,,43.0404991,-91.2055504
6,10220003,Bloody Run Creek Site #1 (BR01),08/01/2012 10:45:00,AMBIENT,NIT-KJELD,Kjeldahl nitrogen (AS N),Total,,0.2,mg/l,True,0.1,,,LAC10-107-06-2E,UHL001,Actual,SW,Water,,,Clayton,07060001,River/Stream,,43.0404991,-91.2055504
6,10220003,Bloody Run Creek Site #1 (BR01),03/07/2013 09:50:00,AMBIENT,NIT-KJELD,Kjeldahl nitrogen (AS N),Total,,0.1,mg/l,False,0.1,,,LAC10-107-06-2E,UHL001,Actual,SW,Water,,,Clayton,07060001,River/Stream,,43.0404991,-91.2055504
6,10220003,Bloody Run Creek Site #1 (BR01),05/02/2013 11:15:00,AMBIENT,NIT-KJELD,Kjeldahl nitrogen (AS N),Total,,0.1,mg/l,True,0.1,,,LAC10-107-06-2E,UHL001,Actual,SW,Water,,,Clayton,07060001,River/Stream,,43.0404991,-91.2055504
6,10220003,Bloody Run Creek Site #1 (BR01),12/05/2013 10:15:00,AMBIENT,NIT-KJELD,Kjeldahl nitrogen (AS N),Total,,0.2,mg/l,True,0.1,,,LAC10-107-06-2E,UHL001,Actual,SW,Water,,,Clayton,07060001,River/Stream,,43.0404991,-91.2055504
6,10220003,Bloody Run Creek Site #1 (BR01),11/06/2013 09:00:00,AMBIENT,NIT-KJELD,Kjeldahl nitrogen (AS N),Total,,0.1,mg/l,False,0.1,,,LAC10-107-06-2E,UHL001,Actual,SW,Water,,,Clayton,07060001,River/Stream,,43.0404991,-91.2055504
6,10220003,Bloody Run Creek Site #1 (BR01),02/04/2014 09:10:00,AMBIENT,NIT-KJELD,Kjeldahl nitrogen (AS N),Total,,0.2,mg/l,True,0.1,,,LAC10-107-06-2E,UHL001,Actual,SW,Water,,,Clayton,07060001,River/Stream,,43.0404991,-91.2055504
6,10220003,Bloody Run Creek Site #1 (BR01),04/01/2014 08:40:00,AMBIENT,NIT-KJELD,Kjeldahl nitrogen (AS N),Total,,0.55,mg/l,True,0.1,,,LAC10-107-06-2E,UHL001,Actual,SW,Water,,,Clayton,07060001,River/Stream,,43.0404991,-91.2055504
6,10220003,Bloody Run Creek Site #1 (BR01),08/04/2014 10:30:00,AMBIENT,NIT-KJELD,Kjeldahl nitrogen (AS N),Total,,0.3,mg/l,True,0.1,,,LAC10-107-06-2E,UHL001,Actual,SW,Water,,,Clayton,07060001,River/Stream,,43.0404991,-91.2055504
6,10220003,Bloody Run Creek Site #1 (BR01),09/03/2014 10:00:00,AMBIENT,NIT-KJELD,Kjeldahl nitrogen (AS N),Total,,0.3,mg/l,True,0.1,,,LAC10-107-06-2E,UHL001,Actual,SW,Water,,,Clayton,07060001,River/Stream,,43.0404991,-91.2055504
6,10220003,Bloody Run Creek Site #1 (BR01),12/03/2014 08:50:00,AMBIENT,NIT-KJELD,Kjeldahl nitrogen (AS N),Total,,0.1,mg/l,False,0.1,,,LAC10-107-06-2E,UHL001,Actual,SW,Water,,,Clayton,07060001,River/Stream,,43.0404991,-91.2055504
6,10220003,Bloody Run Creek Site #1 (BR01),04/02/2015 08:35:00,AMBIENT,NIT-KJELD,Kjeldahl nitrogen (AS N),Total,,0.1,mg/l,False,0.1,,,LAC10-107-06-2E,UHL001,Actual,SW,Water,,,Clayton,07060001,River/Stream,,43.0404991,-91.2055504
6,10220003,Bloody Run Creek Site #1 (BR01),07/02/2015 07:50:00,AMBIENT,NIT-KJELD,Kjeldahl nitrogen (AS N),Total,,0.3,mg/l,True,0.1,,,LAC10-107-06-2E,UHL001,Actual,SW,Water,,,Clayton,07060001,River/Stream,,43.0404991,-91.2055504
6,10220003,Bloody Run Creek Site #1 (BR01),08/03/2015 09:00:00,AMBIENT,NIT-KJELD,Kjeldahl nitrogen (AS N),Total,,0.2,mg/l,True,0.1,,,LAC10-107-06-2E,UHL001,Actual,SW,Water,,,Clayton,07060001,River/Stream,,43.0404991,-91.2055504
6,11220008,Volga River at Littleport (32),04/02/2014 11:14:00,TURKEYR,NIT-KJELD,Kjeldahl nitrogen (AS N),Total,,0.98,mg/l,True,0.1,,,LAC10-107-06-2E,UHL001,Actual,SW,Water,,,Clayton,07060004,River/Stream,,42.7536427,-91.3691492
6,11220008,Volga River at Littleport (32),08/06/2014 10:23:00,TURKEYR,NIT-KJELD,Kjeldahl nitrogen (AS N),Total,,0.4,mg/l,True,0.1,,,LAC10-107-06-2E,UHL001,Actual,SW,Water,,,Clayton,07060004,River/Stream,,42.7536427,-91.3691492
6,11220008,Volga River at Littleport (32),07/09/2014 09:46:00,TURKEYR,NIT-KJELD,Kjeldahl nitrogen (AS N),Total,,0.6,mg/l,True,0.1,,,LAC10-107-06-2E,UHL001,Actual,SW,Water,,,Clayton,07060004,River/Stream,,42.7536427,-91.3691492
6,11220008,Volga River at Littleport (32),06/04/2014 11:22:00,TURKEYR,NIT-KJELD,Kjeldahl nitrogen (AS N),Total,,0.3,mg/l,True,0.1,,,LAC10-107-06-2E,UHL001,Actual,SW,Water,,,Clayton,07060004,River/Stream,,42.7536427,-91.3691492
6,10220003,Bloody Run Creek Site #1 (BR01),09/02/2015 11:15:00,AMBIENT,NIT-KJELD,Kjeldahl nitrogen (AS N),Total,,0.2,mg/l,True,0.1,,,LAC10-107-06-2E,UHL001,Actual,SW,Water,,,Clayton,07060001,River/Stream,,43.0404991,-91.2055504
6,11220008,Volga River at Littleport (32),09/03/2014 11:03:00,TURKEYR,NIT-KJELD,Kjeldahl nitrogen (AS N),Total,,0.6,mg/l,True,0.1,,,LAC10-107-06-2E,UHL001,Actual,SW,Water,,,Clayton,07060004,River/Stream,,42.7536427,-91.3691492
6,11220008,Volga River at Littleport (32),05/07/2014 08:05:00,TURKEYR,NIT-KJELD,Kjeldahl nitrogen (AS N),Total,,0.5,mg/l,True,0.1,,,LAC10-107-06-2E,UHL001,Actual,SW,Water,,,Clayton,07060004,River/Stream,,42.7536427,-91.3691492
6,11220008,Volga River at Littleport (32),11/05/2014 11:07:00,TURKEYR,NIT-KJELD,Kjeldahl nitrogen (AS N),Total,,0.3,mg/l,True,0.1,,,LAC10-107-06-2E,UHL001,Actual,SW,Water,,,Clayton,07060004,River/Stream,,42.7536427,-91.3691492
6,11220008,Volga River at Littleport (32),10/01/2014 09:41:00,TURKEYR,NIT-KJELD,Kjeldahl nitrogen (AS N),Total,,0.3,mg/l,True,0.1,,,LAC10-107-06-2E,UHL001,Actual,SW,Water,,,Clayton,07060004,River/Stream,,42.7536427,-91.3691492
6,10220003,Bloody Run Creek Site #1 (BR01),12/02/2015 10:00:00,AMBIENT,NIT-KJELD,Kjeldahl nitrogen (AS N),Total,,0.1,mg/l,False,0.1,,,LAC10-107-06-2E,UHL001,Actual,SW,Water,,,Clayton,07060001,River/Stream,,43.0404991,-91.2055504
6,10220003,Bloody Run Creek Site #1 (BR01),11/09/2015 09:45:00,AMBIENT,NIT-KJELD,Kjeldahl nitrogen (AS N),Total,,0.1,mg/l,False,0.1,,,LAC10-107-06-2E,UHL001,Actual,SW,Water,,,Clayton,07060001,River/Stream,,43.0404991,-91.2055504
6,10220003,Bloody Run Creek Site #1 (BR01),10/08/2015 09:00:00,AMBIENT,NIT-KJELD,Kjeldahl nitrogen (AS N),Total,,0.1,mg/l,False,0.1,,,LAC10-107-06-2E,UHL001,Actual,SW,Water,,,Clayton,07060001,River/Stream,,43.0404991,-91.2055504
6,10220003,Bloody Run Creek Site #1 (BR01),02/04/2016 10:50:00,AMBIENT,NIT-KJELD,Kjeldahl nitrogen (AS N),Total,,0.2,mg/l,True,0.1,,,LAC10-107-06-2E,UHL001,Actual,SW,Water,,,Clayton,07060001,River/Stream,,43.0404991,-91.2055504
6,10220003,Bloody Run Creek Site #1 (BR01),01/11/2016 10:50:00,AMBIENT,NIT-KJELD,Kjeldahl nitrogen (AS N),Total,,0.1,mg/l,False,0.1,,,LAC10-107-06-2E,UHL001,Actual,SW,Water,,,Clayton,07060001,River/Stream,,43.0404991,-91.2055504
6,10220003,Bloody Run Creek Site #1 (BR01),03/08/2016 08:30:00,AMBIENT,NIT-KJELD,Kjeldahl nitrogen (AS N),Total,,0.1,mg/l,False,0.1,,,LAC10-107-06-2E,UHL001,Actual,SW,Water,,,Clayton,07060001,River/Stream,,43.0404991,-91.2055504
6,10220003,Bloody Run Creek Site #1 (BR01),04/06/2016 08:40:00,AMBIENT,NIT-KJELD,Kjeldahl nitrogen (AS N),Total,,0.1,mg/l,False,0.1,,,LAC10-107-06-2E,UHL001,Actual,SW,Water,,,Clayton,07060001,River/Stream,,43.0404991,-91.2055504
6,10220003,Bloody Run Creek Site #1 (BR01),05/04/2016 10:05:00,AMBIENT,NIT-KJELD,Kjeldahl nitrogen (AS N),Total,,0.2,mg/l,True,0.1,,,LAC10-107-06-2E,UHL001,Actual,SW,Water,,,Clayton,07060001,River/Stream,,43.0404991,-91.2055504
6,10220003,Bloody Run Creek Site #1 (BR01),06/02/2016 10:10:00,AMBIENT,NIT-KJELD,Kjeldahl nitrogen (AS N),Total,,0.3,mg/l,True,0.1,,,LAC10-107-06-2E,UHL001,Actual,SW,Water,,,Clayton,07060001,River/Stream,,43.0404991,-91.2055504
6,10220003,Bloody Run Creek Site #1 (BR01),07/06/2016 10:50:00,AMBIENT,NIT-KJELD,Kjeldahl nitrogen (AS N),Total,,0.3,mg/l,True,0.1,,,LAC10-107-06-2E,UHL001,Actual,SW,Water,,,Clayton,07060001,River/Stream,,43.0404991,-91.2055504
6,10220003,Bloody Run Creek Site #1 (BR01),08/03/2016 10:00:00,AMBIENT,NIT-KJELD,Kjeldahl nitrogen (AS N),Total,,0.3,mg/l,True,0.1,,,LAC10-107-06-2E,UHL001,Actual,SW,Water,,,Clayton,07060001,River/Stream,,43.0404991,-91.2055504
6,10220003,Bloody Run Creek Site #1 (BR01),10/03/2016 08:50:00,AMBIENT,NIT-KJELD,Kjeldahl nitrogen (AS N),Total,,0.1,mg/l,False,0.1,,,LAC10-107-06-2E,UHL001,Actual,SW,Water,,,Clayton,07060001,River/Stream,,43.0404991,-91.2055504
6,10220003,Bloody Run Creek Site #1 (BR01),09/01/2016 09:50:00,AMBIENT,NIT-KJELD,Kjeldahl nitrogen (AS N),Total,,0.2,mg/l,True,0.1,,,LAC10-107-06-2E,UHL001,Actual,SW,Water,,,Clayton,07060001,River/Stream,,43.0404991,-91.2055504
6,10220003,Bloody Run Creek Site #1 (BR01),04/01/2003 10:00:00,AMBIENT,NIT-KJELD,Kjeldahl nitrogen (AS N),Total,,0.16,mg/l,True,0.05,,,Unknown,UHL001,Actual,SW,Water,,,Clayton,07060001,River/Stream,,43.0404991,-91.2055504
6,10220003,Bloody Run Creek Site #1 (BR01),02/04/2003 10:40:00,AMBIENT,NIT-KJELD,Kjeldahl nitrogen (AS N),Total,,0.24,mg/l,True,0.05,,,Unknown,UHL001,Actual,SW,Water,,,Clayton,07060001,River/Stream,,43.0404991,-91.2055504
6,10220003,Bloody Run Creek Site #1 (BR01),08/05/2003 09:45:00,AMBIENT,NIT-KJELD,Kjeldahl nitrogen (AS N),Total,,0.11,mg/l,True,0.05,,,Unknown,UHL001,Actual,SW,Water,,,Clayton,07060001,River/Stream,,43.0404991,-91.2055504
6,10220003,Bloody Run Creek Site #1 (BR01),06/03/2003 10:30:00,AMBIENT,NIT-KJELD,Kjeldahl nitrogen (AS N),Total,,0.23,mg/l,True,0.05,,,Unknown,UHL001,Actual,SW,Water,,,Clayton,07060001,River/Stream,,43.0404991,-91.2055504
6,10220003,Bloody Run Creek Site #1 (BR01),11/05/2002 13:40:00,AMBIENT,NIT-KJELD,Kjeldahl nitrogen (AS N),Total,,0.13,mg/l,True,0.05,,,Unknown,UHL001,Actual,SW,Water,,,Clayton,07060001,River/Stream,,43.0404991,-91.2055504
6,10220003,Bloody Run Creek Site #1 (BR01),09/02/2003 11:30:00,AMBIENT,NIT-KJELD,Kjeldahl nitrogen (AS N),Total,,0.25,mg/l,True,0.05,,,Unknown,UHL001,Actual,SW,Water,,,Clayton,07060001,River/Stream,,43.0404991,-91.2055504
6,10220003,Bloody Run Creek Site #1 (BR01),10/07/2003 10:10:00,AMBIENT,NIT-KJELD,Kjeldahl nitrogen (AS N),Total,,0.4,mg/l,True,0.05,,,Unknown,UHL001,Actual,SW,Water,,,Clayton,07060001,River/Stream,,43.0404991,-91.2055504
6,10220003,Bloody Run Creek Site #1 (BR01),11/04/2003 13:35:00,AMBIENT,NIT-KJELD,Kjeldahl nitrogen (AS N),Total,,0.4,mg/l,True,0.05,,,Unknown,UHL001,Actual,SW,Water,,,Clayton,07060001,River/Stream,,43.0404991,-91.2055504
6,10220003,Bloody Run Creek Site #1 (BR01),12/02/2003 10:00:00,AMBIENT,NIT-KJELD,Kjeldahl nitrogen (AS N),Total,,0.08,mg/l,True,0.05,,,Unknown,UHL001,Actual,SW,Water,,,Clayton,07060001,River/Stream,,43.0404991,-91.2055504
6,10220003,Bloody Run Creek Site #1 (BR01),02/03/2004 11:45:00,AMBIENT,NIT-KJELD,Kjeldahl nitrogen (AS N),Total,,0.26,mg/l,True,0.05,,,Unknown,UHL001,Actual,SW,Water,,,Clayton,07060001,River/Stream,,43.0404991,-91.2055504
6,10220003,Bloody Run Creek Site #1 (BR01),03/02/2004 10:20:00,AMBIENT,NIT-KJELD,Kjeldahl nitrogen (AS N),Total,,1.7,mg/l,True,0.05,,,Unknown,UHL001,Actual,SW,Water,,,Clayton,07060001,River/Stream,,43.0404991,-91.2055504
6,10220003,Bloody Run Creek Site #1 (BR01),05/04/2004 10:45:00,AMBIENT,NIT-KJELD,Kjeldahl nitrogen (AS N),Total,,0.22,mg/l,True,0.05,,,Unknown,UHL001,Actual,SW,Water,,,Clayton,07060001,River/Stream,,43.0404991,-91.2055504
6,10220003,Bloody Run Creek Site #1 (BR01),08/03/2004 10:55:00,AMBIENT,NIT-KJELD,Kjeldahl nitrogen (AS N),Total,,0.22,mg/l,True,0.05,,,Unknown,UHL001,Actual,SW,Water,,,Clayton,07060001,River/Stream,,43.0404991,-91.2055504
6,10220003,Bloody Run Creek Site #1 (BR01),10/05/2004 10:00:00,AMBIENT,NIT-KJELD,Kjeldahl nitrogen (AS N),Total,,0.13,mg/l,True,0.05,,,Unknown,UHL001,Actual,SW,Water,,,Clayton,07060001,River/Stream,,43.0404991,-91.2055504
6,10220003,Bloody Run Creek Site #1 (BR01),12/07/2004 10:10:00,AMBIENT,NIT-KJELD,Kjeldahl nitrogen (AS N),Total,,0.17,mg/l,True,0.05,,,Unknown,UHL001,Actual,SW,Water,,,Clayton,07060001,River/Stream,,43.0404991,-91.2055504
6,10220003,Bloody Run Creek Site #1 (BR01),11/09/2004 10:55:00,AMBIENT,NIT-KJELD,Kjeldahl nitrogen (AS N),Total,,0.17,mg/l,True,0.05,,,Unknown,UHL001,Actual,SW,Water,,,Clayton,07060001,River/Stream,,43.0404991,-91.2055504
6,10220003,Bloody Run Creek Site #1 (BR01),12/04/2001 09:50:00,AMBIENT,NIT-KJELD,Kjeldahl nitrogen (AS N),Total,,0.05,mg/l,False,0.05,,,Unknown,UHL001,Actual,SW,Water,,,Clayton,07060001,River/Stream,,43.0404991,-91.2055504
6,10220003,Bloody Run Creek Site #1 (BR01),04/02/2002 09:45:00,AMBIENT,NIT-KJELD,Kjeldahl nitrogen (AS N),Total,,0.05,mg/l,False,0.05,,,Unknown,UHL001,Actual,SW,Water,,,Clayton,07060001,River/Stream,,43.0404991,-91.2055504
6,10220003,Bloody Run Creek Site #1 (BR01),09/11/2002 10:00:00,AMBIENT,NIT-KJELD,Kjeldahl nitrogen (AS N),Total,,0.56,mg/l,True,0.05,,,Unknown,UHL001,Actual,SW,Water,,,Clayton,07060001,River/Stream,,43.0404991,-91.2055504
6,10220003,Bloody Run Creek Site #1 (BR01),12/03/2002 10:10:00,AMBIENT,NIT-KJELD,Kjeldahl nitrogen (AS N),Total,,0.12,mg/l,True,0.05,,,Unknown,UHL001,Actual,SW,Water,,,Clayton,07060001,River/Stream,,43.0404991,-91.2055504
6,10220003,Bloody Run Creek Site #1 (BR01),07/01/2002 12:40:00,AMBIENT,NIT-KJELD,Kjeldahl nitrogen (AS N),Total,,0.2,mg/l,True,0.05,,,Unknown,UHL001,Actual,SW,Water,,,Clayton,07060001,River/Stream,,43.0404991,-91.2055504
6,10220003,Bloody Run Creek Site #1 (BR01),02/05/2002 10:25:00,AMBIENT,NIT-KJELD,Kjeldahl nitrogen (AS N),Total,,0.05,mg/l,False,0.05,,,Unknown,UHL001,Actual,SW,Water,,,Clayton,07060001,River/Stream,,43.0404991,-91.2055504
6,10220003,Bloody Run Creek Site #1 (BR01),08/06/2002 09:45:00,AMBIENT,NIT-KJELD,Kjeldahl nitrogen (AS N),Total,,0.51,mg/l,True,0.05,,,Unknown,UHL001,Actual,SW,Water,,,Clayton,07060001,River/Stream,,43.0404991,-91.2055504
6,10220003,Bloody Run Creek Site #1 (BR01),04/05/2005 09:10:00,AMBIENT,NIT-KJELD,Kjeldahl nitrogen (AS N),Total,,0.17,mg/l,True,0.05,,,351.1,UHL001,Actual,SW,Water,,,Clayton,07060001,River/Stream,,43.0404991,-91.2055504
6,10220003,Bloody Run Creek Site #1 (BR01),03/01/2005 10:45:00,AMBIENT,NIT-KJELD,Kjeldahl nitrogen (AS N),Total,,0.35,mg/l,True,0.05,,,Unknown,UHL001,Actual,SW,Water,,,Clayton,07060001,River/Stream,,43.0404991,-91.2055504
6,10220003,Bloody Run Creek Site #1 (BR01),01/11/2005 11:10:00,AMBIENT,NIT-KJELD,Kjeldahl nitrogen (AS N),Total,,0.18,mg/l,True,0.05,,,Unknown,UHL001,Actual,SW,Water,,,Clayton,07060001,River/Stream,,43.0404991,-91.2055504
6,10220003,Bloody Run Creek Site #1 (BR01),05/03/2005 11:10:00,AMBIENT,NIT-KJELD,Kjeldahl nitrogen (AS N),Total,,0.1,mg/l,False,0.1,,,351.1,UHL001,Actual,SW,Water,,UHL QC testing has shown that TKN concentrations under 1 mg/L should be reported to 1 decimal place when using method LAC10-107-06-2E.,Clayton,07060001,River/Stream,,43.0404991,-91.2055504
6,10220003,Bloody Run Creek Site #1 (BR01),07/06/2005 10:20:00,AMBIENT,NIT-KJELD,Kjeldahl nitrogen (AS N),Total,,0.1,mg/l,False,0.1,,,351.2,UHL001,Actual,SW,Water,,UHL QC testing has shown that TKN concentrations under 1 mg/L should be reported to 1 decimal place when using method LAC10-107-06-2E.,Clayton,07060001,River/Stream,,43.0404991,-91.2055504
6,10220003,Bloody Run Creek Site #1 (BR01),11/01/2005 09:15:00,AMBIENT,NIT-KJELD,Kjeldahl nitrogen (AS N),Total,,0.1,mg/l,False,0.1,,,351.2,UHL001,Actual,SW,Water,,,Clayton,07060001,River/Stream,,43.0404991,-91.2055504
6,10220003,Bloody Run Creek Site #1 (BR01),08/02/2005 14:00:00,AMBIENT,NIT-KJELD,Kjeldahl nitrogen (AS N),Total,,0.1,mg/l,False,0.1,,,351.2,UHL001,Actual,SW,Water,,UHL QC testing has shown that TKN concentrations under 1 mg/L should be reported to 1 decimal place when using method LAC10-107-06-2E.,Clayton,07060001,River/Stream,,43.0404991,-91.2055504
6,10220003,Bloody Run Creek Site #1 (BR01),04/04/2006 10:00:00,AMBIENT,NIT-KJELD,Kjeldahl nitrogen (AS N),Total,,0.2,mg/l,True,0.1,,,351.2,UHL001,Actual,SW,Water,,,Clayton,07060001,River/Stream,,43.0404991,-91.2055504
6,10220003,Bloody Run Creek Site #1 (BR01),05/02/2006 09:40:00,AMBIENT,NIT-KJELD,Kjeldahl nitrogen (AS N),Total,,0.4,mg/l,True,0.1,,,351.2,UHL001,Actual,SW,Water,,,Clayton,07060001,River/Stream,,43.0404991,-91.2055504
6,10220003,Bloody Run Creek Site #1 (BR01),06/05/2006 09:00:00,AMBIENT,NIT-KJELD,Kjeldahl nitrogen (AS N),Total,,0.3,mg/l,True,0.1,,,351.2,UHL001,Actual,SW,Water,,,Clayton,07060001,River/Stream,,43.0404991,-91.2055504
6,10220003,Bloody Run Creek Site #1 (BR01),07/06/2006 12:05:00,AMBIENT,NIT-KJELD,Kjeldahl nitrogen (AS N),Total,,0.1,mg/l,False,0.1,,,351.2,UHL001,Actual,SW,Water,,,Clayton,07060001,River/Stream,,43.0404991,-91.2055504
6,10220003,Bloody Run Creek Site #1 (BR01),09/07/2006 10:50:00,AMBIENT,NIT-KJELD,Kjeldahl nitrogen (AS N),Total,,0.1,mg/l,True,0.1,,,351.2,UHL001,Actual,SW,Water,,,Clayton,07060001,River/Stream,,43.0404991,-91.2055504
6,10220003,Bloody Run Creek Site #1 (BR01),11/08/2006 09:45:00,AMBIENT,NIT-KJELD,Kjeldahl nitrogen (AS N),Total,,0.1,mg/l,False,0.1,,,351.2,UHL001,Actual,SW,Water,,,Clayton,07060001,River/Stream,,43.0404991,-91.2055504
6,10220003,Bloody Run Creek Site #1 (BR01),12/07/2006 09:30:00,AMBIENT,NIT-KJELD,Kjeldahl nitrogen (AS N),Total,,0.1,mg/l,True,0.1,,,351.2,UHL001,Actual,SW,Water,,,Clayton,07060001,River/Stream,,43.0404991,-91.2055504
6,10220003,Bloody Run Creek Site #1 (BR01),04/10/2007 09:40:00,AMBIENT,NIT-KJELD,Kjeldahl nitrogen (AS N),Total,,0.2,mg/l,True,0.1,,,351.2,UHL001,Actual,SW,Water,,,Clayton,07060001,River/Stream,,43.0404991,-91.2055504
6,10220003,Bloody Run Creek Site #1 (BR01),02/21/2007 09:45:00,AMBIENT,NIT-KJELD,Kjeldahl nitrogen (AS N),Total,,0.1,mg/l,False,0.1,,,351.2,UHL001,Actual,SW,Water,,,Clayton,07060001,River/Stream,,43.0404991,-91.2055504
6,10220003,Bloody Run Creek Site #1 (BR01),08/11/2009 11:45:00,AMBIENT,NIT-KJELD,Kjeldahl nitrogen (AS N),Total,,0.1,mg/l,False,0.1,,,351.2,UHL001,Actual,SW,Water,,,Clayton,07060001,River/Stream,,43.0404991,-91.2055504
6,10220003,Bloody Run Creek Site #1 (BR01),11/05/2009 10:30:00,AMBIENT,NIT-KJELD,Kjeldahl nitrogen (AS N),Total,,0.1,mg/l,True,0.1,,,351.2,UHL001,Actual,SW,Water,,,Clayton,07060001,River/Stream,,43.0404991,-91.2055504
6,10220003,Bloody Run Creek Site #1 (BR01),10/08/2009 10:20:00,AMBIENT,NIT-KJELD,Kjeldahl nitrogen (AS N),Total,,0.1,mg/l,True,0.1,,,351.2,UHL001,Actual,SW,Water,,,Clayton,07060001,River/Stream,,43.0404991,-91.2055504
6,10220003,Bloody Run Creek Site #1 (BR01),04/05/2010 10:00:00,AMBIENT,NIT-KJELD,Kjeldahl nitrogen (AS N),Total,,0.1,mg/l,False,0.1,,,351.2,UHL001,Actual,SW,Water,,,Clayton,07060001,River/Stream,,43.0404991,-91.2055504
6,10220003,Bloody Run Creek Site #1 (BR01),07/07/2010 10:15:00,AMBIENT,NIT-KJELD,Kjeldahl nitrogen (AS N),Total,,0.3,mg/l,True,0.1,,,351.2,UHL001,Actual,SW,Water,,,Clayton,07060001,River/Stream,,43.0404991,-91.2055504
6,10220003,Bloody Run Creek Site #1 (BR01),08/05/2010 10:00:00,AMBIENT,NIT-KJELD,Kjeldahl nitrogen (AS N),Total,,0.1,mg/l,False,0.1,,,351.2,UHL001,Actual,SW,Water,,,Clayton,07060001,River/Stream,,43.0404991,-91.2055504
6,10220003,Bloody Run Creek Site #1 (BR01),07/12/2007 09:20:00,AMBIENT,NIT-KJELD,Kjeldahl nitrogen (AS N),Total,,0.2,mg/l,True,0.1,,,351.2,UHL001,Actual,SW,Water,,,Clayton,07060001,River/Stream,,43.0404991,-91.2055504
6,10220003,Bloody Run Creek Site #1 (BR01),09/12/2007 10:10:00,AMBIENT,NIT-KJELD,Kjeldahl nitrogen (AS N),Total,,0.3,mg/l,True,0.1,,,351.2,UHL001,Actual,SW,Water,,,Clayton,07060001,River/Stream,,43.0404991,-91.2055504
6,10220003,Bloody Run Creek Site #1 (BR01),12/04/2007 10:10:00,AMBIENT,NIT-KJELD,Kjeldahl nitrogen (AS N),Total,,0.1,mg/l,True,0.1,,,351.2,UHL001,Actual,SW,Water,,,Clayton,07060001,River/Stream,,43.0404991,-91.2055504
6,10220003,Bloody Run Creek Site #1 (BR01),02/12/2008 09:45:00,AMBIENT,NIT-KJELD,Kjeldahl nitrogen (AS N),Total,,0.1,mg/l,False,0.1,,,351.2,UHL001,Actual,SW,Water,,,Clayton,07060001,River/Stream,,43.0404991,-91.2055504
6,10220003,Bloody Run Creek Site #1 (BR01),07/06/2009 12:30:00,AMBIENT,NIT-KJELD,Kjeldahl nitrogen (AS N),Total,,0.2,mg/l,True,0.1,,,351.2,UHL001,Actual,SW,Water,,,Clayton,07060001,River/Stream,,43.0404991,-91.2055504
6,10220003,Bloody Run Creek Site #1 (BR01),05/06/2009 10:15:00,AMBIENT,NIT-KJELD,Kjeldahl nitrogen (AS N),Total,,0.1,mg/l,False,0.1,,,351.2,UHL001,Actual,SW,Water,,,Clayton,07060001,River/Stream,,43.0404991,-91.2055504
6,10220003,Bloody Run Creek Site #1 (BR01),08/13/2008 08:30:00,AMBIENT,NIT-KJELD,Kjeldahl nitrogen (AS N),Total,,0.2,mg/l,True,0.1,,,351.2,UHL001,Actual,SW,Water,,,Clayton,07060001,River/Stream,,43.0404991,-91.2055504
6,10220003,Bloody Run Creek Site #1 (BR01),11/01/2016 10:50:00,AMBIENT,NIT-KJELD,Kjeldahl nitrogen (AS N),Total,,0.1,mg/l,False,0.1,,,LAC10-107-06-2E,UHL001,Actual,SW,Water,,,Clayton,07060001,River/Stream,,43.0404991,-91.2055504
6,10220003,Bloody Run Creek Site #1 (BR01),12/07/2016 10:30:00,AMBIENT,NIT-KJELD,Kjeldahl nitrogen (AS N),Total,,0.1,mg/l,False,0.1,,,LAC10-107-06-2E,UHL001,Actual,SW,Water,,,Clayton,07060001,River/Stream,,43.0404991,-91.2055504
6,10220003,Bloody Run Creek Site #1 (BR01),01/05/2017 10:35:00,AMBIENT,NIT-KJELD,Kjeldahl nitrogen (AS N),Total,,0.1,mg/l,False,0.1,,,LAC10-107-06-2E,UHL001,Actual,SW,Water,,,Clayton,07060001,River/Stream,,43.0404991,-91.2055504
6,10220003,Bloody Run Creek Site #1 (BR01),02/01/2017 09:55:00,AMBIENT,NIT-KJELD,Kjeldahl nitrogen (AS N),Total,,0.1,mg/l,False,0.1,,,LAC10-107-06-2E,UHL001,Actual,SW,Water,,,Clayton,07060001,River/Stream,,43.0404991,-91.2055504
6,10220003,Bloody Run Creek Site #1 (BR01),03/02/2017 10:20:00,AMBIENT,NIT-KJELD,Kjeldahl nitrogen (AS N),Total,,0.3,mg/l,True,0.1,,,LAC10-107-06-2E,UHL001,Actual,SW,Water,,,Clayton,07060001,River/Stream,,43.0404991,-91.2055504
6,10220003,Bloody Run Creek Site #1 (BR01),04/10/2017 09:35:00,AMBIENT,NIT-KJELD,Kjeldahl nitrogen (AS N),Total,,0.3,mg/l,True,0.1,,,LAC10-107-06-2E,UHL001,Actual,SW,Water,,,Clayton,07060001,River/Stream,,43.0404991,-91.2055504
6,10220003,Bloody Run Creek Site #1 (BR01),06/07/2017 08:20:00,AMBIENT,NIT-KJELD,Kjeldahl nitrogen (AS N),Total,,0.2,mg/l,True,0.1,,,LAC10-107-06-2E,UHL001,Actual,SW,Water,,,Clayton,07060001,River/Stream,,43.0404991,-91.2055504
6,10220003,Bloody Run Creek Site #1 (BR01),05/01/2017 10:25:00,AMBIENT,NIT-KJELD,Kjeldahl nitrogen (AS N),Total,,0.2,mg/l,True,0.1,,,LAC10-107-06-2E,UHL001,Actual,SW,Water,,,Clayton,07060001,River/Stream,,43.0404991,-91.2055504
6,10220003,Bloody Run Creek Site #1 (BR01),07/06/2017 09:50:00,AMBIENT,NIT-KJELD,Kjeldahl nitrogen (AS N),Total,,0.4,mg/l,True,0.1,,,LAC10-107-06-2E,UHL001,Actual,SW,Water,,,Clayton,07060001,River/Stream,,43.0404991,-91.2055504
6,10220003,Bloody Run Creek Site #1 (BR01),08/02/2017 09:10:00,AMBIENT,NIT-KJELD,Kjeldahl nitrogen (AS N),Total,,0.1,mg/l,False,0.1,,,LAC10-107-06-2E,UHL001,Actual,SW,Water,,,Clayton,07060001,River/Stream,,43.0404991,-91.2055504
6,10220003,Bloody Run Creek Site #1 (BR01),10/04/2017 10:20:00,AMBIENT,NIT-KJELD,Kjeldahl nitrogen (AS N),Total,,0.1,mg/l,True,0.1,,,LAC10-107-06-2E,UHL001,Actual,SW,Water,,,Clayton,07060001,River/Stream,,43.0404991,-91.2055504
6,10220003,Bloody Run Creek Site #1 (BR01),09/07/2017 10:30:00,AMBIENT,NIT-KJELD,Kjeldahl nitrogen (AS N),Total,,0.3,mg/l,True,0.1,,,LAC10-107-06-2E,UHL001,Actual,SW,Water,,,Clayton,07060001,River/Stream,,43.0404991,-91.2055504
6,10220003,Bloody Run Creek Site #1 (BR01),12/04/2017 10:30:00,AMBIENT,NIT-KJELD,Kjeldahl nitrogen (AS N),Total,,0.2,mg/l,True,0.1,,,LAC10-107-06-2E,UHL001,Actual,SW,Water,,,Clayton,07060001,River/Stream,,43.0404991,-91.2055504
6,10220003,Bloody Run Creek Site #1 (BR01),11/06/2017 10:30:00,AMBIENT,NIT-KJELD,Kjeldahl nitrogen (AS N),Total,,0.1,mg/l,False,0.1,,,LAC10-107-06-2E,UHL001,Actual,SW,Water,,,Clayton,07060001,River/Stream,,43.0404991,-91.2055504
6,10220003,Bloody Run Creek Site #1 (BR01),02/05/2018 09:10:00,AMBIENT,NIT-KJELD,Kjeldahl nitrogen (AS N),Total,,0.2,mg/l,True,0.1,,,LAC10-107-06-2E,UHL001,Actual,SW,Water,,,Clayton,07060001,River/Stream,,43.0404991,-91.2055504
6,10220003,Bloody Run Creek Site #1 (BR01),01/03/2018 10:50:00,AMBIENT,NIT-KJELD,Kjeldahl nitrogen (AS N),Total,,0.3,mg/l,True,0.1,,,LAC10-107-06-2E,UHL001,Actual,SW,Water,,,Clayton,07060001,River/Stream,,43.0404991,-91.2055504
6,10220003,Bloody Run Creek Site #1 (BR01),03/08/2018 11:35:00,AMBIENT,NIT-KJELD,Kjeldahl nitrogen (AS N),Total,,0.2,mg/l,True,0.1,,,LAC10-107-06-2E,UHL001,Actual,SW,Water,,,Clayton,07060001,River/Stream,,43.0404991,-91.2055504
6,10220003,Bloody Run Creek Site #1 (BR01),04/10/2018 09:30:00,AMBIENT,NIT-KJELD,Kjeldahl nitrogen (AS N),Total,,0.1,mg/l,False,0.1,,,LAC10-107-06-2E,UHL001,Actual,SW,Water,,,Clayton,07060001,River/Stream,,43.0404991,-91.2055504
6,10220003,Bloody Run Creek Site #1 (BR01),05/08/2018 09:40:00,AMBIENT,NIT-KJELD,Kjeldahl nitrogen (AS N),Total,,0.4,mg/l,True,0.1,,,LAC10-107-06-2E,UHL001,Actual,SW,Water,,,Clayton,07060001,River/Stream,,43.0404991,-91.2055504
6,10220003,Bloody Run Creek Site #1 (BR01),06/07/2018 10:15:00,AMBIENT,NIT-KJELD,Kjeldahl nitrogen (AS N),Total,,0.2,mg/l,True,0.1,,,LAC10-107-06-2E,UHL001,Actual,SW,Water,,,Clayton,07060001,River/Stream,,43.0404991,-91.2055504
6,10220003,Bloody Run Creek Site #1 (BR01),07/09/2018 10:20:00,AMBIENT,NIT-KJELD,Kjeldahl nitrogen (AS N),Total,,0.3,mg/l,True,0.1,,,LAC10-107-06-2E,UHL001,Actual,SW,Water,,,Clayton,07060001,River/Stream,,43.0404991,-91.2055504
6,10220003,Bloody Run Creek Site #1 (BR01),08/07/2018 10:00:00,AMBIENT,NIT-KJELD,Kjeldahl nitrogen (AS N),Total,,0.4,mg/l,True,0.1,,,LAC10-107-06-2E,UHL001,Actual,SW,Water,,,Clayton,07060001,River/Stream,,43.0404991,-91.2055504
6,10220003,Bloody Run Creek Site #1 (BR01),10/02/2018 10:25:00,AMBIENT,NIT-KJELD,Kjeldahl nitrogen (AS N),Total,,1.8,mg/l,True,0.1,,,LAC10-107-06-2E,UHL001,Actual,SW,Water,,,Clayton,07060001,River/Stream,,43.0404991,-91.2055504
6,10220003,Bloody Run Creek Site #1 (BR01),09/06/2018 10:30:00,AMBIENT,NIT-KJELD,Kjeldahl nitrogen (AS N),Total,,0.8,mg/l,True,0.1,,,LAC10-107-06-2E,UHL001,Actual,SW,Water,,,Clayton,07060001,River/Stream,,43.0404991,-91.2055504
6,10220003,Bloody Run Creek Site #1 (BR01),11/07/2018 10:10:00,AMBIENT,NIT-KJELD,Kjeldahl nitrogen (AS N),Total,,0.2,mg/l,True,0.1,,,LAC10-107-06-2E,UHL001,Actual,SW,Water,,"Corrected, view Note 1",Clayton,07060001,River/Stream,,43.0404991,-91.2055504
6,10220003,Bloody Run Creek Site #1 (BR01),01/07/2019 11:45:00,AMBIENT,NIT-KJELD,Kjeldahl nitrogen (AS N),Total,,1,mg/l,True,0.1,,,LAC 10-107-06-2M,UHL001,Actual,SW,Water,,"Corrected, view Note 1",Clayton,07060001,River/Stream,,43.0404991,-91.2055504
6,10220003,Bloody Run Creek Site #1 (BR01),12/05/2018 10:05:00,AMBIENT,NIT-KJELD,Kjeldahl nitrogen (AS N),Total,,0.1,mg/l,False,0.1,,,LAC10-107-06-2E,UHL001,Actual,SW,Water,,,Clayton,07060001,River/Stream,,43.0404991,-91.2055504
6,10220003,Bloody Run Creek Site #1 (BR01),02/07/2019 08:55:00,AMBIENT,NIT-KJELD,Kjeldahl nitrogen (AS N),Total,,0.4,mg/l,True,0.1,,,LAC 10-107-06-2M,UHL001,Actual,SW,Water,,,Clayton,07060001,River/Stream,,43.0404991,-91.2055504
6,10220003,Bloody Run Creek Site #1 (BR01),03/07/2019 09:40:00,AMBIENT,NIT-KJELD,Kjeldahl nitrogen (AS N),Total,,0.1,mg/l,True,0.1,,,LAC 10-107-06-2M,UHL001,Actual,SW,Water,,,Clayton,07060001,River/Stream,,43.0404991,-91.2055504
6,10220003,Bloody Run Creek Site #1 (BR01),04/04/2019 09:20:00,AMBIENT,NIT-KJELD,Kjeldahl nitrogen (AS N),Total,,0.2,mg/l,True,0.1,,,LAC 10-107-06-2M,UHL001,Actual,SW,Water,,,Clayton,07060001,River/Stream,,43.0404991,-91.2055504
6,10220003,Bloody Run Creek Site #1 (BR01),05/07/2019 09:20:00,AMBIENT,NIT-KJELD,Kjeldahl nitrogen (AS N),Total,,0.29,mg/l,True,0.1,,,LAC 10-107-06-2M,UHL001,Actual,SW,Water,,,Clayton,07060001,River/Stream,,43.0404991,-91.2055504
6,10220003,Bloody Run Creek Site #1 (BR01),06/05/2019 08:45:00,AMBIENT,NIT-KJELD,Kjeldahl nitrogen (AS N),Total,,1.2,mg/l,True,0.1,,,LAC 10-107-06-2M,UHL001,Actual,SW,Water,,,Clayton,07060001,River/Stream,,43.0404991,-91.2055504
6,10220003,Bloody Run Creek Site #1 (BR01),07/02/2019 10:30:00,AMBIENT,NIT-KJELD,Kjeldahl nitrogen (AS N),Total,,0.46,mg/l,True,0.1,,,LAC 10-107-06-2M,UHL001,Actual,SW,Water,,,Clayton,07060001,River/Stream,,43.0404991,-91.2055504
6,10220003,Bloody Run Creek Site #1 (BR01),08/08/2019 10:10:00,AMBIENT,NIT-KJELD,Kjeldahl nitrogen (AS N),Total,,0.26,mg/l,True,0.1,,,LAC 10-107-06-2M,UHL001,Actual,SW,Water,,,Clayton,07060001,River/Stream,,43.0404991,-91.2055504
6,10220003,Bloody Run Creek Site #1 (BR01),09/05/2019 09:15:00,AMBIENT,NIT-KJELD,Kjeldahl nitrogen (AS N),Total,,0.27,mg/l,True,0.1,,,LAC 10-107-06-2M,UHL001,Actual,SW,Water,,,Clayton,07060001,River/Stream,,43.0404991,-91.2055504
6,10220003,Bloody Run Creek Site #1 (BR01),10/02/2019 10:10:00,AMBIENT,NIT-KJELD,Kjeldahl nitrogen (AS N),Total,,2.1,mg/l,True,0.1,,,LAC 10-107-06-2M,UHL001,Actual,SW,Water,,,Clayton,07060001,River/Stream,,43.0404991,-91.2055504
6,10220003,Bloody Run Creek Site #1 (BR01),12/05/2019 10:40:00,AMBIENT,NIT-KJELD,Kjeldahl nitrogen (AS N),Total,,0.18,mg/l,True,0.1,,,LAC 10-107-06-2M,UHL001,Actual,SW,Water,,,Clayton,07060001,River/Stream,,43.0404991,-91.2055504
6,10220003,Bloody Run Creek Site #1 (BR01),11/05/2019 11:30:00,AMBIENT,NIT-KJELD,Kjeldahl nitrogen (AS N),Total,,0.21,mg/l,True,0.1,,,LAC 10-107-06-2M,UHL001,Actual,SW,Water,,,Clayton,07060001,River/Stream,,43.0404991,-91.2055504
6,10220003,Bloody Run Creek Site #1 (BR01),01/07/2020 11:40:00,AMBIENT,NIT-KJELD,Kjeldahl nitrogen (AS N),Total,,0.3,mg/l,True,0.1,,,LAC 10-107-06-2M,UHL001,Actual,SW,Water,,,Clayton,07060001,River/Stream,,43.0404991,-91.2055504
6,10220003,Bloody Run Creek Site #1 (BR01),02/04/2020 09:55:00,AMBIENT,NIT-KJELD,Kjeldahl nitrogen (AS N),Total,,0.12,mg/l,True,0.1,,,LAC 10-107-06-2M,UHL001,Actual,SW,Water,,,Clayton,07060001,River/Stream,,43.0404991,-91.2055504
6,10220003,Bloody Run Creek Site #1 (BR01),03/03/2020 11:40:00,AMBIENT,NIT-KJELD,Kjeldahl nitrogen (AS N),Total,,0.18,mg/l,True,0.1,,,LAC 10-107-06-2M,UHL001,Actual,SW,Water,,,Clayton,07060001,River/Stream,,43.0404991,-91.2055504
6,10220003,Bloody Run Creek Site #1 (BR01),04/07/2020 09:50:00,AMBIENT,NIT-KJELD,Kjeldahl nitrogen (AS N),Total,,0.23,mg/l,True,0.1,,,LAC 10-107-06-2M,UHL001,Actual,SW,Water,,,Clayton,07060001,River/Stream,,43.0404991,-91.2055504
6,10220003,Bloody Run Creek Site #1 (BR01),05/07/2020 11:10:00,AMBIENT,NIT-KJELD,Kjeldahl nitrogen (AS N),Total,,0.27,mg/l,True,0.1,,,LAC 10-107-06-2M,UHL001,Actual,SW,Water,,,Clayton,07060001,River/Stream,,43.0404991,-91.2055504
6,10220003,Bloody Run Creek Site #1 (BR01),06/04/2020 11:25:00,AMBIENT,NIT-KJELD,Kjeldahl nitrogen (AS N),Total,,0.68,mg/l,True,0.1,,,LAC 10-107-06-2M,UHL001,Actual,SW,Water,,,Clayton,07060001,River/Stream,,43.0404991,-91.2055504
6,10220003,Bloody Run Creek Site #1 (BR01),07/08/2020 11:30:00,AMBIENT,NIT-KJELD,Kjeldahl nitrogen (AS N),Total,,0.32,mg/l,True,0.1,,,LAC 10-107-06-2M,UHL001,Actual,SW,Water,,,Clayton,07060001,River/Stream,,43.0404991,-91.2055504
6,10220003,Bloody Run Creek Site #1 (BR01),08/06/2020 11:30:00,AMBIENT,NIT-KJELD,Kjeldahl nitrogen (AS N),Total,,0.25,mg/l,True,0.2,,,LAC 10-107-06-2M,UHL001,Actual,SW,Water,,,Clayton,07060001,River/Stream,,43.0404991,-91.2055504
6,11220014,Silver Creek at 172nd St. (Site SC04/SiCr1),03/07/2007 11:15:00,TMDL,NIT-KJELD,Kjeldahl nitrogen (AS N),Total,,2.4,mg/l,True,0.1,,,351.2,UHL001,Actual,SW,Water,,,Clayton,07060004,River/Stream,,42.973151,-91.441907
6,11220017,Silver Creek near Luana (Site SiCr4),03/21/2007 10:50:00,TMDL,NIT-KJELD,Kjeldahl nitrogen (AS N),Total,,1.1,mg/l,True,0.1,,,351.2,UHL001,Actual,SW,Water,,,Clayton,07060004,River/Stream,,43.016854,-91.46942
6,11220014,Silver Creek at 172nd St. (Site SC04/SiCr1),04/03/2007 09:00:00,TMDL,NIT-KJELD,Kjeldahl nitrogen (AS N),Total,,1.2,mg/l,True,0.1,,,351.2,UHL001,Actual,SW,Water,,,Clayton,07060004,River/Stream,,42.973151,-91.441907
6,11220018,Unnamed Tributary to Silver Creek near Luana (Site SiCr5),04/03/2007 10:30:00,TMDL,NIT-KJELD,Kjeldahl nitrogen (AS N),Total,,2.7,mg/l,True,0.1,,,351.2,UHL001,Actual,SW,Water,,,Clayton,07060004,River/Stream,,43.042488,-91.441209
6,11220017,Silver Creek near Luana (Site SiCr4),04/17/2007 10:55:00,TMDL,NIT-KJELD,Kjeldahl nitrogen (AS N),Total,,0.4,mg/l,True,0.1,,,351.2,UHL001,Actual,SW,Water,,,Clayton,07060004,River/Stream,,43.016854,-91.46942
6,11220018,Unnamed Tributary to Silver Creek near Luana (Site SiCr5),06/07/2007 10:45:00,TMDL,NIT-KJELD,Kjeldahl nitrogen (AS N),Total,,6,mg/l,True,0.1,,,351.2,UHL001,Actual,SW,Water,,,Clayton,07060004,River/Stream,,43.042488,-91.441209
6,11220014,Silver Creek at 172nd St. (Site SC04/SiCr1),06/07/2007 11:30:00,TMDL,NIT-KJELD,Kjeldahl nitrogen (AS N),Total,,0.9,mg/l,True,0.1,,,351.2,UHL001,Actual,SW,Water,,,Clayton,07060004,River/Stream,,42.973151,-91.441907
6,11220018,Unnamed Tributary to Silver Creek near Luana (Site SiCr5),06/20/2007 10:40:00,TMDL,NIT-KJELD,Kjeldahl nitrogen (AS N),Total,,9.7,mg/l,True,0.1,,,351.2,UHL001,Actual,SW,Water,,,Clayton,07060004,River/Stream,,43.042488,-91.441209
6,11220014,Silver Creek at 172nd St. (Site SC04/SiCr1),06/20/2007 11:30:00,TMDL,NIT-KJELD,Kjeldahl nitrogen (AS N),Total,,1.5,mg/l,True,0.1,,,351.2,UHL001,Actual,SW,Water,,,Clayton,07060004,River/Stream,,42.973151,-91.441907
6,11220014,Silver Creek at 172nd St. (Site SC04/SiCr1),09/06/2007 10:30:00,TMDL,NIT-KJELD,Kjeldahl nitrogen (AS N),Total,,0.9,mg/l,True,0.1,,,351.2,UHL001,Actual,SW,Water,,,Clayton,07060004,River/Stream,,42.973151,-91.441907
6,11220021,Creamery Effluent at Highway 52 near Luana,07/16/2008 11:00:00,TMDL,NIT-KJELD,Kjeldahl nitrogen (AS N),Total,,18,mg/l,True,0.1,,,351.2,UHL001,Actual,SW,Water,,,Clayton,07060004,River/Stream,,43.051165,-91.439633
6,11220014,Silver Creek at 172nd St. (Site SC04/SiCr1),07/31/2008 09:50:00,TMDL,NIT-KJELD,Kjeldahl nitrogen (AS N),Total,,0.7,mg/l,True,0.1,,,351.2,UHL001,Actual,SW,Water,,,Clayton,07060004,River/Stream,,42.973151,-91.441907
6,11220014,Silver Creek at 172nd St. (Site SC04/SiCr1),07/16/2008 12:15:00,TMDL,NIT-KJELD,Kjeldahl nitrogen (AS N),Total,,0.7,mg/l,True,0.1,,,351.2,UHL001,Actual,SW,Water,,,Clayton,07060004,River/Stream,,42.973151,-91.441907
6,11220021,Creamery Effluent at Highway 52 near Luana,07/31/2008 10:30:00,TMDL,NIT-KJELD,Kjeldahl nitrogen (AS N),Total,,13,mg/l,True,0.1,,,351.2,UHL001,Actual,SW,Water,,,Clayton,07060004,River/Stream,,43.051165,-91.439633
6,11220014,Silver Creek at 172nd St. (Site SC04/SiCr1),07/16/2008 11:50:00,TMDL,NIT-KJELD,Kjeldahl nitrogen (AS N),Total,,1.2,mg/l,True,0.1,,,351.2,UHL001,Actual,SW,Water,,,Clayton,07060004,River/Stream,,42.973151,-91.441907
6,11220018,Unnamed Tributary to Silver Creek near Luana (Site SiCr5),07/31/2008 10:10:00,TMDL,NIT-KJELD,Kjeldahl nitrogen (AS N),Total,,9.6,mg/l,True,0.1,,,351.2,UHL001,Actual,SW,Water,,,Clayton,07060004,River/Stream,,43.042488,-91.441209
6,11220018,Unnamed Tributary to Silver Creek near Luana (Site SiCr5),08/11/2008 10:00:00,TMDL,NIT-KJELD,Kjeldahl nitrogen (AS N),Total,,13,mg/l,True,0.1,,,351.2,UHL001,Actual,SW,Water,,,Clayton,07060004,River/Stream,,43.042488,-91.441209
6,11220014,Silver Creek at 172nd St. (Site SC04/SiCr1),08/11/2008 08:30:00,TMDL,NIT-KJELD,Kjeldahl nitrogen (AS N),Total,,0.7,mg/l,True,0.1,,,351.2,UHL001,Actual,SW,Water,,,Clayton,07060004,River/Stream,,42.973151,-91.441907
6,11220014,Silver Creek at 172nd St. (Site SC04/SiCr1),08/27/2008 08:25:00,TMDL,NIT-KJELD,Kjeldahl nitrogen (AS N),Total,,1.4,mg/l,True,0.1,,,351.2,UHL001,Actual,SW,Water,,,Clayton,07060004,River/Stream,,42.973151,-91.441907
6,11220022,Roberts Creek near Postville (site rob1),08/13/2008 08:50:00,TMDL,NIT-KJELD,Kjeldahl nitrogen (AS N),Total,,0.4,mg/l,True,0.1,,,351.2,UHL001,Actual,SW,Water,,,Clayton,07060004,River/Stream,,43.051131,-91.555721
6,11220021,Creamery Effluent at Highway 52 near Luana,09/11/2008 11:10:00,TMDL,NIT-KJELD,Kjeldahl nitrogen (AS N),Total,,11,mg/l,True,0.1,,,351.2,UHL001,Actual,SW,Water,,,Clayton,07060004,River/Stream,,43.051165,-91.439633
6,11220018,Unnamed Tributary to Silver Creek near Luana (Site SiCr5),08/27/2008 09:40:00,TMDL,NIT-KJELD,Kjeldahl nitrogen (AS N),Total,,8,mg/l,True,0.1,,,351.2,UHL001,Actual,SW,Water,,,Clayton,07060004,River/Stream,,43.042488,-91.441209
6,11220018,Unnamed Tributary to Silver Creek near Luana (Site SiCr5),09/11/2008 10:30:00,TMDL,NIT-KJELD,Kjeldahl nitrogen (AS N),Total,,8.4,mg/l,True,0.1,,,351.2,UHL001,Actual,SW,Water,,,Clayton,07060004,River/Stream,,43.042488,-91.441209
6,11220014,Silver Creek at 172nd St. (Site SC04/SiCr1),09/11/2008 09:10:00,TMDL,NIT-KJELD,Kjeldahl nitrogen (AS N),Total,,1.1,mg/l,True,0.1,,,351.2,UHL001,Actual,SW,Water,,,Clayton,07060004,River/Stream,,42.973151,-91.441907
6,11220014,Silver Creek at 172nd St. (Site SC04/SiCr1),09/24/2008 10:00:00,TMDL,NIT-KJELD,Kjeldahl nitrogen (AS N),Total,,3.7,mg/l,True,0.1,,,351.2,UHL001,Actual,SW,Water,,,Clayton,07060004,River/Stream,,42.973151,-91.441907
6,11220021,Creamery Effluent at Highway 52 near Luana,08/27/2008 10:30:00,TMDL,NIT-KJELD,Kjeldahl nitrogen (AS N),Total,,6.6,mg/l,True,0.1,,,351.2,UHL001,Actual,SW,Water,,,Clayton,07060004,River/Stream,,43.051165,-91.439633
6,11220014,Silver Creek at 172nd St. (Site SC04/SiCr1),09/24/2008 11:00:00,TMDL,NIT-KJELD,Kjeldahl nitrogen (AS N),Total,,0.8,mg/l,True,0.1,,,351.2,UHL001,Actual,SW,Water,,,Clayton,07060004,River/Stream,,42.973151,-91.441907
6,11220018,Unnamed Tributary to Silver Creek near Luana (Site SiCr5),10/07/2008 10:00:00,TMDL,NIT-KJELD,Kjeldahl nitrogen (AS N),Total,,6.7,mg/l,True,0.1,,,351.2,UHL001,Actual,SW,Water,,,Clayton,07060004,River/Stream,,43.042488,-91.441209
6,11220014,Silver Creek at 172nd St. (Site SC04/SiCr1),10/07/2008 08:40:00,TMDL,NIT-KJELD,Kjeldahl nitrogen (AS N),Total,,2.1,mg/l,True,0.1,,,351.2,UHL001,Actual,SW,Water,,,Clayton,07060004,River/Stream,,42.973151,-91.441907
6,11220013,Peck Creek near Osterdock (Site PeC2),03/30/2011 08:50:00,TMDL,NIT-KJELD,Kjeldahl nitrogen (AS N),Total,,0.1,mg/l,False,0.1,,,351.2,UHL001,Actual,SW,Water,,,Clayton,07060004,River/Stream,,42.714055,-91.153443
6,11220013,Peck Creek near Osterdock (Site PeC2),04/14/2011 10:30:00,TMDL,NIT-KJELD,Kjeldahl nitrogen (AS N),Total,,0.2,mg/l,True,0.1,,,351.2,UHL001,Actual,SW,Water,,,Clayton,07060004,River/Stream,,42.714055,-91.153443
6,11220017,Silver Creek near Luana (Site SiCr4),08/07/2006 13:30:00,TMDL,NIT-KJELD,Kjeldahl nitrogen (AS N),Total,,1.3,mg/l,True,0.1,,,351.2,UHL001,Actual,SW,Water,,,Clayton,07060004,River/Stream,,43.016854,-91.46942
6,11220014,Silver Creek at 172nd St. (Site SC04/SiCr1),08/07/2006 08:00:00,TMDL,NIT-KJELD,Kjeldahl nitrogen (AS N),Total,,8.1,mg/l,True,0.1,,,351.2,UHL001,Actual,SW,Water,,,Clayton,07060004,River/Stream,,42.973151,-91.441907
6,11220014,Silver Creek at 172nd St. (Site SC04/SiCr1),09/12/2006 04:55:00,TMDL,NIT-KJELD,Kjeldahl nitrogen (AS N),Total,,2.8,mg/l,True,0.1,,,351.2,UHL001,Actual,SW,Water,,,Clayton,07060004,River/Stream,,42.973151,-91.441907
6,11220017,Silver Creek near Luana (Site SiCr4),09/20/2006 11:25:00,TMDL,NIT-KJELD,Kjeldahl nitrogen (AS N),Total,,0.2,mg/l,True,0.1,,,351.2,UHL001,Actual,SW,Water,,,Clayton,07060004,River/Stream,,43.016854,-91.46942
6,11220017,Silver Creek near Luana (Site SiCr4),09/06/2006 12:45:00,TMDL,NIT-KJELD,Kjeldahl nitrogen (AS N),Total,,0.4,mg/l,True,0.1,,,351.2,UHL001,Actual,SW,Water,,,Clayton,07060004,River/Stream,,43.016854,-91.46942
6,11220014,Silver Creek at 172nd St. (Site SC04/SiCr1),01/08/2007 11:30:00,TMDL,NIT-KJELD,Kjeldahl nitrogen (AS N),Total,,1,mg/l,True,0.1,,,351.2,UHL001,Actual,SW,Water,,,Clayton,07060004,River/Stream,,42.973151,-91.441907
6,11220018,Unnamed Tributary to Silver Creek near Luana (Site SiCr5),01/08/2007 10:30:00,TMDL,NIT-KJELD,Kjeldahl nitrogen (AS N),Total,,11,mg/l,True,0.1,,,351.2,UHL001,Actual,SW,Water,,,Clayton,07060004,River/Stream,,43.042488,-91.441209
6,11220017,Silver Creek near Luana (Site SiCr4),02/14/2007 10:15:00,TMDL,NIT-KJELD,Kjeldahl nitrogen (AS N),Total,,0.3,mg/l,True,0.1,,,351.2,UHL001,Actual,SW,Water,,,Clayton,07060004,River/Stream,,43.016854,-91.46942
6,11220013,Peck Creek near Osterdock (Site PeC2),08/10/2006 13:50:00,TMDL,NIT-KJELD,Kjeldahl nitrogen (AS N),Total,,0.2,mg/l,True,0.1,,,351.2,UHL001,Actual,SW,Water,,,Clayton,07060004,River/Stream,,42.714055,-91.153443
6,11220016,Unnamed Trib. to Silver Creek at 145th St (Site SC06/SiCr3),06/29/2006 08:35:00,TMDL,NIT-KJELD,Kjeldahl nitrogen (AS N),Total,,1,mg/l,True,0.1,,,351.2,UHL001,Actual,SW,Water,,,Clayton,07060004,River/Stream,,43.015393,-91.459197
6,11220013,Peck Creek near Osterdock (Site PeC2),04/27/2011 13:15:00,TMDL,NIT-KJELD,Kjeldahl nitrogen (AS N),Total,,0.6,mg/l,True,0.1,,,351.2,UHL001,Actual,SW,Water,,,Clayton,07060004,River/Stream,,42.714055,-91.153443
6,11220013,Peck Creek near Osterdock (Site PeC2),06/08/2011 08:45:00,TMDL,NIT-KJELD,Kjeldahl nitrogen (AS N),Total,,0.1,mg/l,False,0.1,,,351.2,UHL001,Actual,SW,Water,,,Clayton,07060004,River/Stream,,42.714055,-91.153443
6,11220023,Peck Creek at Osterdock (site pecr3),06/08/2011 09:30:00,TMDL,NIT-KJELD,Kjeldahl nitrogen (AS N),Total,,0.1,mg/l,False,0.1,,,351.2,UHL001,Actual,SW,Water,,,Clayton,07060004,River/Stream,,42.695322,-91.166768
6,11220013,Peck Creek near Osterdock (Site PeC2),06/22/2011 11:15:00,TMDL,NIT-KJELD,Kjeldahl nitrogen (AS N),Total,,0.3,mg/l,True,0.1,,,351.2,UHL001,Actual,SW,Water,,,Clayton,07060004,River/Stream,,42.714055,-91.153443
6,11220023,Peck Creek at Osterdock (site pecr3),05/09/2011 08:45:00,TMDL,NIT-KJELD,Kjeldahl nitrogen (AS N),Total,,0.2,mg/l,True,0.1,,,351.2,UHL001,Actual,SW,Water,,,Clayton,07060004,River/Stream,,42.695322,-91.166768
6,11220013,Peck Creek near Osterdock (Site PeC2),05/26/2011 08:50:00,TMDL,NIT-KJELD,Kjeldahl nitrogen (AS N),Total,,0.1,mg/l,True,0.1,,,351.2,UHL001,Actual,SW,Water,,,Clayton,07060004,River/Stream,,42.714055,-91.153443
6,11220023,Peck Creek at Osterdock (site pecr3),07/11/2011 11:20:00,TMDL,NIT-KJELD,Kjeldahl nitrogen (AS N),Total,,0.2,mg/l,True,0.1,,,351.2,UHL001,Actual,SW,Water,,,Clayton,07060004,River/Stream,,42.695322,-91.166768
6,11220023,Peck Creek at Osterdock (site pecr3),07/25/2011 11:20:00,TMDL,NIT-KJELD,Kjeldahl nitrogen (AS N),Total,,0.1,mg/l,False,0.1,,,351.2,UHL001,Actual,SW,Water,,,Clayton,07060004,River/Stream,,42.695322,-91.166768
6,11220013,Peck Creek near Osterdock (Site PeC2),07/22/2011 11:44:00,TMDL,NIT-KJELD,Kjeldahl nitrogen (AS N),Total,,3.2,mg/l,True,0.1,,,351.2,UHL002,Actual,SW,Water,,,Clayton,07060004,River/Stream,,42.714055,-91.153443
6,11220013,Peck Creek near Osterdock (Site PeC2),07/22/2011 07:11:00,TMDL,NIT-KJELD,Kjeldahl nitrogen (AS N),Total,,7.2,mg/l,True,0.1,,,351.2,UHL002,Actual,SW,Water,,,Clayton,07060004,River/Stream,,42.714055,-91.153443
6,11220023,Peck Creek at Osterdock (site pecr3),08/08/2011 10:00:00,TMDL,NIT-KJELD,Kjeldahl nitrogen (AS N),Total,,0.1,mg/l,False,0.1,,,351.2,UHL001,Actual,SW,Water,,,Clayton,07060004,River/Stream,,42.695322,-91.166768
6,11220013,Peck Creek near Osterdock (Site PeC2),08/24/2011 10:30:00,TMDL,NIT-KJELD,Kjeldahl nitrogen (AS N),Total,,0.2,mg/l,True,0.1,,,351.2,UHL001,Actual,SW,Water,,,Clayton,07060004,River/Stream,,42.714055,-91.153443
6,11220013,Peck Creek near Osterdock (Site PeC2),08/08/2011 12:00:00,TMDL,NIT-KJELD,Kjeldahl nitrogen (AS N),Total,,0.1,mg/l,False,0.1,,,351.2,UHL001,Actual,SW,Water,,,Clayton,07060004,River/Stream,,42.714055,-91.153443
6,11220013,Peck Creek near Osterdock (Site PeC2),10/24/2011 09:50:00,TMDL,NIT-KJELD,Kjeldahl nitrogen (AS N),Total,,0.1,mg/l,True,0.1,,,351.2,UHL001,Actual,SW,Water,,,Clayton,07060004,River/Stream,,42.714055,-91.153443
6,11220013,Peck Creek near Osterdock (Site PeC2),10/11/2011 12:20:00,TMDL,NIT-KJELD,Kjeldahl nitrogen (AS N),Total,,0.1,mg/l,False,0.1,,,351.2,UHL001,Actual,SW,Water,,,Clayton,07060004,River/Stream,,42.714055,-91.153443
6,11220023,Peck Creek at Osterdock (site pecr3),09/07/2011 10:35:00,TMDL,NIT-KJELD,Kjeldahl nitrogen (AS N),Total,,0.1,mg/l,False,0.1,,,351.2,UHL001,Actual,SW,Water,,,Clayton,07060004,River/Stream,,42.695322,-91.166768
6,11220023,Peck Creek at Osterdock (site pecr3),09/22/2011 09:15:00,TMDL,NIT-KJELD,Kjeldahl nitrogen (AS N),Total,,0.1,mg/l,False,0.1,,,351.2,UHL001,Actual,SW,Water,,,Clayton,07060004,River/Stream,,42.695322,-91.166768
6,12220001,Miners Creek-Guttenburg,07/19/2012 07:30:00,TMDL,NIT-KJELD,Kjeldahl nitrogen (AS N),Total,,0.4,mg/l,True,0.1,,,LAC10-107-06-2E,UHL001,Actual,SW,Water,,,Clayton,07060004,River/Stream,,42.788189,-91.125629
6,12220011,Buck Creek-Garnavillo (S.E. near Ceres),08/11/2011 10:45:00,AMBBIO,NIT-KJELD,Kjeldahl nitrogen (AS N),Total,,0.1,mg/l,False,0.1,,,LAC10-107-06-2E,UHL001,Actual,SW,Water,,,Clayton,07060003,River/Stream,,42.8418987,-91.1678821
6,12220010,South Cedar Creek-Garnavillo-SoCed1,09/20/2011 09:15:00,AMBBIO,NIT-KJELD,Kjeldahl nitrogen (AS N),Total,,0.1,mg/l,False,0.1,,,LAC10-107-06-2E,UHL001,Actual,SW,Water,,,Clayton,07060004,River/Stream,,42.8298658,-91.2442284
6,12220011,Buck Creek-Garnavillo (S.E. near Ceres),09/20/2011 10:30:00,AMBBIO,NIT-KJELD,Kjeldahl nitrogen (AS N),Total,,0.5,mg/l,True,0.1,,,LAC10-107-06-2E,UHL001,Actual,SW,Water,,,Clayton,07060003,River/Stream,,42.8418987,-91.1678821
6,10220001,Turkey River near Garber,08/03/2015 07:55:00,AMBIENT,NIT-KJELD,Kjeldahl nitrogen (AS N),Total,,0.9,mg/l,True,0.1,,,LAC10-107-06-2E,UHL001,Actual,SW,Water,,,Clayton,07060004,River/Stream,,42.739547,-91.2619757
6,10220002,Volga River near Elkport,08/03/2015 07:10:00,AMBIENT,NIT-KJELD,Kjeldahl nitrogen (AS N),Total,,0.4,mg/l,True,0.1,,,LAC10-107-06-2E,UHL001,Actual,SW,Water,,,Clayton,07060004,River/Stream,,42.7497293,-91.2767798
6,10220001,Turkey River near Garber,04/02/2014 11:59:00,TURKEYR,NIT-KJELD,Kjeldahl nitrogen (AS N),Total,,1.6,mg/l,True,0.1,,,LAC10-107-06-2E,UHL001,Actual,SW,Water,,,Clayton,07060004,River/Stream,,42.739547,-91.2619757
6,10220001,Turkey River near Garber,08/06/2014 10:53:00,TURKEYR,NIT-KJELD,Kjeldahl nitrogen (AS N),Total,,0.5,mg/l,True,0.1,,,LAC10-107-06-2E,UHL001,Actual,SW,Water,,,Clayton,07060004,River/Stream,,42.739547,-91.2619757
6,10220001,Turkey River near Garber,07/09/2014 10:47:00,TURKEYR,NIT-KJELD,Kjeldahl nitrogen (AS N),Total,,0.7,mg/l,True,0.1,,,LAC10-107-06-2E,UHL001,Actual,SW,Water,,,Clayton,07060004,River/Stream,,42.739547,-91.2619757
6,10220001,Turkey River near Garber,06/04/2014 12:44:00,TURKEYR,NIT-KJELD,Kjeldahl nitrogen (AS N),Total,,0.4,mg/l,True,0.1,,,LAC10-107-06-2E,UHL001,Actual,SW,Water,,,Clayton,07060004,River/Stream,,42.739547,-91.2619757
6,10220002,Volga River near Elkport,09/02/2015 07:55:00,AMBIENT,NIT-KJELD,Kjeldahl nitrogen (AS N),Total,,0.5,mg/l,True,0.1,,,LAC10-107-06-2E,UHL001,Actual,SW,Water,,,Clayton,07060004,River/Stream,,42.7497293,-91.2767798
6,10220001,Turkey River near Garber,09/03/2014 12:30:00,TURKEYR,NIT-KJELD,Kjeldahl nitrogen (AS N),Total,,0.5,mg/l,True,0.1,,,LAC10-107-06-2E,UHL001,Actual,SW,Water,,,Clayton,07060004,River/Stream,,42.739547,-91.2619757
6,10220001,Turkey River near Garber,09/02/2015 07:40:00,AMBIENT,NIT-KJELD,Kjeldahl nitrogen (AS N),Total,,0.8,mg/l,True,0.1,,,LAC10-107-06-2E,UHL001,Actual,SW,Water,,,Clayton,07060004,River/Stream,,42.739547,-91.2619757
6,10220001,Turkey River near Garber,12/02/2015 09:10:00,AMBIENT,NIT-KJELD,Kjeldahl nitrogen (AS N),Total,,0.6,mg/l,True,0.1,,,LAC10-107-06-2E,UHL001,Actual,SW,Water,,,Clayton,07060004,River/Stream,,42.739547,-91.2619757
6,10220001,Turkey River near Garber,05/07/2014 08:58:00,TURKEYR,NIT-KJELD,Kjeldahl nitrogen (AS N),Total,,0.4,mg/l,True,0.1,,,LAC10-107-06-2E,UHL001,Actual,SW,Water,,,Clayton,07060004,River/Stream,,42.739547,-91.2619757
6,10220001,Turkey River near Garber,11/05/2014 12:40:00,TURKEYR,NIT-KJELD,Kjeldahl nitrogen (AS N),Total,,0.2,mg/l,True,0.1,,,LAC10-107-06-2E,UHL001,Actual,SW,Water,,,Clayton,07060004,River/Stream,,42.739547,-91.2619757
6,10220001,Turkey River near Garber,10/01/2014 10:34:00,TURKEYR,NIT-KJELD,Kjeldahl nitrogen (AS N),Total,,0.4,mg/l,True,0.1,,,LAC10-107-06-2E,UHL001,Actual,SW,Water,,,Clayton,07060004,River/Stream,,42.739547,-91.2619757
6,10220002,Volga River near Elkport,12/02/2015 08:50:00,AMBIENT,NIT-KJELD,Kjeldahl nitrogen (AS N),Total,,0.2,mg/l,True,0.1,,,LAC10-107-06-2E,UHL001,Actual,SW,Water,,,Clayton,07060004,River/Stream,,42.7497293,-91.2767798
6,10220002,Volga River near Elkport,11/09/2015 08:40:00,AMBIENT,NIT-KJELD,Kjeldahl nitrogen (AS N),Total,,0.4,mg/l,True,0.1,,,LAC10-107-06-2E,UHL001,Actual,SW,Water,,,Clayton,07060004,River/Stream,,42.7497293,-91.2767798
6,10220001,Turkey River near Garber,11/09/2015 09:00:00,AMBIENT,NIT-KJELD,Kjeldahl nitrogen (AS N),Total,,0.4,mg/l,True,0.1,,,LAC10-107-06-2E,UHL001,Actual,SW,Water,,,Clayton,07060004,River/Stream,,42.739547,-91.2619757
6,10220001,Turkey River near Garber,10/08/2015 08:00:00,AMBIENT,NIT-KJELD,Kjeldahl nitrogen (AS N),Total,,0.1,mg/l,False,0.1,,,LAC10-107-06-2E,UHL001,Actual,SW,Water,,,Clayton,07060004,River/Stream,,42.739547,-91.2619757
6,10220002,Volga River near Elkport,10/08/2015 07:45:00,AMBIENT,NIT-KJELD,Kjeldahl nitrogen (AS N),Total,,0.1,mg/l,False,0.1,,,LAC10-107-06-2E,UHL001,Actual,SW,Water,,,Clayton,07060004,River/Stream,,42.7497293,-91.2767798
6,10220002,Volga River near Elkport,01/11/2016 12:00:00,AMBIENT,NIT-KJELD,Kjeldahl nitrogen (AS N),Total,,0.1,mg/l,True,0.1,,,LAC10-107-06-2E,UHL001,Actual,SW,Water,,,Clayton,07060004,River/Stream,,42.7497293,-91.2767798
6,10220001,Turkey River near Garber,01/11/2016 11:45:00,AMBIENT,NIT-KJELD,Kjeldahl nitrogen (AS N),Total,,0.1,mg/l,True,0.1,,,LAC10-107-06-2E,UHL001,Actual,SW,Water,,,Clayton,07060004,River/Stream,,42.739547,-91.2619757
6,10220002,Volga River near Elkport,02/04/2016 12:00:00,AMBIENT,NIT-KJELD,Kjeldahl nitrogen (AS N),Total,,1,mg/l,True,0.1,,,LAC10-107-06-2E,UHL001,Actual,SW,Water,,,Clayton,07060004,River/Stream,,42.7497293,-91.2767798
6,10220001,Turkey River near Garber,02/04/2016 11:40:00,AMBIENT,NIT-KJELD,Kjeldahl nitrogen (AS N),Total,,0.4,mg/l,True,0.1,,,LAC10-107-06-2E,UHL001,Actual,SW,Water,,,Clayton,07060004,River/Stream,,42.739547,-91.2619757
6,10220001,Turkey River near Garber,03/08/2016 07:40:00,AMBIENT,NIT-KJELD,Kjeldahl nitrogen (AS N),Total,,0.1,mg/l,True,0.1,,,LAC10-107-06-2E,UHL001,Actual,SW,Water,,,Clayton,07060004,River/Stream,,42.739547,-91.2619757
6,10220002,Volga River near Elkport,03/08/2016 07:25:00,AMBIENT,NIT-KJELD,Kjeldahl nitrogen (AS N),Total,,0.1,mg/l,True,0.1,,,LAC10-107-06-2E,UHL001,Actual,SW,Water,,,Clayton,07060004,River/Stream,,42.7497293,-91.2767798
6,10220001,Turkey River near Garber,04/06/2016 07:45:00,AMBIENT,NIT-KJELD,Kjeldahl nitrogen (AS N),Total,,0.5,mg/l,True,0.1,,,LAC10-107-06-2E,UHL001,Actual,SW,Water,,,Clayton,07060004,River/Stream,,42.739547,-91.2619757
6,10220002,Volga River near Elkport,04/06/2016 07:20:00,AMBIENT,NIT-KJELD,Kjeldahl nitrogen (AS N),Total,,0.1,mg/l,True,0.1,,,LAC10-107-06-2E,UHL001,Actual,SW,Water,,,Clayton,07060004,River/Stream,,42.7497293,-91.2767798
6,10220002,Volga River near Elkport,05/04/2016 11:05:00,AMBIENT,NIT-KJELD,Kjeldahl nitrogen (AS N),Total,,0.6,mg/l,True,0.1,,,LAC10-107-06-2E,UHL001,Actual,SW,Water,,,Clayton,07060004,River/Stream,,42.7497293,-91.2767798
6,10220001,Turkey River near Garber,05/04/2016 10:50:00,AMBIENT,NIT-KJELD,Kjeldahl nitrogen (AS N),Total,,0.6,mg/l,True,0.1,,,LAC10-107-06-2E,UHL001,Actual,SW,Water,,,Clayton,07060004,River/Stream,,42.739547,-91.2619757
6,10220001,Turkey River near Garber,06/02/2016 11:00:00,AMBIENT,NIT-KJELD,Kjeldahl nitrogen (AS N),Total,,1.2,mg/l,True,0.1,,,LAC10-107-06-2E,UHL001,Actual,SW,Water,,,Clayton,07060004,River/Stream,,42.739547,-91.2619757
6,10220002,Volga River near Elkport,06/02/2016 11:15:00,AMBIENT,NIT-KJELD,Kjeldahl nitrogen (AS N),Total,,1.2,mg/l,True,0.1,,,LAC10-107-06-2E,UHL001,Actual,SW,Water,,,Clayton,07060004,River/Stream,,42.7497293,-91.2767798
6,10220002,Volga River near Elkport,07/06/2016 09:30:00,AMBIENT,NIT-KJELD,Kjeldahl nitrogen (AS N),Total,,0.5,mg/l,True,0.1,,,LAC10-107-06-2E,UHL001,Actual,SW,Water,,,Clayton,07060004,River/Stream,,42.7497293,-91.2767798
6,10220001,Turkey River near Garber,07/06/2016 09:50:00,AMBIENT,NIT-KJELD,Kjeldahl nitrogen (AS N),Total,,0.5,mg/l,True,0.1,,,LAC10-107-06-2E,UHL001,Actual,SW,Water,,,Clayton,07060004,River/Stream,,42.739547,-91.2619757
6,10220001,Turkey River near Garber,08/03/2016 08:50:00,AMBIENT,NIT-KJELD,Kjeldahl nitrogen (AS N),Total,,0.5,mg/l,True,0.1,,,LAC10-107-06-2E,UHL001,Actual,SW,Water,,,Clayton,07060004,River/Stream,,42.739547,-91.2619757
6,10220002,Volga River near Elkport,08/03/2016 00:00:00,AMBIENT,NIT-KJELD,Kjeldahl nitrogen (AS N),Total,,0.4,mg/l,True,0.1,,,LAC10-107-06-2E,UHL001,Actual,SW,Water,,,Clayton,07060004,River/Stream,,42.7497293,-91.2767798
6,10220001,Turkey River near Garber,09/01/2016 08:50:00,AMBIENT,NIT-KJELD,Kjeldahl nitrogen (AS N),Total,,0.6,mg/l,True,0.1,,,LAC10-107-06-2E,UHL001,Actual,SW,Water,,,Clayton,07060004,River/Stream,,42.739547,-91.2619757
6,10220001,Turkey River near Garber,12/07/1999 08:20:00,AMBIENT,NIT-KJELD,Kjeldahl nitrogen (AS N),Total,,0.2,mg/l,True,0.1,,,Unknown,UHL001,Actual,SW,Water,,,Clayton,07060004,River/Stream,,42.739547,-91.2619757
6,10220001,Turkey River near Garber,10/21/1999 08:50:00,AMBIENT,NIT-KJELD,Kjeldahl nitrogen (AS N),Total,,0.4,mg/l,True,0.1,,,Unknown,UHL001,Actual,SW,Water,,,Clayton,07060004,River/Stream,,42.739547,-91.2619757
6,10220001,Turkey River near Garber,01/13/2000 09:00:00,AMBIENT,NIT-KJELD,Kjeldahl nitrogen (AS N),Total,,0.1,mg/l,False,0.1,,,Unknown,UHL001,Actual,SW,Water,,,Clayton,07060004,River/Stream,,42.739547,-91.2619757
6,10220001,Turkey River near Garber,04/20/2000 09:15:00,AMBIENT,NIT-KJELD,Kjeldahl nitrogen (AS N),Total,,20,mg/l,True,0.1,,,Unknown,UHL001,Actual,SW,Water,,,Clayton,07060004,River/Stream,,42.739547,-91.2619757
6,10220001,Turkey River near Garber,05/16/2000 10:25:00,AMBIENT,NIT-KJELD,Kjeldahl nitrogen (AS N),Total,,0.9,mg/l,True,0.1,,,Unknown,UHL001,Actual,SW,Water,,,Clayton,07060004,River/Stream,,42.739547,-91.2619757
6,10220001,Turkey River near Garber,07/12/2000 10:35:00,AMBIENT,NIT-KJELD,Kjeldahl nitrogen (AS N),Total,,1.5,mg/l,True,0.1,,,Unknown,UHL001,Actual,SW,Water,,,Clayton,07060004,River/Stream,,42.739547,-91.2619757
6,10220001,Turkey River near Garber,09/20/2000 10:55:00,AMBIENT,NIT-KJELD,Kjeldahl nitrogen (AS N),Total,,0.1,mg/l,False,0.1,,,Unknown,UHL001,Actual,SW,Water,,,Clayton,07060004,River/Stream,,42.739547,-91.2619757
6,10220001,Turkey River near Garber,08/16/2000 13:05:00,AMBIENT,NIT-KJELD,Kjeldahl nitrogen (AS N),Total,,0.7,mg/l,True,0.1,,,Unknown,UHL001,Actual,SW,Water,,,Clayton,07060004,River/Stream,,42.739547,-91.2619757
6,10220001,Turkey River near Garber,09/12/2001 09:55:00,AMBIENT,NIT-KJELD,Kjeldahl nitrogen (AS N),Total,,1.1,mg/l,True,0.05,,,Unknown,UHL001,Actual,SW,Water,,,Clayton,07060004,River/Stream,,42.739547,-91.2619757
6,10220001,Turkey River near Garber,08/01/2001 12:55:00,AMBIENT,NIT-KJELD,Kjeldahl nitrogen (AS N),Total,,0.9,mg/l,True,0.1,,,Unknown,UHL001,Actual,SW,Water,,,Clayton,07060004,River/Stream,,42.739547,-91.2619757
6,10220001,Turkey River near Garber,11/09/2000 07:35:00,AMBIENT,NIT-KJELD,Kjeldahl nitrogen (AS N),Total,,0.6,mg/l,True,0.1,,,Unknown,UHL001,Actual,SW,Water,,,Clayton,07060004,River/Stream,,42.739547,-91.2619757
6,10220001,Turkey River near Garber,12/12/2000 10:20:00,AMBIENT,NIT-KJELD,Kjeldahl nitrogen (AS N),Total,,0.1,mg/l,True,0.1,,,Unknown,UHL001,Actual,SW,Water,,,Clayton,07060004,River/Stream,,42.739547,-91.2619757
6,10220001,Turkey River near Garber,04/09/2001 09:30:00,AMBIENT,NIT-KJELD,Kjeldahl nitrogen (AS N),Total,,2.4,mg/l,True,0.1,,,Unknown,UHL001,Actual,SW,Water,,,Clayton,07060004,River/Stream,,42.739547,-91.2619757
6,10220001,Turkey River near Garber,02/07/2001 09:25:00,AMBIENT,NIT-KJELD,Kjeldahl nitrogen (AS N),Total,,0.1,mg/l,False,0.1,,,Unknown,UHL001,Actual,SW,Water,,,Clayton,07060004,River/Stream,,42.739547,-91.2619757
6,10220001,Turkey River near Garber,02/05/2002 09:15:00,AMBIENT,NIT-KJELD,Kjeldahl nitrogen (AS N),Total,,0.05,mg/l,False,0.05,,,Unknown,UHL001,Actual,SW,Water,,,Clayton,07060004,River/Stream,,42.739547,-91.2619757
6,10220001,Turkey River near Garber,04/02/2002 08:45:00,AMBIENT,NIT-KJELD,Kjeldahl nitrogen (AS N),Total,,0.05,mg/l,False,0.05,,,Unknown,UHL001,Actual,SW,Water,,,Clayton,07060004,River/Stream,,42.739547,-91.2619757
6,10220001,Turkey River near Garber,08/06/2002 08:40:00,AMBIENT,NIT-KJELD,Kjeldahl nitrogen (AS N),Total,,1.1,mg/l,True,0.05,,,Unknown,UHL001,Actual,SW,Water,,,Clayton,07060004,River/Stream,,42.739547,-91.2619757
6,10220001,Turkey River near Garber,10/01/2002 10:15:00,AMBIENT,NIT-KJELD,Kjeldahl nitrogen (AS N),Total,,0.57,mg/l,True,0.05,,,Unknown,UHL001,Actual,SW,Water,,,Clayton,07060004,River/Stream,,42.739547,-91.2619757
6,10220001,Turkey River near Garber,01/02/2002 11:30:00,AMBIENT,NIT-KJELD,Kjeldahl nitrogen (AS N),Total,,0.05,mg/l,False,0.05,,,Unknown,UHL001,Actual,SW,Water,,,Clayton,07060004,River/Stream,,42.739547,-91.2619757
6,10220001,Turkey River near Garber,11/05/2002 16:25:00,AMBIENT,NIT-KJELD,Kjeldahl nitrogen (AS N),Total,,0.22,mg/l,True,0.05,,,Unknown,UHL001,Actual,SW,Water,,,Clayton,07060004,River/Stream,,42.739547,-91.2619757
6,10220001,Turkey River near Garber,12/03/2002 09:10:00,AMBIENT,NIT-KJELD,Kjeldahl nitrogen (AS N),Total,,0.24,mg/l,True,0.05,,,Unknown,UHL001,Actual,SW,Water,,,Clayton,07060004,River/Stream,,42.739547,-91.2619757
6,10220001,Turkey River near Garber,01/07/2003 09:00:00,AMBIENT,NIT-KJELD,Kjeldahl nitrogen (AS N),Total,,0.1,mg/l,True,0.05,,,Unknown,UHL001,Actual,SW,Water,,,Clayton,07060004,River/Stream,,42.739547,-91.2619757
6,10220001,Turkey River near Garber,03/04/2003 09:15:00,AMBIENT,NIT-KJELD,Kjeldahl nitrogen (AS N),Total,,0.39,mg/l,True,0.05,,,Unknown,UHL001,Actual,SW,Water,,,Clayton,07060004,River/Stream,,42.739547,-91.2619757
6,10220001,Turkey River near Garber,07/08/2003 08:55:00,AMBIENT,NIT-KJELD,Kjeldahl nitrogen (AS N),Total,,2.3,mg/l,True,0.05,,,Unknown,UHL001,Actual,SW,Water,,,Clayton,07060004,River/Stream,,42.739547,-91.2619757
6,10220001,Turkey River near Garber,09/02/2003 09:40:00,AMBIENT,NIT-KJELD,Kjeldahl nitrogen (AS N),Total,,0.97,mg/l,True,0.05,,,Unknown,UHL001,Actual,SW,Water,,,Clayton,07060004,River/Stream,,42.739547,-91.2619757
6,10220001,Turkey River near Garber,12/02/2003 09:00:00,AMBIENT,NIT-KJELD,Kjeldahl nitrogen (AS N),Total,,0.16,mg/l,True,0.05,,,Unknown,UHL001,Actual,SW,Water,,,Clayton,07060004,River/Stream,,42.739547,-91.2619757
6,10220001,Turkey River near Garber,02/03/2004 10:35:00,AMBIENT,NIT-KJELD,Kjeldahl nitrogen (AS N),Total,,0.18,mg/l,True,0.05,,,Unknown,UHL001,Actual,SW,Water,,,Clayton,07060004,River/Stream,,42.739547,-91.2619757
6,10220001,Turkey River near Garber,06/01/2004 08:50:00,AMBIENT,NIT-KJELD,Kjeldahl nitrogen (AS N),Total,,1.9,mg/l,True,0.05,,,Unknown,UHL001,Actual,SW,Water,,,Clayton,07060004,River/Stream,,42.739547,-91.2619757
6,10220001,Turkey River near Garber,07/06/2004 10:35:00,AMBIENT,NIT-KJELD,Kjeldahl nitrogen (AS N),Total,,14,mg/l,True,0.05,,,Unknown,UHL001,Actual,SW,Water,,,Clayton,07060004,River/Stream,,42.739547,-91.2619757
6,10220001,Turkey River near Garber,08/03/2004 10:15:00,AMBIENT,NIT-KJELD,Kjeldahl nitrogen (AS N),Total,,1,mg/l,True,0.05,,,Unknown,UHL001,Actual,SW,Water,,,Clayton,07060004,River/Stream,,42.739547,-91.2619757
6,10220001,Turkey River near Garber,09/07/2004 07:55:00,AMBIENT,NIT-KJELD,Kjeldahl nitrogen (AS N),Total,,0.65,mg/l,True,0.05,,,Unknown,UHL001,Actual,SW,Water,,,Clayton,07060004,River/Stream,,42.739547,-91.2619757
6,10220001,Turkey River near Garber,11/09/2004 09:25:00,AMBIENT,NIT-KJELD,Kjeldahl nitrogen (AS N),Total,,0.35,mg/l,True,0.05,,,Unknown,UHL001,Actual,SW,Water,,,Clayton,07060004,River/Stream,,42.739547,-91.2619757
6,10220001,Turkey River near Garber,02/08/2005 09:10:00,AMBIENT,NIT-KJELD,Kjeldahl nitrogen (AS N),Total,,4.1,mg/l,True,0.05,,,Unknown,UHL001,Actual,SW,Water,,,Clayton,07060004,River/Stream,,42.739547,-91.2619757
6,10220001,Turkey River near Garber,03/01/2005 09:45:00,AMBIENT,NIT-KJELD,Kjeldahl nitrogen (AS N),Total,,0.57,mg/l,True,0.05,,,Unknown,UHL001,Actual,SW,Water,,,Clayton,07060004,River/Stream,,42.739547,-91.2619757
6,10220001,Turkey River near Garber,04/05/2005 08:10:00,AMBIENT,NIT-KJELD,Kjeldahl nitrogen (AS N),Total,,0.36,mg/l,True,0.05,,,351.1,UHL001,Actual,SW,Water,,,Clayton,07060004,River/Stream,,42.739547,-91.2619757
6,10220001,Turkey River near Garber,08/02/2005 10:30:00,AMBIENT,NIT-KJELD,Kjeldahl nitrogen (AS N),Total,,1.2,mg/l,True,0.1,,,351.2,UHL001,Actual,SW,Water,,UHL QC testing has shown that TKN concentrations under 1 mg/L should be reported to 1 decimal place when using method LAC10-107-06-2E.,Clayton,07060004,River/Stream,,42.739547,-91.2619757
6,10220001,Turkey River near Garber,12/06/2005 10:15:00,AMBIENT,NIT-KJELD,Kjeldahl nitrogen (AS N),Total,,0.4,mg/l,True,0.1,,,351.2,UHL001,Actual,SW,Water,,,Clayton,07060004,River/Stream,,42.739547,-91.2619757
6,10220001,Turkey River near Garber,01/03/2006 09:50:00,AMBIENT,NIT-KJELD,Kjeldahl nitrogen (AS N),Total,,0.3,mg/l,True,0.1,,,351.2,UHL001,Actual,SW,Water,,,Clayton,07060004,River/Stream,,42.739547,-91.2619757
6,10220001,Turkey River near Garber,04/04/2006 09:00:00,AMBIENT,NIT-KJELD,Kjeldahl nitrogen (AS N),Total,,2.2,mg/l,True,0.1,,,351.2,UHL001,Actual,SW,Water,,,Clayton,07060004,River/Stream,,42.739547,-91.2619757
6,10220001,Turkey River near Garber,06/05/2006 08:10:00,AMBIENT,NIT-KJELD,Kjeldahl nitrogen (AS N),Total,,0.6,mg/l,True,0.1,,,351.2,UHL001,Actual,SW,Water,,,Clayton,07060004,River/Stream,,42.739547,-91.2619757
6,10220001,Turkey River near Garber,08/01/2006 07:40:00,AMBIENT,NIT-KJELD,Kjeldahl nitrogen (AS N),Total,,1,mg/l,True,0.1,,,351.2,UHL001,Actual,SW,Water,,,Clayton,07060004,River/Stream,,42.739547,-91.2619757
6,10220001,Turkey River near Garber,07/06/2006 06:40:00,AMBIENT,NIT-KJELD,Kjeldahl nitrogen (AS N),Total,,0.4,mg/l,True,0.1,,,351.2,UHL001,Actual,SW,Water,,,Clayton,07060004,River/Stream,,42.739547,-91.2619757
6,10220001,Turkey River near Garber,09/07/2006 13:25:00,AMBIENT,NIT-KJELD,Kjeldahl nitrogen (AS N),Total,,0.6,mg/l,True,0.1,,,351.2,UHL001,Actual,SW,Water,,,Clayton,07060004,River/Stream,,42.739547,-91.2619757
6,10220001,Turkey River near Garber,11/08/2006 08:40:00,AMBIENT,NIT-KJELD,Kjeldahl nitrogen (AS N),Total,,0.2,mg/l,True,0.1,,,351.2,UHL001,Actual,SW,Water,,,Clayton,07060004,River/Stream,,42.739547,-91.2619757
6,10220001,Turkey River near Garber,04/10/2007 08:35:00,AMBIENT,NIT-KJELD,Kjeldahl nitrogen (AS N),Total,,0.4,mg/l,True,0.1,,,351.2,UHL001,Actual,SW,Water,,,Clayton,07060004,River/Stream,,42.739547,-91.2619757
6,10220001,Turkey River near Garber,07/12/2007 08:30:00,AMBIENT,NIT-KJELD,Kjeldahl nitrogen (AS N),Total,,0.4,mg/l,True,0.1,,,351.2,UHL001,Actual,SW,Water,,,Clayton,07060004,River/Stream,,42.739547,-91.2619757
6,10220001,Turkey River near Garber,09/12/2007 09:10:00,AMBIENT,NIT-KJELD,Kjeldahl nitrogen (AS N),Total,,0.6,mg/l,True,0.1,,,351.2,UHL001,Actual,SW,Water,,,Clayton,07060004,River/Stream,,42.739547,-91.2619757
6,10220001,Turkey River near Garber,12/04/2007 09:20:00,AMBIENT,NIT-KJELD,Kjeldahl nitrogen (AS N),Total,,0.3,mg/l,True,0.1,,,351.2,UHL001,Actual,SW,Water,,,Clayton,07060004,River/Stream,,42.739547,-91.2619757
6,10220001,Turkey River near Garber,11/01/2007 10:40:00,AMBIENT,NIT-KJELD,Kjeldahl nitrogen (AS N),Total,,0.1,mg/l,False,0.1,,,351.2,UHL001,Actual,SW,Water,,,Clayton,07060004,River/Stream,,42.739547,-91.2619757
6,10220001,Turkey River near Garber,08/13/2008 07:20:00,AMBIENT,NIT-KJELD,Kjeldahl nitrogen (AS N),Total,,0.5,mg/l,True,0.1,,,351.2,UHL001,Actual,SW,Water,,,Clayton,07060004,River/Stream,,42.739547,-91.2619757
6,10220001,Turkey River near Garber,06/03/2008 07:45:00,AMBIENT,NIT-KJELD,Kjeldahl nitrogen (AS N),Total,,0.8,mg/l,True,0.1,,,351.2,UHL001,Actual,SW,Water,,,Clayton,07060004,River/Stream,,42.739547,-91.2619757
6,10220001,Turkey River near Garber,07/06/2009 13:20:00,AMBIENT,NIT-KJELD,Kjeldahl nitrogen (AS N),Total,,0.6,mg/l,True,0.1,,,351.2,UHL001,Actual,SW,Water,,,Clayton,07060004,River/Stream,,42.739547,-91.2619757
6,10220001,Turkey River near Garber,05/06/2009 09:05:00,AMBIENT,NIT-KJELD,Kjeldahl nitrogen (AS N),Total,,0.5,mg/l,True,0.1,,,351.2,UHL001,Actual,SW,Water,,,Clayton,07060004,River/Stream,,42.739547,-91.2619757
6,10220001,Turkey River near Garber,11/05/2009 09:15:00,AMBIENT,NIT-KJELD,Kjeldahl nitrogen (AS N),Total,,0.4,mg/l,True,0.1,,,351.2,UHL001,Actual,SW,Water,,,Clayton,07060004,River/Stream,,42.739547,-91.2619757
6,10220001,Turkey River near Garber,10/08/2009 09:30:00,AMBIENT,NIT-KJELD,Kjeldahl nitrogen (AS N),Total,,0.4,mg/l,True,0.1,,,351.2,UHL001,Actual,SW,Water,,,Clayton,07060004,River/Stream,,42.739547,-91.2619757
6,10220001,Turkey River near Garber,02/03/2010 09:15:00,AMBIENT,NIT-KJELD,Kjeldahl nitrogen (AS N),Total,,0.2,mg/l,True,0.1,,,351.2,UHL001,Actual,SW,Water,,,Clayton,07060004,River/Stream,,42.739547,-91.2619757
6,10220001,Turkey River near Garber,04/05/2010 09:10:00,AMBIENT,NIT-KJELD,Kjeldahl nitrogen (AS N),Total,,0.2,mg/l,True,0.1,,,351.2,UHL001,Actual,SW,Water,,,Clayton,07060004,River/Stream,,42.739547,-91.2619757
6,10220001,Turkey River near Garber,08/05/2010 08:50:00,AMBIENT,NIT-KJELD,Kjeldahl nitrogen (AS N),Total,,0.3,mg/l,True,0.1,,,351.2,UHL001,Actual,SW,Water,,,Clayton,07060004,River/Stream,,42.739547,-91.2619757
6,10220001,Turkey River near Garber,11/02/2010 09:40:00,AMBIENT,NIT-KJELD,Kjeldahl nitrogen (AS N),Total,,0.3,mg/l,True,0.1,,,351.2,UHL001,Actual,SW,Water,,,Clayton,07060004,River/Stream,,42.739547,-91.2619757
6,10220001,Turkey River near Garber,12/02/2010 09:30:00,AMBIENT,NIT-KJELD,Kjeldahl nitrogen (AS N),Total,,0.2,mg/l,True,0.1,,,351.2,UHL001,Actual,SW,Water,,,Clayton,07060004,River/Stream,,42.739547,-91.2619757
6,10220001,Turkey River near Garber,02/07/2011 08:20:00,AMBIENT,NIT-KJELD,Kjeldahl nitrogen (AS N),Total,,0.1,mg/l,False,0.1,,,351.2,UHL001,Actual,SW,Water,,,Clayton,07060004,River/Stream,,42.739547,-91.2619757
6,10220001,Turkey River near Garber,03/01/2011 08:45:00,AMBIENT,NIT-KJELD,Kjeldahl nitrogen (AS N),Total,,0.6,mg/l,True,0.1,,,351.2,UHL001,Actual,SW,Water,,,Clayton,07060004,River/Stream,,42.739547,-91.2619757
6,10220001,Turkey River near Garber,04/04/2011 08:30:00,AMBIENT,NIT-KJELD,Kjeldahl nitrogen (AS N),Total,,0.6,mg/l,True,0.1,,,351.2,UHL001,Actual,SW,Water,,,Clayton,07060004,River/Stream,,42.739547,-91.2619757
6,10220001,Turkey River near Garber,05/02/2011 09:00:00,AMBIENT,NIT-KJELD,Kjeldahl nitrogen (AS N),Total,,0.6,mg/l,True,0.1,,,351.2,UHL001,Actual,SW,Water,,,Clayton,07060004,River/Stream,,42.739547,-91.2619757
6,10220001,Turkey River near Garber,06/08/2011 09:10:00,AMBIENT,NIT-KJELD,Kjeldahl nitrogen (AS N),Total,,0.1,mg/l,True,0.1,,,351.2,UHL001,Actual,SW,Water,,,Clayton,07060004,River/Stream,,42.739547,-91.2619757
6,10220001,Turkey River near Garber,07/05/2011 09:00:00,AMBIENT,NIT-KJELD,Kjeldahl nitrogen (AS N),Total,,1.2,mg/l,True,0.1,,,351.2,UHL001,Actual,SW,Water,,,Clayton,07060004,River/Stream,,42.739547,-91.2619757
6,10220001,Turkey River near Garber,08/03/2011 09:00:00,AMBIENT,NIT-KJELD,Kjeldahl nitrogen (AS N),Total,,0.8,mg/l,True,0.1,,,351.2,UHL001,Actual,SW,Water,,,Clayton,07060004,River/Stream,,42.739547,-91.2619757
6,10220001,Turkey River near Garber,10/03/2011 08:45:00,AMBIENT,NIT-KJELD,Kjeldahl nitrogen (AS N),Total,,0.2,mg/l,True,0.1,,,351.2,UHL001,Actual,SW,Water,,,Clayton,07060004,River/Stream,,42.739547,-91.2619757
6,10220001,Turkey River near Garber,12/06/2011 09:15:00,AMBIENT,NIT-KJELD,Kjeldahl nitrogen (AS N),Total,,0.2,mg/l,True,0.1,,,351.2,UHL001,Actual,SW,Water,,,Clayton,07060004,River/Stream,,42.739547,-91.2619757
6,10220001,Turkey River near Garber,02/07/2012 08:30:00,AMBIENT,NIT-KJELD,Kjeldahl nitrogen (AS N),Total,,0.1,mg/l,False,0.1,,,LAC10-107-06-2E,UHL001,Actual,SW,Water,,,Clayton,07060004,River/Stream,,42.739547,-91.2619757
6,10220001,Turkey River near Garber,08/01/2012 09:18:00,AMBIENT,NIT-KJELD,Kjeldahl nitrogen (AS N),Total,,1.4,mg/l,True,0.1,,,LAC10-107-06-2E,UHL001,Actual,SW,Water,,,Clayton,07060004,River/Stream,,42.739547,-91.2619757
6,10220001,Turkey River near Garber,10/03/2012 09:30:00,AMBIENT,NIT-KJELD,Kjeldahl nitrogen (AS N),Total,,0.1,mg/l,False,0.1,,,LAC10-107-06-2E,UHL001,Actual,SW,Water,,,Clayton,07060004,River/Stream,,42.739547,-91.2619757
6,10220001,Turkey River near Garber,11/01/2012 09:00:00,AMBIENT,NIT-KJELD,Kjeldahl nitrogen (AS N),Total,,0.2,mg/l,True,0.1,,,LAC10-107-06-2E,UHL001,Actual,SW,Water,,,Clayton,07060004,River/Stream,,42.739547,-91.2619757
6,10220001,Turkey River near Garber,12/04/2012 09:45:00,AMBIENT,NIT-KJELD,Kjeldahl nitrogen (AS N),Total,,0.1,mg/l,False,0.1,,,LAC10-107-06-2E,UHL001,Actual,SW,Water,,,Clayton,07060004,River/Stream,,42.739547,-91.2619757
6,10220001,Turkey River near Garber,03/07/2012 08:10:00,AMBIENT,NIT-KJELD,Kjeldahl nitrogen (AS N),Total,,1.2,mg/l,True,0.1,,,LAC10-107-06-2E,UHL001,Actual,SW,Water,,,Clayton,07060004,River/Stream,,42.739547,-91.2619757
6,10220001,Turkey River near Garber,02/03/2015 08:30:00,AMBIENT,NIT-KJELD,Kjeldahl nitrogen (AS N),Total,,0.1,mg/l,False,0.1,,,LAC10-107-06-2E,UHL001,Actual,SW,Water,,,Clayton,07060004,River/Stream,,42.739547,-91.2619757
6,10220001,Turkey River near Garber,02/07/2013 12:10:00,AMBIENT,NIT-KJELD,Kjeldahl nitrogen (AS N),Total,,0.9,mg/l,True,0.1,,,LAC10-107-06-2E,UHL001,Actual,SW,Water,,,Clayton,07060004,River/Stream,,42.739547,-91.2619757
6,10220001,Turkey River near Garber,05/06/2015 07:05:00,AMBIENT,NIT-KJELD,Kjeldahl nitrogen (AS N),Total,,0.1,mg/l,False,0.1,,,LAC10-107-06-2E,UHL001,Actual,SW,Water,,,Clayton,07060004,River/Stream,,42.739547,-91.2619757
6,10220001,Turkey River near Garber,06/05/2013 08:45:00,AMBIENT,NIT-KJELD,Kjeldahl nitrogen (AS N),Total,,0.64,mg/l,True,0.1,,,LAC10-107-06-2E,UHL001,Actual,SW,Water,,,Clayton,07060004,River/Stream,,42.739547,-91.2619757
6,10220001,Turkey River near Garber,07/02/2013 07:20:00,AMBIENT,NIT-KJELD,Kjeldahl nitrogen (AS N),Total,,0.3,mg/l,True,0.1,,,LAC10-107-06-2E,UHL001,Actual,SW,Water,,,Clayton,07060004,River/Stream,,42.739547,-91.2619757
6,10220001,Turkey River near Garber,08/01/2013 12:15:00,AMBIENT,NIT-KJELD,Kjeldahl nitrogen (AS N),Total,,0.4,mg/l,True,0.1,,,LAC10-107-06-2E,UHL001,Actual,SW,Water,,,Clayton,07060004,River/Stream,,42.739547,-91.2619757
6,10220001,Turkey River near Garber,11/06/2013 08:00:00,AMBIENT,NIT-KJELD,Kjeldahl nitrogen (AS N),Total,,0.1,mg/l,False,0.1,,,LAC10-107-06-2E,UHL001,Actual,SW,Water,,,Clayton,07060004,River/Stream,,42.739547,-91.2619757
6,10220001,Turkey River near Garber,09/03/2014 11:00:00,AMBIENT,NIT-KJELD,Kjeldahl nitrogen (AS N),Total,,0.7,mg/l,True,0.1,,,LAC10-107-06-2E,UHL001,Actual,SW,Water,,,Clayton,07060004,River/Stream,,42.739547,-91.2619757
6,10220001,Turkey River near Garber,12/05/2013 09:15:00,AMBIENT,NIT-KJELD,Kjeldahl nitrogen (AS N),Total,,0.3,mg/l,True,0.1,,,LAC10-107-06-2E,UHL001,Actual,SW,Water,,,Clayton,07060004,River/Stream,,42.739547,-91.2619757
6,10220001,Turkey River near Garber,03/03/2014 09:20:00,AMBIENT,NIT-KJELD,Kjeldahl nitrogen (AS N),Total,,0.3,mg/l,True,0.1,,,LAC10-107-06-2E,UHL001,Actual,SW,Water,,,Clayton,07060004,River/Stream,,42.739547,-91.2619757
6,10220001,Turkey River near Garber,02/04/2014 08:10:00,AMBIENT,NIT-KJELD,Kjeldahl nitrogen (AS N),Total,,0.1,mg/l,False,0.1,,,LAC10-107-06-2E,UHL001,Actual,SW,Water,,,Clayton,07060004,River/Stream,,42.739547,-91.2619757
6,10220001,Turkey River near Garber,04/01/2014 07:50:00,AMBIENT,NIT-KJELD,Kjeldahl nitrogen (AS N),Total,,1.7,mg/l,True,0.1,,,LAC10-107-06-2E,UHL001,Actual,SW,Water,,,Clayton,07060004,River/Stream,,42.739547,-91.2619757
6,10220001,Turkey River near Garber,05/05/2014 08:50:00,AMBIENT,NIT-KJELD,Kjeldahl nitrogen (AS N),Total,,0.6,mg/l,True,0.1,,,LAC10-107-06-2E,UHL001,Actual,SW,Water,,,Clayton,07060004,River/Stream,,42.739547,-91.2619757
6,10220001,Turkey River near Garber,08/04/2014 09:20:00,AMBIENT,NIT-KJELD,Kjeldahl nitrogen (AS N),Total,,0.7,mg/l,True,0.1,,,LAC10-107-06-2E,UHL001,Actual,SW,Water,,,Clayton,07060004,River/Stream,,42.739547,-91.2619757
6,10220001,Turkey River near Garber,06/04/2012 08:10:00,AMBIENT,NIT-KJELD,Kjeldahl nitrogen (AS N),Total,,0.1,mg/l,True,0.1,,,LAC10-107-06-2E,UHL001,Actual,SW,Water,,,Clayton,07060004,River/Stream,,42.739547,-91.2619757
6,10220001,Turkey River near Garber,06/01/2015 09:50:00,AMBIENT,NIT-KJELD,Kjeldahl nitrogen (AS N),Total,,0.9,mg/l,True,0.1,,,LAC10-107-06-2E,UHL001,Actual,SW,Water,,,Clayton,07060004,River/Stream,,42.739547,-91.2619757
6,10220001,Turkey River near Garber,10/07/2014 09:45:00,AMBIENT,NIT-KJELD,Kjeldahl nitrogen (AS N),Total,,0.4,mg/l,True,0.1,,,LAC10-107-06-2E,UHL001,Actual,SW,Water,,,Clayton,07060004,River/Stream,,42.739547,-91.2619757
6,10220001,Turkey River near Garber,07/05/2012 08:25:00,AMBIENT,NIT-KJELD,Kjeldahl nitrogen (AS N),Total,,0.3,mg/l,True,0.1,,,LAC10-107-06-2E,UHL001,Actual,SW,Water,,,Clayton,07060004,River/Stream,,42.739547,-91.2619757
6,10220001,Turkey River near Garber,02/23/2000 10:35:00,AMBIENT,NIT-KJELD,Kjeldahl nitrogen (AS N),Total,,1.5,mg/l,True,0.1,,,Unknown,UHL001,Actual,SW,Water,,,Clayton,07060004,River/Stream,,42.739547,-91.2619757
6,10220001,Turkey River near Garber,03/05/2015 07:40:00,AMBIENT,NIT-KJELD,Kjeldahl nitrogen (AS N),Total,,0.1,mg/l,False,0.1,,,LAC10-107-06-2E,UHL001,Actual,SW,Water,,,Clayton,07060004,River/Stream,,42.739547,-91.2619757
6,10220001,Turkey River near Garber,06/14/2000 15:55:00,AMBIENT,NIT-KJELD,Kjeldahl nitrogen (AS N),Total,,2.1,mg/l,True,0.1,,,Unknown,UHL001,Actual,SW,Water,,,Clayton,07060004,River/Stream,,42.739547,-91.2619757
6,10220001,Turkey River near Garber,03/21/2000 12:15:00,AMBIENT,NIT-KJELD,Kjeldahl nitrogen (AS N),Total,,0.2,mg/l,True,0.1,,,Unknown,UHL001,Actual,SW,Water,,,Clayton,07060004,River/Stream,,42.739547,-91.2619757
6,10220001,Turkey River near Garber,11/08/1999 09:30:00,AMBIENT,NIT-KJELD,Kjeldahl nitrogen (AS N),Total,,1.7,mg/l,True,0.1,,,Unknown,UHL001,Actual,SW,Water,,,Clayton,07060004,River/Stream,,42.739547,-91.2619757
6,10220001,Turkey River near Garber,06/07/2001 09:25:00,AMBIENT,NIT-KJELD,Kjeldahl nitrogen (AS N),Total,,0.9,mg/l,True,0.1,,,Unknown,UHL001,Actual,SW,Water,,,Clayton,07060004,River/Stream,,42.739547,-91.2619757
6,10220001,Turkey River near Garber,10/09/2000 08:50:00,AMBIENT,NIT-KJELD,Kjeldahl nitrogen (AS N),Total,,0.3,mg/l,True,0.1,,,Unknown,UHL001,Actual,SW,Water,,,Clayton,07060004,River/Stream,,42.739547,-91.2619757
6,10220001,Turkey River near Garber,07/05/2001 09:10:00,AMBIENT,NIT-KJELD,Kjeldahl nitrogen (AS N),Total,,0.7,mg/l,True,0.1,,,Unknown,UHL001,Actual,SW,Water,,,Clayton,07060004,River/Stream,,42.739547,-91.2619757
6,10220001,Turkey River near Garber,01/09/2001 09:50:00,AMBIENT,NIT-KJELD,Kjeldahl nitrogen (AS N),Total,,0.1,mg/l,False,0.1,,,Unknown,UHL001,Actual,SW,Water,,,Clayton,07060004,River/Stream,,42.739547,-91.2619757
6,10220001,Turkey River near Garber,03/08/2001 08:50:00,AMBIENT,NIT-KJELD,Kjeldahl nitrogen (AS N),Total,,0.1,mg/l,False,0.1,,,Unknown,UHL001,Actual,SW,Water,,,Clayton,07060004,River/Stream,,42.739547,-91.2619757
6,10220001,Turkey River near Garber,05/03/2001 08:15:00,AMBIENT,NIT-KJELD,Kjeldahl nitrogen (AS N),Total,,4.4,mg/l,True,0.1,,,Unknown,UHL001,Actual,SW,Water,,,Clayton,07060004,River/Stream,,42.739547,-91.2619757
6,10220001,Turkey River near Garber,09/11/2002 12:30:00,AMBIENT,NIT-KJELD,Kjeldahl nitrogen (AS N),Total,,0.9,mg/l,True,0.05,,,Unknown,UHL001,Actual,SW,Water,,,Clayton,07060004,River/Stream,,42.739547,-91.2619757
6,10220001,Turkey River near Garber,10/02/2001 08:50:00,AMBIENT,NIT-KJELD,Kjeldahl nitrogen (AS N),Total,,0.46,mg/l,True,0.05,,,Unknown,UHL001,Actual,SW,Water,,,Clayton,07060004,River/Stream,,42.739547,-91.2619757
6,10220001,Turkey River near Garber,11/06/2001 09:00:00,AMBIENT,NIT-KJELD,Kjeldahl nitrogen (AS N),Total,,0.22,mg/l,True,0.05,,,Unknown,UHL001,Actual,SW,Water,,,Clayton,07060004,River/Stream,,42.739547,-91.2619757
6,10220001,Turkey River near Garber,12/04/2001 08:30:00,AMBIENT,NIT-KJELD,Kjeldahl nitrogen (AS N),Total,,0.05,mg/l,False,0.05,,,Unknown,UHL001,Actual,SW,Water,,,Clayton,07060004,River/Stream,,42.739547,-91.2619757
6,10220001,Turkey River near Garber,05/07/2002 11:15:00,AMBIENT,NIT-KJELD,Kjeldahl nitrogen (AS N),Total,,0.74,mg/l,True,0.05,,,Unknown,UHL001,Actual,SW,Water,,,Clayton,07060004,River/Stream,,42.739547,-91.2619757
6,10220001,Turkey River near Garber,06/04/2002 08:50:00,AMBIENT,NIT-KJELD,Kjeldahl nitrogen (AS N),Total,,19,mg/l,True,0.05,,,Unknown,UHL001,Actual,SW,Water,,,Clayton,07060004,River/Stream,,42.739547,-91.2619757
6,10220001,Turkey River near Garber,03/05/2002 10:20:00,AMBIENT,NIT-KJELD,Kjeldahl nitrogen (AS N),Total,,0.16,mg/l,True,0.05,,,Unknown,UHL001,Actual,SW,Water,,,Clayton,07060004,River/Stream,,42.739547,-91.2619757
6,10220001,Turkey River near Garber,07/01/2002 10:00:00,AMBIENT,NIT-KJELD,Kjeldahl nitrogen (AS N),Total,,1.4,mg/l,True,0.05,,,Unknown,UHL001,Actual,SW,Water,,,Clayton,07060004,River/Stream,,42.739547,-91.2619757
6,10220001,Turkey River near Garber,04/01/2003 08:55:00,AMBIENT,NIT-KJELD,Kjeldahl nitrogen (AS N),Total,,0.37,mg/l,True,0.05,,,Unknown,UHL001,Actual,SW,Water,,,Clayton,07060004,River/Stream,,42.739547,-91.2619757
6,10220001,Turkey River near Garber,02/04/2003 09:35:00,AMBIENT,NIT-KJELD,Kjeldahl nitrogen (AS N),Total,,0.15,mg/l,True,0.05,,,Unknown,UHL001,Actual,SW,Water,,,Clayton,07060004,River/Stream,,42.739547,-91.2619757
6,10220001,Turkey River near Garber,05/06/2003 08:25:00,AMBIENT,NIT-KJELD,Kjeldahl nitrogen (AS N),Total,,1.6,mg/l,True,0.05,,,Unknown,UHL001,Actual,SW,Water,,,Clayton,07060004,River/Stream,,42.739547,-91.2619757
6,10220001,Turkey River near Garber,06/03/2003 09:00:00,AMBIENT,NIT-KJELD,Kjeldahl nitrogen (AS N),Total,,0.43,mg/l,True,0.05,,,Unknown,UHL001,Actual,SW,Water,,,Clayton,07060004,River/Stream,,42.739547,-91.2619757
6,10220001,Turkey River near Garber,08/05/2003 08:55:00,AMBIENT,NIT-KJELD,Kjeldahl nitrogen (AS N),Total,,0.95,mg/l,True,0.05,,,Unknown,UHL001,Actual,SW,Water,,,Clayton,07060004,River/Stream,,42.739547,-91.2619757
6,10220001,Turkey River near Garber,10/07/2003 09:10:00,AMBIENT,NIT-KJELD,Kjeldahl nitrogen (AS N),Total,,0.46,mg/l,True,0.05,,,Unknown,UHL001,Actual,SW,Water,,,Clayton,07060004,River/Stream,,42.739547,-91.2619757
6,10220001,Turkey River near Garber,11/04/2003 16:30:00,AMBIENT,NIT-KJELD,Kjeldahl nitrogen (AS N),Total,,1.9,mg/l,True,0.05,,,Unknown,UHL001,Actual,SW,Water,,,Clayton,07060004,River/Stream,,42.739547,-91.2619757
6,10220001,Turkey River near Garber,01/06/2004 10:20:00,AMBIENT,NIT-KJELD,Kjeldahl nitrogen (AS N),Total,,0.29,mg/l,True,0.05,,,Unknown,UHL001,Actual,SW,Water,,,Clayton,07060004,River/Stream,,42.739547,-91.2619757
6,10220001,Turkey River near Garber,03/02/2004 09:15:00,AMBIENT,NIT-KJELD,Kjeldahl nitrogen (AS N),Total,,4.5,mg/l,True,0.05,,,Unknown,UHL001,Actual,SW,Water,,,Clayton,07060004,River/Stream,,42.739547,-91.2619757
6,10220001,Turkey River near Garber,04/06/2004 10:00:00,AMBIENT,NIT-KJELD,Kjeldahl nitrogen (AS N),Total,,0.41,mg/l,True,0.05,,,Unknown,UHL001,Actual,SW,Water,,,Clayton,07060004,River/Stream,,42.739547,-91.2619757
6,10220001,Turkey River near Garber,05/04/2004 09:45:00,AMBIENT,NIT-KJELD,Kjeldahl nitrogen (AS N),Total,,0.52,mg/l,True,0.05,,,Unknown,UHL001,Actual,SW,Water,,,Clayton,07060004,River/Stream,,42.739547,-91.2619757
6,10220001,Turkey River near Garber,10/05/2004 09:00:00,AMBIENT,NIT-KJELD,Kjeldahl nitrogen (AS N),Total,,0.29,mg/l,True,0.05,,,Unknown,UHL001,Actual,SW,Water,,,Clayton,07060004,River/Stream,,42.739547,-91.2619757
6,10220001,Turkey River near Garber,12/07/2004 09:05:00,AMBIENT,NIT-KJELD,Kjeldahl nitrogen (AS N),Total,,0.42,mg/l,True,0.05,,,Unknown,UHL001,Actual,SW,Water,,,Clayton,07060004,River/Stream,,42.739547,-91.2619757
6,10220001,Turkey River near Garber,01/11/2005 10:00:00,AMBIENT,NIT-KJELD,Kjeldahl nitrogen (AS N),Total,,0.3,mg/l,True,0.05,,,Unknown,UHL001,Actual,SW,Water,,,Clayton,07060004,River/Stream,,42.739547,-91.2619757
6,10220001,Turkey River near Garber,06/07/2005 09:30:00,AMBIENT,NIT-KJELD,Kjeldahl nitrogen (AS N),Total,,0.66,mg/l,True,0.1,,,351.1,UHL001,Actual,SW,Water,,UHL QC testing has shown that TKN concentrations under 1 mg/L should be reported to 1 decimal place when using method LAC10-107-06-2E.,Clayton,07060004,River/Stream,,42.739547,-91.2619757
6,10220001,Turkey River near Garber,05/03/2005 09:55:00,AMBIENT,NIT-KJELD,Kjeldahl nitrogen (AS N),Total,,0.47,mg/l,True,0.1,,,351.1,UHL001,Actual,SW,Water,,UHL QC testing has shown that TKN concentrations under 1 mg/L should be reported to 1 decimal place when using method LAC10-107-06-2E.,Clayton,07060004,River/Stream,,42.739547,-91.2619757
6,10220001,Turkey River near Garber,07/06/2005 11:30:00,AMBIENT,NIT-KJELD,Kjeldahl nitrogen (AS N),Total,,0.5,mg/l,True,0.1,,,351.2,UHL001,Actual,SW,Water,,UHL QC testing has shown that TKN concentrations under 1 mg/L should be reported to 1 decimal place when using method LAC10-107-06-2E.,Clayton,07060004,River/Stream,,42.739547,-91.2619757
6,10220001,Turkey River near Garber,09/05/2005 09:45:00,AMBIENT,NIT-KJELD,Kjeldahl nitrogen (AS N),Total,,0.4,mg/l,True,0.1,,,351.2,UHL001,Actual,SW,Water,,,Clayton,07060004,River/Stream,,42.739547,-91.2619757
6,10220001,Turkey River near Garber,10/11/2005 09:50:00,AMBIENT,NIT-KJELD,Kjeldahl nitrogen (AS N),Total,,0.4,mg/l,True,0.1,,,351.2,UHL001,Actual,SW,Water,,,Clayton,07060004,River/Stream,,42.739547,-91.2619757
6,10220001,Turkey River near Garber,11/01/2005 08:10:00,AMBIENT,NIT-KJELD,Kjeldahl nitrogen (AS N),Total,,0.2,mg/l,True,0.1,,,351.2,UHL001,Actual,SW,Water,,,Clayton,07060004,River/Stream,,42.739547,-91.2619757
6,10220001,Turkey River near Garber,02/07/2006 08:40:00,AMBIENT,NIT-KJELD,Kjeldahl nitrogen (AS N),Total,,0.3,mg/l,True,0.1,,,351.2,UHL001,Actual,SW,Water,,,Clayton,07060004,River/Stream,,42.739547,-91.2619757
6,10220001,Turkey River near Garber,03/07/2006 09:30:00,AMBIENT,NIT-KJELD,Kjeldahl nitrogen (AS N),Total,,0.2,mg/l,True,0.1,,,351.2,UHL001,Actual,SW,Water,,,Clayton,07060004,River/Stream,,42.739547,-91.2619757
6,10220001,Turkey River near Garber,10/04/2006 10:10:00,AMBIENT,NIT-KJELD,Kjeldahl nitrogen (AS N),Total,,0.3,mg/l,True,0.1,,,351.2,UHL001,Actual,SW,Water,,,Clayton,07060004,River/Stream,,42.739547,-91.2619757
6,10220001,Turkey River near Garber,05/02/2006 08:55:00,AMBIENT,NIT-KJELD,Kjeldahl nitrogen (AS N),Total,,1.1,mg/l,True,0.1,,,351.2,UHL001,Actual,SW,Water,,,Clayton,07060004,River/Stream,,42.739547,-91.2619757
6,10220001,Turkey River near Garber,12/07/2006 08:40:00,AMBIENT,NIT-KJELD,Kjeldahl nitrogen (AS N),Total,,0.5,mg/l,True,0.1,,,351.2,UHL001,Actual,SW,Water,,,Clayton,07060004,River/Stream,,42.739547,-91.2619757
6,10220001,Turkey River near Garber,01/04/2007 07:40:00,AMBIENT,NIT-KJELD,Kjeldahl nitrogen (AS N),Total,,1.2,mg/l,True,0.1,,,351.2,UHL001,Actual,SW,Water,,,Clayton,07060004,River/Stream,,42.739547,-91.2619757
6,10220001,Turkey River near Garber,02/21/2007 08:30:00,AMBIENT,NIT-KJELD,Kjeldahl nitrogen (AS N),Total,,0.3,mg/l,True,0.1,,,351.2,UHL001,Actual,SW,Water,,,Clayton,07060004,River/Stream,,42.739547,-91.2619757
6,10220001,Turkey River near Garber,03/13/2007 08:55:00,AMBIENT,NIT-KJELD,Kjeldahl nitrogen (AS N),Total,,4.8,mg/l,True,0.1,,,351.2,UHL001,Actual,SW,Water,,,Clayton,07060004,River/Stream,,42.739547,-91.2619757
6,10220001,Turkey River near Garber,05/08/2007 08:10:00,AMBIENT,NIT-KJELD,Kjeldahl nitrogen (AS N),Total,,0.3,mg/l,True,0.1,,,351.2,UHL001,Actual,SW,Water,,,Clayton,07060004,River/Stream,,42.739547,-91.2619757
6,10220001,Turkey River near Garber,06/13/2007 08:15:00,AMBIENT,NIT-KJELD,Kjeldahl nitrogen (AS N),Total,,0.8,mg/l,True,0.1,,,351.2,UHL001,Actual,SW,Water,,,Clayton,07060004,River/Stream,,42.739547,-91.2619757
6,10220001,Turkey River near Garber,08/02/2007 09:25:00,AMBIENT,NIT-KJELD,Kjeldahl nitrogen (AS N),Total,,1,mg/l,True,0.1,,,351.2,UHL001,Actual,SW,Water,,,Clayton,07060004,River/Stream,,42.739547,-91.2619757
6,10220001,Turkey River near Garber,10/09/2007 09:05:00,AMBIENT,NIT-KJELD,Kjeldahl nitrogen (AS N),Total,,0.9,mg/l,True,0.1,,,351.2,UHL001,Actual,SW,Water,,,Clayton,07060004,River/Stream,,42.739547,-91.2619757
6,10220001,Turkey River near Garber,01/03/2008 08:25:00,AMBIENT,NIT-KJELD,Kjeldahl nitrogen (AS N),Total,,0.3,mg/l,True,0.1,,,351.2,UHL001,Actual,SW,Water,,,Clayton,07060004,River/Stream,,42.739547,-91.2619757
6,10220001,Turkey River near Garber,02/12/2008 08:25:00,AMBIENT,NIT-KJELD,Kjeldahl nitrogen (AS N),Total,,0.3,mg/l,True,0.1,,,351.2,UHL001,Actual,SW,Water,,,Clayton,07060004,River/Stream,,42.739547,-91.2619757
6,10220001,Turkey River near Garber,03/10/2008 08:40:00,AMBIENT,NIT-KJELD,Kjeldahl nitrogen (AS N),Total,,0.4,mg/l,True,0.1,,,351.2,UHL001,Actual,SW,Water,,,Clayton,07060004,River/Stream,,42.739547,-91.2619757
6,10220001,Turkey River near Garber,04/09/2008 08:15:00,AMBIENT,NIT-KJELD,Kjeldahl nitrogen (AS N),Total,,0.5,mg/l,True,0.1,,,351.2,UHL001,Actual,SW,Water,,,Clayton,07060004,River/Stream,,42.739547,-91.2619757
6,10220001,Turkey River near Garber,05/07/2008 08:30:00,AMBIENT,NIT-KJELD,Kjeldahl nitrogen (AS N),Total,,1,mg/l,True,0.1,,,351.2,UHL001,Actual,SW,Water,,,Clayton,07060004,River/Stream,,42.739547,-91.2619757
6,10220001,Turkey River near Garber,07/09/2008 08:25:00,AMBIENT,NIT-KJELD,Kjeldahl nitrogen (AS N),Total,,1.6,mg/l,True,0.1,,,351.2,UHL001,Actual,SW,Water,,,Clayton,07060004,River/Stream,,42.739547,-91.2619757
6,10220001,Turkey River near Garber,06/10/2009 09:20:00,AMBIENT,NIT-KJELD,Kjeldahl nitrogen (AS N),Total,,0.6,mg/l,True,0.1,,,351.2,UHL001,Actual,SW,Water,,,Clayton,07060004,River/Stream,,42.739547,-91.2619757
6,10220001,Turkey River near Garber,04/06/2009 08:30:00,AMBIENT,NIT-KJELD,Kjeldahl nitrogen (AS N),Total,,0.4,mg/l,True,0.1,,,351.2,UHL001,Actual,SW,Water,,,Clayton,07060004,River/Stream,,42.739547,-91.2619757
6,10220001,Turkey River near Garber,08/11/2009 09:45:00,AMBIENT,NIT-KJELD,Kjeldahl nitrogen (AS N),Total,,0.7,mg/l,True,0.1,,,351.2,UHL001,Actual,SW,Water,,,Clayton,07060004,River/Stream,,42.739547,-91.2619757
6,10220001,Turkey River near Garber,09/08/2009 09:50:00,AMBIENT,NIT-KJELD,Kjeldahl nitrogen (AS N),Total,,1.1,mg/l,True,0.1,,,351.2,UHL001,Actual,SW,Water,,,Clayton,07060004,River/Stream,,42.739547,-91.2619757
6,10220001,Turkey River near Garber,12/03/2009 09:15:00,AMBIENT,NIT-KJELD,Kjeldahl nitrogen (AS N),Total,,0.1,mg/l,False,0.1,,,351.2,UHL001,Actual,SW,Water,,,Clayton,07060004,River/Stream,,42.739547,-91.2619757
6,10220001,Turkey River near Garber,01/06/2010 09:30:00,AMBIENT,NIT-KJELD,Kjeldahl nitrogen (AS N),Total,,0.1,mg/l,False,0.1,,,351.2,UHL001,Actual,SW,Water,,,Clayton,07060004,River/Stream,,42.739547,-91.2619757
6,10220001,Turkey River near Garber,05/03/2010 07:35:00,AMBIENT,NIT-KJELD,Kjeldahl nitrogen (AS N),Total,,0.2,mg/l,True,0.1,,,351.2,UHL001,Actual,SW,Water,,,Clayton,07060004,River/Stream,,42.739547,-91.2619757
6,10220001,Turkey River near Garber,03/01/2010 08:30:00,AMBIENT,NIT-KJELD,Kjeldahl nitrogen (AS N),Total,,0.3,mg/l,True,0.1,,,351.2,UHL001,Actual,SW,Water,,,Clayton,07060004,River/Stream,,42.739547,-91.2619757
6,10220001,Turkey River near Garber,06/03/2010 08:15:00,AMBIENT,NIT-KJELD,Kjeldahl nitrogen (AS N),Total,,0.4,mg/l,True,0.1,,,351.2,UHL001,Actual,SW,Water,,,Clayton,07060004,River/Stream,,42.739547,-91.2619757
6,10220001,Turkey River near Garber,07/07/2010 09:15:00,AMBIENT,NIT-KJELD,Kjeldahl nitrogen (AS N),Total,,2,mg/l,True,0.1,,,351.2,UHL001,Actual,SW,Water,,,Clayton,07060004,River/Stream,,42.739547,-91.2619757
6,10220001,Turkey River near Garber,09/02/2010 08:00:00,AMBIENT,NIT-KJELD,Kjeldahl nitrogen (AS N),Total,,0.8,mg/l,True,0.1,,,351.2,UHL001,Actual,SW,Water,,,Clayton,07060004,River/Stream,,42.739547,-91.2619757
6,10220001,Turkey River near Garber,10/04/2010 09:00:00,AMBIENT,NIT-KJELD,Kjeldahl nitrogen (AS N),Total,,0.1,mg/l,True,0.1,,,351.2,UHL001,Actual,SW,Water,,,Clayton,07060004,River/Stream,,42.739547,-91.2619757
6,10220001,Turkey River near Garber,09/01/2011 11:45:00,AMBIENT,NIT-KJELD,Kjeldahl nitrogen (AS N),Total,,0.5,mg/l,True,0.1,,,351.2,UHL001,Actual,SW,Water,,,Clayton,07060004,River/Stream,,42.739547,-91.2619757
6,10220001,Turkey River near Garber,01/04/2011 09:00:00,AMBIENT,NIT-KJELD,Kjeldahl nitrogen (AS N),Total,,0.8,mg/l,True,0.1,,,351.2,UHL001,Actual,SW,Water,,,Clayton,07060004,River/Stream,,42.739547,-91.2619757
6,10220001,Turkey River near Garber,11/02/2011 09:10:00,AMBIENT,NIT-KJELD,Kjeldahl nitrogen (AS N),Total,,0.2,mg/l,True,0.1,,,351.2,UHL001,Actual,SW,Water,,,Clayton,07060004,River/Stream,,42.739547,-91.2619757
6,10220001,Turkey River near Garber,01/05/2012 08:10:00,AMBIENT,NIT-KJELD,Kjeldahl nitrogen (AS N),Total,,0.2,mg/l,True,0.1,,,LAC10-107-06-2E,UHL001,Actual,SW,Water,,,Clayton,07060004,River/Stream,,42.739547,-91.2619757
6,10220001,Turkey River near Garber,04/05/2012 07:55:00,AMBIENT,NIT-KJELD,Kjeldahl nitrogen (AS N),Total,,0.2,mg/l,True,0.1,,,LAC10-107-06-2E,UHL001,Actual,SW,Water,,,Clayton,07060004,River/Stream,,42.739547,-91.2619757
6,10220001,Turkey River near Garber,05/03/2012 07:55:00,AMBIENT,NIT-KJELD,Kjeldahl nitrogen (AS N),Total,,0.8,mg/l,True,0.1,,,LAC10-107-06-2E,UHL001,Actual,SW,Water,,,Clayton,07060004,River/Stream,,42.739547,-91.2619757
6,10220001,Turkey River near Garber,09/10/2012 08:45:00,AMBIENT,NIT-KJELD,Kjeldahl nitrogen (AS N),Total,,0.4,mg/l,True,0.1,,,LAC10-107-06-2E,UHL001,Actual,SW,Water,,,Clayton,07060004,River/Stream,,42.739547,-91.2619757
6,10220001,Turkey River near Garber,03/07/2013 08:35:00,AMBIENT,NIT-KJELD,Kjeldahl nitrogen (AS N),Total,,0.2,mg/l,True,0.1,,,LAC10-107-06-2E,UHL001,Actual,SW,Water,,,Clayton,07060004,River/Stream,,42.739547,-91.2619757
6,10220001,Turkey River near Garber,09/04/2013 09:00:00,AMBIENT,NIT-KJELD,Kjeldahl nitrogen (AS N),Total,,0.6,mg/l,True,0.1,,,LAC10-107-06-2E,UHL001,Actual,SW,Water,,,Clayton,07060004,River/Stream,,42.739547,-91.2619757
6,10220001,Turkey River near Garber,04/04/2013 08:20:00,AMBIENT,NIT-KJELD,Kjeldahl nitrogen (AS N),Total,,1.8,mg/l,True,0.1,,,LAC10-107-06-2E,UHL001,Actual,SW,Water,,,Clayton,07060004,River/Stream,,42.739547,-91.2619757
6,10220001,Turkey River near Garber,10/02/2013 09:50:00,AMBIENT,NIT-KJELD,Kjeldahl nitrogen (AS N),Total,,0.3,mg/l,True,0.1,,,LAC10-107-06-2E,UHL001,Actual,SW,Water,,,Clayton,07060004,River/Stream,,42.739547,-91.2619757
6,10220001,Turkey River near Garber,06/10/2014 08:20:00,AMBIENT,NIT-KJELD,Kjeldahl nitrogen (AS N),Total,,0.8,mg/l,True,0.1,,,LAC10-107-06-2E,UHL001,Actual,SW,Water,,,Clayton,07060004,River/Stream,,42.739547,-91.2619757
6,10220001,Turkey River near Garber,01/02/2014 09:15:00,AMBIENT,NIT-KJELD,Kjeldahl nitrogen (AS N),Total,,0.1,mg/l,False,0.1,,,LAC10-107-06-2E,UHL001,Actual,SW,Water,,,Clayton,07060004,River/Stream,,42.739547,-91.2619757
6,10220001,Turkey River near Garber,07/08/2014 08:00:00,AMBIENT,NIT-KJELD,Kjeldahl nitrogen (AS N),Total,,0.4,mg/l,True,0.1,,,LAC10-107-06-2E,UHL001,Actual,SW,Water,,,Clayton,07060004,River/Stream,,42.739547,-91.2619757
6,10220002,Volga River near Elkport,08/23/2002 13:00:00,EVENT,NIT-KJELD,Kjeldahl nitrogen (AS N),Total,,4.2,mg/l,True,0.05,,,Unknown,UHL001,Actual,SW,Water,,,Clayton,07060004,River/Stream,,42.7497293,-91.2767798
6,10220002,Volga River near Elkport,04/29/2002 10:30:00,EVENT,NIT-KJELD,Kjeldahl nitrogen (AS N),Total,,1.5,mg/l,True,0.05,,,Unknown,UHL001,Actual,SW,Water,,,Clayton,07060004,River/Stream,,42.7497293,-91.2767798
6,10220002,Volga River near Elkport,05/30/2002 10:55:00,EVENT,NIT-KJELD,Kjeldahl nitrogen (AS N),Total,,9.1,mg/l,True,0.05,,,Unknown,UHL001,Actual,SW,Water,,,Clayton,07060004,River/Stream,,42.7497293,-91.2767798
6,10220002,Volga River near Elkport,05/08/2001 09:10:00,EVENT,NIT-KJELD,Kjeldahl nitrogen (AS N),Total,,2.5,mg/l,True,0.1,,,Unknown,UHL001,Actual,SW,Water,,,Clayton,07060004,River/Stream,,42.7497293,-91.2767798
6,10220002,Volga River near Elkport,09/07/2001 13:20:00,EVENT,NIT-KJELD,Kjeldahl nitrogen (AS N),Total,,0.5,mg/l,True,0.05,,,Unknown,UHL001,Actual,SW,Water,,,Clayton,07060004,River/Stream,,42.7497293,-91.2767798
6,10220002,Volga River near Elkport,08/01/2001 12:30:00,AMBIENT,NIT-KJELD,Kjeldahl nitrogen (AS N),Total,,0.6,mg/l,True,0.1,,,Unknown,UHL001,Actual,SW,Water,,,Clayton,07060004,River/Stream,,42.7497293,-91.2767798
6,10220002,Volga River near Elkport,09/12/2001 10:10:00,AMBIENT,NIT-KJELD,Kjeldahl nitrogen (AS N),Total,,0.22,mg/l,True,0.05,,,Unknown,UHL001,Actual,SW,Water,,,Clayton,07060004,River/Stream,,42.7497293,-91.2767798
6,10220002,Volga River near Elkport,10/09/2000 08:25:00,AMBIENT,NIT-KJELD,Kjeldahl nitrogen (AS N),Total,,0.2,mg/l,True,0.1,,,Unknown,UHL001,Actual,SW,Water,,,Clayton,07060004,River/Stream,,42.7497293,-91.2767798
6,10220002,Volga River near Elkport,07/05/2001 08:45:00,AMBIENT,NIT-KJELD,Kjeldahl nitrogen (AS N),Total,,0.5,mg/l,True,0.1,,,Unknown,UHL001,Actual,SW,Water,,,Clayton,07060004,River/Stream,,42.7497293,-91.2767798
6,10220002,Volga River near Elkport,03/08/2001 08:30:00,AMBIENT,NIT-KJELD,Kjeldahl nitrogen (AS N),Total,,0.2,mg/l,True,0.1,,,Unknown,UHL001,Actual,SW,Water,,,Clayton,07060004,River/Stream,,42.7497293,-91.2767798
6,10220002,Volga River near Elkport,05/03/2001 07:30:00,AMBIENT,NIT-KJELD,Kjeldahl nitrogen (AS N),Total,,2,mg/l,True,0.1,,,Unknown,UHL001,Actual,SW,Water,,,Clayton,07060004,River/Stream,,42.7497293,-91.2767798
6,10220002,Volga River near Elkport,09/11/2002 12:15:00,AMBIENT,NIT-KJELD,Kjeldahl nitrogen (AS N),Total,,0.57,mg/l,True,0.05,,,Unknown,UHL001,Actual,SW,Water,,,Clayton,07060004,River/Stream,,42.7497293,-91.2767798
6,10220002,Volga River near Elkport,05/07/2002 10:50:00,AMBIENT,NIT-KJELD,Kjeldahl nitrogen (AS N),Total,,0.61,mg/l,True,0.05,,,Unknown,UHL001,Actual,SW,Water,,,Clayton,07060004,River/Stream,,42.7497293,-91.2767798
6,10220002,Volga River near Elkport,03/21/2000 12:00:00,AMBIENT,NIT-KJELD,Kjeldahl nitrogen (AS N),Total,,0.2,mg/l,True,0.1,,,Unknown,UHL001,Actual,SW,Water,,,Clayton,07060004,River/Stream,,42.7497293,-91.2767798
6,10220002,Volga River near Elkport,09/20/2000 11:25:00,AMBIENT,NIT-KJELD,Kjeldahl nitrogen (AS N),Total,,0.1,mg/l,False,0.1,,,Unknown,UHL001,Actual,SW,Water,,,Clayton,07060004,River/Stream,,42.7497293,-91.2767798
6,10220002,Volga River near Elkport,02/23/2000 10:55:00,AMBIENT,NIT-KJELD,Kjeldahl nitrogen (AS N),Total,,2,mg/l,True,0.1,,,Unknown,UHL001,Actual,SW,Water,,,Clayton,07060004,River/Stream,,42.7497293,-91.2767798
6,10220002,Volga River near Elkport,10/02/2001 08:35:00,AMBIENT,NIT-KJELD,Kjeldahl nitrogen (AS N),Total,,0.34,mg/l,True,0.05,,,Unknown,UHL001,Actual,SW,Water,,,Clayton,07060004,River/Stream,,42.7497293,-91.2767798
6,10220002,Volga River near Elkport,08/06/2002 08:15:00,AMBIENT,NIT-KJELD,Kjeldahl nitrogen (AS N),Total,,0.61,mg/l,True,0.05,,,Unknown,UHL001,Actual,SW,Water,,,Clayton,07060004,River/Stream,,42.7497293,-91.2767798
6,10220002,Volga River near Elkport,01/02/2002 10:45:00,AMBIENT,NIT-KJELD,Kjeldahl nitrogen (AS N),Total,,0.05,mg/l,False,0.05,,,Unknown,UHL001,Actual,SW,Water,,,Clayton,07060004,River/Stream,,42.7497293,-91.2767798
6,10220002,Volga River near Elkport,02/09/1999 09:15:00,AMBIENT,NIT-KJELD,Kjeldahl nitrogen (AS N),Total,,1.6,mg/l,True,0.1,,,Unknown,UHL001,Actual,SW,Water,,,Clayton,07060004,River/Stream,,42.7497293,-91.2767798
6,10220002,Volga River near Elkport,03/05/2002 09:55:00,AMBIENT,NIT-KJELD,Kjeldahl nitrogen (AS N),Total,,0.14,mg/l,True,0.05,,,Unknown,UHL001,Actual,SW,Water,,,Clayton,07060004,River/Stream,,42.7497293,-91.2767798
6,10220002,Volga River near Elkport,03/11/1999 09:00:00,AMBIENT,NIT-KJELD,Kjeldahl nitrogen (AS N),Total,,0.2,mg/l,True,0.1,,,Unknown,UHL001,Actual,SW,Water,,,Clayton,07060004,River/Stream,,42.7497293,-91.2767798
6,10220002,Volga River near Elkport,05/11/1999 12:20:00,AMBIENT,NIT-KJELD,Kjeldahl nitrogen (AS N),Total,,0.5,mg/l,True,0.1,,,Unknown,UHL001,Actual,SW,Water,,,Clayton,07060004,River/Stream,,42.7497293,-91.2767798
6,10220002,Volga River near Elkport,06/10/1999 08:30:00,AMBIENT,NIT-KJELD,Kjeldahl nitrogen (AS N),Total,,0.8,mg/l,True,0.1,,,Unknown,UHL001,Actual,SW,Water,,,Clayton,07060004,River/Stream,,42.7497293,-91.2767798
6,10220002,Volga River near Elkport,08/17/1999 10:45:00,AMBIENT,NIT-KJELD,Kjeldahl nitrogen (AS N),Total,,0.4,mg/l,True,0.1,,,Unknown,UHL001,Actual,SW,Water,,,Clayton,07060004,River/Stream,,42.7497293,-91.2767798
6,10220002,Volga River near Elkport,09/14/1999 09:10:00,AMBIENT,NIT-KJELD,Kjeldahl nitrogen (AS N),Total,,0.3,mg/l,True,0.1,,,Unknown,UHL001,Actual,SW,Water,,,Clayton,07060004,River/Stream,,42.7497293,-91.2767798
6,10220002,Volga River near Elkport,11/09/1998 10:35:00,AMBIENT,NIT-KJELD,Kjeldahl nitrogen (AS N),Total,,0.2,mg/l,True,0.1,,,Unknown,UHL001,Actual,SW,Water,,,Clayton,07060004,River/Stream,,42.7497293,-91.2767798
6,10220002,Volga River near Elkport,12/09/1998 09:15:00,AMBIENT,NIT-KJELD,Kjeldahl nitrogen (AS N),Total,,0.2,mg/l,True,0.1,,,Unknown,UHL001,Actual,SW,Water,,,Clayton,07060004,River/Stream,,42.7497293,-91.2767798
6,10220002,Volga River near Elkport,04/01/2003 08:30:00,AMBIENT,NIT-KJELD,Kjeldahl nitrogen (AS N),Total,,0.19,mg/l,True,0.05,,,Unknown,UHL001,Actual,SW,Water,,,Clayton,07060004,River/Stream,,42.7497293,-91.2767798
6,10220002,Volga River near Elkport,03/04/2003 09:00:00,AMBIENT,NIT-KJELD,Kjeldahl nitrogen (AS N),Total,,0.19,mg/l,True,0.05,,,Unknown,UHL001,Actual,SW,Water,,,Clayton,07060004,River/Stream,,42.7497293,-91.2767798
6,10220002,Volga River near Elkport,07/08/2003 08:20:00,AMBIENT,NIT-KJELD,Kjeldahl nitrogen (AS N),Total,,3.7,mg/l,True,0.05,,,Unknown,UHL001,Actual,SW,Water,,,Clayton,07060004,River/Stream,,42.7497293,-91.2767798
6,10220002,Volga River near Elkport,08/05/2003 08:35:00,AMBIENT,NIT-KJELD,Kjeldahl nitrogen (AS N),Total,,0.25,mg/l,True,0.05,,,Unknown,UHL001,Actual,SW,Water,,,Clayton,07060004,River/Stream,,42.7497293,-91.2767798
6,10220002,Volga River near Elkport,09/02/2003 09:15:00,AMBIENT,NIT-KJELD,Kjeldahl nitrogen (AS N),Total,,0.32,mg/l,True,0.05,,,Unknown,UHL001,Actual,SW,Water,,,Clayton,07060004,River/Stream,,42.7497293,-91.2767798
6,10220002,Volga River near Elkport,02/03/2004 10:15:00,AMBIENT,NIT-KJELD,Kjeldahl nitrogen (AS N),Total,,0.08,mg/l,True,0.05,,,Unknown,UHL001,Actual,SW,Water,,,Clayton,07060004,River/Stream,,42.7497293,-91.2767798
6,10220002,Volga River near Elkport,04/06/2004 09:30:00,AMBIENT,NIT-KJELD,Kjeldahl nitrogen (AS N),Total,,0.4,mg/l,True,0.05,,,Unknown,UHL001,Actual,SW,Water,,,Clayton,07060004,River/Stream,,42.7497293,-91.2767798
6,10220002,Volga River near Elkport,05/04/2004 09:05:00,AMBIENT,NIT-KJELD,Kjeldahl nitrogen (AS N),Total,,0.35,mg/l,True,0.05,,,Unknown,UHL001,Actual,SW,Water,,,Clayton,07060004,River/Stream,,42.7497293,-91.2767798
6,10220002,Volga River near Elkport,06/01/2004 08:10:00,AMBIENT,NIT-KJELD,Kjeldahl nitrogen (AS N),Total,,3.3,mg/l,True,0.05,,,Unknown,UHL001,Actual,SW,Water,,,Clayton,07060004,River/Stream,,42.7497293,-91.2767798
6,10220002,Volga River near Elkport,07/06/2004 09:45:00,AMBIENT,NIT-KJELD,Kjeldahl nitrogen (AS N),Total,,15,mg/l,True,0.05,,,Unknown,UHL001,Actual,SW,Water,,,Clayton,07060004,River/Stream,,42.7497293,-91.2767798
6,10220002,Volga River near Elkport,09/07/2004 07:40:00,AMBIENT,NIT-KJELD,Kjeldahl nitrogen (AS N),Total,,0.5,mg/l,True,0.05,,,Unknown,UHL001,Actual,SW,Water,,,Clayton,07060004,River/Stream,,42.7497293,-91.2767798
6,10220002,Volga River near Elkport,12/07/2004 08:40:00,AMBIENT,NIT-KJELD,Kjeldahl nitrogen (AS N),Total,,0.35,mg/l,True,0.05,,,Unknown,UHL001,Actual,SW,Water,,,Clayton,07060004,River/Stream,,42.7497293,-91.2767798
6,10220002,Volga River near Elkport,11/09/2004 08:55:00,AMBIENT,NIT-KJELD,Kjeldahl nitrogen (AS N),Total,,0.4,mg/l,True,0.05,,,Unknown,UHL001,Actual,SW,Water,,,Clayton,07060004,River/Stream,,42.7497293,-91.2767798
6,10220002,Volga River near Elkport,03/01/2005 09:30:00,AMBIENT,NIT-KJELD,Kjeldahl nitrogen (AS N),Total,,0.53,mg/l,True,0.05,,,Unknown,UHL001,Actual,SW,Water,,,Clayton,07060004,River/Stream,,42.7497293,-91.2767798
6,10220002,Volga River near Elkport,04/05/2005 07:45:00,AMBIENT,NIT-KJELD,Kjeldahl nitrogen (AS N),Total,,0.24,mg/l,True,0.05,,,351.1,UHL001,Actual,SW,Water,,,Clayton,07060004,River/Stream,,42.7497293,-91.2767798
6,10220002,Volga River near Elkport,05/03/2005 09:30:00,AMBIENT,NIT-KJELD,Kjeldahl nitrogen (AS N),Total,,0.71,mg/l,True,0.1,,,351.1,UHL001,Actual,SW,Water,,UHL QC testing has shown that TKN concentrations under 1 mg/L should be reported to 1 decimal place when using method LAC10-107-06-2E.,Clayton,07060004,River/Stream,,42.7497293,-91.2767798
6,10220002,Volga River near Elkport,08/02/2005 11:10:00,AMBIENT,NIT-KJELD,Kjeldahl nitrogen (AS N),Total,,0.39,mg/l,True,0.1,,,351.2,UHL001,Actual,SW,Water,,UHL QC testing has shown that TKN concentrations under 1 mg/L should be reported to 1 decimal place when using method LAC10-107-06-2E.,Clayton,07060004,River/Stream,,42.7497293,-91.2767798
6,10220002,Volga River near Elkport,10/11/2005 09:25:00,AMBIENT,NIT-KJELD,Kjeldahl nitrogen (AS N),Total,,0.2,mg/l,True,0.1,,,351.2,UHL001,Actual,SW,Water,,,Clayton,07060004,River/Stream,,42.7497293,-91.2767798
6,10220002,Volga River near Elkport,12/06/2005 09:55:00,AMBIENT,NIT-KJELD,Kjeldahl nitrogen (AS N),Total,,0.3,mg/l,True,0.1,,,351.2,UHL001,Actual,SW,Water,,,Clayton,07060004,River/Stream,,42.7497293,-91.2767798
6,10220002,Volga River near Elkport,02/07/2006 08:20:00,AMBIENT,NIT-KJELD,Kjeldahl nitrogen (AS N),Total,,0.3,mg/l,True,0.1,,,351.2,UHL001,Actual,SW,Water,,,Clayton,07060004,River/Stream,,42.7497293,-91.2767798
6,10220002,Volga River near Elkport,03/07/2006 09:10:00,AMBIENT,NIT-KJELD,Kjeldahl nitrogen (AS N),Total,,0.2,mg/l,True,0.1,,,351.2,UHL001,Actual,SW,Water,,,Clayton,07060004,River/Stream,,42.7497293,-91.2767798
6,10220002,Volga River near Elkport,05/02/2006 08:40:00,AMBIENT,NIT-KJELD,Kjeldahl nitrogen (AS N),Total,,1.1,mg/l,True,0.1,,,351.2,UHL001,Actual,SW,Water,,,Clayton,07060004,River/Stream,,42.7497293,-91.2767798
6,10220002,Volga River near Elkport,10/04/2006 09:45:00,AMBIENT,NIT-KJELD,Kjeldahl nitrogen (AS N),Total,,0.3,mg/l,True,0.1,,,351.2,UHL001,Actual,SW,Water,,,Clayton,07060004,River/Stream,,42.7497293,-91.2767798
6,10220002,Volga River near Elkport,12/07/2006 08:25:00,AMBIENT,NIT-KJELD,Kjeldahl nitrogen (AS N),Total,,0.3,mg/l,True,0.1,,,351.2,UHL001,Actual,SW,Water,,,Clayton,07060004,River/Stream,,42.7497293,-91.2767798
6,10220002,Volga River near Elkport,01/04/2007 07:20:00,AMBIENT,NIT-KJELD,Kjeldahl nitrogen (AS N),Total,,0.4,mg/l,True,0.1,,,351.2,UHL001,Actual,SW,Water,,,Clayton,07060004,River/Stream,,42.7497293,-91.2767798
6,10220002,Volga River near Elkport,02/21/2007 08:50:00,AMBIENT,NIT-KJELD,Kjeldahl nitrogen (AS N),Total,,0.2,mg/l,True,0.1,,,351.2,UHL001,Actual,SW,Water,,,Clayton,07060004,River/Stream,,42.7497293,-91.2767798
6,10220002,Volga River near Elkport,06/13/2007 07:55:00,AMBIENT,NIT-KJELD,Kjeldahl nitrogen (AS N),Total,,0.5,mg/l,True,0.1,,,351.2,UHL001,Actual,SW,Water,,,Clayton,07060004,River/Stream,,42.7497293,-91.2767798
6,10220002,Volga River near Elkport,08/02/2007 09:00:00,AMBIENT,NIT-KJELD,Kjeldahl nitrogen (AS N),Total,,0.4,mg/l,True,0.1,,,351.2,UHL001,Actual,SW,Water,,,Clayton,07060004,River/Stream,,42.7497293,-91.2767798
6,10220002,Volga River near Elkport,10/09/2007 08:30:00,AMBIENT,NIT-KJELD,Kjeldahl nitrogen (AS N),Total,,1,mg/l,True,0.1,,,351.2,UHL001,Actual,SW,Water,,,Clayton,07060004,River/Stream,,42.7497293,-91.2767798
6,10220002,Volga River near Elkport,01/03/2008 08:00:00,AMBIENT,NIT-KJELD,Kjeldahl nitrogen (AS N),Total,,0.3,mg/l,True,0.1,,,351.2,UHL001,Actual,SW,Water,,,Clayton,07060004,River/Stream,,42.7497293,-91.2767798
6,10220002,Volga River near Elkport,02/12/2008 08:00:00,AMBIENT,NIT-KJELD,Kjeldahl nitrogen (AS N),Total,,0.2,mg/l,True,0.1,,,351.2,UHL001,Actual,SW,Water,,,Clayton,07060004,River/Stream,,42.7497293,-91.2767798
6,10220002,Volga River near Elkport,04/09/2008 08:00:00,AMBIENT,NIT-KJELD,Kjeldahl nitrogen (AS N),Total,,0.5,mg/l,True,0.1,,,351.2,UHL001,Actual,SW,Water,,,Clayton,07060004,River/Stream,,42.7497293,-91.2767798
6,10220002,Volga River near Elkport,03/10/2008 08:10:00,AMBIENT,NIT-KJELD,Kjeldahl nitrogen (AS N),Total,,0.3,mg/l,True,0.1,,,351.2,UHL001,Actual,SW,Water,,,Clayton,07060004,River/Stream,,42.7497293,-91.2767798
6,10220002,Volga River near Elkport,05/07/2008 08:15:00,AMBIENT,NIT-KJELD,Kjeldahl nitrogen (AS N),Total,,0.8,mg/l,True,0.1,,,351.2,UHL001,Actual,SW,Water,,,Clayton,07060004,River/Stream,,42.7497293,-91.2767798
6,10220002,Volga River near Elkport,07/09/2008 08:45:00,AMBIENT,NIT-KJELD,Kjeldahl nitrogen (AS N),Total,,1.2,mg/l,True,0.1,,,351.2,UHL001,Actual,SW,Water,,,Clayton,07060004,River/Stream,,42.7497293,-91.2767798
6,10220002,Volga River near Elkport,08/13/2008 06:30:00,AMBIENT,NIT-KJELD,Kjeldahl nitrogen (AS N),Total,,0.4,mg/l,True,0.1,,,351.2,UHL001,Actual,SW,Water,,,Clayton,07060004,River/Stream,,42.7497293,-91.2767798
6,10220002,Volga River near Elkport,04/06/2009 08:15:00,AMBIENT,NIT-KJELD,Kjeldahl nitrogen (AS N),Total,,0.2,mg/l,True,0.1,,,351.2,UHL001,Actual,SW,Water,,,Clayton,07060004,River/Stream,,42.7497293,-91.2767798
6,10220002,Volga River near Elkport,08/11/2009 09:10:00,AMBIENT,NIT-KJELD,Kjeldahl nitrogen (AS N),Total,,0.2,mg/l,True,0.1,,,351.2,UHL001,Actual,SW,Water,,,Clayton,07060004,River/Stream,,42.7497293,-91.2767798
6,10220002,Volga River near Elkport,06/10/2009 09:00:00,AMBIENT,NIT-KJELD,Kjeldahl nitrogen (AS N),Total,,0.8,mg/l,True,0.1,,,351.2,UHL001,Actual,SW,Water,,,Clayton,07060004,River/Stream,,42.7497293,-91.2767798
6,10220002,Volga River near Elkport,09/08/2009 09:30:00,AMBIENT,NIT-KJELD,Kjeldahl nitrogen (AS N),Total,,0.4,mg/l,True,0.1,,,351.2,UHL001,Actual,SW,Water,,,Clayton,07060004,River/Stream,,42.7497293,-91.2767798
6,10220002,Volga River near Elkport,01/06/2010 09:00:00,AMBIENT,NIT-KJELD,Kjeldahl nitrogen (AS N),Total,,0.1,mg/l,False,0.1,,,351.2,UHL001,Actual,SW,Water,,,Clayton,07060004,River/Stream,,42.7497293,-91.2767798
6,10220002,Volga River near Elkport,03/01/2010 08:15:00,AMBIENT,NIT-KJELD,Kjeldahl nitrogen (AS N),Total,,0.2,mg/l,True,0.1,,,351.2,UHL001,Actual,SW,Water,,,Clayton,07060004,River/Stream,,42.7497293,-91.2767798
6,10220002,Volga River near Elkport,05/03/2010 07:15:00,AMBIENT,NIT-KJELD,Kjeldahl nitrogen (AS N),Total,,0.1,mg/l,False,0.1,,,351.2,UHL001,Actual,SW,Water,,,Clayton,07060004,River/Stream,,42.7497293,-91.2767798
6,10220002,Volga River near Elkport,06/03/2010 08:30:00,AMBIENT,NIT-KJELD,Kjeldahl nitrogen (AS N),Total,,0.2,mg/l,True,0.1,,,351.2,UHL001,Actual,SW,Water,,,Clayton,07060004,River/Stream,,42.7497293,-91.2767798
6,10220002,Volga River near Elkport,07/07/2010 08:55:00,AMBIENT,NIT-KJELD,Kjeldahl nitrogen (AS N),Total,,2.8,mg/l,True,0.1,,,351.2,UHL001,Actual,SW,Water,,,Clayton,07060004,River/Stream,,42.7497293,-91.2767798
6,10220002,Volga River near Elkport,08/05/2010 08:30:00,AMBIENT,NIT-KJELD,Kjeldahl nitrogen (AS N),Total,,0.3,mg/l,True,0.1,,,351.2,UHL001,Actual,SW,Water,,,Clayton,07060004,River/Stream,,42.7497293,-91.2767798
6,10220002,Volga River near Elkport,09/02/2010 07:40:00,AMBIENT,NIT-KJELD,Kjeldahl nitrogen (AS N),Total,,0.6,mg/l,True,0.1,,,351.2,UHL001,Actual,SW,Water,,,Clayton,07060004,River/Stream,,42.7497293,-91.2767798
6,10220002,Volga River near Elkport,10/04/2010 08:30:00,AMBIENT,NIT-KJELD,Kjeldahl nitrogen (AS N),Total,,0.2,mg/l,True,0.1,,,351.2,UHL001,Actual,SW,Water,,,Clayton,07060004,River/Stream,,42.7497293,-91.2767798
6,10220002,Volga River near Elkport,01/04/2011 08:35:00,AMBIENT,NIT-KJELD,Kjeldahl nitrogen (AS N),Total,,0.6,mg/l,True,0.1,,,351.2,UHL001,Actual,SW,Water,,,Clayton,07060004,River/Stream,,42.7497293,-91.2767798
6,10220002,Volga River near Elkport,02/07/2011 07:55:00,AMBIENT,NIT-KJELD,Kjeldahl nitrogen (AS N),Total,,0.1,mg/l,False,0.1,,,351.2,UHL001,Actual,SW,Water,,,Clayton,07060004,River/Stream,,42.7497293,-91.2767798
6,10220002,Volga River near Elkport,04/04/2011 08:50:00,AMBIENT,NIT-KJELD,Kjeldahl nitrogen (AS N),Total,,0.2,mg/l,True,0.1,,,351.2,UHL001,Actual,SW,Water,,,Clayton,07060004,River/Stream,,42.7497293,-91.2767798
6,10220002,Volga River near Elkport,07/05/2011 09:30:00,AMBIENT,NIT-KJELD,Kjeldahl nitrogen (AS N),Total,,0.4,mg/l,True,0.1,,,351.2,UHL001,Actual,SW,Water,,,Clayton,07060004,River/Stream,,42.7497293,-91.2767798
6,10220002,Volga River near Elkport,08/03/2011 08:40:00,AMBIENT,NIT-KJELD,Kjeldahl nitrogen (AS N),Total,,0.3,mg/l,True,0.1,,,351.2,UHL001,Actual,SW,Water,,,Clayton,07060004,River/Stream,,42.7497293,-91.2767798
6,10220002,Volga River near Elkport,11/02/2011 08:55:00,AMBIENT,NIT-KJELD,Kjeldahl nitrogen (AS N),Total,,0.1,mg/l,False,0.1,,,351.2,UHL001,Actual,SW,Water,,,Clayton,07060004,River/Stream,,42.7497293,-91.2767798
6,10220002,Volga River near Elkport,04/05/2012 08:10:00,AMBIENT,NIT-KJELD,Kjeldahl nitrogen (AS N),Total,,0.1,mg/l,False,0.1,,,LAC10-107-06-2E,UHL001,Actual,SW,Water,,,Clayton,07060004,River/Stream,,42.7497293,-91.2767798
6,10220002,Volga River near Elkport,06/04/2012 08:45:00,AMBIENT,NIT-KJELD,Kjeldahl nitrogen (AS N),Total,,0.1,mg/l,False,0.1,,,LAC10-107-06-2E,UHL001,Actual,SW,Water,,,Clayton,07060004,River/Stream,,42.7497293,-91.2767798
6,10220002,Volga River near Elkport,05/03/2012 07:30:00,AMBIENT,NIT-KJELD,Kjeldahl nitrogen (AS N),Total,,1.2,mg/l,True,0.1,,,LAC10-107-06-2E,UHL001,Actual,SW,Water,,,Clayton,07060004,River/Stream,,42.7497293,-91.2767798
6,10220002,Volga River near Elkport,09/10/2012 09:10:00,AMBIENT,NIT-KJELD,Kjeldahl nitrogen (AS N),Total,,0.1,mg/l,False,0.1,,,LAC10-107-06-2E,UHL001,Actual,SW,Water,,,Clayton,07060004,River/Stream,,42.7497293,-91.2767798
6,10220002,Volga River near Elkport,12/04/2012 09:15:00,AMBIENT,NIT-KJELD,Kjeldahl nitrogen (AS N),Total,,0.1,mg/l,False,0.1,,,LAC10-107-06-2E,UHL001,Actual,SW,Water,,,Clayton,07060004,River/Stream,,42.7497293,-91.2767798
6,10220002,Volga River near Elkport,02/03/2015 08:15:00,AMBIENT,NIT-KJELD,Kjeldahl nitrogen (AS N),Total,,0.3,mg/l,True,0.1,,,LAC10-107-06-2E,UHL001,Actual,SW,Water,,,Clayton,07060004,River/Stream,,42.7497293,-91.2767798
6,10220002,Volga River near Elkport,05/06/2015 06:50:00,AMBIENT,NIT-KJELD,Kjeldahl nitrogen (AS N),Total,,0.1,mg/l,True,0.1,,,LAC10-107-06-2E,UHL001,Actual,SW,Water,,,Clayton,07060004,River/Stream,,42.7497293,-91.2767798
6,10220001,Turkey River near Garber,01/03/2013 09:05:00,AMBIENT,NIT-KJELD,Kjeldahl nitrogen (AS N),Total,,0.2,mg/l,True,0.1,,,LAC10-107-06-2E,UHL001,Actual,SW,Water,,,Clayton,07060004,River/Stream,,42.739547,-91.2619757
6,10220002,Volga River near Elkport,04/04/2013 08:00:00,AMBIENT,NIT-KJELD,Kjeldahl nitrogen (AS N),Total,,0.4,mg/l,True,0.1,,,LAC10-107-06-2E,UHL001,Actual,SW,Water,,,Clayton,07060004,River/Stream,,42.7497293,-91.2767798
6,10220002,Volga River near Elkport,03/07/2013 08:10:00,AMBIENT,NIT-KJELD,Kjeldahl nitrogen (AS N),Total,,0.1,mg/l,True,0.1,,,LAC10-107-06-2E,UHL001,Actual,SW,Water,,,Clayton,07060004,River/Stream,,42.7497293,-91.2767798
6,10220001,Turkey River near Garber,05/02/2013 12:05:00,AMBIENT,NIT-KJELD,Kjeldahl nitrogen (AS N),Total,,0.4,mg/l,True,0.1,,,LAC10-107-06-2E,UHL001,Actual,SW,Water,,,Clayton,07060004,River/Stream,,42.739547,-91.2619757
6,10220002,Volga River near Elkport,09/04/2013 08:30:00,AMBIENT,NIT-KJELD,Kjeldahl nitrogen (AS N),Total,,0.4,mg/l,True,0.1,,,LAC10-107-06-2E,UHL001,Actual,SW,Water,,,Clayton,07060004,River/Stream,,42.7497293,-91.2767798
6,10220002,Volga River near Elkport,10/02/2013 10:25:00,AMBIENT,NIT-KJELD,Kjeldahl nitrogen (AS N),Total,,0.2,mg/l,True,0.1,,,LAC10-107-06-2E,UHL001,Actual,SW,Water,,,Clayton,07060004,River/Stream,,42.7497293,-91.2767798
6,10220002,Volga River near Elkport,01/02/2014 08:45:00,AMBIENT,NIT-KJELD,Kjeldahl nitrogen (AS N),Total,,0.1,mg/l,False,0.1,,,LAC10-107-06-2E,UHL001,Actual,SW,Water,,,Clayton,07060004,River/Stream,,42.7497293,-91.2767798
6,10220002,Volga River near Elkport,02/04/2014 07:40:00,AMBIENT,NIT-KJELD,Kjeldahl nitrogen (AS N),Total,,0.1,mg/l,True,0.1,,,LAC10-107-06-2E,UHL001,Actual,SW,Water,,,Clayton,07060004,River/Stream,,42.7497293,-91.2767798
6,10220001,Turkey River near Garber,11/03/2014 07:35:00,AMBIENT,NIT-KJELD,Kjeldahl nitrogen (AS N),Total,,0.4,mg/l,True,0.1,,,LAC10-107-06-2E,UHL001,Actual,SW,Water,,,Clayton,07060004,River/Stream,,42.739547,-91.2619757
6,10220002,Volga River near Elkport,07/08/2014 07:40:00,AMBIENT,NIT-KJELD,Kjeldahl nitrogen (AS N),Total,,0.4,mg/l,True,0.1,,,LAC10-107-06-2E,UHL001,Actual,SW,Water,,,Clayton,07060004,River/Stream,,42.7497293,-91.2767798
6,10220002,Volga River near Elkport,06/01/2015 09:30:00,AMBIENT,NIT-KJELD,Kjeldahl nitrogen (AS N),Total,,0.7,mg/l,True,0.1,,,LAC10-107-06-2E,UHL001,Actual,SW,Water,,,Clayton,07060004,River/Stream,,42.7497293,-91.2767798
6,10220002,Volga River near Elkport,01/05/2012 07:40:00,AMBIENT,NIT-KJELD,Kjeldahl nitrogen (AS N),Total,,0.1,mg/l,False,0.1,,,LAC10-107-06-2E,UHL001,Actual,SW,Water,,,Clayton,07060004,River/Stream,,42.7497293,-91.2767798
6,10220002,Volga River near Elkport,10/03/2012 09:15:00,AMBIENT,NIT-KJELD,Kjeldahl nitrogen (AS N),Total,,0.1,mg/l,False,0.1,,,LAC10-107-06-2E,UHL001,Actual,SW,Water,,,Clayton,07060004,River/Stream,,42.7497293,-91.2767798
6,10220002,Volga River near Elkport,02/07/2012 08:00:00,AMBIENT,NIT-KJELD,Kjeldahl nitrogen (AS N),Total,,0.2,mg/l,True,0.1,,,LAC10-107-06-2E,UHL001,Actual,SW,Water,,,Clayton,07060004,River/Stream,,42.7497293,-91.2767798
6,10220002,Volga River near Elkport,03/07/2012 07:50:00,AMBIENT,NIT-KJELD,Kjeldahl nitrogen (AS N),Total,,0.3,mg/l,True,0.1,,,LAC10-107-06-2E,UHL001,Actual,SW,Water,,,Clayton,07060004,River/Stream,,42.7497293,-91.2767798
6,10220002,Volga River near Elkport,11/03/2014 07:15:00,AMBIENT,NIT-KJELD,Kjeldahl nitrogen (AS N),Total,,0.3,mg/l,True,0.1,,,LAC10-107-06-2E,UHL001,Actual,SW,Water,,,Clayton,07060004,River/Stream,,42.7497293,-91.2767798
6,10220002,Volga River near Elkport,10/07/2014 08:30:00,AMBIENT,NIT-KJELD,Kjeldahl nitrogen (AS N),Total,,0.1,mg/l,False,0.1,,,LAC10-107-06-2E,UHL001,Actual,SW,Water,,,Clayton,07060004,River/Stream,,42.7497293,-91.2767798
6,10220002,Volga River near Elkport,01/14/2015 07:55:00,AMBIENT,NIT-KJELD,Kjeldahl nitrogen (AS N),Total,,0.2,mg/l,True,0.1,,,LAC10-107-06-2E,UHL001,Actual,SW,Water,,,Clayton,07060004,River/Stream,,42.7497293,-91.2767798
6,10220002,Volga River near Elkport,03/05/2015 07:20:00,AMBIENT,NIT-KJELD,Kjeldahl nitrogen (AS N),Total,,0.1,mg/l,True,0.1,,,LAC10-107-06-2E,UHL001,Actual,SW,Water,,,Clayton,07060004,River/Stream,,42.7497293,-91.2767798
6,10220001,Turkey River near Garber,01/14/2015 08:15:00,AMBIENT,NIT-KJELD,Kjeldahl nitrogen (AS N),Total,,0.2,mg/l,True,0.1,,,LAC10-107-06-2E,UHL001,Actual,SW,Water,,,Clayton,07060004,River/Stream,,42.739547,-91.2619757
6,10220002,Volga River near Elkport,03/19/2001 13:30:00,EVENT,NIT-KJELD,Kjeldahl nitrogen (AS N),Total,,3.1,mg/l,True,0.1,,,Unknown,UHL001,Actual,SW,Water,,,Clayton,07060004,River/Stream,,42.7497293,-91.2767798
6,10220002,Volga River near Elkport,08/03/2001 13:00:00,EVENT,NIT-KJELD,Kjeldahl nitrogen (AS N),Total,,2.7,mg/l,True,0.1,,,Unknown,UHL001,Actual,SW,Water,,,Clayton,07060004,River/Stream,,42.7497293,-91.2767798
6,10220002,Volga River near Elkport,09/24/2001 14:15:00,EVENT,NIT-KJELD,Kjeldahl nitrogen (AS N),Total,,0.57,mg/l,True,0.05,,,Unknown,UHL001,Actual,SW,Water,,,Clayton,07060004,River/Stream,,42.7497293,-91.2767798
6,10220002,Volga River near Elkport,01/14/1999 08:40:00,AMBIENT,NIT-KJELD,Kjeldahl nitrogen (AS N),Total,,0.1,mg/l,True,0.1,,,Unknown,UHL001,Actual,SW,Water,,,Clayton,07060004,River/Stream,,42.7497293,-91.2767798
6,10220002,Volga River near Elkport,04/21/1999 10:40:00,AMBIENT,NIT-KJELD,Kjeldahl nitrogen (AS N),Total,,0.3,mg/l,True,0.1,,,Unknown,UHL001,Actual,SW,Water,,,Clayton,07060004,River/Stream,,42.7497293,-91.2767798
6,10220002,Volga River near Elkport,07/29/1999 14:40:00,AMBIENT,NIT-KJELD,Kjeldahl nitrogen (AS N),Total,,0.9,mg/l,True,0.1,,,Unknown,UHL001,Actual,SW,Water,,,Clayton,07060004,River/Stream,,42.7497293,-91.2767798
6,10220002,Volga River near Elkport,10/15/1998 08:55:00,AMBIENT,NIT-KJELD,Kjeldahl nitrogen (AS N),Total,,0.4,mg/l,True,0.1,,,Unknown,UHL001,Actual,SW,Water,,,Clayton,07060004,River/Stream,,42.7497293,-91.2767798
6,10220002,Volga River near Elkport,10/01/2002 09:55:00,AMBIENT,NIT-KJELD,Kjeldahl nitrogen (AS N),Total,,0.45,mg/l,True,0.05,,,Unknown,UHL001,Actual,SW,Water,,,Clayton,07060004,River/Stream,,42.7497293,-91.2767798
6,10220002,Volga River near Elkport,11/05/2002 16:00:00,AMBIENT,NIT-KJELD,Kjeldahl nitrogen (AS N),Total,,0.2,mg/l,True,0.05,,,Unknown,UHL001,Actual,SW,Water,,,Clayton,07060004,River/Stream,,42.7497293,-91.2767798
6,10220002,Volga River near Elkport,12/03/2002 08:50:00,AMBIENT,NIT-KJELD,Kjeldahl nitrogen (AS N),Total,,0.16,mg/l,True,0.05,,,Unknown,UHL001,Actual,SW,Water,,,Clayton,07060004,River/Stream,,42.7497293,-91.2767798
6,10220002,Volga River near Elkport,01/07/2003 08:45:00,AMBIENT,NIT-KJELD,Kjeldahl nitrogen (AS N),Total,,0.05,mg/l,False,0.05,,,Unknown,UHL001,Actual,SW,Water,,,Clayton,07060004,River/Stream,,42.7497293,-91.2767798
6,10220002,Volga River near Elkport,05/06/2003 08:00:00,AMBIENT,NIT-KJELD,Kjeldahl nitrogen (AS N),Total,,2.1,mg/l,True,0.05,,,Unknown,UHL001,Actual,SW,Water,,,Clayton,07060004,River/Stream,,42.7497293,-91.2767798
6,10220002,Volga River near Elkport,02/04/2003 09:05:00,AMBIENT,NIT-KJELD,Kjeldahl nitrogen (AS N),Total,,0.22,mg/l,True,0.05,,,Unknown,UHL001,Actual,SW,Water,,,Clayton,07060004,River/Stream,,42.7497293,-91.2767798
6,10220002,Volga River near Elkport,06/03/2003 08:40:00,AMBIENT,NIT-KJELD,Kjeldahl nitrogen (AS N),Total,,0.43,mg/l,True,0.05,,,Unknown,UHL001,Actual,SW,Water,,,Clayton,07060004,River/Stream,,42.7497293,-91.2767798
6,10220002,Volga River near Elkport,10/07/2003 08:40:00,AMBIENT,NIT-KJELD,Kjeldahl nitrogen (AS N),Total,,0.49,mg/l,True,0.05,,,Unknown,UHL001,Actual,SW,Water,,,Clayton,07060004,River/Stream,,42.7497293,-91.2767798
6,10220002,Volga River near Elkport,11/04/2003 16:50:00,AMBIENT,NIT-KJELD,Kjeldahl nitrogen (AS N),Total,,3.1,mg/l,True,0.05,,,Unknown,UHL001,Actual,SW,Water,,,Clayton,07060004,River/Stream,,42.7497293,-91.2767798
6,10220002,Volga River near Elkport,12/02/2003 08:40:00,AMBIENT,NIT-KJELD,Kjeldahl nitrogen (AS N),Total,,0.07,mg/l,True,0.05,,,Unknown,UHL001,Actual,SW,Water,,,Clayton,07060004,River/Stream,,42.7497293,-91.2767798
6,10220002,Volga River near Elkport,01/06/2004 09:40:00,AMBIENT,NIT-KJELD,Kjeldahl nitrogen (AS N),Total,,0.19,mg/l,True,0.05,,,Unknown,UHL001,Actual,SW,Water,,,Clayton,07060004,River/Stream,,42.7497293,-91.2767798
6,10220002,Volga River near Elkport,03/02/2004 08:50:00,AMBIENT,NIT-KJELD,Kjeldahl nitrogen (AS N),Total,,2.9,mg/l,True,0.05,,,Unknown,UHL001,Actual,SW,Water,,,Clayton,07060004,River/Stream,,42.7497293,-91.2767798
6,10220002,Volga River near Elkport,08/03/2004 10:00:00,AMBIENT,NIT-KJELD,Kjeldahl nitrogen (AS N),Total,,0.9,mg/l,True,0.05,,,Unknown,UHL001,Actual,SW,Water,,,Clayton,07060004,River/Stream,,42.7497293,-91.2767798
6,10220002,Volga River near Elkport,10/05/2004 08:40:00,AMBIENT,NIT-KJELD,Kjeldahl nitrogen (AS N),Total,,0.25,mg/l,True,0.05,,,Unknown,UHL001,Actual,SW,Water,,,Clayton,07060004,River/Stream,,42.7497293,-91.2767798
6,10220002,Volga River near Elkport,01/11/2005 09:30:00,AMBIENT,NIT-KJELD,Kjeldahl nitrogen (AS N),Total,,0.32,mg/l,True,0.05,,,Unknown,UHL001,Actual,SW,Water,,,Clayton,07060004,River/Stream,,42.7497293,-91.2767798
6,10220002,Volga River near Elkport,02/08/2005 08:50:00,AMBIENT,NIT-KJELD,Kjeldahl nitrogen (AS N),Total,,2.7,mg/l,True,0.05,,,Unknown,UHL001,Actual,SW,Water,,,Clayton,07060004,River/Stream,,42.7497293,-91.2767798
6,10220002,Volga River near Elkport,06/07/2005 09:00:00,AMBIENT,NIT-KJELD,Kjeldahl nitrogen (AS N),Total,,0.47,mg/l,True,0.1,,,351.1,UHL001,Actual,SW,Water,,UHL QC testing has shown that TKN concentrations under 1 mg/L should be reported to 1 decimal place when using method LAC10-107-06-2E.,Clayton,07060004,River/Stream,,42.7497293,-91.2767798
6,10220002,Volga River near Elkport,07/06/2005 12:00:00,AMBIENT,NIT-KJELD,Kjeldahl nitrogen (AS N),Total,,0.56,mg/l,True,0.1,,,351.2,UHL001,Actual,SW,Water,,UHL QC testing has shown that TKN concentrations under 1 mg/L should be reported to 1 decimal place when using method LAC10-107-06-2E.,Clayton,07060004,River/Stream,,42.7497293,-91.2767798
6,10220002,Volga River near Elkport,09/05/2005 09:30:00,AMBIENT,NIT-KJELD,Kjeldahl nitrogen (AS N),Total,,0.3,mg/l,True,0.1,,,351.2,UHL001,Actual,SW,Water,,,Clayton,07060004,River/Stream,,42.7497293,-91.2767798
6,10220002,Volga River near Elkport,11/01/2005 07:45:00,AMBIENT,NIT-KJELD,Kjeldahl nitrogen (AS N),Total,,0.1,mg/l,True,0.1,,,351.2,UHL001,Actual,SW,Water,,,Clayton,07060004,River/Stream,,42.7497293,-91.2767798
6,10220002,Volga River near Elkport,01/03/2006 09:30:00,AMBIENT,NIT-KJELD,Kjeldahl nitrogen (AS N),Total,,0.5,mg/l,True,0.1,,,351.2,UHL001,Actual,SW,Water,,,Clayton,07060004,River/Stream,,42.7497293,-91.2767798
6,10220002,Volga River near Elkport,06/05/2006 07:50:00,AMBIENT,NIT-KJELD,Kjeldahl nitrogen (AS N),Total,,0.6,mg/l,True,0.1,,,351.2,UHL001,Actual,SW,Water,,,Clayton,07060004,River/Stream,,42.7497293,-91.2767798
6,10220002,Volga River near Elkport,07/06/2006 07:15:00,AMBIENT,NIT-KJELD,Kjeldahl nitrogen (AS N),Total,,0.3,mg/l,True,0.1,,,351.2,UHL001,Actual,SW,Water,,,Clayton,07060004,River/Stream,,42.7497293,-91.2767798
6,10220002,Volga River near Elkport,08/01/2006 08:10:00,AMBIENT,NIT-KJELD,Kjeldahl nitrogen (AS N),Total,,0.5,mg/l,True,0.1,,,351.2,UHL001,Actual,SW,Water,,,Clayton,07060004,River/Stream,,42.7497293,-91.2767798
6,10220002,Volga River near Elkport,09/07/2006 12:55:00,AMBIENT,NIT-KJELD,Kjeldahl nitrogen (AS N),Total,,0.3,mg/l,True,0.1,,,351.2,UHL001,Actual,SW,Water,,,Clayton,07060004,River/Stream,,42.7497293,-91.2767798
6,10220002,Volga River near Elkport,11/08/2006 08:15:00,AMBIENT,NIT-KJELD,Kjeldahl nitrogen (AS N),Total,,0.2,mg/l,True,0.1,,,351.2,UHL001,Actual,SW,Water,,,Clayton,07060004,River/Stream,,42.7497293,-91.2767798
6,10220002,Volga River near Elkport,03/13/2007 09:50:00,AMBIENT,NIT-KJELD,Kjeldahl nitrogen (AS N),Total,,5,mg/l,True,0.1,,,351.2,UHL001,Actual,SW,Water,,,Clayton,07060004,River/Stream,,42.7497293,-91.2767798
6,10220002,Volga River near Elkport,07/12/2000 10:15:00,AMBIENT,NIT-KJELD,Kjeldahl nitrogen (AS N),Total,,1.3,mg/l,True,0.1,,,Unknown,UHL001,Actual,SW,Water,,,Clayton,07060004,River/Stream,,42.7497293,-91.2767798
6,10220002,Volga River near Elkport,08/16/2000 12:45:00,AMBIENT,NIT-KJELD,Kjeldahl nitrogen (AS N),Total,,0.4,mg/l,True,0.1,,,Unknown,UHL001,Actual,SW,Water,,,Clayton,07060004,River/Stream,,42.7497293,-91.2767798
6,10220002,Volga River near Elkport,06/07/2001 09:00:00,AMBIENT,NIT-KJELD,Kjeldahl nitrogen (AS N),Total,,0.9,mg/l,True,0.1,,,Unknown,UHL001,Actual,SW,Water,,,Clayton,07060004,River/Stream,,42.7497293,-91.2767798
6,10220002,Volga River near Elkport,11/08/1999 09:55:00,AMBIENT,NIT-KJELD,Kjeldahl nitrogen (AS N),Total,,0.1,mg/l,True,0.1,,,Unknown,UHL001,Actual,SW,Water,,,Clayton,07060004,River/Stream,,42.7497293,-91.2767798
6,10220002,Volga River near Elkport,11/09/2000 08:00:00,AMBIENT,NIT-KJELD,Kjeldahl nitrogen (AS N),Total,,0.5,mg/l,True,0.1,,,Unknown,UHL001,Actual,SW,Water,,,Clayton,07060004,River/Stream,,42.7497293,-91.2767798
6,10220002,Volga River near Elkport,12/12/2000 10:00:00,AMBIENT,NIT-KJELD,Kjeldahl nitrogen (AS N),Total,,0.1,mg/l,False,0.1,,,Unknown,UHL001,Actual,SW,Water,,,Clayton,07060004,River/Stream,,42.7497293,-91.2767798
6,10220002,Volga River near Elkport,01/09/2001 09:30:00,AMBIENT,NIT-KJELD,Kjeldahl nitrogen (AS N),Total,,0.1,mg/l,False,0.1,,,Unknown,UHL001,Actual,SW,Water,,,Clayton,07060004,River/Stream,,42.7497293,-91.2767798
6,10220002,Volga River near Elkport,02/07/2001 08:55:00,AMBIENT,NIT-KJELD,Kjeldahl nitrogen (AS N),Total,,0.1,mg/l,False,0.1,,,Unknown,UHL001,Actual,SW,Water,,,Clayton,07060004,River/Stream,,42.7497293,-91.2767798
6,10220002,Volga River near Elkport,11/06/2001 08:25:00,AMBIENT,NIT-KJELD,Kjeldahl nitrogen (AS N),Total,,0.21,mg/l,True,0.05,,,Unknown,UHL001,Actual,SW,Water,,,Clayton,07060004,River/Stream,,42.7497293,-91.2767798
6,10220002,Volga River near Elkport,12/04/2001 07:55:00,AMBIENT,NIT-KJELD,Kjeldahl nitrogen (AS N),Total,,0.28,mg/l,True,0.05,,,Unknown,UHL001,Actual,SW,Water,,,Clayton,07060004,River/Stream,,42.7497293,-91.2767798
6,10220002,Volga River near Elkport,06/04/2002 08:20:00,AMBIENT,NIT-KJELD,Kjeldahl nitrogen (AS N),Total,,23,mg/l,True,0.05,,,Unknown,UHL001,Actual,SW,Water,,,Clayton,07060004,River/Stream,,42.7497293,-91.2767798
6,10220002,Volga River near Elkport,07/01/2002 09:45:00,AMBIENT,NIT-KJELD,Kjeldahl nitrogen (AS N),Total,,0.64,mg/l,True,0.05,,,Unknown,UHL001,Actual,SW,Water,,,Clayton,07060004,River/Stream,,42.7497293,-91.2767798
6,10220002,Volga River near Elkport,04/09/2001 09:05:00,AMBIENT,NIT-KJELD,Kjeldahl nitrogen (AS N),Total,,1.1,mg/l,True,0.1,,,Unknown,UHL001,Actual,SW,Water,,,Clayton,07060004,River/Stream,,42.7497293,-91.2767798
6,10220002,Volga River near Elkport,02/05/2002 08:50:00,AMBIENT,NIT-KJELD,Kjeldahl nitrogen (AS N),Total,,0.05,mg/l,False,0.05,,,Unknown,UHL001,Actual,SW,Water,,,Clayton,07060004,River/Stream,,42.7497293,-91.2767798
6,10220002,Volga River near Elkport,04/02/2002 08:10:00,AMBIENT,NIT-KJELD,Kjeldahl nitrogen (AS N),Total,,0.05,mg/l,False,0.05,,,Unknown,UHL001,Actual,SW,Water,,,Clayton,07060004,River/Stream,,42.7497293,-91.2767798
6,10220002,Volga River near Elkport,01/13/2000 08:30:00,AMBIENT,NIT-KJELD,Kjeldahl nitrogen (AS N),Total,,0.1,mg/l,False,0.1,,,Unknown,UHL001,Actual,SW,Water,,,Clayton,07060004,River/Stream,,42.7497293,-91.2767798
6,10220002,Volga River near Elkport,04/20/2000 08:40:00,AMBIENT,NIT-KJELD,Kjeldahl nitrogen (AS N),Total,,21,mg/l,True,0.1,,,Unknown,UHL001,Actual,SW,Water,,,Clayton,07060004,River/Stream,,42.7497293,-91.2767798
6,10220002,Volga River near Elkport,05/16/2000 09:55:00,AMBIENT,NIT-KJELD,Kjeldahl nitrogen (AS N),Total,,0.7,mg/l,True,0.1,,,Unknown,UHL001,Actual,SW,Water,,,Clayton,07060004,River/Stream,,42.7497293,-91.2767798
6,10220002,Volga River near Elkport,06/14/2000 15:20:00,AMBIENT,NIT-KJELD,Kjeldahl nitrogen (AS N),Total,,1.5,mg/l,True,0.1,,,Unknown,UHL001,Actual,SW,Water,,,Clayton,07060004,River/Stream,,42.7497293,-91.2767798
6,10220002,Volga River near Elkport,12/07/1999 08:50:00,AMBIENT,NIT-KJELD,Kjeldahl nitrogen (AS N),Total,,0.2,mg/l,True,0.1,,,Unknown,UHL001,Actual,SW,Water,,,Clayton,07060004,River/Stream,,42.7497293,-91.2767798
6,10220002,Volga River near Elkport,10/07/1999 13:10:00,AMBIENT,NIT-KJELD,Kjeldahl nitrogen (AS N),Total,,0.3,mg/l,True,0.1,,,Unknown,UHL001,Actual,SW,Water,,,Clayton,07060004,River/Stream,,42.7497293,-91.2767798
6,10220002,Volga River near Elkport,04/10/2007 08:00:00,AMBIENT,NIT-KJELD,Kjeldahl nitrogen (AS N),Total,,0.3,mg/l,True,0.1,,,351.2,UHL001,Actual,SW,Water,,,Clayton,07060004,River/Stream,,42.7497293,-91.2767798
6,10220002,Volga River near Elkport,05/08/2007 07:50:00,AMBIENT,NIT-KJELD,Kjeldahl nitrogen (AS N),Total,,0.3,mg/l,True,0.1,,,351.2,UHL001,Actual,SW,Water,,,Clayton,07060004,River/Stream,,42.7497293,-91.2767798
6,10220002,Volga River near Elkport,07/12/2007 08:10:00,AMBIENT,NIT-KJELD,Kjeldahl nitrogen (AS N),Total,,0.5,mg/l,True,0.1,,,351.2,UHL001,Actual,SW,Water,,,Clayton,07060004,River/Stream,,42.7497293,-91.2767798
6,10220002,Volga River near Elkport,09/12/2007 08:50:00,AMBIENT,NIT-KJELD,Kjeldahl nitrogen (AS N),Total,,0.5,mg/l,True,0.1,,,351.2,UHL001,Actual,SW,Water,,,Clayton,07060004,River/Stream,,42.7497293,-91.2767798
6,10220002,Volga River near Elkport,11/01/2007 10:10:00,AMBIENT,NIT-KJELD,Kjeldahl nitrogen (AS N),Total,,0.1,mg/l,False,0.1,,,351.2,UHL001,Actual,SW,Water,,,Clayton,07060004,River/Stream,,42.7497293,-91.2767798
6,10220002,Volga River near Elkport,12/04/2007 09:00:00,AMBIENT,NIT-KJELD,Kjeldahl nitrogen (AS N),Total,,0.3,mg/l,True,0.1,,,351.2,UHL001,Actual,SW,Water,,,Clayton,07060004,River/Stream,,42.7497293,-91.2767798
6,10220002,Volga River near Elkport,06/03/2008 08:00:00,AMBIENT,NIT-KJELD,Kjeldahl nitrogen (AS N),Total,,0.9,mg/l,True,0.1,,,351.2,UHL001,Actual,SW,Water,,,Clayton,07060004,River/Stream,,42.7497293,-91.2767798
6,10220002,Volga River near Elkport,05/06/2009 08:55:00,AMBIENT,NIT-KJELD,Kjeldahl nitrogen (AS N),Total,,0.5,mg/l,True,0.1,,,351.2,UHL001,Actual,SW,Water,,,Clayton,07060004,River/Stream,,42.7497293,-91.2767798
6,10220002,Volga River near Elkport,07/06/2009 13:35:00,AMBIENT,NIT-KJELD,Kjeldahl nitrogen (AS N),Total,,0.3,mg/l,True,0.1,,,351.2,UHL001,Actual,SW,Water,,,Clayton,07060004,River/Stream,,42.7497293,-91.2767798
6,10220002,Volga River near Elkport,12/03/2009 09:00:00,AMBIENT,NIT-KJELD,Kjeldahl nitrogen (AS N),Total,,0.1,mg/l,False,0.1,,,351.2,UHL001,Actual,SW,Water,,,Clayton,07060004,River/Stream,,42.7497293,-91.2767798
6,10220002,Volga River near Elkport,11/05/2009 08:30:00,AMBIENT,NIT-KJELD,Kjeldahl nitrogen (AS N),Total,,0.4,mg/l,True,0.1,,,351.2,UHL001,Actual,SW,Water,,,Clayton,07060004,River/Stream,,42.7497293,-91.2767798
6,10220002,Volga River near Elkport,10/08/2009 09:10:00,AMBIENT,NIT-KJELD,Kjeldahl nitrogen (AS N),Total,,0.3,mg/l,True,0.1,,,351.2,UHL001,Actual,SW,Water,,,Clayton,07060004,River/Stream,,42.7497293,-91.2767798
6,10220002,Volga River near Elkport,04/04/2006 08:35:00,AMBIENT,NIT-KJELD,Kjeldahl nitrogen (AS N),Total,,1.7,mg/l,True,0.1,,,351.2,UHL001,Actual,SW,Water,,,Clayton,07060004,River/Stream,,42.7497293,-91.2767798
6,10220002,Volga River near Elkport,02/03/2010 09:00:00,AMBIENT,NIT-KJELD,Kjeldahl nitrogen (AS N),Total,,0.1,mg/l,True,0.1,,,351.2,UHL001,Actual,SW,Water,,,Clayton,07060004,River/Stream,,42.7497293,-91.2767798
6,10220002,Volga River near Elkport,11/02/2010 09:15:00,AMBIENT,NIT-KJELD,Kjeldahl nitrogen (AS N),Total,,0.2,mg/l,True,0.1,,,351.2,UHL001,Actual,SW,Water,,,Clayton,07060004,River/Stream,,42.7497293,-91.2767798
6,10220002,Volga River near Elkport,12/02/2010 09:10:00,AMBIENT,NIT-KJELD,Kjeldahl nitrogen (AS N),Total,,0.2,mg/l,True,0.1,,,351.2,UHL001,Actual,SW,Water,,,Clayton,07060004,River/Stream,,42.7497293,-91.2767798
6,10220002,Volga River near Elkport,04/05/2010 08:45:00,AMBIENT,NIT-KJELD,Kjeldahl nitrogen (AS N),Total,,0.2,mg/l,True,0.1,,,351.2,UHL001,Actual,SW,Water,,,Clayton,07060004,River/Stream,,42.7497293,-91.2767798
6,10220002,Volga River near Elkport,03/01/2011 08:20:00,AMBIENT,NIT-KJELD,Kjeldahl nitrogen (AS N),Total,,0.6,mg/l,True,0.1,,,351.2,UHL001,Actual,SW,Water,,,Clayton,07060004,River/Stream,,42.7497293,-91.2767798
6,10220002,Volga River near Elkport,05/02/2011 08:30:00,AMBIENT,NIT-KJELD,Kjeldahl nitrogen (AS N),Total,,0.5,mg/l,True,0.1,,,351.2,UHL001,Actual,SW,Water,,,Clayton,07060004,River/Stream,,42.7497293,-91.2767798
6,10220002,Volga River near Elkport,06/08/2011 08:45:00,AMBIENT,NIT-KJELD,Kjeldahl nitrogen (AS N),Total,,0.1,mg/l,False,0.1,,,351.2,UHL001,Actual,SW,Water,,,Clayton,07060004,River/Stream,,42.7497293,-91.2767798
6,10220002,Volga River near Elkport,09/01/2011 12:30:00,AMBIENT,NIT-KJELD,Kjeldahl nitrogen (AS N),Total,,0.5,mg/l,True,0.1,,,351.2,UHL001,Actual,SW,Water,,,Clayton,07060004,River/Stream,,42.7497293,-91.2767798
6,10220002,Volga River near Elkport,10/03/2011 08:15:00,AMBIENT,NIT-KJELD,Kjeldahl nitrogen (AS N),Total,,0.1,mg/l,False,0.1,,,351.2,UHL001,Actual,SW,Water,,,Clayton,07060004,River/Stream,,42.7497293,-91.2767798
6,10220002,Volga River near Elkport,12/06/2011 08:40:00,AMBIENT,NIT-KJELD,Kjeldahl nitrogen (AS N),Total,,0.6,mg/l,True,0.1,,,351.2,UHL001,Actual,SW,Water,,,Clayton,07060004,River/Stream,,42.7497293,-91.2767798
6,10220002,Volga River near Elkport,07/05/2012 08:00:00,AMBIENT,NIT-KJELD,Kjeldahl nitrogen (AS N),Total,,0.1,mg/l,False,0.1,,,LAC10-107-06-2E,UHL001,Actual,SW,Water,,,Clayton,07060004,River/Stream,,42.7497293,-91.2767798
6,10220002,Volga River near Elkport,08/01/2012 08:00:00,AMBIENT,NIT-KJELD,Kjeldahl nitrogen (AS N),Total,,0.5,mg/l,True,0.1,,,LAC10-107-06-2E,UHL001,Actual,SW,Water,,,Clayton,07060004,River/Stream,,42.7497293,-91.2767798
6,10220002,Volga River near Elkport,11/01/2012 08:20:00,AMBIENT,NIT-KJELD,Kjeldahl nitrogen (AS N),Total,,0.1,mg/l,False,0.1,,,LAC10-107-06-2E,UHL001,Actual,SW,Water,,,Clayton,07060004,River/Stream,,42.7497293,-91.2767798
6,10220002,Volga River near Elkport,01/03/2013 08:45:00,AMBIENT,NIT-KJELD,Kjeldahl nitrogen (AS N),Total,,0.1,mg/l,False,0.1,,,LAC10-107-06-2E,UHL001,Actual,SW,Water,,,Clayton,07060004,River/Stream,,42.7497293,-91.2767798
6,10220002,Volga River near Elkport,02/07/2013 12:30:00,AMBIENT,NIT-KJELD,Kjeldahl nitrogen (AS N),Total,,0.1,mg/l,False,0.1,,,LAC10-107-06-2E,UHL001,Actual,SW,Water,,,Clayton,07060004,River/Stream,,42.7497293,-91.2767798
6,10220002,Volga River near Elkport,05/02/2013 12:20:00,AMBIENT,NIT-KJELD,Kjeldahl nitrogen (AS N),Total,,0.4,mg/l,True,0.1,,,LAC10-107-06-2E,UHL001,Actual,SW,Water,,,Clayton,07060004,River/Stream,,42.7497293,-91.2767798
6,10220002,Volga River near Elkport,07/02/2013 06:50:00,AMBIENT,NIT-KJELD,Kjeldahl nitrogen (AS N),Total,,0.1,mg/l,False,0.1,,,LAC10-107-06-2E,UHL001,Actual,SW,Water,,,Clayton,07060004,River/Stream,,42.7497293,-91.2767798
6,10220002,Volga River near Elkport,06/05/2013 08:15:00,AMBIENT,NIT-KJELD,Kjeldahl nitrogen (AS N),Total,,0.68,mg/l,True,0.1,,,LAC10-107-06-2E,UHL001,Actual,SW,Water,,,Clayton,07060004,River/Stream,,42.7497293,-91.2767798
6,10220002,Volga River near Elkport,08/01/2013 12:50:00,AMBIENT,NIT-KJELD,Kjeldahl nitrogen (AS N),Total,,0.2,mg/l,True,0.1,,,LAC10-107-06-2E,UHL001,Actual,SW,Water,,,Clayton,07060004,River/Stream,,42.7497293,-91.2767798
6,10220002,Volga River near Elkport,11/06/2013 07:15:00,AMBIENT,NIT-KJELD,Kjeldahl nitrogen (AS N),Total,,0.2,mg/l,True,0.1,,,LAC10-107-06-2E,UHL001,Actual,SW,Water,,,Clayton,07060004,River/Stream,,42.7497293,-91.2767798
6,10220002,Volga River near Elkport,12/05/2013 09:00:00,AMBIENT,NIT-KJELD,Kjeldahl nitrogen (AS N),Total,,0.2,mg/l,True,0.1,,,LAC10-107-06-2E,UHL001,Actual,SW,Water,,,Clayton,07060004,River/Stream,,42.7497293,-91.2767798
6,10220002,Volga River near Elkport,03/03/2014 09:00:00,AMBIENT,NIT-KJELD,Kjeldahl nitrogen (AS N),Total,,0.2,mg/l,True,0.1,,,LAC10-107-06-2E,UHL001,Actual,SW,Water,,,Clayton,07060004,River/Stream,,42.7497293,-91.2767798
6,10220002,Volga River near Elkport,04/01/2014 07:30:00,AMBIENT,NIT-KJELD,Kjeldahl nitrogen (AS N),Total,,1,mg/l,True,0.1,,,LAC10-107-06-2E,UHL001,Actual,SW,Water,,,Clayton,07060004,River/Stream,,42.7497293,-91.2767798
6,10220002,Volga River near Elkport,05/05/2014 08:15:00,AMBIENT,NIT-KJELD,Kjeldahl nitrogen (AS N),Total,,0.4,mg/l,True,0.1,,,LAC10-107-06-2E,UHL001,Actual,SW,Water,,,Clayton,07060004,River/Stream,,42.7497293,-91.2767798
6,10220002,Volga River near Elkport,08/04/2014 08:50:00,AMBIENT,NIT-KJELD,Kjeldahl nitrogen (AS N),Total,,0.4,mg/l,True,0.1,,,LAC10-107-06-2E,UHL001,Actual,SW,Water,,,Clayton,07060004,River/Stream,,42.7497293,-91.2767798
6,10220002,Volga River near Elkport,06/10/2014 08:00:00,AMBIENT,NIT-KJELD,Kjeldahl nitrogen (AS N),Total,,0.4,mg/l,True,0.1,,,LAC10-107-06-2E,UHL001,Actual,SW,Water,,,Clayton,07060004,River/Stream,,42.7497293,-91.2767798
6,10220002,Volga River near Elkport,09/03/2014 11:25:00,AMBIENT,NIT-KJELD,Kjeldahl nitrogen (AS N),Total,,0.5,mg/l,True,0.1,,,LAC10-107-06-2E,UHL001,Actual,SW,Water,,,Clayton,07060004,River/Stream,,42.7497293,-91.2767798
6,10220001,Turkey River near Garber,04/02/2015 07:45:00,AMBIENT,NIT-KJELD,Kjeldahl nitrogen (AS N),Total,,0.2,mg/l,True,0.1,,,LAC10-107-06-2E,UHL001,Actual,SW,Water,,,Clayton,07060004,River/Stream,,42.739547,-91.2619757
6,10220002,Volga River near Elkport,07/02/2015 06:40:00,AMBIENT,NIT-KJELD,Kjeldahl nitrogen (AS N),Total,,0.8,mg/l,True,0.1,,,LAC10-107-06-2E,UHL001,Actual,SW,Water,,,Clayton,07060004,River/Stream,,42.7497293,-91.2767798
6,10220001,Turkey River near Garber,07/02/2015 07:00:00,AMBIENT,NIT-KJELD,Kjeldahl nitrogen (AS N),Total,,0.8,mg/l,True,0.1,,,LAC10-107-06-2E,UHL001,Actual,SW,Water,,,Clayton,07060004,River/Stream,,42.739547,-91.2619757
6,10220002,Volga River near Elkport,04/02/2015 07:30:00,AMBIENT,NIT-KJELD,Kjeldahl nitrogen (AS N),Total,,0.1,mg/l,False,0.1,,,LAC10-107-06-2E,UHL001,Actual,SW,Water,,,Clayton,07060004,River/Stream,,42.7497293,-91.2767798
6,10220001,Turkey River near Garber,12/03/2014 07:55:00,AMBIENT,NIT-KJELD,Kjeldahl nitrogen (AS N),Total,,0.1,mg/l,False,0.1,,,LAC10-107-06-2E,UHL001,Actual,SW,Water,,,Clayton,07060004,River/Stream,,42.739547,-91.2619757
6,10220002,Volga River near Elkport,12/03/2014 07:30:00,AMBIENT,NIT-KJELD,Kjeldahl nitrogen (AS N),Total,,0.1,mg/l,False,0.1,,,LAC10-107-06-2E,UHL001,Actual,SW,Water,,,Clayton,07060004,River/Stream,,42.7497293,-91.2767798
6,15220004,Sny Magill Creek Site #1 (SN01),09/19/2000 12:15:00,SNY319,NIT-KJELD,Kjeldahl nitrogen (AS N),Total,,0.1,mg/l,False,0.1,,,Unknown,SNY001,Actual,SW,Water,,,Clayton,07060003,River/Stream,,42.94880662,-91.18632674
6,15220004,Sny Magill Creek Site #1 (SN01),03/30/1999 13:30:00,SNY319,NIT-KJELD,Kjeldahl nitrogen (AS N),Total,,0.2,mg/l,True,0.1,,,Unknown,SNY001,Actual,SW,Water,,,Clayton,07060003,River/Stream,,42.94880662,-91.18632674
6,11220018,Unnamed Tributary to Silver Creek near Luana (Site SiCr5),08/07/2006 14:00:00,TMDL,NIT-KJELD,Kjeldahl nitrogen (AS N),Total,,1.7,mg/l,True,0.1,,,351.2,UHL001,Actual,SW,Water,,,Clayton,07060004,River/Stream,,43.042488,-91.441209
6,11220014,Silver Creek at 172nd St. (Site SC04/SiCr1),09/11/2006 17:55:00,TMDL,NIT-KJELD,Kjeldahl nitrogen (AS N),Total,,8.8,mg/l,True,0.1,,,351.2,UHL001,Actual,SW,Water,,,Clayton,07060004,River/Stream,,42.973151,-91.441907
6,11220012,Peck Creek near Osterdock (Site 326),08/10/2006 13:30:00,TMDL,NIT-KJELD,Kjeldahl nitrogen (AS N),Total,,0.2,mg/l,True,0.1,,,351.2,UHL001,Actual,SW,Water,,,Clayton,07060004,River/Stream,,42.723821,-91.144286
6,11220017,Silver Creek near Luana (Site SiCr4),06/29/2006 08:00:00,TMDL,NIT-KJELD,Kjeldahl nitrogen (AS N),Total,,0.7,mg/l,True,0.1,,,351.2,UHL001,Actual,SW,Water,,,Clayton,07060004,River/Stream,,43.016854,-91.46942
6,11220014,Silver Creek at 172nd St. (Site SC04/SiCr1),06/29/2006 09:05:00,TMDL,NIT-KJELD,Kjeldahl nitrogen (AS N),Total,,1.1,mg/l,True,0.1,,,351.2,UHL001,Actual,SW,Water,,,Clayton,07060004,River/Stream,,42.973151,-91.441907
6,11220014,Silver Creek at 172nd St. (Site SC04/SiCr1),09/20/2006 11:00:00,TMDL,NIT-KJELD,Kjeldahl nitrogen (AS N),Total,,0.8,mg/l,True,0.1,,,351.2,UHL001,Actual,SW,Water,,,Clayton,07060004,River/Stream,,42.973151,-91.441907
6,11220018,Unnamed Tributary to Silver Creek near Luana (Site SiCr5),09/20/2006 12:15:00,TMDL,NIT-KJELD,Kjeldahl nitrogen (AS N),Total,,3.8,mg/l,True,0.1,,,351.2,UHL001,Actual,SW,Water,,,Clayton,07060004,River/Stream,,43.042488,-91.441209
6,11220014,Silver Creek at 172nd St. (Site SC04/SiCr1),09/06/2006 10:35:00,TMDL,NIT-KJELD,Kjeldahl nitrogen (AS N),Total,,0.8,mg/l,True,0.1,,,351.2,UHL001,Actual,SW,Water,,,Clayton,07060004,River/Stream,,42.973151,-91.441907
6,11220018,Unnamed Tributary to Silver Creek near Luana (Site SiCr5),09/06/2006 14:05:00,TMDL,NIT-KJELD,Kjeldahl nitrogen (AS N),Total,,3.6,mg/l,True,0.1,,,351.2,UHL001,Actual,SW,Water,,,Clayton,07060004,River/Stream,,43.042488,-91.441209
6,11220017,Silver Creek near Luana (Site SiCr4),01/08/2007 11:05:00,TMDL,NIT-KJELD,Kjeldahl nitrogen (AS N),Total,,0.3,mg/l,True,0.1,,,351.2,UHL001,Actual,SW,Water,,,Clayton,07060004,River/Stream,,43.016854,-91.46942
6,11220014,Silver Creek at 172nd St. (Site SC04/SiCr1),02/14/2007 09:30:00,TMDL,NIT-KJELD,Kjeldahl nitrogen (AS N),Total,,1.2,mg/l,True,0.1,,,351.2,UHL001,Actual,SW,Water,,,Clayton,07060004,River/Stream,,42.973151,-91.441907
6,11220018,Unnamed Tributary to Silver Creek near Luana (Site SiCr5),02/14/2007 10:30:00,TMDL,NIT-KJELD,Kjeldahl nitrogen (AS N),Total,,5.4,mg/l,True,0.1,,,351.2,UHL001,Actual,SW,Water,,,Clayton,07060004,River/Stream,,43.042488,-91.441209
6,11220017,Silver Creek near Luana (Site SiCr4),03/07/2007 11:00:00,TMDL,NIT-KJELD,Kjeldahl nitrogen (AS N),Total,,0.4,mg/l,True,0.1,,,351.2,UHL001,Actual,SW,Water,,,Clayton,07060004,River/Stream,,43.016854,-91.46942
6,11220018,Unnamed Tributary to Silver Creek near Luana (Site SiCr5),03/21/2007 10:30:00,TMDL,NIT-KJELD,Kjeldahl nitrogen (AS N),Total,,4,mg/l,True,0.1,,,351.2,UHL001,Actual,SW,Water,,,Clayton,07060004,River/Stream,,43.042488,-91.441209
6,11220018,Unnamed Tributary to Silver Creek near Luana (Site SiCr5),03/07/2007 10:30:00,TMDL,NIT-KJELD,Kjeldahl nitrogen (AS N),Total,,13,mg/l,True,0.1,,,351.2,UHL001,Actual,SW,Water,,,Clayton,07060004,River/Stream,,43.042488,-91.441209
6,11220014,Silver Creek at 172nd St. (Site SC04/SiCr1),03/21/2007 11:20:00,TMDL,NIT-KJELD,Kjeldahl nitrogen (AS N),Total,,2.2,mg/l,True,0.1,,,351.2,UHL001,Actual,SW,Water,,,Clayton,07060004,River/Stream,,42.973151,-91.441907
6,11220017,Silver Creek near Luana (Site SiCr4),04/03/2007 09:45:00,TMDL,NIT-KJELD,Kjeldahl nitrogen (AS N),Total,,2,mg/l,True,0.1,,,351.2,UHL001,Actual,SW,Water,,,Clayton,07060004,River/Stream,,43.016854,-91.46942
6,11220018,Unnamed Tributary to Silver Creek near Luana (Site SiCr5),04/17/2007 10:30:00,TMDL,NIT-KJELD,Kjeldahl nitrogen (AS N),Total,,3.2,mg/l,True,0.1,,,351.2,UHL001,Actual,SW,Water,,,Clayton,07060004,River/Stream,,43.042488,-91.441209
6,11220014,Silver Creek at 172nd St. (Site SC04/SiCr1),04/17/2007 11:30:00,TMDL,NIT-KJELD,Kjeldahl nitrogen (AS N),Total,,0.9,mg/l,True,0.1,,,351.2,UHL001,Actual,SW,Water,,,Clayton,07060004,River/Stream,,42.973151,-91.441907
6,11220017,Silver Creek near Luana (Site SiCr4),06/07/2007 11:05:00,TMDL,NIT-KJELD,Kjeldahl nitrogen (AS N),Total,,0.4,mg/l,True,0.1,,,351.2,UHL001,Actual,SW,Water,,,Clayton,07060004,River/Stream,,43.016854,-91.46942
6,11220017,Silver Creek near Luana (Site SiCr4),06/20/2007 11:05:00,TMDL,NIT-KJELD,Kjeldahl nitrogen (AS N),Total,,0.4,mg/l,True,0.1,,,351.2,UHL001,Actual,SW,Water,,,Clayton,07060004,River/Stream,,43.016854,-91.46942
6,11220014,Silver Creek at 172nd St. (Site SC04/SiCr1),09/24/2007 09:40:00,TMDL,NIT-KJELD,Kjeldahl nitrogen (AS N),Total,,1,mg/l,True,0.1,,,351.2,UHL001,Actual,SW,Water,,,Clayton,07060004,River/Stream,,42.973151,-91.441907
6,11220020,Unnamed Trib to Silver Creek at 125th St. (SC08),07/16/2008 10:30:00,TMDL,NIT-KJELD,Kjeldahl nitrogen (AS N),Total,,0.4,mg/l,True,0.1,,,351.2,UHL001,Actual,SW,Water,,,Clayton,07060004,River/Stream,,43.044508,-91.408351
6,11220018,Unnamed Tributary to Silver Creek near Luana (Site SiCr5),07/16/2008 11:25:00,TMDL,NIT-KJELD,Kjeldahl nitrogen (AS N),Total,,4.9,mg/l,True,0.1,,,351.2,UHL001,Actual,SW,Water,,,Clayton,07060004,River/Stream,,43.042488,-91.441209
6,11220014,Silver Creek at 172nd St. (Site SC04/SiCr1),07/31/2008 09:05:00,TMDL,NIT-KJELD,Kjeldahl nitrogen (AS N),Total,,0.7,mg/l,True,0.1,,,351.2,UHL001,Actual,SW,Water,,,Clayton,07060004,River/Stream,,42.973151,-91.441907
6,11220020,Unnamed Trib to Silver Creek at 125th St. (SC08),07/31/2008 12:15:00,TMDL,NIT-KJELD,Kjeldahl nitrogen (AS N),Total,,3.1,mg/l,True,0.1,,,351.2,UHL001,Actual,SW,Water,,,Clayton,07060004,River/Stream,,43.044508,-91.408351
6,11220020,Unnamed Trib to Silver Creek at 125th St. (SC08),08/11/2008 10:45:00,TMDL,NIT-KJELD,Kjeldahl nitrogen (AS N),Total,,0.8,mg/l,True,0.1,,,351.2,UHL001,Actual,SW,Water,,,Clayton,07060004,River/Stream,,43.044508,-91.408351
6,11220021,Creamery Effluent at Highway 52 near Luana,08/11/2008 10:20:00,TMDL,NIT-KJELD,Kjeldahl nitrogen (AS N),Total,,15,mg/l,True,0.1,,,351.2,UHL001,Actual,SW,Water,,,Clayton,07060004,River/Stream,,43.051165,-91.439633
6,11220014,Silver Creek at 172nd St. (Site SC04/SiCr1),08/11/2008 09:30:00,TMDL,NIT-KJELD,Kjeldahl nitrogen (AS N),Total,,0.9,mg/l,True,0.1,,,351.2,UHL001,Actual,SW,Water,,,Clayton,07060004,River/Stream,,42.973151,-91.441907
6,11220014,Silver Creek at 172nd St. (Site SC04/SiCr1),08/27/2008 09:00:00,TMDL,NIT-KJELD,Kjeldahl nitrogen (AS N),Total,,6,mg/l,True,0.1,,,351.2,UHL001,Actual,SW,Water,,,Clayton,07060004,River/Stream,,42.973151,-91.441907
6,11220020,Unnamed Trib to Silver Creek at 125th St. (SC08),08/27/2008 11:10:00,TMDL,NIT-KJELD,Kjeldahl nitrogen (AS N),Total,,1,mg/l,True,0.1,,,351.2,UHL001,Actual,SW,Water,,,Clayton,07060004,River/Stream,,43.044508,-91.408351
6,11220020,Unnamed Trib to Silver Creek at 125th St. (SC08),09/11/2008 11:50:00,TMDL,NIT-KJELD,Kjeldahl nitrogen (AS N),Total,,2.9,mg/l,True,0.1,,,351.2,UHL001,Actual,SW,Water,,,Clayton,07060004,River/Stream,,43.044508,-91.408351
6,11220014,Silver Creek at 172nd St. (Site SC04/SiCr1),09/11/2008 10:00:00,TMDL,NIT-KJELD,Kjeldahl nitrogen (AS N),Total,,1.1,mg/l,True,0.1,,,351.2,UHL001,Actual,SW,Water,,,Clayton,07060004,River/Stream,,42.973151,-91.441907
6,11220018,Unnamed Tributary to Silver Creek near Luana (Site SiCr5),09/24/2008 11:50:00,TMDL,NIT-KJELD,Kjeldahl nitrogen (AS N),Total,,7.2,mg/l,True,0.1,,,351.2,UHL001,Actual,SW,Water,,,Clayton,07060004,River/Stream,,43.042488,-91.441209
6,11220021,Creamery Effluent at Highway 52 near Luana,09/24/2008 12:30:00,TMDL,NIT-KJELD,Kjeldahl nitrogen (AS N),Total,,1.7,mg/l,True,0.1,,,351.2,UHL001,Actual,SW,Water,,,Clayton,07060004,River/Stream,,43.051165,-91.439633
6,11220013,Peck Creek near Osterdock (Site PeC2),07/11/2011 13:10:00,TMDL,NIT-KJELD,Kjeldahl nitrogen (AS N),Total,,0.5,mg/l,True,0.1,,,351.2,UHL001,Actual,SW,Water,,,Clayton,07060004,River/Stream,,42.714055,-91.153443
6,11220013,Peck Creek near Osterdock (Site PeC2),07/25/2011 10:10:00,TMDL,NIT-KJELD,Kjeldahl nitrogen (AS N),Total,,0.1,mg/l,False,0.1,,,351.2,UHL001,Actual,SW,Water,,,Clayton,07060004,River/Stream,,42.714055,-91.153443
6,11220023,Peck Creek at Osterdock (site pecr3),08/24/2011 09:00:00,TMDL,NIT-KJELD,Kjeldahl nitrogen (AS N),Total,,0.3,mg/l,True,0.1,,,351.2,UHL001,Actual,SW,Water,,,Clayton,07060004,River/Stream,,42.695322,-91.166768
6,11220013,Peck Creek near Osterdock (Site PeC2),09/22/2011 10:30:00,TMDL,NIT-KJELD,Kjeldahl nitrogen (AS N),Total,,0.1,mg/l,False,0.1,,,351.2,UHL001,Actual,SW,Water,,,Clayton,07060004,River/Stream,,42.714055,-91.153443
6,11220013,Peck Creek near Osterdock (Site PeC2),09/07/2011 08:10:00,TMDL,NIT-KJELD,Kjeldahl nitrogen (AS N),Total,,0.1,mg/l,False,0.1,,,351.2,UHL001,Actual,SW,Water,,,Clayton,07060004,River/Stream,,42.714055,-91.153443
6,11220023,Peck Creek at Osterdock (site pecr3),10/11/2011 09:30:00,TMDL,NIT-KJELD,Kjeldahl nitrogen (AS N),Total,,0.1,mg/l,False,0.1,,,351.2,UHL001,Actual,SW,Water,,,Clayton,07060004,River/Stream,,42.695322,-91.166768
6,11220023,Peck Creek at Osterdock (site pecr3),10/24/2011 09:15:00,TMDL,NIT-KJELD,Kjeldahl nitrogen (AS N),Total,,0.1,mg/l,False,0.1,,,351.2,UHL001,Actual,SW,Water,,,Clayton,07060004,River/Stream,,42.695322,-91.166768
6,12220002,North Cedar Creek-Public Access Area- Sny Magill,07/11/2011 13:50:00,AMBBIO,NIT-KJELD,Kjeldahl nitrogen (AS N),Total,,0.1,mg/l,True,0.1,,,LAC10-107-06-2E,UHL001,Actual,SW,Water,,,Clayton,07060003,River/Stream,,42.96248573,-91.22933069
6,12220010,South Cedar Creek-Garnavillo-SoCed1,07/11/2011 09:40:00,AMBBIO,NIT-KJELD,Kjeldahl nitrogen (AS N),Total,,0.1,mg/l,False,0.1,,,LAC10-107-06-2E,UHL001,Actual,SW,Water,,,Clayton,07060004,River/Stream,,42.8298658,-91.2442284
6,12220011,Buck Creek-Garnavillo (S.E. near Ceres),07/14/2011 11:30:00,AMBBIO,NIT-KJELD,Kjeldahl nitrogen (AS N),Total,,0.2,mg/l,True,0.1,,,LAC10-107-06-2E,UHL001,Actual,SW,Water,,,Clayton,07060003,River/Stream,,42.8418987,-91.1678821
6,11220023,Peck Creek at Osterdock (site pecr3),04/27/2011 12:20:00,TMDL,NIT-KJELD,Kjeldahl nitrogen (AS N),Total,,0.2,mg/l,True,0.1,,,351.2,UHL001,Actual,SW,Water,,,Clayton,07060004,River/Stream,,42.695322,-91.166768
6,11220013,Peck Creek near Osterdock (Site PeC2),04/19/2011 18:14:00,TMDL,NIT-KJELD,Kjeldahl nitrogen (AS N),Total,,3.9,mg/l,True,0.1,,,351.2,UHL002,Actual,SW,Water,,,Clayton,07060004,River/Stream,,42.714055,-91.153443
6,11220023,Peck Creek at Osterdock (site pecr3),06/22/2011 09:45:00,TMDL,NIT-KJELD,Kjeldahl nitrogen (AS N),Total,,0.2,mg/l,True,0.1,,,351.2,UHL001,Actual,SW,Water,,,Clayton,07060004,River/Stream,,42.695322,-91.166768
6,11220013,Peck Creek near Osterdock (Site PeC2),04/20/2011 05:14:00,TMDL,NIT-KJELD,Kjeldahl nitrogen (AS N),Total,,2,mg/l,True,0.1,,,351.2,UHL002,Actual,SW,Water,,,Clayton,07060004,River/Stream,,42.714055,-91.153443
6,11220023,Peck Creek at Osterdock (site pecr3),05/26/2011 08:10:00,TMDL,NIT-KJELD,Kjeldahl nitrogen (AS N),Total,,0.1,mg/l,False,0.1,,,351.2,UHL001,Actual,SW,Water,,,Clayton,07060004,River/Stream,,42.695322,-91.166768
6,11220013,Peck Creek near Osterdock (Site PeC2),05/09/2011 09:30:00,TMDL,NIT-KJELD,Kjeldahl nitrogen (AS N),Total,,0.1,mg/l,False,0.1,,,351.2,UHL001,Actual,SW,Water,,,Clayton,07060004,River/Stream,,42.714055,-91.153443
6,11220020,Unnamed Trib to Silver Creek at 125th St. (SC08),09/24/2008 13:55:00,TMDL,NIT-KJELD,Kjeldahl nitrogen (AS N),Total,,0.4,mg/l,True,0.1,,,351.2,UHL001,Actual,SW,Water,,,Clayton,07060004,River/Stream,,43.044508,-91.408351
6,11220020,Unnamed Trib to Silver Creek at 125th St. (SC08),10/07/2008 11:10:00,TMDL,NIT-KJELD,Kjeldahl nitrogen (AS N),Total,,0.6,mg/l,True,0.1,,,351.2,UHL001,Actual,SW,Water,,,Clayton,07060004,River/Stream,,43.044508,-91.408351
6,11220021,Creamery Effluent at Highway 52 near Luana,10/07/2008 10:30:00,TMDL,NIT-KJELD,Kjeldahl nitrogen (AS N),Total,,6.9,mg/l,True,0.1,,,351.2,UHL001,Actual,SW,Water,,,Clayton,07060004,River/Stream,,43.051165,-91.439633
6,11220014,Silver Creek at 172nd St. (Site SC04/SiCr1),10/07/2008 09:20:00,TMDL,NIT-KJELD,Kjeldahl nitrogen (AS N),Total,,1,mg/l,True,0.1,,,351.2,UHL001,Actual,SW,Water,,,Clayton,07060004,River/Stream,,42.973151,-91.441907
6,11220023,Peck Creek at Osterdock (site pecr3),03/30/2011 09:20:00,TMDL,NIT-KJELD,Kjeldahl nitrogen (AS N),Total,,0.1,mg/l,False,0.1,,,351.2,UHL001,Actual,SW,Water,,,Clayton,07060004,River/Stream,,42.695322,-91.166768
6,11220023,Peck Creek at Osterdock (site pecr3),04/14/2011 09:40:00,TMDL,NIT-KJELD,Kjeldahl nitrogen (AS N),Total,,0.3,mg/l,True,0.1,,,351.2,UHL001,Actual,SW,Water,,,Clayton,07060004,River/Stream,,42.695322,-91.166768
6,12220010,South Cedar Creek-Garnavillo-SoCed1,08/08/2011 14:00:00,AMBBIO,NIT-KJELD,Kjeldahl nitrogen (AS N),Total,,0.1,mg/l,False,0.1,,,LAC10-107-06-2E,UHL001,Actual,SW,Water,,,Clayton,07060004,River/Stream,,42.8298658,-91.2442284
6,12220002,North Cedar Creek-Public Access Area- Sny Magill,08/11/2011 08:10:00,AMBBIO,NIT-KJELD,Kjeldahl nitrogen (AS N),Total,,0.1,mg/l,False,0.1,,,LAC10-107-06-2E,UHL001,Actual,SW,Water,,,Clayton,07060003,River/Stream,,42.96248573,-91.22933069
6,12220002,North Cedar Creek-Public Access Area- Sny Magill,09/20/2011 11:40:00,AMBBIO,NIT-KJELD,Kjeldahl nitrogen (AS N),Total,,0.4,mg/l,True,0.1,,,LAC10-107-06-2E,UHL001,Actual,SW,Water,,,Clayton,07060003,River/Stream,,42.96248573,-91.22933069
6,12220016,Bluebell Creek-Millville,05/28/2015 08:20:00,AMBBIO,NIT-KJELD,Kjeldahl nitrogen (AS N),Total,,0.2,mg/l,True,0.1,,,LAC10-107-06-2E,UHL001,Actual,SW,Water,,,Clayton,07060004,River/Stream,,42.68761645,-91.03553088
6,14000049,Mossy Glen Creek - Edgewood-Mossy Glen Preserve,07/20/2015 09:10:00,AMBBIO,NIT-KJELD,Kjeldahl nitrogen (AS N),Total,,0.1,mg/l,False,0.1,,,LAC10-107-06-2E,UHL001,Actual,SW,Water,,,Clayton,07060004,River/Stream,,42.7085,-91.426101
6,14000103,Unnamed Tributary to Volga River - Volga (UTVR2),09/21/2015 12:00:00,AMBBIO,NIT-KJELD,Kjeldahl nitrogen (AS N),Total,,0.1,mg/l,False,0.1,,,LAC10-107-06-2E,UHL001,Actual,SW,Water,,,Clayton,07060004,River/Stream,,42.836556,-91.562467
6,12220006,Silver Creek Gunder,08/02/2000 00:00:00,LEGACYAMBBIO,NIT-KJELD,Kjeldahl nitrogen (AS N),Total,,1.4,mg/l,True,0.1,,,351.2,UHL001,Actual,SW,Water,,,Clayton,07060004,River/Stream,,42.9871,-91.45264
6,12220003,Roberts Creek St Olaf,07/31/2000 00:00:00,LEGACYAMBBIO,NIT-KJELD,Kjeldahl nitrogen (AS N),Total,,0.5,mg/l,True,0.1,,,351.2,UHL001,Actual,SW,Water,,,Clayton,07060004,River/Stream,,42.9168,-91.38848
6,12220004,Roberts Creek Farmersburg,08/01/2000 00:00:00,LEGACYAMBBIO,NIT-KJELD,Kjeldahl nitrogen (AS N),Total,,0.6,mg/l,True,0.1,,,351.2,UHL001,Actual,SW,Water,,,Clayton,07060004,River/Stream,,42.9514,-91.41017
6,12220002,North Cedar Creek-Public Access Area- Sny Magill,07/25/2000 00:00:00,LEGACYAMBBIO,NIT-KJELD,Kjeldahl nitrogen (AS N),Total,,0.4,mg/l,True,0.1,,,351.2,UHL001,Actual,SW,Water,,,Clayton,07060003,River/Stream,,42.96248573,-91.22933069
6,12220002,North Cedar Creek-Public Access Area- Sny Magill,08/22/1994 00:00:00,LEGACYAMBBIO,NIT-KJELD,Kjeldahl nitrogen (AS N),Total,,0.1,mg/l,False,0.1,,,351.2,UHL001,Actual,SW,Water,,,Clayton,07060003,River/Stream,,42.96248573,-91.22933069
6,12220007,Maquoketa River-Strawberry Point-Maq2,09/12/2007 00:00:00,LEGACYAMBBIO,NIT-KJELD,Kjeldahl nitrogen (AS N),Total,,0.4,mg/l,True,0.1,,,351.2,UHL001,Actual,SW,Water,,,Clayton,07060006,River/Stream,,42.669964,-91.594525
6,12220005,Roberts Creek Postville,08/01/2000 00:00:00,LEGACYAMBBIO,NIT-KJELD,Kjeldahl nitrogen (AS N),Total,,0.4,mg/l,True,0.1,,,351.2,UHL001,Actual,SW,Water,,,Clayton,07060004,River/Stream,,43.02102,-91.51978
6,12220001,Miners Creek-Guttenburg,10/17/2001 00:00:00,LEGACYAMBBIO,NIT-KJELD,Kjeldahl nitrogen (AS N),Total,,1.5,mg/l,True,0.05,,,351.2,UHL001,Actual,SW,Water,,,Clayton,07060004,River/Stream,,42.788189,-91.125629
6,12220009,Buck Creek-Garnavillo-BuCr1,09/18/2007 00:00:00,LEGACYAMBBIO,NIT-KJELD,Kjeldahl nitrogen (AS N),Total,,0.3,mg/l,True,0.1,,,351.2,UHL001,Actual,SW,Water,,,Clayton,07060003,River/Stream,,42.88706,-91.203849
6,12220008,Brownfield Creek-Colesburg-BroCr1,09/18/2007 00:00:00,LEGACYAMBBIO,NIT-KJELD,Kjeldahl nitrogen (AS N),Total,,0.2,mg/l,True,0.1,,,351.2,UHL001,Actual,SW,Water,,,Clayton,07060004,River/Stream,,42.656774,-91.24807
6,12220010,South Cedar Creek-Garnavillo-SoCed1,09/18/2007 00:00:00,LEGACYAMBBIO,NIT-KJELD,Kjeldahl nitrogen (AS N),Total,,0.4,mg/l,True,0.1,,,351.2,UHL001,Actual,SW,Water,,,Clayton,07060004,River/Stream,,42.8298658,-91.2442284
6,12220016,Bluebell Creek-Millville,06/10/2013 12:30:00,AMBBIO,NIT-KJELD,Kjeldahl nitrogen (AS N),Total,,0.2,mg/l,True,0.1,,,LAC10-107-06-2E,UHL001,Actual,SW,Water,,,Clayton,07060004,River/Stream,,42.68761645,-91.03553088
6,12220014,Doe Creek-Littleport,07/30/2013 08:45:00,AMBBIO,NIT-KJELD,Kjeldahl nitrogen (AS N),Total,,0.3,mg/l,True,0.1,,,LAC10-107-06-2E,UHL001,Actual,SW,Water,,,Clayton,07060004,River/Stream,,42.72758663,-91.36722113
6,12220013,Honey Creek-Littleport-HW60,07/30/2013 13:15:00,AMBBIO,NIT-KJELD,Kjeldahl nitrogen (AS N),Total,,0.3,mg/l,True,0.1,,,LAC10-107-06-2E,UHL001,Actual,SW,Water,,,Clayton,07060004,River/Stream,,42.72517921,-91.44927689
6,12220011,Buck Creek-Garnavillo (S.E. near Ceres),08/05/2013 12:30:00,AMBBIO,NIT-KJELD,Kjeldahl nitrogen (AS N),Total,,0.1,mg/l,False,0.1,,,LAC10-107-06-2E,UHL001,Actual,SW,Water,,,Clayton,07060003,River/Stream,,42.8418987,-91.1678821
6,12220015,Wolf Creek-Volga,09/17/2013 07:45:00,AMBBIO,NIT-KJELD,Kjeldahl nitrogen (AS N),Total,,0.2,mg/l,True,0.1,,,LAC10-107-06-2E,UHL001,Actual,SW,Water,,,Clayton,07060004,River/Stream,,42.816033,-91.525647
6,12220012,Cox Creek (aka Alderson Hollow)-Strawberry Point,09/17/2013 12:00:00,AMBBIO,NIT-KJELD,Kjeldahl nitrogen (AS N),Total,,0.2,mg/l,True,0.1,,,LAC10-107-06-2E,UHL001,Actual,SW,Water,,,Clayton,07060004,River/Stream,,42.7045269,-91.5006885
6,12220016,Bluebell Creek-Millville,05/27/2014 09:25:00,AMBBIO,NIT-KJELD,Kjeldahl nitrogen (AS N),Total,,0.1,mg/l,False,0.1,,,LAC10-107-06-2E,UHL001,Actual,SW,Water,,,Clayton,07060004,River/Stream,,42.68761645,-91.03553088
6,12220002,North Cedar Creek-Public Access Area- Sny Magill,08/05/2014 08:25:00,AMBBIO,NIT-KJELD,Kjeldahl nitrogen (AS N),Total,,0.1,mg/l,False,0.1,,,LAC10-107-06-2E,UHL001,Actual,SW,Water,,,Clayton,07060003,River/Stream,,42.96248573,-91.22933069
6,14000104,Unnamed Tributary to Volga River - Volga (UTVR1),07/22/2014 07:45:00,AMBBIO,NIT-KJELD,Kjeldahl nitrogen (AS N),Total,,0.4,mg/l,True,0.1,,,LAC10-107-06-2E,UHL001,Actual,SW,Water,,,Clayton,07060004,River/Stream,,42.814928,-91.580019
6,11220014,Silver Creek at 172nd St. (Site SC04/SiCr1),08/14/2014 11:10:00,AMBBIO,NIT-KJELD,Kjeldahl nitrogen (AS N),Total,,1.8,mg/l,True,0.1,,,LAC10-107-06-2E,UHL001,Actual,SW,Water,,,Clayton,07060004,River/Stream,,42.973151,-91.441907
6,14000133,Silver Creek near Luana,08/14/2014 08:35:00,AMBBIO,NIT-KJELD,Kjeldahl nitrogen (AS N),Total,,0.5,mg/l,True,0.1,,,LAC10-107-06-2E,UHL001,Actual,SW,Water,,,Clayton,07060004,River/Stream,,43.00276,-91.45235
6,14000097,Unnamed Tributary to Turkey River - Elgin (Site 6),09/24/2014 08:15:00,AMBBIO,NIT-KJELD,Kjeldahl nitrogen (AS N),Total,,0.2,mg/l,True,0.1,,,LAC10-107-06-2E,UHL001,Actual,SW,Water,,,Clayton,07060004,River/Stream,,42.987802,-91.564454
6,12220013,Honey Creek-Littleport-HW60,07/23/2012 14:40:00,AMBBIO,NIT-KJELD,Kjeldahl nitrogen (AS N),Total,,0.3,mg/l,True,0.1,,,LAC10-107-06-2E,UHL001,Actual,SW,Water,,,Clayton,07060004,River/Stream,,42.72517921,-91.44927689
6,12220014,Doe Creek-Littleport,07/23/2012 09:00:00,AMBBIO,NIT-KJELD,Kjeldahl nitrogen (AS N),Total,,0.8,mg/l,True,0.1,,,LAC10-107-06-2E,UHL001,Actual,SW,Water,,,Clayton,07060004,River/Stream,,42.72758663,-91.36722113
6,12220015,Wolf Creek-Volga,09/10/2012 09:00:00,AMBBIO,NIT-KJELD,Kjeldahl nitrogen (AS N),Total,,0.2,mg/l,True,0.1,,,LAC10-107-06-2E,UHL001,Actual,SW,Water,,,Clayton,07060004,River/Stream,,42.816033,-91.525647
6,12220002,North Cedar Creek-Public Access Area- Sny Magill,08/31/2016 09:15:00,AMBBIO,NIT-KJELD,Kjeldahl nitrogen (AS N),Total,,0.1,mg/l,False,0.1,,,LAC10-107-06-2E,UHL001,Actual,SW,Water,,,Clayton,07060003,River/Stream,,42.96248573,-91.22933069
6,14000076,Unnamed Tributary to Cox Creek - Volga,05/23/2016 10:00:00,AMBBIO,NIT-KJELD,Kjeldahl nitrogen (AS N),Total,,0.1,mg/l,True,0.1,,,LAC10-107-06-2E,UHL001,Actual,SW,Water,,,Clayton,07060004,River/Stream,,42.752911,-91.464324
6,12220002,North Cedar Creek-Public Access Area- Sny Magill,07/17/2017 09:15:00,AMBBIO,NIT-KJELD,Kjeldahl nitrogen (AS N),Total,,0.1,mg/l,False,0.1,,,LAC10-107-06-2E,UHL001,Actual,SW,Water,,,Clayton,07060003,River/Stream,,42.96248573,-91.22933069
6,14000225,Wolf Creek,08/28/2017 07:00:00,AMBBIO,NIT-KJELD,Kjeldahl nitrogen (AS N),Total,,0.4,mg/l,True,0.1,,,LAC10-107-06-2E,UHL001,Actual,SW,Water,,Sample exceeded required temperature upon receipt.,Clayton,07060004,River/Stream,,42.72829,-91.29208
6,12220002,North Cedar Creek-Public Access Area- Sny Magill,07/24/2018 08:45:00,AMBBIO,NIT-KJELD,Kjeldahl nitrogen (AS N),Total,,0.25,mg/l,True,0.1,,,LAC10-107-06-2E,UHL001,Actual,SW,Water,,,Clayton,07060003,River/Stream,,42.96248573,-91.22933069
6,14000104,Unnamed Tributary to Volga River - Volga (UTVR1),07/31/2018 11:15:00,AMBBIO,NIT-KJELD,Kjeldahl nitrogen (AS N),Total,,0.5,mg/l,True,0.1,,,LAC10-107-06-2E,UHL001,Actual,SW,Water,,,Clayton,07060004,River/Stream,,42.814928,-91.580019
6,11220014,Silver Creek at 172nd St. (Site SC04/SiCr1),08/20/2018 10:10:00,AMBBIO,NIT-KJELD,Kjeldahl nitrogen (AS N),Total,,1,mg/l,True,0.1,,,LAC10-107-06-2E,UHL001,Actual,SW,Water,,,Clayton,07060004,River/Stream,,42.973151,-91.441907
6,14000336,Sny McGill- North Cedar WMA,06/09/2020 11:30:00,AMBWETLAND,NIT-KJELD,Kjeldahl nitrogen (AS N),Total,,0.58,mg/l,True,0.1,,,LAC 10-107-06-2M,UHL001,Actual,SW,Water,,,Clayton,07060003,Wetland-Riverine,,42.9545,-91.199
6,14000336,Sny McGill- North Cedar WMA,07/28/2020 11:15:00,AMBWETLAND,NIT-KJELD,Kjeldahl nitrogen (AS N),Total,,0.37,mg/l,True,0.1,,,LAC 10-107-06-2M,UHL001,Actual,SW,Water,,,Clayton,07060003,Wetland-Riverine,,42.9545,-91.199
6,12220002,North Cedar Creek-Public Access Area- Sny Magill,07/17/2019 07:40:00,AMBBIO,NIT-KJELD,Kjeldahl nitrogen (AS N),Total,,0.24,mg/l,True,0.1,,,LAC 10-107-06-2M,UHL001,Actual,SW,Water,,,Clayton,07060003,River/Stream,,42.96248573,-91.22933069
6,14000049,Mossy Glen Creek - Edgewood-Mossy Glen Preserve,07/15/2019 09:30:00,AMBBIO,NIT-KJELD,Kjeldahl nitrogen (AS N),Total,,0.1,mg/l,False,0.1,,,LAC 10-107-06-2M,UHL001,Actual,SW,Water,,,Clayton,07060004,River/Stream,,42.7085,-91.426101
6,16220007,Volga River - Site 196,07/11/2006 00:00:00,LEGACYREMAP,NIT-KJELD,Kjeldahl nitrogen (AS N),Total,,0.4,mg/l,True,0.1,,,351.2,UHL001,Actual,SW,Water,,,Clayton,07060004,River/Stream,,42.754989,-91.363441
6,16220005,Bear Creek - Edgewood # 155,07/19/2005 00:00:00,LEGACYREMAP,NIT-KJELD,Kjeldahl nitrogen (AS N),Total,,0.2,mg/l,True,0.1,,,351.2,UHL001,Actual,SW,Water,,,Clayton,07060004,River/Stream,,42.672969,-91.393914
6,16220004,Hewitt Creek - Volga # 133,07/01/2013 09:00:00,AMBBIO,NIT-KJELD,Kjeldahl nitrogen (AS N),Total,,0.1,mg/l,False,0.1,,,LAC10-107-06-2E,UHL001,Actual,SW,Water,,,Clayton,07060004,River/Stream,,42.756825,-91.563285
6,16220004,Hewitt Creek - Volga # 133,07/16/2013 09:07:00,AMBBIO,NIT-KJELD,Kjeldahl nitrogen (AS N),Total,,0.3,mg/l,True,0.1,,,LAC10-107-06-2E,UHL001,Actual,SW,Water,,,Clayton,07060004,River/Stream,,42.756825,-91.563285
6,16220004,Hewitt Creek - Volga # 133,07/30/2013 09:00:00,AMBBIO,NIT-KJELD,Kjeldahl nitrogen (AS N),Total,,0.1,mg/l,True,0.1,,,LAC10-107-06-2E,UHL001,Actual,SW,Water,,,Clayton,07060004,River/Stream,,42.756825,-91.563285
6,16220004,Hewitt Creek - Volga # 133,08/29/2013 12:30:00,AMBBIO,NIT-KJELD,Kjeldahl nitrogen (AS N),Total,,0.2,mg/l,True,0.1,,,LAC10-107-06-2E,UHL001,Actual,SW,Water,,,Clayton,07060004,River/Stream,,42.756825,-91.563285
6,16220004,Hewitt Creek - Volga # 133,08/14/2013 08:50:00,AMBBIO,NIT-KJELD,Kjeldahl nitrogen (AS N),Total,,0.1,mg/l,False,0.1,,,LAC10-107-06-2E,UHL001,Actual,SW,Water,,,Clayton,07060004,River/Stream,,42.756825,-91.563285
6,16220004,Hewitt Creek - Volga # 133,09/09/2013 12:00:00,AMBBIO,NIT-KJELD,Kjeldahl nitrogen (AS N),Total,,0.2,mg/l,True,0.1,,,LAC10-107-06-2E,UHL001,Actual,SW,Water,,,Clayton,07060004,River/Stream,,42.756825,-91.563285
6,16220004,Hewitt Creek - Volga # 133,07/08/2014 13:00:00,AMBBIO,NIT-KJELD,Kjeldahl nitrogen (AS N),Total,,0.3,mg/l,True,0.1,,,LAC10-107-06-2E,UHL001,Actual,SW,Water,,,Clayton,07060004,River/Stream,,42.756825,-91.563285
6,16220004,Hewitt Creek - Volga # 133,07/21/2014 09:00:00,AMBBIO,NIT-KJELD,Kjeldahl nitrogen (AS N),Total,,0.2,mg/l,True,0.1,,,LAC10-107-06-2E,UHL001,Actual,SW,Water,,,Clayton,07060004,River/Stream,,42.756825,-91.563285
6,16220004,Hewitt Creek - Volga # 133,08/04/2014 08:50:00,AMBBIO,NIT-KJELD,Kjeldahl nitrogen (AS N),Total,,0.3,mg/l,True,0.1,,,LAC10-107-06-2E,UHL001,Actual,SW,Water,,,Clayton,07060004,River/Stream,,42.756825,-91.563285
6,16220004,Hewitt Creek - Volga # 133,08/18/2014 09:00:00,AMBBIO,NIT-KJELD,Kjeldahl nitrogen (AS N),Total,,0.1,mg/l,False,0.1,,,LAC10-107-06-2E,UHL001,Actual,SW,Water,,,Clayton,07060004,River/Stream,,42.756825,-91.563285
6,16220004,Hewitt Creek - Volga # 133,09/02/2014 09:00:00,AMBBIO,NIT-KJELD,Kjeldahl nitrogen (AS N),Total,,0.4,mg/l,True,0.1,,,LAC10-107-06-2E,UHL001,Actual,SW,Water,,,Clayton,07060004,River/Stream,,42.756825,-91.563285
6,16220001,Roberts Creek,08/01/2017 09:30:00,AMBBIO,NIT-KJELD,Kjeldahl nitrogen (AS N),Total,,0.4,mg/l,True,0.1,,,LAC10-107-06-2E,UHL001,Actual,SW,Water,,,Clayton,07060004,River/Stream,,42.963184,-91.461441
6,16220004,Hewitt Creek - Volga # 133,09/15/2014 08:40:00,AMBBIO,NIT-KJELD,Kjeldahl nitrogen (AS N),Total,,0.1,mg/l,False,0.1,,,LAC10-107-06-2E,UHL001,Actual,SW,Water,,,Clayton,07060004,River/Stream,,42.756825,-91.563285
6,16220006,North Cedar Creek - Clayton # 159,07/17/2019 09:00:00,AMBBIO,NIT-KJELD,Kjeldahl nitrogen (AS N),Total,,0.18,mg/l,True,0.1,,,LAC 10-107-06-2M,UHL001,Actual,SW,Water,,,Clayton,07060003,River/Stream,,42.947107,-91.232895
6,10220001,Turkey River near Garber,10/03/2016 08:00:00,AMBIENT,NIT-KJELD,Kjeldahl nitrogen (AS N),Total,,0.6,mg/l,True,0.1,,,LAC10-107-06-2E,UHL001,Actual,SW,Water,,,Clayton,07060004,River/Stream,,42.739547,-91.2619757
6,10220002,Volga River near Elkport,09/01/2016 08:30:00,AMBIENT,NIT-KJELD,Kjeldahl nitrogen (AS N),Total,,0.5,mg/l,True,0.1,,,LAC10-107-06-2E,UHL001,Actual,SW,Water,,,Clayton,07060004,River/Stream,,42.7497293,-91.2767798
6,10220002,Volga River near Elkport,10/03/2016 07:40:00,AMBIENT,NIT-KJELD,Kjeldahl nitrogen (AS N),Total,,0.6,mg/l,True,0.1,,,LAC10-107-06-2E,UHL001,Actual,SW,Water,,,Clayton,07060004,River/Stream,,42.7497293,-91.2767798
6,10220001,Turkey River near Garber,11/01/2016 11:50:00,AMBIENT,NIT-KJELD,Kjeldahl nitrogen (AS N),Total,,0.3,mg/l,True,0.1,,,LAC10-107-06-2E,UHL001,Actual,SW,Water,,,Clayton,07060004,River/Stream,,42.739547,-91.2619757
6,10220002,Volga River near Elkport,11/01/2016 11:35:00,AMBIENT,NIT-KJELD,Kjeldahl nitrogen (AS N),Total,,0.3,mg/l,True,0.1,,,LAC10-107-06-2E,UHL001,Actual,SW,Water,,,Clayton,07060004,River/Stream,,42.7497293,-91.2767798
6,10220002,Volga River near Elkport,12/07/2016 09:20:00,AMBIENT,NIT-KJELD,Kjeldahl nitrogen (AS N),Total,,0.1,mg/l,False,0.1,,,LAC10-107-06-2E,UHL001,Actual,SW,Water,,,Clayton,07060004,River/Stream,,42.7497293,-91.2767798
6,10220001,Turkey River near Garber,12/07/2016 09:40:00,AMBIENT,NIT-KJELD,Kjeldahl nitrogen (AS N),Total,,0.1,mg/l,False,0.1,,,LAC10-107-06-2E,UHL001,Actual,SW,Water,,,Clayton,07060004,River/Stream,,42.739547,-91.2619757
6,10220002,Volga River near Elkport,01/05/2017 11:30:00,AMBIENT,NIT-KJELD,Kjeldahl nitrogen (AS N),Total,,0.1,mg/l,False,0.1,,,LAC10-107-06-2E,UHL001,Actual,SW,Water,,,Clayton,07060004,River/Stream,,42.7497293,-91.2767798
6,10220002,Volga River near Elkport,02/01/2017 09:10:00,AMBIENT,NIT-KJELD,Kjeldahl nitrogen (AS N),Total,,0.3,mg/l,True,0.1,,,LAC10-107-06-2E,UHL001,Actual,SW,Water,,,Clayton,07060004,River/Stream,,42.7497293,-91.2767798
6,10220001,Turkey River near Garber,01/05/2017 12:05:00,AMBIENT,NIT-KJELD,Kjeldahl nitrogen (AS N),Total,,0.2,mg/l,True,0.1,,,LAC10-107-06-2E,UHL001,Actual,SW,Water,,,Clayton,07060004,River/Stream,,42.739547,-91.2619757
6,10220001,Turkey River near Garber,02/01/2017 08:55:00,AMBIENT,NIT-KJELD,Kjeldahl nitrogen (AS N),Total,,0.2,mg/l,True,0.1,,,LAC10-107-06-2E,UHL001,Actual,SW,Water,,,Clayton,07060004,River/Stream,,42.739547,-91.2619757
6,10220002,Volga River near Elkport,03/02/2017 11:25:00,AMBIENT,NIT-KJELD,Kjeldahl nitrogen (AS N),Total,,0.1,mg/l,True,0.1,,,LAC10-107-06-2E,UHL001,Actual,SW,Water,,,Clayton,07060004,River/Stream,,42.7497293,-91.2767798
6,10220001,Turkey River near Garber,03/02/2017 11:10:00,AMBIENT,NIT-KJELD,Kjeldahl nitrogen (AS N),Total,,0.9,mg/l,True,0.1,,,LAC10-107-06-2E,UHL001,Actual,SW,Water,,,Clayton,07060004,River/Stream,,42.739547,-91.2619757
6,10220001,Turkey River near Garber,04/10/2017 08:35:00,AMBIENT,NIT-KJELD,Kjeldahl nitrogen (AS N),Total,,0.4,mg/l,True,0.1,,,LAC10-107-06-2E,UHL001,Actual,SW,Water,,,Clayton,07060004,River/Stream,,42.739547,-91.2619757
6,10220002,Volga River near Elkport,04/10/2017 08:45:00,AMBIENT,NIT-KJELD,Kjeldahl nitrogen (AS N),Total,,0.5,mg/l,True,0.1,,,LAC10-107-06-2E,UHL001,Actual,SW,Water,,,Clayton,07060004,River/Stream,,42.7497293,-91.2767798
6,10220002,Volga River near Elkport,05/01/2017 09:20:00,AMBIENT,NIT-KJELD,Kjeldahl nitrogen (AS N),Total,,0.6,mg/l,True,0.1,,,LAC10-107-06-2E,UHL001,Actual,SW,Water,,,Clayton,07060004,River/Stream,,42.7497293,-91.2767798
6,10220001,Turkey River near Garber,06/07/2017 09:15:00,AMBIENT,NIT-KJELD,Kjeldahl nitrogen (AS N),Total,,0.6,mg/l,True,0.1,,,LAC10-107-06-2E,UHL001,Actual,SW,Water,,,Clayton,07060004,River/Stream,,42.739547,-91.2619757
6,10220001,Turkey River near Garber,05/01/2017 09:35:00,AMBIENT,NIT-KJELD,Kjeldahl nitrogen (AS N),Total,,0.5,mg/l,True,0.1,,,LAC10-107-06-2E,UHL001,Actual,SW,Water,,,Clayton,07060004,River/Stream,,42.739547,-91.2619757
6,10220002,Volga River near Elkport,06/07/2017 09:30:00,AMBIENT,NIT-KJELD,Kjeldahl nitrogen (AS N),Total,,0.6,mg/l,True,0.1,,,LAC10-107-06-2E,UHL001,Actual,SW,Water,,,Clayton,07060004,River/Stream,,42.7497293,-91.2767798
6,10220001,Turkey River near Garber,07/06/2017 08:50:00,AMBIENT,NIT-KJELD,Kjeldahl nitrogen (AS N),Total,,1,mg/l,True,0.1,,,LAC10-107-06-2E,UHL001,Actual,SW,Water,,,Clayton,07060004,River/Stream,,42.739547,-91.2619757
6,10220002,Volga River near Elkport,07/06/2017 08:15:00,AMBIENT,NIT-KJELD,Kjeldahl nitrogen (AS N),Total,,1,mg/l,True,0.1,,,LAC10-107-06-2E,UHL001,Actual,SW,Water,,,Clayton,07060004,River/Stream,,42.7497293,-91.2767798
6,10220001,Turkey River near Garber,08/02/2017 08:20:00,AMBIENT,NIT-KJELD,Kjeldahl nitrogen (AS N),Total,,0.5,mg/l,True,0.1,,,LAC10-107-06-2E,UHL001,Actual,SW,Water,,,Clayton,07060004,River/Stream,,42.739547,-91.2619757
6,10220002,Volga River near Elkport,08/02/2017 08:05:00,AMBIENT,NIT-KJELD,Kjeldahl nitrogen (AS N),Total,,0.4,mg/l,True,0.1,,,LAC10-107-06-2E,UHL001,Actual,SW,Water,,,Clayton,07060004,River/Stream,,42.7497293,-91.2767798
6,10220002,Volga River near Elkport,10/04/2017 09:00:00,AMBIENT,NIT-KJELD,Kjeldahl nitrogen (AS N),Total,,0.4,mg/l,True,0.1,,,LAC10-107-06-2E,UHL001,Actual,SW,Water,,,Clayton,07060004,River/Stream,,42.7497293,-91.2767798
6,10220002,Volga River near Elkport,09/07/2017 09:00:00,AMBIENT,NIT-KJELD,Kjeldahl nitrogen (AS N),Total,,0.4,mg/l,True,0.1,,,LAC10-107-06-2E,UHL001,Actual,SW,Water,,,Clayton,07060004,River/Stream,,42.7497293,-91.2767798
6,10220001,Turkey River near Garber,10/04/2017 09:30:00,AMBIENT,NIT-KJELD,Kjeldahl nitrogen (AS N),Total,,0.4,mg/l,True,0.1,,,LAC10-107-06-2E,UHL001,Actual,SW,Water,,,Clayton,07060004,River/Stream,,42.739547,-91.2619757
6,10220001,Turkey River near Garber,09/07/2017 09:30:00,AMBIENT,NIT-KJELD,Kjeldahl nitrogen (AS N),Total,,0.5,mg/l,True,0.1,,,LAC10-107-06-2E,UHL001,Actual,SW,Water,,,Clayton,07060004,River/Stream,,42.739547,-91.2619757
6,10220002,Volga River near Elkport,12/04/2017 09:00:00,AMBIENT,NIT-KJELD,Kjeldahl nitrogen (AS N),Total,,0.2,mg/l,True,0.1,,,LAC10-107-06-2E,UHL001,Actual,SW,Water,,,Clayton,07060004,River/Stream,,42.7497293,-91.2767798
6,10220001,Turkey River near Garber,12/04/2017 09:30:00,AMBIENT,NIT-KJELD,Kjeldahl nitrogen (AS N),Total,,0.2,mg/l,True,0.1,,,LAC10-107-06-2E,UHL001,Actual,SW,Water,,,Clayton,07060004,River/Stream,,42.739547,-91.2619757
6,10220002,Volga River near Elkport,11/06/2017 09:00:00,AMBIENT,NIT-KJELD,Kjeldahl nitrogen (AS N),Total,,0.1,mg/l,False,0.1,,,LAC10-107-06-2E,UHL001,Actual,SW,Water,,,Clayton,07060004,River/Stream,,42.7497293,-91.2767798
6,10220001,Turkey River near Garber,11/06/2017 09:40:00,AMBIENT,NIT-KJELD,Kjeldahl nitrogen (AS N),Total,,0.1,mg/l,False,0.1,,,LAC10-107-06-2E,UHL001,Actual,SW,Water,,,Clayton,07060004,River/Stream,,42.739547,-91.2619757
6,10220002,Volga River near Elkport,01/03/2018 09:20:00,AMBIENT,NIT-KJELD,Kjeldahl nitrogen (AS N),Total,,0.1,mg/l,False,0.1,,,LAC10-107-06-2E,UHL001,Actual,SW,Water,,,Clayton,07060004,River/Stream,,42.7497293,-91.2767798
6,10220001,Turkey River near Garber,02/05/2018 10:10:00,AMBIENT,NIT-KJELD,Kjeldahl nitrogen (AS N),Total,,1.1,mg/l,True,0.1,,,LAC10-107-06-2E,UHL001,Actual,SW,Water,,,Clayton,07060004,River/Stream,,42.739547,-91.2619757
6,10220001,Turkey River near Garber,01/03/2018 10:00:00,AMBIENT,NIT-KJELD,Kjeldahl nitrogen (AS N),Total,,0.1,mg/l,True,0.1,,,LAC10-107-06-2E,UHL001,Actual,SW,Water,,,Clayton,07060004,River/Stream,,42.739547,-91.2619757
6,10220002,Volga River near Elkport,02/05/2018 10:30:00,AMBIENT,NIT-KJELD,Kjeldahl nitrogen (AS N),Total,,0.6,mg/l,True,0.1,,,LAC10-107-06-2E,UHL001,Actual,SW,Water,,,Clayton,07060004,River/Stream,,42.7497293,-91.2767798
6,10220001,Turkey River near Garber,03/08/2018 10:45:00,AMBIENT,NIT-KJELD,Kjeldahl nitrogen (AS N),Total,,1.4,mg/l,True,0.1,,,LAC10-107-06-2E,UHL001,Actual,SW,Water,,,Clayton,07060004,River/Stream,,42.739547,-91.2619757
6,10220002,Volga River near Elkport,03/08/2018 10:15:00,AMBIENT,NIT-KJELD,Kjeldahl nitrogen (AS N),Total,,0.6,mg/l,True,0.1,,,LAC10-107-06-2E,UHL001,Actual,SW,Water,,,Clayton,07060004,River/Stream,,42.7497293,-91.2767798
6,10220002,Volga River near Elkport,04/10/2018 10:30:00,AMBIENT,NIT-KJELD,Kjeldahl nitrogen (AS N),Total,,0.3,mg/l,True,0.1,,,LAC10-107-06-2E,UHL001,Actual,SW,Water,,,Clayton,07060004,River/Stream,,42.7497293,-91.2767798
6,10220001,Turkey River near Garber,04/10/2018 10:15:00,AMBIENT,NIT-KJELD,Kjeldahl nitrogen (AS N),Total,,0.4,mg/l,True,0.1,,,LAC10-107-06-2E,UHL001,Actual,SW,Water,,,Clayton,07060004,River/Stream,,42.739547,-91.2619757
6,10220001,Turkey River near Garber,04/16/2018 11:00:00,PCALIB,NIT-KJELD,Kjeldahl nitrogen (AS N),Total,,3.5,mg/l,True,0.1,,,LAC10-107-06-2E,UHL001,Actual,SW,Water,,Event Sample.,Clayton,07060004,River/Stream,,42.739547,-91.2619757
6,10220001,Turkey River near Garber,05/07/2018 12:10:00,PCALIB,NIT-KJELD,Kjeldahl nitrogen (AS N),Total,,2.3,mg/l,True,0.1,,,LAC10-107-06-2E,UHL001,Actual,SW,Water,,Event Sample.,Clayton,07060004,River/Stream,,42.739547,-91.2619757
6,10220001,Turkey River near Garber,05/03/2018 12:50:00,PCALIB,NIT-KJELD,Kjeldahl nitrogen (AS N),Total,,0.67,mg/l,True,0.1,,,LAC10-107-06-2E,UHL001,Actual,SW,Water,,Event Sample.,Clayton,07060004,River/Stream,,42.739547,-91.2619757
6,10220001,Turkey River near Garber,05/08/2018 08:30:00,AMBIENT,NIT-KJELD,Kjeldahl nitrogen (AS N),Total,,1.9,mg/l,True,0.2,,,LAC10-107-06-2E,UHL001,Actual,SW,Water,,,Clayton,07060004,River/Stream,,42.739547,-91.2619757
6,10220002,Volga River near Elkport,05/08/2018 08:10:00,AMBIENT,NIT-KJELD,Kjeldahl nitrogen (AS N),Total,,0.7,mg/l,True,0.1,,,LAC10-107-06-2E,UHL001,Actual,SW,Water,,,Clayton,07060004,River/Stream,,42.7497293,-91.2767798
6,10220001,Turkey River near Garber,06/07/2018 11:05:00,AMBIENT,NIT-KJELD,Kjeldahl nitrogen (AS N),Total,,0.6,mg/l,True,0.1,,,LAC10-107-06-2E,UHL001,Actual,SW,Water,,,Clayton,07060004,River/Stream,,42.739547,-91.2619757
6,10220002,Volga River near Elkport,06/07/2018 11:20:00,AMBIENT,NIT-KJELD,Kjeldahl nitrogen (AS N),Total,,0.5,mg/l,True,0.1,,,LAC10-107-06-2E,UHL001,Actual,SW,Water,,,Clayton,07060004,River/Stream,,42.7497293,-91.2767798
6,10220002,Volga River near Elkport,07/09/2018 09:00:00,AMBIENT,NIT-KJELD,Kjeldahl nitrogen (AS N),Total,,0.5,mg/l,True,0.1,,,LAC10-107-06-2E,UHL001,Actual,SW,Water,,,Clayton,07060004,River/Stream,,42.7497293,-91.2767798
6,10220001,Turkey River near Garber,07/09/2018 09:25:00,AMBIENT,NIT-KJELD,Kjeldahl nitrogen (AS N),Total,,0.5,mg/l,True,0.1,,,LAC10-107-06-2E,UHL001,Actual,SW,Water,,,Clayton,07060004,River/Stream,,42.739547,-91.2619757
6,10220001,Turkey River near Garber,08/07/2018 09:20:00,AMBIENT,NIT-KJELD,Kjeldahl nitrogen (AS N),Total,,1.9,mg/l,True,0.1,,,LAC10-107-06-2E,UHL001,Actual,SW,Water,,,Clayton,07060004,River/Stream,,42.739547,-91.2619757
6,10220002,Volga River near Elkport,08/07/2018 09:00:00,AMBIENT,NIT-KJELD,Kjeldahl nitrogen (AS N),Total,,2.2,mg/l,True,0.1,,,LAC10-107-06-2E,UHL001,Actual,SW,Water,,,Clayton,07060004,River/Stream,,42.7497293,-91.2767798
6,10220001,Turkey River near Garber,06/11/2018 12:30:00,PCALIB,NIT-KJELD,Kjeldahl nitrogen (AS N),Total,,3.3,mg/l,True,0.1,,,LAC10-107-06-2E,UHL001,Actual,SW,Water,,,Clayton,07060004,River/Stream,,42.739547,-91.2619757
6,10220001,Turkey River near Garber,06/21/2018 14:10:00,PCALIB,NIT-KJELD,Kjeldahl nitrogen (AS N),Total,,2.1,mg/l,True,0.1,,,LAC10-107-06-2E,UHL001,Actual,SW,Water,,,Clayton,07060004,River/Stream,,42.739547,-91.2619757
6,10220001,Turkey River near Garber,08/06/2018 14:50:00,PCALIB,NIT-KJELD,Kjeldahl nitrogen (AS N),Total,,3.6,mg/l,True,0.1,,,LAC10-107-06-2E,UHL001,Actual,SW,Water,,,Clayton,07060004,River/Stream,,42.739547,-91.2619757
6,10220002,Volga River near Elkport,09/06/2018 09:00:00,AMBIENT,NIT-KJELD,Kjeldahl nitrogen (AS N),Total,,2.8,mg/l,True,0.1,,,LAC10-107-06-2E,UHL001,Actual,SW,Water,,,Clayton,07060004,River/Stream,,42.7497293,-91.2767798
6,10220001,Turkey River near Garber,09/06/2018 09:20:00,AMBIENT,NIT-KJELD,Kjeldahl nitrogen (AS N),Total,,2.7,mg/l,True,0.1,,,LAC10-107-06-2E,UHL001,Actual,SW,Water,,,Clayton,07060004,River/Stream,,42.739547,-91.2619757
6,10220002,Volga River near Elkport,10/02/2018 09:10:00,AMBIENT,NIT-KJELD,Kjeldahl nitrogen (AS N),Total,,3.9,mg/l,True,0.1,,,LAC10-107-06-2E,UHL001,Actual,SW,Water,,,Clayton,07060004,River/Stream,,42.7497293,-91.2767798
6,10220001,Turkey River near Garber,11/07/2018 09:15:00,AMBIENT,NIT-KJELD,Kjeldahl nitrogen (AS N),Total,,0.8,mg/l,True,0.1,,,LAC10-107-06-2E,UHL001,Actual,SW,Water,,"Corrected, view Note 1",Clayton,07060004,River/Stream,,42.739547,-91.2619757
6,10220001,Turkey River near Garber,10/02/2018 09:40:00,AMBIENT,NIT-KJELD,Kjeldahl nitrogen (AS N),Total,,4.7,mg/l,True,0.1,,,LAC10-107-06-2E,UHL001,Actual,SW,Water,,,Clayton,07060004,River/Stream,,42.739547,-91.2619757
6,10220002,Volga River near Elkport,11/07/2018 09:00:00,AMBIENT,NIT-KJELD,Kjeldahl nitrogen (AS N),Total,,0.7,mg/l,True,0.1,,,LAC10-107-06-2E,UHL001,Actual,SW,Water,,"Corrected, view Note 1",Clayton,07060004,River/Stream,,42.7497293,-91.2767798
6,10220002,Volga River near Elkport,12/05/2018 11:15:00,AMBIENT,NIT-KJELD,Kjeldahl nitrogen (AS N),Total,,0.2,mg/l,True,0.1,,,LAC10-107-06-2E,UHL001,Actual,SW,Water,,"Corrected, view Note 1",Clayton,07060004,River/Stream,,42.7497293,-91.2767798
6,10220001,Turkey River near Garber,12/05/2018 10:50:00,AMBIENT,NIT-KJELD,Kjeldahl nitrogen (AS N),Total,,0.2,mg/l,True,0.1,,,LAC10-107-06-2E,UHL001,Actual,SW,Water,,"Corrected, view Note 1",Clayton,07060004,River/Stream,,42.739547,-91.2619757
6,10220002,Volga River near Elkport,01/07/2019 12:45:00,AMBIENT,NIT-KJELD,Kjeldahl nitrogen (AS N),Total,,3.9,mg/l,True,0.1,,,LAC 10-107-06-2M,UHL001,Actual,SW,Water,,"Corrected, view Note 1",Clayton,07060004,River/Stream,,42.7497293,-91.2767798
6,10220001,Turkey River near Garber,01/07/2019 12:30:00,AMBIENT,NIT-KJELD,Kjeldahl nitrogen (AS N),Total,,1.6,mg/l,True,0.1,,,LAC 10-107-06-2M,UHL001,Actual,SW,Water,,"Corrected, view Note 1",Clayton,07060004,River/Stream,,42.739547,-91.2619757
6,10220001,Turkey River near Garber,02/07/2019 10:05:00,AMBIENT,NIT-KJELD,Kjeldahl nitrogen (AS N),Total,,1.9,mg/l,True,0.1,,,LAC 10-107-06-2M,UHL001,Actual,SW,Water,,,Clayton,07060004,River/Stream,,42.739547,-91.2619757
6,10220002,Volga River near Elkport,02/07/2019 10:30:00,AMBIENT,NIT-KJELD,Kjeldahl nitrogen (AS N),Total,,1.1,mg/l,True,0.1,,,LAC 10-107-06-2M,UHL001,Actual,SW,Water,,,Clayton,07060004,River/Stream,,42.7497293,-91.2767798
6,10220001,Turkey River near Garber,03/07/2019 08:30:00,AMBIENT,NIT-KJELD,Kjeldahl nitrogen (AS N),Total,,0.1,mg/l,True,0.1,,,LAC 10-107-06-2M,UHL001,Actual,SW,Water,,,Clayton,07060004,River/Stream,,42.739547,-91.2619757
6,10220002,Volga River near Elkport,03/07/2019 08:00:00,AMBIENT,NIT-KJELD,Kjeldahl nitrogen (AS N),Total,,0.2,mg/l,True,0.1,,,LAC 10-107-06-2M,UHL001,Actual,SW,Water,,,Clayton,07060004,River/Stream,,42.7497293,-91.2767798
6,10220002,Volga River near Elkport,04/04/2019 08:10:00,AMBIENT,NIT-KJELD,Kjeldahl nitrogen (AS N),Total,,0.3,mg/l,True,0.1,,,LAC 10-107-06-2M,UHL001,Actual,SW,Water,,,Clayton,07060004,River/Stream,,42.7497293,-91.2767798
6,10220001,Turkey River near Garber,04/04/2019 08:35:00,AMBIENT,NIT-KJELD,Kjeldahl nitrogen (AS N),Total,,0.3,mg/l,True,0.1,,,LAC 10-107-06-2M,UHL001,Actual,SW,Water,,,Clayton,07060004,River/Stream,,42.739547,-91.2619757
6,10220001,Turkey River near Garber,05/07/2019 08:30:00,AMBIENT,NIT-KJELD,Kjeldahl nitrogen (AS N),Total,,0.45,mg/l,True,0.1,,,LAC 10-107-06-2M,UHL001,Actual,SW,Water,,,Clayton,07060004,River/Stream,,42.739547,-91.2619757
6,10220002,Volga River near Elkport,05/07/2019 08:05:00,AMBIENT,NIT-KJELD,Kjeldahl nitrogen (AS N),Total,,0.42,mg/l,True,0.1,,,LAC 10-107-06-2M,UHL001,Actual,SW,Water,,,Clayton,07060004,River/Stream,,42.7497293,-91.2767798
6,10220001,Turkey River near Garber,06/05/2019 08:00:00,AMBIENT,NIT-KJELD,Kjeldahl nitrogen (AS N),Total,,1.2,mg/l,True,0.1,,,LAC 10-107-06-2M,UHL001,Actual,SW,Water,,,Clayton,07060004,River/Stream,,42.739547,-91.2619757
6,10220002,Volga River near Elkport,06/05/2019 07:40:00,AMBIENT,NIT-KJELD,Kjeldahl nitrogen (AS N),Total,,0.68,mg/l,True,0.1,,,LAC 10-107-06-2M,UHL001,Actual,SW,Water,,,Clayton,07060004,River/Stream,,42.7497293,-91.2767798
6,10220001,Turkey River near Garber,09/05/2018 12:00:00,PCALIB,NIT-KJELD,Kjeldahl nitrogen (AS N),Total,,4,mg/l,True,0.2,,,LAC10-107-06-2E,UHL001,Actual,SW,Water,,,Clayton,07060004,River/Stream,,42.739547,-91.2619757
6,10220001,Turkey River near Garber,10/09/2018 14:10:00,PCALIB,NIT-KJELD,Kjeldahl nitrogen (AS N),Total,,3.4,mg/l,True,0.1,,,LAC10-107-06-2E,UHL001,Actual,SW,Water,,,Clayton,07060004,River/Stream,,42.739547,-91.2619757
6,10220002,Volga River near Elkport,07/02/2019 09:00:00,AMBIENT,NIT-KJELD,Kjeldahl nitrogen (AS N),Total,,0.77,mg/l,True,0.1,,,LAC 10-107-06-2M,UHL001,Actual,SW,Water,,,Clayton,07060004,River/Stream,,42.7497293,-91.2767798
6,10220001,Turkey River near Garber,07/02/2019 09:30:00,AMBIENT,NIT-KJELD,Kjeldahl nitrogen (AS N),Total,,1,mg/l,True,0.1,,,LAC 10-107-06-2M,UHL001,Actual,SW,Water,,,Clayton,07060004,River/Stream,,42.739547,-91.2619757
6,10220002,Volga River near Elkport,08/08/2019 09:10:00,AMBIENT,NIT-KJELD,Kjeldahl nitrogen (AS N),Total,,0.55,mg/l,True,0.1,,,LAC 10-107-06-2M,UHL001,Actual,SW,Water,,,Clayton,07060004,River/Stream,,42.7497293,-91.2767798
6,10220001,Turkey River near Garber,08/08/2019 09:20:00,AMBIENT,NIT-KJELD,Kjeldahl nitrogen (AS N),Total,,0.45,mg/l,True,0.1,,,LAC 10-107-06-2M,UHL001,Actual,SW,Water,,,Clayton,07060004,River/Stream,,42.739547,-91.2619757
6,10220001,Turkey River near Garber,09/05/2019 10:00:00,AMBIENT,NIT-KJELD,Kjeldahl nitrogen (AS N),Total,,0.55,mg/l,True,0.1,,,LAC 10-107-06-2M,UHL001,Actual,SW,Water,,,Clayton,07060004,River/Stream,,42.739547,-91.2619757
6,10220002,Volga River near Elkport,09/05/2019 10:15:00,AMBIENT,NIT-KJELD,Kjeldahl nitrogen (AS N),Total,,0.36,mg/l,True,0.1,,,LAC 10-107-06-2M,UHL001,Actual,SW,Water,,,Clayton,07060004,River/Stream,,42.7497293,-91.2767798
6,10220001,Turkey River near Garber,10/02/2019 09:20:00,AMBIENT,NIT-KJELD,Kjeldahl nitrogen (AS N),Total,,5.3,mg/l,True,0.1,,,LAC 10-107-06-2M,UHL001,Actual,SW,Water,,,Clayton,07060004,River/Stream,,42.739547,-91.2619757
6,10220002,Volga River near Elkport,10/02/2019 09:00:00,AMBIENT,NIT-KJELD,Kjeldahl nitrogen (AS N),Total,,4.2,mg/l,True,0.1,,,LAC 10-107-06-2M,UHL001,Actual,SW,Water,,,Clayton,07060004,River/Stream,,42.7497293,-91.2767798
6,10220001,Turkey River near Garber,12/05/2019 11:25:00,AMBIENT,NIT-KJELD,Kjeldahl nitrogen (AS N),Total,,0.42,mg/l,True,0.1,,,LAC 10-107-06-2M,UHL001,Actual,SW,Water,,,Clayton,07060004,River/Stream,,42.739547,-91.2619757
6,10220002,Volga River near Elkport,12/05/2019 11:45:00,AMBIENT,NIT-KJELD,Kjeldahl nitrogen (AS N),Total,,0.31,mg/l,True,0.1,,,LAC 10-107-06-2M,UHL001,Actual,SW,Water,,,Clayton,07060004,River/Stream,,42.7497293,-91.2767798
6,10220001,Turkey River near Garber,11/05/2019 12:15:00,AMBIENT,NIT-KJELD,Kjeldahl nitrogen (AS N),Total,,0.32,mg/l,True,0.1,,,LAC 10-107-06-2M,UHL001,Actual,SW,Water,,,Clayton,07060004,River/Stream,,42.739547,-91.2619757
6,10220002,Volga River near Elkport,11/05/2019 12:40:00,AMBIENT,NIT-KJELD,Kjeldahl nitrogen (AS N),Total,,0.31,mg/l,True,0.1,,,LAC 10-107-06-2M,UHL001,Actual,SW,Water,,,Clayton,07060004,River/Stream,,42.7497293,-91.2767798
6,10220001,Turkey River near Garber,01/07/2020 12:25:00,AMBIENT,NIT-KJELD,Kjeldahl nitrogen (AS N),Total,,0.45,mg/l,True,0.1,,,LAC 10-107-06-2M,UHL001,Actual,SW,Water,,,Clayton,07060004,River/Stream,,42.739547,-91.2619757
6,10220002,Volga River near Elkport,01/07/2020 12:40:00,AMBIENT,NIT-KJELD,Kjeldahl nitrogen (AS N),Total,,0.53,mg/l,True,0.1,,,LAC 10-107-06-2M,UHL001,Actual,SW,Water,,,Clayton,07060004,River/Stream,,42.7497293,-91.2767798
6,10220001,Turkey River near Garber,02/04/2020 10:45:00,AMBIENT,NIT-KJELD,Kjeldahl nitrogen (AS N),Total,,0.33,mg/l,True,0.1,,,LAC 10-107-06-2M,UHL001,Actual,SW,Water,,,Clayton,07060004,River/Stream,,42.739547,-91.2619757
6,10220002,Volga River near Elkport,02/04/2020 11:10:00,AMBIENT,NIT-KJELD,Kjeldahl nitrogen (AS N),Total,,0.33,mg/l,True,0.1,,,LAC 10-107-06-2M,UHL001,Actual,SW,Water,,,Clayton,07060004,River/Stream,,42.7497293,-91.2767798
6,10220002,Volga River near Elkport,03/03/2020 12:45:00,AMBIENT,NIT-KJELD,Kjeldahl nitrogen (AS N),Total,,0.52,mg/l,True,0.1,,,LAC 10-107-06-2M,UHL001,Actual,SW,Water,,,Clayton,07060004,River/Stream,,42.7497293,-91.2767798
6,10220001,Turkey River near Garber,03/03/2020 12:30:00,AMBIENT,NIT-KJELD,Kjeldahl nitrogen (AS N),Total,,0.6,mg/l,True,0.1,,,LAC 10-107-06-2M,UHL001,Actual,SW,Water,,,Clayton,07060004,River/Stream,,42.739547,-91.2619757
6,10220001,Turkey River near Garber,04/07/2020 10:40:00,AMBIENT,NIT-KJELD,Kjeldahl nitrogen (AS N),Total,,0.32,mg/l,True,0.1,,,LAC 10-107-06-2M,UHL001,Actual,SW,Water,,,Clayton,07060004,River/Stream,,42.739547,-91.2619757
6,10220002,Volga River near Elkport,04/07/2020 11:00:00,AMBIENT,NIT-KJELD,Kjeldahl nitrogen (AS N),Total,,0.35,mg/l,True,0.1,,,LAC 10-107-06-2M,UHL001,Actual,SW,Water,,,Clayton,07060004,River/Stream,,42.7497293,-91.2767798
6,10220001,Turkey River near Garber,05/07/2020 12:15:00,AMBIENT,NIT-KJELD,Kjeldahl nitrogen (AS N),Total,,0.46,mg/l,True,0.1,,,LAC 10-107-06-2M,UHL001,Actual,SW,Water,,,Clayton,07060004,River/Stream,,42.739547,-91.2619757
6,10220002,Volga River near Elkport,05/07/2020 12:30:00,AMBIENT,NIT-KJELD,Kjeldahl nitrogen (AS N),Total,,0.41,mg/l,True,0.1,,,LAC 10-107-06-2M,UHL001,Actual,SW,Water,,,Clayton,07060004,River/Stream,,42.7497293,-91.2767798
6,10220002,Volga River near Elkport,06/04/2020 12:35:00,AMBIENT,NIT-KJELD,Kjeldahl nitrogen (AS N),Total,,0.57,mg/l,True,0.1,,,LAC 10-107-06-2M,UHL001,Actual,SW,Water,,,Clayton,07060004,River/Stream,,42.7497293,-91.2767798
6,10220001,Turkey River near Garber,06/04/2020 12:20:00,AMBIENT,NIT-KJELD,Kjeldahl nitrogen (AS N),Total,,1,mg/l,True,0.1,,,LAC 10-107-06-2M,UHL001,Actual,SW,Water,,,Clayton,07060004,River/Stream,,42.739547,-91.2619757
6,10220001,Turkey River near Garber,07/08/2020 12:20:00,AMBIENT,NIT-KJELD,Kjeldahl nitrogen (AS N),Total,,0.77,mg/l,True,0.1,,,LAC 10-107-06-2M,UHL001,Actual,SW,Water,,,Clayton,07060004,River/Stream,,42.739547,-91.2619757
6,10220002,Volga River near Elkport,07/08/2020 12:40:00,AMBIENT,NIT-KJELD,Kjeldahl nitrogen (AS N),Total,,0.6,mg/l,True,0.1,,,LAC 10-107-06-2M,UHL001,Actual,SW,Water,,,Clayton,07060004,River/Stream,,42.7497293,-91.2767798
6,10220001,Turkey River near Garber,08/06/2020 12:30:00,AMBIENT,NIT-KJELD,Kjeldahl nitrogen (AS N),Total,,0.26,mg/l,True,0.2,,,LAC 10-107-06-2M,UHL001,Actual,SW,Water,,,Clayton,07060004,River/Stream,,42.739547,-91.2619757
6,10220002,Volga River near Elkport,08/06/2020 12:50:00,AMBIENT,NIT-KJELD,Kjeldahl nitrogen (AS N),Total,,0.33,mg/l,True,0.2,,,LAC 10-107-06-2M,UHL001,Actual,SW,Water,,,Clayton,07060004,River/Stream,,42.7497293,-91.2767798
6,11220008,Volga River at Littleport (32),05/01/2003 14:00:00,EVENT,NIT-KJELD,Kjeldahl nitrogen (AS N),Total,,1.6,mg/l,True,0.05,,,Unknown,UHL001,Actual,SW,Water,,,Clayton,07060004,River/Stream,,42.7536427,-91.3691492
6,10220003,Bloody Run Creek Site #1 (BR01),09/19/2000 11:40:00,SNY319,NIT-KJELD,Kjeldahl nitrogen (AS N),Total,,0.1,mg/l,False,0.1,,,Unknown,SNY001,Actual,SW,Water,,,Clayton,07060001,River/Stream,,43.0404991,-91.2055504
6,10220003,Bloody Run Creek Site #1 (BR01),06/04/2002 09:55:00,AMBIENT,NIT-KJELD,Kjeldahl nitrogen (AS N),Total,,1.2,mg/l,True,0.05,,,Unknown,UHL001,Actual,SW,Water,,,Clayton,07060001,River/Stream,,43.0404991,-91.2055504
6,10220003,Bloody Run Creek Site #1 (BR01),01/02/2002 12:40:00,AMBIENT,NIT-KJELD,Kjeldahl nitrogen (AS N),Total,,0.24,mg/l,True,0.05,,,Unknown,UHL001,Actual,SW,Water,,,Clayton,07060001,River/Stream,,43.0404991,-91.2055504
6,10220003,Bloody Run Creek Site #1 (BR01),03/05/2002 11:15:00,AMBIENT,NIT-KJELD,Kjeldahl nitrogen (AS N),Total,,0.23,mg/l,True,0.05,,,Unknown,UHL001,Actual,SW,Water,,,Clayton,07060001,River/Stream,,43.0404991,-91.2055504
6,10220003,Bloody Run Creek Site #1 (BR01),10/01/2002 12:55:00,AMBIENT,NIT-KJELD,Kjeldahl nitrogen (AS N),Total,,0.2,mg/l,True,0.05,,,Unknown,UHL001,Actual,SW,Water,,,Clayton,07060001,River/Stream,,43.0404991,-91.2055504
6,10220003,Bloody Run Creek Site #1 (BR01),01/07/2003 10:00:00,AMBIENT,NIT-KJELD,Kjeldahl nitrogen (AS N),Total,,0.1,mg/l,True,0.05,,,Unknown,UHL001,Actual,SW,Water,,,Clayton,07060001,River/Stream,,43.0404991,-91.2055504
6,10220003,Bloody Run Creek Site #1 (BR01),05/06/2003 09:30:00,AMBIENT,NIT-KJELD,Kjeldahl nitrogen (AS N),Total,,0.12,mg/l,True,0.05,,,Unknown,UHL001,Actual,SW,Water,,,Clayton,07060001,River/Stream,,43.0404991,-91.2055504
6,10220003,Bloody Run Creek Site #1 (BR01),03/04/2003 10:15:00,AMBIENT,NIT-KJELD,Kjeldahl nitrogen (AS N),Total,,0.34,mg/l,True,0.05,,,Unknown,UHL001,Actual,SW,Water,,,Clayton,07060001,River/Stream,,43.0404991,-91.2055504
6,10220003,Bloody Run Creek Site #1 (BR01),07/08/2003 10:10:00,AMBIENT,NIT-KJELD,Kjeldahl nitrogen (AS N),Total,,0.58,mg/l,True,0.05,,,Unknown,UHL001,Actual,SW,Water,,,Clayton,07060001,River/Stream,,43.0404991,-91.2055504
6,10220003,Bloody Run Creek Site #1 (BR01),01/06/2004 11:25:00,AMBIENT,NIT-KJELD,Kjeldahl nitrogen (AS N),Total,,0.28,mg/l,True,0.05,,,Unknown,UHL001,Actual,SW,Water,,,Clayton,07060001,River/Stream,,43.0404991,-91.2055504
6,10220003,Bloody Run Creek Site #1 (BR01),04/06/2004 11:10:00,AMBIENT,NIT-KJELD,Kjeldahl nitrogen (AS N),Total,,0.17,mg/l,True,0.05,,,Unknown,UHL001,Actual,SW,Water,,,Clayton,07060001,River/Stream,,43.0404991,-91.2055504
6,10220003,Bloody Run Creek Site #1 (BR01),06/01/2004 10:40:00,AMBIENT,NIT-KJELD,Kjeldahl nitrogen (AS N),Total,,0.78,mg/l,True,0.05,,,Unknown,UHL001,Actual,SW,Water,,,Clayton,07060001,River/Stream,,43.0404991,-91.2055504
6,10220003,Bloody Run Creek Site #1 (BR01),07/06/2004 11:45:00,AMBIENT,NIT-KJELD,Kjeldahl nitrogen (AS N),Total,,0.28,mg/l,True,0.05,,,Unknown,UHL001,Actual,SW,Water,,,Clayton,07060001,River/Stream,,43.0404991,-91.2055504
6,10220003,Bloody Run Creek Site #1 (BR01),09/07/2004 08:55:00,AMBIENT,NIT-KJELD,Kjeldahl nitrogen (AS N),Total,,0.13,mg/l,True,0.05,,,Unknown,UHL001,Actual,SW,Water,,,Clayton,07060001,River/Stream,,43.0404991,-91.2055504
6,10220003,Bloody Run Creek Site #1 (BR01),02/08/2005 10:25:00,AMBIENT,NIT-KJELD,Kjeldahl nitrogen (AS N),Total,,2.9,mg/l,True,0.05,,,Unknown,UHL001,Actual,SW,Water,,,Clayton,07060001,River/Stream,,43.0404991,-91.2055504
6,10220003,Bloody Run Creek Site #1 (BR01),09/05/2005 08:15:00,AMBIENT,NIT-KJELD,Kjeldahl nitrogen (AS N),Total,,0.3,mg/l,True,0.1,,,351.2,UHL001,Actual,SW,Water,,,Clayton,07060001,River/Stream,,43.0404991,-91.2055504
6,10220003,Bloody Run Creek Site #1 (BR01),06/07/2005 10:30:00,AMBIENT,NIT-KJELD,Kjeldahl nitrogen (AS N),Total,,0.1,mg/l,False,0.1,,,351.1,UHL001,Actual,SW,Water,,UHL QC testing has shown that TKN concentrations under 1 mg/L should be reported to 1 decimal place when using method LAC10-107-06-2E.,Clayton,07060001,River/Stream,,43.0404991,-91.2055504
6,10220003,Bloody Run Creek Site #1 (BR01),10/11/2005 11:00:00,AMBIENT,NIT-KJELD,Kjeldahl nitrogen (AS N),Total,,0.1,mg/l,False,0.1,,,351.2,UHL001,Actual,SW,Water,,,Clayton,07060001,River/Stream,,43.0404991,-91.2055504
6,10220003,Bloody Run Creek Site #1 (BR01),12/06/2005 11:05:00,AMBIENT,NIT-KJELD,Kjeldahl nitrogen (AS N),Total,,0.4,mg/l,True,0.1,,,351.2,UHL001,Actual,SW,Water,,,Clayton,07060001,River/Stream,,43.0404991,-91.2055504
6,10220003,Bloody Run Creek Site #1 (BR01),01/03/2006 10:35:00,AMBIENT,NIT-KJELD,Kjeldahl nitrogen (AS N),Total,,0.1,mg/l,False,0.1,,,351.2,UHL001,Actual,SW,Water,,,Clayton,07060001,River/Stream,,43.0404991,-91.2055504
6,10220003,Bloody Run Creek Site #1 (BR01),02/07/2006 09:30:00,AMBIENT,NIT-KJELD,Kjeldahl nitrogen (AS N),Total,,0.2,mg/l,True,0.1,,,351.2,UHL001,Actual,SW,Water,,,Clayton,07060001,River/Stream,,43.0404991,-91.2055504
6,10220003,Bloody Run Creek Site #1 (BR01),03/07/2006 10:20:00,AMBIENT,NIT-KJELD,Kjeldahl nitrogen (AS N),Total,,0.1,mg/l,False,0.1,,,351.2,UHL001,Actual,SW,Water,,,Clayton,07060001,River/Stream,,43.0404991,-91.2055504
6,10220003,Bloody Run Creek Site #1 (BR01),08/01/2006 12:10:00,AMBIENT,NIT-KJELD,Kjeldahl nitrogen (AS N),Total,,0.3,mg/l,True,0.1,,,351.2,UHL001,Actual,SW,Water,,,Clayton,07060001,River/Stream,,43.0404991,-91.2055504
6,10220003,Bloody Run Creek Site #1 (BR01),10/04/2006 12:20:00,AMBIENT,NIT-KJELD,Kjeldahl nitrogen (AS N),Total,,0.6,mg/l,True,0.1,,,351.2,UHL001,Actual,SW,Water,,,Clayton,07060001,River/Stream,,43.0404991,-91.2055504
6,10220003,Bloody Run Creek Site #1 (BR01),01/04/2007 08:30:00,AMBIENT,NIT-KJELD,Kjeldahl nitrogen (AS N),Total,,0.2,mg/l,True,0.1,,,351.2,UHL001,Actual,SW,Water,,,Clayton,07060001,River/Stream,,43.0404991,-91.2055504
6,10220003,Bloody Run Creek Site #1 (BR01),03/13/2007 10:50:00,AMBIENT,NIT-KJELD,Kjeldahl nitrogen (AS N),Total,,2.7,mg/l,True,0.1,,,351.2,UHL001,Actual,SW,Water,,,Clayton,07060001,River/Stream,,43.0404991,-91.2055504
6,10220003,Bloody Run Creek Site #1 (BR01),05/08/2007 09:10:00,AMBIENT,NIT-KJELD,Kjeldahl nitrogen (AS N),Total,,0.2,mg/l,True,0.1,,,351.2,UHL001,Actual,SW,Water,,,Clayton,07060001,River/Stream,,43.0404991,-91.2055504
6,10220003,Bloody Run Creek Site #1 (BR01),08/02/2007 10:25:00,AMBIENT,NIT-KJELD,Kjeldahl nitrogen (AS N),Total,,0.3,mg/l,True,0.1,,,351.2,UHL001,Actual,SW,Water,,,Clayton,07060001,River/Stream,,43.0404991,-91.2055504
6,10220003,Bloody Run Creek Site #1 (BR01),06/13/2007 09:25:00,AMBIENT,NIT-KJELD,Kjeldahl nitrogen (AS N),Total,,0.2,mg/l,True,0.1,,,351.2,UHL001,Actual,SW,Water,,,Clayton,07060001,River/Stream,,43.0404991,-91.2055504
6,10220003,Bloody Run Creek Site #1 (BR01),10/09/2007 10:20:00,AMBIENT,NIT-KJELD,Kjeldahl nitrogen (AS N),Total,,0.3,mg/l,True,0.1,,,351.2,UHL001,Actual,SW,Water,,,Clayton,07060001,River/Stream,,43.0404991,-91.2055504
6,10220003,Bloody Run Creek Site #1 (BR01),11/01/2007 11:35:00,AMBIENT,NIT-KJELD,Kjeldahl nitrogen (AS N),Total,,0.1,mg/l,False,0.1,,,351.2,UHL001,Actual,SW,Water,,,Clayton,07060001,River/Stream,,43.0404991,-91.2055504
6,10220003,Bloody Run Creek Site #1 (BR01),11/06/2001 10:05:00,AMBIENT,NIT-KJELD,Kjeldahl nitrogen (AS N),Total,,0.05,mg/l,False,0.05,,,Unknown,UHL001,Actual,SW,Water,,,Clayton,07060001,River/Stream,,43.0404991,-91.2055504
6,10220003,Bloody Run Creek Site #1 (BR01),10/02/2001 10:35:00,AMBIENT,NIT-KJELD,Kjeldahl nitrogen (AS N),Total,,0.15,mg/l,True,0.05,,,Unknown,UHL001,Actual,SW,Water,,,Clayton,07060001,River/Stream,,43.0404991,-91.2055504
6,10220003,Bloody Run Creek Site #1 (BR01),05/07/2002 12:20:00,AMBIENT,NIT-KJELD,Kjeldahl nitrogen (AS N),Total,,0.17,mg/l,True,0.05,,,Unknown,UHL001,Actual,SW,Water,,,Clayton,07060001,River/Stream,,43.0404991,-91.2055504
6,10220003,Bloody Run Creek Site #1 (BR01),04/05/2012 09:00:00,AMBIENT,NIT-KJELD,Kjeldahl nitrogen (AS N),Total,,0.1,mg/l,False,0.1,,,LAC10-107-06-2E,UHL001,Actual,SW,Water,,,Clayton,07060001,River/Stream,,43.0404991,-91.2055504
6,10220003,Bloody Run Creek Site #1 (BR01),05/03/2012 08:50:00,AMBIENT,NIT-KJELD,Kjeldahl nitrogen (AS N),Total,,0.1,mg/l,False,0.1,,,LAC10-107-06-2E,UHL001,Actual,SW,Water,,,Clayton,07060001,River/Stream,,43.0404991,-91.2055504
6,10220003,Bloody Run Creek Site #1 (BR01),06/04/2012 09:50:00,AMBIENT,NIT-KJELD,Kjeldahl nitrogen (AS N),Total,,0.1,mg/l,False,0.1,,,LAC10-107-06-2E,UHL001,Actual,SW,Water,,,Clayton,07060001,River/Stream,,43.0404991,-91.2055504
6,10220003,Bloody Run Creek Site #1 (BR01),11/01/2012 09:45:00,AMBIENT,NIT-KJELD,Kjeldahl nitrogen (AS N),Total,,0.1,mg/l,False,0.1,,,LAC10-107-06-2E,UHL001,Actual,SW,Water,,,Clayton,07060001,River/Stream,,43.0404991,-91.2055504
6,10220003,Bloody Run Creek Site #1 (BR01),07/05/2012 09:15:00,AMBIENT,NIT-KJELD,Kjeldahl nitrogen (AS N),Total,,0.1,mg/l,False,0.1,,,LAC10-107-06-2E,UHL001,Actual,SW,Water,,,Clayton,07060001,River/Stream,,43.0404991,-91.2055504
6,10220003,Bloody Run Creek Site #1 (BR01),02/03/2015 09:25:00,AMBIENT,NIT-KJELD,Kjeldahl nitrogen (AS N),Total,,0.1,mg/l,True,0.1,,,LAC10-107-06-2E,UHL001,Actual,SW,Water,,,Clayton,07060001,River/Stream,,43.0404991,-91.2055504
6,10220003,Bloody Run Creek Site #1 (BR01),01/03/2013 09:55:00,AMBIENT,NIT-KJELD,Kjeldahl nitrogen (AS N),Total,,0.1,mg/l,False,0.1,,,LAC10-107-06-2E,UHL001,Actual,SW,Water,,,Clayton,07060001,River/Stream,,43.0404991,-91.2055504
6,10220003,Bloody Run Creek Site #1 (BR01),05/06/2015 07:55:00,AMBIENT,NIT-KJELD,Kjeldahl nitrogen (AS N),Total,,0.1,mg/l,False,0.1,,,LAC10-107-06-2E,UHL001,Actual,SW,Water,,,Clayton,07060001,River/Stream,,43.0404991,-91.2055504
6,10220003,Bloody Run Creek Site #1 (BR01),04/04/2013 09:10:00,AMBIENT,NIT-KJELD,Kjeldahl nitrogen (AS N),Total,,0.3,mg/l,True,0.1,,,LAC10-107-06-2E,UHL001,Actual,SW,Water,,,Clayton,07060001,River/Stream,,43.0404991,-91.2055504
6,10220003,Bloody Run Creek Site #1 (BR01),08/01/2013 11:05:00,AMBIENT,NIT-KJELD,Kjeldahl nitrogen (AS N),Total,,0.2,mg/l,True,0.1,,,LAC10-107-06-2E,UHL001,Actual,SW,Water,,,Clayton,07060001,River/Stream,,43.0404991,-91.2055504
6,10220003,Bloody Run Creek Site #1 (BR01),07/02/2013 08:15:00,AMBIENT,NIT-KJELD,Kjeldahl nitrogen (AS N),Total,,0.1,mg/l,True,0.1,,,LAC10-107-06-2E,UHL001,Actual,SW,Water,,,Clayton,07060001,River/Stream,,43.0404991,-91.2055504
6,10220003,Bloody Run Creek Site #1 (BR01),06/05/2013 10:15:00,AMBIENT,NIT-KJELD,Kjeldahl nitrogen (AS N),Total,,1.2,mg/l,True,0.1,,,LAC10-107-06-2E,UHL001,Actual,SW,Water,,,Clayton,07060001,River/Stream,,43.0404991,-91.2055504
6,10220003,Bloody Run Creek Site #1 (BR01),10/02/2013 08:55:00,AMBIENT,NIT-KJELD,Kjeldahl nitrogen (AS N),Total,,0.1,mg/l,False,0.1,,,LAC10-107-06-2E,UHL001,Actual,SW,Water,,,Clayton,07060001,River/Stream,,43.0404991,-91.2055504
6,10220003,Bloody Run Creek Site #1 (BR01),09/04/2013 10:00:00,AMBIENT,NIT-KJELD,Kjeldahl nitrogen (AS N),Total,,0.2,mg/l,True,0.1,,,LAC10-107-06-2E,UHL001,Actual,SW,Water,,,Clayton,07060001,River/Stream,,43.0404991,-91.2055504
6,10220003,Bloody Run Creek Site #1 (BR01),01/02/2014 10:20:00,AMBIENT,NIT-KJELD,Kjeldahl nitrogen (AS N),Total,,0.1,mg/l,False,0.1,,,LAC10-107-06-2E,UHL001,Actual,SW,Water,,,Clayton,07060001,River/Stream,,43.0404991,-91.2055504
6,10220003,Bloody Run Creek Site #1 (BR01),03/03/2014 10:25:00,AMBIENT,NIT-KJELD,Kjeldahl nitrogen (AS N),Total,,0.2,mg/l,True,0.1,,,LAC10-107-06-2E,UHL001,Actual,SW,Water,,,Clayton,07060001,River/Stream,,43.0404991,-91.2055504
6,10220003,Bloody Run Creek Site #1 (BR01),07/08/2014 08:55:00,AMBIENT,NIT-KJELD,Kjeldahl nitrogen (AS N),Total,,0.6,mg/l,True,0.1,,,LAC10-107-06-2E,UHL001,Actual,SW,Water,,,Clayton,07060001,River/Stream,,43.0404991,-91.2055504
6,10220003,Bloody Run Creek Site #1 (BR01),05/05/2014 10:00:00,AMBIENT,NIT-KJELD,Kjeldahl nitrogen (AS N),Total,,0.2,mg/l,True,0.1,,,LAC10-107-06-2E,UHL001,Actual,SW,Water,,,Clayton,07060001,River/Stream,,43.0404991,-91.2055504
6,10220003,Bloody Run Creek Site #1 (BR01),06/10/2014 09:30:00,AMBIENT,NIT-KJELD,Kjeldahl nitrogen (AS N),Total,,0.2,mg/l,True,0.1,,,LAC10-107-06-2E,UHL001,Actual,SW,Water,,,Clayton,07060001,River/Stream,,43.0404991,-91.2055504
6,10220003,Bloody Run Creek Site #1 (BR01),02/07/2012 09:30:00,AMBIENT,NIT-KJELD,Kjeldahl nitrogen (AS N),Total,,0.1,mg/l,False,0.1,,,LAC10-107-06-2E,UHL001,Actual,SW,Water,,,Clayton,07060001,River/Stream,,43.0404991,-91.2055504
6,10220003,Bloody Run Creek Site #1 (BR01),06/01/2015 11:00:00,AMBIENT,NIT-KJELD,Kjeldahl nitrogen (AS N),Total,,0.2,mg/l,True,0.1,,,LAC10-107-06-2E,UHL001,Actual,SW,Water,,,Clayton,07060001,River/Stream,,43.0404991,-91.2055504
6,10220003,Bloody Run Creek Site #1 (BR01),10/04/2010 10:15:00,AMBIENT,NIT-KJELD,Kjeldahl nitrogen (AS N),Total,,0.1,mg/l,False,0.1,,,351.2,UHL001,Actual,SW,Water,,,Clayton,07060001,River/Stream,,43.0404991,-91.2055504
6,10220003,Bloody Run Creek Site #1 (BR01),09/02/2010 08:45:00,AMBIENT,NIT-KJELD,Kjeldahl nitrogen (AS N),Total,,0.5,mg/l,True,0.1,,,351.2,UHL001,Actual,SW,Water,,,Clayton,07060001,River/Stream,,43.0404991,-91.2055504
6,10220003,Bloody Run Creek Site #1 (BR01),12/02/2010 10:15:00,AMBIENT,NIT-KJELD,Kjeldahl nitrogen (AS N),Total,,0.2,mg/l,True,0.1,,,351.2,UHL001,Actual,SW,Water,,,Clayton,07060001,River/Stream,,43.0404991,-91.2055504
6,10220003,Bloody Run Creek Site #1 (BR01),01/04/2011 10:05:00,AMBIENT,NIT-KJELD,Kjeldahl nitrogen (AS N),Total,,0.4,mg/l,True,0.1,,,351.2,UHL001,Actual,SW,Water,,,Clayton,07060001,River/Stream,,43.0404991,-91.2055504
6,10220003,Bloody Run Creek Site #1 (BR01),03/01/2011 09:40:00,AMBIENT,NIT-KJELD,Kjeldahl nitrogen (AS N),Total,,0.2,mg/l,True,0.1,,,351.2,UHL001,Actual,SW,Water,,,Clayton,07060001,River/Stream,,43.0404991,-91.2055504
6,10220003,Bloody Run Creek Site #1 (BR01),09/01/2011 10:40:00,AMBIENT,NIT-KJELD,Kjeldahl nitrogen (AS N),Total,,0.1,mg/l,False,0.1,,,351.2,UHL001,Actual,SW,Water,,,Clayton,07060001,River/Stream,,43.0404991,-91.2055504
6,10220003,Bloody Run Creek Site #1 (BR01),11/02/2011 10:00:00,AMBIENT,NIT-KJELD,Kjeldahl nitrogen (AS N),Total,,0.1,mg/l,False,0.1,,,351.2,UHL001,Actual,SW,Water,,,Clayton,07060001,River/Stream,,43.0404991,-91.2055504
6,10220003,Bloody Run Creek Site #1 (BR01),12/06/2011 10:30:00,AMBIENT,NIT-KJELD,Kjeldahl nitrogen (AS N),Total,,0.1,mg/l,False,0.1,,,351.2,UHL001,Actual,SW,Water,,,Clayton,07060001,River/Stream,,43.0404991,-91.2055504
6,10220003,Bloody Run Creek Site #1 (BR01),01/05/2012 09:05:00,AMBIENT,NIT-KJELD,Kjeldahl nitrogen (AS N),Total,,0.1,mg/l,False,0.1,,,LAC10-107-06-2E,UHL001,Actual,SW,Water,,,Clayton,07060001,River/Stream,,43.0404991,-91.2055504
6,10220003,Bloody Run Creek Site #1 (BR01),01/03/2008 09:20:00,AMBIENT,NIT-KJELD,Kjeldahl nitrogen (AS N),Total,,0.2,mg/l,True,0.1,,,351.2,UHL001,Actual,SW,Water,,,Clayton,07060001,River/Stream,,43.0404991,-91.2055504
6,10220003,Bloody Run Creek Site #1 (BR01),03/10/2008 09:40:00,AMBIENT,NIT-KJELD,Kjeldahl nitrogen (AS N),Total,,0.2,mg/l,True,0.1,,,351.2,UHL001,Actual,SW,Water,,,Clayton,07060001,River/Stream,,43.0404991,-91.2055504
6,10220003,Bloody Run Creek Site #1 (BR01),04/09/2008 09:20:00,AMBIENT,NIT-KJELD,Kjeldahl nitrogen (AS N),Total,,0.1,mg/l,True,0.1,,,351.2,UHL001,Actual,SW,Water,,,Clayton,07060001,River/Stream,,43.0404991,-91.2055504
6,10220003,Bloody Run Creek Site #1 (BR01),05/07/2008 09:20:00,AMBIENT,NIT-KJELD,Kjeldahl nitrogen (AS N),Total,,0.4,mg/l,True,0.1,,,351.2,UHL001,Actual,SW,Water,,,Clayton,07060001,River/Stream,,43.0404991,-91.2055504
6,10220003,Bloody Run Creek Site #1 (BR01),07/09/2008 09:50:00,AMBIENT,NIT-KJELD,Kjeldahl nitrogen (AS N),Total,,0.8,mg/l,True,0.1,,,351.2,UHL001,Actual,SW,Water,,,Clayton,07060001,River/Stream,,43.0404991,-91.2055504
6,10220003,Bloody Run Creek Site #1 (BR01),06/03/2008 08:55:00,AMBIENT,NIT-KJELD,Kjeldahl nitrogen (AS N),Total,,0.3,mg/l,True,0.1,,,351.2,UHL001,Actual,SW,Water,,,Clayton,07060001,River/Stream,,43.0404991,-91.2055504
6,10220003,Bloody Run Creek Site #1 (BR01),04/06/2009 09:30:00,AMBIENT,NIT-KJELD,Kjeldahl nitrogen (AS N),Total,,0.1,mg/l,False,0.1,,,351.2,UHL001,Actual,SW,Water,,,Clayton,07060001,River/Stream,,43.0404991,-91.2055504
6,10220003,Bloody Run Creek Site #1 (BR01),09/08/2009 10:45:00,AMBIENT,NIT-KJELD,Kjeldahl nitrogen (AS N),Total,,0.2,mg/l,True,0.1,,,351.2,UHL001,Actual,SW,Water,,,Clayton,07060001,River/Stream,,43.0404991,-91.2055504
6,10220003,Bloody Run Creek Site #1 (BR01),06/10/2009 10:10:00,AMBIENT,NIT-KJELD,Kjeldahl nitrogen (AS N),Total,,0.2,mg/l,True,0.1,,,351.2,UHL001,Actual,SW,Water,,,Clayton,07060001,River/Stream,,43.0404991,-91.2055504
6,10220003,Bloody Run Creek Site #1 (BR01),12/03/2009 10:10:00,AMBIENT,NIT-KJELD,Kjeldahl nitrogen (AS N),Total,,0.1,mg/l,False,0.1,,,351.2,UHL001,Actual,SW,Water,,,Clayton,07060001,River/Stream,,43.0404991,-91.2055504
6,10220003,Bloody Run Creek Site #1 (BR01),01/06/2010 10:15:00,AMBIENT,NIT-KJELD,Kjeldahl nitrogen (AS N),Total,,0.3,mg/l,True,0.1,,,351.2,UHL001,Actual,SW,Water,,,Clayton,07060001,River/Stream,,43.0404991,-91.2055504
6,10220003,Bloody Run Creek Site #1 (BR01),02/03/2010 10:00:00,AMBIENT,NIT-KJELD,Kjeldahl nitrogen (AS N),Total,,0.1,mg/l,False,0.1,,,351.2,UHL001,Actual,SW,Water,,,Clayton,07060001,River/Stream,,43.0404991,-91.2055504
6,10220003,Bloody Run Creek Site #1 (BR01),03/01/2010 09:20:00,AMBIENT,NIT-KJELD,Kjeldahl nitrogen (AS N),Total,,0.1,mg/l,False,0.1,,,351.2,UHL001,Actual,SW,Water,,,Clayton,07060001,River/Stream,,43.0404991,-91.2055504
6,10220003,Bloody Run Creek Site #1 (BR01),05/03/2010 08:30:00,AMBIENT,NIT-KJELD,Kjeldahl nitrogen (AS N),Total,,0.1,mg/l,False,0.1,,,351.2,UHL001,Actual,SW,Water,,,Clayton,07060001,River/Stream,,43.0404991,-91.2055504
6,10220003,Bloody Run Creek Site #1 (BR01),06/03/2010 09:25:00,AMBIENT,NIT-KJELD,Kjeldahl nitrogen (AS N),Total,,0.1,mg/l,False,0.1,,,351.2,UHL001,Actual,SW,Water,,,Clayton,07060001,River/Stream,,43.0404991,-91.2055504
6,10220003,Bloody Run Creek Site #1 (BR01),03/30/1999 12:25:00,SNY319,NIT-KJELD,Kjeldahl nitrogen (AS N),Total,,0.3,mg/l,True,0.1,,,Unknown,SNY001,Actual,SW,Water,,,Clayton,07060001,River/Stream,,43.0404991,-91.2055504
6,10220003,Bloody Run Creek Site #1 (BR01),03/23/1999 11:20:00,SNY319,NIT-KJELD,Kjeldahl nitrogen (AS N),Total,,0.3,mg/l,True,0.1,,,Unknown,SNY001,Actual,SW,Water,,,Clayton,07060001,River/Stream,,43.0404991,-91.2055504
6,10220003,Bloody Run Creek Site #1 (BR01),11/03/2014 08:30:00,AMBIENT,NIT-KJELD,Kjeldahl nitrogen (AS N),Total,,0.1,mg/l,True,0.1,,,LAC10-107-06-2E,UHL001,Actual,SW,Water,,,Clayton,07060001,River/Stream,,43.0404991,-91.2055504
6,10220003,Bloody Run Creek Site #1 (BR01),03/07/2012 09:00:00,AMBIENT,NIT-KJELD,Kjeldahl nitrogen (AS N),Total,,0.1,mg/l,False,0.1,,,LAC10-107-06-2E,UHL001,Actual,SW,Water,,,Clayton,07060001,River/Stream,,43.0404991,-91.2055504
6,10220003,Bloody Run Creek Site #1 (BR01),10/07/2014 12:15:00,AMBIENT,NIT-KJELD,Kjeldahl nitrogen (AS N),Total,,0.1,mg/l,False,0.1,,,LAC10-107-06-2E,UHL001,Actual,SW,Water,,,Clayton,07060001,River/Stream,,43.0404991,-91.2055504
6,10220003,Bloody Run Creek Site #1 (BR01),01/14/2015 09:15:00,AMBIENT,NIT-KJELD,Kjeldahl nitrogen (AS N),Total,,0.2,mg/l,True,0.1,,,LAC10-107-06-2E,UHL001,Actual,SW,Water,,,Clayton,07060001,River/Stream,,43.0404991,-91.2055504
6,10220003,Bloody Run Creek Site #1 (BR01),03/05/2015 08:40:00,AMBIENT,NIT-KJELD,Kjeldahl nitrogen (AS N),Total,,0.1,mg/l,False,0.1,,,LAC10-107-06-2E,UHL001,Actual,SW,Water,,,Clayton,07060001,River/Stream,,43.0404991,-91.2055504
6,11220008,Volga River at Littleport (32),05/13/2003 09:30:00,EVENT,NIT-KJELD,Kjeldahl nitrogen (AS N),Total,,1.4,mg/l,True,0.05,,,Unknown,UHL001,Actual,SW,Water,,,Clayton,07060004,River/Stream,,42.7536427,-91.3691492
6,11220008,Volga River at Littleport (32),07/09/2003 13:30:00,EVENT,NIT-KJELD,Kjeldahl nitrogen (AS N),Total,,2.4,mg/l,True,0.05,,,Unknown,UHL001,Actual,SW,Water,,,Clayton,07060004,River/Stream,,42.7536427,-91.3691492
6,16220006,North Cedar Creek - Clayton # 159,09/24/2007 15:30:00,TMDL,NIT-KJELD,Kjeldahl nitrogen (AS N),Total,,0.3,mg/l,True,0.1,,,351.2,UHL001,Actual,SW,Water,,,Clayton,07060003,River/Stream,,42.947107,-91.232895
6,16220001,Roberts Creek,08/12/2009 13:15:00,TMDL,NIT-KJELD,Kjeldahl nitrogen (AS N),Total,,1.1,mg/l,True,0.1,,,351.2,UHL001,Actual,SW,Water,,,Clayton,07060004,River/Stream,,42.963184,-91.461441
6,16220001,Roberts Creek,07/28/2009 12:10:00,TMDL,NIT-KJELD,Kjeldahl nitrogen (AS N),Total,,0.6,mg/l,True,0.1,,,351.2,UHL001,Actual,SW,Water,,,Clayton,07060004,River/Stream,,42.963184,-91.461441
6,16220001,Roberts Creek,08/13/2002 09:45:00,REMAP,NIT-KJELD,Kjeldahl nitrogen (AS N),Total,,0.76,mg/l,True,0.05,,,351.1,UHL001,Actual,SW,Water,,,Clayton,07060004,River/Stream,,42.963184,-91.461441
6,16220007,Volga River - Site 196,07/24/2006 10:35:00,REMAP,NIT-KJELD,Kjeldahl nitrogen (AS N),Total,,0.7,mg/l,True,0.1,,,351.2,UHL001,Actual,SW,Water,,,Clayton,07060004,River/Stream,,42.754989,-91.363441
6,16220005,Bear Creek - Edgewood # 155,07/19/2005 12:30:00,REMAP,NIT-KJELD,Kjeldahl nitrogen (AS N),Total,,0.18,mg/l,True,0.1,,,351.2,UHL001,Actual,SW,Water,,,Clayton,07060004,River/Stream,,42.672969,-91.393914
6,16220001,Roberts Creek,07/30/2002 14:10:00,REMAP,NIT-KJELD,Kjeldahl nitrogen (AS N),Total,,2.5,mg/l,True,0.05,,,351.1,UHL001,Actual,SW,Water,,,Clayton,07060004,River/Stream,,42.963184,-91.461441
6,16220003,Turkey River - Garber - REMAP # 70,09/23/2003 09:30:00,REMAP,NIT-KJELD,Kjeldahl nitrogen (AS N),Total,,0.34,mg/l,True,0.05,,,351.1,UHL001,Actual,SW,Water,,,Clayton,07060004,River/Stream,,42.738283,-91.265993
6,16220001,Roberts Creek,08/08/2012 12:10:00,TMDL,NIT-KJELD,Kjeldahl nitrogen (AS N),Total,,0.4,mg/l,True,0.1,,,LAC10-107-06-2E,UHL001,Actual,SW,Water,,,Clayton,07060004,River/Stream,,42.963184,-91.461441
6,15220018,Roberts Creek @ 206th St/B65 (RC02/ROB30),08/15/2000 11:30:00,BSP,NIT-KJELD,Kjeldahl nitrogen (AS N),Total,,0.7,mg/l,True,0.1,,,TIM 786-86T,BSP,Actual,SW,Water,,,Clayton,07060004,River/Stream,,42.9304245,-91.38552335
6,15220018,Roberts Creek @ 206th St/B65 (RC02/ROB30),08/22/2000 10:55:00,BSP,NIT-KJELD,Kjeldahl nitrogen (AS N),Total,,0.7,mg/l,True,0.1,,,TIM 786-86T,BSP,Actual,SW,Water,,,Clayton,07060004,River/Stream,,42.9304245,-91.38552335
6,15220018,Roberts Creek @ 206th St/B65 (RC02/ROB30),06/20/2000 10:40:00,BSP,NIT-KJELD,Kjeldahl nitrogen (AS N),Total,,0.3,mg/l,True,0.1,,,TIM 786-86T,BSP,Actual,SW,Water,,,Clayton,07060004,River/Stream,,42.9304245,-91.38552335
6,15220046,Pine Creek near Horseshoe Road (Pine Creek 1),04/09/2014 11:40:00,STLSBRNC,NIT-KJELD,Kjeldahl nitrogen (AS N),Total,,0.49,mg/l,True,0.1,,,LAC10-107-06-2E,UHL001,Actual,SW,Water,,,Clayton,07060004,River/Stream,,42.66871242,-91.27821784
6,15220050,Steeles Branch near Horseshoe Road (Steeles Branch 1),04/09/2014 11:00:00,STLSBRNC,NIT-KJELD,Kjeldahl nitrogen (AS N),Total,,0.4,mg/l,True,0.1,,,LAC10-107-06-2E,UHL001,Actual,SW,Water,,,Clayton,07060004,River/Stream,,42.66774323,-91.28444356
6,15220046,Pine Creek near Horseshoe Road (Pine Creek 1),08/05/2014 11:00:00,STLSBRNC,NIT-KJELD,Kjeldahl nitrogen (AS N),Total,,0.4,mg/l,True,0.1,,,LAC10-107-06-2E,UHL001,Actual,SW,Water,,,Clayton,07060004,River/Stream,,42.66871242,-91.27821784
6,15220050,Steeles Branch near Horseshoe Road (Steeles Branch 1),08/05/2014 10:45:00,STLSBRNC,NIT-KJELD,Kjeldahl nitrogen (AS N),Total,,0.2,mg/l,True,0.1,,,LAC10-107-06-2E,UHL001,Actual,SW,Water,,,Clayton,07060004,River/Stream,,42.66774323,-91.28444356
6,15220046,Pine Creek near Horseshoe Road (Pine Creek 1),06/04/2014 10:45:00,STLSBRNC,NIT-KJELD,Kjeldahl nitrogen (AS N),Total,,0.6,mg/l,True,0.1,,,LAC10-107-06-2E,UHL001,Actual,SW,Water,,,Clayton,07060004,River/Stream,,42.66871242,-91.27821784
6,15220050,Steeles Branch near Horseshoe Road (Steeles Branch 1),06/04/2014 10:30:00,STLSBRNC,NIT-KJELD,Kjeldahl nitrogen (AS N),Total,,0.4,mg/l,True,0.1,,,LAC10-107-06-2E,UHL001,Actual,SW,Water,,,Clayton,07060004,River/Stream,,42.66774323,-91.28444356
6,15220046,Pine Creek near Horseshoe Road (Pine Creek 1),06/30/2014 11:45:00,STLSBRNC,NIT-KJELD,Kjeldahl nitrogen (AS N),Total,,0.8,mg/l,True,0.1,,,LAC10-107-06-2E,UHL001,Actual,SW,Water,,,Clayton,07060004,River/Stream,,42.66871242,-91.27821784
6,15220050,Steeles Branch near Horseshoe Road (Steeles Branch 1),06/30/2014 11:30:00,STLSBRNC,NIT-KJELD,Kjeldahl nitrogen (AS N),Total,,0.2,mg/l,True,0.1,,,LAC10-107-06-2E,UHL001,Actual,SW,Water,,,Clayton,07060004,River/Stream,,42.66774323,-91.28444356
6,15220046,Pine Creek near Horseshoe Road (Pine Creek 1),05/07/2014 11:45:00,STLSBRNC,NIT-KJELD,Kjeldahl nitrogen (AS N),Total,,0.6,mg/l,True,0.1,,,LAC10-107-06-2E,UHL001,Actual,SW,Water,,,Clayton,07060004,River/Stream,,42.66871242,-91.27821784
6,15220050,Steeles Branch near Horseshoe Road (Steeles Branch 1),05/07/2014 11:20:00,STLSBRNC,NIT-KJELD,Kjeldahl nitrogen (AS N),Total,,0.9,mg/l,True,0.1,,,LAC10-107-06-2E,UHL001,Actual,SW,Water,,,Clayton,07060004,River/Stream,,42.66774323,-91.28444356
6,15220045,Turkey River @ Hwy. 13 (TR28),04/02/2014 11:05:00,TURKEYR,NIT-KJELD,Kjeldahl nitrogen (AS N),Total,,1.7,mg/l,True,0.1,,,LAC10-107-06-2E,UHL001,Actual,SW,Water,,,Clayton,07060004,River/Stream,,42.84321539,-91.40058452
6,15220045,Turkey River @ Hwy. 13 (TR28),08/06/2014 13:25:00,TURKEYR,NIT-KJELD,Kjeldahl nitrogen (AS N),Total,,0.6,mg/l,True,0.1,,,LAC10-107-06-2E,UHL001,Actual,SW,Water,,,Clayton,07060004,River/Stream,,42.84321539,-91.40058452
6,15220045,Turkey River @ Hwy. 13 (TR28),07/09/2014 10:40:00,TURKEYR,NIT-KJELD,Kjeldahl nitrogen (AS N),Total,,0.7,mg/l,True,0.1,,,LAC10-107-06-2E,UHL001,Actual,SW,Water,,,Clayton,07060004,River/Stream,,42.84321539,-91.40058452
6,16220006,North Cedar Creek - Clayton # 159,07/07/2015 12:00:00,AMBBIO,NIT-KJELD,Kjeldahl nitrogen (AS N),Total,,0.1,mg/l,False,0.1,,,LAC10-107-06-2E,UHL001,Actual,SW,Water,,,Clayton,07060003,River/Stream,,42.947107,-91.232895
6,15220045,Turkey River @ Hwy. 13 (TR28),09/03/2014 13:35:00,TURKEYR,NIT-KJELD,Kjeldahl nitrogen (AS N),Total,,0.7,mg/l,True,0.1,,,LAC10-107-06-2E,UHL001,Actual,SW,Water,,,Clayton,07060004,River/Stream,,42.84321539,-91.40058452
6,16220006,North Cedar Creek - Clayton # 159,07/22/2015 12:15:00,AMBBIO,NIT-KJELD,Kjeldahl nitrogen (AS N),Total,,0.1,mg/l,False,0.1,,,LAC10-107-06-2E,UHL001,Actual,SW,Water,,,Clayton,07060003,River/Stream,,42.947107,-91.232895
6,16220006,North Cedar Creek - Clayton # 159,08/05/2015 10:00:00,AMBBIO,NIT-KJELD,Kjeldahl nitrogen (AS N),Total,,0.1,mg/l,False,0.1,,,LAC10-107-06-2E,UHL001,Actual,SW,Water,,,Clayton,07060003,River/Stream,,42.947107,-91.232895
6,16220006,North Cedar Creek - Clayton # 159,09/02/2015 10:00:00,AMBBIO,NIT-KJELD,Kjeldahl nitrogen (AS N),Total,,0.1,mg/l,False,0.1,,,LAC10-107-06-2E,UHL001,Actual,SW,Water,,,Clayton,07060003,River/Stream,,42.947107,-91.232895
6,16220006,North Cedar Creek - Clayton # 159,08/19/2015 10:45:00,AMBBIO,NIT-KJELD,Kjeldahl nitrogen (AS N),Total,,0.3,mg/l,True,0.1,,,LAC10-107-06-2E,UHL001,Actual,SW,Water,,,Clayton,07060003,River/Stream,,42.947107,-91.232895
6,16220006,North Cedar Creek - Clayton # 159,09/15/2015 09:30:00,AMBBIO,NIT-KJELD,Kjeldahl nitrogen (AS N),Total,,0.1,mg/l,False,0.1,,,LAC10-107-06-2E,UHL001,Actual,SW,Water,,,Clayton,07060003,River/Stream,,42.947107,-91.232895
6,16220001,Roberts Creek,07/31/2002 00:00:00,LEGACYREMAP,NIT-KJELD,Kjeldahl nitrogen (AS N),Total,,1.4,mg/l,True,0.05,,,351.2,UHL001,Actual,SW,Water,,,Clayton,07060004,River/Stream,,42.963184,-91.461441
6,16220002,Peck Creek - REMAP #229,09/10/2002 00:00:00,LEGACYREMAP,NIT-KJELD,Kjeldahl nitrogen (AS N),Total,,0.8,mg/l,True,0.05,,,351.2,UHL001,Actual,SW,Water,,,Clayton,07060004,River/Stream,,42.723821,-91.144286
6,16220002,Peck Creek - REMAP #229,09/25/2002 00:00:00,LEGACYREMAP,NIT-KJELD,Kjeldahl nitrogen (AS N),Total,,0.16,mg/l,True,0.05,,,351.2,UHL001,Actual,SW,Water,,,Clayton,07060004,River/Stream,,42.723821,-91.144286
6,16220002,Peck Creek - REMAP #229,08/26/2002 00:00:00,LEGACYREMAP,NIT-KJELD,Kjeldahl nitrogen (AS N),Total,,0.3,mg/l,True,0.05,,,351.2,UHL001,Actual,SW,Water,,,Clayton,07060004,River/Stream,,42.723821,-91.144286
6,16220003,Turkey River - Garber - REMAP # 70,10/02/2003 00:00:00,LEGACYREMAP,NIT-KJELD,Kjeldahl nitrogen (AS N),Total,,0.39,mg/l,True,0.05,,,351.2,UHL001,Actual,SW,Water,,,Clayton,07060004,River/Stream,,42.738283,-91.265993
6,16220004,Hewitt Creek - Volga # 133,09/01/2004 00:00:00,LEGACYREMAP,NIT-KJELD,Kjeldahl nitrogen (AS N),Total,,0.2,mg/l,True,0.05,,,351.2,UHL001,Actual,SW,Water,,,Clayton,07060004,River/Stream,,42.756825,-91.563285
6,16220005,Bear Creek - Edgewood # 155,07/12/2005 00:00:00,LEGACYREMAP,NIT-KJELD,Kjeldahl nitrogen (AS N),Total,,0.1,mg/l,False,0.1,,,351.2,UHL001,Actual,SW,Water,,,Clayton,07060004,River/Stream,,42.672969,-91.393914
6,16220006,North Cedar Creek - Clayton # 159,07/13/2005 00:00:00,LEGACYREMAP,NIT-KJELD,Kjeldahl nitrogen (AS N),Total,,0.16,mg/l,True,0.1,,,351.2,UHL001,Actual,SW,Water,,,Clayton,07060003,River/Stream,,42.947107,-91.232895
6,15220045,Turkey River @ Hwy. 13 (TR28),06/04/2014 10:20:00,TURKEYR,NIT-KJELD,Kjeldahl nitrogen (AS N),Total,,0.4,mg/l,True,0.1,,,LAC10-107-06-2E,UHL001,Actual,SW,Water,,,Clayton,07060004,River/Stream,,42.84321539,-91.40058452
6,15220045,Turkey River @ Hwy. 13 (TR28),05/07/2014 10:15:00,TURKEYR,NIT-KJELD,Kjeldahl nitrogen (AS N),Total,,0.7,mg/l,True,0.1,,,LAC10-107-06-2E,UHL001,Actual,SW,Water,,,Clayton,07060004,River/Stream,,42.84321539,-91.40058452
6,15220045,Turkey River @ Hwy. 13 (TR28),11/05/2014 11:00:00,TURKEYR,NIT-KJELD,Kjeldahl nitrogen (AS N),Total,,0.3,mg/l,True,0.1,,,LAC10-107-06-2E,UHL001,Actual,SW,Water,,,Clayton,07060004,River/Stream,,42.84321539,-91.40058452
6,15220045,Turkey River @ Hwy. 13 (TR28),10/01/2014 14:00:00,TURKEYR,NIT-KJELD,Kjeldahl nitrogen (AS N),Total,,0.5,mg/l,True,0.1,,,LAC10-107-06-2E,UHL001,Actual,SW,Water,,,Clayton,07060004,River/Stream,,42.84321539,-91.40058452
6,16220005,Bear Creek - Edgewood # 155,07/26/2005 13:15:00,REMAP,NIT-KJELD,Kjeldahl nitrogen (AS N),Total,,0.38,mg/l,True,0.1,,,351.2,UHL001,Actual,SW,Water,,,Clayton,07060004,River/Stream,,42.672969,-91.393914
6,16220005,Bear Creek - Edgewood # 155,07/05/2005 13:30:00,REMAP,NIT-KJELD,Kjeldahl nitrogen (AS N),Total,,0.12,mg/l,True,0.1,,,351.2,UHL001,Actual,SW,Water,,,Clayton,07060004,River/Stream,,42.672969,-91.393914
6,16220006,North Cedar Creek - Clayton # 159,07/05/2005 10:15:00,REMAP,NIT-KJELD,Kjeldahl nitrogen (AS N),Total,,0.08,mg/l,True,0.1,,,351.2,UHL001,Actual,SW,Water,,,Clayton,07060003,River/Stream,,42.947107,-91.232895
6,16220004,Hewitt Creek - Volga # 133,09/09/2004 08:30:00,REMAP,NIT-KJELD,Kjeldahl nitrogen (AS N),Total,,0.06,mg/l,True,0.05,,,351.1,UHL001,Actual,SW,Water,,,Clayton,07060004,River/Stream,,42.756825,-91.563285
6,16220003,Turkey River - Garber - REMAP # 70,10/02/2003 08:45:00,REMAP,NIT-KJELD,Kjeldahl nitrogen (AS N),Total,,0.34,mg/l,True,0.05,,,351.1,UHL001,Actual,SW,Water,,,Clayton,07060004,River/Stream,,42.738283,-91.265993
6,16220006,North Cedar Creek - Clayton # 159,07/19/2005 09:45:00,REMAP,NIT-KJELD,Kjeldahl nitrogen (AS N),Total,,0.12,mg/l,True,0.1,,,351.2,UHL001,Actual,SW,Water,,,Clayton,07060003,River/Stream,,42.947107,-91.232895
6,16220006,North Cedar Creek - Clayton # 159,07/26/2005 10:30:00,REMAP,NIT-KJELD,Kjeldahl nitrogen (AS N),Total,,0.22,mg/l,True,0.1,,,351.2,UHL001,Actual,SW,Water,,,Clayton,07060003,River/Stream,,42.947107,-91.232895
6,16220006,North Cedar Creek - Clayton # 159,08/12/2008 13:15:00,TMDL,NIT-KJELD,Kjeldahl nitrogen (AS N),Total,,0.2,mg/l,True,0.1,,,351.2,UHL001,Actual,SW,Water,,,Clayton,07060003,River/Stream,,42.947107,-91.232895
6,16220001,Roberts Creek,08/11/2008 10:30:00,TMDL,NIT-KJELD,Kjeldahl nitrogen (AS N),Total,,0.5,mg/l,True,0.1,,,351.2,UHL001,Actual,SW,Water,,,Clayton,07060004,River/Stream,,42.963184,-91.461441
6,16220002,Peck Creek - REMAP #229,08/07/2002 13:30:00,REMAP,NIT-KJELD,Kjeldahl nitrogen (AS N),Total,,0.19,mg/l,True,0.05,,,351.1,UHL001,Actual,SW,Water,,,Clayton,07060004,River/Stream,,42.723821,-91.144286
6,16220002,Peck Creek - REMAP #229,09/10/2002 09:55:00,REMAP,NIT-KJELD,Kjeldahl nitrogen (AS N),Total,,0.82,mg/l,True,0.05,,,351.1,UHL001,Actual,SW,Water,,,Clayton,07060004,River/Stream,,42.723821,-91.144286
6,16220002,Peck Creek - REMAP #229,08/26/2002 12:30:00,REMAP,NIT-KJELD,Kjeldahl nitrogen (AS N),Total,,0.35,mg/l,True,0.05,,,351.1,UHL001,Actual,SW,Water,,,Clayton,07060004,River/Stream,,42.723821,-91.144286
6,12220011,Buck Creek-Garnavillo (S.E. near Ceres),09/20/2011 10:30:00,AMBBIO,NIT-NO3-NO2,Inorganic nitrogen (nitrate and nitrite) (as N),Total,,5.5,mg/l,True,0.1,,,353.2,UHL001,Actual,SW,Water,,,Clayton,07060003,River/Stream,,42.8418987,-91.1678821
6,12220010,South Cedar Creek-Garnavillo-SoCed1,09/20/2011 09:15:00,AMBBIO,NIT-NO3-NO2,Inorganic nitrogen (nitrate and nitrite) (as N),Total,,3.7,mg/l,True,0.1,,,353.2,UHL001,Actual,SW,Water,,,Clayton,07060004,River/Stream,,42.8298658,-91.2442284
6,12220011,Buck Creek-Garnavillo (S.E. near Ceres),08/11/2011 10:45:00,AMBBIO,NIT-NO3-NO2,Inorganic nitrogen (nitrate and nitrite) (as N),Total,,5.9,mg/l,True,0.1,,,353.2,UHL001,Actual,SW,Water,,,Clayton,07060003,River/Stream,,42.8418987,-91.1678821
6,12220001,Miners Creek-Guttenburg,07/19/2012 07:30:00,TMDL,NIT-NO3-NO2,Inorganic nitrogen (nitrate and nitrite) (as N),Total,,5.3,mg/l,True,0.1,,,LAC10-107-04-1J,UHL001,Actual,SW,Water,,,Clayton,07060004,River/Stream,,42.788189,-91.125629
6,11220012,Peck Creek near Osterdock (Site 326),07/02/2012 11:00:00,TURKEYR,NIT-NO3-NO2,Inorganic nitrogen (nitrate and nitrite) (as N),Total,,0.35,mg/l,True,0.1,,,LAC10-107-04-1J,IGS-GRAB,Actual,SW,Water,,,Clayton,07060004,River/Stream,,42.723821,-91.144286
6,11220012,Peck Creek near Osterdock (Site 326),06/06/2012 13:20:00,TURKEYR,NIT-NO3-NO2,Inorganic nitrogen (nitrate and nitrite) (as N),Total,,0.43,mg/l,True,0.1,,,LAC10-107-04-1J,IGS-GRAB,Actual,SW,Water,,,Clayton,07060004,River/Stream,,42.723821,-91.144286
6,11220009,Bear Creek W of Elkport (37),04/04/2012 11:05:00,TURKEYR,NIT-NO3-NO2,Inorganic nitrogen (nitrate and nitrite) (as N),Total,,2.5,mg/l,True,0.1,,,LAC10-107-04-1J,IGS-GRAB,Actual,SW,Water,,,Clayton,07060004,River/Stream,,42.7369562,-91.3245041
6,11220009,Bear Creek W of Elkport (37),09/05/2012 10:12:00,TURKEYR,NIT-NO3-NO2,Inorganic nitrogen (nitrate and nitrite) (as N),Total,,0.77,mg/l,True,0.1,,,LAC10-107-04-1J,IGS-GRAB,Actual,SW,Water,,,Clayton,07060004,River/Stream,,42.7369562,-91.3245041
6,11220014,Silver Creek at 172nd St. (Site SC04/SiCr1),06/06/2012 14:06:00,TURKEYR,NIT-NO3-NO2,Inorganic nitrogen (nitrate and nitrite) (as N),Total,,15,mg/l,True,0.1,,,LAC10-107-04-1J,IGS-GRAB,Actual,SW,Water,,,Clayton,07060004,River/Stream,,42.973151,-91.441907
6,11220009,Bear Creek W of Elkport (37),07/02/2012 09:20:00,TURKEYR,NIT-NO3-NO2,Inorganic nitrogen (nitrate and nitrite) (as N),Total,,0.37,mg/l,True,0.1,,,LAC10-107-04-1J,IGS-GRAB,Actual,SW,Water,,,Clayton,07060004,River/Stream,,42.7369562,-91.3245041
6,11220009,Bear Creek W of Elkport (37),05/02/2012 11:17:00,TURKEYR,NIT-NO3-NO2,Inorganic nitrogen (nitrate and nitrite) (as N),Total,,1.6,mg/l,True,0.1,,,LAC10-107-04-1J,IGS-GRAB,Actual,SW,Water,,,Clayton,07060004,River/Stream,,42.7369562,-91.3245041
6,11220013,Peck Creek near Osterdock (Site PeC2),10/24/2011 09:50:00,TMDL,NIT-NO3-NO2,Inorganic nitrogen (nitrate and nitrite) (as N),Total,,1,mg/l,True,0.1,,,353.2,UHL001,Actual,SW,Water,,,Clayton,07060004,River/Stream,,42.714055,-91.153443
6,11220013,Peck Creek near Osterdock (Site PeC2),10/11/2011 12:20:00,TMDL,NIT-NO3-NO2,Inorganic nitrogen (nitrate and nitrite) (as N),Total,,0.8,mg/l,True,0.1,,,353.2,UHL001,Actual,SW,Water,,,Clayton,07060004,River/Stream,,42.714055,-91.153443
6,11220012,Peck Creek near Osterdock (Site 326),05/04/2011 13:45:00,TURKEYR,NIT-NO3-NO2,Inorganic nitrogen (nitrate and nitrite) (as N),Total,,1.7,mg/l,True,0.1,,,353.2,IGS-GRAB,Actual,SW,Water,,,Clayton,07060004,River/Stream,,42.723821,-91.144286
6,11220012,Peck Creek near Osterdock (Site 326),06/01/2011 11:28:00,TURKEYR,NIT-NO3-NO2,Inorganic nitrogen (nitrate and nitrite) (as N),Total,,1.5,mg/l,True,0.1,,,353.2,IGS-GRAB,Actual,SW,Water,,,Clayton,07060004,River/Stream,,42.723821,-91.144286
6,11220012,Peck Creek near Osterdock (Site 326),08/03/2011 11:30:00,TURKEYR,NIT-NO3-NO2,Inorganic nitrogen (nitrate and nitrite) (as N),Total,,1.3,mg/l,True,0.1,,,353.2,IGS-GRAB,Actual,SW,Water,,,Clayton,07060004,River/Stream,,42.723821,-91.144286
6,11220014,Silver Creek at 172nd St. (Site SC04/SiCr1),09/07/2011 08:45:00,TURKEYR,NIT-NO3-NO2,Inorganic nitrogen (nitrate and nitrite) (as N),Total,,4.9,mg/l,True,0.1,,,353.2,IGS-GRAB,Actual,SW,Water,,,Clayton,07060004,River/Stream,,42.973151,-91.441907
6,11220014,Silver Creek at 172nd St. (Site SC04/SiCr1),06/01/2011 08:45:00,TURKEYR,NIT-NO3-NO2,Inorganic nitrogen (nitrate and nitrite) (as N),Total,,14,mg/l,True,0.1,,,353.2,IGS-GRAB,Actual,SW,Water,,,Clayton,07060004,River/Stream,,42.973151,-91.441907
6,11220012,Peck Creek near Osterdock (Site 326),10/05/2011 12:00:00,TURKEYR,NIT-NO3-NO2,Inorganic nitrogen (nitrate and nitrite) (as N),Total,,0.93,mg/l,True,0.1,,,353.2,IGS-GRAB,Actual,SW,Water,,,Clayton,07060004,River/Stream,,42.723821,-91.144286
6,11220014,Silver Creek at 172nd St. (Site SC04/SiCr1),11/02/2011 12:50:00,TURKEYR,NIT-NO3-NO2,Inorganic nitrogen (nitrate and nitrite) (as N),Total,,4.9,mg/l,True,0.1,,,353.2,IGS-GRAB,Actual,SW,Water,,,Clayton,07060004,River/Stream,,42.973151,-91.441907
6,11220023,Peck Creek at Osterdock (site pecr3),08/08/2011 10:00:00,TMDL,NIT-NO3-NO2,Inorganic nitrogen (nitrate and nitrite) (as N),Total,,2.1,mg/l,True,0.1,,,353.2,UHL001,Actual,SW,Water,,,Clayton,07060004,River/Stream,,42.695322,-91.166768
6,11220023,Peck Creek at Osterdock (site pecr3),09/07/2011 10:35:00,TMDL,NIT-NO3-NO2,Inorganic nitrogen (nitrate and nitrite) (as N),Total,,2.5,mg/l,True,0.1,,,353.2,UHL001,Actual,SW,Water,,,Clayton,07060004,River/Stream,,42.695322,-91.166768
6,11220023,Peck Creek at Osterdock (site pecr3),09/22/2011 09:15:00,TMDL,NIT-NO3-NO2,Inorganic nitrogen (nitrate and nitrite) (as N),Total,,2.3,mg/l,True,0.1,,,353.2,UHL001,Actual,SW,Water,,,Clayton,07060004,River/Stream,,42.695322,-91.166768
6,11220013,Peck Creek near Osterdock (Site PeC2),07/22/2011 11:44:00,TMDL,NIT-NO3-NO2,Inorganic nitrogen (nitrate and nitrite) (as N),Total,,1.2,mg/l,True,0.1,,,353.2,UHL002,Actual,SW,Water,,,Clayton,07060004,River/Stream,,42.714055,-91.153443
6,11220013,Peck Creek near Osterdock (Site PeC2),08/08/2011 12:00:00,TMDL,NIT-NO3-NO2,Inorganic nitrogen (nitrate and nitrite) (as N),Total,,0.79,mg/l,True,0.1,,,353.2,UHL001,Actual,SW,Water,,,Clayton,07060004,River/Stream,,42.714055,-91.153443
6,11220023,Peck Creek at Osterdock (site pecr3),07/25/2011 11:20:00,TMDL,NIT-NO3-NO2,Inorganic nitrogen (nitrate and nitrite) (as N),Total,,2.4,mg/l,True,0.1,,,353.2,UHL001,Actual,SW,Water,,,Clayton,07060004,River/Stream,,42.695322,-91.166768
6,11220013,Peck Creek near Osterdock (Site PeC2),07/22/2011 07:11:00,TMDL,NIT-NO3-NO2,Inorganic nitrogen (nitrate and nitrite) (as N),Total,,0.88,mg/l,True,0.1,,,353.2,UHL002,Actual,SW,Water,,,Clayton,07060004,River/Stream,,42.714055,-91.153443
6,11220023,Peck Creek at Osterdock (site pecr3),07/11/2011 11:20:00,TMDL,NIT-NO3-NO2,Inorganic nitrogen (nitrate and nitrite) (as N),Total,,2.9,mg/l,True,0.1,,,353.2,UHL001,Actual,SW,Water,,,Clayton,07060004,River/Stream,,42.695322,-91.166768
6,11220013,Peck Creek near Osterdock (Site PeC2),05/09/2011 09:30:00,TMDL,NIT-NO3-NO2,Inorganic nitrogen (nitrate and nitrite) (as N),Total,,1.6,mg/l,True,0.1,,,353.2,UHL001,Actual,SW,Water,,,Clayton,07060004,River/Stream,,42.714055,-91.153443
6,11220013,Peck Creek near Osterdock (Site PeC2),05/26/2011 08:50:00,TMDL,NIT-NO3-NO2,Inorganic nitrogen (nitrate and nitrite) (as N),Total,,2,mg/l,True,0.1,,,353.2,UHL001,Actual,SW,Water,,,Clayton,07060004,River/Stream,,42.714055,-91.153443
6,11220023,Peck Creek at Osterdock (site pecr3),06/22/2011 09:45:00,TMDL,NIT-NO3-NO2,Inorganic nitrogen (nitrate and nitrite) (as N),Total,,3.2,mg/l,True,0.1,,,353.2,UHL001,Actual,SW,Water,,,Clayton,07060004,River/Stream,,42.695322,-91.166768
6,11220023,Peck Creek at Osterdock (site pecr3),05/09/2011 08:45:00,TMDL,NIT-NO3-NO2,Inorganic nitrogen (nitrate and nitrite) (as N),Total,,2.5,mg/l,True,0.1,,,353.2,UHL001,Actual,SW,Water,,,Clayton,07060004,River/Stream,,42.695322,-91.166768
6,11220013,Peck Creek near Osterdock (Site PeC2),06/22/2011 11:15:00,TMDL,NIT-NO3-NO2,Inorganic nitrogen (nitrate and nitrite) (as N),Total,,2,mg/l,True,0.1,,,353.2,UHL001,Actual,SW,Water,,,Clayton,07060004,River/Stream,,42.714055,-91.153443
6,11220023,Peck Creek at Osterdock (site pecr3),06/08/2011 09:30:00,TMDL,NIT-NO3-NO2,Inorganic nitrogen (nitrate and nitrite) (as N),Total,,2.1,mg/l,True,0.1,,,353.2,UHL001,Actual,SW,Water,,,Clayton,07060004,River/Stream,,42.695322,-91.166768
6,11220013,Peck Creek near Osterdock (Site PeC2),06/08/2011 08:45:00,TMDL,NIT-NO3-NO2,Inorganic nitrogen (nitrate and nitrite) (as N),Total,,1.5,mg/l,True,0.1,,,353.2,UHL001,Actual,SW,Water,,,Clayton,07060004,River/Stream,,42.714055,-91.153443
6,11220013,Peck Creek near Osterdock (Site PeC2),04/27/2011 13:15:00,TMDL,NIT-NO3-NO2,Inorganic nitrogen (nitrate and nitrite) (as N),Total,,2.8,mg/l,True,0.1,,,353.2,UHL001,Actual,SW,Water,,,Clayton,07060004,River/Stream,,42.714055,-91.153443
6,11220012,Peck Creek near Osterdock (Site 326),11/06/2013 10:50:00,TURKEYR,NIT-NO3-NO2,Inorganic nitrogen (nitrate and nitrite) (AS N),Total,,0.84,mg/l,True,0.1,,,LAC10-107-04-1J,UHL001,Actual,SW,Water,,,Clayton,07060004,River/Stream,,42.723821,-91.144286
6,11220014,Silver Creek at 172nd St. (Site SC04/SiCr1),11/06/2013 08:30:00,TURKEYR,NIT-NO3-NO2,Inorganic nitrogen (nitrate and nitrite) (AS N),Total,,5.9,mg/l,True,0.1,,,LAC10-107-04-1J,UHL001,Actual,SW,Water,,,Clayton,07060004,River/Stream,,42.973151,-91.441907
6,11220012,Peck Creek near Osterdock (Site 326),10/16/2013 10:35:00,TURKEYR,NIT-NO3-NO2,Inorganic nitrogen (nitrate and nitrite) (AS N),Total,,0.37,mg/l,True,0.1,,,LAC10-107-04-1J,UHL001,Actual,SW,Water,,,Clayton,07060004,River/Stream,,42.723821,-91.144286
6,11220009,Bear Creek W of Elkport (37),11/06/2013 11:17:00,TURKEYR,NIT-NO3-NO2,Inorganic nitrogen (nitrate and nitrite) (AS N),Total,,1.7,mg/l,True,0.1,,,LAC10-107-04-1J,UHL001,Actual,SW,Water,,,Clayton,07060004,River/Stream,,42.7369562,-91.3245041
6,14000122,Silver Creek at Dove Ave (SIL50),09/04/2013 09:00:00,TURKEYR,NIT-NO3-NO2,Inorganic nitrogen (nitrate and nitrite) (AS N),Total,,11,mg/l,True,0.1,,,LAC10-107-04-1J,UHL001,Actual,SW,Water,,,Clayton,07060004,River/Stream,,43.017,-91.469
6,11220009,Bear Creek W of Elkport (37),10/16/2013 09:40:00,TURKEYR,NIT-NO3-NO2,Inorganic nitrogen (nitrate and nitrite) (AS N),Total,,0.91,mg/l,True,0.1,,,LAC10-107-04-1J,UHL001,Actual,SW,Water,,,Clayton,07060004,River/Stream,,42.7369562,-91.3245041
6,11220009,Bear Creek W of Elkport (37),08/07/2013 09:30:00,TURKEYR,NIT-NO3-NO2,Inorganic nitrogen (nitrate and nitrite) (AS N),Total,,11,mg/l,True,0.1,,,LAC10-107-04-1J,UHL001,Actual,SW,Water,,,Clayton,07060004,River/Stream,,42.7369562,-91.3245041
6,11220012,Peck Creek near Osterdock (Site 326),09/04/2013 14:00:00,TURKEYR,NIT-NO3-NO2,Inorganic nitrogen (nitrate and nitrite) (AS N),Total,,0.46,mg/l,True,0.1,,,LAC10-107-04-1J,UHL001,Actual,SW,Water,,,Clayton,07060004,River/Stream,,42.723821,-91.144286
6,11220009,Bear Creek W of Elkport (37),08/07/2013 11:13:00,TURKEYR,NIT-NO3-NO2,Inorganic nitrogen (nitrate and nitrite) (AS N),Total,,1.4,mg/l,True,0.1,,,LAC10-107-04-1J,UHL001,Actual,SW,Water,,,Clayton,07060004,River/Stream,,42.7369562,-91.3245041
6,14000122,Silver Creek at Dove Ave (SIL50),08/07/2013 09:00:00,TURKEYR,NIT-NO3-NO2,Inorganic nitrogen (nitrate and nitrite) (AS N),Total,,11,mg/l,True,0.1,,,LAC10-107-04-1J,UHL001,Actual,SW,Water,,,Clayton,07060004,River/Stream,,43.017,-91.469
6,11220014,Silver Creek at 172nd St. (Site SC04/SiCr1),08/07/2013 08:45:00,TURKEYR,NIT-NO3-NO2,Inorganic nitrogen (nitrate and nitrite) (AS N),Total,,9.9,mg/l,True,0.1,,,LAC10-107-04-1J,UHL001,Actual,SW,Water,,,Clayton,07060004,River/Stream,,42.973151,-91.441907
6,11220012,Peck Creek near Osterdock (Site 326),07/10/2013 11:20:00,TURKEYR,NIT-NO3-NO2,Inorganic nitrogen (nitrate and nitrite) (AS N),Total,,1.3,mg/l,True,0.1,,,LAC10-107-04-1J,UHL001,Actual,SW,Water,,,Clayton,07060004,River/Stream,,42.723821,-91.144286
6,14000122,Silver Creek at Dove Ave (SIL50),07/10/2013 10:35:00,TURKEYR,NIT-NO3-NO2,Inorganic nitrogen (nitrate and nitrite) (AS N),Total,,15,mg/l,True,0.1,,,LAC10-107-04-1J,UHL001,Actual,SW,Water,,,Clayton,07060004,River/Stream,,43.017,-91.469
6,14000122,Silver Creek at Dove Ave (SIL50),06/05/2013 11:28:00,TURKEYR,NIT-NO3-NO2,Inorganic nitrogen (nitrate and nitrite) (AS N),Total,,16,mg/l,True,0.1,,,LAC10-107-04-1J,UHL001,Actual,SW,Water,,,Clayton,07060004,River/Stream,,43.017,-91.469
6,11220009,Bear Creek W of Elkport (37),07/10/2013 08:48:00,TURKEYR,NIT-NO3-NO2,Inorganic nitrogen (nitrate and nitrite) (AS N),Total,,3.5,mg/l,True,0.1,,,LAC10-107-04-1J,UHL001,Actual,SW,Water,,,Clayton,07060004,River/Stream,,42.7369562,-91.3245041
6,11220012,Peck Creek near Osterdock (Site 326),06/05/2013 10:10:00,TURKEYR,NIT-NO3-NO2,Inorganic nitrogen (nitrate and nitrite) (AS N),Total,,1.7,mg/l,True,0.1,,,LAC10-107-04-1J,UHL001,Actual,SW,Water,,,Clayton,07060004,River/Stream,,42.723821,-91.144286
6,11220014,Silver Creek at 172nd St. (Site SC04/SiCr1),06/05/2013 11:10:00,TURKEYR,NIT-NO3-NO2,Inorganic nitrogen (nitrate and nitrite) (AS N),Total,,16,mg/l,True,0.1,,,LAC10-107-04-1J,UHL001,Actual,SW,Water,,,Clayton,07060004,River/Stream,,42.973151,-91.441907
6,11220012,Peck Creek near Osterdock (Site 326),11/07/2012 15:45:00,TURKEYR,NIT-NO3-NO2,Inorganic nitrogen (nitrate and nitrite) (as N),Total,,0.39,mg/l,True,0.1,,,LAC10-107-04-1J,IGS-GRAB,Actual,SW,Water,,,Clayton,07060004,River/Stream,,42.723821,-91.144286
6,11220009,Bear Creek W of Elkport (37),06/05/2013 10:00:00,TURKEYR,NIT-NO3-NO2,Inorganic nitrogen (nitrate and nitrite) (AS N),Total,,3.2,mg/l,True,0.1,,,LAC10-107-04-1J,UHL001,Actual,SW,Water,,,Clayton,07060004,River/Stream,,42.7369562,-91.3245041
6,11220014,Silver Creek at 172nd St. (Site SC04/SiCr1),11/07/2012 12:00:00,TURKEYR,NIT-NO3-NO2,Inorganic nitrogen (nitrate and nitrite) (as N),Total,,2.5,mg/l,True,0.1,,,LAC10-107-04-1J,IGS-GRAB,Actual,SW,Water,,,Clayton,07060004,River/Stream,,42.973151,-91.441907
6,11220009,Bear Creek W of Elkport (37),10/03/2012 11:00:00,TURKEYR,NIT-NO3-NO2,Inorganic nitrogen (nitrate and nitrite) (as N),Total,,0.16,mg/l,True,0.1,,,LAC10-107-04-1J,IGS-GRAB,Actual,SW,Water,,,Clayton,07060004,River/Stream,,42.7369562,-91.3245041
6,11220009,Bear Creek W of Elkport (37),08/01/2012 07:14:00,TURKEYR,NIT-NO3-NO2,Inorganic nitrogen (nitrate and nitrite) (as N),Total,,0.11,mg/l,True,0.1,,,LAC10-107-04-1J,IGS-GRAB,Actual,SW,Water,,,Clayton,07060004,River/Stream,,42.7369562,-91.3245041
6,11220014,Silver Creek at 172nd St. (Site SC04/SiCr1),10/03/2012 10:35:00,TURKEYR,NIT-NO3-NO2,Inorganic nitrogen (nitrate and nitrite) (as N),Total,,0.1,mg/l,False,0.1,,,LAC10-107-04-1J,IGS-GRAB,Actual,SW,Water,,,Clayton,07060004,River/Stream,,42.973151,-91.441907
6,15220001,Bloody Run Creek Site #2 (BR02),08/23/1994 12:45:00,SNY319,NIT-NO3-NO2,Inorganic nitrogen (nitrate and nitrite) (as N),Total,,9.2,mg/l,True,0.1,,,Unknown,SNY001,Actual,SW,Water,,,Clayton,07060001,River/Stream,,43.03547975,-91.26682808
6,15220001,Bloody Run Creek Site #2 (BR02),08/16/1994 12:45:00,SNY319,NIT-NO3-NO2,Inorganic nitrogen (nitrate and nitrite) (as N),Total,,12,mg/l,True,0.1,,,Unknown,SNY001,Actual,SW,Water,,,Clayton,07060001,River/Stream,,43.03547975,-91.26682808
6,11220009,Bear Creek W of Elkport (37),05/01/2013 13:08:00,TURKEYR,NIT-NO3-NO2,Inorganic nitrogen (nitrate and nitrite) (AS N),Total,,1.8,mg/l,True,0.1,,,LAC10-107-04-1J,UHL001,Actual,SW,Water,,,Clayton,07060004,River/Stream,,42.7369562,-91.3245041
6,11220012,Peck Creek near Osterdock (Site 326),05/01/2013 13:00:00,TURKEYR,NIT-NO3-NO2,Inorganic nitrogen (nitrate and nitrite) (AS N),Total,,0.6,mg/l,True,0.1,,,LAC10-107-04-1J,UHL001,Actual,SW,Water,,,Clayton,07060004,River/Stream,,42.723821,-91.144286
6,14000122,Silver Creek at Dove Ave (SIL50),11/06/2013 08:45:00,TURKEYR,NIT-NO3-NO2,Inorganic nitrogen (nitrate and nitrite) (AS N),Total,,8,mg/l,True,0.1,,,LAC10-107-04-1J,UHL001,Actual,SW,Water,,,Clayton,07060004,River/Stream,,43.017,-91.469
6,11220012,Peck Creek near Osterdock (Site 326),04/10/2013 10:40:00,TURKEYR,NIT-NO3-NO2,Inorganic nitrogen (nitrate and nitrite) (AS N),Total,,3.2,mg/l,True,0.1,,,LAC10-107-04-1J,UHL001,Actual,SW,Water,,,Clayton,07060004,River/Stream,,42.723821,-91.144286
6,15220001,Bloody Run Creek Site #2 (BR02),09/06/1994 15:00:00,SNY319,NIT-NO3-NO2,Inorganic nitrogen (nitrate and nitrite) (as N),Total,,9.6,mg/l,True,0.1,,,Unknown,SNY001,Actual,SW,Water,,,Clayton,07060001,River/Stream,,43.03547975,-91.26682808
6,15220001,Bloody Run Creek Site #2 (BR02),08/30/1994 09:45:00,SNY319,NIT-NO3-NO2,Inorganic nitrogen (nitrate and nitrite) (as N),Total,,9.8,mg/l,True,0.1,,,Unknown,SNY001,Actual,SW,Water,,,Clayton,07060001,River/Stream,,43.03547975,-91.26682808
6,15220003,North Cedar Creek (NCC),09/20/1994 12:20:00,SNY319,NIT-NO3-NO2,Inorganic nitrogen (nitrate and nitrite) (as N),Total,,1.6,mg/l,True,0.1,,,Unknown,SNY001,Actual,SW,Water,,,Clayton,07060003,River/Stream,,42.96274242,-91.22931615
6,15220003,North Cedar Creek (NCC),09/13/1994 11:45:00,SNY319,NIT-NO3-NO2,Inorganic nitrogen (nitrate and nitrite) (as N),Total,,1.5,mg/l,True,0.1,,,Unknown,SNY001,Actual,SW,Water,,,Clayton,07060003,River/Stream,,42.96274242,-91.22931615
6,14000122,Silver Creek at Dove Ave (SIL50),05/01/2013 08:20:00,TURKEYR,NIT-NO3-NO2,Inorganic nitrogen (nitrate and nitrite) (AS N),Total,,13,mg/l,True,0.1,,,LAC10-107-04-1J,UHL001,Actual,SW,Water,,,Clayton,07060004,River/Stream,,43.017,-91.469
6,11220016,Unnamed Trib. to Silver Creek at 145th St (Site SC06/SiCr3),06/29/2006 08:35:00,TMDL,NIT-NO3-NO2,Inorganic nitrogen (nitrate and nitrite) (as N),Total,,13,mg/l,True,0.05,,,353.2,UHL001,Actual,SW,Water,,,Clayton,07060004,River/Stream,,43.015393,-91.459197
6,11220013,Peck Creek near Osterdock (Site PeC2),08/10/2006 13:50:00,TMDL,NIT-NO3-NO2,Inorganic nitrogen (nitrate and nitrite) (as N),Total,,0.34,mg/l,True,0.05,,,353.2,UHL001,Actual,SW,Water,,,Clayton,07060004,River/Stream,,42.714055,-91.153443
6,11220017,Silver Creek near Luana (Site SiCr4),02/14/2007 10:15:00,TMDL,NIT-NO3-NO2,Inorganic nitrogen (nitrate and nitrite) (as N),Total,,14,mg/l,True,0.05,,,353.2,UHL001,Actual,SW,Water,,,Clayton,07060004,River/Stream,,43.016854,-91.46942
6,11220018,Unnamed Tributary to Silver Creek near Luana (Site SiCr5),01/08/2007 10:30:00,TMDL,NIT-NO3-NO2,Inorganic nitrogen (nitrate and nitrite) (as N),Total,,7.3,mg/l,True,0.05,,,353.2,UHL001,Actual,SW,Water,,,Clayton,07060004,River/Stream,,43.042488,-91.441209
6,11220014,Silver Creek at 172nd St. (Site SC04/SiCr1),01/08/2007 11:30:00,TMDL,NIT-NO3-NO2,Inorganic nitrogen (nitrate and nitrite) (as N),Total,,12,mg/l,True,0.05,,,353.2,UHL001,Actual,SW,Water,,,Clayton,07060004,River/Stream,,42.973151,-91.441907
6,11220017,Silver Creek near Luana (Site SiCr4),09/06/2006 12:45:00,TMDL,NIT-NO3-NO2,Inorganic nitrogen (nitrate and nitrite) (as N),Total,,11,mg/l,True,0.05,,,353.2,UHL001,Actual,SW,Water,,,Clayton,07060004,River/Stream,,43.016854,-91.46942
6,11220017,Silver Creek near Luana (Site SiCr4),09/20/2006 11:25:00,TMDL,NIT-NO3-NO2,Inorganic nitrogen (nitrate and nitrite) (as N),Total,,11,mg/l,True,0.05,,,353.2,UHL001,Actual,SW,Water,,,Clayton,07060004,River/Stream,,43.016854,-91.46942
6,11220014,Silver Creek at 172nd St. (Site SC04/SiCr1),09/12/2006 04:55:00,TMDL,NIT-NO3-NO2,Inorganic nitrogen (nitrate and nitrite) (as N),Total,,6,mg/l,True,0.05,,,353.2,UHL001,Actual,SW,Water,,,Clayton,07060004,River/Stream,,42.973151,-91.441907
6,11220014,Silver Creek at 172nd St. (Site SC04/SiCr1),08/07/2006 08:00:00,TMDL,NIT-NO3-NO2,Inorganic nitrogen (nitrate and nitrite) (as N),Total,,1.3,mg/l,True,0.05,,,353.2,UHL001,Actual,SW,Water,,,Clayton,07060004,River/Stream,,42.973151,-91.441907
6,11220017,Silver Creek near Luana (Site SiCr4),08/07/2006 13:30:00,TMDL,NIT-NO3-NO2,Inorganic nitrogen (nitrate and nitrite) (as N),Total,,9.1,mg/l,True,0.05,,,353.2,UHL001,Actual,SW,Water,,,Clayton,07060004,River/Stream,,43.016854,-91.46942
6,11220013,Peck Creek near Osterdock (Site PeC2),04/14/2011 10:30:00,TMDL,NIT-NO3-NO2,Inorganic nitrogen (nitrate and nitrite) (as N),Total,,1.6,mg/l,True,0.1,,,353.2,UHL001,Actual,SW,Water,,,Clayton,07060004,River/Stream,,42.714055,-91.153443
6,11220014,Silver Creek at 172nd St. (Site SC04/SiCr1),10/07/2008 08:40:00,TMDL,NIT-NO3-NO2,Inorganic nitrogen (nitrate and nitrite) (as N),Total,,2.6,mg/l,True,0.05,,,353.2,UHL001,Actual,SW,Water,,,Clayton,07060004,River/Stream,,42.973151,-91.441907
6,11220013,Peck Creek near Osterdock (Site PeC2),03/30/2011 08:50:00,TMDL,NIT-NO3-NO2,Inorganic nitrogen (nitrate and nitrite) (as N),Total,,2.5,mg/l,True,0.1,,,353.2,UHL001,Actual,SW,Water,,,Clayton,07060004,River/Stream,,42.714055,-91.153443
6,11220020,Unnamed Trib to Silver Creek at 125th St. (SC08),10/07/2008 11:10:00,TMDL,NIT-NO3-NO2,Inorganic nitrogen (nitrate and nitrite) (as N),Total,,11,mg/l,True,0.05,,,353.2,UHL001,Actual,SW,Water,,,Clayton,07060004,River/Stream,,43.044508,-91.408351
6,11220018,Unnamed Tributary to Silver Creek near Luana (Site SiCr5),10/07/2008 10:00:00,TMDL,NIT-NO3-NO2,Inorganic nitrogen (nitrate and nitrite) (as N),Total,,3.7,mg/l,True,0.05,,,353.2,UHL001,Actual,SW,Water,,,Clayton,07060004,River/Stream,,43.042488,-91.441209
6,11220014,Silver Creek at 172nd St. (Site SC04/SiCr1),09/24/2008 11:00:00,TMDL,NIT-NO3-NO2,Inorganic nitrogen (nitrate and nitrite) (as N),Total,,5.8,mg/l,True,0.05,,,353.2,UHL001,Actual,SW,Water,,,Clayton,07060004,River/Stream,,42.973151,-91.441907
6,11220014,Silver Creek at 172nd St. (Site SC04/SiCr1),09/24/2008 10:00:00,TMDL,NIT-NO3-NO2,Inorganic nitrogen (nitrate and nitrite) (as N),Total,,5.4,mg/l,True,0.05,,,353.2,UHL001,Actual,SW,Water,,,Clayton,07060004,River/Stream,,42.973151,-91.441907
6,11220014,Silver Creek at 172nd St. (Site SC04/SiCr1),09/11/2008 09:10:00,TMDL,NIT-NO3-NO2,Inorganic nitrogen (nitrate and nitrite) (as N),Total,,6.3,mg/l,True,0.05,,,353.2,UHL001,Actual,SW,Water,,,Clayton,07060004,River/Stream,,42.973151,-91.441907
6,11220018,Unnamed Tributary to Silver Creek near Luana (Site SiCr5),09/11/2008 10:30:00,TMDL,NIT-NO3-NO2,Inorganic nitrogen (nitrate and nitrite) (as N),Total,,4.9,mg/l,True,0.05,,,353.2,UHL001,Actual,SW,Water,,,Clayton,07060004,River/Stream,,43.042488,-91.441209
6,11220018,Unnamed Tributary to Silver Creek near Luana (Site SiCr5),08/27/2008 09:40:00,TMDL,NIT-NO3-NO2,Inorganic nitrogen (nitrate and nitrite) (as N),Total,,6.1,mg/l,True,0.05,,,353.2,UHL001,Actual,SW,Water,,,Clayton,07060004,River/Stream,,43.042488,-91.441209
6,11220021,Creamery Effluent at Highway 52 near Luana,09/11/2008 11:10:00,TMDL,NIT-NO3-NO2,Inorganic nitrogen (nitrate and nitrite) (as N),Total,,3.7,mg/l,True,0.05,,,353.2,UHL001,Actual,SW,Water,,,Clayton,07060004,River/Stream,,43.051165,-91.439633
6,11220022,Roberts Creek near Postville (site rob1),08/13/2008 08:50:00,TMDL,NIT-NO3-NO2,Inorganic nitrogen (nitrate and nitrite) (as N),Total,,7.5,mg/l,True,0.05,,,353.2,UHL001,Actual,SW,Water,,,Clayton,07060004,River/Stream,,43.051131,-91.555721
6,11220014,Silver Creek at 172nd St. (Site SC04/SiCr1),08/27/2008 08:25:00,TMDL,NIT-NO3-NO2,Inorganic nitrogen (nitrate and nitrite) (as N),Total,,6.7,mg/l,True,0.05,,,353.2,UHL001,Actual,SW,Water,,,Clayton,07060004,River/Stream,,42.973151,-91.441907
6,11220014,Silver Creek at 172nd St. (Site SC04/SiCr1),08/11/2008 08:30:00,TMDL,NIT-NO3-NO2,Inorganic nitrogen (nitrate and nitrite) (as N),Total,,12,mg/l,True,0.05,,,353.2,UHL001,Actual,SW,Water,,,Clayton,07060004,River/Stream,,42.973151,-91.441907
6,11220018,Unnamed Tributary to Silver Creek near Luana (Site SiCr5),08/11/2008 10:00:00,TMDL,NIT-NO3-NO2,Inorganic nitrogen (nitrate and nitrite) (as N),Total,,3.6,mg/l,True,0.05,,,353.2,UHL001,Actual,SW,Water,,,Clayton,07060004,River/Stream,,43.042488,-91.441209
6,11220021,Creamery Effluent at Highway 52 near Luana,07/31/2008 10:30:00,TMDL,NIT-NO3-NO2,Inorganic nitrogen (nitrate and nitrite) (as N),Total,,3.5,mg/l,True,0.05,,,353.2,UHL001,Actual,SW,Water,,,Clayton,07060004,River/Stream,,43.051165,-91.439633
6,11220014,Silver Creek at 172nd St. (Site SC04/SiCr1),07/16/2008 12:15:00,TMDL,NIT-NO3-NO2,Inorganic nitrogen (nitrate and nitrite) (as N),Total,,14,mg/l,True,0.05,,,353.2,UHL001,Actual,SW,Water,,,Clayton,07060004,River/Stream,,42.973151,-91.441907
6,11220014,Silver Creek at 172nd St. (Site SC04/SiCr1),07/31/2008 09:50:00,TMDL,NIT-NO3-NO2,Inorganic nitrogen (nitrate and nitrite) (as N),Total,,9.9,mg/l,True,0.05,,,353.2,UHL001,Actual,SW,Water,,,Clayton,07060004,River/Stream,,42.973151,-91.441907
6,11220021,Creamery Effluent at Highway 52 near Luana,07/16/2008 11:00:00,TMDL,NIT-NO3-NO2,Inorganic nitrogen (nitrate and nitrite) (as N),Total,,6.1,mg/l,True,0.05,,,353.2,UHL001,Actual,SW,Water,,,Clayton,07060004,River/Stream,,43.051165,-91.439633
6,11220014,Silver Creek at 172nd St. (Site SC04/SiCr1),09/06/2007 10:30:00,TMDL,NIT-NO3-NO2,Inorganic nitrogen (nitrate and nitrite) (as N),Total,,16,mg/l,True,0.05,,,353.2,UHL001,Actual,SW,Water,,,Clayton,07060004,River/Stream,,42.973151,-91.441907
6,11220014,Silver Creek at 172nd St. (Site SC04/SiCr1),06/20/2007 11:30:00,TMDL,NIT-NO3-NO2,Inorganic nitrogen (nitrate and nitrite) (as N),Total,,14,mg/l,True,0.05,,,353.2,UHL001,Actual,SW,Water,,,Clayton,07060004,River/Stream,,42.973151,-91.441907
6,11220018,Unnamed Tributary to Silver Creek near Luana (Site SiCr5),06/20/2007 10:40:00,TMDL,NIT-NO3-NO2,Inorganic nitrogen (nitrate and nitrite) (as N),Total,,7.2,mg/l,True,0.05,,,353.2,UHL001,Actual,SW,Water,,,Clayton,07060004,River/Stream,,43.042488,-91.441209
6,11220014,Silver Creek at 172nd St. (Site SC04/SiCr1),06/07/2007 11:30:00,TMDL,NIT-NO3-NO2,Inorganic nitrogen (nitrate and nitrite) (as N),Total,,17,mg/l,True,0.05,,,353.2,UHL001,Actual,SW,Water,,,Clayton,07060004,River/Stream,,42.973151,-91.441907
6,11220018,Unnamed Tributary to Silver Creek near Luana (Site SiCr5),06/07/2007 10:45:00,TMDL,NIT-NO3-NO2,Inorganic nitrogen (nitrate and nitrite) (as N),Total,,12,mg/l,True,0.05,,,353.2,UHL001,Actual,SW,Water,,,Clayton,07060004,River/Stream,,43.042488,-91.441209
6,11220017,Silver Creek near Luana (Site SiCr4),04/17/2007 10:55:00,TMDL,NIT-NO3-NO2,Inorganic nitrogen (nitrate and nitrite) (as N),Total,,16,mg/l,True,0.05,,,353.2,UHL001,Actual,SW,Water,,,Clayton,07060004,River/Stream,,43.016854,-91.46942
6,11220018,Unnamed Tributary to Silver Creek near Luana (Site SiCr5),04/03/2007 10:30:00,TMDL,NIT-NO3-NO2,Inorganic nitrogen (nitrate and nitrite) (as N),Total,,13,mg/l,True,0.05,,,353.2,UHL001,Actual,SW,Water,,,Clayton,07060004,River/Stream,,43.042488,-91.441209
6,11220014,Silver Creek at 172nd St. (Site SC04/SiCr1),04/03/2007 09:00:00,TMDL,NIT-NO3-NO2,Inorganic nitrogen (nitrate and nitrite) (as N),Total,,13,mg/l,True,0.05,,,353.2,UHL001,Actual,SW,Water,,,Clayton,07060004,River/Stream,,42.973151,-91.441907
6,11220017,Silver Creek near Luana (Site SiCr4),03/21/2007 10:50:00,TMDL,NIT-NO3-NO2,Inorganic nitrogen (nitrate and nitrite) (as N),Total,,12,mg/l,True,0.05,,,353.2,UHL001,Actual,SW,Water,,,Clayton,07060004,River/Stream,,43.016854,-91.46942
6,11220014,Silver Creek at 172nd St. (Site SC04/SiCr1),03/07/2007 11:15:00,TMDL,NIT-NO3-NO2,Inorganic nitrogen (nitrate and nitrite) (as N),Total,,6.5,mg/l,True,0.05,,,353.2,UHL001,Actual,SW,Water,,,Clayton,07060004,River/Stream,,42.973151,-91.441907
6,11220014,Silver Creek at 172nd St. (Site SC04/SiCr1),06/29/2006 09:05:00,TMDL,NIT-NO3-NO2,Inorganic nitrogen (nitrate and nitrite) (as N),Total,,7.3,mg/l,True,0.05,,,353.2,UHL001,Actual,SW,Water,,,Clayton,07060004,River/Stream,,42.973151,-91.441907
6,15220001,Bloody Run Creek Site #2 (BR02),02/01/2000 11:20:00,SNY319,NIT-NO3-NO2,Inorganic nitrogen (nitrate and nitrite) (as N),Total,,12,mg/l,True,0.1,,,Unknown,SNY001,Actual,SW,Water,,,Clayton,07060001,River/Stream,,43.03547975,-91.26682808
6,15220001,Bloody Run Creek Site #2 (BR02),01/25/2000 12:00:00,SNY319,NIT-NO3-NO2,Inorganic nitrogen (nitrate and nitrite) (as N),Total,,12,mg/l,True,0.1,,,Unknown,SNY001,Actual,SW,Water,,,Clayton,07060001,River/Stream,,43.03547975,-91.26682808
6,15220001,Bloody Run Creek Site #2 (BR02),01/18/2000 11:50:00,SNY319,NIT-NO3-NO2,Inorganic nitrogen (nitrate and nitrite) (as N),Total,,6.3,mg/l,True,0.1,,,Unknown,SNY001,Actual,SW,Water,,,Clayton,07060001,River/Stream,,43.03547975,-91.26682808
6,15220001,Bloody Run Creek Site #2 (BR02),01/11/2000 12:30:00,SNY319,NIT-NO3-NO2,Inorganic nitrogen (nitrate and nitrite) (as N),Total,,11,mg/l,True,0.1,,,Unknown,SNY001,Actual,SW,Water,,,Clayton,07060001,River/Stream,,43.03547975,-91.26682808
6,15220003,North Cedar Creek (NCC),12/07/1999 13:30:00,SNY319,NIT-NO3-NO2,Inorganic nitrogen (nitrate and nitrite) (as N),Total,,2.6,mg/l,True,0.1,,,Unknown,SNY001,Actual,SW,Water,,,Clayton,07060003,River/Stream,,42.96274242,-91.22931615
6,15220003,North Cedar Creek (NCC),11/30/1999 14:15:00,SNY319,NIT-NO3-NO2,Inorganic nitrogen (nitrate and nitrite) (as N),Total,,2.6,mg/l,True,0.1,,,Unknown,SNY001,Actual,SW,Water,,,Clayton,07060003,River/Stream,,42.96274242,-91.22931615
6,15220003,North Cedar Creek (NCC),11/23/1999 13:25:00,SNY319,NIT-NO3-NO2,Inorganic nitrogen (nitrate and nitrite) (as N),Total,,2.3,mg/l,True,0.1,,,Unknown,SNY001,Actual,SW,Water,,,Clayton,07060003,River/Stream,,42.96274242,-91.22931615
6,15220003,North Cedar Creek (NCC),10/26/1999 13:40:00,SNY319,NIT-NO3-NO2,Inorganic nitrogen (nitrate and nitrite) (as N),Total,,2.2,mg/l,True,0.1,,,Unknown,SNY001,Actual,SW,Water,,,Clayton,07060003,River/Stream,,42.96274242,-91.22931615
6,15220003,North Cedar Creek (NCC),10/19/1999 13:25:00,SNY319,NIT-NO3-NO2,Inorganic nitrogen (nitrate and nitrite) (as N),Total,,2.3,mg/l,True,0.1,,,Unknown,SNY001,Actual,SW,Water,,,Clayton,07060003,River/Stream,,42.96274242,-91.22931615
6,15220003,North Cedar Creek (NCC),10/12/1999 12:05:00,SNY319,NIT-NO3-NO2,Inorganic nitrogen (nitrate and nitrite) (as N),Total,,2.2,mg/l,True,0.1,,,Unknown,SNY001,Actual,SW,Water,,,Clayton,07060003,River/Stream,,42.96274242,-91.22931615
6,15220001,Bloody Run Creek Site #2 (BR02),12/28/1999 12:35:00,SNY319,NIT-NO3-NO2,Inorganic nitrogen (nitrate and nitrite) (as N),Total,,12,mg/l,True,0.1,,,Unknown,SNY001,Actual,SW,Water,,,Clayton,07060001,River/Stream,,43.03547975,-91.26682808
6,15220001,Bloody Run Creek Site #2 (BR02),12/21/1999 11:30:00,SNY319,NIT-NO3-NO2,Inorganic nitrogen (nitrate and nitrite) (as N),Total,,13,mg/l,True,0.1,,,Unknown,SNY001,Actual,SW,Water,,,Clayton,07060001,River/Stream,,43.03547975,-91.26682808
6,15220001,Bloody Run Creek Site #2 (BR02),12/14/1999 11:45:00,SNY319,NIT-NO3-NO2,Inorganic nitrogen (nitrate and nitrite) (as N),Total,,12,mg/l,True,0.1,,,Unknown,SNY001,Actual,SW,Water,,,Clayton,07060001,River/Stream,,43.03547975,-91.26682808
6,15220001,Bloody Run Creek Site #2 (BR02),11/16/1999 11:40:00,SNY319,NIT-NO3-NO2,Inorganic nitrogen (nitrate and nitrite) (as N),Total,,12,mg/l,True,0.1,,,Unknown,SNY001,Actual,SW,Water,,,Clayton,07060001,River/Stream,,43.03547975,-91.26682808
6,15220001,Bloody Run Creek Site #2 (BR02),11/09/1999 11:55:00,SNY319,NIT-NO3-NO2,Inorganic nitrogen (nitrate and nitrite) (as N),Total,,12,mg/l,True,0.1,,,Unknown,SNY001,Actual,SW,Water,,,Clayton,07060001,River/Stream,,43.03547975,-91.26682808
6,15220001,Bloody Run Creek Site #2 (BR02),11/02/1999 11:50:00,SNY319,NIT-NO3-NO2,Inorganic nitrogen (nitrate and nitrite) (as N),Total,,12,mg/l,True,0.1,,,Unknown,SNY001,Actual,SW,Water,,,Clayton,07060001,River/Stream,,43.03547975,-91.26682808
6,15220001,Bloody Run Creek Site #2 (BR02),10/26/1999 12:10:00,SNY319,NIT-NO3-NO2,Inorganic nitrogen (nitrate and nitrite) (as N),Total,,12,mg/l,True,0.1,,,Unknown,SNY001,Actual,SW,Water,,,Clayton,07060001,River/Stream,,43.03547975,-91.26682808
6,15220003,North Cedar Creek (NCC),09/28/1999 13:10:00,SNY319,NIT-NO3-NO2,Inorganic nitrogen (nitrate and nitrite) (as N),Total,,2.6,mg/l,True,0.1,,,Unknown,SNY001,Actual,SW,Water,,,Clayton,07060003,River/Stream,,42.96274242,-91.22931615
6,15220003,North Cedar Creek (NCC),09/21/1999 13:35:00,SNY319,NIT-NO3-NO2,Inorganic nitrogen (nitrate and nitrite) (as N),Total,,2.7,mg/l,True,0.1,,,Unknown,SNY001,Actual,SW,Water,,,Clayton,07060003,River/Stream,,42.96274242,-91.22931615
6,15220003,North Cedar Creek (NCC),09/14/1999 11:45:00,SNY319,NIT-NO3-NO2,Inorganic nitrogen (nitrate and nitrite) (as N),Total,,2.7,mg/l,True,0.1,,,Unknown,SNY001,Actual,SW,Water,,,Clayton,07060003,River/Stream,,42.96274242,-91.22931615
6,15220003,North Cedar Creek (NCC),09/07/1999 14:00:00,SNY319,NIT-NO3-NO2,Inorganic nitrogen (nitrate and nitrite) (as N),Total,,2.7,mg/l,True,0.1,,,Unknown,SNY001,Actual,SW,Water,,,Clayton,07060003,River/Stream,,42.96274242,-91.22931615
6,15220003,North Cedar Creek (NCC),07/06/1999 13:20:00,SNY319,NIT-NO3-NO2,Inorganic nitrogen (nitrate and nitrite) (as N),Total,,4.1,mg/l,True,0.1,,,Unknown,SNY001,Actual,SW,Water,,,Clayton,07060003,River/Stream,,42.96274242,-91.22931615
6,15220003,North Cedar Creek (NCC),08/31/1999 14:05:00,SNY319,NIT-NO3-NO2,Inorganic nitrogen (nitrate and nitrite) (as N),Total,,2.7,mg/l,True,0.1,,,Unknown,SNY001,Actual,SW,Water,,,Clayton,07060003,River/Stream,,42.96274242,-91.22931615
6,15220003,North Cedar Creek (NCC),06/29/1999 13:40:00,SNY319,NIT-NO3-NO2,Inorganic nitrogen (nitrate and nitrite) (as N),Total,,3.7,mg/l,True,0.1,,,Unknown,SNY001,Actual,SW,Water,,,Clayton,07060003,River/Stream,,42.96274242,-91.22931615
6,15220003,North Cedar Creek (NCC),06/22/1999 09:45:00,SNY319,NIT-NO3-NO2,Inorganic nitrogen (nitrate and nitrite) (as N),Total,,3.8,mg/l,True,0.1,,,Unknown,SNY001,Actual,SW,Water,,,Clayton,07060003,River/Stream,,42.96274242,-91.22931615
6,15220003,North Cedar Creek (NCC),06/15/1999 12:35:00,SNY319,NIT-NO3-NO2,Inorganic nitrogen (nitrate and nitrite) (as N),Total,,4.5,mg/l,True,0.1,,,Unknown,SNY001,Actual,SW,Water,,,Clayton,07060003,River/Stream,,42.96274242,-91.22931615
6,15220003,North Cedar Creek (NCC),06/08/1999 12:35:00,SNY319,NIT-NO3-NO2,Inorganic nitrogen (nitrate and nitrite) (as N),Total,,4.3,mg/l,True,0.1,,,Unknown,SNY001,Actual,SW,Water,,,Clayton,07060003,River/Stream,,42.96274242,-91.22931615
6,15220003,North Cedar Creek (NCC),04/20/1999 11:25:00,SNY319,NIT-NO3-NO2,Inorganic nitrogen (nitrate and nitrite) (as N),Total,,4.8,mg/l,True,0.1,,,Unknown,SNY001,Actual,SW,Water,,,Clayton,07060003,River/Stream,,42.96274242,-91.22931615
6,15220003,North Cedar Creek (NCC),04/13/1999 12:40:00,SNY319,NIT-NO3-NO2,Inorganic nitrogen (nitrate and nitrite) (as N),Total,,6.4,mg/l,True,0.1,,,Unknown,SNY001,Actual,SW,Water,,,Clayton,07060003,River/Stream,,42.96274242,-91.22931615
6,15220003,North Cedar Creek (NCC),04/06/1999 12:15:00,SNY319,NIT-NO3-NO2,Inorganic nitrogen (nitrate and nitrite) (as N),Total,,4.6,mg/l,True,0.1,,,Unknown,SNY001,Actual,SW,Water,,,Clayton,07060003,River/Stream,,42.96274242,-91.22931615
6,15220003,North Cedar Creek (NCC),03/30/1999 13:45:00,SNY319,NIT-NO3-NO2,Inorganic nitrogen (nitrate and nitrite) (as N),Total,,2.7,mg/l,True,0.1,,,Unknown,SNY001,Actual,SW,Water,,,Clayton,07060003,River/Stream,,42.96274242,-91.22931615
6,15220003,North Cedar Creek (NCC),03/23/1999 12:05:00,SNY319,NIT-NO3-NO2,Inorganic nitrogen (nitrate and nitrite) (as N),Total,,2.8,mg/l,True,0.1,,,Unknown,SNY001,Actual,SW,Water,,,Clayton,07060003,River/Stream,,42.96274242,-91.22931615
6,15220003,North Cedar Creek (NCC),02/02/1999 12:55:00,SNY319,NIT-NO3-NO2,Inorganic nitrogen (nitrate and nitrite) (as N),Total,,3.2,mg/l,True,0.1,,,Unknown,SNY001,Actual,SW,Water,,,Clayton,07060003,River/Stream,,42.96274242,-91.22931615
6,15220003,North Cedar Creek (NCC),01/26/1999 13:15:00,SNY319,NIT-NO3-NO2,Inorganic nitrogen (nitrate and nitrite) (as N),Total,,3.1,mg/l,True,0.1,,,Unknown,SNY001,Actual,SW,Water,,,Clayton,07060003,River/Stream,,42.96274242,-91.22931615
6,15220003,North Cedar Creek (NCC),01/19/1999 14:00:00,SNY319,NIT-NO3-NO2,Inorganic nitrogen (nitrate and nitrite) (as N),Total,,3.3,mg/l,True,0.1,,,Unknown,SNY001,Actual,SW,Water,,,Clayton,07060003,River/Stream,,42.96274242,-91.22931615
6,15220003,North Cedar Creek (NCC),01/12/1999 13:20:00,SNY319,NIT-NO3-NO2,Inorganic nitrogen (nitrate and nitrite) (as N),Total,,3.3,mg/l,True,0.1,,,Unknown,SNY001,Actual,SW,Water,,,Clayton,07060003,River/Stream,,42.96274242,-91.22931615
6,15220002,Bloody Run Creek at Spook Cave (BRSC),09/28/1999 11:20:00,SNY319,NIT-NO3-NO2,Inorganic nitrogen (nitrate and nitrite) (as N),Total,,12,mg/l,True,0.1,,,Unknown,SNY001,Actual,SW,Water,,,Clayton,07060001,River/Stream,,43.03326422,-91.30759437
6,15220002,Bloody Run Creek at Spook Cave (BRSC),02/23/1999 11:40:00,SNY319,NIT-NO3-NO2,Inorganic nitrogen (nitrate and nitrite) (as N),Total,,13,mg/l,True,0.1,,,Unknown,SNY001,Actual,SW,Water,,,Clayton,07060001,River/Stream,,43.03326422,-91.30759437
6,15220002,Bloody Run Creek at Spook Cave (BRSC),08/31/1999 12:10:00,SNY319,NIT-NO3-NO2,Inorganic nitrogen (nitrate and nitrite) (as N),Total,,12,mg/l,True,0.1,,,Unknown,SNY001,Actual,SW,Water,,,Clayton,07060001,River/Stream,,43.03326422,-91.30759437
6,15220002,Bloody Run Creek at Spook Cave (BRSC),01/26/1999 11:20:00,SNY319,NIT-NO3-NO2,Inorganic nitrogen (nitrate and nitrite) (as N),Total,,13,mg/l,True,0.1,,,Unknown,SNY001,Actual,SW,Water,,,Clayton,07060001,River/Stream,,43.03326422,-91.30759437
6,15220001,Bloody Run Creek Site #2 (BR02),09/28/1999 11:40:00,SNY319,NIT-NO3-NO2,Inorganic nitrogen (nitrate and nitrite) (as N),Total,,11,mg/l,True,0.1,,,Unknown,SNY001,Actual,SW,Water,,,Clayton,07060001,River/Stream,,43.03547975,-91.26682808
6,15220001,Bloody Run Creek Site #2 (BR02),09/21/1999 12:10:00,SNY319,NIT-NO3-NO2,Inorganic nitrogen (nitrate and nitrite) (as N),Total,,12,mg/l,True,0.1,,,Unknown,SNY001,Actual,SW,Water,,,Clayton,07060001,River/Stream,,43.03547975,-91.26682808
6,15220001,Bloody Run Creek Site #2 (BR02),09/07/1999 12:55:00,SNY319,NIT-NO3-NO2,Inorganic nitrogen (nitrate and nitrite) (as N),Total,,11,mg/l,True,0.1,,,Unknown,SNY001,Actual,SW,Water,,,Clayton,07060001,River/Stream,,43.03547975,-91.26682808
6,15220001,Bloody Run Creek Site #2 (BR02),08/31/1999 12:30:00,SNY319,NIT-NO3-NO2,Inorganic nitrogen (nitrate and nitrite) (as N),Total,,11,mg/l,True,0.1,,,Unknown,SNY001,Actual,SW,Water,,,Clayton,07060001,River/Stream,,43.03547975,-91.26682808
6,15220001,Bloody Run Creek Site #2 (BR02),07/06/1999 12:00:00,SNY319,NIT-NO3-NO2,Inorganic nitrogen (nitrate and nitrite) (as N),Total,,12,mg/l,True,0.1,,,Unknown,SNY001,Actual,SW,Water,,,Clayton,07060001,River/Stream,,43.03547975,-91.26682808
6,15220001,Bloody Run Creek Site #2 (BR02),06/29/1999 12:05:00,SNY319,NIT-NO3-NO2,Inorganic nitrogen (nitrate and nitrite) (as N),Total,,12,mg/l,True,0.1,,,Unknown,SNY001,Actual,SW,Water,,,Clayton,07060001,River/Stream,,43.03547975,-91.26682808
6,15220001,Bloody Run Creek Site #2 (BR02),06/22/1999 12:50:00,SNY319,NIT-NO3-NO2,Inorganic nitrogen (nitrate and nitrite) (as N),Total,,11,mg/l,True,0.1,,,Unknown,SNY001,Actual,SW,Water,,,Clayton,07060001,River/Stream,,43.03547975,-91.26682808
6,15220001,Bloody Run Creek Site #2 (BR02),06/15/1999 11:15:00,SNY319,NIT-NO3-NO2,Inorganic nitrogen (nitrate and nitrite) (as N),Total,,12.1,mg/l,True,0.1,,,Unknown,SNY001,Actual,SW,Water,,,Clayton,07060001,River/Stream,,43.03547975,-91.26682808
6,15220001,Bloody Run Creek Site #2 (BR02),06/08/1999 11:10:00,SNY319,NIT-NO3-NO2,Inorganic nitrogen (nitrate and nitrite) (as N),Total,,12,mg/l,True,0.1,,,Unknown,SNY001,Actual,SW,Water,,,Clayton,07060001,River/Stream,,43.03547975,-91.26682808
6,15220001,Bloody Run Creek Site #2 (BR02),04/20/1999 10:20:00,SNY319,NIT-NO3-NO2,Inorganic nitrogen (nitrate and nitrite) (as N),Total,,10,mg/l,True,0.1,,,Unknown,SNY001,Actual,SW,Water,,,Clayton,07060001,River/Stream,,43.03547975,-91.26682808
6,15220001,Bloody Run Creek Site #2 (BR02),06/01/1999 11:35:00,SNY319,NIT-NO3-NO2,Inorganic nitrogen (nitrate and nitrite) (as N),Total,,12,mg/l,True,0.1,,,Unknown,SNY001,Actual,SW,Water,,,Clayton,07060001,River/Stream,,43.03547975,-91.26682808
6,15220001,Bloody Run Creek Site #2 (BR02),04/13/1999 11:30:00,SNY319,NIT-NO3-NO2,Inorganic nitrogen (nitrate and nitrite) (as N),Total,,10,mg/l,True,0.1,,,Unknown,SNY001,Actual,SW,Water,,,Clayton,07060001,River/Stream,,43.03547975,-91.26682808
6,15220001,Bloody Run Creek Site #2 (BR02),04/06/1999 10:50:00,SNY319,NIT-NO3-NO2,Inorganic nitrogen (nitrate and nitrite) (as N),Total,,9.8,mg/l,True,0.1,,,Unknown,SNY001,Actual,SW,Water,,,Clayton,07060001,River/Stream,,43.03547975,-91.26682808
6,15220001,Bloody Run Creek Site #2 (BR02),03/30/1999 12:05:00,SNY319,NIT-NO3-NO2,Inorganic nitrogen (nitrate and nitrite) (as N),Total,,9.6,mg/l,True,0.1,,,Unknown,SNY001,Actual,SW,Water,,,Clayton,07060001,River/Stream,,43.03547975,-91.26682808
6,15220001,Bloody Run Creek Site #2 (BR02),03/23/1999 11:00:00,SNY319,NIT-NO3-NO2,Inorganic nitrogen (nitrate and nitrite) (as N),Total,,11,mg/l,True,0.1,,,Unknown,SNY001,Actual,SW,Water,,,Clayton,07060001,River/Stream,,43.03547975,-91.26682808
6,15220001,Bloody Run Creek Site #2 (BR02),02/02/1999 11:30:00,SNY319,NIT-NO3-NO2,Inorganic nitrogen (nitrate and nitrite) (as N),Total,,12,mg/l,True,0.1,,,Unknown,SNY001,Actual,SW,Water,,,Clayton,07060001,River/Stream,,43.03547975,-91.26682808
6,15220001,Bloody Run Creek Site #2 (BR02),03/16/1999 11:00:00,SNY319,NIT-NO3-NO2,Inorganic nitrogen (nitrate and nitrite) (as N),Total,,11,mg/l,True,0.1,,,Unknown,SNY001,Actual,SW,Water,,,Clayton,07060001,River/Stream,,43.03547975,-91.26682808
6,15220001,Bloody Run Creek Site #2 (BR02),01/26/1999 11:40:00,SNY319,NIT-NO3-NO2,Inorganic nitrogen (nitrate and nitrite) (as N),Total,,12,mg/l,True,0.1,,,Unknown,SNY001,Actual,SW,Water,,,Clayton,07060001,River/Stream,,43.03547975,-91.26682808
6,15220001,Bloody Run Creek Site #2 (BR02),01/19/1999 12:30:00,SNY319,NIT-NO3-NO2,Inorganic nitrogen (nitrate and nitrite) (as N),Total,,12,mg/l,True,0.1,,,Unknown,SNY001,Actual,SW,Water,,,Clayton,07060001,River/Stream,,43.03547975,-91.26682808
6,15220001,Bloody Run Creek Site #2 (BR02),01/12/1999 11:50:00,SNY319,NIT-NO3-NO2,Inorganic nitrogen (nitrate and nitrite) (as N),Total,,12,mg/l,True,0.1,,,Unknown,SNY001,Actual,SW,Water,,,Clayton,07060001,River/Stream,,43.03547975,-91.26682808
6,15220003,North Cedar Creek (NCC),12/29/1998 15:10:00,SNY319,NIT-NO3-NO2,Inorganic nitrogen (nitrate and nitrite) (as N),Total,,3.9,mg/l,True,0.1,,,Unknown,SNY001,Actual,SW,Water,,,Clayton,07060003,River/Stream,,42.96274242,-91.22931615
6,15220003,North Cedar Creek (NCC),12/22/1998 12:25:00,SNY319,NIT-NO3-NO2,Inorganic nitrogen (nitrate and nitrite) (as N),Total,,3.9,mg/l,True,0.1,,,Unknown,SNY001,Actual,SW,Water,,,Clayton,07060003,River/Stream,,42.96274242,-91.22931615
6,15220003,North Cedar Creek (NCC),12/15/1998 12:50:00,SNY319,NIT-NO3-NO2,Inorganic nitrogen (nitrate and nitrite) (as N),Total,,3.5,mg/l,True,0.1,,,Unknown,SNY001,Actual,SW,Water,,,Clayton,07060003,River/Stream,,42.96274242,-91.22931615
6,15220003,North Cedar Creek (NCC),12/08/1998 12:35:00,SNY319,NIT-NO3-NO2,Inorganic nitrogen (nitrate and nitrite) (as N),Total,,3.4,mg/l,True,0.1,,,Unknown,SNY001,Actual,SW,Water,,,Clayton,07060003,River/Stream,,42.96274242,-91.22931615
6,15220003,North Cedar Creek (NCC),12/01/1998 14:00:00,SNY319,NIT-NO3-NO2,Inorganic nitrogen (nitrate and nitrite) (as N),Total,,3.2,mg/l,True,0.1,,,Unknown,SNY001,Actual,SW,Water,,,Clayton,07060003,River/Stream,,42.96274242,-91.22931615
6,15220003,North Cedar Creek (NCC),11/24/1998 12:30:00,SNY319,NIT-NO3-NO2,Inorganic nitrogen (nitrate and nitrite) (as N),Total,,3.7,mg/l,True,0.1,,,Unknown,SNY001,Actual,SW,Water,,,Clayton,07060003,River/Stream,,42.96274242,-91.22931615
6,15220003,North Cedar Creek (NCC),10/06/1998 13:00:00,SNY319,NIT-NO3-NO2,Inorganic nitrogen (nitrate and nitrite) (as N),Total,,3.1,mg/l,True,0.1,,,Unknown,SNY001,Actual,SW,Water,,,Clayton,07060003,River/Stream,,42.96274242,-91.22931615
6,15220002,Bloody Run Creek at Spook Cave (BRSC),12/29/1998 12:55:00,SNY319,NIT-NO3-NO2,Inorganic nitrogen (nitrate and nitrite) (as N),Total,,13,mg/l,True,0.1,,,Unknown,SNY001,Actual,SW,Water,,,Clayton,07060001,River/Stream,,43.03326422,-91.30759437
6,15220002,Bloody Run Creek at Spook Cave (BRSC),11/24/1998 10:50:00,SNY319,NIT-NO3-NO2,Inorganic nitrogen (nitrate and nitrite) (as N),Total,,5.3,mg/l,True,0.1,,,Unknown,SNY001,Actual,SW,Water,,,Clayton,07060001,River/Stream,,43.03326422,-91.30759437
6,15220002,Bloody Run Creek at Spook Cave (BRSC),10/27/1998 11:20:00,SNY319,NIT-NO3-NO2,Inorganic nitrogen (nitrate and nitrite) (as N),Total,,11,mg/l,True,0.1,,,Unknown,SNY001,Actual,SW,Water,,,Clayton,07060001,River/Stream,,43.03326422,-91.30759437
6,15220001,Bloody Run Creek Site #2 (BR02),12/29/1998 13:20:00,SNY319,NIT-NO3-NO2,Inorganic nitrogen (nitrate and nitrite) (as N),Total,,13,mg/l,True,0.1,,,Unknown,SNY001,Actual,SW,Water,,,Clayton,07060001,River/Stream,,43.03547975,-91.26682808
6,15220001,Bloody Run Creek Site #2 (BR02),11/10/1998 12:15:00,SNY319,NIT-NO3-NO2,Inorganic nitrogen (nitrate and nitrite) (as N),Total,,9.9,mg/l,True,0.1,,,Unknown,SNY001,Actual,SW,Water,,,Clayton,07060001,River/Stream,,43.03547975,-91.26682808
6,15220001,Bloody Run Creek Site #2 (BR02),11/03/1998 11:30:00,SNY319,NIT-NO3-NO2,Inorganic nitrogen (nitrate and nitrite) (as N),Total,,12,mg/l,True,0.1,,,Unknown,SNY001,Actual,SW,Water,,,Clayton,07060001,River/Stream,,43.03547975,-91.26682808
6,15220001,Bloody Run Creek Site #2 (BR02),10/27/1998 11:40:00,SNY319,NIT-NO3-NO2,Inorganic nitrogen (nitrate and nitrite) (as N),Total,,11,mg/l,True,0.1,,,Unknown,SNY001,Actual,SW,Water,,,Clayton,07060001,River/Stream,,43.03547975,-91.26682808
6,15220001,Bloody Run Creek Site #2 (BR02),10/20/1998 12:00:00,SNY319,NIT-NO3-NO2,Inorganic nitrogen (nitrate and nitrite) (as N),Total,,10,mg/l,True,0.1,,,Unknown,SNY001,Actual,SW,Water,,,Clayton,07060001,River/Stream,,43.03547975,-91.26682808
6,15220001,Bloody Run Creek Site #2 (BR02),10/13/1998 11:15:00,SNY319,NIT-NO3-NO2,Inorganic nitrogen (nitrate and nitrite) (as N),Total,,10,mg/l,True,0.1,,,Unknown,SNY001,Actual,SW,Water,,,Clayton,07060001,River/Stream,,43.03547975,-91.26682808
6,15220003,North Cedar Creek (NCC),09/29/1998 13:40:00,SNY319,NIT-NO3-NO2,Inorganic nitrogen (nitrate and nitrite) (as N),Total,,2.2,mg/l,True,0.1,,,Unknown,SNY001,Actual,SW,Water,,,Clayton,07060003,River/Stream,,42.96274242,-91.22931615
6,15220001,Bloody Run Creek Site #2 (BR02),10/06/1998 11:30:00,SNY319,NIT-NO3-NO2,Inorganic nitrogen (nitrate and nitrite) (as N),Total,,9.6,mg/l,True,0.1,,,Unknown,SNY001,Actual,SW,Water,,,Clayton,07060001,River/Stream,,43.03547975,-91.26682808
6,15220003,North Cedar Creek (NCC),08/25/1998 13:25:00,SNY319,NIT-NO3-NO2,Inorganic nitrogen (nitrate and nitrite) (as N),Total,,3.1,mg/l,True,0.1,,,Unknown,SNY001,Actual,SW,Water,,,Clayton,07060003,River/Stream,,42.96274242,-91.22931615
6,15220003,North Cedar Creek (NCC),08/18/1998 12:55:00,SNY319,NIT-NO3-NO2,Inorganic nitrogen (nitrate and nitrite) (as N),Total,,3.4,mg/l,True,0.1,,,Unknown,SNY001,Actual,SW,Water,,,Clayton,07060003,River/Stream,,42.96274242,-91.22931615
6,15220003,North Cedar Creek (NCC),08/11/1998 14:00:00,SNY319,NIT-NO3-NO2,Inorganic nitrogen (nitrate and nitrite) (as N),Total,,3.2,mg/l,True,0.1,,,Unknown,SNY001,Actual,SW,Water,,,Clayton,07060003,River/Stream,,42.96274242,-91.22931615
6,15220003,North Cedar Creek (NCC),07/14/1998 13:25:00,SNY319,NIT-NO3-NO2,Inorganic nitrogen (nitrate and nitrite) (as N),Total,,4,mg/l,True,0.1,,,Unknown,SNY001,Actual,SW,Water,,,Clayton,07060003,River/Stream,,42.96274242,-91.22931615
6,15220003,North Cedar Creek (NCC),07/07/1998 13:30:00,SNY319,NIT-NO3-NO2,Inorganic nitrogen (nitrate and nitrite) (as N),Total,,3.8,mg/l,True,0.1,,,Unknown,SNY001,Actual,SW,Water,,,Clayton,07060003,River/Stream,,42.96274242,-91.22931615
6,15220003,North Cedar Creek (NCC),06/30/1998 14:15:00,SNY319,NIT-NO3-NO2,Inorganic nitrogen (nitrate and nitrite) (as N),Total,,5.9,mg/l,True,0.1,,,Unknown,SNY001,Actual,SW,Water,,,Clayton,07060003,River/Stream,,42.96274242,-91.22931615
6,15220003,North Cedar Creek (NCC),05/26/1998 13:10:00,SNY319,NIT-NO3-NO2,Inorganic nitrogen (nitrate and nitrite) (as N),Total,,3.6,mg/l,True,0.1,,,Unknown,SNY001,Actual,SW,Water,,,Clayton,07060003,River/Stream,,42.96274242,-91.22931615
6,15220003,North Cedar Creek (NCC),05/19/1998 12:45:00,SNY319,NIT-NO3-NO2,Inorganic nitrogen (nitrate and nitrite) (as N),Total,,3.2,mg/l,True,0.1,,,Unknown,SNY001,Actual,SW,Water,,,Clayton,07060003,River/Stream,,42.96274242,-91.22931615
6,15220003,North Cedar Creek (NCC),05/12/1998 13:20:00,SNY319,NIT-NO3-NO2,Inorganic nitrogen (nitrate and nitrite) (as N),Total,,3.4,mg/l,True,0.1,,,Unknown,SNY001,Actual,SW,Water,,,Clayton,07060003,River/Stream,,42.96274242,-91.22931615
6,15220003,North Cedar Creek (NCC),04/14/1998 13:15:00,SNY319,NIT-NO3-NO2,Inorganic nitrogen (nitrate and nitrite) (as N),Total,,6.7,mg/l,True,0.1,,,Unknown,SNY001,Actual,SW,Water,,,Clayton,07060003,River/Stream,,42.96274242,-91.22931615
6,15220003,North Cedar Creek (NCC),04/07/1998 13:40:00,SNY319,NIT-NO3-NO2,Inorganic nitrogen (nitrate and nitrite) (as N),Total,,7.6,mg/l,True,0.1,,,Unknown,SNY001,Actual,SW,Water,,,Clayton,07060003,River/Stream,,42.96274242,-91.22931615
6,15220003,North Cedar Creek (NCC),03/31/1998 14:10:00,SNY319,NIT-NO3-NO2,Inorganic nitrogen (nitrate and nitrite) (as N),Total,,5.4,mg/l,True,0.1,,,Unknown,SNY001,Actual,SW,Water,,,Clayton,07060003,River/Stream,,42.96274242,-91.22931615
6,15220003,North Cedar Creek (NCC),03/03/1998 14:15:00,SNY319,NIT-NO3-NO2,Inorganic nitrogen (nitrate and nitrite) (as N),Total,,4.5,mg/l,True,0.1,,,Unknown,SNY001,Actual,SW,Water,,,Clayton,07060003,River/Stream,,42.96274242,-91.22931615
6,15220003,North Cedar Creek (NCC),02/24/1998 13:25:00,SNY319,NIT-NO3-NO2,Inorganic nitrogen (nitrate and nitrite) (as N),Total,,2.2,mg/l,True,0.1,,,Unknown,SNY001,Actual,SW,Water,,,Clayton,07060003,River/Stream,,42.96274242,-91.22931615
6,15220003,North Cedar Creek (NCC),02/17/1998 12:00:00,SNY319,NIT-NO3-NO2,Inorganic nitrogen (nitrate and nitrite) (as N),Total,,2.6,mg/l,True,0.1,,,Unknown,SNY001,Actual,SW,Water,,,Clayton,07060003,River/Stream,,42.96274242,-91.22931615
6,15220003,North Cedar Creek (NCC),01/13/1998 12:35:00,SNY319,NIT-NO3-NO2,Inorganic nitrogen (nitrate and nitrite) (as N),Total,,2.5,mg/l,True,0.1,,,Unknown,SNY001,Actual,SW,Water,,,Clayton,07060003,River/Stream,,42.96274242,-91.22931615
6,15220003,North Cedar Creek (NCC),01/06/1998 12:00:00,SNY319,NIT-NO3-NO2,Inorganic nitrogen (nitrate and nitrite) (as N),Total,,2.2,mg/l,True,0.1,,,Unknown,SNY001,Actual,SW,Water,,,Clayton,07060003,River/Stream,,42.96274242,-91.22931615
6,15220002,Bloody Run Creek at Spook Cave (BRSC),09/29/1998 11:45:00,SNY319,NIT-NO3-NO2,Inorganic nitrogen (nitrate and nitrite) (as N),Total,,11,mg/l,True,0.1,,,Unknown,SNY001,Actual,SW,Water,,,Clayton,07060001,River/Stream,,43.03326422,-91.30759437
6,15220002,Bloody Run Creek at Spook Cave (BRSC),05/26/1998 11:40:00,SNY319,NIT-NO3-NO2,Inorganic nitrogen (nitrate and nitrite) (as N),Total,,9.9,mg/l,True,0.1,,,Unknown,SNY001,Actual,SW,Water,,,Clayton,07060001,River/Stream,,43.03326422,-91.30759437
6,15220002,Bloody Run Creek at Spook Cave (BRSC),04/28/1998 12:50:00,SNY319,NIT-NO3-NO2,Inorganic nitrogen (nitrate and nitrite) (as N),Total,,9.3,mg/l,True,0.1,,,Unknown,SNY001,Actual,SW,Water,,,Clayton,07060001,River/Stream,,43.03326422,-91.30759437
6,15220002,Bloody Run Creek at Spook Cave (BRSC),03/31/1998 12:30:00,SNY319,NIT-NO3-NO2,Inorganic nitrogen (nitrate and nitrite) (as N),Total,,5.1,mg/l,True,0.1,,,Unknown,SNY001,Actual,SW,Water,,,Clayton,07060001,River/Stream,,43.03326422,-91.30759437
6,15220001,Bloody Run Creek Site #2 (BR02),09/15/1998 11:30:00,SNY319,NIT-NO3-NO2,Inorganic nitrogen (nitrate and nitrite) (as N),Total,,9.6,mg/l,True,0.1,,,Unknown,SNY001,Actual,SW,Water,,,Clayton,07060001,River/Stream,,43.03547975,-91.26682808
6,15220001,Bloody Run Creek Site #2 (BR02),09/08/1998 14:25:00,SNY319,NIT-NO3-NO2,Inorganic nitrogen (nitrate and nitrite) (as N),Total,,9.5,mg/l,True,0.1,,,Unknown,SNY001,Actual,SW,Water,,,Clayton,07060001,River/Stream,,43.03547975,-91.26682808
6,15220001,Bloody Run Creek Site #2 (BR02),09/01/1998 12:10:00,SNY319,NIT-NO3-NO2,Inorganic nitrogen (nitrate and nitrite) (as N),Total,,10,mg/l,True,0.1,,,Unknown,SNY001,Actual,SW,Water,,,Clayton,07060001,River/Stream,,43.03547975,-91.26682808
6,15220001,Bloody Run Creek Site #2 (BR02),08/04/1998 11:30:00,SNY319,NIT-NO3-NO2,Inorganic nitrogen (nitrate and nitrite) (as N),Total,,10,mg/l,True,0.1,,,Unknown,SNY001,Actual,SW,Water,,,Clayton,07060001,River/Stream,,43.03547975,-91.26682808
6,15220001,Bloody Run Creek Site #2 (BR02),07/28/1998 12:35:00,SNY319,NIT-NO3-NO2,Inorganic nitrogen (nitrate and nitrite) (as N),Total,,11,mg/l,True,0.1,,,Unknown,SNY001,Actual,SW,Water,,,Clayton,07060001,River/Stream,,43.03547975,-91.26682808
6,15220001,Bloody Run Creek Site #2 (BR02),07/21/1998 12:10:00,SNY319,NIT-NO3-NO2,Inorganic nitrogen (nitrate and nitrite) (as N),Total,,11,mg/l,True,0.1,,,Unknown,SNY001,Actual,SW,Water,,,Clayton,07060001,River/Stream,,43.03547975,-91.26682808
6,15220001,Bloody Run Creek Site #2 (BR02),06/16/1998 12:00:00,SNY319,NIT-NO3-NO2,Inorganic nitrogen (nitrate and nitrite) (as N),Total,,12,mg/l,True,0.1,,,Unknown,SNY001,Actual,SW,Water,,,Clayton,07060001,River/Stream,,43.03547975,-91.26682808
6,15220001,Bloody Run Creek Site #2 (BR02),06/09/1998 12:00:00,SNY319,NIT-NO3-NO2,Inorganic nitrogen (nitrate and nitrite) (as N),Total,,8.7,mg/l,True,0.1,,,Unknown,SNY001,Actual,SW,Water,,,Clayton,07060001,River/Stream,,43.03547975,-91.26682808
6,15220001,Bloody Run Creek Site #2 (BR02),06/02/1998 13:00:00,SNY319,NIT-NO3-NO2,Inorganic nitrogen (nitrate and nitrite) (as N),Total,,10,mg/l,True,0.1,,,Unknown,SNY001,Actual,SW,Water,,,Clayton,07060001,River/Stream,,43.03547975,-91.26682808
6,15220001,Bloody Run Creek Site #2 (BR02),05/05/1998 13:30:00,SNY319,NIT-NO3-NO2,Inorganic nitrogen (nitrate and nitrite) (as N),Total,,8.8,mg/l,True,0.1,,,Unknown,SNY001,Actual,SW,Water,,,Clayton,07060001,River/Stream,,43.03547975,-91.26682808
6,15220001,Bloody Run Creek Site #2 (BR02),04/28/1998 13:15:00,SNY319,NIT-NO3-NO2,Inorganic nitrogen (nitrate and nitrite) (as N),Total,,9.2,mg/l,True,0.1,,,Unknown,SNY001,Actual,SW,Water,,,Clayton,07060001,River/Stream,,43.03547975,-91.26682808
6,15220001,Bloody Run Creek Site #2 (BR02),04/21/1998 11:45:00,SNY319,NIT-NO3-NO2,Inorganic nitrogen (nitrate and nitrite) (as N),Total,,9.8,mg/l,True,0.1,,,Unknown,SNY001,Actual,SW,Water,,,Clayton,07060001,River/Stream,,43.03547975,-91.26682808
6,15220001,Bloody Run Creek Site #2 (BR02),03/24/1998 11:35:00,SNY319,NIT-NO3-NO2,Inorganic nitrogen (nitrate and nitrite) (as N),Total,,8.7,mg/l,True,0.1,,,Unknown,SNY001,Actual,SW,Water,,,Clayton,07060001,River/Stream,,43.03547975,-91.26682808
6,15220001,Bloody Run Creek Site #2 (BR02),03/17/1998 12:15:00,SNY319,NIT-NO3-NO2,Inorganic nitrogen (nitrate and nitrite) (as N),Total,,9.2,mg/l,True,0.1,,,Unknown,SNY001,Actual,SW,Water,,,Clayton,07060001,River/Stream,,43.03547975,-91.26682808
6,15220001,Bloody Run Creek Site #2 (BR02),03/10/1998 12:15:00,SNY319,NIT-NO3-NO2,Inorganic nitrogen (nitrate and nitrite) (as N),Total,,9.3,mg/l,True,0.1,,,Unknown,SNY001,Actual,SW,Water,,,Clayton,07060001,River/Stream,,43.03547975,-91.26682808
6,15220001,Bloody Run Creek Site #2 (BR02),02/03/1998 11:15:00,SNY319,NIT-NO3-NO2,Inorganic nitrogen (nitrate and nitrite) (as N),Total,,9.5,mg/l,True,0.1,,,Unknown,SNY001,Actual,SW,Water,,,Clayton,07060001,River/Stream,,43.03547975,-91.26682808
6,15220001,Bloody Run Creek Site #2 (BR02),01/27/1998 12:00:00,SNY319,NIT-NO3-NO2,Inorganic nitrogen (nitrate and nitrite) (as N),Total,,9.8,mg/l,True,0.1,,,Unknown,SNY001,Actual,SW,Water,,,Clayton,07060001,River/Stream,,43.03547975,-91.26682808
6,15220001,Bloody Run Creek Site #2 (BR02),01/20/1998 10:30:00,SNY319,NIT-NO3-NO2,Inorganic nitrogen (nitrate and nitrite) (as N),Total,,9.7,mg/l,True,0.1,,,Unknown,SNY001,Actual,SW,Water,,,Clayton,07060001,River/Stream,,43.03547975,-91.26682808
6,15220003,North Cedar Creek (NCC),12/30/1997 14:15:00,SNY319,NIT-NO3-NO2,Inorganic nitrogen (nitrate and nitrite) (as N),Total,,2.2,mg/l,True,0.1,,,Unknown,SNY001,Actual,SW,Water,,,Clayton,07060003,River/Stream,,42.96274242,-91.22931615
6,15220003,North Cedar Creek (NCC),12/23/1997 12:55:00,SNY319,NIT-NO3-NO2,Inorganic nitrogen (nitrate and nitrite) (as N),Total,,2.1,mg/l,True,0.1,,,Unknown,SNY001,Actual,SW,Water,,,Clayton,07060003,River/Stream,,42.96274242,-91.22931615
6,15220003,North Cedar Creek (NCC),11/18/1997 12:30:00,SNY319,NIT-NO3-NO2,Inorganic nitrogen (nitrate and nitrite) (as N),Total,,2.1,mg/l,True,0.1,,,Unknown,SNY001,Actual,SW,Water,,,Clayton,07060003,River/Stream,,42.96274242,-91.22931615
6,15220003,North Cedar Creek (NCC),12/16/1997 12:50:00,SNY319,NIT-NO3-NO2,Inorganic nitrogen (nitrate and nitrite) (as N),Total,,2.1,mg/l,True,0.1,,,Unknown,SNY001,Actual,SW,Water,,,Clayton,07060003,River/Stream,,42.96274242,-91.22931615
6,15220003,North Cedar Creek (NCC),11/11/1997 12:10:00,SNY319,NIT-NO3-NO2,Inorganic nitrogen (nitrate and nitrite) (as N),Total,,2,mg/l,True,0.1,,,Unknown,SNY001,Actual,SW,Water,,,Clayton,07060003,River/Stream,,42.96274242,-91.22931615
6,15220003,North Cedar Creek (NCC),11/04/1997 12:00:00,SNY319,NIT-NO3-NO2,Inorganic nitrogen (nitrate and nitrite) (as N),Total,,2.1,mg/l,True,0.1,,,Unknown,SNY001,Actual,SW,Water,,,Clayton,07060003,River/Stream,,42.96274242,-91.22931615
6,15220002,Bloody Run Creek at Spook Cave (BRSC),12/30/1997 12:00:00,SNY319,NIT-NO3-NO2,Inorganic nitrogen (nitrate and nitrite) (as N),Total,,11,mg/l,True,0.1,,,Unknown,SNY001,Actual,SW,Water,,,Clayton,07060001,River/Stream,,43.03326422,-91.30759437
6,15220002,Bloody Run Creek at Spook Cave (BRSC),11/25/1997 11:35:00,SNY319,NIT-NO3-NO2,Inorganic nitrogen (nitrate and nitrite) (as N),Total,,9.7,mg/l,True,0.1,,,Unknown,SNY001,Actual,SW,Water,,,Clayton,07060001,River/Stream,,43.03326422,-91.30759437
6,15220001,Bloody Run Creek Site #2 (BR02),12/09/1997 11:40:00,SNY319,NIT-NO3-NO2,Inorganic nitrogen (nitrate and nitrite) (as N),Total,,9.4,mg/l,True,0.1,,,Unknown,SNY001,Actual,SW,Water,,,Clayton,07060001,River/Stream,,43.03547975,-91.26682808
6,15220002,Bloody Run Creek at Spook Cave (BRSC),10/28/1997 09:35:00,SNY319,NIT-NO3-NO2,Inorganic nitrogen (nitrate and nitrite) (as N),Total,,9.7,mg/l,True,0.1,,,Unknown,SNY001,Actual,SW,Water,,,Clayton,07060001,River/Stream,,43.03326422,-91.30759437
6,15220001,Bloody Run Creek Site #2 (BR02),12/02/1997 10:30:00,SNY319,NIT-NO3-NO2,Inorganic nitrogen (nitrate and nitrite) (as N),Total,,9.8,mg/l,True,0.1,,,Unknown,SNY001,Actual,SW,Water,,,Clayton,07060001,River/Stream,,43.03547975,-91.26682808
6,15220001,Bloody Run Creek Site #2 (BR02),11/25/1997 11:50:00,SNY319,NIT-NO3-NO2,Inorganic nitrogen (nitrate and nitrite) (as N),Total,,9.9,mg/l,True,0.1,,,Unknown,SNY001,Actual,SW,Water,,,Clayton,07060001,River/Stream,,43.03547975,-91.26682808
6,15220001,Bloody Run Creek Site #2 (BR02),10/21/1997 12:45:00,SNY319,NIT-NO3-NO2,Inorganic nitrogen (nitrate and nitrite) (as N),Total,,9.1,mg/l,True,0.1,,,Unknown,SNY001,Actual,SW,Water,,,Clayton,07060001,River/Stream,,43.03547975,-91.26682808
6,15220001,Bloody Run Creek Site #2 (BR02),10/14/1997 11:25:00,SNY319,NIT-NO3-NO2,Inorganic nitrogen (nitrate and nitrite) (as N),Total,,7.8,mg/l,True,0.1,,,Unknown,SNY001,Actual,SW,Water,,,Clayton,07060001,River/Stream,,43.03547975,-91.26682808
6,15220001,Bloody Run Creek Site #2 (BR02),10/07/1997 10:30:00,SNY319,NIT-NO3-NO2,Inorganic nitrogen (nitrate and nitrite) (as N),Total,,8.6,mg/l,True,0.1,,,Unknown,SNY001,Actual,SW,Water,,,Clayton,07060001,River/Stream,,43.03547975,-91.26682808
6,15220003,North Cedar Creek (NCC),09/02/1997 12:30:00,SNY319,NIT-NO3-NO2,Inorganic nitrogen (nitrate and nitrite) (as N),Total,,1.8,mg/l,True,0.1,,,Unknown,SNY001,Actual,SW,Water,,,Clayton,07060003,River/Stream,,42.96274242,-91.22931615
6,15220003,North Cedar Creek (NCC),08/26/1997 13:05:00,SNY319,NIT-NO3-NO2,Inorganic nitrogen (nitrate and nitrite) (as N),Total,,2,mg/l,True,0.1,,,Unknown,SNY001,Actual,SW,Water,,,Clayton,07060003,River/Stream,,42.96274242,-91.22931615
6,15220003,North Cedar Creek (NCC),08/19/1997 12:30:00,SNY319,NIT-NO3-NO2,Inorganic nitrogen (nitrate and nitrite) (as N),Total,,2.2,mg/l,True,0.1,,,Unknown,SNY001,Actual,SW,Water,,,Clayton,07060003,River/Stream,,42.96274242,-91.22931615
6,15220001,Bloody Run Creek Site #2 (BR02),07/24/2001 11:10:00,SNY319,NIT-NO3-NO2,Inorganic nitrogen (nitrate and nitrite) (as N),Total,,11,mg/l,True,0.1,,,Unknown,SNY001,Actual,SW,Water,,,Clayton,07060001,River/Stream,,43.03547975,-91.26682808
6,15220001,Bloody Run Creek Site #2 (BR02),07/17/2001 11:20:00,SNY319,NIT-NO3-NO2,Inorganic nitrogen (nitrate and nitrite) (as N),Total,,11,mg/l,True,0.1,,,Unknown,SNY001,Actual,SW,Water,,,Clayton,07060001,River/Stream,,43.03547975,-91.26682808
6,15220001,Bloody Run Creek Site #2 (BR02),06/19/2001 11:20:00,SNY319,NIT-NO3-NO2,Inorganic nitrogen (nitrate and nitrite) (as N),Total,,10,mg/l,True,0.1,,,Unknown,SNY001,Actual,SW,Water,,,Clayton,07060001,River/Stream,,43.03547975,-91.26682808
6,15220001,Bloody Run Creek Site #2 (BR02),06/12/2001 10:50:00,SNY319,NIT-NO3-NO2,Inorganic nitrogen (nitrate and nitrite) (as N),Total,,9.8,mg/l,True,0.1,,,Unknown,SNY001,Actual,SW,Water,,,Clayton,07060001,River/Stream,,43.03547975,-91.26682808
6,15220001,Bloody Run Creek Site #2 (BR02),06/05/2001 11:20:00,SNY319,NIT-NO3-NO2,Inorganic nitrogen (nitrate and nitrite) (as N),Total,,9.6,mg/l,True,0.1,,,Unknown,SNY001,Actual,SW,Water,,,Clayton,07060001,River/Stream,,43.03547975,-91.26682808
6,15220001,Bloody Run Creek Site #2 (BR02),05/01/2001 11:00:00,SNY319,NIT-NO3-NO2,Inorganic nitrogen (nitrate and nitrite) (as N),Total,,10,mg/l,True,0.1,,,Unknown,SNY001,Actual,SW,Water,,,Clayton,07060001,River/Stream,,43.03547975,-91.26682808
6,15220001,Bloody Run Creek Site #2 (BR02),04/24/2001 13:55:00,SNY319,NIT-NO3-NO2,Inorganic nitrogen (nitrate and nitrite) (as N),Total,,11,mg/l,True,0.1,,,Unknown,SNY001,Actual,SW,Water,,,Clayton,07060001,River/Stream,,43.03547975,-91.26682808
6,15220001,Bloody Run Creek Site #2 (BR02),04/17/2001 11:50:00,SNY319,NIT-NO3-NO2,Inorganic nitrogen (nitrate and nitrite) (as N),Total,,12,mg/l,True,0.1,,,Unknown,SNY001,Actual,SW,Water,,,Clayton,07060001,River/Stream,,43.03547975,-91.26682808
6,15220001,Bloody Run Creek Site #2 (BR02),03/20/2001 12:00:00,SNY319,NIT-NO3-NO2,Inorganic nitrogen (nitrate and nitrite) (as N),Total,,9.6,mg/l,True,0.1,,,Unknown,SNY001,Actual,SW,Water,,,Clayton,07060001,River/Stream,,43.03547975,-91.26682808
6,15220001,Bloody Run Creek Site #2 (BR02),03/13/2001 11:05:00,SNY319,NIT-NO3-NO2,Inorganic nitrogen (nitrate and nitrite) (as N),Total,,11,mg/l,True,0.1,,,Unknown,SNY001,Actual,SW,Water,,,Clayton,07060001,River/Stream,,43.03547975,-91.26682808
6,15220001,Bloody Run Creek Site #2 (BR02),03/06/2001 11:25:00,SNY319,NIT-NO3-NO2,Inorganic nitrogen (nitrate and nitrite) (as N),Total,,11,mg/l,True,0.1,,,Unknown,SNY001,Actual,SW,Water,,,Clayton,07060001,River/Stream,,43.03547975,-91.26682808
6,15220001,Bloody Run Creek Site #2 (BR02),02/06/2001 11:20:00,SNY319,NIT-NO3-NO2,Inorganic nitrogen (nitrate and nitrite) (as N),Total,,12,mg/l,True,0.1,,,Unknown,SNY001,Actual,SW,Water,,,Clayton,07060001,River/Stream,,43.03547975,-91.26682808
6,15220001,Bloody Run Creek Site #2 (BR02),01/23/2001 11:25:00,SNY319,NIT-NO3-NO2,Inorganic nitrogen (nitrate and nitrite) (as N),Total,,12,mg/l,True,0.1,,,Unknown,SNY001,Actual,SW,Water,,,Clayton,07060001,River/Stream,,43.03547975,-91.26682808
6,15220001,Bloody Run Creek Site #2 (BR02),01/16/2001 11:15:00,SNY319,NIT-NO3-NO2,Inorganic nitrogen (nitrate and nitrite) (as N),Total,,11,mg/l,True,0.1,,,Unknown,SNY001,Actual,SW,Water,,,Clayton,07060001,River/Stream,,43.03547975,-91.26682808
6,15220003,North Cedar Creek (NCC),12/19/2000 14:40:00,SNY319,NIT-NO3-NO2,Inorganic nitrogen (nitrate and nitrite) (as N),Total,,2.4,mg/l,True,0.1,,,Unknown,SNY001,Actual,SW,Water,,,Clayton,07060003,River/Stream,,42.96274242,-91.22931615
6,15220003,North Cedar Creek (NCC),12/12/2000 13:25:00,SNY319,NIT-NO3-NO2,Inorganic nitrogen (nitrate and nitrite) (as N),Total,,2.4,mg/l,True,0.1,,,Unknown,SNY001,Actual,SW,Water,,,Clayton,07060003,River/Stream,,42.96274242,-91.22931615
6,15220003,North Cedar Creek (NCC),12/05/2000 13:20:00,SNY319,NIT-NO3-NO2,Inorganic nitrogen (nitrate and nitrite) (as N),Total,,2.3,mg/l,True,0.1,,,Unknown,SNY001,Actual,SW,Water,,,Clayton,07060003,River/Stream,,42.96274242,-91.22931615
6,15220003,North Cedar Creek (NCC),11/07/2000 13:30:00,SNY319,NIT-NO3-NO2,Inorganic nitrogen (nitrate and nitrite) (as N),Total,,2.2,mg/l,True,0.1,,,Unknown,SNY001,Actual,SW,Water,,,Clayton,07060003,River/Stream,,42.96274242,-91.22931615
6,15220003,North Cedar Creek (NCC),10/31/2000 13:45:00,SNY319,NIT-NO3-NO2,Inorganic nitrogen (nitrate and nitrite) (as N),Total,,1.8,mg/l,True,0.1,,,Unknown,SNY001,Actual,SW,Water,,,Clayton,07060003,River/Stream,,42.96274242,-91.22931615
6,15220003,North Cedar Creek (NCC),10/24/2000 13:45:00,SNY319,NIT-NO3-NO2,Inorganic nitrogen (nitrate and nitrite) (as N),Total,,1.9,mg/l,True,0.1,,,Unknown,SNY001,Actual,SW,Water,,,Clayton,07060003,River/Stream,,42.96274242,-91.22931615
6,15220002,Bloody Run Creek at Spook Cave (BRSC),11/28/2000 12:00:00,SNY319,NIT-NO3-NO2,Inorganic nitrogen (nitrate and nitrite) (as N),Total,,12,mg/l,True,0.1,,,Unknown,SNY001,Actual,SW,Water,,,Clayton,07060001,River/Stream,,43.03326422,-91.30759437
6,15220002,Bloody Run Creek at Spook Cave (BRSC),10/31/2000 11:35:00,SNY319,NIT-NO3-NO2,Inorganic nitrogen (nitrate and nitrite) (as N),Total,,12,mg/l,True,0.1,,,Unknown,SNY001,Actual,SW,Water,,,Clayton,07060001,River/Stream,,43.03326422,-91.30759437
6,15220001,Bloody Run Creek Site #2 (BR02),12/26/2000 09:25:00,SNY319,NIT-NO3-NO2,Inorganic nitrogen (nitrate and nitrite) (as N),Total,,13,mg/l,True,0.1,,,Unknown,SNY001,Actual,SW,Water,,,Clayton,07060001,River/Stream,,43.03547975,-91.26682808
6,15220001,Bloody Run Creek Site #2 (BR02),11/28/2000 12:20:00,SNY319,NIT-NO3-NO2,Inorganic nitrogen (nitrate and nitrite) (as N),Total,,12,mg/l,True,0.1,,,Unknown,SNY001,Actual,SW,Water,,,Clayton,07060001,River/Stream,,43.03547975,-91.26682808
6,15220001,Bloody Run Creek Site #2 (BR02),11/21/2000 11:55:00,SNY319,NIT-NO3-NO2,Inorganic nitrogen (nitrate and nitrite) (as N),Total,,12,mg/l,True,0.1,,,Unknown,SNY001,Actual,SW,Water,,,Clayton,07060001,River/Stream,,43.03547975,-91.26682808
6,15220001,Bloody Run Creek Site #2 (BR02),11/14/2000 11:25:00,SNY319,NIT-NO3-NO2,Inorganic nitrogen (nitrate and nitrite) (as N),Total,,12,mg/l,True,0.1,,,Unknown,SNY001,Actual,SW,Water,,,Clayton,07060001,River/Stream,,43.03547975,-91.26682808
6,15220001,Bloody Run Creek Site #2 (BR02),10/17/2000 11:20:00,SNY319,NIT-NO3-NO2,Inorganic nitrogen (nitrate and nitrite) (as N),Total,,11,mg/l,True,0.1,,,Unknown,SNY001,Actual,SW,Water,,,Clayton,07060001,River/Stream,,43.03547975,-91.26682808
6,15220001,Bloody Run Creek Site #2 (BR02),10/10/2000 11:30:00,SNY319,NIT-NO3-NO2,Inorganic nitrogen (nitrate and nitrite) (as N),Total,,12,mg/l,True,0.1,,,Unknown,SNY001,Actual,SW,Water,,,Clayton,07060001,River/Stream,,43.03547975,-91.26682808
6,15220001,Bloody Run Creek Site #2 (BR02),10/03/2000 11:30:00,SNY319,NIT-NO3-NO2,Inorganic nitrogen (nitrate and nitrite) (as N),Total,,11,mg/l,True,0.1,,,Unknown,SNY001,Actual,SW,Water,,,Clayton,07060001,River/Stream,,43.03547975,-91.26682808
6,15220003,North Cedar Creek (NCC),09/26/2000 15:15:00,SNY319,NIT-NO3-NO2,Inorganic nitrogen (nitrate and nitrite) (as N),Total,,2.3,mg/l,True,0.1,,,Unknown,SNY001,Actual,SW,Water,,,Clayton,07060003,River/Stream,,42.96274242,-91.22931615
6,15220003,North Cedar Creek (NCC),08/29/2000 15:00:00,SNY319,NIT-NO3-NO2,Inorganic nitrogen (nitrate and nitrite) (as N),Total,,2.3,mg/l,True,0.1,,,Unknown,SNY001,Actual,SW,Water,,,Clayton,07060003,River/Stream,,42.96274242,-91.22931615
6,15220003,North Cedar Creek (NCC),08/22/2000 12:50:00,SNY319,NIT-NO3-NO2,Inorganic nitrogen (nitrate and nitrite) (as N),Total,,2.4,mg/l,True,0.1,,,Unknown,SNY001,Actual,SW,Water,,,Clayton,07060003,River/Stream,,42.96274242,-91.22931615
6,15220003,North Cedar Creek (NCC),08/15/2000 13:50:00,SNY319,NIT-NO3-NO2,Inorganic nitrogen (nitrate and nitrite) (as N),Total,,2.4,mg/l,True,0.1,,,Unknown,SNY001,Actual,SW,Water,,,Clayton,07060003,River/Stream,,42.96274242,-91.22931615
6,15220003,North Cedar Creek (NCC),07/11/2000 12:50:00,SNY319,NIT-NO3-NO2,Inorganic nitrogen (nitrate and nitrite) (as N),Total,,5,mg/l,True,0.1,,,Unknown,SNY001,Actual,SW,Water,,,Clayton,07060003,River/Stream,,42.96274242,-91.22931615
6,15220003,North Cedar Creek (NCC),07/04/2000 13:25:00,SNY319,NIT-NO3-NO2,Inorganic nitrogen (nitrate and nitrite) (as N),Total,,4.3,mg/l,True,0.1,,,Unknown,SNY001,Actual,SW,Water,,,Clayton,07060003,River/Stream,,42.96274242,-91.22931615
6,15220003,North Cedar Creek (NCC),05/30/2000 15:20:00,SNY319,NIT-NO3-NO2,Inorganic nitrogen (nitrate and nitrite) (as N),Total,,4.8,mg/l,True,0.1,,,Unknown,SNY001,Actual,SW,Water,,,Clayton,07060003,River/Stream,,42.96274242,-91.22931615
6,15220003,North Cedar Creek (NCC),06/27/2000 14:45:00,SNY319,NIT-NO3-NO2,Inorganic nitrogen (nitrate and nitrite) (as N),Total,,4.9,mg/l,True,0.1,,,Unknown,SNY001,Actual,SW,Water,,,Clayton,07060003,River/Stream,,42.96274242,-91.22931615
6,15220003,North Cedar Creek (NCC),05/23/2000 13:40:00,SNY319,NIT-NO3-NO2,Inorganic nitrogen (nitrate and nitrite) (as N),Total,,5.3,mg/l,True,0.1,,,Unknown,SNY001,Actual,SW,Water,,,Clayton,07060003,River/Stream,,42.96274242,-91.22931615
6,15220003,North Cedar Creek (NCC),05/16/2000 12:40:00,SNY319,NIT-NO3-NO2,Inorganic nitrogen (nitrate and nitrite) (as N),Total,,2.3,mg/l,True,0.1,,,Unknown,SNY001,Actual,SW,Water,,,Clayton,07060003,River/Stream,,42.96274242,-91.22931615
6,15220003,North Cedar Creek (NCC),04/11/2000 14:30:00,SNY319,NIT-NO3-NO2,Inorganic nitrogen (nitrate and nitrite) (as N),Total,,2.2,mg/l,True,0.1,,,Unknown,SNY001,Actual,SW,Water,,,Clayton,07060003,River/Stream,,42.96274242,-91.22931615
6,15220003,North Cedar Creek (NCC),04/04/2000 13:10:00,SNY319,NIT-NO3-NO2,Inorganic nitrogen (nitrate and nitrite) (as N),Total,,2.3,mg/l,True,0.1,,,Unknown,SNY001,Actual,SW,Water,,,Clayton,07060003,River/Stream,,42.96274242,-91.22931615
6,15220003,North Cedar Creek (NCC),03/28/2000 15:10:00,SNY319,NIT-NO3-NO2,Inorganic nitrogen (nitrate and nitrite) (as N),Total,,2.4,mg/l,True,0.1,,,Unknown,SNY001,Actual,SW,Water,,,Clayton,07060003,River/Stream,,42.96274242,-91.22931615
6,15220003,North Cedar Creek (NCC),02/29/2000 15:05:00,SNY319,NIT-NO3-NO2,Inorganic nitrogen (nitrate and nitrite) (as N),Total,,2.8,mg/l,True,0.1,,,Unknown,SNY001,Actual,SW,Water,,,Clayton,07060003,River/Stream,,42.96274242,-91.22931615
6,15220003,North Cedar Creek (NCC),02/22/2000 14:10:00,SNY319,NIT-NO3-NO2,Inorganic nitrogen (nitrate and nitrite) (as N),Total,,2.3,mg/l,True,0.1,,,Unknown,SNY001,Actual,SW,Water,,,Clayton,07060003,River/Stream,,42.96274242,-91.22931615
6,15220003,North Cedar Creek (NCC),02/15/2000 13:35:00,SNY319,NIT-NO3-NO2,Inorganic nitrogen (nitrate and nitrite) (as N),Total,,2.3,mg/l,True,0.1,,,Unknown,SNY001,Actual,SW,Water,,,Clayton,07060003,River/Stream,,42.96274242,-91.22931615
6,15220003,North Cedar Creek (NCC),01/11/2000 14:45:00,SNY319,NIT-NO3-NO2,Inorganic nitrogen (nitrate and nitrite) (as N),Total,,2.6,mg/l,True,0.1,,,Unknown,SNY001,Actual,SW,Water,,,Clayton,07060003,River/Stream,,42.96274242,-91.22931615
6,15220003,North Cedar Creek (NCC),01/04/2000 12:55:00,SNY319,NIT-NO3-NO2,Inorganic nitrogen (nitrate and nitrite) (as N),Total,,2.6,mg/l,True,0.1,,,Unknown,SNY001,Actual,SW,Water,,,Clayton,07060003,River/Stream,,42.96274242,-91.22931615
6,15220002,Bloody Run Creek at Spook Cave (BRSC),09/26/2000 12:10:00,SNY319,NIT-NO3-NO2,Inorganic nitrogen (nitrate and nitrite) (as N),Total,,10,mg/l,True,0.1,,,Unknown,SNY001,Actual,SW,Water,,,Clayton,07060001,River/Stream,,43.03326422,-91.30759437
6,15220002,Bloody Run Creek at Spook Cave (BRSC),05/30/2000 12:40:00,SNY319,NIT-NO3-NO2,Inorganic nitrogen (nitrate and nitrite) (as N),Total,,11,mg/l,True,0.1,,,Unknown,SNY001,Actual,SW,Water,,,Clayton,07060001,River/Stream,,43.03326422,-91.30759437
6,15220002,Bloody Run Creek at Spook Cave (BRSC),04/25/2000 12:20:00,SNY319,NIT-NO3-NO2,Inorganic nitrogen (nitrate and nitrite) (as N),Total,,10,mg/l,True,0.1,,,Unknown,SNY001,Actual,SW,Water,,,Clayton,07060001,River/Stream,,43.03326422,-91.30759437
6,15220002,Bloody Run Creek at Spook Cave (BRSC),03/28/2000 12:25:00,SNY319,NIT-NO3-NO2,Inorganic nitrogen (nitrate and nitrite) (as N),Total,,11,mg/l,True,0.1,,,Unknown,SNY001,Actual,SW,Water,,,Clayton,07060001,River/Stream,,43.03326422,-91.30759437
6,15220001,Bloody Run Creek Site #2 (BR02),09/12/2000 11:45:00,SNY319,NIT-NO3-NO2,Inorganic nitrogen (nitrate and nitrite) (as N),Total,,10,mg/l,True,0.1,,,Unknown,SNY001,Actual,SW,Water,,,Clayton,07060001,River/Stream,,43.03547975,-91.26682808
6,15220002,Bloody Run Creek at Spook Cave (BRSC),02/29/2000 11:45:00,SNY319,NIT-NO3-NO2,Inorganic nitrogen (nitrate and nitrite) (as N),Total,,11,mg/l,True,0.1,,,Unknown,SNY001,Actual,SW,Water,,,Clayton,07060001,River/Stream,,43.03326422,-91.30759437
6,15220001,Bloody Run Creek Site #2 (BR02),09/05/2000 11:05:00,SNY319,NIT-NO3-NO2,Inorganic nitrogen (nitrate and nitrite) (as N),Total,,10,mg/l,True,0.1,,,Unknown,SNY001,Actual,SW,Water,,,Clayton,07060001,River/Stream,,43.03547975,-91.26682808
6,15220001,Bloody Run Creek Site #2 (BR02),08/29/2000 12:40:00,SNY319,NIT-NO3-NO2,Inorganic nitrogen (nitrate and nitrite) (as N),Total,,10,mg/l,True,0.1,,,Unknown,SNY001,Actual,SW,Water,,,Clayton,07060001,River/Stream,,43.03547975,-91.26682808
6,15220001,Bloody Run Creek Site #2 (BR02),07/25/2000 11:45:00,SNY319,NIT-NO3-NO2,Inorganic nitrogen (nitrate and nitrite) (as N),Total,,11,mg/l,True,0.1,,,Unknown,SNY001,Actual,SW,Water,,,Clayton,07060001,River/Stream,,43.03547975,-91.26682808
6,15220001,Bloody Run Creek Site #2 (BR02),07/18/2000 11:50:00,SNY319,NIT-NO3-NO2,Inorganic nitrogen (nitrate and nitrite) (as N),Total,,11,mg/l,True,0.1,,,Unknown,SNY001,Actual,SW,Water,,,Clayton,07060001,River/Stream,,43.03547975,-91.26682808
6,15220001,Bloody Run Creek Site #2 (BR02),06/13/2000 12:10:00,SNY319,NIT-NO3-NO2,Inorganic nitrogen (nitrate and nitrite) (as N),Total,,11,mg/l,True,0.1,,,Unknown,SNY001,Actual,SW,Water,,,Clayton,07060001,River/Stream,,43.03547975,-91.26682808
6,15220001,Bloody Run Creek Site #2 (BR02),07/11/2000 11:20:00,SNY319,NIT-NO3-NO2,Inorganic nitrogen (nitrate and nitrite) (as N),Total,,8.8,mg/l,True,0.1,,,Unknown,SNY001,Actual,SW,Water,,,Clayton,07060001,River/Stream,,43.03547975,-91.26682808
6,15220001,Bloody Run Creek Site #2 (BR02),06/06/2000 11:00:00,SNY319,NIT-NO3-NO2,Inorganic nitrogen (nitrate and nitrite) (as N),Total,,12,mg/l,True,0.1,,,Unknown,SNY001,Actual,SW,Water,,,Clayton,07060001,River/Stream,,43.03547975,-91.26682808
6,15220001,Bloody Run Creek Site #2 (BR02),05/30/2000 13:05:00,SNY319,NIT-NO3-NO2,Inorganic nitrogen (nitrate and nitrite) (as N),Total,,10,mg/l,True,0.1,,,Unknown,SNY001,Actual,SW,Water,,,Clayton,07060001,River/Stream,,43.03547975,-91.26682808
6,15220001,Bloody Run Creek Site #2 (BR02),05/02/2000 12:00:00,SNY319,NIT-NO3-NO2,Inorganic nitrogen (nitrate and nitrite) (as N),Total,,9.3,mg/l,True,0.1,,,Unknown,SNY001,Actual,SW,Water,,,Clayton,07060001,River/Stream,,43.03547975,-91.26682808
6,15220001,Bloody Run Creek Site #2 (BR02),04/25/2000 12:45:00,SNY319,NIT-NO3-NO2,Inorganic nitrogen (nitrate and nitrite) (as N),Total,,9.3,mg/l,True,0.1,,,Unknown,SNY001,Actual,SW,Water,,,Clayton,07060001,River/Stream,,43.03547975,-91.26682808
6,15220001,Bloody Run Creek Site #2 (BR02),04/18/2000 11:00:00,SNY319,NIT-NO3-NO2,Inorganic nitrogen (nitrate and nitrite) (as N),Total,,10,mg/l,True,0.1,,,Unknown,SNY001,Actual,SW,Water,,,Clayton,07060001,River/Stream,,43.03547975,-91.26682808
6,15220001,Bloody Run Creek Site #2 (BR02),03/14/2000 11:50:00,SNY319,NIT-NO3-NO2,Inorganic nitrogen (nitrate and nitrite) (as N),Total,,11,mg/l,True,0.1,,,Unknown,SNY001,Actual,SW,Water,,,Clayton,07060001,River/Stream,,43.03547975,-91.26682808
6,15220001,Bloody Run Creek Site #2 (BR02),04/11/2000 12:45:00,SNY319,NIT-NO3-NO2,Inorganic nitrogen (nitrate and nitrite) (as N),Total,,10,mg/l,True,0.1,,,Unknown,SNY001,Actual,SW,Water,,,Clayton,07060001,River/Stream,,43.03547975,-91.26682808
6,15220001,Bloody Run Creek Site #2 (BR02),03/07/2000 10:50:00,SNY319,NIT-NO3-NO2,Inorganic nitrogen (nitrate and nitrite) (as N),Total,,11,mg/l,True,0.1,,,Unknown,SNY001,Actual,SW,Water,,,Clayton,07060001,River/Stream,,43.03547975,-91.26682808
6,15220001,Bloody Run Creek Site #2 (BR02),02/29/2000 12:10:00,SNY319,NIT-NO3-NO2,Inorganic nitrogen (nitrate and nitrite) (as N),Total,,9.8,mg/l,True,0.1,,,Unknown,SNY001,Actual,SW,Water,,,Clayton,07060001,River/Stream,,43.03547975,-91.26682808
6,15220003,North Cedar Creek (NCC),04/17/2001 13:35:00,SNY319,NIT-NO3-NO2,Inorganic nitrogen (nitrate and nitrite) (as N),Total,,5.7,mg/l,True,0.1,,,Unknown,SNY001,Actual,SW,Water,,,Clayton,07060003,River/Stream,,42.96274242,-91.22931615
6,15220003,North Cedar Creek (NCC),04/10/2001 13:55:00,SNY319,NIT-NO3-NO2,Inorganic nitrogen (nitrate and nitrite) (as N),Total,,6.2,mg/l,True,0.1,,,Unknown,SNY001,Actual,SW,Water,,,Clayton,07060003,River/Stream,,42.96274242,-91.22931615
6,15220003,North Cedar Creek (NCC),04/03/2001 13:40:00,SNY319,NIT-NO3-NO2,Inorganic nitrogen (nitrate and nitrite) (as N),Total,,7.3,mg/l,True,0.1,,,Unknown,SNY001,Actual,SW,Water,,,Clayton,07060003,River/Stream,,42.96274242,-91.22931615
6,15220003,North Cedar Creek (NCC),02/27/2001 14:40:00,SNY319,NIT-NO3-NO2,Inorganic nitrogen (nitrate and nitrite) (as N),Total,,2.7,mg/l,True,0.1,,,Unknown,SNY001,Actual,SW,Water,,,Clayton,07060003,River/Stream,,42.96274242,-91.22931615
6,15220003,North Cedar Creek (NCC),02/20/2001 13:15:00,SNY319,NIT-NO3-NO2,Inorganic nitrogen (nitrate and nitrite) (as N),Total,,2.4,mg/l,True,0.1,,,Unknown,SNY001,Actual,SW,Water,,,Clayton,07060003,River/Stream,,42.96274242,-91.22931615
6,15220003,North Cedar Creek (NCC),02/13/2001 13:20:00,SNY319,NIT-NO3-NO2,Inorganic nitrogen (nitrate and nitrite) (as N),Total,,2.5,mg/l,True,0.1,,,Unknown,SNY001,Actual,SW,Water,,,Clayton,07060003,River/Stream,,42.96274242,-91.22931615
6,15220003,North Cedar Creek (NCC),01/09/2001 12:40:00,SNY319,NIT-NO3-NO2,Inorganic nitrogen (nitrate and nitrite) (as N),Total,,2.5,mg/l,True,0.1,,,Unknown,SNY001,Actual,SW,Water,,,Clayton,07060003,River/Stream,,42.96274242,-91.22931615
6,15220003,North Cedar Creek (NCC),01/02/2001 13:40:00,SNY319,NIT-NO3-NO2,Inorganic nitrogen (nitrate and nitrite) (as N),Total,,2.4,mg/l,True,0.1,,,Unknown,SNY001,Actual,SW,Water,,,Clayton,07060003,River/Stream,,42.96274242,-91.22931615
6,15220002,Bloody Run Creek at Spook Cave (BRSC),09/25/2001 11:55:00,SNY319,NIT-NO3-NO2,Inorganic nitrogen (nitrate and nitrite) (as N),Total,,10,mg/l,True,0.1,,,Unknown,SNY001,Actual,SW,Water,,,Clayton,07060001,River/Stream,,43.03326422,-91.30759437
6,15220002,Bloody Run Creek at Spook Cave (BRSC),05/29/2001 11:10:00,SNY319,NIT-NO3-NO2,Inorganic nitrogen (nitrate and nitrite) (as N),Total,,12,mg/l,True,0.1,,,Unknown,SNY001,Actual,SW,Water,,,Clayton,07060001,River/Stream,,43.03326422,-91.30759437
6,15220002,Bloody Run Creek at Spook Cave (BRSC),04/24/2001 13:20:00,SNY319,NIT-NO3-NO2,Inorganic nitrogen (nitrate and nitrite) (as N),Total,,11,mg/l,True,0.1,,,Unknown,SNY001,Actual,SW,Water,,,Clayton,07060001,River/Stream,,43.03326422,-91.30759437
6,15220002,Bloody Run Creek at Spook Cave (BRSC),03/27/2001 11:50:00,SNY319,NIT-NO3-NO2,Inorganic nitrogen (nitrate and nitrite) (as N),Total,,13,mg/l,True,0.1,,,Unknown,SNY001,Actual,SW,Water,,,Clayton,07060001,River/Stream,,43.03326422,-91.30759437
6,15220001,Bloody Run Creek Site #2 (BR02),09/11/2001 12:10:00,SNY319,NIT-NO3-NO2,Inorganic nitrogen (nitrate and nitrite) (as N),Total,,10,mg/l,True,0.1,,,Unknown,SNY001,Actual,SW,Water,,,Clayton,07060001,River/Stream,,43.03547975,-91.26682808
6,15220001,Bloody Run Creek Site #2 (BR02),09/04/2001 10:45:00,SNY319,NIT-NO3-NO2,Inorganic nitrogen (nitrate and nitrite) (as N),Total,,11,mg/l,True,0.1,,,Unknown,SNY001,Actual,SW,Water,,,Clayton,07060001,River/Stream,,43.03547975,-91.26682808
6,15220001,Bloody Run Creek Site #2 (BR02),08/28/2001 12:30:00,SNY319,NIT-NO3-NO2,Inorganic nitrogen (nitrate and nitrite) (as N),Total,,11,mg/l,True,0.1,,,Unknown,SNY001,Actual,SW,Water,,,Clayton,07060001,River/Stream,,43.03547975,-91.26682808
6,15220001,Bloody Run Creek Site #2 (BR02),07/31/2001 12:55:00,SNY319,NIT-NO3-NO2,Inorganic nitrogen (nitrate and nitrite) (as N),Total,,11,mg/l,True,0.1,,,Unknown,SNY001,Actual,SW,Water,,,Clayton,07060001,River/Stream,,43.03547975,-91.26682808
6,15220003,North Cedar Creek (NCC),08/21/2001 11:55:00,SNY319,NIT-NO3-NO2,Inorganic nitrogen (nitrate and nitrite) (as N),Total,,2.5,mg/l,True,0.1,,,Unknown,SNY001,Actual,SW,Water,,,Clayton,07060003,River/Stream,,42.96274242,-91.22931615
6,15220003,North Cedar Creek (NCC),08/14/2001 14:15:00,SNY319,NIT-NO3-NO2,Inorganic nitrogen (nitrate and nitrite) (as N),Total,,2.4,mg/l,True,0.1,,,Unknown,SNY001,Actual,SW,Water,,,Clayton,07060003,River/Stream,,42.96274242,-91.22931615
6,15220003,North Cedar Creek (NCC),07/10/2001 12:05:00,SNY319,NIT-NO3-NO2,Inorganic nitrogen (nitrate and nitrite) (as N),Total,,3.3,mg/l,True,0.1,,,Unknown,SNY001,Actual,SW,Water,,,Clayton,07060003,River/Stream,,42.96274242,-91.22931615
6,15220003,North Cedar Creek (NCC),07/03/2001 11:50:00,SNY319,NIT-NO3-NO2,Inorganic nitrogen (nitrate and nitrite) (as N),Total,,3.8,mg/l,True,0.1,,,Unknown,SNY001,Actual,SW,Water,,,Clayton,07060003,River/Stream,,42.96274242,-91.22931615
6,15220003,North Cedar Creek (NCC),06/26/2001 12:55:00,SNY319,NIT-NO3-NO2,Inorganic nitrogen (nitrate and nitrite) (as N),Total,,4.2,mg/l,True,0.1,,,Unknown,SNY001,Actual,SW,Water,,,Clayton,07060003,River/Stream,,42.96274242,-91.22931615
6,15220003,North Cedar Creek (NCC),05/29/2001 12:55:00,SNY319,NIT-NO3-NO2,Inorganic nitrogen (nitrate and nitrite) (as N),Total,,4.2,mg/l,True,0.1,,,Unknown,SNY001,Actual,SW,Water,,,Clayton,07060003,River/Stream,,42.96274242,-91.22931615
6,15220003,North Cedar Creek (NCC),05/22/2001 13:10:00,SNY319,NIT-NO3-NO2,Inorganic nitrogen (nitrate and nitrite) (as N),Total,,5.1,mg/l,True,0.1,,,Unknown,SNY001,Actual,SW,Water,,,Clayton,07060003,River/Stream,,42.96274242,-91.22931615
6,15220003,North Cedar Creek (NCC),05/15/2001 12:00:00,SNY319,NIT-NO3-NO2,Inorganic nitrogen (nitrate and nitrite) (as N),Total,,6.9,mg/l,True,0.1,,,Unknown,SNY001,Actual,SW,Water,,,Clayton,07060003,River/Stream,,42.96274242,-91.22931615
6,15220003,North Cedar Creek (NCC),09/25/2001 14:15:00,SNY319,NIT-NO3-NO2,Inorganic nitrogen (nitrate and nitrite) (as N),Total,,3.7,mg/l,True,0.1,,,Unknown,SNY001,Actual,SW,Water,,,Clayton,07060003,River/Stream,,42.96274242,-91.22931615
6,15220003,North Cedar Creek (NCC),08/28/2001 14:10:00,SNY319,NIT-NO3-NO2,Inorganic nitrogen (nitrate and nitrite) (as N),Total,,2.8,mg/l,True,0.1,,,Unknown,SNY001,Actual,SW,Water,,,Clayton,07060003,River/Stream,,42.96274242,-91.22931615
6,10220003,Bloody Run Creek Site #1 (BR01),08/06/2020 11:30:00,AMBIENT,NIT-NO3-NO2,Inorganic nitrogen (nitrate and nitrite) (AS N),Total,,7.3,mg/l,True,0.1,,,LAC10-107-04-1J,UHL001,Actual,SW,Water,,,Clayton,07060001,River/Stream,,43.0404991,-91.2055504
6,15220001,Bloody Run Creek Site #2 (BR02),09/20/1994 10:35:00,SNY319,NIT-NO3-NO2,Inorganic nitrogen (nitrate and nitrite) (as N),Total,,9.6,mg/l,True,0.1,,,Unknown,SNY001,Actual,SW,Water,,,Clayton,07060001,River/Stream,,43.03547975,-91.26682808
6,15220001,Bloody Run Creek Site #2 (BR02),09/13/1994 10:35:00,SNY319,NIT-NO3-NO2,Inorganic nitrogen (nitrate and nitrite) (as N),Total,,9.5,mg/l,True,0.1,,,Unknown,SNY001,Actual,SW,Water,,,Clayton,07060001,River/Stream,,43.03547975,-91.26682808
6,15220003,North Cedar Creek (NCC),08/23/1994 14:00:00,SNY319,NIT-NO3-NO2,Inorganic nitrogen (nitrate and nitrite) (as N),Total,,1.6,mg/l,True,0.1,,,Unknown,SNY001,Actual,SW,Water,,,Clayton,07060003,River/Stream,,42.96274242,-91.22931615
6,15220003,North Cedar Creek (NCC),08/16/1994 14:00:00,SNY319,NIT-NO3-NO2,Inorganic nitrogen (nitrate and nitrite) (as N),Total,,2.1,mg/l,True,0.1,,,Unknown,SNY001,Actual,SW,Water,,,Clayton,07060003,River/Stream,,42.96274242,-91.22931615
6,15220002,Bloody Run Creek at Spook Cave (BRSC),08/30/1994 10:15:00,SNY319,NIT-NO3-NO2,Inorganic nitrogen (nitrate and nitrite) (as N),Total,,9.2,mg/l,True,0.1,,,Unknown,SNY001,Actual,SW,Water,,,Clayton,07060001,River/Stream,,43.03326422,-91.30759437
6,10220003,Bloody Run Creek Site #1 (BR01),07/08/2020 11:30:00,AMBIENT,NIT-NO3-NO2,Inorganic nitrogen (nitrate and nitrite) (AS N),Total,,7.2,mg/l,True,0.1,,,LAC10-107-04-1J,UHL001,Actual,SW,Water,,,Clayton,07060001,River/Stream,,43.0404991,-91.2055504
6,10220003,Bloody Run Creek Site #1 (BR01),06/04/2020 11:25:00,AMBIENT,NIT-NO3-NO2,Inorganic nitrogen (nitrate and nitrite) (AS N),Total,,6.6,mg/l,True,0.1,,,LAC10-107-04-1J,UHL001,Actual,SW,Water,,,Clayton,07060001,River/Stream,,43.0404991,-91.2055504
6,10220003,Bloody Run Creek Site #1 (BR01),05/07/2020 11:10:00,AMBIENT,NIT-NO3-NO2,Inorganic nitrogen (nitrate and nitrite) (AS N),Total,,6.4,mg/l,True,0.1,,,LAC10-107-04-1J,UHL001,Actual,SW,Water,,,Clayton,07060001,River/Stream,,43.0404991,-91.2055504
6,10220003,Bloody Run Creek Site #1 (BR01),04/07/2020 09:50:00,AMBIENT,NIT-NO3-NO2,Inorganic nitrogen (nitrate and nitrite) (AS N),Total,,6.9,mg/l,True,0.1,,,LAC10-107-04-1J,UHL001,Actual,SW,Water,,,Clayton,07060001,River/Stream,,43.0404991,-91.2055504
6,15220003,North Cedar Creek (NCC),09/06/1994 16:05:00,SNY319,NIT-NO3-NO2,Inorganic nitrogen (nitrate and nitrite) (as N),Total,,1.7,mg/l,True,0.1,,,Unknown,SNY001,Actual,SW,Water,,,Clayton,07060003,River/Stream,,42.96274242,-91.22931615
6,15220003,North Cedar Creek (NCC),08/30/1994 12:15:00,SNY319,NIT-NO3-NO2,Inorganic nitrogen (nitrate and nitrite) (as N),Total,,1.5,mg/l,True,0.1,,,Unknown,SNY001,Actual,SW,Water,,,Clayton,07060003,River/Stream,,42.96274242,-91.22931615
6,10220003,Bloody Run Creek Site #1 (BR01),03/03/2020 11:40:00,AMBIENT,NIT-NO3-NO2,Inorganic nitrogen (nitrate and nitrite) (AS N),Total,,7.3,mg/l,True,0.1,,,LAC10-107-04-1J,UHL001,Actual,SW,Water,,,Clayton,07060001,River/Stream,,43.0404991,-91.2055504
6,10220003,Bloody Run Creek Site #1 (BR01),02/04/2020 09:55:00,AMBIENT,NIT-NO3-NO2,Inorganic nitrogen (nitrate and nitrite) (AS N),Total,,7,mg/l,True,0.1,,,LAC10-107-04-1J,UHL001,Actual,SW,Water,,,Clayton,07060001,River/Stream,,43.0404991,-91.2055504
6,10220003,Bloody Run Creek Site #1 (BR01),01/07/2020 11:40:00,AMBIENT,NIT-NO3-NO2,Inorganic nitrogen (nitrate and nitrite) (AS N),Total,,7.5,mg/l,True,0.1,,,LAC10-107-04-1J,UHL001,Actual,SW,Water,,,Clayton,07060001,River/Stream,,43.0404991,-91.2055504
6,10220003,Bloody Run Creek Site #1 (BR01),11/05/2019 11:30:00,AMBIENT,NIT-NO3-NO2,Inorganic nitrogen (nitrate and nitrite) (AS N),Total,,7.2,mg/l,True,0.1,,,LAC10-107-04-1J,UHL001,Actual,SW,Water,,,Clayton,07060001,River/Stream,,43.0404991,-91.2055504
6,10220003,Bloody Run Creek Site #1 (BR01),12/05/2019 10:40:00,AMBIENT,NIT-NO3-NO2,Inorganic nitrogen (nitrate and nitrite) (AS N),Total,,7.3,mg/l,True,0.1,,,LAC10-107-04-1J,UHL001,Actual,SW,Water,,,Clayton,07060001,River/Stream,,43.0404991,-91.2055504
6,10220003,Bloody Run Creek Site #1 (BR01),10/02/2019 10:10:00,AMBIENT,NIT-NO3-NO2,Inorganic nitrogen (nitrate and nitrite) (AS N),Total,,2.9,mg/l,True,0.1,,,LAC10-107-04-1J,UHL001,Actual,SW,Water,,,Clayton,07060001,River/Stream,,43.0404991,-91.2055504
6,10220003,Bloody Run Creek Site #1 (BR01),09/05/2019 09:15:00,AMBIENT,NIT-NO3-NO2,Inorganic nitrogen (nitrate and nitrite) (AS N),Total,,6.8,mg/l,True,0.1,,,LAC10-107-04-1J,UHL001,Actual,SW,Water,,,Clayton,07060001,River/Stream,,43.0404991,-91.2055504
6,10220003,Bloody Run Creek Site #1 (BR01),08/08/2019 10:10:00,AMBIENT,NIT-NO3-NO2,Inorganic nitrogen (nitrate and nitrite) (AS N),Total,,6.9,mg/l,True,0.1,,,LAC10-107-04-1J,UHL001,Actual,SW,Water,,,Clayton,07060001,River/Stream,,43.0404991,-91.2055504
6,10220003,Bloody Run Creek Site #1 (BR01),07/02/2019 10:30:00,AMBIENT,NIT-NO3-NO2,Inorganic nitrogen (nitrate and nitrite) (AS N),Total,,6.8,mg/l,True,0.1,,,LAC10-107-04-1J,UHL001,Actual,SW,Water,,,Clayton,07060001,River/Stream,,43.0404991,-91.2055504
6,10220003,Bloody Run Creek Site #1 (BR01),06/05/2019 08:45:00,AMBIENT,NIT-NO3-NO2,Inorganic nitrogen (nitrate and nitrite) (AS N),Total,,7,mg/l,True,0.1,,,LAC10-107-04-1J,UHL001,Actual,SW,Water,,,Clayton,07060001,River/Stream,,43.0404991,-91.2055504
6,10220003,Bloody Run Creek Site #1 (BR01),05/07/2019 09:20:00,AMBIENT,NIT-NO3-NO2,Inorganic nitrogen (nitrate and nitrite) (AS N),Total,,5.8,mg/l,True,0.1,,,LAC10-107-04-1J,UHL001,Actual,SW,Water,,,Clayton,07060001,River/Stream,,43.0404991,-91.2055504
6,10220003,Bloody Run Creek Site #1 (BR01),04/04/2019 09:20:00,AMBIENT,NIT-NO3-NO2,Inorganic nitrogen (nitrate and nitrite) (AS N),Total,,6.2,mg/l,True,0.1,,,LAC10-107-04-1J,UHL001,Actual,SW,Water,,,Clayton,07060001,River/Stream,,43.0404991,-91.2055504
6,10220003,Bloody Run Creek Site #1 (BR01),03/07/2019 09:40:00,AMBIENT,NIT-NO3-NO2,Inorganic nitrogen (nitrate and nitrite) (AS N),Total,,7.2,mg/l,True,0.1,,,LAC10-107-04-1J,UHL001,Actual,SW,Water,,,Clayton,07060001,River/Stream,,43.0404991,-91.2055504
6,10220003,Bloody Run Creek Site #1 (BR01),02/07/2019 08:55:00,AMBIENT,NIT-NO3-NO2,Inorganic nitrogen (nitrate and nitrite) (AS N),Total,,7,mg/l,True,0.1,,,LAC10-107-04-1J,UHL001,Actual,SW,Water,,,Clayton,07060001,River/Stream,,43.0404991,-91.2055504
6,10220003,Bloody Run Creek Site #1 (BR01),01/07/2019 11:45:00,AMBIENT,NIT-NO3-NO2,Inorganic nitrogen (nitrate and nitrite) (AS N),Total,,8.4,mg/l,True,0.1,,,LAC10-107-04-1J,UHL001,Actual,SW,Water,,,Clayton,07060001,River/Stream,,43.0404991,-91.2055504
6,10220003,Bloody Run Creek Site #1 (BR01),11/07/2018 10:10:00,AMBIENT,NIT-NO3-NO2,Inorganic nitrogen (nitrate and nitrite) (AS N),Total,,8.2,mg/l,True,0.2,,,LAC10-107-04-1J,UHL001,Actual,SW,Water,,,Clayton,07060001,River/Stream,,43.0404991,-91.2055504
6,10220003,Bloody Run Creek Site #1 (BR01),12/05/2018 10:05:00,AMBIENT,NIT-NO3-NO2,Inorganic nitrogen (nitrate and nitrite) (AS N),Total,,8,mg/l,True,0.1,,,LAC10-107-04-1J,UHL001,Actual,SW,Water,,,Clayton,07060001,River/Stream,,43.0404991,-91.2055504
6,10220003,Bloody Run Creek Site #1 (BR01),09/06/2018 10:30:00,AMBIENT,NIT-NO3-NO2,Inorganic nitrogen (nitrate and nitrite) (AS N),Total,,6.6,mg/l,True,0.1,,,LAC10-107-04-1J,UHL001,Actual,SW,Water,,,Clayton,07060001,River/Stream,,43.0404991,-91.2055504
6,10220003,Bloody Run Creek Site #1 (BR01),10/02/2018 10:25:00,AMBIENT,NIT-NO3-NO2,Inorganic nitrogen (nitrate and nitrite) (AS N),Total,,4.8,mg/l,True,0.1,,,LAC10-107-04-1J,UHL001,Actual,SW,Water,,,Clayton,07060001,River/Stream,,43.0404991,-91.2055504
6,10220003,Bloody Run Creek Site #1 (BR01),07/09/2018 10:20:00,AMBIENT,NIT-NO3-NO2,Inorganic nitrogen (nitrate and nitrite) (AS N),Total,,6.2,mg/l,True,0.1,,,LAC10-107-04-1J,UHL001,Actual,SW,Water,,,Clayton,07060001,River/Stream,,43.0404991,-91.2055504
6,10220003,Bloody Run Creek Site #1 (BR01),08/07/2018 10:00:00,AMBIENT,NIT-NO3-NO2,Inorganic nitrogen (nitrate and nitrite) (AS N),Total,,5.9,mg/l,True,0.1,,,LAC10-107-04-1J,UHL001,Actual,SW,Water,,,Clayton,07060001,River/Stream,,43.0404991,-91.2055504
6,10220003,Bloody Run Creek Site #1 (BR01),05/08/2018 09:40:00,AMBIENT,NIT-NO3-NO2,Inorganic nitrogen (nitrate and nitrite) (AS N),Total,,6.2,mg/l,True,0.1,,,LAC10-107-04-1J,UHL001,Actual,SW,Water,,,Clayton,07060001,River/Stream,,43.0404991,-91.2055504
6,10220003,Bloody Run Creek Site #1 (BR01),06/07/2018 10:15:00,AMBIENT,NIT-NO3-NO2,Inorganic nitrogen (nitrate and nitrite) (AS N),Total,,6.3,mg/l,True,0.1,,,LAC10-107-04-1J,UHL001,Actual,SW,Water,,,Clayton,07060001,River/Stream,,43.0404991,-91.2055504
6,10220003,Bloody Run Creek Site #1 (BR01),03/08/2018 11:35:00,AMBIENT,NIT-NO3-NO2,Inorganic nitrogen (nitrate and nitrite) (AS N),Total,,6.8,mg/l,True,0.1,,,LAC10-107-04-1J,UHL001,Actual,SW,Water,,,Clayton,07060001,River/Stream,,43.0404991,-91.2055504
6,10220003,Bloody Run Creek Site #1 (BR01),04/10/2018 09:30:00,AMBIENT,NIT-NO3-NO2,Inorganic nitrogen (nitrate and nitrite) (AS N),Total,,6.6,mg/l,True,0.1,,,LAC10-107-04-1J,UHL001,Actual,SW,Water,,,Clayton,07060001,River/Stream,,43.0404991,-91.2055504
6,10220003,Bloody Run Creek Site #1 (BR01),01/03/2018 10:50:00,AMBIENT,NIT-NO3-NO2,Inorganic nitrogen (nitrate and nitrite) (AS N),Total,,7.1,mg/l,True,0.2,,,LAC10-107-04-1J,UHL001,Actual,SW,Water,,,Clayton,07060001,River/Stream,,43.0404991,-91.2055504
6,10220003,Bloody Run Creek Site #1 (BR01),02/05/2018 09:10:00,AMBIENT,NIT-NO3-NO2,Inorganic nitrogen (nitrate and nitrite) (AS N),Total,,6.5,mg/l,True,0.1,,,LAC10-107-04-1J,UHL001,Actual,SW,Water,,,Clayton,07060001,River/Stream,,43.0404991,-91.2055504
6,10220003,Bloody Run Creek Site #1 (BR01),12/04/2017 10:30:00,AMBIENT,NIT-NO3-NO2,Inorganic nitrogen (nitrate and nitrite) (AS N),Total,,7.4,mg/l,True,0.1,,,LAC10-107-04-1J,UHL001,Actual,SW,Water,,,Clayton,07060001,River/Stream,,43.0404991,-91.2055504
6,10220003,Bloody Run Creek Site #1 (BR01),11/06/2017 10:30:00,AMBIENT,NIT-NO3-NO2,Inorganic nitrogen (nitrate and nitrite) (AS N),Total,,6.9,mg/l,True,0.1,,,LAC10-107-04-1J,UHL001,Actual,SW,Water,,,Clayton,07060001,River/Stream,,43.0404991,-91.2055504
6,10220003,Bloody Run Creek Site #1 (BR01),10/04/2017 10:20:00,AMBIENT,NIT-NO3-NO2,Inorganic nitrogen (nitrate and nitrite) (AS N),Total,,7,mg/l,True,0.1,,,LAC10-107-04-1J,UHL001,Actual,SW,Water,,,Clayton,07060001,River/Stream,,43.0404991,-91.2055504
6,10220003,Bloody Run Creek Site #1 (BR01),09/07/2017 10:30:00,AMBIENT,NIT-NO3-NO2,Inorganic nitrogen (nitrate and nitrite) (AS N),Total,,7.9,mg/l,True,0.1,,,LAC10-107-04-1J,UHL001,Actual,SW,Water,,,Clayton,07060001,River/Stream,,43.0404991,-91.2055504
6,10220003,Bloody Run Creek Site #1 (BR01),07/06/2017 09:50:00,AMBIENT,NIT-NO3-NO2,Inorganic nitrogen (nitrate and nitrite) (AS N),Total,,7.2,mg/l,True,0.1,,,LAC10-107-04-1J,UHL001,Actual,SW,Water,,,Clayton,07060001,River/Stream,,43.0404991,-91.2055504
6,10220003,Bloody Run Creek Site #1 (BR01),08/02/2017 09:10:00,AMBIENT,NIT-NO3-NO2,Inorganic nitrogen (nitrate and nitrite) (AS N),Total,,7.2,mg/l,True,0.1,,,LAC10-107-04-1J,UHL001,Actual,SW,Water,,,Clayton,07060001,River/Stream,,43.0404991,-91.2055504
6,10220003,Bloody Run Creek Site #1 (BR01),05/01/2017 10:25:00,AMBIENT,NIT-NO3-NO2,Inorganic nitrogen (nitrate and nitrite) (AS N),Total,,7.5,mg/l,True,0.1,,,LAC10-107-04-1J,UHL001,Actual,SW,Water,,,Clayton,07060001,River/Stream,,43.0404991,-91.2055504
6,10220003,Bloody Run Creek Site #1 (BR01),06/07/2017 08:20:00,AMBIENT,NIT-NO3-NO2,Inorganic nitrogen (nitrate and nitrite) (AS N),Total,,7.4,mg/l,True,0.1,,,LAC10-107-04-1J,UHL001,Actual,SW,Water,,,Clayton,07060001,River/Stream,,43.0404991,-91.2055504
6,10220003,Bloody Run Creek Site #1 (BR01),03/02/2017 10:20:00,AMBIENT,NIT-NO3-NO2,Inorganic nitrogen (nitrate and nitrite) (AS N),Total,,8.1,mg/l,True,0.1,,,LAC10-107-04-1J,UHL001,Actual,SW,Water,,,Clayton,07060001,River/Stream,,43.0404991,-91.2055504
6,10220003,Bloody Run Creek Site #1 (BR01),04/10/2017 09:35:00,AMBIENT,NIT-NO3-NO2,Inorganic nitrogen (nitrate and nitrite) (AS N),Total,,6.9,mg/l,True,0.1,,,LAC10-107-04-1J,UHL001,Actual,SW,Water,,,Clayton,07060001,River/Stream,,43.0404991,-91.2055504
6,10220003,Bloody Run Creek Site #1 (BR01),01/05/2017 10:35:00,AMBIENT,NIT-NO3-NO2,Inorganic nitrogen (nitrate and nitrite) (AS N),Total,,7,mg/l,True,0.1,,,LAC10-107-04-1J,UHL001,Actual,SW,Water,,,Clayton,07060001,River/Stream,,43.0404991,-91.2055504
6,10220003,Bloody Run Creek Site #1 (BR01),02/01/2017 09:55:00,AMBIENT,NIT-NO3-NO2,Inorganic nitrogen (nitrate and nitrite) (AS N),Total,,7.8,mg/l,True,0.1,,,LAC10-107-04-1J,UHL001,Actual,SW,Water,,,Clayton,07060001,River/Stream,,43.0404991,-91.2055504
6,10220003,Bloody Run Creek Site #1 (BR01),11/01/2016 10:50:00,AMBIENT,NIT-NO3-NO2,Inorganic nitrogen (nitrate and nitrite) (AS N),Total,,7.7,mg/l,True,0.1,,,LAC10-107-04-1J,UHL001,Actual,SW,Water,,,Clayton,07060001,River/Stream,,43.0404991,-91.2055504
6,10220003,Bloody Run Creek Site #1 (BR01),12/07/2016 10:30:00,AMBIENT,NIT-NO3-NO2,Inorganic nitrogen (nitrate and nitrite) (AS N),Total,,7.9,mg/l,True,0.1,,,LAC10-107-04-1J,UHL001,Actual,SW,Water,,,Clayton,07060001,River/Stream,,43.0404991,-91.2055504
6,15220003,North Cedar Creek (NCC),07/22/1997 12:40:00,SNY319,NIT-NO3-NO2,Inorganic nitrogen (nitrate and nitrite) (as N),Total,,3,mg/l,True,0.1,,,Unknown,SNY001,Actual,SW,Water,,,Clayton,07060003,River/Stream,,42.96274242,-91.22931615
6,15220003,North Cedar Creek (NCC),07/15/1997 13:10:00,SNY319,NIT-NO3-NO2,Inorganic nitrogen (nitrate and nitrite) (as N),Total,,2.4,mg/l,True,0.1,,,Unknown,SNY001,Actual,SW,Water,,,Clayton,07060003,River/Stream,,42.96274242,-91.22931615
6,15220003,North Cedar Creek (NCC),07/08/1997 12:55:00,SNY319,NIT-NO3-NO2,Inorganic nitrogen (nitrate and nitrite) (as N),Total,,2.5,mg/l,True,0.1,,,Unknown,SNY001,Actual,SW,Water,,,Clayton,07060003,River/Stream,,42.96274242,-91.22931615
6,15220003,North Cedar Creek (NCC),06/03/1997 14:00:00,SNY319,NIT-NO3-NO2,Inorganic nitrogen (nitrate and nitrite) (as N),Total,,1.7,mg/l,True,0.1,,,Unknown,SNY001,Actual,SW,Water,,,Clayton,07060003,River/Stream,,42.96274242,-91.22931615
6,15220003,North Cedar Creek (NCC),05/26/1997 15:05:00,SNY319,NIT-NO3-NO2,Inorganic nitrogen (nitrate and nitrite) (as N),Total,,1.7,mg/l,True,0.1,,,Unknown,SNY001,Actual,SW,Water,,,Clayton,07060003,River/Stream,,42.96274242,-91.22931615
6,15220003,North Cedar Creek (NCC),05/20/1997 12:50:00,SNY319,NIT-NO3-NO2,Inorganic nitrogen (nitrate and nitrite) (as N),Total,,1.8,mg/l,True,0.1,,,Unknown,SNY001,Actual,SW,Water,,,Clayton,07060003,River/Stream,,42.96274242,-91.22931615
6,15220003,North Cedar Creek (NCC),04/22/1997 12:10:00,SNY319,NIT-NO3-NO2,Inorganic nitrogen (nitrate and nitrite) (as N),Total,,2,mg/l,True,0.1,,,Unknown,SNY001,Actual,SW,Water,,,Clayton,07060003,River/Stream,,42.96274242,-91.22931615
6,15220003,North Cedar Creek (NCC),04/15/1997 14:05:00,SNY319,NIT-NO3-NO2,Inorganic nitrogen (nitrate and nitrite) (as N),Total,,2.1,mg/l,True,0.1,,,Unknown,SNY001,Actual,SW,Water,,,Clayton,07060003,River/Stream,,42.96274242,-91.22931615
6,15220003,North Cedar Creek (NCC),04/08/1997 11:40:00,SNY319,NIT-NO3-NO2,Inorganic nitrogen (nitrate and nitrite) (as N),Total,,2.4,mg/l,True,0.1,,,Unknown,SNY001,Actual,SW,Water,,,Clayton,07060003,River/Stream,,42.96274242,-91.22931615
6,15220003,North Cedar Creek (NCC),03/04/1997 13:15:00,SNY319,NIT-NO3-NO2,Inorganic nitrogen (nitrate and nitrite) (as N),Total,,2.5,mg/l,True,0.1,,,Unknown,SNY001,Actual,SW,Water,,,Clayton,07060003,River/Stream,,42.96274242,-91.22931615
6,15220003,North Cedar Creek (NCC),02/25/1997 13:30:00,SNY319,NIT-NO3-NO2,Inorganic nitrogen (nitrate and nitrite) (as N),Total,,2.7,mg/l,True,0.1,,,Unknown,SNY001,Actual,SW,Water,,,Clayton,07060003,River/Stream,,42.96274242,-91.22931615
6,15220003,North Cedar Creek (NCC),02/18/1997 13:50:00,SNY319,NIT-NO3-NO2,Inorganic nitrogen (nitrate and nitrite) (as N),Total,,2,mg/l,True,0.1,,,Unknown,SNY001,Actual,SW,Water,,,Clayton,07060003,River/Stream,,42.96274242,-91.22931615
6,15220003,North Cedar Creek (NCC),01/21/1997 11:15:00,SNY319,NIT-NO3-NO2,Inorganic nitrogen (nitrate and nitrite) (as N),Total,,2.1,mg/l,True,0.1,,,Unknown,SNY001,Actual,SW,Water,,,Clayton,07060003,River/Stream,,42.96274242,-91.22931615
6,15220003,North Cedar Creek (NCC),01/14/1997 15:15:00,SNY319,NIT-NO3-NO2,Inorganic nitrogen (nitrate and nitrite) (as N),Total,,2.2,mg/l,True,0.1,,,Unknown,SNY001,Actual,SW,Water,,,Clayton,07060003,River/Stream,,42.96274242,-91.22931615
6,15220003,North Cedar Creek (NCC),01/07/1997 12:00:00,SNY319,NIT-NO3-NO2,Inorganic nitrogen (nitrate and nitrite) (as N),Total,,2.4,mg/l,True,0.1,,,Unknown,SNY001,Actual,SW,Water,,,Clayton,07060003,River/Stream,,42.96274242,-91.22931615
6,15220002,Bloody Run Creek at Spook Cave (BRSC),05/26/1997 12:20:00,SNY319,NIT-NO3-NO2,Inorganic nitrogen (nitrate and nitrite) (as N),Total,,9,mg/l,True,0.1,,,Unknown,SNY001,Actual,SW,Water,,,Clayton,07060001,River/Stream,,43.03326422,-91.30759437
6,15220002,Bloody Run Creek at Spook Cave (BRSC),04/29/1997 11:45:00,SNY319,NIT-NO3-NO2,Inorganic nitrogen (nitrate and nitrite) (as N),Total,,8.7,mg/l,True,0.1,,,Unknown,SNY001,Actual,SW,Water,,,Clayton,07060001,River/Stream,,43.03326422,-91.30759437
6,15220002,Bloody Run Creek at Spook Cave (BRSC),03/25/1997 11:50:00,SNY319,NIT-NO3-NO2,Inorganic nitrogen (nitrate and nitrite) (as N),Total,,8.8,mg/l,True,0.1,,,Unknown,SNY001,Actual,SW,Water,,,Clayton,07060001,River/Stream,,43.03326422,-91.30759437
6,15220001,Bloody Run Creek Site #2 (BR02),09/23/1997 11:25:00,SNY319,NIT-NO3-NO2,Inorganic nitrogen (nitrate and nitrite) (as N),Total,,8.7,mg/l,True,0.1,,,Unknown,SNY001,Actual,SW,Water,,,Clayton,07060001,River/Stream,,43.03547975,-91.26682808
6,15220001,Bloody Run Creek Site #2 (BR02),09/16/1997 10:30:00,SNY319,NIT-NO3-NO2,Inorganic nitrogen (nitrate and nitrite) (as N),Total,,9.1,mg/l,True,0.1,,,Unknown,SNY001,Actual,SW,Water,,,Clayton,07060001,River/Stream,,43.03547975,-91.26682808
6,15220001,Bloody Run Creek Site #2 (BR02),09/09/1997 11:00:00,SNY319,NIT-NO3-NO2,Inorganic nitrogen (nitrate and nitrite) (as N),Total,,8.5,mg/l,True,0.1,,,Unknown,SNY001,Actual,SW,Water,,,Clayton,07060001,River/Stream,,43.03547975,-91.26682808
6,15220001,Bloody Run Creek Site #2 (BR02),08/05/1997 11:25:00,SNY319,NIT-NO3-NO2,Inorganic nitrogen (nitrate and nitrite) (as N),Total,,9,mg/l,True,0.1,,,Unknown,SNY001,Actual,SW,Water,,,Clayton,07060001,River/Stream,,43.03547975,-91.26682808
6,15220001,Bloody Run Creek Site #2 (BR02),07/28/1997 13:50:00,SNY319,NIT-NO3-NO2,Inorganic nitrogen (nitrate and nitrite) (as N),Total,,8.1,mg/l,True,0.1,,,Unknown,SNY001,Actual,SW,Water,,,Clayton,07060001,River/Stream,,43.03547975,-91.26682808
6,15220001,Bloody Run Creek Site #2 (BR02),07/22/1997 11:10:00,SNY319,NIT-NO3-NO2,Inorganic nitrogen (nitrate and nitrite) (as N),Total,,8.5,mg/l,True,0.1,,,Unknown,SNY001,Actual,SW,Water,,,Clayton,07060001,River/Stream,,43.03547975,-91.26682808
6,15220001,Bloody Run Creek Site #2 (BR02),06/17/1997 12:00:00,SNY319,NIT-NO3-NO2,Inorganic nitrogen (nitrate and nitrite) (as N),Total,,8.1,mg/l,True,0.1,,,Unknown,SNY001,Actual,SW,Water,,,Clayton,07060001,River/Stream,,43.03547975,-91.26682808
6,15220001,Bloody Run Creek Site #2 (BR02),06/10/1997 11:05:00,SNY319,NIT-NO3-NO2,Inorganic nitrogen (nitrate and nitrite) (as N),Total,,8.4,mg/l,True,0.1,,,Unknown,SNY001,Actual,SW,Water,,,Clayton,07060001,River/Stream,,43.03547975,-91.26682808
6,15220001,Bloody Run Creek Site #2 (BR02),05/06/1997 11:50:00,SNY319,NIT-NO3-NO2,Inorganic nitrogen (nitrate and nitrite) (as N),Total,,6.7,mg/l,True,0.1,,,Unknown,SNY001,Actual,SW,Water,,,Clayton,07060001,River/Stream,,43.03547975,-91.26682808
6,15220001,Bloody Run Creek Site #2 (BR02),06/03/1997 11:15:00,SNY319,NIT-NO3-NO2,Inorganic nitrogen (nitrate and nitrite) (as N),Total,,7.9,mg/l,True,0.1,,,Unknown,SNY001,Actual,SW,Water,,,Clayton,07060001,River/Stream,,43.03547975,-91.26682808
6,15220001,Bloody Run Creek Site #2 (BR02),04/29/1997 12:00:00,SNY319,NIT-NO3-NO2,Inorganic nitrogen (nitrate and nitrite) (as N),Total,,7.6,mg/l,True,0.1,,,Unknown,SNY001,Actual,SW,Water,,,Clayton,07060001,River/Stream,,43.03547975,-91.26682808
6,15220001,Bloody Run Creek Site #2 (BR02),04/22/1997 10:40:00,SNY319,NIT-NO3-NO2,Inorganic nitrogen (nitrate and nitrite) (as N),Total,,8.1,mg/l,True,0.1,,,Unknown,SNY001,Actual,SW,Water,,,Clayton,07060001,River/Stream,,43.03547975,-91.26682808
6,15220001,Bloody Run Creek Site #2 (BR02),03/25/1997 12:10:00,SNY319,NIT-NO3-NO2,Inorganic nitrogen (nitrate and nitrite) (as N),Total,,7.7,mg/l,True,0.1,,,Unknown,SNY001,Actual,SW,Water,,,Clayton,07060001,River/Stream,,43.03547975,-91.26682808
6,15220001,Bloody Run Creek Site #2 (BR02),03/18/1997 11:40:00,SNY319,NIT-NO3-NO2,Inorganic nitrogen (nitrate and nitrite) (as N),Total,,3.8,mg/l,True,0.1,,,Unknown,SNY001,Actual,SW,Water,,,Clayton,07060001,River/Stream,,43.03547975,-91.26682808
6,15220001,Bloody Run Creek Site #2 (BR02),03/11/1997 11:15:00,SNY319,NIT-NO3-NO2,Inorganic nitrogen (nitrate and nitrite) (as N),Total,,5.2,mg/l,True,0.1,,,Unknown,SNY001,Actual,SW,Water,,,Clayton,07060001,River/Stream,,43.03547975,-91.26682808
6,15220001,Bloody Run Creek Site #2 (BR02),02/04/1997 13:30:00,SNY319,NIT-NO3-NO2,Inorganic nitrogen (nitrate and nitrite) (as N),Total,,9.8,mg/l,True,0.1,,,Unknown,SNY001,Actual,SW,Water,,,Clayton,07060001,River/Stream,,43.03547975,-91.26682808
6,15220001,Bloody Run Creek Site #2 (BR02),01/27/1997 12:45:00,SNY319,NIT-NO3-NO2,Inorganic nitrogen (nitrate and nitrite) (as N),Total,,10,mg/l,True,0.1,,,Unknown,SNY001,Actual,SW,Water,,,Clayton,07060001,River/Stream,,43.03547975,-91.26682808
6,15220001,Bloody Run Creek Site #2 (BR02),01/21/1997 10:15:00,SNY319,NIT-NO3-NO2,Inorganic nitrogen (nitrate and nitrite) (as N),Total,,9.9,mg/l,True,0.1,,,Unknown,SNY001,Actual,SW,Water,,,Clayton,07060001,River/Stream,,43.03547975,-91.26682808
6,15220003,North Cedar Creek (NCC),12/30/1996 14:30:00,SNY319,NIT-NO3-NO2,Inorganic nitrogen (nitrate and nitrite) (as N),Total,,2,mg/l,True,0.1,,,Unknown,SNY001,Actual,SW,Water,,,Clayton,07060003,River/Stream,,42.96274242,-91.22931615
6,15220001,Bloody Run Creek Site #2 (BR02),01/14/1997 13:00:00,SNY319,NIT-NO3-NO2,Inorganic nitrogen (nitrate and nitrite) (as N),Total,,13,mg/l,True,0.1,,,Unknown,SNY001,Actual,SW,Water,,,Clayton,07060001,River/Stream,,43.03547975,-91.26682808
6,15220003,North Cedar Creek (NCC),11/26/1996 12:45:00,SNY319,NIT-NO3-NO2,Inorganic nitrogen (nitrate and nitrite) (as N),Total,,1.9,mg/l,True,0.1,,,Unknown,SNY001,Actual,SW,Water,,,Clayton,07060003,River/Stream,,42.96274242,-91.22931615
6,15220003,North Cedar Creek (NCC),12/23/1996 12:30:00,SNY319,NIT-NO3-NO2,Inorganic nitrogen (nitrate and nitrite) (as N),Total,,2,mg/l,True,0.1,,,Unknown,SNY001,Actual,SW,Water,,,Clayton,07060003,River/Stream,,42.96274242,-91.22931615
6,15220003,North Cedar Creek (NCC),11/19/1996 11:30:00,SNY319,NIT-NO3-NO2,Inorganic nitrogen (nitrate and nitrite) (as N),Total,,1.9,mg/l,True,0.1,,,Unknown,SNY001,Actual,SW,Water,,,Clayton,07060003,River/Stream,,42.96274242,-91.22931615
6,15220003,North Cedar Creek (NCC),11/12/1996 12:40:00,SNY319,NIT-NO3-NO2,Inorganic nitrogen (nitrate and nitrite) (as N),Total,,1.8,mg/l,True,0.1,,,Unknown,SNY001,Actual,SW,Water,,,Clayton,07060003,River/Stream,,42.96274242,-91.22931615
6,15220002,Bloody Run Creek at Spook Cave (BRSC),12/30/1996 12:15:00,SNY319,NIT-NO3-NO2,Inorganic nitrogen (nitrate and nitrite) (as N),Total,,11,mg/l,True,0.1,,,Unknown,SNY001,Actual,SW,Water,,,Clayton,07060001,River/Stream,,43.03326422,-91.30759437
6,15220001,Bloody Run Creek Site #2 (BR02),12/17/1996 10:25:00,SNY319,NIT-NO3-NO2,Inorganic nitrogen (nitrate and nitrite) (as N),Total,,9.8,mg/l,True,0.1,,,Unknown,SNY001,Actual,SW,Water,,,Clayton,07060001,River/Stream,,43.03547975,-91.26682808
6,15220001,Bloody Run Creek Site #2 (BR02),12/10/1996 11:40:00,SNY319,NIT-NO3-NO2,Inorganic nitrogen (nitrate and nitrite) (as N),Total,,10,mg/l,True,0.1,,,Unknown,SNY001,Actual,SW,Water,,,Clayton,07060001,River/Stream,,43.03547975,-91.26682808
6,15220001,Bloody Run Creek Site #2 (BR02),12/03/1996 10:40:00,SNY319,NIT-NO3-NO2,Inorganic nitrogen (nitrate and nitrite) (as N),Total,,9.9,mg/l,True,0.1,,,Unknown,SNY001,Actual,SW,Water,,,Clayton,07060001,River/Stream,,43.03547975,-91.26682808
6,15220001,Bloody Run Creek Site #2 (BR02),10/29/1996 12:40:00,SNY319,NIT-NO3-NO2,Inorganic nitrogen (nitrate and nitrite) (as N),Total,,8.8,mg/l,True,0.1,,,Unknown,SNY001,Actual,SW,Water,,,Clayton,07060001,River/Stream,,43.03547975,-91.26682808
6,15220001,Bloody Run Creek Site #2 (BR02),11/05/1996 10:00:00,SNY319,NIT-NO3-NO2,Inorganic nitrogen (nitrate and nitrite) (as N),Total,,10,mg/l,True,0.1,,,Unknown,SNY001,Actual,SW,Water,,,Clayton,07060001,River/Stream,,43.03547975,-91.26682808
6,10220003,Bloody Run Creek Site #1 (BR01),08/13/2008 08:30:00,AMBIENT,NIT-NO3-NO2,Inorganic nitrogen (nitrate and nitrite) (as N),Total,,7.6,mg/l,True,0.05,,,353.2,UHL001,Actual,SW,Water,,,Clayton,07060001,River/Stream,,43.0404991,-91.2055504
6,10220003,Bloody Run Creek Site #1 (BR01),05/06/2009 10:15:00,AMBIENT,NIT-NO3-NO2,Inorganic nitrogen (nitrate and nitrite) (as N),Total,,5.8,mg/l,True,0.05,,,353.2,UHL001,Actual,SW,Water,,,Clayton,07060001,River/Stream,,43.0404991,-91.2055504
6,10220003,Bloody Run Creek Site #1 (BR01),07/06/2009 12:30:00,AMBIENT,NIT-NO3-NO2,Inorganic nitrogen (nitrate and nitrite) (as N),Total,,5.5,mg/l,True,0.05,,,353.2,UHL001,Actual,SW,Water,,,Clayton,07060001,River/Stream,,43.0404991,-91.2055504
6,10220003,Bloody Run Creek Site #1 (BR01),02/12/2008 09:45:00,AMBIENT,NIT-NO3-NO2,Inorganic nitrogen (nitrate and nitrite) (as N),Total,,8,mg/l,True,0.05,,,353.2,UHL001,Actual,SW,Water,,,Clayton,07060001,River/Stream,,43.0404991,-91.2055504
6,10220003,Bloody Run Creek Site #1 (BR01),12/04/2007 10:10:00,AMBIENT,NIT-NO3-NO2,Inorganic nitrogen (nitrate and nitrite) (as N),Total,,8.2,mg/l,True,0.05,,,353.2,UHL001,Actual,SW,Water,,,Clayton,07060001,River/Stream,,43.0404991,-91.2055504
6,10220003,Bloody Run Creek Site #1 (BR01),09/12/2007 10:10:00,AMBIENT,NIT-NO3-NO2,Inorganic nitrogen (nitrate and nitrite) (as N),Total,,6.8,mg/l,True,0.05,,,353.2,UHL001,Actual,SW,Water,,,Clayton,07060001,River/Stream,,43.0404991,-91.2055504
6,10220003,Bloody Run Creek Site #1 (BR01),07/12/2007 09:20:00,AMBIENT,NIT-NO3-NO2,Inorganic nitrogen (nitrate and nitrite) (as N),Total,,5.2,mg/l,True,0.05,,,353.2,UHL001,Actual,SW,Water,,,Clayton,07060001,River/Stream,,43.0404991,-91.2055504
6,10220003,Bloody Run Creek Site #1 (BR01),08/05/2010 10:00:00,AMBIENT,NIT-NO3-NO2,Inorganic nitrogen (nitrate and nitrite) (as N),Total,,7.1,mg/l,True,0.1,,,353.2,UHL001,Actual,SW,Water,,,Clayton,07060001,River/Stream,,43.0404991,-91.2055504
6,10220003,Bloody Run Creek Site #1 (BR01),07/07/2010 10:15:00,AMBIENT,NIT-NO3-NO2,Inorganic nitrogen (nitrate and nitrite) (as N),Total,,7.4,mg/l,True,0.1,,,353.2,UHL001,Actual,SW,Water,,,Clayton,07060001,River/Stream,,43.0404991,-91.2055504
6,10220003,Bloody Run Creek Site #1 (BR01),04/05/2010 10:00:00,AMBIENT,NIT-NO3-NO2,Inorganic nitrogen (nitrate and nitrite) (as N),Total,,5.9,mg/l,True,0.1,,,353.2,UHL001,Actual,SW,Water,,,Clayton,07060001,River/Stream,,43.0404991,-91.2055504
6,10220003,Bloody Run Creek Site #1 (BR01),10/08/2009 10:20:00,AMBIENT,NIT-NO3-NO2,Inorganic nitrogen (nitrate and nitrite) (as N),Total,,5.5,mg/l,True,0.1,,,353.2,UHL001,Actual,SW,Water,,,Clayton,07060001,River/Stream,,43.0404991,-91.2055504
6,10220003,Bloody Run Creek Site #1 (BR01),11/05/2009 10:30:00,AMBIENT,NIT-NO3-NO2,Inorganic nitrogen (nitrate and nitrite) (as N),Total,,6.5,mg/l,True,0.1,,,353.2,UHL001,Actual,SW,Water,,,Clayton,07060001,River/Stream,,43.0404991,-91.2055504
6,10220003,Bloody Run Creek Site #1 (BR01),08/11/2009 11:45:00,AMBIENT,NIT-NO3-NO2,Inorganic nitrogen (nitrate and nitrite) (as N),Total,,5.5,mg/l,True,0.05,,,353.2,UHL001,Actual,SW,Water,,,Clayton,07060001,River/Stream,,43.0404991,-91.2055504
6,10220003,Bloody Run Creek Site #1 (BR01),04/10/2007 09:40:00,AMBIENT,NIT-NO3-NO2,Inorganic nitrogen (nitrate and nitrite) (as N),Total,,7.4,mg/l,True,0.05,,,353.2,UHL001,Actual,SW,Water,,,Clayton,07060001,River/Stream,,43.0404991,-91.2055504
6,10220003,Bloody Run Creek Site #1 (BR01),12/07/2006 09:30:00,AMBIENT,NIT-NO3-NO2,Inorganic nitrogen (nitrate and nitrite) (as N),Total,,5.4,mg/l,True,0.05,,,353.2,UHL001,Actual,SW,Water,,,Clayton,07060001,River/Stream,,43.0404991,-91.2055504
6,10220003,Bloody Run Creek Site #1 (BR01),11/08/2006 09:45:00,AMBIENT,NIT-NO3-NO2,Inorganic nitrogen (nitrate and nitrite) (as N),Total,,5.3,mg/l,True,0.05,,,353.2,UHL001,Actual,SW,Water,,,Clayton,07060001,River/Stream,,43.0404991,-91.2055504
6,10220003,Bloody Run Creek Site #1 (BR01),09/07/2006 10:50:00,AMBIENT,NIT-NO3-NO2,Inorganic nitrogen (nitrate and nitrite) (as N),Total,,4.4,mg/l,True,0.05,,,353.2,UHL001,Actual,SW,Water,,,Clayton,07060001,River/Stream,,43.0404991,-91.2055504
6,10220003,Bloody Run Creek Site #1 (BR01),07/06/2006 12:05:00,AMBIENT,NIT-NO3-NO2,Inorganic nitrogen (nitrate and nitrite) (as N),Total,,4.1,mg/l,True,0.05,,,353.2,UHL001,Actual,SW,Water,,,Clayton,07060001,River/Stream,,43.0404991,-91.2055504
6,10220003,Bloody Run Creek Site #1 (BR01),06/05/2006 09:00:00,AMBIENT,NIT-NO3-NO2,Inorganic nitrogen (nitrate and nitrite) (as N),Total,,3.9,mg/l,True,0.05,,,353.2,UHL001,Actual,SW,Water,,,Clayton,07060001,River/Stream,,43.0404991,-91.2055504
6,10220003,Bloody Run Creek Site #1 (BR01),05/02/2006 09:40:00,AMBIENT,NIT-NO3-NO2,Inorganic nitrogen (nitrate and nitrite) (as N),Total,,5.1,mg/l,True,0.05,,,353.2,UHL001,Actual,SW,Water,,,Clayton,07060001,River/Stream,,43.0404991,-91.2055504
6,10220003,Bloody Run Creek Site #1 (BR01),04/04/2006 10:00:00,AMBIENT,NIT-NO3-NO2,Inorganic nitrogen (nitrate and nitrite) (as N),Total,,4.5,mg/l,True,0.05,,,353.2,UHL001,Actual,SW,Water,,,Clayton,07060001,River/Stream,,43.0404991,-91.2055504
6,10220003,Bloody Run Creek Site #1 (BR01),02/07/2006 09:30:00,AMBIENT,NIT-NO3-NO2,Inorganic nitrogen (nitrate and nitrite) (as N),Total,,4.3,mg/l,True,0.05,,,353.2,UHL001,Actual,SW,Water,,,Clayton,07060001,River/Stream,,43.0404991,-91.2055504
6,10220003,Bloody Run Creek Site #1 (BR01),08/02/2005 14:00:00,AMBIENT,NIT-NO3-NO2,Inorganic nitrogen (nitrate and nitrite) (as N),Total,,3.5,mg/l,True,0.05,,,353.2,UHL001,Actual,SW,Water,,,Clayton,07060001,River/Stream,,43.0404991,-91.2055504
6,10220003,Bloody Run Creek Site #1 (BR01),11/01/2005 09:15:00,AMBIENT,NIT-NO3-NO2,Inorganic nitrogen (nitrate and nitrite) (as N),Total,,4.1,mg/l,True,0.05,,,353.2,UHL001,Actual,SW,Water,,,Clayton,07060001,River/Stream,,43.0404991,-91.2055504
6,10220003,Bloody Run Creek Site #1 (BR01),07/06/2005 10:20:00,AMBIENT,NIT-NO3-NO2,Inorganic nitrogen (nitrate and nitrite) (as N),Total,,3.7,mg/l,True,0.05,,,353.2,UHL001,Actual,SW,Water,,,Clayton,07060001,River/Stream,,43.0404991,-91.2055504
6,10220003,Bloody Run Creek Site #1 (BR01),05/03/2005 11:10:00,AMBIENT,NIT-NO3-NO2,Inorganic nitrogen (nitrate and nitrite) (as N),Total,,4,mg/l,True,0.05,,,353.2,UHL001,Actual,SW,Water,,,Clayton,07060001,River/Stream,,43.0404991,-91.2055504
6,10220003,Bloody Run Creek Site #1 (BR01),01/11/2005 11:10:00,AMBIENT,NIT-NO3-NO2,Inorganic nitrogen (nitrate and nitrite) (as N),Total,,4.9,mg/l,True,0.05,,,353.2,UHL001,Actual,SW,Water,,,Clayton,07060001,River/Stream,,43.0404991,-91.2055504
6,10220003,Bloody Run Creek Site #1 (BR01),08/06/2002 09:45:00,AMBIENT,NIT-NO3-NO2,Inorganic nitrogen (nitrate and nitrite) (as N),Total,,5.3,mg/l,True,0.1,,,Unknown,UHL001,Actual,SW,Water,,,Clayton,07060001,River/Stream,,43.0404991,-91.2055504
6,10220003,Bloody Run Creek Site #1 (BR01),09/24/1996 13:10:00,SNY319,NIT-NO3-NO2,Inorganic nitrogen (nitrate and nitrite) (as N),Total,,5.1,mg/l,True,0.1,,,Unknown,SNY001,Actual,SW,Water,,,Clayton,07060001,River/Stream,,43.0404991,-91.2055504
6,10220003,Bloody Run Creek Site #1 (BR01),07/01/2002 12:40:00,AMBIENT,NIT-NO3-NO2,Inorganic nitrogen (nitrate and nitrite) (as N),Total,,5.5,mg/l,True,0.1,,,Unknown,UHL001,Actual,SW,Water,,,Clayton,07060001,River/Stream,,43.0404991,-91.2055504
6,10220003,Bloody Run Creek Site #1 (BR01),12/03/2002 10:10:00,AMBIENT,NIT-NO3-NO2,Inorganic nitrogen (nitrate and nitrite) (as N),Total,,5.8,mg/l,True,0.1,,,353.2,UHL001,Actual,SW,Water,,,Clayton,07060001,River/Stream,,43.0404991,-91.2055504
6,10220003,Bloody Run Creek Site #1 (BR01),09/11/2002 10:00:00,AMBIENT,NIT-NO3-NO2,Inorganic nitrogen (nitrate and nitrite) (as N),Total,,5.6,mg/l,True,0.1,,,Unknown,UHL001,Actual,SW,Water,,,Clayton,07060001,River/Stream,,43.0404991,-91.2055504
6,10220003,Bloody Run Creek Site #1 (BR01),04/02/2002 09:45:00,AMBIENT,NIT-NO3-NO2,Inorganic nitrogen (nitrate and nitrite) (as N),Total,,6.2,mg/l,True,0.1,,,Unknown,UHL001,Actual,SW,Water,,,Clayton,07060001,River/Stream,,43.0404991,-91.2055504
6,10220003,Bloody Run Creek Site #1 (BR01),12/04/2001 09:50:00,AMBIENT,NIT-NO3-NO2,Inorganic nitrogen (nitrate and nitrite) (as N),Total,,7.1,mg/l,True,0.1,,,Unknown,UHL001,Actual,SW,Water,,,Clayton,07060001,River/Stream,,43.0404991,-91.2055504
6,10220003,Bloody Run Creek Site #1 (BR01),07/02/1996 10:00:00,SNY319,NIT-NO3-NO2,Inorganic nitrogen (nitrate and nitrite) (as N),Total,,5,mg/l,True,0.1,,,Unknown,SNY001,Actual,SW,Water,,,Clayton,07060001,River/Stream,,43.0404991,-91.2055504
6,10220003,Bloody Run Creek Site #1 (BR01),07/16/1996 10:00:00,SNY319,NIT-NO3-NO2,Inorganic nitrogen (nitrate and nitrite) (as N),Total,,5.2,mg/l,True,0.1,,,Unknown,SNY001,Actual,SW,Water,,,Clayton,07060001,River/Stream,,43.0404991,-91.2055504
6,10220003,Bloody Run Creek Site #1 (BR01),07/23/1996 11:20:00,SNY319,NIT-NO3-NO2,Inorganic nitrogen (nitrate and nitrite) (as N),Total,,5,mg/l,True,0.1,,,Unknown,SNY001,Actual,SW,Water,,,Clayton,07060001,River/Stream,,43.0404991,-91.2055504
6,10220003,Bloody Run Creek Site #1 (BR01),08/13/1996 11:35:00,SNY319,NIT-NO3-NO2,Inorganic nitrogen (nitrate and nitrite) (as N),Total,,4.8,mg/l,True,0.1,,,Unknown,SNY001,Actual,SW,Water,,,Clayton,07060001,River/Stream,,43.0404991,-91.2055504
6,10220003,Bloody Run Creek Site #1 (BR01),09/03/1996 11:25:00,SNY319,NIT-NO3-NO2,Inorganic nitrogen (nitrate and nitrite) (as N),Total,,4.8,mg/l,True,0.1,,,Unknown,SNY001,Actual,SW,Water,,,Clayton,07060001,River/Stream,,43.0404991,-91.2055504
6,10220003,Bloody Run Creek Site #1 (BR01),11/09/2004 10:55:00,AMBIENT,NIT-NO3-NO2,Inorganic nitrogen (nitrate and nitrite) (as N),Total,,4.4,mg/l,True,0.05,,,353.2,UHL001,Actual,SW,Water,,,Clayton,07060001,River/Stream,,43.0404991,-91.2055504
6,10220003,Bloody Run Creek Site #1 (BR01),12/07/2004 10:10:00,AMBIENT,NIT-NO3-NO2,Inorganic nitrogen (nitrate and nitrite) (as N),Total,,5.1,mg/l,True,0.05,,,353.2,UHL001,Actual,SW,Water,,,Clayton,07060001,River/Stream,,43.0404991,-91.2055504
6,10220003,Bloody Run Creek Site #1 (BR01),10/05/2004 10:00:00,AMBIENT,NIT-NO3-NO2,Inorganic nitrogen (nitrate and nitrite) (as N),Total,,4.3,mg/l,True,0.05,,,353.2,UHL001,Actual,SW,Water,,,Clayton,07060001,River/Stream,,43.0404991,-91.2055504
6,10220003,Bloody Run Creek Site #1 (BR01),08/03/2004 10:55:00,AMBIENT,NIT-NO3-NO2,Inorganic nitrogen (nitrate and nitrite) (as N),Total,,4.8,mg/l,True,0.05,,,353.2,UHL001,Actual,SW,Water,,,Clayton,07060001,River/Stream,,43.0404991,-91.2055504
6,10220003,Bloody Run Creek Site #1 (BR01),05/04/2004 10:45:00,AMBIENT,NIT-NO3-NO2,Inorganic nitrogen (nitrate and nitrite) (as N),Total,,4.4,mg/l,True,0.05,,,353.2,UHL001,Actual,SW,Water,,,Clayton,07060001,River/Stream,,43.0404991,-91.2055504
6,10220003,Bloody Run Creek Site #1 (BR01),03/02/2004 10:20:00,AMBIENT,NIT-NO3-NO2,Inorganic nitrogen (nitrate and nitrite) (as N),Total,,4.3,mg/l,True,0.05,,,353.2,UHL001,Actual,SW,Water,,,Clayton,07060001,River/Stream,,43.0404991,-91.2055504
6,10220003,Bloody Run Creek Site #1 (BR01),02/03/2004 11:45:00,AMBIENT,NIT-NO3-NO2,Inorganic nitrogen (nitrate and nitrite) (as N),Total,,5.5,mg/l,True,0.1,,,353.2,UHL001,Actual,SW,Water,,,Clayton,07060001,River/Stream,,43.0404991,-91.2055504
6,10220003,Bloody Run Creek Site #1 (BR01),09/02/2003 11:30:00,AMBIENT,NIT-NO3-NO2,Inorganic nitrogen (nitrate and nitrite) (as N),Total,,4.8,mg/l,True,0.1,,,353.2,UHL001,Actual,SW,Water,,,Clayton,07060001,River/Stream,,43.0404991,-91.2055504
6,10220003,Bloody Run Creek Site #1 (BR01),12/02/2003 10:00:00,AMBIENT,NIT-NO3-NO2,Inorganic nitrogen (nitrate and nitrite) (as N),Total,,5.3,mg/l,True,0.1,,,353.2,UHL001,Actual,SW,Water,,,Clayton,07060001,River/Stream,,43.0404991,-91.2055504
6,10220003,Bloody Run Creek Site #1 (BR01),11/04/2003 13:35:00,AMBIENT,NIT-NO3-NO2,Inorganic nitrogen (nitrate and nitrite) (as N),Total,,5.5,mg/l,True,0.1,,,353.2,UHL001,Actual,SW,Water,,,Clayton,07060001,River/Stream,,43.0404991,-91.2055504
6,10220003,Bloody Run Creek Site #1 (BR01),10/07/2003 10:10:00,AMBIENT,NIT-NO3-NO2,Inorganic nitrogen (nitrate and nitrite) (as N),Total,,5,mg/l,True,0.1,,,353.2,UHL001,Actual,SW,Water,,,Clayton,07060001,River/Stream,,43.0404991,-91.2055504
6,10220003,Bloody Run Creek Site #1 (BR01),11/05/2002 13:40:00,AMBIENT,NIT-NO3-NO2,Inorganic nitrogen (nitrate and nitrite) (as N),Total,,6.1,mg/l,True,0.1,,,353.2,UHL001,Actual,SW,Water,,,Clayton,07060001,River/Stream,,43.0404991,-91.2055504
6,10220003,Bloody Run Creek Site #1 (BR01),06/03/2003 10:30:00,AMBIENT,NIT-NO3-NO2,Inorganic nitrogen (nitrate and nitrite) (as N),Total,,4.6,mg/l,True,0.1,,,353.2,UHL001,Actual,SW,Water,,,Clayton,07060001,River/Stream,,43.0404991,-91.2055504
6,10220003,Bloody Run Creek Site #1 (BR01),08/05/2003 09:45:00,AMBIENT,NIT-NO3-NO2,Inorganic nitrogen (nitrate and nitrite) (as N),Total,,4.6,mg/l,True,0.1,,,353.2,UHL001,Actual,SW,Water,,,Clayton,07060001,River/Stream,,43.0404991,-91.2055504
6,10220003,Bloody Run Creek Site #1 (BR01),02/04/2003 10:40:00,AMBIENT,NIT-NO3-NO2,Inorganic nitrogen (nitrate and nitrite) (as N),Total,,6,mg/l,True,0.1,,,353.2,UHL001,Actual,SW,Water,,,Clayton,07060001,River/Stream,,43.0404991,-91.2055504
6,10220003,Bloody Run Creek Site #1 (BR01),04/01/2003 10:00:00,AMBIENT,NIT-NO3-NO2,Inorganic nitrogen (nitrate and nitrite) (as N),Total,,5.2,mg/l,True,0.1,,,353.2,UHL001,Actual,SW,Water,,,Clayton,07060001,River/Stream,,43.0404991,-91.2055504
6,10220003,Bloody Run Creek Site #1 (BR01),09/01/2016 09:50:00,AMBIENT,NIT-NO3-NO2,Inorganic nitrogen (nitrate and nitrite) (AS N),Total,,7,mg/l,True,0.1,,,LAC10-107-04-1J,UHL001,Actual,SW,Water,,,Clayton,07060001,River/Stream,,43.0404991,-91.2055504
6,10220003,Bloody Run Creek Site #1 (BR01),10/03/2016 08:50:00,AMBIENT,NIT-NO3-NO2,Inorganic nitrogen (nitrate and nitrite) (AS N),Total,,7.4,mg/l,True,0.1,,,LAC10-107-04-1J,UHL001,Actual,SW,Water,,,Clayton,07060001,River/Stream,,43.0404991,-91.2055504
6,10220003,Bloody Run Creek Site #1 (BR01),07/06/2016 10:50:00,AMBIENT,NIT-NO3-NO2,Inorganic nitrogen (nitrate and nitrite) (AS N),Total,,6.9,mg/l,True,0.1,,,LAC10-107-04-1J,UHL001,Actual,SW,Water,,,Clayton,07060001,River/Stream,,43.0404991,-91.2055504
6,10220003,Bloody Run Creek Site #1 (BR01),08/03/2016 10:00:00,AMBIENT,NIT-NO3-NO2,Inorganic nitrogen (nitrate and nitrite) (AS N),Total,,6.6,mg/l,True,0.1,,,LAC10-107-04-1J,UHL001,Actual,SW,Water,,,Clayton,07060001,River/Stream,,43.0404991,-91.2055504
6,10220003,Bloody Run Creek Site #1 (BR01),05/04/2016 10:05:00,AMBIENT,NIT-NO3-NO2,Inorganic nitrogen (nitrate and nitrite) (AS N),Total,,5.9,mg/l,True,0.1,,,LAC10-107-04-1J,UHL001,Actual,SW,Water,,,Clayton,07060001,River/Stream,,43.0404991,-91.2055504
6,10220003,Bloody Run Creek Site #1 (BR01),06/02/2016 10:10:00,AMBIENT,NIT-NO3-NO2,Inorganic nitrogen (nitrate and nitrite) (AS N),Total,,5.4,mg/l,True,0.1,,,LAC10-107-04-1J,UHL001,Actual,SW,Water,,,Clayton,07060001,River/Stream,,43.0404991,-91.2055504
6,10220003,Bloody Run Creek Site #1 (BR01),03/08/2016 08:30:00,AMBIENT,NIT-NO3-NO2,Inorganic nitrogen (nitrate and nitrite) (AS N),Total,,6.6,mg/l,True,0.1,,,LAC10-107-04-1J,UHL001,Actual,SW,Water,,,Clayton,07060001,River/Stream,,43.0404991,-91.2055504
6,10220003,Bloody Run Creek Site #1 (BR01),04/06/2016 08:40:00,AMBIENT,NIT-NO3-NO2,Inorganic nitrogen (nitrate and nitrite) (AS N),Total,,6.6,mg/l,True,0.1,,,LAC10-107-04-1J,UHL001,Actual,SW,Water,,,Clayton,07060001,River/Stream,,43.0404991,-91.2055504
6,10220003,Bloody Run Creek Site #1 (BR01),01/11/2016 10:50:00,AMBIENT,NIT-NO3-NO2,Inorganic nitrogen (nitrate and nitrite) (AS N),Total,,6.9,mg/l,True,0.1,,,LAC10-107-04-1J,UHL001,Actual,SW,Water,,,Clayton,07060001,River/Stream,,43.0404991,-91.2055504
6,10220003,Bloody Run Creek Site #1 (BR01),02/04/2016 10:50:00,AMBIENT,NIT-NO3-NO2,Inorganic nitrogen (nitrate and nitrite) (AS N),Total,,6.3,mg/l,True,0.1,,,LAC10-107-04-1J,UHL001,Actual,SW,Water,,,Clayton,07060001,River/Stream,,43.0404991,-91.2055504
6,10220003,Bloody Run Creek Site #1 (BR01),11/09/2015 09:45:00,AMBIENT,NIT-NO3-NO2,Inorganic nitrogen (nitrate and nitrite) (AS N),Total,,5.6,mg/l,True,0.1,,,LAC10-107-04-1J,UHL001,Actual,SW,Water,,,Clayton,07060001,River/Stream,,43.0404991,-91.2055504
6,10220003,Bloody Run Creek Site #1 (BR01),10/08/2015 09:00:00,AMBIENT,NIT-NO3-NO2,Inorganic nitrogen (nitrate and nitrite) (AS N),Total,,5.3,mg/l,True,0.1,,,LAC10-107-04-1J,UHL001,Actual,SW,Water,,,Clayton,07060001,River/Stream,,43.0404991,-91.2055504
6,10220003,Bloody Run Creek Site #1 (BR01),09/02/2015 11:15:00,AMBIENT,NIT-NO3-NO2,Inorganic nitrogen (nitrate and nitrite) (AS N),Total,,5.2,mg/l,True,0.1,,,LAC10-107-04-1J,UHL001,Actual,SW,Water,,,Clayton,07060001,River/Stream,,43.0404991,-91.2055504
6,10220003,Bloody Run Creek Site #1 (BR01),12/02/2015 10:00:00,AMBIENT,NIT-NO3-NO2,Inorganic nitrogen (nitrate and nitrite) (AS N),Total,,6.1,mg/l,True,0.1,,,LAC10-107-04-1J,UHL001,Actual,SW,Water,,,Clayton,07060001,River/Stream,,43.0404991,-91.2055504
6,11220008,Volga River at Littleport (32),05/07/2014 08:05:00,TURKEYR,NIT-NO3-NO2,Inorganic nitrogen (nitrate and nitrite) (AS N),Total,,8.7,mg/l,True,0.1,,,LAC10-107-04-1J,UHL001,Actual,SW,Water,,,Clayton,07060004,River/Stream,,42.7536427,-91.3691492
6,11220008,Volga River at Littleport (32),11/05/2014 11:07:00,TURKEYR,NIT-NO3-NO2,Inorganic nitrogen (nitrate and nitrite) (AS N),Total,,3.6,mg/l,True,0.1,,,LAC10-107-04-1J,UHL001,Actual,SW,Water,,,Clayton,07060004,River/Stream,,42.7536427,-91.3691492
6,11220008,Volga River at Littleport (32),10/01/2014 09:41:00,TURKEYR,NIT-NO3-NO2,Inorganic nitrogen (nitrate and nitrite) (AS N),Total,,2.7,mg/l,True,0.1,,,LAC10-107-04-1J,UHL001,Actual,SW,Water,,,Clayton,07060004,River/Stream,,42.7536427,-91.3691492
6,11220008,Volga River at Littleport (32),09/03/2014 11:03:00,TURKEYR,NIT-NO3-NO2,Inorganic nitrogen (nitrate and nitrite) (AS N),Total,,2.8,mg/l,True,0.1,,,LAC10-107-04-1J,UHL001,Actual,SW,Water,,,Clayton,07060004,River/Stream,,42.7536427,-91.3691492
6,11220008,Volga River at Littleport (32),07/09/2014 09:46:00,TURKEYR,NIT-NO3-NO2,Inorganic nitrogen (nitrate and nitrite) (AS N),Total,,8.4,mg/l,True,0.1,,,LAC10-107-04-1J,UHL001,Actual,SW,Water,,,Clayton,07060004,River/Stream,,42.7536427,-91.3691492
6,11220008,Volga River at Littleport (32),06/04/2014 11:22:00,TURKEYR,NIT-NO3-NO2,Inorganic nitrogen (nitrate and nitrite) (AS N),Total,,5.4,mg/l,True,0.1,,,LAC10-107-04-1J,UHL001,Actual,SW,Water,,,Clayton,07060004,River/Stream,,42.7536427,-91.3691492
6,11220008,Volga River at Littleport (32),04/02/2014 11:14:00,TURKEYR,NIT-NO3-NO2,Inorganic nitrogen (nitrate and nitrite) (AS N),Total,,3.4,mg/l,True,0.1,,,LAC10-107-04-1J,UHL001,Actual,SW,Water,,,Clayton,07060004,River/Stream,,42.7536427,-91.3691492
6,11220008,Volga River at Littleport (32),08/06/2014 10:23:00,TURKEYR,NIT-NO3-NO2,Inorganic nitrogen (nitrate and nitrite) (AS N),Total,,3.8,mg/l,True,0.1,,,LAC10-107-04-1J,UHL001,Actual,SW,Water,,,Clayton,07060004,River/Stream,,42.7536427,-91.3691492
6,10220003,Bloody Run Creek Site #1 (BR01),04/02/2015 08:35:00,AMBIENT,NIT-NO3-NO2,Inorganic nitrogen (nitrate and nitrite) (AS N),Total,,6.1,mg/l,True,0.1,,,LAC10-107-04-1J,UHL001,Actual,SW,Water,,,Clayton,07060001,River/Stream,,43.0404991,-91.2055504
6,10220003,Bloody Run Creek Site #1 (BR01),08/03/2015 09:00:00,AMBIENT,NIT-NO3-NO2,Inorganic nitrogen (nitrate and nitrite) (AS N),Total,,5,mg/l,True,0.1,,,LAC10-107-04-1J,UHL001,Actual,SW,Water,,,Clayton,07060001,River/Stream,,43.0404991,-91.2055504
6,10220003,Bloody Run Creek Site #1 (BR01),07/02/2015 07:50:00,AMBIENT,NIT-NO3-NO2,Inorganic nitrogen (nitrate and nitrite) (AS N),Total,,6,mg/l,True,0.1,,,LAC10-107-04-1J,UHL001,Actual,SW,Water,,,Clayton,07060001,River/Stream,,43.0404991,-91.2055504
6,10220003,Bloody Run Creek Site #1 (BR01),09/03/2014 10:00:00,AMBIENT,NIT-NO3-NO2,Inorganic nitrogen (nitrate and nitrite) (AS N),Total,,5.8,mg/l,True,0.1,,,LAC10-107-04-1J,UHL001,Actual,SW,Water,,,Clayton,07060001,River/Stream,,43.0404991,-91.2055504
6,10220003,Bloody Run Creek Site #1 (BR01),12/03/2014 08:50:00,AMBIENT,NIT-NO3-NO2,Inorganic nitrogen (nitrate and nitrite) (AS N),Total,,6.8,mg/l,True,0.1,,,LAC10-107-04-1J,UHL001,Actual,SW,Water,,,Clayton,07060001,River/Stream,,43.0404991,-91.2055504
6,11220008,Volga River at Littleport (32),08/07/2013 10:30:00,TURKEYR,NIT-NO3-NO2,Inorganic nitrogen (nitrate and nitrite) (AS N),Total,,3.6,mg/l,True,0.1,,,LAC10-107-04-1J,UHL001,Actual,SW,Water,,,Clayton,07060004,River/Stream,,42.7536427,-91.3691492
6,11220008,Volga River at Littleport (32),11/06/2013 10:43:00,TURKEYR,NIT-NO3-NO2,Inorganic nitrogen (nitrate and nitrite) (AS N),Total,,3.3,mg/l,True,0.1,,,LAC10-107-04-1J,UHL001,Actual,SW,Water,,,Clayton,07060004,River/Stream,,42.7536427,-91.3691492
6,10220003,Bloody Run Creek Site #1 (BR01),03/03/2014 10:25:00,AMBIENT,NIT-NO3-NO2,Inorganic nitrogen (nitrate and nitrite) (AS N),Total,,5.5,mg/l,True,0.1,,,LAC10-107-04-1J,UHL001,Actual,SW,Water,,,Clayton,07060001,River/Stream,,43.0404991,-91.2055504
6,10220003,Bloody Run Creek Site #1 (BR01),04/01/2014 08:40:00,AMBIENT,NIT-NO3-NO2,Inorganic nitrogen (nitrate and nitrite) (AS N),Total,,6.1,mg/l,True,0.1,,,LAC10-107-04-1J,UHL001,Actual,SW,Water,,,Clayton,07060001,River/Stream,,43.0404991,-91.2055504
6,10220003,Bloody Run Creek Site #1 (BR01),02/04/2014 09:10:00,AMBIENT,NIT-NO3-NO2,Inorganic nitrogen (nitrate and nitrite) (AS N),Total,,6,mg/l,True,0.1,,,LAC10-107-04-1J,UHL001,Actual,SW,Water,,,Clayton,07060001,River/Stream,,43.0404991,-91.2055504
6,10220003,Bloody Run Creek Site #1 (BR01),08/04/2014 10:30:00,AMBIENT,NIT-NO3-NO2,Inorganic nitrogen (nitrate and nitrite) (AS N),Total,,6,mg/l,True,0.1,,,LAC10-107-04-1J,UHL001,Actual,SW,Water,,,Clayton,07060001,River/Stream,,43.0404991,-91.2055504
6,10220003,Bloody Run Creek Site #1 (BR01),11/06/2013 09:00:00,AMBIENT,NIT-NO3-NO2,Inorganic nitrogen (nitrate and nitrite) (AS N),Total,,6.5,mg/l,True,0.1,,,LAC10-107-04-1J,UHL001,Actual,SW,Water,,,Clayton,07060001,River/Stream,,43.0404991,-91.2055504
6,10220003,Bloody Run Creek Site #1 (BR01),12/05/2013 10:15:00,AMBIENT,NIT-NO3-NO2,Inorganic nitrogen (nitrate and nitrite) (AS N),Total,,6.1,mg/l,True,0.1,,,LAC10-107-04-1J,UHL001,Actual,SW,Water,,,Clayton,07060001,River/Stream,,43.0404991,-91.2055504
6,10220003,Bloody Run Creek Site #1 (BR01),03/07/2013 09:50:00,AMBIENT,NIT-NO3-NO2,Inorganic nitrogen (nitrate and nitrite) (AS N),Total,,5.6,mg/l,True,0.1,,,LAC10-107-04-1J,UHL001,Actual,SW,Water,,,Clayton,07060001,River/Stream,,43.0404991,-91.2055504
6,10220003,Bloody Run Creek Site #1 (BR01),05/02/2013 11:15:00,AMBIENT,NIT-NO3-NO2,Inorganic nitrogen (nitrate and nitrite) (AS N),Total,,5.4,mg/l,True,0.1,,,LAC10-107-04-1J,UHL001,Actual,SW,Water,,,Clayton,07060001,River/Stream,,43.0404991,-91.2055504
6,10220003,Bloody Run Creek Site #1 (BR01),02/07/2013 11:15:00,AMBIENT,NIT-NO3-NO2,Inorganic nitrogen (nitrate and nitrite) (AS N),Total,,5.8,mg/l,True,0.1,,,LAC10-107-04-1J,UHL001,Actual,SW,Water,,,Clayton,07060001,River/Stream,,43.0404991,-91.2055504
6,11220008,Volga River at Littleport (32),10/03/2012 10:23:00,TURKEYR,NIT-NO3-NO2,Inorganic nitrogen (nitrate and nitrite) (as N),Total,,1.7,mg/l,True,0.1,,,LAC10-107-04-1J,IGS-GRAB,Actual,SW,Water,,,Clayton,07060004,River/Stream,,42.7536427,-91.3691492
6,11220008,Volga River at Littleport (32),08/01/2012 07:36:00,TURKEYR,NIT-NO3-NO2,Inorganic nitrogen (nitrate and nitrite) (as N),Total,,2,mg/l,True,0.1,,,LAC10-107-04-1J,IGS-GRAB,Actual,SW,Water,,,Clayton,07060004,River/Stream,,42.7536427,-91.3691492
6,10220003,Bloody Run Creek Site #1 (BR01),12/04/2012 10:45:00,AMBIENT,NIT-NO3-NO2,Inorganic nitrogen (nitrate and nitrite) (as N),Total,,6.3,mg/l,True,0.1,,,LAC10-107-04-1J,UHL001,Actual,SW,Water,,,Clayton,07060001,River/Stream,,43.0404991,-91.2055504
6,10220003,Bloody Run Creek Site #1 (BR01),10/03/2012 10:20:00,AMBIENT,NIT-NO3-NO2,Inorganic nitrogen (nitrate and nitrite) (as N),Total,,5.2,mg/l,True,0.1,,,LAC10-107-04-1J,UHL001,Actual,SW,Water,,,Clayton,07060001,River/Stream,,43.0404991,-91.2055504
6,11220008,Volga River at Littleport (32),04/04/2012 10:09:00,TURKEYR,NIT-NO3-NO2,Inorganic nitrogen (nitrate and nitrite) (as N),Total,,5,mg/l,True,0.1,,,LAC10-107-04-1J,IGS-GRAB,Actual,SW,Water,,,Clayton,07060004,River/Stream,,42.7536427,-91.3691492
6,11220008,Volga River at Littleport (32),09/05/2012 10:31:00,TURKEYR,NIT-NO3-NO2,Inorganic nitrogen (nitrate and nitrite) (as N),Total,,0.82,mg/l,True,0.1,,,LAC10-107-04-1J,IGS-GRAB,Actual,SW,Water,,,Clayton,07060004,River/Stream,,42.7536427,-91.3691492
6,11220008,Volga River at Littleport (32),07/02/2012 09:00:00,TURKEYR,NIT-NO3-NO2,Inorganic nitrogen (nitrate and nitrite) (as N),Total,,2.7,mg/l,True,0.1,,,LAC10-107-04-1J,IGS-GRAB,Actual,SW,Water,,,Clayton,07060004,River/Stream,,42.7536427,-91.3691492
6,10220003,Bloody Run Creek Site #1 (BR01),09/10/2012 10:10:00,AMBIENT,NIT-NO3-NO2,Inorganic nitrogen (nitrate and nitrite) (as N),Total,,5.1,mg/l,True,0.1,,,LAC10-107-04-1J,UHL001,Actual,SW,Water,,,Clayton,07060001,River/Stream,,43.0404991,-91.2055504
6,11220008,Volga River at Littleport (32),11/02/2011 11:50:00,TURKEYR,NIT-NO3-NO2,Inorganic nitrogen (nitrate and nitrite) (as N),Total,,3.3,mg/l,True,0.1,,,353.2,IGS-GRAB,Actual,SW,Water,,,Clayton,07060004,River/Stream,,42.7536427,-91.3691492
6,10220003,Bloody Run Creek Site #1 (BR01),08/01/2012 10:45:00,AMBIENT,NIT-NO3-NO2,Inorganic nitrogen (nitrate and nitrite) (as N),Total,,4.8,mg/l,True,0.1,,,LAC10-107-04-1J,UHL001,Actual,SW,Water,,,Clayton,07060001,River/Stream,,43.0404991,-91.2055504
6,11220008,Volga River at Littleport (32),09/07/2011 08:40:00,TURKEYR,NIT-NO3-NO2,Inorganic nitrogen (nitrate and nitrite) (as N),Total,,6.2,mg/l,True,0.1,,,353.2,IGS-GRAB,Actual,SW,Water,,,Clayton,07060004,River/Stream,,42.7536427,-91.3691492
6,11220009,Bear Creek W of Elkport (37),11/02/2011 12:12:00,TURKEYR,NIT-NO3-NO2,Inorganic nitrogen (nitrate and nitrite) (as N),Total,,2.3,mg/l,True,0.1,,,353.2,IGS-GRAB,Actual,SW,Water,,,Clayton,07060004,River/Stream,,42.7369562,-91.3245041
6,11220009,Bear Creek W of Elkport (37),09/07/2011 09:20:00,TURKEYR,NIT-NO3-NO2,Inorganic nitrogen (nitrate and nitrite) (as N),Total,,2.6,mg/l,True,0.1,,,353.2,IGS-GRAB,Actual,SW,Water,,,Clayton,07060004,River/Stream,,42.7369562,-91.3245041
6,11220008,Volga River at Littleport (32),07/06/2011 10:36:00,TURKEYR,NIT-NO3-NO2,Inorganic nitrogen (nitrate and nitrite) (as N),Total,,4.5,mg/l,True,0.1,,,353.2,IGS-GRAB,Actual,SW,Water,,,Clayton,07060004,River/Stream,,42.7536427,-91.3691492
6,10220003,Bloody Run Creek Site #1 (BR01),08/03/2011 10:00:00,AMBIENT,NIT-NO3-NO2,Inorganic nitrogen (nitrate and nitrite) (as N),Total,,6.8,mg/l,True,0.1,,,353.2,UHL001,Actual,SW,Water,,,Clayton,07060001,River/Stream,,43.0404991,-91.2055504
6,10220003,Bloody Run Creek Site #1 (BR01),07/05/2011 10:30:00,AMBIENT,NIT-NO3-NO2,Inorganic nitrogen (nitrate and nitrite) (as N),Total,,7,mg/l,True,0.1,,,353.2,UHL001,Actual,SW,Water,,,Clayton,07060001,River/Stream,,43.0404991,-91.2055504
6,10220003,Bloody Run Creek Site #1 (BR01),06/08/2011 10:00:00,AMBIENT,NIT-NO3-NO2,Inorganic nitrogen (nitrate and nitrite) (as N),Total,,7.1,mg/l,True,0.1,,,353.2,UHL001,Actual,SW,Water,,,Clayton,07060001,River/Stream,,43.0404991,-91.2055504
6,10220003,Bloody Run Creek Site #1 (BR01),04/04/2011 09:45:00,AMBIENT,NIT-NO3-NO2,Inorganic nitrogen (nitrate and nitrite) (as N),Total,,7.7,mg/l,True,0.1,,,353.2,UHL001,Actual,SW,Water,,,Clayton,07060001,River/Stream,,43.0404991,-91.2055504
6,10220003,Bloody Run Creek Site #1 (BR01),02/07/2011 09:20:00,AMBIENT,NIT-NO3-NO2,Inorganic nitrogen (nitrate and nitrite) (as N),Total,,6.8,mg/l,True,0.1,,,353.2,UHL001,Actual,SW,Water,,,Clayton,07060001,River/Stream,,43.0404991,-91.2055504
6,10220003,Bloody Run Creek Site #1 (BR01),10/04/2010 10:15:00,AMBIENT,NIT-NO3-NO2,Inorganic nitrogen (nitrate and nitrite) (as N),Total,,6.4,mg/l,True,0.1,,,353.2,UHL001,Actual,SW,Water,,,Clayton,07060001,River/Stream,,43.0404991,-91.2055504
6,10220003,Bloody Run Creek Site #1 (BR01),11/02/2010 10:30:00,AMBIENT,NIT-NO3-NO2,Inorganic nitrogen (nitrate and nitrite) (as N),Total,,6.8,mg/l,True,0.1,,,353.2,UHL001,Actual,SW,Water,,,Clayton,07060001,River/Stream,,43.0404991,-91.2055504
6,10220002,Volga River near Elkport,09/03/2014 11:25:00,AMBIENT,NIT-NO3-NO2,Inorganic nitrogen (nitrate and nitrite) (AS N),Total,,2.6,mg/l,True,0.1,,,LAC10-107-04-1J,UHL001,Actual,SW,Water,,,Clayton,07060004,River/Stream,,42.7497293,-91.2767798
6,10220002,Volga River near Elkport,12/03/2014 07:30:00,AMBIENT,NIT-NO3-NO2,Inorganic nitrogen (nitrate and nitrite) (AS N),Total,,4.4,mg/l,True,0.1,,,LAC10-107-04-1J,UHL001,Actual,SW,Water,,,Clayton,07060004,River/Stream,,42.7497293,-91.2767798
6,10220002,Volga River near Elkport,04/02/2015 07:30:00,AMBIENT,NIT-NO3-NO2,Inorganic nitrogen (nitrate and nitrite) (AS N),Total,,3,mg/l,True,0.1,,,LAC10-107-04-1J,UHL001,Actual,SW,Water,,,Clayton,07060004,River/Stream,,42.7497293,-91.2767798
6,10220001,Turkey River near Garber,07/02/2015 07:00:00,AMBIENT,NIT-NO3-NO2,Inorganic nitrogen (nitrate and nitrite) (AS N),Total,,11,mg/l,True,0.1,,,LAC10-107-04-1J,UHL001,Actual,SW,Water,,,Clayton,07060004,River/Stream,,42.739547,-91.2619757
6,10220002,Volga River near Elkport,07/02/2015 06:40:00,AMBIENT,NIT-NO3-NO2,Inorganic nitrogen (nitrate and nitrite) (AS N),Total,,12,mg/l,True,0.1,,,LAC10-107-04-1J,UHL001,Actual,SW,Water,,,Clayton,07060004,River/Stream,,42.7497293,-91.2767798
6,10220001,Turkey River near Garber,12/03/2014 07:55:00,AMBIENT,NIT-NO3-NO2,Inorganic nitrogen (nitrate and nitrite) (AS N),Total,,7,mg/l,True,0.1,,,LAC10-107-04-1J,UHL001,Actual,SW,Water,,,Clayton,07060004,River/Stream,,42.739547,-91.2619757
6,10220001,Turkey River near Garber,04/02/2015 07:45:00,AMBIENT,NIT-NO3-NO2,Inorganic nitrogen (nitrate and nitrite) (AS N),Total,,5.3,mg/l,True,0.1,,,LAC10-107-04-1J,UHL001,Actual,SW,Water,,,Clayton,07060004,River/Stream,,42.739547,-91.2619757
6,10220002,Volga River near Elkport,04/10/2013 11:40:00,TURKEYR,NIT-NO3-NO2,Inorganic nitrogen (nitrate and nitrite) (AS N),Total,,3.2,mg/l,True,0.1,,,LAC10-107-04-1J,UHL001,Actual,SW,Water,,,Clayton,07060004,River/Stream,,42.7497293,-91.2767798
6,10220003,Bloody Run Creek Site #1 (BR01),10/25/1994 12:05:00,SNY319,NIT-NO3-NO2,Inorganic nitrogen (nitrate and nitrite) (as N),Total,,5.6,mg/l,True,0.1,,,Unknown,SNY001,Actual,SW,Water,,,Clayton,07060001,River/Stream,,43.0404991,-91.2055504
6,10220002,Volga River near Elkport,06/10/2014 08:00:00,AMBIENT,NIT-NO3-NO2,Inorganic nitrogen (nitrate and nitrite) (AS N),Total,,4.7,mg/l,True,0.1,,,LAC10-107-04-1J,UHL001,Actual,SW,Water,,,Clayton,07060004,River/Stream,,42.7497293,-91.2767798
6,10220002,Volga River near Elkport,08/04/2014 08:50:00,AMBIENT,NIT-NO3-NO2,Inorganic nitrogen (nitrate and nitrite) (AS N),Total,,3.4,mg/l,True,0.1,,,LAC10-107-04-1J,UHL001,Actual,SW,Water,,,Clayton,07060004,River/Stream,,42.7497293,-91.2767798
6,10220002,Volga River near Elkport,07/10/2013 10:15:00,TURKEYR,NIT-NO3-NO2,Inorganic nitrogen (nitrate and nitrite) (AS N),Total,,5.5,mg/l,True,0.1,,,LAC10-107-04-1J,UHL001,Actual,SW,Water,,,Clayton,07060004,River/Stream,,42.7497293,-91.2767798
6,10220002,Volga River near Elkport,09/04/2013 10:45:00,TURKEYR,NIT-NO3-NO2,Inorganic nitrogen (nitrate and nitrite) (AS N),Total,,2.8,mg/l,True,0.1,,,LAC10-107-04-1J,UHL001,Actual,SW,Water,,,Clayton,07060004,River/Stream,,42.7497293,-91.2767798
6,10220002,Volga River near Elkport,04/01/2014 07:30:00,AMBIENT,NIT-NO3-NO2,Inorganic nitrogen (nitrate and nitrite) (AS N),Total,,3.5,mg/l,True,0.1,,,LAC10-107-04-1J,UHL001,Actual,SW,Water,,,Clayton,07060004,River/Stream,,42.7497293,-91.2767798
6,10220002,Volga River near Elkport,05/05/2014 08:15:00,AMBIENT,NIT-NO3-NO2,Inorganic nitrogen (nitrate and nitrite) (AS N),Total,,8.2,mg/l,True,0.1,,,LAC10-107-04-1J,UHL001,Actual,SW,Water,,,Clayton,07060004,River/Stream,,42.7497293,-91.2767798
6,10220002,Volga River near Elkport,08/01/2013 12:50:00,AMBIENT,NIT-NO3-NO2,Inorganic nitrogen (nitrate and nitrite) (AS N),Total,,3.8,mg/l,True,0.1,,,LAC10-107-04-1J,UHL001,Actual,SW,Water,,,Clayton,07060004,River/Stream,,42.7497293,-91.2767798
6,10220002,Volga River near Elkport,03/03/2014 09:00:00,AMBIENT,NIT-NO3-NO2,Inorganic nitrogen (nitrate and nitrite) (AS N),Total,,3.5,mg/l,True,0.1,,,LAC10-107-04-1J,UHL001,Actual,SW,Water,,,Clayton,07060004,River/Stream,,42.7497293,-91.2767798
6,10220002,Volga River near Elkport,12/05/2013 09:00:00,AMBIENT,NIT-NO3-NO2,Inorganic nitrogen (nitrate and nitrite) (AS N),Total,,3.5,mg/l,True,0.1,,,LAC10-107-04-1J,UHL001,Actual,SW,Water,,,Clayton,07060004,River/Stream,,42.7497293,-91.2767798
6,10220002,Volga River near Elkport,10/02/2013 10:25:00,AMBIENT,NIT-NO3-NO2,Inorganic nitrogen (nitrate and nitrite) (AS N),Total,,2.5,mg/l,True,0.1,,,LAC10-107-04-1J,UHL001,Actual,SW,Water,,,Clayton,07060004,River/Stream,,42.7497293,-91.2767798
6,10220002,Volga River near Elkport,11/06/2013 07:15:00,AMBIENT,NIT-NO3-NO2,Inorganic nitrogen (nitrate and nitrite) (AS N),Total,,2.6,mg/l,True,0.1,,,LAC10-107-04-1J,UHL001,Actual,SW,Water,,,Clayton,07060004,River/Stream,,42.7497293,-91.2767798
6,10220002,Volga River near Elkport,06/05/2013 08:15:00,AMBIENT,NIT-NO3-NO2,Inorganic nitrogen (nitrate and nitrite) (AS N),Total,,9.3,mg/l,True,0.1,,,LAC10-107-04-1J,UHL001,Actual,SW,Water,,,Clayton,07060004,River/Stream,,42.7497293,-91.2767798
6,10220002,Volga River near Elkport,07/02/2013 06:50:00,AMBIENT,NIT-NO3-NO2,Inorganic nitrogen (nitrate and nitrite) (AS N),Total,,8.8,mg/l,True,0.1,,,LAC10-107-04-1J,UHL001,Actual,SW,Water,,,Clayton,07060004,River/Stream,,42.7497293,-91.2767798
6,10220002,Volga River near Elkport,05/02/2013 12:20:00,AMBIENT,NIT-NO3-NO2,Inorganic nitrogen (nitrate and nitrite) (AS N),Total,,7.9,mg/l,True,0.1,,,LAC10-107-04-1J,UHL001,Actual,SW,Water,,,Clayton,07060004,River/Stream,,42.7497293,-91.2767798
6,10220002,Volga River near Elkport,10/03/2012 12:48:00,TURKEYR,NIT-NO3-NO2,Inorganic nitrogen (nitrate and nitrite) (as N),Total,,1.4,mg/l,True,0.1,,,LAC10-107-04-1J,IGS-GRAB,Actual,SW,Water,,,Clayton,07060004,River/Stream,,42.7497293,-91.2767798
6,10220002,Volga River near Elkport,01/03/2013 08:45:00,AMBIENT,NIT-NO3-NO2,Inorganic nitrogen (nitrate and nitrite) (AS N),Total,,3.1,mg/l,True,0.1,,,LAC10-107-04-1J,UHL001,Actual,SW,Water,,,Clayton,07060004,River/Stream,,42.7497293,-91.2767798
6,10220002,Volga River near Elkport,02/07/2013 12:30:00,AMBIENT,NIT-NO3-NO2,Inorganic nitrogen (nitrate and nitrite) (AS N),Total,,3.2,mg/l,True,0.1,,,LAC10-107-04-1J,UHL001,Actual,SW,Water,,,Clayton,07060004,River/Stream,,42.7497293,-91.2767798
6,10220002,Volga River near Elkport,08/01/2012 06:12:00,TURKEYR,NIT-NO3-NO2,Inorganic nitrogen (nitrate and nitrite) (as N),Total,,1.7,mg/l,True,0.1,,,LAC10-107-04-1J,IGS-GRAB,Actual,SW,Water,,,Clayton,07060004,River/Stream,,42.7497293,-91.2767798
6,10220002,Volga River near Elkport,06/06/2012 08:50:00,TURKEYR,NIT-NO3-NO2,Inorganic nitrogen (nitrate and nitrite) (as N),Total,,6.5,mg/l,True,0.1,,,LAC10-107-04-1J,IGS-GRAB,Actual,SW,Water,,,Clayton,07060004,River/Stream,,42.7497293,-91.2767798
6,10220002,Volga River near Elkport,11/01/2012 08:20:00,AMBIENT,NIT-NO3-NO2,Inorganic nitrogen (nitrate and nitrite) (as N),Total,,2,mg/l,True,0.1,,,LAC10-107-04-1J,UHL001,Actual,SW,Water,,,Clayton,07060004,River/Stream,,42.7497293,-91.2767798
6,10220002,Volga River near Elkport,12/06/2011 08:40:00,AMBIENT,NIT-NO3-NO2,Inorganic nitrogen (nitrate and nitrite) (as N),Total,,6.7,mg/l,True,0.1,,,353.2,UHL001,Actual,SW,Water,,,Clayton,07060004,River/Stream,,42.7497293,-91.2767798
6,10220002,Volga River near Elkport,07/05/2012 08:00:00,AMBIENT,NIT-NO3-NO2,Inorganic nitrogen (nitrate and nitrite) (as N),Total,,1.9,mg/l,True,0.1,,,LAC10-107-04-1J,UHL001,Actual,SW,Water,,,Clayton,07060004,River/Stream,,42.7497293,-91.2767798
6,10220002,Volga River near Elkport,06/01/2011 12:30:00,TURKEYR,NIT-NO3-NO2,Inorganic nitrogen (nitrate and nitrite) (as N),Total,,7.6,mg/l,True,0.1,,,353.2,IGS-GRAB,Actual,SW,Water,,,Clayton,07060004,River/Stream,,42.7497293,-91.2767798
6,10220002,Volga River near Elkport,08/03/2011 11:10:00,TURKEYR,NIT-NO3-NO2,Inorganic nitrogen (nitrate and nitrite) (as N),Total,,5.7,mg/l,True,0.1,,,353.2,IGS-GRAB,Actual,SW,Water,,,Clayton,07060004,River/Stream,,42.7497293,-91.2767798
6,10220002,Volga River near Elkport,10/05/2011 12:05:00,TURKEYR,NIT-NO3-NO2,Inorganic nitrogen (nitrate and nitrite) (as N),Total,,3.4,mg/l,True,0.1,,,353.2,IGS-GRAB,Actual,SW,Water,,,Clayton,07060004,River/Stream,,42.7497293,-91.2767798
6,10220002,Volga River near Elkport,07/06/2011 12:10:00,TURKEYR,NIT-NO3-NO2,Inorganic nitrogen (nitrate and nitrite) (as N),Total,,4.3,mg/l,True,0.1,,,353.2,IGS-GRAB,Actual,SW,Water,,,Clayton,07060004,River/Stream,,42.7497293,-91.2767798
6,10220002,Volga River near Elkport,09/01/2011 12:30:00,AMBIENT,NIT-NO3-NO2,Inorganic nitrogen (nitrate and nitrite) (as N),Total,,3,mg/l,True,0.1,,,353.2,UHL001,Actual,SW,Water,,,Clayton,07060004,River/Stream,,42.7497293,-91.2767798
6,10220002,Volga River near Elkport,10/03/2011 08:15:00,AMBIENT,NIT-NO3-NO2,Inorganic nitrogen (nitrate and nitrite) (as N),Total,,3.4,mg/l,True,0.1,,,353.2,UHL001,Actual,SW,Water,,,Clayton,07060004,River/Stream,,42.7497293,-91.2767798
6,10220002,Volga River near Elkport,06/08/2011 08:45:00,AMBIENT,NIT-NO3-NO2,Inorganic nitrogen (nitrate and nitrite) (as N),Total,,5.7,mg/l,True,0.1,,,353.2,UHL001,Actual,SW,Water,,,Clayton,07060004,River/Stream,,42.7497293,-91.2767798
6,10220002,Volga River near Elkport,11/02/2010 09:15:00,AMBIENT,NIT-NO3-NO2,Inorganic nitrogen (nitrate and nitrite) (as N),Total,,3.3,mg/l,True,0.1,,,353.2,UHL001,Actual,SW,Water,,,Clayton,07060004,River/Stream,,42.7497293,-91.2767798
6,10220002,Volga River near Elkport,12/02/2010 09:10:00,AMBIENT,NIT-NO3-NO2,Inorganic nitrogen (nitrate and nitrite) (as N),Total,,4.5,mg/l,True,0.1,,,353.2,UHL001,Actual,SW,Water,,,Clayton,07060004,River/Stream,,42.7497293,-91.2767798
6,10220002,Volga River near Elkport,03/01/2011 08:20:00,AMBIENT,NIT-NO3-NO2,Inorganic nitrogen (nitrate and nitrite) (as N),Total,,7.1,mg/l,True,0.1,,,353.2,UHL001,Actual,SW,Water,,,Clayton,07060004,River/Stream,,42.7497293,-91.2767798
6,10220002,Volga River near Elkport,05/02/2011 08:30:00,AMBIENT,NIT-NO3-NO2,Inorganic nitrogen (nitrate and nitrite) (as N),Total,,7.6,mg/l,True,0.1,,,353.2,UHL001,Actual,SW,Water,,,Clayton,07060004,River/Stream,,42.7497293,-91.2767798
6,10220002,Volga River near Elkport,04/05/2010 08:45:00,AMBIENT,NIT-NO3-NO2,Inorganic nitrogen (nitrate and nitrite) (as N),Total,,4.4,mg/l,True,0.1,,,353.2,UHL001,Actual,SW,Water,,,Clayton,07060004,River/Stream,,42.7497293,-91.2767798
6,10220002,Volga River near Elkport,04/04/2006 08:35:00,AMBIENT,NIT-NO3-NO2,Inorganic nitrogen (nitrate and nitrite) (as N),Total,,11,mg/l,True,0.05,,,353.2,UHL001,Actual,SW,Water,,,Clayton,07060004,River/Stream,,42.7497293,-91.2767798
6,10220002,Volga River near Elkport,02/03/2010 09:00:00,AMBIENT,NIT-NO3-NO2,Inorganic nitrogen (nitrate and nitrite) (as N),Total,,5,mg/l,True,0.1,,,353.2,UHL001,Actual,SW,Water,,,Clayton,07060004,River/Stream,,42.7497293,-91.2767798
6,10220002,Volga River near Elkport,10/08/2009 09:10:00,AMBIENT,NIT-NO3-NO2,Inorganic nitrogen (nitrate and nitrite) (as N),Total,,3.2,mg/l,True,0.1,,,353.2,UHL001,Actual,SW,Water,,,Clayton,07060004,River/Stream,,42.7497293,-91.2767798
6,10220002,Volga River near Elkport,11/05/2009 08:30:00,AMBIENT,NIT-NO3-NO2,Inorganic nitrogen (nitrate and nitrite) (as N),Total,,6.8,mg/l,True,0.1,,,353.2,UHL001,Actual,SW,Water,,,Clayton,07060004,River/Stream,,42.7497293,-91.2767798
6,10220002,Volga River near Elkport,12/03/2009 09:00:00,AMBIENT,NIT-NO3-NO2,Inorganic nitrogen (nitrate and nitrite) (as N),Total,,4.9,mg/l,True,0.1,,,353.2,UHL001,Actual,SW,Water,,,Clayton,07060004,River/Stream,,42.7497293,-91.2767798
6,10220002,Volga River near Elkport,07/06/2009 13:35:00,AMBIENT,NIT-NO3-NO2,Inorganic nitrogen (nitrate and nitrite) (as N),Total,,3.4,mg/l,True,0.05,,,353.2,UHL001,Actual,SW,Water,,,Clayton,07060004,River/Stream,,42.7497293,-91.2767798
6,10220002,Volga River near Elkport,05/06/2009 08:55:00,AMBIENT,NIT-NO3-NO2,Inorganic nitrogen (nitrate and nitrite) (as N),Total,,5.4,mg/l,True,0.05,,,353.2,UHL001,Actual,SW,Water,,,Clayton,07060004,River/Stream,,42.7497293,-91.2767798
6,10220002,Volga River near Elkport,06/03/2008 08:00:00,AMBIENT,NIT-NO3-NO2,Inorganic nitrogen (nitrate and nitrite) (as N),Total,,7.7,mg/l,True,0.05,,,353.2,UHL001,Actual,SW,Water,,,Clayton,07060004,River/Stream,,42.7497293,-91.2767798
6,10220002,Volga River near Elkport,12/04/2007 09:00:00,AMBIENT,NIT-NO3-NO2,Inorganic nitrogen (nitrate and nitrite) (as N),Total,,5.4,mg/l,True,0.05,,,353.2,UHL001,Actual,SW,Water,,,Clayton,07060004,River/Stream,,42.7497293,-91.2767798
6,10220002,Volga River near Elkport,11/01/2007 10:10:00,AMBIENT,NIT-NO3-NO2,Inorganic nitrogen (nitrate and nitrite) (as N),Total,,6.3,mg/l,True,0.05,,,353.2,UHL001,Actual,SW,Water,,,Clayton,07060004,River/Stream,,42.7497293,-91.2767798
6,10220002,Volga River near Elkport,09/12/2007 08:50:00,AMBIENT,NIT-NO3-NO2,Inorganic nitrogen (nitrate and nitrite) (as N),Total,,4.6,mg/l,True,0.05,,,353.2,UHL001,Actual,SW,Water,,,Clayton,07060004,River/Stream,,42.7497293,-91.2767798
6,10220002,Volga River near Elkport,07/12/2007 08:10:00,AMBIENT,NIT-NO3-NO2,Inorganic nitrogen (nitrate and nitrite) (as N),Total,,3.8,mg/l,True,0.05,,,353.2,UHL001,Actual,SW,Water,,,Clayton,07060004,River/Stream,,42.7497293,-91.2767798
6,10220002,Volga River near Elkport,04/10/2007 08:00:00,AMBIENT,NIT-NO3-NO2,Inorganic nitrogen (nitrate and nitrite) (as N),Total,,8.8,mg/l,True,0.05,,,353.2,UHL001,Actual,SW,Water,,,Clayton,07060004,River/Stream,,42.7497293,-91.2767798
6,10220002,Volga River near Elkport,10/07/1999 13:10:00,AMBIENT,NIT-NO3-NO2,Inorganic nitrogen (nitrate and nitrite) (as N),Total,,3.6,mg/l,True,0.1,,,Unknown,UHL001,Actual,SW,Water,,,Clayton,07060004,River/Stream,,42.7497293,-91.2767798
6,10220002,Volga River near Elkport,12/07/1999 08:50:00,AMBIENT,NIT-NO3-NO2,Inorganic nitrogen (nitrate and nitrite) (as N),Total,,3.9,mg/l,True,0.1,,,Unknown,UHL001,Actual,SW,Water,,,Clayton,07060004,River/Stream,,42.7497293,-91.2767798
6,10220003,Bloody Run Creek Site #1 (BR01),05/23/1995 13:20:00,SNY319,NIT-NO3-NO2,Inorganic nitrogen (nitrate and nitrite) (as N),Total,,4.6,mg/l,True,0.1,,,Unknown,SNY001,Actual,SW,Water,,,Clayton,07060001,River/Stream,,43.0404991,-91.2055504
6,10220002,Volga River near Elkport,06/14/2000 15:20:00,AMBIENT,NIT-NO3-NO2,Inorganic nitrogen (nitrate and nitrite) (as N),Total,,7.2,mg/l,True,0.1,,,Unknown,UHL001,Actual,SW,Water,,,Clayton,07060004,River/Stream,,42.7497293,-91.2767798
6,10220002,Volga River near Elkport,05/16/2000 09:55:00,AMBIENT,NIT-NO3-NO2,Inorganic nitrogen (nitrate and nitrite) (as N),Total,,7,mg/l,True,0.1,,,Unknown,UHL001,Actual,SW,Water,,,Clayton,07060004,River/Stream,,42.7497293,-91.2767798
6,10220002,Volga River near Elkport,04/20/2000 08:40:00,AMBIENT,NIT-NO3-NO2,Inorganic nitrogen (nitrate and nitrite) (as N),Total,,1.8,mg/l,True,0.1,,,Unknown,UHL001,Actual,SW,Water,,,Clayton,07060004,River/Stream,,42.7497293,-91.2767798
6,10220002,Volga River near Elkport,01/13/2000 08:30:00,AMBIENT,NIT-NO3-NO2,Inorganic nitrogen (nitrate and nitrite) (as N),Total,,4.2,mg/l,True,0.1,,,Unknown,UHL001,Actual,SW,Water,,,Clayton,07060004,River/Stream,,42.7497293,-91.2767798
6,10220003,Bloody Run Creek Site #1 (BR01),02/28/1995 09:05:00,SNY319,NIT-NO3-NO2,Inorganic nitrogen (nitrate and nitrite) (as N),Total,,5.1,mg/l,True,0.1,,,Unknown,SNY001,Actual,SW,Water,,,Clayton,07060001,River/Stream,,43.0404991,-91.2055504
6,10220003,Bloody Run Creek Site #1 (BR01),03/21/1995 10:10:00,SNY319,NIT-NO3-NO2,Inorganic nitrogen (nitrate and nitrite) (as N),Total,,5.5,mg/l,True,0.1,,,Unknown,SNY001,Actual,SW,Water,,,Clayton,07060001,River/Stream,,43.0404991,-91.2055504
6,10220003,Bloody Run Creek Site #1 (BR01),04/11/1995 12:45:00,SNY319,NIT-NO3-NO2,Inorganic nitrogen (nitrate and nitrite) (as N),Total,,5.9,mg/l,True,0.1,,,Unknown,SNY001,Actual,SW,Water,,,Clayton,07060001,River/Stream,,43.0404991,-91.2055504
6,10220003,Bloody Run Creek Site #1 (BR01),05/02/1995 09:20:00,SNY319,NIT-NO3-NO2,Inorganic nitrogen (nitrate and nitrite) (as N),Total,,5.7,mg/l,True,0.1,,,Unknown,SNY001,Actual,SW,Water,,,Clayton,07060001,River/Stream,,43.0404991,-91.2055504
6,10220002,Volga River near Elkport,04/02/2002 08:10:00,AMBIENT,NIT-NO3-NO2,Inorganic nitrogen (nitrate and nitrite) (as N),Total,,4.4,mg/l,True,0.1,,,Unknown,UHL001,Actual,SW,Water,,,Clayton,07060004,River/Stream,,42.7497293,-91.2767798
6,10220002,Volga River near Elkport,08/06/2002 08:15:00,AMBIENT,NIT-NO3-NO2,Inorganic nitrogen (nitrate and nitrite) (as N),Total,,2.1,mg/l,True,0.1,,,Unknown,UHL001,Actual,SW,Water,,,Clayton,07060004,River/Stream,,42.7497293,-91.2767798
6,10220002,Volga River near Elkport,02/05/2002 08:50:00,AMBIENT,NIT-NO3-NO2,Inorganic nitrogen (nitrate and nitrite) (as N),Total,,4.6,mg/l,True,0.1,,,Unknown,UHL001,Actual,SW,Water,,,Clayton,07060004,River/Stream,,42.7497293,-91.2767798
6,10220002,Volga River near Elkport,04/09/2001 09:05:00,AMBIENT,NIT-NO3-NO2,Inorganic nitrogen (nitrate and nitrite) (as N),Total,,8.4,mg/l,True,0.1,,,Unknown,UHL001,Actual,SW,Water,,,Clayton,07060004,River/Stream,,42.7497293,-91.2767798
6,10220002,Volga River near Elkport,07/01/2002 09:45:00,AMBIENT,NIT-NO3-NO2,Inorganic nitrogen (nitrate and nitrite) (as N),Total,,4.5,mg/l,True,0.1,,,Unknown,UHL001,Actual,SW,Water,,,Clayton,07060004,River/Stream,,42.7497293,-91.2767798
6,10220002,Volga River near Elkport,06/04/2002 08:20:00,AMBIENT,NIT-NO3-NO2,Inorganic nitrogen (nitrate and nitrite) (as N),Total,,2,mg/l,True,0.1,,,Unknown,UHL001,Actual,SW,Water,,,Clayton,07060004,River/Stream,,42.7497293,-91.2767798
6,10220002,Volga River near Elkport,12/04/2001 07:55:00,AMBIENT,NIT-NO3-NO2,Inorganic nitrogen (nitrate and nitrite) (as N),Total,,6.6,mg/l,True,0.1,,,Unknown,UHL001,Actual,SW,Water,,,Clayton,07060004,River/Stream,,42.7497293,-91.2767798
6,10220002,Volga River near Elkport,11/06/2001 08:25:00,AMBIENT,NIT-NO3-NO2,Inorganic nitrogen (nitrate and nitrite) (as N),Total,,5,mg/l,True,0.1,,,Unknown,UHL001,Actual,SW,Water,,,Clayton,07060004,River/Stream,,42.7497293,-91.2767798
6,10220002,Volga River near Elkport,02/07/2001 08:55:00,AMBIENT,NIT-NO3-NO2,Inorganic nitrogen (nitrate and nitrite) (as N),Total,,4.7,mg/l,True,0.1,,,Unknown,UHL001,Actual,SW,Water,,,Clayton,07060004,River/Stream,,42.7497293,-91.2767798
6,10220002,Volga River near Elkport,01/09/2001 09:30:00,AMBIENT,NIT-NO3-NO2,Inorganic nitrogen (nitrate and nitrite) (as N),Total,,4.5,mg/l,True,0.1,,,Unknown,UHL001,Actual,SW,Water,,,Clayton,07060004,River/Stream,,42.7497293,-91.2767798
6,10220002,Volga River near Elkport,12/12/2000 10:00:00,AMBIENT,NIT-NO3-NO2,Inorganic nitrogen (nitrate and nitrite) (as N),Total,,5.5,mg/l,True,0.1,,,Unknown,UHL001,Actual,SW,Water,,,Clayton,07060004,River/Stream,,42.7497293,-91.2767798
6,10220002,Volga River near Elkport,11/09/2000 08:00:00,AMBIENT,NIT-NO3-NO2,Inorganic nitrogen (nitrate and nitrite) (as N),Total,,5.4,mg/l,True,0.1,,,Unknown,UHL001,Actual,SW,Water,,,Clayton,07060004,River/Stream,,42.7497293,-91.2767798
6,10220002,Volga River near Elkport,11/08/1999 09:55:00,AMBIENT,NIT-NO3-NO2,Inorganic nitrogen (nitrate and nitrite) (as N),Total,,3.3,mg/l,True,0.1,,,Unknown,UHL001,Actual,SW,Water,,,Clayton,07060004,River/Stream,,42.7497293,-91.2767798
6,10220002,Volga River near Elkport,06/07/2001 09:00:00,AMBIENT,NIT-NO3-NO2,Inorganic nitrogen (nitrate and nitrite) (as N),Total,,7.4,mg/l,True,0.1,,,Unknown,UHL001,Actual,SW,Water,,,Clayton,07060004,River/Stream,,42.7497293,-91.2767798
6,10220002,Volga River near Elkport,08/16/2000 12:45:00,AMBIENT,NIT-NO3-NO2,Inorganic nitrogen (nitrate and nitrite) (as N),Total,,2.3,mg/l,True,0.1,,,Unknown,UHL001,Actual,SW,Water,,,Clayton,07060004,River/Stream,,42.7497293,-91.2767798
6,10220002,Volga River near Elkport,07/12/2000 10:15:00,AMBIENT,NIT-NO3-NO2,Inorganic nitrogen (nitrate and nitrite) (as N),Total,,9.2,mg/l,True,0.1,,,Unknown,UHL001,Actual,SW,Water,,,Clayton,07060004,River/Stream,,42.7497293,-91.2767798
6,10220002,Volga River near Elkport,03/13/2007 09:50:00,AMBIENT,NIT-NO3-NO2,Inorganic nitrogen (nitrate and nitrite) (as N),Total,,2.3,mg/l,True,0.05,,,353.2,UHL001,Actual,SW,Water,,,Clayton,07060004,River/Stream,,42.7497293,-91.2767798
6,10220002,Volga River near Elkport,11/08/2006 08:15:00,AMBIENT,NIT-NO3-NO2,Inorganic nitrogen (nitrate and nitrite) (as N),Total,,4.5,mg/l,True,0.05,,,353.2,UHL001,Actual,SW,Water,,,Clayton,07060004,River/Stream,,42.7497293,-91.2767798
6,10220002,Volga River near Elkport,09/07/2006 12:55:00,AMBIENT,NIT-NO3-NO2,Inorganic nitrogen (nitrate and nitrite) (as N),Total,,2.2,mg/l,True,0.05,,,353.2,UHL001,Actual,SW,Water,,,Clayton,07060004,River/Stream,,42.7497293,-91.2767798
6,10220002,Volga River near Elkport,08/01/2006 08:10:00,AMBIENT,NIT-NO3-NO2,Inorganic nitrogen (nitrate and nitrite) (as N),Total,,4.2,mg/l,True,0.05,,,353.2,UHL001,Actual,SW,Water,,,Clayton,07060004,River/Stream,,42.7497293,-91.2767798
6,10220002,Volga River near Elkport,07/06/2006 07:15:00,AMBIENT,NIT-NO3-NO2,Inorganic nitrogen (nitrate and nitrite) (as N),Total,,4.3,mg/l,True,0.05,,,353.2,UHL001,Actual,SW,Water,,,Clayton,07060004,River/Stream,,42.7497293,-91.2767798
6,10220002,Volga River near Elkport,06/05/2006 07:50:00,AMBIENT,NIT-NO3-NO2,Inorganic nitrogen (nitrate and nitrite) (as N),Total,,4.9,mg/l,True,0.05,,,353.2,UHL001,Actual,SW,Water,,,Clayton,07060004,River/Stream,,42.7497293,-91.2767798
6,10220002,Volga River near Elkport,01/03/2006 09:30:00,AMBIENT,NIT-NO3-NO2,Inorganic nitrogen (nitrate and nitrite) (as N),Total,,5.6,mg/l,True,0.05,,,353.2,UHL001,Actual,SW,Water,,,Clayton,07060004,River/Stream,,42.7497293,-91.2767798
6,10220002,Volga River near Elkport,11/01/2005 07:45:00,AMBIENT,NIT-NO3-NO2,Inorganic nitrogen (nitrate and nitrite) (as N),Total,,3.1,mg/l,True,0.05,,,353.2,UHL001,Actual,SW,Water,,,Clayton,07060004,River/Stream,,42.7497293,-91.2767798
6,10220002,Volga River near Elkport,07/06/2005 12:00:00,AMBIENT,NIT-NO3-NO2,Inorganic nitrogen (nitrate and nitrite) (as N),Total,,8.4,mg/l,True,0.05,,,353.2,UHL001,Actual,SW,Water,,,Clayton,07060004,River/Stream,,42.7497293,-91.2767798
6,10220002,Volga River near Elkport,06/07/2005 09:00:00,AMBIENT,NIT-NO3-NO2,Inorganic nitrogen (nitrate and nitrite) (as N),Total,,3.7,mg/l,True,0.05,,,353.2,UHL001,Actual,SW,Water,,,Clayton,07060004,River/Stream,,42.7497293,-91.2767798
6,10220002,Volga River near Elkport,02/08/2005 08:50:00,AMBIENT,NIT-NO3-NO2,Inorganic nitrogen (nitrate and nitrite) (as N),Total,,2.1,mg/l,True,0.05,,,353.2,UHL001,Actual,SW,Water,,,Clayton,07060004,River/Stream,,42.7497293,-91.2767798
6,10220002,Volga River near Elkport,01/11/2005 09:30:00,AMBIENT,NIT-NO3-NO2,Inorganic nitrogen (nitrate and nitrite) (as N),Total,,4.3,mg/l,True,0.05,,,353.2,UHL001,Actual,SW,Water,,,Clayton,07060004,River/Stream,,42.7497293,-91.2767798
6,10220002,Volga River near Elkport,10/05/2004 08:40:00,AMBIENT,NIT-NO3-NO2,Inorganic nitrogen (nitrate and nitrite) (as N),Total,,3.2,mg/l,True,0.05,,,353.2,UHL001,Actual,SW,Water,,,Clayton,07060004,River/Stream,,42.7497293,-91.2767798
6,10220002,Volga River near Elkport,08/03/2004 10:00:00,AMBIENT,NIT-NO3-NO2,Inorganic nitrogen (nitrate and nitrite) (as N),Total,,4.4,mg/l,True,0.05,,,353.2,UHL001,Actual,SW,Water,,,Clayton,07060004,River/Stream,,42.7497293,-91.2767798
6,10220002,Volga River near Elkport,03/02/2004 08:50:00,AMBIENT,NIT-NO3-NO2,Inorganic nitrogen (nitrate and nitrite) (as N),Total,,2.7,mg/l,True,0.05,,,353.2,UHL001,Actual,SW,Water,,,Clayton,07060004,River/Stream,,42.7497293,-91.2767798
6,10220002,Volga River near Elkport,01/06/2004 09:40:00,AMBIENT,NIT-NO3-NO2,Inorganic nitrogen (nitrate and nitrite) (as N),Total,,4,mg/l,True,0.1,,,353.2,UHL001,Actual,SW,Water,,,Clayton,07060004,River/Stream,,42.7497293,-91.2767798
6,10220002,Volga River near Elkport,12/02/2003 08:40:00,AMBIENT,NIT-NO3-NO2,Inorganic nitrogen (nitrate and nitrite) (as N),Total,,3.5,mg/l,True,0.1,,,353.2,UHL001,Actual,SW,Water,,,Clayton,07060004,River/Stream,,42.7497293,-91.2767798
6,10220002,Volga River near Elkport,11/04/2003 16:50:00,AMBIENT,NIT-NO3-NO2,Inorganic nitrogen (nitrate and nitrite) (as N),Total,,2.2,mg/l,True,0.1,,,353.2,UHL001,Actual,SW,Water,,,Clayton,07060004,River/Stream,,42.7497293,-91.2767798
6,10220002,Volga River near Elkport,10/07/2003 08:40:00,AMBIENT,NIT-NO3-NO2,Inorganic nitrogen (nitrate and nitrite) (as N),Total,,2.2,mg/l,True,0.1,,,353.2,UHL001,Actual,SW,Water,,,Clayton,07060004,River/Stream,,42.7497293,-91.2767798
6,10220002,Volga River near Elkport,06/03/2003 08:40:00,AMBIENT,NIT-NO3-NO2,Inorganic nitrogen (nitrate and nitrite) (as N),Total,,4.6,mg/l,True,0.1,,,353.2,UHL001,Actual,SW,Water,,,Clayton,07060004,River/Stream,,42.7497293,-91.2767798
6,10220002,Volga River near Elkport,09/02/2003 09:15:00,AMBIENT,NIT-NO3-NO2,Inorganic nitrogen (nitrate and nitrite) (as N),Total,,2,mg/l,True,0.1,,,353.2,UHL001,Actual,SW,Water,,,Clayton,07060004,River/Stream,,42.7497293,-91.2767798
6,10220002,Volga River near Elkport,02/04/2003 09:05:00,AMBIENT,NIT-NO3-NO2,Inorganic nitrogen (nitrate and nitrite) (as N),Total,,3.2,mg/l,True,0.1,,,353.2,UHL001,Actual,SW,Water,,,Clayton,07060004,River/Stream,,42.7497293,-91.2767798
6,10220002,Volga River near Elkport,05/06/2003 08:00:00,AMBIENT,NIT-NO3-NO2,Inorganic nitrogen (nitrate and nitrite) (as N),Total,,5.9,mg/l,True,0.1,,,353.2,UHL001,Actual,SW,Water,,,Clayton,07060004,River/Stream,,42.7497293,-91.2767798
6,10220002,Volga River near Elkport,01/07/2003 08:45:00,AMBIENT,NIT-NO3-NO2,Inorganic nitrogen (nitrate and nitrite) (as N),Total,,3.3,mg/l,True,0.1,,,353.2,UHL001,Actual,SW,Water,,,Clayton,07060004,River/Stream,,42.7497293,-91.2767798
6,10220002,Volga River near Elkport,12/03/2002 08:50:00,AMBIENT,NIT-NO3-NO2,Inorganic nitrogen (nitrate and nitrite) (as N),Total,,3.6,mg/l,True,0.1,,,353.2,UHL001,Actual,SW,Water,,,Clayton,07060004,River/Stream,,42.7497293,-91.2767798
6,10220002,Volga River near Elkport,11/05/2002 16:00:00,AMBIENT,NIT-NO3-NO2,Inorganic nitrogen (nitrate and nitrite) (as N),Total,,3.2,mg/l,True,0.1,,,353.2,UHL001,Actual,SW,Water,,,Clayton,07060004,River/Stream,,42.7497293,-91.2767798
6,10220002,Volga River near Elkport,10/01/2002 09:55:00,AMBIENT,NIT-NO3-NO2,Inorganic nitrogen (nitrate and nitrite) (as N),Total,,1.9,mg/l,True,0.1,,,353.2,UHL001,Actual,SW,Water,,,Clayton,07060004,River/Stream,,42.7497293,-91.2767798
6,10220002,Volga River near Elkport,10/15/1998 08:55:00,AMBIENT,NIT-NO3-NO2,Inorganic nitrogen (nitrate and nitrite) (as N),Total,,5.5,mg/l,True,0.1,,,Unknown,UHL001,Actual,SW,Water,,,Clayton,07060004,River/Stream,,42.7497293,-91.2767798
6,10220002,Volga River near Elkport,07/29/1999 14:40:00,AMBIENT,NIT-NO3-NO2,Inorganic nitrogen (nitrate and nitrite) (as N),Total,,7.3,mg/l,True,0.1,,,Unknown,UHL001,Actual,SW,Water,,,Clayton,07060004,River/Stream,,42.7497293,-91.2767798
6,10220002,Volga River near Elkport,04/21/1999 10:40:00,AMBIENT,NIT-NO3-NO2,Inorganic nitrogen (nitrate and nitrite) (as N),Total,,0.1,mg/l,False,0.1,,,Unknown,UHL001,Actual,SW,Water,,,Clayton,07060004,River/Stream,,42.7497293,-91.2767798
6,10220002,Volga River near Elkport,01/14/1999 08:40:00,AMBIENT,NIT-NO3-NO2,Inorganic nitrogen (nitrate and nitrite) (as N),Total,,5.4,mg/l,True,0.1,,,Unknown,UHL001,Actual,SW,Water,,,Clayton,07060004,River/Stream,,42.7497293,-91.2767798
6,10220002,Volga River near Elkport,09/24/2001 14:15:00,EVENT,NIT-NO3-NO2,Inorganic nitrogen (nitrate and nitrite) (as N),Total,,5.4,mg/l,True,0.1,,,Unknown,UHL001,Actual,SW,Water,,,Clayton,07060004,River/Stream,,42.7497293,-91.2767798
6,10220003,Bloody Run Creek Site #1 (BR01),08/16/1994 13:15:00,SNY319,NIT-NO3-NO2,Inorganic nitrogen (nitrate and nitrite) (as N),Total,,5.9,mg/l,True,0.1,,,Unknown,SNY001,Actual,SW,Water,,,Clayton,07060001,River/Stream,,43.0404991,-91.2055504
6,10220003,Bloody Run Creek Site #1 (BR01),09/13/1994 11:00:00,SNY319,NIT-NO3-NO2,Inorganic nitrogen (nitrate and nitrite) (as N),Total,,4.8,mg/l,True,0.1,,,Unknown,SNY001,Actual,SW,Water,,,Clayton,07060001,River/Stream,,43.0404991,-91.2055504
6,10220003,Bloody Run Creek Site #1 (BR01),08/23/1994 13:05:00,SNY319,NIT-NO3-NO2,Inorganic nitrogen (nitrate and nitrite) (as N),Total,,4.8,mg/l,True,0.1,,,Unknown,SNY001,Actual,SW,Water,,,Clayton,07060001,River/Stream,,43.0404991,-91.2055504
6,10220003,Bloody Run Creek Site #1 (BR01),09/20/1994 09:55:00,SNY319,NIT-NO3-NO2,Inorganic nitrogen (nitrate and nitrite) (as N),Total,,4.8,mg/l,True,0.1,,,Unknown,SNY001,Actual,SW,Water,,,Clayton,07060001,River/Stream,,43.0404991,-91.2055504
6,10220003,Bloody Run Creek Site #1 (BR01),10/04/1994 14:30:00,SNY319,NIT-NO3-NO2,Inorganic nitrogen (nitrate and nitrite) (as N),Total,,5.1,mg/l,True,0.1,,,Unknown,SNY001,Actual,SW,Water,,,Clayton,07060001,River/Stream,,43.0404991,-91.2055504
6,10220003,Bloody Run Creek Site #1 (BR01),11/15/1994 13:00:00,SNY319,NIT-NO3-NO2,Inorganic nitrogen (nitrate and nitrite) (as N),Total,,5.6,mg/l,True,0.1,,,Unknown,SNY001,Actual,SW,Water,,,Clayton,07060001,River/Stream,,43.0404991,-91.2055504
6,10220003,Bloody Run Creek Site #1 (BR01),12/06/1994 10:50:00,SNY319,NIT-NO3-NO2,Inorganic nitrogen (nitrate and nitrite) (as N),Total,,6.3,mg/l,True,0.1,,,Unknown,SNY001,Actual,SW,Water,,,Clayton,07060001,River/Stream,,43.0404991,-91.2055504
6,10220003,Bloody Run Creek Site #1 (BR01),12/27/1994 08:35:00,SNY319,NIT-NO3-NO2,Inorganic nitrogen (nitrate and nitrite) (as N),Total,,6.1,mg/l,True,0.1,,,Unknown,SNY001,Actual,SW,Water,,,Clayton,07060001,River/Stream,,43.0404991,-91.2055504
6,10220003,Bloody Run Creek Site #1 (BR01),01/10/1995 12:50:00,SNY319,NIT-NO3-NO2,Inorganic nitrogen (nitrate and nitrite) (as N),Total,,5.9,mg/l,True,0.1,,,Unknown,SNY001,Actual,SW,Water,,,Clayton,07060001,River/Stream,,43.0404991,-91.2055504
6,10220003,Bloody Run Creek Site #1 (BR01),01/17/1995 10:30:00,SNY319,NIT-NO3-NO2,Inorganic nitrogen (nitrate and nitrite) (as N),Total,,5.6,mg/l,True,0.1,,,Unknown,SNY001,Actual,SW,Water,,,Clayton,07060001,River/Stream,,43.0404991,-91.2055504
6,10220003,Bloody Run Creek Site #1 (BR01),02/07/1995 09:30:00,SNY319,NIT-NO3-NO2,Inorganic nitrogen (nitrate and nitrite) (as N),Total,,6.8,mg/l,True,0.1,,,Unknown,SNY001,Actual,SW,Water,,,Clayton,07060001,River/Stream,,43.0404991,-91.2055504
6,10220002,Volga River near Elkport,08/03/2001 13:00:00,EVENT,NIT-NO3-NO2,Inorganic nitrogen (nitrate and nitrite) (as N),Total,,2.6,mg/l,True,0.1,,,Unknown,UHL001,Actual,SW,Water,,,Clayton,07060004,River/Stream,,42.7497293,-91.2767798
6,10220002,Volga River near Elkport,03/19/2001 13:30:00,EVENT,NIT-NO3-NO2,Inorganic nitrogen (nitrate and nitrite) (as N),Total,,6.8,mg/l,True,0.1,,,Unknown,UHL001,Actual,SW,Water,,,Clayton,07060004,River/Stream,,42.7497293,-91.2767798
6,10220001,Turkey River near Garber,01/14/2015 08:15:00,AMBIENT,NIT-NO3-NO2,Inorganic nitrogen (nitrate and nitrite) (AS N),Total,,8,mg/l,True,0.1,,,LAC10-107-04-1J,UHL001,Actual,SW,Water,,,Clayton,07060004,River/Stream,,42.739547,-91.2619757
6,10220002,Volga River near Elkport,03/05/2015 07:20:00,AMBIENT,NIT-NO3-NO2,Inorganic nitrogen (nitrate and nitrite) (AS N),Total,,3.7,mg/l,True,0.1,,,LAC10-107-04-1J,UHL001,Actual,SW,Water,,,Clayton,07060004,River/Stream,,42.7497293,-91.2767798
6,10220002,Volga River near Elkport,10/07/2014 08:30:00,AMBIENT,NIT-NO3-NO2,Inorganic nitrogen (nitrate and nitrite) (AS N),Total,,2.6,mg/l,True,0.1,,,LAC10-107-04-1J,UHL001,Actual,SW,Water,,,Clayton,07060004,River/Stream,,42.7497293,-91.2767798
6,10220002,Volga River near Elkport,01/14/2015 07:55:00,AMBIENT,NIT-NO3-NO2,Inorganic nitrogen (nitrate and nitrite) (AS N),Total,,4.7,mg/l,True,0.1,,,LAC10-107-04-1J,UHL001,Actual,SW,Water,,,Clayton,07060004,River/Stream,,42.7497293,-91.2767798
6,10220002,Volga River near Elkport,11/03/2014 07:15:00,AMBIENT,NIT-NO3-NO2,Inorganic nitrogen (nitrate and nitrite) (AS N),Total,,3.4,mg/l,True,0.1,,,LAC10-107-04-1J,UHL001,Actual,SW,Water,,,Clayton,07060004,River/Stream,,42.7497293,-91.2767798
6,10220002,Volga River near Elkport,10/03/2012 09:15:00,AMBIENT,NIT-NO3-NO2,Inorganic nitrogen (nitrate and nitrite) (as N),Total,,1.4,mg/l,True,0.1,,,LAC10-107-04-1J,UHL001,Actual,SW,Water,,,Clayton,07060004,River/Stream,,42.7497293,-91.2767798
6,10220002,Volga River near Elkport,01/05/2012 07:40:00,AMBIENT,NIT-NO3-NO2,Inorganic nitrogen (nitrate and nitrite) (as N),Total,,6,mg/l,True,0.1,,,LAC10-107-04-1J,UHL001,Actual,SW,Water,,,Clayton,07060004,River/Stream,,42.7497293,-91.2767798
6,10220002,Volga River near Elkport,02/07/2012 08:00:00,AMBIENT,NIT-NO3-NO2,Inorganic nitrogen (nitrate and nitrite) (as N),Total,,4.7,mg/l,True,0.1,,,LAC10-107-04-1J,UHL001,Actual,SW,Water,,,Clayton,07060004,River/Stream,,42.7497293,-91.2767798
6,10220002,Volga River near Elkport,03/07/2012 07:50:00,AMBIENT,NIT-NO3-NO2,Inorganic nitrogen (nitrate and nitrite) (as N),Total,,4.6,mg/l,True,0.1,,,LAC10-107-04-1J,UHL001,Actual,SW,Water,,,Clayton,07060004,River/Stream,,42.7497293,-91.2767798
6,10220001,Turkey River near Garber,05/01/2013 14:20:00,TURKEYR,NIT-NO3-NO2,Inorganic nitrogen (nitrate and nitrite) (AS N),Total,,9.5,mg/l,True,0.1,,,LAC10-107-04-1J,UHL001,Actual,SW,Water,,,Clayton,07060004,River/Stream,,42.739547,-91.2619757
6,10220002,Volga River near Elkport,06/01/2015 09:30:00,AMBIENT,NIT-NO3-NO2,Inorganic nitrogen (nitrate and nitrite) (AS N),Total,,12,mg/l,True,0.1,,,LAC10-107-04-1J,UHL001,Actual,SW,Water,,,Clayton,07060004,River/Stream,,42.7497293,-91.2767798
6,10220002,Volga River near Elkport,05/01/2013 15:00:00,TURKEYR,NIT-NO3-NO2,Inorganic nitrogen (nitrate and nitrite) (AS N),Total,,7.6,mg/l,True,0.1,,,LAC10-107-04-1J,UHL001,Actual,SW,Water,,,Clayton,07060004,River/Stream,,42.7497293,-91.2767798
6,10220002,Volga River near Elkport,08/07/2013 12:15:00,TURKEYR,NIT-NO3-NO2,Inorganic nitrogen (nitrate and nitrite) (AS N),Total,,3.1,mg/l,True,0.1,,,LAC10-107-04-1J,UHL001,Actual,SW,Water,,,Clayton,07060004,River/Stream,,42.7497293,-91.2767798
6,10220002,Volga River near Elkport,11/06/2013 12:40:00,TURKEYR,NIT-NO3-NO2,Inorganic nitrogen (nitrate and nitrite) (AS N),Total,,2.8,mg/l,True,0.1,,,LAC10-107-04-1J,UHL001,Actual,SW,Water,,,Clayton,07060004,River/Stream,,42.7497293,-91.2767798
6,10220001,Turkey River near Garber,04/10/2013 11:15:00,TURKEYR,NIT-NO3-NO2,Inorganic nitrogen (nitrate and nitrite) (AS N),Total,,3.3,mg/l,True,0.1,,,LAC10-107-04-1J,UHL001,Actual,SW,Water,,,Clayton,07060004,River/Stream,,42.739547,-91.2619757
6,10220002,Volga River near Elkport,06/05/2013 11:00:00,TURKEYR,NIT-NO3-NO2,Inorganic nitrogen (nitrate and nitrite) (AS N),Total,,8.6,mg/l,True,0.1,,,LAC10-107-04-1J,UHL001,Actual,SW,Water,,,Clayton,07060004,River/Stream,,42.7497293,-91.2767798
6,10220002,Volga River near Elkport,10/16/2013 10:15:00,TURKEYR,NIT-NO3-NO2,Inorganic nitrogen (nitrate and nitrite) (AS N),Total,,2.4,mg/l,True,0.1,,,LAC10-107-04-1J,UHL001,Actual,SW,Water,,,Clayton,07060004,River/Stream,,42.7497293,-91.2767798
6,10220001,Turkey River near Garber,11/03/2014 07:35:00,AMBIENT,NIT-NO3-NO2,Inorganic nitrogen (nitrate and nitrite) (AS N),Total,,6.2,mg/l,True,0.1,,,LAC10-107-04-1J,UHL001,Actual,SW,Water,,,Clayton,07060004,River/Stream,,42.739547,-91.2619757
6,10220002,Volga River near Elkport,07/08/2014 07:40:00,AMBIENT,NIT-NO3-NO2,Inorganic nitrogen (nitrate and nitrite) (AS N),Total,,8.8,mg/l,True,0.1,,,LAC10-107-04-1J,UHL001,Actual,SW,Water,,,Clayton,07060004,River/Stream,,42.7497293,-91.2767798
6,10220002,Volga River near Elkport,02/04/2014 07:40:00,AMBIENT,NIT-NO3-NO2,Inorganic nitrogen (nitrate and nitrite) (AS N),Total,,3.7,mg/l,True,0.1,,,LAC10-107-04-1J,UHL001,Actual,SW,Water,,,Clayton,07060004,River/Stream,,42.7497293,-91.2767798
6,10220002,Volga River near Elkport,01/02/2014 08:45:00,AMBIENT,NIT-NO3-NO2,Inorganic nitrogen (nitrate and nitrite) (AS N),Total,,3.7,mg/l,True,0.1,,,LAC10-107-04-1J,UHL001,Actual,SW,Water,,,Clayton,07060004,River/Stream,,42.7497293,-91.2767798
6,10220001,Turkey River near Garber,05/02/2013 12:05:00,AMBIENT,NIT-NO3-NO2,Inorganic nitrogen (nitrate and nitrite) (AS N),Total,,9.3,mg/l,True,0.1,,,LAC10-107-04-1J,UHL001,Actual,SW,Water,,,Clayton,07060004,River/Stream,,42.739547,-91.2619757
6,10220002,Volga River near Elkport,09/04/2013 08:30:00,AMBIENT,NIT-NO3-NO2,Inorganic nitrogen (nitrate and nitrite) (AS N),Total,,2.7,mg/l,True,0.1,,,LAC10-107-04-1J,UHL001,Actual,SW,Water,,,Clayton,07060004,River/Stream,,42.7497293,-91.2767798
6,10220002,Volga River near Elkport,03/07/2013 08:10:00,AMBIENT,NIT-NO3-NO2,Inorganic nitrogen (nitrate and nitrite) (AS N),Total,,3,mg/l,True,0.1,,,LAC10-107-04-1J,UHL001,Actual,SW,Water,,,Clayton,07060004,River/Stream,,42.7497293,-91.2767798
6,10220002,Volga River near Elkport,04/04/2013 08:00:00,AMBIENT,NIT-NO3-NO2,Inorganic nitrogen (nitrate and nitrite) (AS N),Total,,3.1,mg/l,True,0.1,,,LAC10-107-04-1J,UHL001,Actual,SW,Water,,,Clayton,07060004,River/Stream,,42.7497293,-91.2767798
6,10220002,Volga River near Elkport,05/06/2015 06:50:00,AMBIENT,NIT-NO3-NO2,Inorganic nitrogen (nitrate and nitrite) (AS N),Total,,5.3,mg/l,True,0.1,,,LAC10-107-04-1J,UHL001,Actual,SW,Water,,,Clayton,07060004,River/Stream,,42.7497293,-91.2767798
6,10220001,Turkey River near Garber,01/03/2013 09:05:00,AMBIENT,NIT-NO3-NO2,Inorganic nitrogen (nitrate and nitrite) (AS N),Total,,5,mg/l,True,0.1,,,LAC10-107-04-1J,UHL001,Actual,SW,Water,,,Clayton,07060004,River/Stream,,42.739547,-91.2619757
6,10220002,Volga River near Elkport,11/02/2011 14:10:00,TURKEYR,NIT-NO3-NO2,Inorganic nitrogen (nitrate and nitrite) (as N),Total,,3.1,mg/l,True,0.1,,,353.2,IGS-GRAB,Actual,SW,Water,,,Clayton,07060004,River/Stream,,42.7497293,-91.2767798
6,10220002,Volga River near Elkport,02/03/2015 08:15:00,AMBIENT,NIT-NO3-NO2,Inorganic nitrogen (nitrate and nitrite) (AS N),Total,,4.2,mg/l,True,0.1,,,LAC10-107-04-1J,UHL001,Actual,SW,Water,,,Clayton,07060004,River/Stream,,42.7497293,-91.2767798
6,10220002,Volga River near Elkport,11/07/2012 14:10:00,TURKEYR,NIT-NO3-NO2,Inorganic nitrogen (nitrate and nitrite) (as N),Total,,1.9,mg/l,True,0.1,,,LAC10-107-04-1J,IGS-GRAB,Actual,SW,Water,,,Clayton,07060004,River/Stream,,42.7497293,-91.2767798
6,10220002,Volga River near Elkport,07/02/2012 11:00:00,TURKEYR,NIT-NO3-NO2,Inorganic nitrogen (nitrate and nitrite) (as N),Total,,2.4,mg/l,True,0.1,,,LAC10-107-04-1J,IGS-GRAB,Actual,SW,Water,,,Clayton,07060004,River/Stream,,42.7497293,-91.2767798
6,10220002,Volga River near Elkport,05/02/2012 10:43:00,TURKEYR,NIT-NO3-NO2,Inorganic nitrogen (nitrate and nitrite) (as N),Total,,5.6,mg/l,True,0.1,,,LAC10-107-04-1J,IGS-GRAB,Actual,SW,Water,,,Clayton,07060004,River/Stream,,42.7497293,-91.2767798
6,10220002,Volga River near Elkport,04/04/2012 11:46:00,TURKEYR,NIT-NO3-NO2,Inorganic nitrogen (nitrate and nitrite) (as N),Total,,4.6,mg/l,True,0.1,,,LAC10-107-04-1J,IGS-GRAB,Actual,SW,Water,,,Clayton,07060004,River/Stream,,42.7497293,-91.2767798
6,10220002,Volga River near Elkport,09/05/2012 09:16:00,TURKEYR,NIT-NO3-NO2,Inorganic nitrogen (nitrate and nitrite) (as N),Total,,0.93,mg/l,True,0.1,,,LAC10-107-04-1J,IGS-GRAB,Actual,SW,Water,,,Clayton,07060004,River/Stream,,42.7497293,-91.2767798
6,10220002,Volga River near Elkport,12/04/2012 09:15:00,AMBIENT,NIT-NO3-NO2,Inorganic nitrogen (nitrate and nitrite) (as N),Total,,2.4,mg/l,True,0.1,,,LAC10-107-04-1J,UHL001,Actual,SW,Water,,,Clayton,07060004,River/Stream,,42.7497293,-91.2767798
6,10220002,Volga River near Elkport,09/10/2012 09:10:00,AMBIENT,NIT-NO3-NO2,Inorganic nitrogen (nitrate and nitrite) (as N),Total,,1.5,mg/l,True,0.1,,,LAC10-107-04-1J,UHL001,Actual,SW,Water,,,Clayton,07060004,River/Stream,,42.7497293,-91.2767798
6,10220002,Volga River near Elkport,08/01/2012 08:00:00,AMBIENT,NIT-NO3-NO2,Inorganic nitrogen (nitrate and nitrite) (as N),Total,,1.6,mg/l,True,0.1,,,LAC10-107-04-1J,UHL001,Actual,SW,Water,,,Clayton,07060004,River/Stream,,42.7497293,-91.2767798
6,10220002,Volga River near Elkport,05/03/2012 07:30:00,AMBIENT,NIT-NO3-NO2,Inorganic nitrogen (nitrate and nitrite) (as N),Total,,5.5,mg/l,True,0.1,,,LAC10-107-04-1J,UHL001,Actual,SW,Water,,,Clayton,07060004,River/Stream,,42.7497293,-91.2767798
6,10220002,Volga River near Elkport,06/04/2012 08:45:00,AMBIENT,NIT-NO3-NO2,Inorganic nitrogen (nitrate and nitrite) (as N),Total,,7.2,mg/l,True,0.1,,,LAC10-107-04-1J,UHL001,Actual,SW,Water,,,Clayton,07060004,River/Stream,,42.7497293,-91.2767798
6,10220002,Volga River near Elkport,09/07/2011 11:10:00,TURKEYR,NIT-NO3-NO2,Inorganic nitrogen (nitrate and nitrite) (as N),Total,,5.9,mg/l,True,0.1,,,353.2,IGS-GRAB,Actual,SW,Water,,,Clayton,07060004,River/Stream,,42.7497293,-91.2767798
6,10220002,Volga River near Elkport,04/05/2012 08:10:00,AMBIENT,NIT-NO3-NO2,Inorganic nitrogen (nitrate and nitrite) (as N),Total,,4.4,mg/l,True,0.1,,,LAC10-107-04-1J,UHL001,Actual,SW,Water,,,Clayton,07060004,River/Stream,,42.7497293,-91.2767798
6,10220002,Volga River near Elkport,11/02/2011 08:55:00,AMBIENT,NIT-NO3-NO2,Inorganic nitrogen (nitrate and nitrite) (as N),Total,,3.2,mg/l,True,0.1,,,353.2,UHL001,Actual,SW,Water,,,Clayton,07060004,River/Stream,,42.7497293,-91.2767798
6,10220002,Volga River near Elkport,05/04/2011 11:51:00,TURKEYR,NIT-NO3-NO2,Inorganic nitrogen (nitrate and nitrite) (as N),Total,,6.9,mg/l,True,0.1,,,353.2,IGS-GRAB,Actual,SW,Water,,,Clayton,07060004,River/Stream,,42.7497293,-91.2767798
6,10220002,Volga River near Elkport,08/03/2011 08:40:00,AMBIENT,NIT-NO3-NO2,Inorganic nitrogen (nitrate and nitrite) (as N),Total,,5.8,mg/l,True,0.1,,,353.2,UHL001,Actual,SW,Water,,,Clayton,07060004,River/Stream,,42.7497293,-91.2767798
6,10220002,Volga River near Elkport,07/05/2011 09:30:00,AMBIENT,NIT-NO3-NO2,Inorganic nitrogen (nitrate and nitrite) (as N),Total,,4.3,mg/l,True,0.1,,,353.2,UHL001,Actual,SW,Water,,,Clayton,07060004,River/Stream,,42.7497293,-91.2767798
6,10220002,Volga River near Elkport,04/04/2011 08:50:00,AMBIENT,NIT-NO3-NO2,Inorganic nitrogen (nitrate and nitrite) (as N),Total,,6.4,mg/l,True,0.1,,,353.2,UHL001,Actual,SW,Water,,,Clayton,07060004,River/Stream,,42.7497293,-91.2767798
6,10220002,Volga River near Elkport,02/07/2011 07:55:00,AMBIENT,NIT-NO3-NO2,Inorganic nitrogen (nitrate and nitrite) (as N),Total,,4.4,mg/l,True,0.1,,,353.2,UHL001,Actual,SW,Water,,,Clayton,07060004,River/Stream,,42.7497293,-91.2767798
6,10220002,Volga River near Elkport,01/04/2011 08:35:00,AMBIENT,NIT-NO3-NO2,Inorganic nitrogen (nitrate and nitrite) (as N),Total,,7,mg/l,True,0.1,,,353.2,UHL001,Actual,SW,Water,,,Clayton,07060004,River/Stream,,42.7497293,-91.2767798
6,10220002,Volga River near Elkport,10/04/2010 08:30:00,AMBIENT,NIT-NO3-NO2,Inorganic nitrogen (nitrate and nitrite) (as N),Total,,3.9,mg/l,True,0.1,,,353.2,UHL001,Actual,SW,Water,,,Clayton,07060004,River/Stream,,42.7497293,-91.2767798
6,10220002,Volga River near Elkport,09/02/2010 07:40:00,AMBIENT,NIT-NO3-NO2,Inorganic nitrogen (nitrate and nitrite) (as N),Total,,3.2,mg/l,True,0.1,,,353.2,UHL001,Actual,SW,Water,,,Clayton,07060004,River/Stream,,42.7497293,-91.2767798
6,10220002,Volga River near Elkport,08/05/2010 08:30:00,AMBIENT,NIT-NO3-NO2,Inorganic nitrogen (nitrate and nitrite) (as N),Total,,5.4,mg/l,True,0.1,,,353.2,UHL001,Actual,SW,Water,,,Clayton,07060004,River/Stream,,42.7497293,-91.2767798
6,10220002,Volga River near Elkport,07/07/2010 08:55:00,AMBIENT,NIT-NO3-NO2,Inorganic nitrogen (nitrate and nitrite) (as N),Total,,3.6,mg/l,True,0.1,,,353.2,UHL001,Actual,SW,Water,,,Clayton,07060004,River/Stream,,42.7497293,-91.2767798
6,10220002,Volga River near Elkport,06/03/2010 08:30:00,AMBIENT,NIT-NO3-NO2,Inorganic nitrogen (nitrate and nitrite) (as N),Total,,5,mg/l,True,0.1,,,353.2,UHL001,Actual,SW,Water,,,Clayton,07060004,River/Stream,,42.7497293,-91.2767798
6,10220002,Volga River near Elkport,03/01/2010 08:15:00,AMBIENT,NIT-NO3-NO2,Inorganic nitrogen (nitrate and nitrite) (as N),Total,,4.1,mg/l,True,0.1,,,353.2,UHL001,Actual,SW,Water,,,Clayton,07060004,River/Stream,,42.7497293,-91.2767798
6,10220002,Volga River near Elkport,09/05/2005 09:30:00,AMBIENT,NIT-NO3-NO2,Inorganic nitrogen (nitrate and nitrite) (as N),Total,,2.7,mg/l,True,0.05,,,353.2,UHL001,Actual,SW,Water,,,Clayton,07060004,River/Stream,,42.7497293,-91.2767798
6,10220002,Volga River near Elkport,05/03/2010 07:15:00,AMBIENT,NIT-NO3-NO2,Inorganic nitrogen (nitrate and nitrite) (as N),Total,,4.9,mg/l,True,0.1,,,353.2,UHL001,Actual,SW,Water,,,Clayton,07060004,River/Stream,,42.7497293,-91.2767798
6,10220002,Volga River near Elkport,01/06/2010 09:00:00,AMBIENT,NIT-NO3-NO2,Inorganic nitrogen (nitrate and nitrite) (as N),Total,,7.1,mg/l,True,0.1,,,353.2,UHL001,Actual,SW,Water,,,Clayton,07060004,River/Stream,,42.7497293,-91.2767798
6,10220002,Volga River near Elkport,09/08/2009 09:30:00,AMBIENT,NIT-NO3-NO2,Inorganic nitrogen (nitrate and nitrite) (as N),Total,,2.1,mg/l,True,0.1,,,353.2,UHL001,Actual,SW,Water,,,Clayton,07060004,River/Stream,,42.7497293,-91.2767798
6,10220002,Volga River near Elkport,06/10/2009 09:00:00,AMBIENT,NIT-NO3-NO2,Inorganic nitrogen (nitrate and nitrite) (as N),Total,,5.6,mg/l,True,0.05,,,353.2,UHL001,Actual,SW,Water,,,Clayton,07060004,River/Stream,,42.7497293,-91.2767798
6,10220002,Volga River near Elkport,08/11/2009 09:10:00,AMBIENT,NIT-NO3-NO2,Inorganic nitrogen (nitrate and nitrite) (as N),Total,,2.6,mg/l,True,0.05,,,353.2,UHL001,Actual,SW,Water,,,Clayton,07060004,River/Stream,,42.7497293,-91.2767798
6,10220002,Volga River near Elkport,04/06/2009 08:15:00,AMBIENT,NIT-NO3-NO2,Inorganic nitrogen (nitrate and nitrite) (as N),Total,,3.2,mg/l,True,0.05,,,353.2,UHL001,Actual,SW,Water,,,Clayton,07060004,River/Stream,,42.7497293,-91.2767798
6,10220002,Volga River near Elkport,08/13/2008 06:30:00,AMBIENT,NIT-NO3-NO2,Inorganic nitrogen (nitrate and nitrite) (as N),Total,,3.8,mg/l,True,0.05,,,353.2,UHL001,Actual,SW,Water,,,Clayton,07060004,River/Stream,,42.7497293,-91.2767798
6,10220002,Volga River near Elkport,07/09/2008 08:45:00,AMBIENT,NIT-NO3-NO2,Inorganic nitrogen (nitrate and nitrite) (as N),Total,,4.1,mg/l,True,0.05,,,353.2,UHL001,Actual,SW,Water,,,Clayton,07060004,River/Stream,,42.7497293,-91.2767798
6,10220002,Volga River near Elkport,05/07/2008 08:15:00,AMBIENT,NIT-NO3-NO2,Inorganic nitrogen (nitrate and nitrite) (as N),Total,,5.6,mg/l,True,0.05,,,353.2,UHL001,Actual,SW,Water,,,Clayton,07060004,River/Stream,,42.7497293,-91.2767798
6,10220002,Volga River near Elkport,03/10/2008 08:10:00,AMBIENT,NIT-NO3-NO2,Inorganic nitrogen (nitrate and nitrite) (as N),Total,,4.6,mg/l,True,0.05,,,353.2,UHL001,Actual,SW,Water,,,Clayton,07060004,River/Stream,,42.7497293,-91.2767798
6,10220002,Volga River near Elkport,04/09/2008 08:00:00,AMBIENT,NIT-NO3-NO2,Inorganic nitrogen (nitrate and nitrite) (as N),Total,,5.6,mg/l,True,0.05,,,353.2,UHL001,Actual,SW,Water,,,Clayton,07060004,River/Stream,,42.7497293,-91.2767798
6,10220002,Volga River near Elkport,02/12/2008 08:00:00,AMBIENT,NIT-NO3-NO2,Inorganic nitrogen (nitrate and nitrite) (as N),Total,,5.2,mg/l,True,0.05,,,353.2,UHL001,Actual,SW,Water,,,Clayton,07060004,River/Stream,,42.7497293,-91.2767798
6,10220002,Volga River near Elkport,01/03/2008 08:00:00,AMBIENT,NIT-NO3-NO2,Inorganic nitrogen (nitrate and nitrite) (as N),Total,,5.3,mg/l,True,0.05,,,353.2,UHL001,Actual,SW,Water,,,Clayton,07060004,River/Stream,,42.7497293,-91.2767798
6,10220002,Volga River near Elkport,10/09/2007 08:30:00,AMBIENT,NIT-NO3-NO2,Inorganic nitrogen (nitrate and nitrite) (as N),Total,,6,mg/l,True,0.05,,,353.2,UHL001,Actual,SW,Water,,,Clayton,07060004,River/Stream,,42.7497293,-91.2767798
6,10220002,Volga River near Elkport,08/02/2007 09:00:00,AMBIENT,NIT-NO3-NO2,Inorganic nitrogen (nitrate and nitrite) (as N),Total,,3.9,mg/l,True,0.05,,,353.2,UHL001,Actual,SW,Water,,,Clayton,07060004,River/Stream,,42.7497293,-91.2767798
6,10220002,Volga River near Elkport,06/13/2007 07:55:00,AMBIENT,NIT-NO3-NO2,Inorganic nitrogen (nitrate and nitrite) (as N),Total,,9.3,mg/l,True,0.05,,,353.2,UHL001,Actual,SW,Water,,,Clayton,07060004,River/Stream,,42.7497293,-91.2767798
6,10220002,Volga River near Elkport,02/21/2007 08:50:00,AMBIENT,NIT-NO3-NO2,Inorganic nitrogen (nitrate and nitrite) (as N),Total,,4.7,mg/l,True,0.05,,,353.2,UHL001,Actual,SW,Water,,,Clayton,07060004,River/Stream,,42.7497293,-91.2767798
6,10220002,Volga River near Elkport,05/08/2007 07:50:00,AMBIENT,NIT-NO3-NO2,Inorganic nitrogen (nitrate and nitrite) (as N),Total,,7,mg/l,True,0.05,,,353.2,UHL001,Actual,SW,Water,,,Clayton,07060004,River/Stream,,42.7497293,-91.2767798
6,10220002,Volga River near Elkport,01/04/2007 07:20:00,AMBIENT,NIT-NO3-NO2,Inorganic nitrogen (nitrate and nitrite) (as N),Total,,9.6,mg/l,True,0.05,,,353.2,UHL001,Actual,SW,Water,,,Clayton,07060004,River/Stream,,42.7497293,-91.2767798
6,10220002,Volga River near Elkport,12/07/2006 08:25:00,AMBIENT,NIT-NO3-NO2,Inorganic nitrogen (nitrate and nitrite) (as N),Total,,8.8,mg/l,True,0.05,,,353.2,UHL001,Actual,SW,Water,,,Clayton,07060004,River/Stream,,42.7497293,-91.2767798
6,10220002,Volga River near Elkport,10/04/2006 09:45:00,AMBIENT,NIT-NO3-NO2,Inorganic nitrogen (nitrate and nitrite) (as N),Total,,3.8,mg/l,True,0.05,,,353.2,UHL001,Actual,SW,Water,,,Clayton,07060004,River/Stream,,42.7497293,-91.2767798
6,10220002,Volga River near Elkport,05/02/2006 08:40:00,AMBIENT,NIT-NO3-NO2,Inorganic nitrogen (nitrate and nitrite) (as N),Total,,9.2,mg/l,True,0.05,,,353.2,UHL001,Actual,SW,Water,,,Clayton,07060004,River/Stream,,42.7497293,-91.2767798
6,10220002,Volga River near Elkport,03/07/2006 09:10:00,AMBIENT,NIT-NO3-NO2,Inorganic nitrogen (nitrate and nitrite) (as N),Total,,4.6,mg/l,True,0.05,,,353.2,UHL001,Actual,SW,Water,,,Clayton,07060004,River/Stream,,42.7497293,-91.2767798
6,10220002,Volga River near Elkport,02/07/2006 08:20:00,AMBIENT,NIT-NO3-NO2,Inorganic nitrogen (nitrate and nitrite) (as N),Total,,7,mg/l,True,0.05,,,353.2,UHL001,Actual,SW,Water,,,Clayton,07060004,River/Stream,,42.7497293,-91.2767798
6,10220002,Volga River near Elkport,12/06/2005 09:55:00,AMBIENT,NIT-NO3-NO2,Inorganic nitrogen (nitrate and nitrite) (as N),Total,,8.2,mg/l,True,0.05,,,353.2,UHL001,Actual,SW,Water,,,Clayton,07060004,River/Stream,,42.7497293,-91.2767798
6,10220002,Volga River near Elkport,10/11/2005 09:25:00,AMBIENT,NIT-NO3-NO2,Inorganic nitrogen (nitrate and nitrite) (as N),Total,,4.3,mg/l,True,0.05,,,353.2,UHL001,Actual,SW,Water,,,Clayton,07060004,River/Stream,,42.7497293,-91.2767798
6,10220002,Volga River near Elkport,08/02/2005 11:10:00,AMBIENT,NIT-NO3-NO2,Inorganic nitrogen (nitrate and nitrite) (as N),Total,,3.2,mg/l,True,0.05,,,353.2,UHL001,Actual,SW,Water,,,Clayton,07060004,River/Stream,,42.7497293,-91.2767798
6,10220002,Volga River near Elkport,05/03/2005 09:30:00,AMBIENT,NIT-NO3-NO2,Inorganic nitrogen (nitrate and nitrite) (as N),Total,,4.5,mg/l,True,0.05,,,353.2,UHL001,Actual,SW,Water,,,Clayton,07060004,River/Stream,,42.7497293,-91.2767798
6,10220002,Volga River near Elkport,04/05/2005 07:45:00,AMBIENT,NIT-NO3-NO2,Inorganic nitrogen (nitrate and nitrite) (as N),Total,,4.4,mg/l,True,0.05,,,353.2,UHL001,Actual,SW,Water,,,Clayton,07060004,River/Stream,,42.7497293,-91.2767798
6,10220002,Volga River near Elkport,03/01/2005 09:30:00,AMBIENT,NIT-NO3-NO2,Inorganic nitrogen (nitrate and nitrite) (as N),Total,,5,mg/l,True,0.05,,,353.2,UHL001,Actual,SW,Water,,,Clayton,07060004,River/Stream,,42.7497293,-91.2767798
6,10220002,Volga River near Elkport,11/09/2004 08:55:00,AMBIENT,NIT-NO3-NO2,Inorganic nitrogen (nitrate and nitrite) (as N),Total,,3.3,mg/l,True,0.05,,,353.2,UHL001,Actual,SW,Water,,,Clayton,07060004,River/Stream,,42.7497293,-91.2767798
6,10220002,Volga River near Elkport,12/07/2004 08:40:00,AMBIENT,NIT-NO3-NO2,Inorganic nitrogen (nitrate and nitrite) (as N),Total,,3.8,mg/l,True,0.05,,,353.2,UHL001,Actual,SW,Water,,,Clayton,07060004,River/Stream,,42.7497293,-91.2767798
6,10220002,Volga River near Elkport,09/07/2004 07:40:00,AMBIENT,NIT-NO3-NO2,Inorganic nitrogen (nitrate and nitrite) (as N),Total,,3.4,mg/l,True,0.05,,,353.2,UHL001,Actual,SW,Water,,,Clayton,07060004,River/Stream,,42.7497293,-91.2767798
6,10220002,Volga River near Elkport,07/06/2004 09:45:00,AMBIENT,NIT-NO3-NO2,Inorganic nitrogen (nitrate and nitrite) (as N),Total,,1,mg/l,True,0.05,,,353.2,UHL001,Actual,SW,Water,,,Clayton,07060004,River/Stream,,42.7497293,-91.2767798
6,10220002,Volga River near Elkport,06/01/2004 08:10:00,AMBIENT,NIT-NO3-NO2,Inorganic nitrogen (nitrate and nitrite) (as N),Total,,7.5,mg/l,True,0.05,,,353.2,UHL001,Actual,SW,Water,,,Clayton,07060004,River/Stream,,42.7497293,-91.2767798
6,10220002,Volga River near Elkport,05/04/2004 09:05:00,AMBIENT,NIT-NO3-NO2,Inorganic nitrogen (nitrate and nitrite) (as N),Total,,5.8,mg/l,True,0.05,,,353.2,UHL001,Actual,SW,Water,,,Clayton,07060004,River/Stream,,42.7497293,-91.2767798
6,10220002,Volga River near Elkport,04/06/2004 09:30:00,AMBIENT,NIT-NO3-NO2,Inorganic nitrogen (nitrate and nitrite) (as N),Total,,8.5,mg/l,True,0.05,,,353.2,UHL001,Actual,SW,Water,,,Clayton,07060004,River/Stream,,42.7497293,-91.2767798
6,10220002,Volga River near Elkport,02/03/2004 10:15:00,AMBIENT,NIT-NO3-NO2,Inorganic nitrogen (nitrate and nitrite) (as N),Total,,3.6,mg/l,True,0.1,,,353.2,UHL001,Actual,SW,Water,,,Clayton,07060004,River/Stream,,42.7497293,-91.2767798
6,10220002,Volga River near Elkport,08/05/2003 08:35:00,AMBIENT,NIT-NO3-NO2,Inorganic nitrogen (nitrate and nitrite) (as N),Total,,3.4,mg/l,True,0.1,,,353.2,UHL001,Actual,SW,Water,,,Clayton,07060004,River/Stream,,42.7497293,-91.2767798
6,10220002,Volga River near Elkport,07/08/2003 08:20:00,AMBIENT,NIT-NO3-NO2,Inorganic nitrogen (nitrate and nitrite) (as N),Total,,4.1,mg/l,True,0.1,,,353.2,UHL001,Actual,SW,Water,,,Clayton,07060004,River/Stream,,42.7497293,-91.2767798
6,10220002,Volga River near Elkport,03/04/2003 09:00:00,AMBIENT,NIT-NO3-NO2,Inorganic nitrogen (nitrate and nitrite) (as N),Total,,3.2,mg/l,True,0.1,,,353.2,UHL001,Actual,SW,Water,,,Clayton,07060004,River/Stream,,42.7497293,-91.2767798
6,10220002,Volga River near Elkport,04/01/2003 08:30:00,AMBIENT,NIT-NO3-NO2,Inorganic nitrogen (nitrate and nitrite) (as N),Total,,2.2,mg/l,True,0.1,,,353.2,UHL001,Actual,SW,Water,,,Clayton,07060004,River/Stream,,42.7497293,-91.2767798
6,10220002,Volga River near Elkport,12/09/1998 09:15:00,AMBIENT,NIT-NO3-NO2,Inorganic nitrogen (nitrate and nitrite) (as N),Total,,5.5,mg/l,True,0.1,,,Unknown,UHL001,Actual,SW,Water,,,Clayton,07060004,River/Stream,,42.7497293,-91.2767798
6,10220002,Volga River near Elkport,11/09/1998 10:35:00,AMBIENT,NIT-NO3-NO2,Inorganic nitrogen (nitrate and nitrite) (as N),Total,,5.5,mg/l,True,0.1,,,Unknown,UHL001,Actual,SW,Water,,,Clayton,07060004,River/Stream,,42.7497293,-91.2767798
6,10220002,Volga River near Elkport,09/14/1999 09:10:00,AMBIENT,NIT-NO3-NO2,Inorganic nitrogen (nitrate and nitrite) (as N),Total,,3.8,mg/l,True,0.1,,,Unknown,UHL001,Actual,SW,Water,,,Clayton,07060004,River/Stream,,42.7497293,-91.2767798
6,10220002,Volga River near Elkport,08/17/1999 10:45:00,AMBIENT,NIT-NO3-NO2,Inorganic nitrogen (nitrate and nitrite) (as N),Total,,4.2,mg/l,True,0.1,,,Unknown,UHL001,Actual,SW,Water,,,Clayton,07060004,River/Stream,,42.7497293,-91.2767798
6,10220002,Volga River near Elkport,06/10/1999 08:30:00,AMBIENT,NIT-NO3-NO2,Inorganic nitrogen (nitrate and nitrite) (as N),Total,,8.5,mg/l,True,0.1,,,Unknown,UHL001,Actual,SW,Water,,,Clayton,07060004,River/Stream,,42.7497293,-91.2767798
6,10220002,Volga River near Elkport,05/11/1999 12:20:00,AMBIENT,NIT-NO3-NO2,Inorganic nitrogen (nitrate and nitrite) (as N),Total,,6.9,mg/l,True,0.1,,,Unknown,UHL001,Actual,SW,Water,,,Clayton,07060004,River/Stream,,42.7497293,-91.2767798
6,10220002,Volga River near Elkport,03/11/1999 09:00:00,AMBIENT,NIT-NO3-NO2,Inorganic nitrogen (nitrate and nitrite) (as N),Total,,5.1,mg/l,True,0.1,,,Unknown,UHL001,Actual,SW,Water,,,Clayton,07060004,River/Stream,,42.7497293,-91.2767798
6,10220002,Volga River near Elkport,10/02/2001 08:35:00,AMBIENT,NIT-NO3-NO2,Inorganic nitrogen (nitrate and nitrite) (as N),Total,,4.3,mg/l,True,0.1,,,Unknown,UHL001,Actual,SW,Water,,,Clayton,07060004,River/Stream,,42.7497293,-91.2767798
6,10220002,Volga River near Elkport,03/05/2002 09:55:00,AMBIENT,NIT-NO3-NO2,Inorganic nitrogen (nitrate and nitrite) (as N),Total,,6.5,mg/l,True,0.1,,,Unknown,UHL001,Actual,SW,Water,,,Clayton,07060004,River/Stream,,42.7497293,-91.2767798
6,10220002,Volga River near Elkport,02/09/1999 09:15:00,AMBIENT,NIT-NO3-NO2,Inorganic nitrogen (nitrate and nitrite) (as N),Total,,4,mg/l,True,0.1,,,Unknown,UHL001,Actual,SW,Water,,,Clayton,07060004,River/Stream,,42.7497293,-91.2767798
6,10220002,Volga River near Elkport,01/02/2002 10:45:00,AMBIENT,NIT-NO3-NO2,Inorganic nitrogen (nitrate and nitrite) (as N),Total,,6.6,mg/l,True,0.1,,,Unknown,UHL001,Actual,SW,Water,,,Clayton,07060004,River/Stream,,42.7497293,-91.2767798
6,10220002,Volga River near Elkport,02/23/2000 10:55:00,AMBIENT,NIT-NO3-NO2,Inorganic nitrogen (nitrate and nitrite) (as N),Total,,3.2,mg/l,True,0.1,,,Unknown,UHL001,Actual,SW,Water,,,Clayton,07060004,River/Stream,,42.7497293,-91.2767798
6,10220003,Bloody Run Creek Site #1 (BR01),06/06/1995 07:30:00,SNY319,NIT-NO3-NO2,Inorganic nitrogen (nitrate and nitrite) (as N),Total,,5.3,mg/l,True,0.1,,,Unknown,SNY001,Actual,SW,Water,,,Clayton,07060001,River/Stream,,43.0404991,-91.2055504
6,10220002,Volga River near Elkport,09/20/2000 11:25:00,AMBIENT,NIT-NO3-NO2,Inorganic nitrogen (nitrate and nitrite) (as N),Total,,2.2,mg/l,True,0.1,,,Unknown,UHL001,Actual,SW,Water,,,Clayton,07060004,River/Stream,,42.7497293,-91.2767798
6,10220002,Volga River near Elkport,03/21/2000 12:00:00,AMBIENT,NIT-NO3-NO2,Inorganic nitrogen (nitrate and nitrite) (as N),Total,,4,mg/l,True,0.1,,,Unknown,UHL001,Actual,SW,Water,,,Clayton,07060004,River/Stream,,42.7497293,-91.2767798
6,10220003,Bloody Run Creek Site #1 (BR01),05/16/1995 09:25:00,SNY319,NIT-NO3-NO2,Inorganic nitrogen (nitrate and nitrite) (as N),Total,,7.2,mg/l,True,0.1,,,Unknown,SNY001,Actual,SW,Water,,,Clayton,07060001,River/Stream,,43.0404991,-91.2055504
6,10220003,Bloody Run Creek Site #1 (BR01),05/09/1995 13:15:00,SNY319,NIT-NO3-NO2,Inorganic nitrogen (nitrate and nitrite) (as N),Total,,5.2,mg/l,True,0.1,,,Unknown,SNY001,Actual,SW,Water,,,Clayton,07060001,River/Stream,,43.0404991,-91.2055504
6,10220003,Bloody Run Creek Site #1 (BR01),05/30/1995 13:15:00,SNY319,NIT-NO3-NO2,Inorganic nitrogen (nitrate and nitrite) (as N),Total,,4.4,mg/l,True,0.1,,,Unknown,SNY001,Actual,SW,Water,,,Clayton,07060001,River/Stream,,43.0404991,-91.2055504
6,10220002,Volga River near Elkport,05/07/2002 10:50:00,AMBIENT,NIT-NO3-NO2,Inorganic nitrogen (nitrate and nitrite) (as N),Total,,5.9,mg/l,True,0.1,,,Unknown,UHL001,Actual,SW,Water,,,Clayton,07060004,River/Stream,,42.7497293,-91.2767798
6,10220002,Volga River near Elkport,09/11/2002 12:15:00,AMBIENT,NIT-NO3-NO2,Inorganic nitrogen (nitrate and nitrite) (as N),Total,,1.4,mg/l,True,0.1,,,Unknown,UHL001,Actual,SW,Water,,,Clayton,07060004,River/Stream,,42.7497293,-91.2767798
6,10220002,Volga River near Elkport,05/03/2001 07:30:00,AMBIENT,NIT-NO3-NO2,Inorganic nitrogen (nitrate and nitrite) (as N),Total,,3.3,mg/l,True,0.1,,,Unknown,UHL001,Actual,SW,Water,,,Clayton,07060004,River/Stream,,42.7497293,-91.2767798
6,10220002,Volga River near Elkport,03/08/2001 08:30:00,AMBIENT,NIT-NO3-NO2,Inorganic nitrogen (nitrate and nitrite) (as N),Total,,5.2,mg/l,True,0.1,,,Unknown,UHL001,Actual,SW,Water,,,Clayton,07060004,River/Stream,,42.7497293,-91.2767798
6,10220002,Volga River near Elkport,07/05/2001 08:45:00,AMBIENT,NIT-NO3-NO2,Inorganic nitrogen (nitrate and nitrite) (as N),Total,,8.7,mg/l,True,0.1,,,Unknown,UHL001,Actual,SW,Water,,,Clayton,07060004,River/Stream,,42.7497293,-91.2767798
6,10220002,Volga River near Elkport,10/09/2000 08:25:00,AMBIENT,NIT-NO3-NO2,Inorganic nitrogen (nitrate and nitrite) (as N),Total,,2.8,mg/l,True,0.1,,,Unknown,UHL001,Actual,SW,Water,,,Clayton,07060004,River/Stream,,42.7497293,-91.2767798
6,10220002,Volga River near Elkport,09/12/2001 10:10:00,AMBIENT,NIT-NO3-NO2,Inorganic nitrogen (nitrate and nitrite) (as N),Total,,5.3,mg/l,True,0.1,,,Unknown,UHL001,Actual,SW,Water,,,Clayton,07060004,River/Stream,,42.7497293,-91.2767798
6,10220002,Volga River near Elkport,08/01/2001 12:30:00,AMBIENT,NIT-NO3-NO2,Inorganic nitrogen (nitrate and nitrite) (as N),Total,,3.2,mg/l,True,0.1,,,Unknown,UHL001,Actual,SW,Water,,,Clayton,07060004,River/Stream,,42.7497293,-91.2767798
6,10220003,Bloody Run Creek Site #1 (BR01),01/24/1995 13:00:00,SNY319,NIT-NO3-NO2,Inorganic nitrogen (nitrate and nitrite) (as N),Total,,5.7,mg/l,True,0.1,,,Unknown,SNY001,Actual,SW,Water,,,Clayton,07060001,River/Stream,,43.0404991,-91.2055504
6,10220003,Bloody Run Creek Site #1 (BR01),01/03/1995 13:00:00,SNY319,NIT-NO3-NO2,Inorganic nitrogen (nitrate and nitrite) (as N),Total,,6.3,mg/l,True,0.1,,,Unknown,SNY001,Actual,SW,Water,,,Clayton,07060001,River/Stream,,43.0404991,-91.2055504
6,10220003,Bloody Run Creek Site #1 (BR01),02/14/1995 11:50:00,SNY319,NIT-NO3-NO2,Inorganic nitrogen (nitrate and nitrite) (as N),Total,,6.1,mg/l,True,0.1,,,Unknown,SNY001,Actual,SW,Water,,,Clayton,07060001,River/Stream,,43.0404991,-91.2055504
6,10220003,Bloody Run Creek Site #1 (BR01),01/31/1995 09:20:00,SNY319,NIT-NO3-NO2,Inorganic nitrogen (nitrate and nitrite) (as N),Total,,5.9,mg/l,True,0.1,,,Unknown,SNY001,Actual,SW,Water,,,Clayton,07060001,River/Stream,,43.0404991,-91.2055504
6,10220003,Bloody Run Creek Site #1 (BR01),02/21/1995 10:00:00,SNY319,NIT-NO3-NO2,Inorganic nitrogen (nitrate and nitrite) (as N),Total,,4.4,mg/l,True,0.1,,,Unknown,SNY001,Actual,SW,Water,,,Clayton,07060001,River/Stream,,43.0404991,-91.2055504
6,10220003,Bloody Run Creek Site #1 (BR01),03/28/1995 09:40:00,SNY319,NIT-NO3-NO2,Inorganic nitrogen (nitrate and nitrite) (as N),Total,,4.9,mg/l,True,0.1,,,Unknown,SNY001,Actual,SW,Water,,,Clayton,07060001,River/Stream,,43.0404991,-91.2055504
6,10220003,Bloody Run Creek Site #1 (BR01),03/07/1995 13:30:00,SNY319,NIT-NO3-NO2,Inorganic nitrogen (nitrate and nitrite) (as N),Total,,5,mg/l,True,0.1,,,Unknown,SNY001,Actual,SW,Water,,,Clayton,07060001,River/Stream,,43.0404991,-91.2055504
6,10220003,Bloody Run Creek Site #1 (BR01),03/14/1995 13:50:00,SNY319,NIT-NO3-NO2,Inorganic nitrogen (nitrate and nitrite) (as N),Total,,5.1,mg/l,True,0.1,,,Unknown,SNY001,Actual,SW,Water,,,Clayton,07060001,River/Stream,,43.0404991,-91.2055504
6,10220003,Bloody Run Creek Site #1 (BR01),04/25/1995 08:50:00,SNY319,NIT-NO3-NO2,Inorganic nitrogen (nitrate and nitrite) (as N),Total,,6,mg/l,True,0.1,,,Unknown,SNY001,Actual,SW,Water,,,Clayton,07060001,River/Stream,,43.0404991,-91.2055504
6,10220003,Bloody Run Creek Site #1 (BR01),04/04/1995 13:05:00,SNY319,NIT-NO3-NO2,Inorganic nitrogen (nitrate and nitrite) (as N),Total,,5,mg/l,True,0.1,,,Unknown,SNY001,Actual,SW,Water,,,Clayton,07060001,River/Stream,,43.0404991,-91.2055504
6,10220003,Bloody Run Creek Site #1 (BR01),04/18/1995 09:45:00,SNY319,NIT-NO3-NO2,Inorganic nitrogen (nitrate and nitrite) (as N),Total,,6.1,mg/l,True,0.1,,,Unknown,SNY001,Actual,SW,Water,,,Clayton,07060001,River/Stream,,43.0404991,-91.2055504
6,10220002,Volga River near Elkport,09/07/2001 13:20:00,EVENT,NIT-NO3-NO2,Inorganic nitrogen (nitrate and nitrite) (as N),Total,,2.1,mg/l,True,0.1,,,Unknown,UHL001,Actual,SW,Water,,,Clayton,07060004,River/Stream,,42.7497293,-91.2767798
6,10220003,Bloody Run Creek Site #1 (BR01),08/30/1994 09:15:00,SNY319,NIT-NO3-NO2,Inorganic nitrogen (nitrate and nitrite) (as N),Total,,4.9,mg/l,True,0.1,,,Unknown,SNY001,Actual,SW,Water,,,Clayton,07060001,River/Stream,,43.0404991,-91.2055504
6,10220002,Volga River near Elkport,05/08/2001 09:10:00,EVENT,NIT-NO3-NO2,Inorganic nitrogen (nitrate and nitrite) (as N),Total,,8.9,mg/l,True,0.1,,,Unknown,UHL001,Actual,SW,Water,,,Clayton,07060004,River/Stream,,42.7497293,-91.2767798
6,10220002,Volga River near Elkport,05/30/2002 10:55:00,EVENT,NIT-NO3-NO2,Inorganic nitrogen (nitrate and nitrite) (as N),Total,,2.3,mg/l,True,0.1,,,353.2,UHL001,Actual,SW,Water,,,Clayton,07060004,River/Stream,,42.7497293,-91.2767798
6,10220003,Bloody Run Creek Site #1 (BR01),09/06/1994 14:35:00,SNY319,NIT-NO3-NO2,Inorganic nitrogen (nitrate and nitrite) (as N),Total,,5.2,mg/l,True,0.1,,,Unknown,SNY001,Actual,SW,Water,,,Clayton,07060001,River/Stream,,43.0404991,-91.2055504
6,10220001,Turkey River near Garber,08/07/2013 12:01:00,TURKEYR,NIT-NO3-NO2,Inorganic nitrogen (nitrate and nitrite) (AS N),Total,,5.8,mg/l,True,0.1,,,LAC10-107-04-1J,UHL001,Actual,SW,Water,,,Clayton,07060004,River/Stream,,42.739547,-91.2619757
6,10220001,Turkey River near Garber,11/06/2013 12:07:00,TURKEYR,NIT-NO3-NO2,Inorganic nitrogen (nitrate and nitrite) (AS N),Total,,5,mg/l,True,0.1,,,LAC10-107-04-1J,UHL001,Actual,SW,Water,,,Clayton,07060004,River/Stream,,42.739547,-91.2619757
6,10220003,Bloody Run Creek Site #1 (BR01),10/11/1994 13:55:00,SNY319,NIT-NO3-NO2,Inorganic nitrogen (nitrate and nitrite) (as N),Total,,5.6,mg/l,True,0.1,,,Unknown,SNY001,Actual,SW,Water,,,Clayton,07060001,River/Stream,,43.0404991,-91.2055504
6,10220003,Bloody Run Creek Site #1 (BR01),11/01/1994 10:00:00,SNY319,NIT-NO3-NO2,Inorganic nitrogen (nitrate and nitrite) (as N),Total,,5.4,mg/l,True,0.1,,,Unknown,SNY001,Actual,SW,Water,,,Clayton,07060001,River/Stream,,43.0404991,-91.2055504
6,10220003,Bloody Run Creek Site #1 (BR01),10/18/1994 10:30:00,SNY319,NIT-NO3-NO2,Inorganic nitrogen (nitrate and nitrite) (as N),Total,,5.2,mg/l,True,0.1,,,Unknown,SNY001,Actual,SW,Water,,,Clayton,07060001,River/Stream,,43.0404991,-91.2055504
6,10220003,Bloody Run Creek Site #1 (BR01),11/08/1994 15:10:00,SNY319,NIT-NO3-NO2,Inorganic nitrogen (nitrate and nitrite) (as N),Total,,5.7,mg/l,True,0.1,,,Unknown,SNY001,Actual,SW,Water,,,Clayton,07060001,River/Stream,,43.0404991,-91.2055504
6,10220003,Bloody Run Creek Site #1 (BR01),11/22/1994 13:00:00,SNY319,NIT-NO3-NO2,Inorganic nitrogen (nitrate and nitrite) (as N),Total,,5.8,mg/l,True,0.1,,,Unknown,SNY001,Actual,SW,Water,,,Clayton,07060001,River/Stream,,43.0404991,-91.2055504
6,10220003,Bloody Run Creek Site #1 (BR01),11/29/1994 09:10:00,SNY319,NIT-NO3-NO2,Inorganic nitrogen (nitrate and nitrite) (as N),Total,,6.2,mg/l,True,0.1,,,Unknown,SNY001,Actual,SW,Water,,,Clayton,07060001,River/Stream,,43.0404991,-91.2055504
6,10220003,Bloody Run Creek Site #1 (BR01),12/13/1994 13:20:00,SNY319,NIT-NO3-NO2,Inorganic nitrogen (nitrate and nitrite) (as N),Total,,6,mg/l,True,0.1,,,Unknown,SNY001,Actual,SW,Water,,,Clayton,07060001,River/Stream,,43.0404991,-91.2055504
6,10220003,Bloody Run Creek Site #1 (BR01),12/20/1994 09:30:00,SNY319,NIT-NO3-NO2,Inorganic nitrogen (nitrate and nitrite) (as N),Total,,6.3,mg/l,True,0.1,,,Unknown,SNY001,Actual,SW,Water,,,Clayton,07060001,River/Stream,,43.0404991,-91.2055504
6,10220002,Volga River near Elkport,04/29/2002 10:30:00,EVENT,NIT-NO3-NO2,Inorganic nitrogen (nitrate and nitrite) (as N),Total,,4.6,mg/l,True,0.1,,,353.2,UHL001,Actual,SW,Water,,,Clayton,07060004,River/Stream,,42.7497293,-91.2767798
6,10220002,Volga River near Elkport,08/23/2002 13:00:00,EVENT,NIT-NO3-NO2,Inorganic nitrogen (nitrate and nitrite) (as N),Total,,1.3,mg/l,True,0.1,,,Unknown,UHL001,Actual,SW,Water,,,Clayton,07060004,River/Stream,,42.7497293,-91.2767798
6,10220001,Turkey River near Garber,06/05/2013 11:15:00,TURKEYR,NIT-NO3-NO2,Inorganic nitrogen (nitrate and nitrite) (AS N),Total,,12,mg/l,True,0.1,,,LAC10-107-04-1J,UHL001,Actual,SW,Water,,,Clayton,07060004,River/Stream,,42.739547,-91.2619757
6,10220001,Turkey River near Garber,07/10/2013 09:47:00,TURKEYR,NIT-NO3-NO2,Inorganic nitrogen (nitrate and nitrite) (AS N),Total,,8,mg/l,True,0.1,,,LAC10-107-04-1J,UHL001,Actual,SW,Water,,,Clayton,07060004,River/Stream,,42.739547,-91.2619757
6,10220001,Turkey River near Garber,04/01/2014 07:50:00,AMBIENT,NIT-NO3-NO2,Inorganic nitrogen (nitrate and nitrite) (AS N),Total,,3.4,mg/l,True,0.1,,,LAC10-107-04-1J,UHL001,Actual,SW,Water,,,Clayton,07060004,River/Stream,,42.739547,-91.2619757
6,10220001,Turkey River near Garber,07/08/2014 08:00:00,AMBIENT,NIT-NO3-NO2,Inorganic nitrogen (nitrate and nitrite) (AS N),Total,,11,mg/l,True,0.1,,,LAC10-107-04-1J,UHL001,Actual,SW,Water,,,Clayton,07060004,River/Stream,,42.739547,-91.2619757
6,10220001,Turkey River near Garber,06/10/2014 08:20:00,AMBIENT,NIT-NO3-NO2,Inorganic nitrogen (nitrate and nitrite) (AS N),Total,,7.4,mg/l,True,0.1,,,LAC10-107-04-1J,UHL001,Actual,SW,Water,,,Clayton,07060004,River/Stream,,42.739547,-91.2619757
6,10220001,Turkey River near Garber,10/02/2013 09:50:00,AMBIENT,NIT-NO3-NO2,Inorganic nitrogen (nitrate and nitrite) (AS N),Total,,4.3,mg/l,True,0.1,,,LAC10-107-04-1J,UHL001,Actual,SW,Water,,,Clayton,07060004,River/Stream,,42.739547,-91.2619757
6,10220001,Turkey River near Garber,01/02/2014 09:15:00,AMBIENT,NIT-NO3-NO2,Inorganic nitrogen (nitrate and nitrite) (AS N),Total,,6.7,mg/l,True,0.1,,,LAC10-107-04-1J,UHL001,Actual,SW,Water,,,Clayton,07060004,River/Stream,,42.739547,-91.2619757
6,10220001,Turkey River near Garber,04/04/2013 08:20:00,AMBIENT,NIT-NO3-NO2,Inorganic nitrogen (nitrate and nitrite) (AS N),Total,,2.2,mg/l,True,0.1,,,LAC10-107-04-1J,UHL001,Actual,SW,Water,,,Clayton,07060004,River/Stream,,42.739547,-91.2619757
6,10220001,Turkey River near Garber,09/04/2013 09:00:00,AMBIENT,NIT-NO3-NO2,Inorganic nitrogen (nitrate and nitrite) (AS N),Total,,5.2,mg/l,True,0.1,,,LAC10-107-04-1J,UHL001,Actual,SW,Water,,,Clayton,07060004,River/Stream,,42.739547,-91.2619757
6,10220001,Turkey River near Garber,07/02/2012 10:30:00,TURKEYR,NIT-NO3-NO2,Inorganic nitrogen (nitrate and nitrite) (as N),Total,,4.6,mg/l,True,0.1,,,LAC10-107-04-1J,IGS-GRAB,Actual,SW,Water,,,Clayton,07060004,River/Stream,,42.739547,-91.2619757
6,10220001,Turkey River near Garber,09/10/2012 08:45:00,AMBIENT,NIT-NO3-NO2,Inorganic nitrogen (nitrate and nitrite) (as N),Total,,1.9,mg/l,True,0.1,,,LAC10-107-04-1J,UHL001,Actual,SW,Water,,,Clayton,07060004,River/Stream,,42.739547,-91.2619757
6,10220001,Turkey River near Garber,08/01/2012 09:18:00,AMBIENT,NIT-NO3-NO2,Inorganic nitrogen (nitrate and nitrite) (as N),Total,,1.4,mg/l,True,0.1,,,LAC10-107-04-1J,UHL001,Actual,SW,Water,,,Clayton,07060004,River/Stream,,42.739547,-91.2619757
6,10220001,Turkey River near Garber,09/05/2012 09:36:00,TURKEYR,NIT-NO3-NO2,Inorganic nitrogen (nitrate and nitrite) (as N),Total,,1.1,mg/l,True,0.1,,,LAC10-107-04-1J,IGS-GRAB,Actual,SW,Water,,,Clayton,07060004,River/Stream,,42.739547,-91.2619757
6,10220001,Turkey River near Garber,05/03/2012 07:55:00,AMBIENT,NIT-NO3-NO2,Inorganic nitrogen (nitrate and nitrite) (as N),Total,,7.6,mg/l,True,0.1,,,LAC10-107-04-1J,UHL001,Actual,SW,Water,,,Clayton,07060004,River/Stream,,42.739547,-91.2619757
6,10220001,Turkey River near Garber,04/05/2012 07:55:00,AMBIENT,NIT-NO3-NO2,Inorganic nitrogen (nitrate and nitrite) (as N),Total,,4.9,mg/l,True,0.1,,,LAC10-107-04-1J,UHL001,Actual,SW,Water,,,Clayton,07060004,River/Stream,,42.739547,-91.2619757
6,10220001,Turkey River near Garber,09/07/2011 10:40:00,TURKEYR,NIT-NO3-NO2,Inorganic nitrogen (nitrate and nitrite) (as N),Total,,5.2,mg/l,True,0.1,,,353.2,IGS-GRAB,Actual,SW,Water,,,Clayton,07060004,River/Stream,,42.739547,-91.2619757
6,10220001,Turkey River near Garber,10/05/2011 12:25:00,TURKEYR,NIT-NO3-NO2,Inorganic nitrogen (nitrate and nitrite) (as N),Total,,4.1,mg/l,True,0.1,,,353.2,IGS-GRAB,Actual,SW,Water,,,Clayton,07060004,River/Stream,,42.739547,-91.2619757
6,10220001,Turkey River near Garber,07/06/2011 12:30:00,TURKEYR,NIT-NO3-NO2,Inorganic nitrogen (nitrate and nitrite) (as N),Total,,6.9,mg/l,True,0.1,,,353.2,IGS-GRAB,Actual,SW,Water,,,Clayton,07060004,River/Stream,,42.739547,-91.2619757
6,10220001,Turkey River near Garber,06/01/2011 12:10:00,TURKEYR,NIT-NO3-NO2,Inorganic nitrogen (nitrate and nitrite) (as N),Total,,10,mg/l,True,0.1,,,353.2,IGS-GRAB,Actual,SW,Water,,,Clayton,07060004,River/Stream,,42.739547,-91.2619757
6,10220001,Turkey River near Garber,05/04/2011 12:13:00,TURKEYR,NIT-NO3-NO2,Inorganic nitrogen (nitrate and nitrite) (as N),Total,,9.3,mg/l,True,0.1,,,353.2,IGS-GRAB,Actual,SW,Water,,,Clayton,07060004,River/Stream,,42.739547,-91.2619757
6,10220001,Turkey River near Garber,11/02/2011 09:10:00,AMBIENT,NIT-NO3-NO2,Inorganic nitrogen (nitrate and nitrite) (as N),Total,,3.7,mg/l,True,0.1,,,353.2,UHL001,Actual,SW,Water,,,Clayton,07060004,River/Stream,,42.739547,-91.2619757
6,10220001,Turkey River near Garber,07/05/2011 09:00:00,AMBIENT,NIT-NO3-NO2,Inorganic nitrogen (nitrate and nitrite) (as N),Total,,6.7,mg/l,True,0.1,,,353.2,UHL001,Actual,SW,Water,,,Clayton,07060004,River/Stream,,42.739547,-91.2619757
6,10220001,Turkey River near Garber,09/01/2011 11:45:00,AMBIENT,NIT-NO3-NO2,Inorganic nitrogen (nitrate and nitrite) (as N),Total,,3.6,mg/l,True,0.1,,,353.2,UHL001,Actual,SW,Water,,,Clayton,07060004,River/Stream,,42.739547,-91.2619757
6,10220001,Turkey River near Garber,10/04/2010 09:00:00,AMBIENT,NIT-NO3-NO2,Inorganic nitrogen (nitrate and nitrite) (as N),Total,,5.9,mg/l,True,0.1,,,353.2,UHL001,Actual,SW,Water,,,Clayton,07060004,River/Stream,,42.739547,-91.2619757
6,10220001,Turkey River near Garber,01/04/2011 09:00:00,AMBIENT,NIT-NO3-NO2,Inorganic nitrogen (nitrate and nitrite) (as N),Total,,7.6,mg/l,True,0.1,,,353.2,UHL001,Actual,SW,Water,,,Clayton,07060004,River/Stream,,42.739547,-91.2619757
6,10220001,Turkey River near Garber,09/02/2010 08:00:00,AMBIENT,NIT-NO3-NO2,Inorganic nitrogen (nitrate and nitrite) (as N),Total,,5.1,mg/l,True,0.1,,,353.2,UHL001,Actual,SW,Water,,,Clayton,07060004,River/Stream,,42.739547,-91.2619757
6,10220001,Turkey River near Garber,05/03/2010 07:35:00,AMBIENT,NIT-NO3-NO2,Inorganic nitrogen (nitrate and nitrite) (as N),Total,,6,mg/l,True,0.1,,,353.2,UHL001,Actual,SW,Water,,,Clayton,07060004,River/Stream,,42.739547,-91.2619757
6,10220001,Turkey River near Garber,03/01/2010 08:30:00,AMBIENT,NIT-NO3-NO2,Inorganic nitrogen (nitrate and nitrite) (as N),Total,,6,mg/l,True,0.1,,,353.2,UHL001,Actual,SW,Water,,,Clayton,07060004,River/Stream,,42.739547,-91.2619757
6,10220001,Turkey River near Garber,06/03/2008 07:45:00,AMBIENT,NIT-NO3-NO2,Inorganic nitrogen (nitrate and nitrite) (as N),Total,,8.5,mg/l,True,0.05,,,353.2,UHL001,Actual,SW,Water,,,Clayton,07060004,River/Stream,,42.739547,-91.2619757
6,10220001,Turkey River near Garber,06/03/2010 08:15:00,AMBIENT,NIT-NO3-NO2,Inorganic nitrogen (nitrate and nitrite) (as N),Total,,6.9,mg/l,True,0.1,,,353.2,UHL001,Actual,SW,Water,,,Clayton,07060004,River/Stream,,42.739547,-91.2619757
6,10220001,Turkey River near Garber,07/07/2010 09:15:00,AMBIENT,NIT-NO3-NO2,Inorganic nitrogen (nitrate and nitrite) (as N),Total,,5.1,mg/l,True,0.1,,,353.2,UHL001,Actual,SW,Water,,,Clayton,07060004,River/Stream,,42.739547,-91.2619757
6,10220001,Turkey River near Garber,01/06/2010 09:30:00,AMBIENT,NIT-NO3-NO2,Inorganic nitrogen (nitrate and nitrite) (as N),Total,,8.6,mg/l,True,0.1,,,353.2,UHL001,Actual,SW,Water,,,Clayton,07060004,River/Stream,,42.739547,-91.2619757
6,10220001,Turkey River near Garber,12/03/2009 09:15:00,AMBIENT,NIT-NO3-NO2,Inorganic nitrogen (nitrate and nitrite) (as N),Total,,6.2,mg/l,True,0.1,,,353.2,UHL001,Actual,SW,Water,,,Clayton,07060004,River/Stream,,42.739547,-91.2619757
6,10220001,Turkey River near Garber,09/08/2009 09:50:00,AMBIENT,NIT-NO3-NO2,Inorganic nitrogen (nitrate and nitrite) (as N),Total,,2.9,mg/l,True,0.1,,,353.2,UHL001,Actual,SW,Water,,,Clayton,07060004,River/Stream,,42.739547,-91.2619757
6,10220001,Turkey River near Garber,08/11/2009 09:45:00,AMBIENT,NIT-NO3-NO2,Inorganic nitrogen (nitrate and nitrite) (as N),Total,,3.4,mg/l,True,0.05,,,353.2,UHL001,Actual,SW,Water,,,Clayton,07060004,River/Stream,,42.739547,-91.2619757
6,10220001,Turkey River near Garber,04/06/2009 08:30:00,AMBIENT,NIT-NO3-NO2,Inorganic nitrogen (nitrate and nitrite) (as N),Total,,5,mg/l,True,0.05,,,353.2,UHL001,Actual,SW,Water,,,Clayton,07060004,River/Stream,,42.739547,-91.2619757
6,10220001,Turkey River near Garber,06/10/2009 09:20:00,AMBIENT,NIT-NO3-NO2,Inorganic nitrogen (nitrate and nitrite) (as N),Total,,6.8,mg/l,True,0.05,,,353.2,UHL001,Actual,SW,Water,,,Clayton,07060004,River/Stream,,42.739547,-91.2619757
6,10220001,Turkey River near Garber,07/09/2008 08:25:00,AMBIENT,NIT-NO3-NO2,Inorganic nitrogen (nitrate and nitrite) (as N),Total,,6,mg/l,True,0.05,,,353.2,UHL001,Actual,SW,Water,,,Clayton,07060004,River/Stream,,42.739547,-91.2619757
6,10220001,Turkey River near Garber,05/07/2008 08:30:00,AMBIENT,NIT-NO3-NO2,Inorganic nitrogen (nitrate and nitrite) (as N),Total,,7.5,mg/l,True,0.05,,,353.2,UHL001,Actual,SW,Water,,,Clayton,07060004,River/Stream,,42.739547,-91.2619757
6,10220001,Turkey River near Garber,04/09/2008 08:15:00,AMBIENT,NIT-NO3-NO2,Inorganic nitrogen (nitrate and nitrite) (as N),Total,,7.3,mg/l,True,0.05,,,353.2,UHL001,Actual,SW,Water,,,Clayton,07060004,River/Stream,,42.739547,-91.2619757
6,10220001,Turkey River near Garber,03/10/2008 08:40:00,AMBIENT,NIT-NO3-NO2,Inorganic nitrogen (nitrate and nitrite) (as N),Total,,6.1,mg/l,True,0.05,,,353.2,UHL001,Actual,SW,Water,,,Clayton,07060004,River/Stream,,42.739547,-91.2619757
6,10220001,Turkey River near Garber,02/12/2008 08:25:00,AMBIENT,NIT-NO3-NO2,Inorganic nitrogen (nitrate and nitrite) (as N),Total,,8.1,mg/l,True,0.05,,,353.2,UHL001,Actual,SW,Water,,,Clayton,07060004,River/Stream,,42.739547,-91.2619757
6,10220001,Turkey River near Garber,01/03/2008 08:25:00,AMBIENT,NIT-NO3-NO2,Inorganic nitrogen (nitrate and nitrite) (as N),Total,,7.4,mg/l,True,0.05,,,353.2,UHL001,Actual,SW,Water,,,Clayton,07060004,River/Stream,,42.739547,-91.2619757
6,10220001,Turkey River near Garber,10/09/2007 09:05:00,AMBIENT,NIT-NO3-NO2,Inorganic nitrogen (nitrate and nitrite) (as N),Total,,7.3,mg/l,True,0.05,,,353.2,UHL001,Actual,SW,Water,,,Clayton,07060004,River/Stream,,42.739547,-91.2619757
6,10220001,Turkey River near Garber,08/02/2007 09:25:00,AMBIENT,NIT-NO3-NO2,Inorganic nitrogen (nitrate and nitrite) (as N),Total,,5,mg/l,True,0.05,,,353.2,UHL001,Actual,SW,Water,,,Clayton,07060004,River/Stream,,42.739547,-91.2619757
6,10220001,Turkey River near Garber,06/13/2007 08:15:00,AMBIENT,NIT-NO3-NO2,Inorganic nitrogen (nitrate and nitrite) (as N),Total,,11,mg/l,True,0.05,,,353.2,UHL001,Actual,SW,Water,,,Clayton,07060004,River/Stream,,42.739547,-91.2619757
6,10220001,Turkey River near Garber,05/08/2007 08:10:00,AMBIENT,NIT-NO3-NO2,Inorganic nitrogen (nitrate and nitrite) (as N),Total,,8.9,mg/l,True,0.05,,,353.2,UHL001,Actual,SW,Water,,,Clayton,07060004,River/Stream,,42.739547,-91.2619757
6,10220001,Turkey River near Garber,02/21/2007 08:30:00,AMBIENT,NIT-NO3-NO2,Inorganic nitrogen (nitrate and nitrite) (as N),Total,,7.1,mg/l,True,0.05,,,353.2,UHL001,Actual,SW,Water,,,Clayton,07060004,River/Stream,,42.739547,-91.2619757
6,10220001,Turkey River near Garber,01/04/2007 07:40:00,AMBIENT,NIT-NO3-NO2,Inorganic nitrogen (nitrate and nitrite) (as N),Total,,9.9,mg/l,True,0.05,,,353.2,UHL001,Actual,SW,Water,,,Clayton,07060004,River/Stream,,42.739547,-91.2619757
6,10220001,Turkey River near Garber,12/07/2006 08:40:00,AMBIENT,NIT-NO3-NO2,Inorganic nitrogen (nitrate and nitrite) (as N),Total,,8.4,mg/l,True,0.05,,,353.2,UHL001,Actual,SW,Water,,,Clayton,07060004,River/Stream,,42.739547,-91.2619757
6,10220001,Turkey River near Garber,05/02/2006 08:55:00,AMBIENT,NIT-NO3-NO2,Inorganic nitrogen (nitrate and nitrite) (as N),Total,,9.3,mg/l,True,0.05,,,353.2,UHL001,Actual,SW,Water,,,Clayton,07060004,River/Stream,,42.739547,-91.2619757
6,10220001,Turkey River near Garber,10/04/2006 10:10:00,AMBIENT,NIT-NO3-NO2,Inorganic nitrogen (nitrate and nitrite) (as N),Total,,3.7,mg/l,True,0.05,,,353.2,UHL001,Actual,SW,Water,,,Clayton,07060004,River/Stream,,42.739547,-91.2619757
6,10220001,Turkey River near Garber,03/07/2006 09:30:00,AMBIENT,NIT-NO3-NO2,Inorganic nitrogen (nitrate and nitrite) (as N),Total,,6.2,mg/l,True,0.05,,,353.2,UHL001,Actual,SW,Water,,,Clayton,07060004,River/Stream,,42.739547,-91.2619757
6,10220001,Turkey River near Garber,02/07/2006 08:40:00,AMBIENT,NIT-NO3-NO2,Inorganic nitrogen (nitrate and nitrite) (as N),Total,,8.4,mg/l,True,0.05,,,353.2,UHL001,Actual,SW,Water,,,Clayton,07060004,River/Stream,,42.739547,-91.2619757
6,10220001,Turkey River near Garber,11/01/2005 08:10:00,AMBIENT,NIT-NO3-NO2,Inorganic nitrogen (nitrate and nitrite) (as N),Total,,6,mg/l,True,0.05,,,353.2,UHL001,Actual,SW,Water,,,Clayton,07060004,River/Stream,,42.739547,-91.2619757
6,10220001,Turkey River near Garber,10/11/2005 09:50:00,AMBIENT,NIT-NO3-NO2,Inorganic nitrogen (nitrate and nitrite) (as N),Total,,7.3,mg/l,True,0.05,,,353.2,UHL001,Actual,SW,Water,,,Clayton,07060004,River/Stream,,42.739547,-91.2619757
6,10220001,Turkey River near Garber,09/05/2005 09:45:00,AMBIENT,NIT-NO3-NO2,Inorganic nitrogen (nitrate and nitrite) (as N),Total,,3.8,mg/l,True,0.05,,,353.2,UHL001,Actual,SW,Water,,,Clayton,07060004,River/Stream,,42.739547,-91.2619757
6,10220001,Turkey River near Garber,07/06/2005 11:30:00,AMBIENT,NIT-NO3-NO2,Inorganic nitrogen (nitrate and nitrite) (as N),Total,,9.5,mg/l,True,0.05,,,353.2,UHL001,Actual,SW,Water,,,Clayton,07060004,River/Stream,,42.739547,-91.2619757
6,10220001,Turkey River near Garber,05/03/2005 09:55:00,AMBIENT,NIT-NO3-NO2,Inorganic nitrogen (nitrate and nitrite) (as N),Total,,6.4,mg/l,True,0.05,,,353.2,UHL001,Actual,SW,Water,,,Clayton,07060004,River/Stream,,42.739547,-91.2619757
6,10220001,Turkey River near Garber,06/07/2005 09:30:00,AMBIENT,NIT-NO3-NO2,Inorganic nitrogen (nitrate and nitrite) (as N),Total,,5.4,mg/l,True,0.05,,,353.2,UHL001,Actual,SW,Water,,,Clayton,07060004,River/Stream,,42.739547,-91.2619757
6,10220001,Turkey River near Garber,01/11/2005 10:00:00,AMBIENT,NIT-NO3-NO2,Inorganic nitrogen (nitrate and nitrite) (as N),Total,,7.3,mg/l,True,0.05,,,353.2,UHL001,Actual,SW,Water,,,Clayton,07060004,River/Stream,,42.739547,-91.2619757
6,10220001,Turkey River near Garber,08/03/2004 10:15:00,AMBIENT,NIT-NO3-NO2,Inorganic nitrogen (nitrate and nitrite) (as N),Total,,7.6,mg/l,True,0.05,,,353.2,UHL001,Actual,SW,Water,,,Clayton,07060004,River/Stream,,42.739547,-91.2619757
6,10220001,Turkey River near Garber,12/07/2004 09:05:00,AMBIENT,NIT-NO3-NO2,Inorganic nitrogen (nitrate and nitrite) (as N),Total,,7,mg/l,True,0.05,,,353.2,UHL001,Actual,SW,Water,,,Clayton,07060004,River/Stream,,42.739547,-91.2619757
6,10220001,Turkey River near Garber,10/05/2004 09:00:00,AMBIENT,NIT-NO3-NO2,Inorganic nitrogen (nitrate and nitrite) (as N),Total,,5.6,mg/l,True,0.05,,,353.2,UHL001,Actual,SW,Water,,,Clayton,07060004,River/Stream,,42.739547,-91.2619757
6,10220001,Turkey River near Garber,05/04/2004 09:45:00,AMBIENT,NIT-NO3-NO2,Inorganic nitrogen (nitrate and nitrite) (as N),Total,,6.6,mg/l,True,0.05,,,353.2,UHL001,Actual,SW,Water,,,Clayton,07060004,River/Stream,,42.739547,-91.2619757
6,10220001,Turkey River near Garber,04/06/2004 10:00:00,AMBIENT,NIT-NO3-NO2,Inorganic nitrogen (nitrate and nitrite) (as N),Total,,8.9,mg/l,True,0.05,,,353.2,UHL001,Actual,SW,Water,,,Clayton,07060004,River/Stream,,42.739547,-91.2619757
6,10220001,Turkey River near Garber,03/02/2004 09:15:00,AMBIENT,NIT-NO3-NO2,Inorganic nitrogen (nitrate and nitrite) (as N),Total,,3,mg/l,True,0.05,,,353.2,UHL001,Actual,SW,Water,,,Clayton,07060004,River/Stream,,42.739547,-91.2619757
6,10220001,Turkey River near Garber,01/06/2004 10:20:00,AMBIENT,NIT-NO3-NO2,Inorganic nitrogen (nitrate and nitrite) (as N),Total,,5.8,mg/l,True,0.1,,,353.2,UHL001,Actual,SW,Water,,,Clayton,07060004,River/Stream,,42.739547,-91.2619757
6,10220001,Turkey River near Garber,11/04/2003 16:30:00,AMBIENT,NIT-NO3-NO2,Inorganic nitrogen (nitrate and nitrite) (as N),Total,,2.8,mg/l,True,0.1,,,353.2,UHL001,Actual,SW,Water,,,Clayton,07060004,River/Stream,,42.739547,-91.2619757
6,10220001,Turkey River near Garber,11/05/2002 16:25:00,AMBIENT,NIT-NO3-NO2,Inorganic nitrogen (nitrate and nitrite) (as N),Total,,4.9,mg/l,True,0.1,,,353.2,UHL001,Actual,SW,Water,,,Clayton,07060004,River/Stream,,42.739547,-91.2619757
6,10220001,Turkey River near Garber,08/05/2003 08:55:00,AMBIENT,NIT-NO3-NO2,Inorganic nitrogen (nitrate and nitrite) (as N),Total,,3.5,mg/l,True,0.1,,,353.2,UHL001,Actual,SW,Water,,,Clayton,07060004,River/Stream,,42.739547,-91.2619757
6,10220001,Turkey River near Garber,06/03/2003 09:00:00,AMBIENT,NIT-NO3-NO2,Inorganic nitrogen (nitrate and nitrite) (as N),Total,,6.7,mg/l,True,0.1,,,353.2,UHL001,Actual,SW,Water,,,Clayton,07060004,River/Stream,,42.739547,-91.2619757
6,10220001,Turkey River near Garber,05/06/2003 08:25:00,AMBIENT,NIT-NO3-NO2,Inorganic nitrogen (nitrate and nitrite) (as N),Total,,5.6,mg/l,True,0.1,,,353.2,UHL001,Actual,SW,Water,,,Clayton,07060004,River/Stream,,42.739547,-91.2619757
6,10220001,Turkey River near Garber,02/04/2003 09:35:00,AMBIENT,NIT-NO3-NO2,Inorganic nitrogen (nitrate and nitrite) (as N),Total,,4.8,mg/l,True,0.1,,,353.2,UHL001,Actual,SW,Water,,,Clayton,07060004,River/Stream,,42.739547,-91.2619757
6,10220001,Turkey River near Garber,04/01/2003 08:55:00,AMBIENT,NIT-NO3-NO2,Inorganic nitrogen (nitrate and nitrite) (as N),Total,,3.2,mg/l,True,0.1,,,353.2,UHL001,Actual,SW,Water,,,Clayton,07060004,River/Stream,,42.739547,-91.2619757
6,10220001,Turkey River near Garber,07/01/2002 10:00:00,AMBIENT,NIT-NO3-NO2,Inorganic nitrogen (nitrate and nitrite) (as N),Total,,6.7,mg/l,True,0.1,,,Unknown,UHL001,Actual,SW,Water,,,Clayton,07060004,River/Stream,,42.739547,-91.2619757
6,10220001,Turkey River near Garber,03/05/2002 10:20:00,AMBIENT,NIT-NO3-NO2,Inorganic nitrogen (nitrate and nitrite) (as N),Total,,6.8,mg/l,True,0.1,,,Unknown,UHL001,Actual,SW,Water,,,Clayton,07060004,River/Stream,,42.739547,-91.2619757
6,10220001,Turkey River near Garber,06/04/2002 08:50:00,AMBIENT,NIT-NO3-NO2,Inorganic nitrogen (nitrate and nitrite) (as N),Total,,2.6,mg/l,True,0.1,,,Unknown,UHL001,Actual,SW,Water,,,Clayton,07060004,River/Stream,,42.739547,-91.2619757
6,10220001,Turkey River near Garber,05/07/2002 11:15:00,AMBIENT,NIT-NO3-NO2,Inorganic nitrogen (nitrate and nitrite) (as N),Total,,7,mg/l,True,0.1,,,Unknown,UHL001,Actual,SW,Water,,,Clayton,07060004,River/Stream,,42.739547,-91.2619757
6,10220001,Turkey River near Garber,12/04/2001 08:30:00,AMBIENT,NIT-NO3-NO2,Inorganic nitrogen (nitrate and nitrite) (as N),Total,,6.4,mg/l,True,0.1,,,Unknown,UHL001,Actual,SW,Water,,,Clayton,07060004,River/Stream,,42.739547,-91.2619757
6,10220001,Turkey River near Garber,11/06/2001 09:00:00,AMBIENT,NIT-NO3-NO2,Inorganic nitrogen (nitrate and nitrite) (as N),Total,,5.3,mg/l,True,0.1,,,Unknown,UHL001,Actual,SW,Water,,,Clayton,07060004,River/Stream,,42.739547,-91.2619757
6,10220001,Turkey River near Garber,03/05/2015 07:40:00,AMBIENT,NIT-NO3-NO2,Inorganic nitrogen (nitrate and nitrite) (AS N),Total,,6.5,mg/l,True,0.1,,,LAC10-107-04-1J,UHL001,Actual,SW,Water,,,Clayton,07060004,River/Stream,,42.739547,-91.2619757
6,10220001,Turkey River near Garber,10/02/2001 08:50:00,AMBIENT,NIT-NO3-NO2,Inorganic nitrogen (nitrate and nitrite) (as N),Total,,5.1,mg/l,True,0.1,,,Unknown,UHL001,Actual,SW,Water,,,Clayton,07060004,River/Stream,,42.739547,-91.2619757
6,10220001,Turkey River near Garber,09/11/2002 12:30:00,AMBIENT,NIT-NO3-NO2,Inorganic nitrogen (nitrate and nitrite) (as N),Total,,3.8,mg/l,True,0.1,,,Unknown,UHL001,Actual,SW,Water,,,Clayton,07060004,River/Stream,,42.739547,-91.2619757
6,10220001,Turkey River near Garber,05/03/2001 08:15:00,AMBIENT,NIT-NO3-NO2,Inorganic nitrogen (nitrate and nitrite) (as N),Total,,5.7,mg/l,True,0.1,,,Unknown,UHL001,Actual,SW,Water,,,Clayton,07060004,River/Stream,,42.739547,-91.2619757
6,10220001,Turkey River near Garber,03/08/2001 08:50:00,AMBIENT,NIT-NO3-NO2,Inorganic nitrogen (nitrate and nitrite) (as N),Total,,6.3,mg/l,True,0.1,,,Unknown,UHL001,Actual,SW,Water,,,Clayton,07060004,River/Stream,,42.739547,-91.2619757
6,10220001,Turkey River near Garber,01/09/2001 09:50:00,AMBIENT,NIT-NO3-NO2,Inorganic nitrogen (nitrate and nitrite) (as N),Total,,6.7,mg/l,True,0.1,,,Unknown,UHL001,Actual,SW,Water,,,Clayton,07060004,River/Stream,,42.739547,-91.2619757
6,10220001,Turkey River near Garber,07/05/2001 09:10:00,AMBIENT,NIT-NO3-NO2,Inorganic nitrogen (nitrate and nitrite) (as N),Total,,7.9,mg/l,True,0.1,,,Unknown,UHL001,Actual,SW,Water,,,Clayton,07060004,River/Stream,,42.739547,-91.2619757
6,10220001,Turkey River near Garber,10/09/2000 08:50:00,AMBIENT,NIT-NO3-NO2,Inorganic nitrogen (nitrate and nitrite) (as N),Total,,4.8,mg/l,True,0.1,,,Unknown,UHL001,Actual,SW,Water,,,Clayton,07060004,River/Stream,,42.739547,-91.2619757
6,10220001,Turkey River near Garber,06/07/2001 09:25:00,AMBIENT,NIT-NO3-NO2,Inorganic nitrogen (nitrate and nitrite) (as N),Total,,8.4,mg/l,True,0.1,,,Unknown,UHL001,Actual,SW,Water,,,Clayton,07060004,River/Stream,,42.739547,-91.2619757
6,10220001,Turkey River near Garber,11/08/1999 09:30:00,AMBIENT,NIT-NO3-NO2,Inorganic nitrogen (nitrate and nitrite) (as N),Total,,5.3,mg/l,True,0.1,,,Unknown,UHL001,Actual,SW,Water,,,Clayton,07060004,River/Stream,,42.739547,-91.2619757
6,10220001,Turkey River near Garber,03/21/2000 12:15:00,AMBIENT,NIT-NO3-NO2,Inorganic nitrogen (nitrate and nitrite) (as N),Total,,5.8,mg/l,True,0.1,,,Unknown,UHL001,Actual,SW,Water,,,Clayton,07060004,River/Stream,,42.739547,-91.2619757
6,10220001,Turkey River near Garber,06/14/2000 15:55:00,AMBIENT,NIT-NO3-NO2,Inorganic nitrogen (nitrate and nitrite) (as N),Total,,8.6,mg/l,True,0.1,,,Unknown,UHL001,Actual,SW,Water,,,Clayton,07060004,River/Stream,,42.739547,-91.2619757
6,10220001,Turkey River near Garber,02/23/2000 10:35:00,AMBIENT,NIT-NO3-NO2,Inorganic nitrogen (nitrate and nitrite) (as N),Total,,4.9,mg/l,True,0.1,,,Unknown,UHL001,Actual,SW,Water,,,Clayton,07060004,River/Stream,,42.739547,-91.2619757
6,10220001,Turkey River near Garber,10/07/2014 09:45:00,AMBIENT,NIT-NO3-NO2,Inorganic nitrogen (nitrate and nitrite) (AS N),Total,,5.2,mg/l,True,0.1,,,LAC10-107-04-1J,UHL001,Actual,SW,Water,,,Clayton,07060004,River/Stream,,42.739547,-91.2619757
6,10220001,Turkey River near Garber,07/05/2012 08:25:00,AMBIENT,NIT-NO3-NO2,Inorganic nitrogen (nitrate and nitrite) (as N),Total,,4,mg/l,True,0.1,,,LAC10-107-04-1J,UHL001,Actual,SW,Water,,,Clayton,07060004,River/Stream,,42.739547,-91.2619757
6,10220001,Turkey River near Garber,06/04/2012 08:10:00,AMBIENT,NIT-NO3-NO2,Inorganic nitrogen (nitrate and nitrite) (as N),Total,,9.2,mg/l,True,0.1,,,LAC10-107-04-1J,UHL001,Actual,SW,Water,,,Clayton,07060004,River/Stream,,42.739547,-91.2619757
6,10220001,Turkey River near Garber,10/16/2013 10:28:00,TURKEYR,NIT-NO3-NO2,Inorganic nitrogen (nitrate and nitrite) (AS N),Total,,5.6,mg/l,True,0.1,,,LAC10-107-04-1J,UHL001,Actual,SW,Water,,,Clayton,07060004,River/Stream,,42.739547,-91.2619757
6,10220001,Turkey River near Garber,06/01/2015 09:50:00,AMBIENT,NIT-NO3-NO2,Inorganic nitrogen (nitrate and nitrite) (AS N),Total,,12,mg/l,True,0.1,,,LAC10-107-04-1J,UHL001,Actual,SW,Water,,,Clayton,07060004,River/Stream,,42.739547,-91.2619757
6,10220001,Turkey River near Garber,08/04/2014 09:20:00,AMBIENT,NIT-NO3-NO2,Inorganic nitrogen (nitrate and nitrite) (AS N),Total,,5.8,mg/l,True,0.1,,,LAC10-107-04-1J,UHL001,Actual,SW,Water,,,Clayton,07060004,River/Stream,,42.739547,-91.2619757
6,10220001,Turkey River near Garber,09/04/2013 11:15:00,TURKEYR,NIT-NO3-NO2,Inorganic nitrogen (nitrate and nitrite) (AS N),Total,,5.2,mg/l,True,0.1,,,LAC10-107-04-1J,UHL001,Actual,SW,Water,,,Clayton,07060004,River/Stream,,42.739547,-91.2619757
6,10220001,Turkey River near Garber,05/05/2014 08:50:00,AMBIENT,NIT-NO3-NO2,Inorganic nitrogen (nitrate and nitrite) (AS N),Total,,13,mg/l,True,0.1,,,LAC10-107-04-1J,UHL001,Actual,SW,Water,,,Clayton,07060004,River/Stream,,42.739547,-91.2619757
6,10220001,Turkey River near Garber,03/03/2014 09:20:00,AMBIENT,NIT-NO3-NO2,Inorganic nitrogen (nitrate and nitrite) (AS N),Total,,6.1,mg/l,True,0.1,,,LAC10-107-04-1J,UHL001,Actual,SW,Water,,,Clayton,07060004,River/Stream,,42.739547,-91.2619757
6,10220001,Turkey River near Garber,02/04/2014 08:10:00,AMBIENT,NIT-NO3-NO2,Inorganic nitrogen (nitrate and nitrite) (AS N),Total,,6.5,mg/l,True,0.1,,,LAC10-107-04-1J,UHL001,Actual,SW,Water,,,Clayton,07060004,River/Stream,,42.739547,-91.2619757
6,10220001,Turkey River near Garber,12/05/2013 09:15:00,AMBIENT,NIT-NO3-NO2,Inorganic nitrogen (nitrate and nitrite) (AS N),Total,,6.8,mg/l,True,0.1,,,LAC10-107-04-1J,UHL001,Actual,SW,Water,,,Clayton,07060004,River/Stream,,42.739547,-91.2619757
6,10220001,Turkey River near Garber,09/03/2014 11:00:00,AMBIENT,NIT-NO3-NO2,Inorganic nitrogen (nitrate and nitrite) (AS N),Total,,4.6,mg/l,True,0.1,,,LAC10-107-04-1J,UHL001,Actual,SW,Water,,,Clayton,07060004,River/Stream,,42.739547,-91.2619757
6,10220001,Turkey River near Garber,08/01/2013 12:15:00,AMBIENT,NIT-NO3-NO2,Inorganic nitrogen (nitrate and nitrite) (AS N),Total,,6.3,mg/l,True,0.1,,,LAC10-107-04-1J,UHL001,Actual,SW,Water,,,Clayton,07060004,River/Stream,,42.739547,-91.2619757
6,10220001,Turkey River near Garber,11/06/2013 08:00:00,AMBIENT,NIT-NO3-NO2,Inorganic nitrogen (nitrate and nitrite) (AS N),Total,,5.2,mg/l,True,0.1,,,LAC10-107-04-1J,UHL001,Actual,SW,Water,,,Clayton,07060004,River/Stream,,42.739547,-91.2619757
6,10220001,Turkey River near Garber,03/07/2013 08:35:00,AMBIENT,NIT-NO3-NO2,Inorganic nitrogen (nitrate and nitrite) (AS N),Total,,4.3,mg/l,True,0.1,,,LAC10-107-04-1J,UHL001,Actual,SW,Water,,,Clayton,07060004,River/Stream,,42.739547,-91.2619757
6,10220001,Turkey River near Garber,07/02/2013 07:20:00,AMBIENT,NIT-NO3-NO2,Inorganic nitrogen (nitrate and nitrite) (AS N),Total,,11,mg/l,True,0.1,,,LAC10-107-04-1J,UHL001,Actual,SW,Water,,,Clayton,07060004,River/Stream,,42.739547,-91.2619757
6,10220001,Turkey River near Garber,06/05/2013 08:45:00,AMBIENT,NIT-NO3-NO2,Inorganic nitrogen (nitrate and nitrite) (AS N),Total,,11,mg/l,True,0.1,,,LAC10-107-04-1J,UHL001,Actual,SW,Water,,,Clayton,07060004,River/Stream,,42.739547,-91.2619757
6,10220001,Turkey River near Garber,05/06/2015 07:05:00,AMBIENT,NIT-NO3-NO2,Inorganic nitrogen (nitrate and nitrite) (AS N),Total,,6.7,mg/l,True,0.1,,,LAC10-107-04-1J,UHL001,Actual,SW,Water,,,Clayton,07060004,River/Stream,,42.739547,-91.2619757
6,10220001,Turkey River near Garber,02/07/2013 12:10:00,AMBIENT,NIT-NO3-NO2,Inorganic nitrogen (nitrate and nitrite) (AS N),Total,,4.5,mg/l,True,0.1,,,LAC10-107-04-1J,UHL001,Actual,SW,Water,,,Clayton,07060004,River/Stream,,42.739547,-91.2619757
6,10220001,Turkey River near Garber,02/03/2015 08:30:00,AMBIENT,NIT-NO3-NO2,Inorganic nitrogen (nitrate and nitrite) (AS N),Total,,7.2,mg/l,True,0.1,,,LAC10-107-04-1J,UHL001,Actual,SW,Water,,,Clayton,07060004,River/Stream,,42.739547,-91.2619757
6,10220001,Turkey River near Garber,11/07/2012 13:30:00,TURKEYR,NIT-NO3-NO2,Inorganic nitrogen (nitrate and nitrite) (as N),Total,,3.2,mg/l,True,0.1,,,LAC10-107-04-1J,IGS-GRAB,Actual,SW,Water,,,Clayton,07060004,River/Stream,,42.739547,-91.2619757
6,10220001,Turkey River near Garber,10/03/2012 12:27:00,TURKEYR,NIT-NO3-NO2,Inorganic nitrogen (nitrate and nitrite) (as N),Total,,2.1,mg/l,True,0.1,,,LAC10-107-04-1J,IGS-GRAB,Actual,SW,Water,,,Clayton,07060004,River/Stream,,42.739547,-91.2619757
6,10220001,Turkey River near Garber,08/01/2012 06:35:00,TURKEYR,NIT-NO3-NO2,Inorganic nitrogen (nitrate and nitrite) (as N),Total,,1.5,mg/l,True,0.1,,,LAC10-107-04-1J,IGS-GRAB,Actual,SW,Water,,,Clayton,07060004,River/Stream,,42.739547,-91.2619757
6,10220001,Turkey River near Garber,06/06/2012 08:30:00,TURKEYR,NIT-NO3-NO2,Inorganic nitrogen (nitrate and nitrite) (as N),Total,,9.1,mg/l,True,0.1,,,LAC10-107-04-1J,IGS-GRAB,Actual,SW,Water,,,Clayton,07060004,River/Stream,,42.739547,-91.2619757
6,10220001,Turkey River near Garber,05/02/2012 11:17:00,TURKEYR,NIT-NO3-NO2,Inorganic nitrogen (nitrate and nitrite) (as N),Total,,8,mg/l,True,0.1,,,LAC10-107-04-1J,IGS-GRAB,Actual,SW,Water,,,Clayton,07060004,River/Stream,,42.739547,-91.2619757
6,10220001,Turkey River near Garber,12/04/2012 09:45:00,AMBIENT,NIT-NO3-NO2,Inorganic nitrogen (nitrate and nitrite) (as N),Total,,4.1,mg/l,True,0.1,,,LAC10-107-04-1J,UHL001,Actual,SW,Water,,,Clayton,07060004,River/Stream,,42.739547,-91.2619757
6,10220001,Turkey River near Garber,04/04/2012 12:17:00,TURKEYR,NIT-NO3-NO2,Inorganic nitrogen (nitrate and nitrite) (as N),Total,,5.1,mg/l,True,0.1,,,LAC10-107-04-1J,IGS-GRAB,Actual,SW,Water,,,Clayton,07060004,River/Stream,,42.739547,-91.2619757
6,10220001,Turkey River near Garber,11/01/2012 09:00:00,AMBIENT,NIT-NO3-NO2,Inorganic nitrogen (nitrate and nitrite) (as N),Total,,3.1,mg/l,True,0.1,,,LAC10-107-04-1J,UHL001,Actual,SW,Water,,,Clayton,07060004,River/Stream,,42.739547,-91.2619757
6,10220001,Turkey River near Garber,10/03/2012 09:30:00,AMBIENT,NIT-NO3-NO2,Inorganic nitrogen (nitrate and nitrite) (as N),Total,,2,mg/l,True,0.1,,,LAC10-107-04-1J,UHL001,Actual,SW,Water,,,Clayton,07060004,River/Stream,,42.739547,-91.2619757
6,10220001,Turkey River near Garber,03/07/2012 08:10:00,AMBIENT,NIT-NO3-NO2,Inorganic nitrogen (nitrate and nitrite) (as N),Total,,5,mg/l,True,0.1,,,LAC10-107-04-1J,UHL001,Actual,SW,Water,,,Clayton,07060004,River/Stream,,42.739547,-91.2619757
6,10220001,Turkey River near Garber,02/07/2012 08:30:00,AMBIENT,NIT-NO3-NO2,Inorganic nitrogen (nitrate and nitrite) (as N),Total,,5.5,mg/l,True,0.1,,,LAC10-107-04-1J,UHL001,Actual,SW,Water,,,Clayton,07060004,River/Stream,,42.739547,-91.2619757
6,10220001,Turkey River near Garber,12/06/2011 09:15:00,AMBIENT,NIT-NO3-NO2,Inorganic nitrogen (nitrate and nitrite) (as N),Total,,6.2,mg/l,True,0.1,,,353.2,UHL001,Actual,SW,Water,,,Clayton,07060004,River/Stream,,42.739547,-91.2619757
6,10220001,Turkey River near Garber,08/03/2011 11:30:00,TURKEYR,NIT-NO3-NO2,Inorganic nitrogen (nitrate and nitrite) (as N),Total,,5.1,mg/l,True,0.1,,,353.2,IGS-GRAB,Actual,SW,Water,,,Clayton,07060004,River/Stream,,42.739547,-91.2619757
6,10220001,Turkey River near Garber,11/02/2011 13:45:00,TURKEYR,NIT-NO3-NO2,Inorganic nitrogen (nitrate and nitrite) (as N),Total,,4.2,mg/l,True,0.1,,,353.2,IGS-GRAB,Actual,SW,Water,,,Clayton,07060004,River/Stream,,42.739547,-91.2619757
6,10220001,Turkey River near Garber,01/05/2012 08:10:00,AMBIENT,NIT-NO3-NO2,Inorganic nitrogen (nitrate and nitrite) (as N),Total,,6,mg/l,True,0.1,,,LAC10-107-04-1J,UHL001,Actual,SW,Water,,,Clayton,07060004,River/Stream,,42.739547,-91.2619757
6,10220001,Turkey River near Garber,10/03/2011 08:45:00,AMBIENT,NIT-NO3-NO2,Inorganic nitrogen (nitrate and nitrite) (as N),Total,,4.2,mg/l,True,0.1,,,353.2,UHL001,Actual,SW,Water,,,Clayton,07060004,River/Stream,,42.739547,-91.2619757
6,10220001,Turkey River near Garber,08/03/2011 09:00:00,AMBIENT,NIT-NO3-NO2,Inorganic nitrogen (nitrate and nitrite) (as N),Total,,5.2,mg/l,True,0.1,,,353.2,UHL001,Actual,SW,Water,,,Clayton,07060004,River/Stream,,42.739547,-91.2619757
6,10220001,Turkey River near Garber,06/08/2011 09:10:00,AMBIENT,NIT-NO3-NO2,Inorganic nitrogen (nitrate and nitrite) (as N),Total,,8.2,mg/l,True,0.1,,,353.2,UHL001,Actual,SW,Water,,,Clayton,07060004,River/Stream,,42.739547,-91.2619757
6,10220001,Turkey River near Garber,05/02/2011 09:00:00,AMBIENT,NIT-NO3-NO2,Inorganic nitrogen (nitrate and nitrite) (as N),Total,,10,mg/l,True,0.1,,,353.2,UHL001,Actual,SW,Water,,,Clayton,07060004,River/Stream,,42.739547,-91.2619757
6,10220001,Turkey River near Garber,04/04/2011 08:30:00,AMBIENT,NIT-NO3-NO2,Inorganic nitrogen (nitrate and nitrite) (as N),Total,,8,mg/l,True,0.1,,,353.2,UHL001,Actual,SW,Water,,,Clayton,07060004,River/Stream,,42.739547,-91.2619757
6,10220001,Turkey River near Garber,02/07/2011 08:20:00,AMBIENT,NIT-NO3-NO2,Inorganic nitrogen (nitrate and nitrite) (as N),Total,,5.9,mg/l,True,0.1,,,353.2,UHL001,Actual,SW,Water,,,Clayton,07060004,River/Stream,,42.739547,-91.2619757
6,10220001,Turkey River near Garber,03/01/2011 08:45:00,AMBIENT,NIT-NO3-NO2,Inorganic nitrogen (nitrate and nitrite) (as N),Total,,7.8,mg/l,True,0.1,,,353.2,UHL001,Actual,SW,Water,,,Clayton,07060004,River/Stream,,42.739547,-91.2619757
6,10220001,Turkey River near Garber,12/02/2010 09:30:00,AMBIENT,NIT-NO3-NO2,Inorganic nitrogen (nitrate and nitrite) (as N),Total,,6.9,mg/l,True,0.1,,,353.2,UHL001,Actual,SW,Water,,,Clayton,07060004,River/Stream,,42.739547,-91.2619757
6,10220001,Turkey River near Garber,04/05/2010 09:10:00,AMBIENT,NIT-NO3-NO2,Inorganic nitrogen (nitrate and nitrite) (as N),Total,,6.3,mg/l,True,0.1,,,353.2,UHL001,Actual,SW,Water,,,Clayton,07060004,River/Stream,,42.739547,-91.2619757
6,10220001,Turkey River near Garber,02/03/2010 09:15:00,AMBIENT,NIT-NO3-NO2,Inorganic nitrogen (nitrate and nitrite) (as N),Total,,6.2,mg/l,True,0.1,,,353.2,UHL001,Actual,SW,Water,,,Clayton,07060004,River/Stream,,42.739547,-91.2619757
6,10220001,Turkey River near Garber,08/05/2010 08:50:00,AMBIENT,NIT-NO3-NO2,Inorganic nitrogen (nitrate and nitrite) (as N),Total,,7.1,mg/l,True,0.1,,,353.2,UHL001,Actual,SW,Water,,,Clayton,07060004,River/Stream,,42.739547,-91.2619757
6,10220001,Turkey River near Garber,11/02/2010 09:40:00,AMBIENT,NIT-NO3-NO2,Inorganic nitrogen (nitrate and nitrite) (as N),Total,,5,mg/l,True,0.1,,,353.2,UHL001,Actual,SW,Water,,,Clayton,07060004,River/Stream,,42.739547,-91.2619757
6,10220001,Turkey River near Garber,10/08/2009 09:30:00,AMBIENT,NIT-NO3-NO2,Inorganic nitrogen (nitrate and nitrite) (as N),Total,,3.9,mg/l,True,0.1,,,353.2,UHL001,Actual,SW,Water,,,Clayton,07060004,River/Stream,,42.739547,-91.2619757
6,10220001,Turkey River near Garber,11/05/2009 09:15:00,AMBIENT,NIT-NO3-NO2,Inorganic nitrogen (nitrate and nitrite) (as N),Total,,7.9,mg/l,True,0.1,,,353.2,UHL001,Actual,SW,Water,,,Clayton,07060004,River/Stream,,42.739547,-91.2619757
6,10220001,Turkey River near Garber,05/06/2009 09:05:00,AMBIENT,NIT-NO3-NO2,Inorganic nitrogen (nitrate and nitrite) (as N),Total,,6.5,mg/l,True,0.05,,,353.2,UHL001,Actual,SW,Water,,,Clayton,07060004,River/Stream,,42.739547,-91.2619757
6,10220001,Turkey River near Garber,07/06/2009 13:20:00,AMBIENT,NIT-NO3-NO2,Inorganic nitrogen (nitrate and nitrite) (as N),Total,,6.9,mg/l,True,0.05,,,353.2,UHL001,Actual,SW,Water,,,Clayton,07060004,River/Stream,,42.739547,-91.2619757
6,10220001,Turkey River near Garber,08/13/2008 07:20:00,AMBIENT,NIT-NO3-NO2,Inorganic nitrogen (nitrate and nitrite) (as N),Total,,5.9,mg/l,True,0.05,,,353.2,UHL001,Actual,SW,Water,,,Clayton,07060004,River/Stream,,42.739547,-91.2619757
6,10220001,Turkey River near Garber,11/01/2007 10:40:00,AMBIENT,NIT-NO3-NO2,Inorganic nitrogen (nitrate and nitrite) (as N),Total,,8.4,mg/l,True,0.05,,,353.2,UHL001,Actual,SW,Water,,,Clayton,07060004,River/Stream,,42.739547,-91.2619757
6,10220001,Turkey River near Garber,12/04/2007 09:20:00,AMBIENT,NIT-NO3-NO2,Inorganic nitrogen (nitrate and nitrite) (as N),Total,,7.5,mg/l,True,0.05,,,353.2,UHL001,Actual,SW,Water,,,Clayton,07060004,River/Stream,,42.739547,-91.2619757
6,10220001,Turkey River near Garber,09/12/2007 09:10:00,AMBIENT,NIT-NO3-NO2,Inorganic nitrogen (nitrate and nitrite) (as N),Total,,6.9,mg/l,True,0.05,,,353.2,UHL001,Actual,SW,Water,,,Clayton,07060004,River/Stream,,42.739547,-91.2619757
6,10220001,Turkey River near Garber,07/12/2007 08:30:00,AMBIENT,NIT-NO3-NO2,Inorganic nitrogen (nitrate and nitrite) (as N),Total,,6.4,mg/l,True,0.05,,,353.2,UHL001,Actual,SW,Water,,,Clayton,07060004,River/Stream,,42.739547,-91.2619757
6,10220001,Turkey River near Garber,04/10/2007 08:35:00,AMBIENT,NIT-NO3-NO2,Inorganic nitrogen (nitrate and nitrite) (as N),Total,,11,mg/l,True,0.05,,,353.2,UHL001,Actual,SW,Water,,,Clayton,07060004,River/Stream,,42.739547,-91.2619757
6,10220001,Turkey River near Garber,03/13/2007 08:55:00,AMBIENT,NIT-NO3-NO2,Inorganic nitrogen (nitrate and nitrite) (as N),Total,,2.7,mg/l,True,0.05,,,353.2,UHL001,Actual,SW,Water,,,Clayton,07060004,River/Stream,,42.739547,-91.2619757
6,10220001,Turkey River near Garber,11/08/2006 08:40:00,AMBIENT,NIT-NO3-NO2,Inorganic nitrogen (nitrate and nitrite) (as N),Total,,5.5,mg/l,True,0.05,,,353.2,UHL001,Actual,SW,Water,,,Clayton,07060004,River/Stream,,42.739547,-91.2619757
6,10220001,Turkey River near Garber,09/07/2006 13:25:00,AMBIENT,NIT-NO3-NO2,Inorganic nitrogen (nitrate and nitrite) (as N),Total,,3.2,mg/l,True,0.05,,,353.2,UHL001,Actual,SW,Water,,,Clayton,07060004,River/Stream,,42.739547,-91.2619757
6,10220001,Turkey River near Garber,07/06/2006 06:40:00,AMBIENT,NIT-NO3-NO2,Inorganic nitrogen (nitrate and nitrite) (as N),Total,,6.6,mg/l,True,0.05,,,353.2,UHL001,Actual,SW,Water,,,Clayton,07060004,River/Stream,,42.739547,-91.2619757
6,10220001,Turkey River near Garber,08/01/2006 07:40:00,AMBIENT,NIT-NO3-NO2,Inorganic nitrogen (nitrate and nitrite) (as N),Total,,3.6,mg/l,True,0.05,,,353.2,UHL001,Actual,SW,Water,,,Clayton,07060004,River/Stream,,42.739547,-91.2619757
6,10220001,Turkey River near Garber,06/05/2006 08:10:00,AMBIENT,NIT-NO3-NO2,Inorganic nitrogen (nitrate and nitrite) (as N),Total,,7.6,mg/l,True,0.05,,,353.2,UHL001,Actual,SW,Water,,,Clayton,07060004,River/Stream,,42.739547,-91.2619757
6,10220001,Turkey River near Garber,04/04/2006 09:00:00,AMBIENT,NIT-NO3-NO2,Inorganic nitrogen (nitrate and nitrite) (as N),Total,,11,mg/l,True,0.05,,,353.2,UHL001,Actual,SW,Water,,,Clayton,07060004,River/Stream,,42.739547,-91.2619757
6,10220001,Turkey River near Garber,01/03/2006 09:50:00,AMBIENT,NIT-NO3-NO2,Inorganic nitrogen (nitrate and nitrite) (as N),Total,,7,mg/l,True,0.05,,,353.2,UHL001,Actual,SW,Water,,,Clayton,07060004,River/Stream,,42.739547,-91.2619757
6,10220001,Turkey River near Garber,12/06/2005 10:15:00,AMBIENT,NIT-NO3-NO2,Inorganic nitrogen (nitrate and nitrite) (as N),Total,,9.4,mg/l,True,0.05,,,353.2,UHL001,Actual,SW,Water,,,Clayton,07060004,River/Stream,,42.739547,-91.2619757
6,10220001,Turkey River near Garber,08/02/2005 10:30:00,AMBIENT,NIT-NO3-NO2,Inorganic nitrogen (nitrate and nitrite) (as N),Total,,6.3,mg/l,True,0.05,,,353.2,UHL001,Actual,SW,Water,,,Clayton,07060004,River/Stream,,42.739547,-91.2619757
6,10220001,Turkey River near Garber,04/05/2005 08:10:00,AMBIENT,NIT-NO3-NO2,Inorganic nitrogen (nitrate and nitrite) (as N),Total,,8.4,mg/l,True,0.05,,,353.2,UHL001,Actual,SW,Water,,,Clayton,07060004,River/Stream,,42.739547,-91.2619757
6,10220001,Turkey River near Garber,03/01/2005 09:45:00,AMBIENT,NIT-NO3-NO2,Inorganic nitrogen (nitrate and nitrite) (as N),Total,,6.4,mg/l,True,0.05,,,353.2,UHL001,Actual,SW,Water,,,Clayton,07060004,River/Stream,,42.739547,-91.2619757
6,10220001,Turkey River near Garber,02/08/2005 09:10:00,AMBIENT,NIT-NO3-NO2,Inorganic nitrogen (nitrate and nitrite) (as N),Total,,2.6,mg/l,True,0.05,,,353.2,UHL001,Actual,SW,Water,,,Clayton,07060004,River/Stream,,42.739547,-91.2619757
6,10220001,Turkey River near Garber,11/09/2004 09:25:00,AMBIENT,NIT-NO3-NO2,Inorganic nitrogen (nitrate and nitrite) (as N),Total,,6.1,mg/l,True,0.05,,,353.2,UHL001,Actual,SW,Water,,,Clayton,07060004,River/Stream,,42.739547,-91.2619757
6,10220001,Turkey River near Garber,09/07/2004 07:55:00,AMBIENT,NIT-NO3-NO2,Inorganic nitrogen (nitrate and nitrite) (as N),Total,,5.4,mg/l,True,0.05,,,353.2,UHL001,Actual,SW,Water,,,Clayton,07060004,River/Stream,,42.739547,-91.2619757
6,10220001,Turkey River near Garber,10/07/2003 09:10:00,AMBIENT,NIT-NO3-NO2,Inorganic nitrogen (nitrate and nitrite) (as N),Total,,3.2,mg/l,True,0.1,,,353.2,UHL001,Actual,SW,Water,,,Clayton,07060004,River/Stream,,42.739547,-91.2619757
6,10220001,Turkey River near Garber,07/06/2004 10:35:00,AMBIENT,NIT-NO3-NO2,Inorganic nitrogen (nitrate and nitrite) (as N),Total,,1.9,mg/l,True,0.05,,,353.2,UHL001,Actual,SW,Water,,,Clayton,07060004,River/Stream,,42.739547,-91.2619757
6,10220001,Turkey River near Garber,06/01/2004 08:50:00,AMBIENT,NIT-NO3-NO2,Inorganic nitrogen (nitrate and nitrite) (as N),Total,,10,mg/l,True,0.05,,,353.2,UHL001,Actual,SW,Water,,,Clayton,07060004,River/Stream,,42.739547,-91.2619757
6,10220001,Turkey River near Garber,02/03/2004 10:35:00,AMBIENT,NIT-NO3-NO2,Inorganic nitrogen (nitrate and nitrite) (as N),Total,,4.8,mg/l,True,0.1,,,353.2,UHL001,Actual,SW,Water,,,Clayton,07060004,River/Stream,,42.739547,-91.2619757
6,10220001,Turkey River near Garber,12/02/2003 09:00:00,AMBIENT,NIT-NO3-NO2,Inorganic nitrogen (nitrate and nitrite) (as N),Total,,4.4,mg/l,True,0.1,,,353.2,UHL001,Actual,SW,Water,,,Clayton,07060004,River/Stream,,42.739547,-91.2619757
6,10220001,Turkey River near Garber,09/02/2003 09:40:00,AMBIENT,NIT-NO3-NO2,Inorganic nitrogen (nitrate and nitrite) (as N),Total,,2.4,mg/l,True,0.1,,,353.2,UHL001,Actual,SW,Water,,,Clayton,07060004,River/Stream,,42.739547,-91.2619757
6,10220001,Turkey River near Garber,07/08/2003 08:55:00,AMBIENT,NIT-NO3-NO2,Inorganic nitrogen (nitrate and nitrite) (as N),Total,,4.9,mg/l,True,0.1,,,353.2,UHL001,Actual,SW,Water,,,Clayton,07060004,River/Stream,,42.739547,-91.2619757
6,10220001,Turkey River near Garber,03/04/2003 09:15:00,AMBIENT,NIT-NO3-NO2,Inorganic nitrogen (nitrate and nitrite) (as N),Total,,4.6,mg/l,True,0.1,,,353.2,UHL001,Actual,SW,Water,,,Clayton,07060004,River/Stream,,42.739547,-91.2619757
6,10220001,Turkey River near Garber,01/07/2003 09:00:00,AMBIENT,NIT-NO3-NO2,Inorganic nitrogen (nitrate and nitrite) (as N),Total,,4.8,mg/l,True,0.1,,,353.2,UHL001,Actual,SW,Water,,,Clayton,07060004,River/Stream,,42.739547,-91.2619757
6,10220001,Turkey River near Garber,12/03/2002 09:10:00,AMBIENT,NIT-NO3-NO2,Inorganic nitrogen (nitrate and nitrite) (as N),Total,,5,mg/l,True,0.1,,,353.2,UHL001,Actual,SW,Water,,,Clayton,07060004,River/Stream,,42.739547,-91.2619757
6,10220001,Turkey River near Garber,10/01/2002 10:15:00,AMBIENT,NIT-NO3-NO2,Inorganic nitrogen (nitrate and nitrite) (as N),Total,,3.4,mg/l,True,0.1,,,353.2,UHL001,Actual,SW,Water,,,Clayton,07060004,River/Stream,,42.739547,-91.2619757
6,10220001,Turkey River near Garber,08/06/2002 08:40:00,AMBIENT,NIT-NO3-NO2,Inorganic nitrogen (nitrate and nitrite) (as N),Total,,4.9,mg/l,True,0.1,,,Unknown,UHL001,Actual,SW,Water,,,Clayton,07060004,River/Stream,,42.739547,-91.2619757
6,10220001,Turkey River near Garber,01/02/2002 11:30:00,AMBIENT,NIT-NO3-NO2,Inorganic nitrogen (nitrate and nitrite) (as N),Total,,7.2,mg/l,True,0.1,,,Unknown,UHL001,Actual,SW,Water,,,Clayton,07060004,River/Stream,,42.739547,-91.2619757
6,10220001,Turkey River near Garber,04/02/2002 08:45:00,AMBIENT,NIT-NO3-NO2,Inorganic nitrogen (nitrate and nitrite) (as N),Total,,4.7,mg/l,True,0.1,,,Unknown,UHL001,Actual,SW,Water,,,Clayton,07060004,River/Stream,,42.739547,-91.2619757
6,10220001,Turkey River near Garber,02/05/2002 09:15:00,AMBIENT,NIT-NO3-NO2,Inorganic nitrogen (nitrate and nitrite) (as N),Total,,6.2,mg/l,True,0.1,,,Unknown,UHL001,Actual,SW,Water,,,Clayton,07060004,River/Stream,,42.739547,-91.2619757
6,10220001,Turkey River near Garber,02/07/2001 09:25:00,AMBIENT,NIT-NO3-NO2,Inorganic nitrogen (nitrate and nitrite) (as N),Total,,6.5,mg/l,True,0.1,,,Unknown,UHL001,Actual,SW,Water,,,Clayton,07060004,River/Stream,,42.739547,-91.2619757
6,10220001,Turkey River near Garber,04/09/2001 09:30:00,AMBIENT,NIT-NO3-NO2,Inorganic nitrogen (nitrate and nitrite) (as N),Total,,8.6,mg/l,True,0.1,,,Unknown,UHL001,Actual,SW,Water,,,Clayton,07060004,River/Stream,,42.739547,-91.2619757
6,10220001,Turkey River near Garber,12/12/2000 10:20:00,AMBIENT,NIT-NO3-NO2,Inorganic nitrogen (nitrate and nitrite) (as N),Total,,7.6,mg/l,True,0.1,,,Unknown,UHL001,Actual,SW,Water,,,Clayton,07060004,River/Stream,,42.739547,-91.2619757
6,10220001,Turkey River near Garber,11/09/2000 07:35:00,AMBIENT,NIT-NO3-NO2,Inorganic nitrogen (nitrate and nitrite) (as N),Total,,5.8,mg/l,True,0.1,,,Unknown,UHL001,Actual,SW,Water,,,Clayton,07060004,River/Stream,,42.739547,-91.2619757
6,10220001,Turkey River near Garber,08/01/2001 12:55:00,AMBIENT,NIT-NO3-NO2,Inorganic nitrogen (nitrate and nitrite) (as N),Total,,4.3,mg/l,True,0.1,,,Unknown,UHL001,Actual,SW,Water,,,Clayton,07060004,River/Stream,,42.739547,-91.2619757
6,10220001,Turkey River near Garber,09/12/2001 09:55:00,AMBIENT,NIT-NO3-NO2,Inorganic nitrogen (nitrate and nitrite) (as N),Total,,5,mg/l,True,0.1,,,Unknown,UHL001,Actual,SW,Water,,,Clayton,07060004,River/Stream,,42.739547,-91.2619757
6,10220001,Turkey River near Garber,08/16/2000 13:05:00,AMBIENT,NIT-NO3-NO2,Inorganic nitrogen (nitrate and nitrite) (as N),Total,,4.5,mg/l,True,0.1,,,Unknown,UHL001,Actual,SW,Water,,,Clayton,07060004,River/Stream,,42.739547,-91.2619757
6,10220001,Turkey River near Garber,09/20/2000 10:55:00,AMBIENT,NIT-NO3-NO2,Inorganic nitrogen (nitrate and nitrite) (as N),Total,,4.6,mg/l,True,0.1,,,Unknown,UHL001,Actual,SW,Water,,,Clayton,07060004,River/Stream,,42.739547,-91.2619757
6,10220001,Turkey River near Garber,07/12/2000 10:35:00,AMBIENT,NIT-NO3-NO2,Inorganic nitrogen (nitrate and nitrite) (as N),Total,,8.9,mg/l,True,0.1,,,Unknown,UHL001,Actual,SW,Water,,,Clayton,07060004,River/Stream,,42.739547,-91.2619757
6,10220001,Turkey River near Garber,05/16/2000 10:25:00,AMBIENT,NIT-NO3-NO2,Inorganic nitrogen (nitrate and nitrite) (as N),Total,,5.8,mg/l,True,0.1,,,Unknown,UHL001,Actual,SW,Water,,,Clayton,07060004,River/Stream,,42.739547,-91.2619757
6,10220001,Turkey River near Garber,04/20/2000 09:15:00,AMBIENT,NIT-NO3-NO2,Inorganic nitrogen (nitrate and nitrite) (as N),Total,,2,mg/l,True,0.1,,,Unknown,UHL001,Actual,SW,Water,,,Clayton,07060004,River/Stream,,42.739547,-91.2619757
6,10220001,Turkey River near Garber,01/13/2000 09:00:00,AMBIENT,NIT-NO3-NO2,Inorganic nitrogen (nitrate and nitrite) (as N),Total,,6.4,mg/l,True,0.1,,,Unknown,UHL001,Actual,SW,Water,,,Clayton,07060004,River/Stream,,42.739547,-91.2619757
6,10220001,Turkey River near Garber,10/21/1999 08:50:00,AMBIENT,NIT-NO3-NO2,Inorganic nitrogen (nitrate and nitrite) (as N),Total,,5.4,mg/l,True,0.1,,,Unknown,UHL001,Actual,SW,Water,,,Clayton,07060004,River/Stream,,42.739547,-91.2619757
6,10220001,Turkey River near Garber,12/07/1999 08:20:00,AMBIENT,NIT-NO3-NO2,Inorganic nitrogen (nitrate and nitrite) (as N),Total,,5.7,mg/l,True,0.1,,,Unknown,UHL001,Actual,SW,Water,,,Clayton,07060004,River/Stream,,42.739547,-91.2619757
6,10220001,Turkey River near Garber,09/01/2016 08:50:00,AMBIENT,NIT-NO3-NO2,Inorganic nitrogen (nitrate and nitrite) (AS N),Total,,8.6,mg/l,True,0.1,,,LAC10-107-04-1J,UHL001,Actual,SW,Water,,,Clayton,07060004,River/Stream,,42.739547,-91.2619757
6,10220002,Volga River near Elkport,08/03/2016 00:00:00,AMBIENT,NIT-NO3-NO2,Inorganic nitrogen (nitrate and nitrite) (AS N),Total,,4.3,mg/l,True,0.1,,,LAC10-107-04-1J,UHL001,Actual,SW,Water,,,Clayton,07060004,River/Stream,,42.7497293,-91.2767798
6,10220001,Turkey River near Garber,08/03/2016 08:50:00,AMBIENT,NIT-NO3-NO2,Inorganic nitrogen (nitrate and nitrite) (AS N),Total,,9.4,mg/l,True,0.1,,,LAC10-107-04-1J,UHL001,Actual,SW,Water,,,Clayton,07060004,River/Stream,,42.739547,-91.2619757
6,10220002,Volga River near Elkport,07/06/2016 09:30:00,AMBIENT,NIT-NO3-NO2,Inorganic nitrogen (nitrate and nitrite) (AS N),Total,,4.4,mg/l,True,0.1,,,LAC10-107-04-1J,UHL001,Actual,SW,Water,,,Clayton,07060004,River/Stream,,42.7497293,-91.2767798
6,10220001,Turkey River near Garber,07/06/2016 09:50:00,AMBIENT,NIT-NO3-NO2,Inorganic nitrogen (nitrate and nitrite) (AS N),Total,,7.4,mg/l,True,0.1,,,LAC10-107-04-1J,UHL001,Actual,SW,Water,,,Clayton,07060004,River/Stream,,42.739547,-91.2619757
6,10220001,Turkey River near Garber,06/02/2016 11:00:00,AMBIENT,NIT-NO3-NO2,Inorganic nitrogen (nitrate and nitrite) (AS N),Total,,11,mg/l,True,1,,,LAC10-107-04-1J,UHL001,Actual,SW,Water,,,Clayton,07060004,River/Stream,,42.739547,-91.2619757
6,10220002,Volga River near Elkport,06/02/2016 11:15:00,AMBIENT,NIT-NO3-NO2,Inorganic nitrogen (nitrate and nitrite) (AS N),Total,,13,mg/l,True,1,,,LAC10-107-04-1J,UHL001,Actual,SW,Water,,,Clayton,07060004,River/Stream,,42.7497293,-91.2767798
6,10220002,Volga River near Elkport,05/04/2016 11:05:00,AMBIENT,NIT-NO3-NO2,Inorganic nitrogen (nitrate and nitrite) (AS N),Total,,7.3,mg/l,True,0.1,,,LAC10-107-04-1J,UHL001,Actual,SW,Water,,,Clayton,07060004,River/Stream,,42.7497293,-91.2767798
6,10220001,Turkey River near Garber,05/04/2016 10:50:00,AMBIENT,NIT-NO3-NO2,Inorganic nitrogen (nitrate and nitrite) (AS N),Total,,8.6,mg/l,True,0.1,,,LAC10-107-04-1J,UHL001,Actual,SW,Water,,,Clayton,07060004,River/Stream,,42.739547,-91.2619757
6,10220002,Volga River near Elkport,04/06/2016 07:20:00,AMBIENT,NIT-NO3-NO2,Inorganic nitrogen (nitrate and nitrite) (AS N),Total,,7.3,mg/l,True,0.1,,,LAC10-107-04-1J,UHL001,Actual,SW,Water,,,Clayton,07060004,River/Stream,,42.7497293,-91.2767798
6,10220001,Turkey River near Garber,04/06/2016 07:45:00,AMBIENT,NIT-NO3-NO2,Inorganic nitrogen (nitrate and nitrite) (AS N),Total,,12,mg/l,True,0.1,,,LAC10-107-04-1J,UHL001,Actual,SW,Water,,,Clayton,07060004,River/Stream,,42.739547,-91.2619757
6,10220001,Turkey River near Garber,03/08/2016 07:40:00,AMBIENT,NIT-NO3-NO2,Inorganic nitrogen (nitrate and nitrite) (AS N),Total,,8.5,mg/l,True,0.1,,,LAC10-107-04-1J,UHL001,Actual,SW,Water,,,Clayton,07060004,River/Stream,,42.739547,-91.2619757
6,10220002,Volga River near Elkport,03/08/2016 07:25:00,AMBIENT,NIT-NO3-NO2,Inorganic nitrogen (nitrate and nitrite) (AS N),Total,,5.9,mg/l,True,0.1,,,LAC10-107-04-1J,UHL001,Actual,SW,Water,,,Clayton,07060004,River/Stream,,42.7497293,-91.2767798
6,10220002,Volga River near Elkport,02/04/2016 12:00:00,AMBIENT,NIT-NO3-NO2,Inorganic nitrogen (nitrate and nitrite) (AS N),Total,,5.7,mg/l,True,0.1,,,LAC10-107-04-1J,UHL001,Actual,SW,Water,,,Clayton,07060004,River/Stream,,42.7497293,-91.2767798
6,10220001,Turkey River near Garber,02/04/2016 11:40:00,AMBIENT,NIT-NO3-NO2,Inorganic nitrogen (nitrate and nitrite) (AS N),Total,,7.9,mg/l,True,0.1,,,LAC10-107-04-1J,UHL001,Actual,SW,Water,,,Clayton,07060004,River/Stream,,42.739547,-91.2619757
6,10220002,Volga River near Elkport,01/11/2016 12:00:00,AMBIENT,NIT-NO3-NO2,Inorganic nitrogen (nitrate and nitrite) (AS N),Total,,9,mg/l,True,0.1,,,LAC10-107-04-1J,UHL001,Actual,SW,Water,,,Clayton,07060004,River/Stream,,42.7497293,-91.2767798
6,10220001,Turkey River near Garber,01/11/2016 11:45:00,AMBIENT,NIT-NO3-NO2,Inorganic nitrogen (nitrate and nitrite) (AS N),Total,,9.8,mg/l,True,0.1,,,LAC10-107-04-1J,UHL001,Actual,SW,Water,,,Clayton,07060004,River/Stream,,42.739547,-91.2619757
6,10220002,Volga River near Elkport,10/08/2015 07:45:00,AMBIENT,NIT-NO3-NO2,Inorganic nitrogen (nitrate and nitrite) (AS N),Total,,2.1,mg/l,True,0.1,,,LAC10-107-04-1J,UHL001,Actual,SW,Water,,,Clayton,07060004,River/Stream,,42.7497293,-91.2767798
6,10220001,Turkey River near Garber,10/08/2015 08:00:00,AMBIENT,NIT-NO3-NO2,Inorganic nitrogen (nitrate and nitrite) (AS N),Total,,3.7,mg/l,True,0.1,,,LAC10-107-04-1J,UHL001,Actual,SW,Water,,,Clayton,07060004,River/Stream,,42.739547,-91.2619757
6,10220002,Volga River near Elkport,11/09/2015 08:40:00,AMBIENT,NIT-NO3-NO2,Inorganic nitrogen (nitrate and nitrite) (AS N),Total,,3.7,mg/l,True,0.1,,,LAC10-107-04-1J,UHL001,Actual,SW,Water,,,Clayton,07060004,River/Stream,,42.7497293,-91.2767798
6,10220001,Turkey River near Garber,11/09/2015 09:00:00,AMBIENT,NIT-NO3-NO2,Inorganic nitrogen (nitrate and nitrite) (AS N),Total,,4.3,mg/l,True,0.1,,,LAC10-107-04-1J,UHL001,Actual,SW,Water,,,Clayton,07060004,River/Stream,,42.739547,-91.2619757
6,10220001,Turkey River near Garber,12/02/2015 09:10:00,AMBIENT,NIT-NO3-NO2,Inorganic nitrogen (nitrate and nitrite) (AS N),Total,,9.9,mg/l,True,0.1,,,LAC10-107-04-1J,UHL001,Actual,SW,Water,,,Clayton,07060004,River/Stream,,42.739547,-91.2619757
6,10220002,Volga River near Elkport,12/02/2015 08:50:00,AMBIENT,NIT-NO3-NO2,Inorganic nitrogen (nitrate and nitrite) (AS N),Total,,9.9,mg/l,True,0.1,,,LAC10-107-04-1J,UHL001,Actual,SW,Water,,,Clayton,07060004,River/Stream,,42.7497293,-91.2767798
6,10220002,Volga River near Elkport,10/01/2014 11:00:00,TURKEYR,NIT-NO3-NO2,Inorganic nitrogen (nitrate and nitrite) (AS N),Total,,2.4,mg/l,True,0.1,,,LAC10-107-04-1J,UHL001,Actual,SW,Water,,,Clayton,07060004,River/Stream,,42.7497293,-91.2767798
6,10220002,Volga River near Elkport,09/03/2014 12:59:00,TURKEYR,NIT-NO3-NO2,Inorganic nitrogen (nitrate and nitrite) (AS N),Total,,2.6,mg/l,True,0.1,,,LAC10-107-04-1J,UHL001,Actual,SW,Water,,,Clayton,07060004,River/Stream,,42.7497293,-91.2767798
6,10220001,Turkey River near Garber,10/01/2014 10:34:00,TURKEYR,NIT-NO3-NO2,Inorganic nitrogen (nitrate and nitrite) (AS N),Total,,4.7,mg/l,True,0.1,,,LAC10-107-04-1J,UHL001,Actual,SW,Water,,,Clayton,07060004,River/Stream,,42.739547,-91.2619757
6,10220001,Turkey River near Garber,09/03/2014 12:30:00,TURKEYR,NIT-NO3-NO2,Inorganic nitrogen (nitrate and nitrite) (AS N),Total,,4.6,mg/l,True,0.1,,,LAC10-107-04-1J,UHL001,Actual,SW,Water,,,Clayton,07060004,River/Stream,,42.739547,-91.2619757
6,10220001,Turkey River near Garber,05/07/2014 08:58:00,TURKEYR,NIT-NO3-NO2,Inorganic nitrogen (nitrate and nitrite) (AS N),Total,,11,mg/l,True,0.1,,,LAC10-107-04-1J,UHL001,Actual,SW,Water,,,Clayton,07060004,River/Stream,,42.739547,-91.2619757
6,10220001,Turkey River near Garber,11/05/2014 12:40:00,TURKEYR,NIT-NO3-NO2,Inorganic nitrogen (nitrate and nitrite) (AS N),Total,,6.1,mg/l,True,0.1,,,LAC10-107-04-1J,UHL001,Actual,SW,Water,,,Clayton,07060004,River/Stream,,42.739547,-91.2619757
6,10220002,Volga River near Elkport,11/05/2014 13:10:00,TURKEYR,NIT-NO3-NO2,Inorganic nitrogen (nitrate and nitrite) (AS N),Total,,3.3,mg/l,True,0.1,,,LAC10-107-04-1J,UHL001,Actual,SW,Water,,,Clayton,07060004,River/Stream,,42.7497293,-91.2767798
6,10220002,Volga River near Elkport,09/02/2015 07:55:00,AMBIENT,NIT-NO3-NO2,Inorganic nitrogen (nitrate and nitrite) (AS N),Total,,2.1,mg/l,True,0.1,,,LAC10-107-04-1J,UHL001,Actual,SW,Water,,,Clayton,07060004,River/Stream,,42.7497293,-91.2767798
6,10220001,Turkey River near Garber,09/02/2015 07:40:00,AMBIENT,NIT-NO3-NO2,Inorganic nitrogen (nitrate and nitrite) (AS N),Total,,3,mg/l,True,0.1,,,LAC10-107-04-1J,UHL001,Actual,SW,Water,,,Clayton,07060004,River/Stream,,42.739547,-91.2619757
6,10220002,Volga River near Elkport,05/07/2014 09:12:00,TURKEYR,NIT-NO3-NO2,Inorganic nitrogen (nitrate and nitrite) (AS N),Total,,8.4,mg/l,True,0.1,,,LAC10-107-04-1J,UHL001,Actual,SW,Water,,,Clayton,07060004,River/Stream,,42.7497293,-91.2767798
6,10220002,Volga River near Elkport,06/04/2014 12:54:00,TURKEYR,NIT-NO3-NO2,Inorganic nitrogen (nitrate and nitrite) (AS N),Total,,5,mg/l,True,0.1,,,LAC10-107-04-1J,UHL001,Actual,SW,Water,,,Clayton,07060004,River/Stream,,42.7497293,-91.2767798
6,10220001,Turkey River near Garber,07/09/2014 10:47:00,TURKEYR,NIT-NO3-NO2,Inorganic nitrogen (nitrate and nitrite) (AS N),Total,,12,mg/l,True,0.1,,,LAC10-107-04-1J,UHL001,Actual,SW,Water,,,Clayton,07060004,River/Stream,,42.739547,-91.2619757
6,10220001,Turkey River near Garber,06/04/2014 12:44:00,TURKEYR,NIT-NO3-NO2,Inorganic nitrogen (nitrate and nitrite) (AS N),Total,,6.4,mg/l,True,0.1,,,LAC10-107-04-1J,UHL001,Actual,SW,Water,,,Clayton,07060004,River/Stream,,42.739547,-91.2619757
6,10220002,Volga River near Elkport,07/09/2014 10:35:00,TURKEYR,NIT-NO3-NO2,Inorganic nitrogen (nitrate and nitrite) (AS N),Total,,8,mg/l,True,0.1,,,LAC10-107-04-1J,UHL001,Actual,SW,Water,,,Clayton,07060004,River/Stream,,42.7497293,-91.2767798
6,10220001,Turkey River near Garber,04/02/2014 11:59:00,TURKEYR,NIT-NO3-NO2,Inorganic nitrogen (nitrate and nitrite) (AS N),Total,,3.3,mg/l,True,0.1,,,LAC10-107-04-1J,UHL001,Actual,SW,Water,,,Clayton,07060004,River/Stream,,42.739547,-91.2619757
6,10220001,Turkey River near Garber,08/06/2014 10:53:00,TURKEYR,NIT-NO3-NO2,Inorganic nitrogen (nitrate and nitrite) (AS N),Total,,5.9,mg/l,True,0.1,,,LAC10-107-04-1J,UHL001,Actual,SW,Water,,,Clayton,07060004,River/Stream,,42.739547,-91.2619757
6,10220002,Volga River near Elkport,04/02/2014 12:15:00,TURKEYR,NIT-NO3-NO2,Inorganic nitrogen (nitrate and nitrite) (AS N),Total,,3.4,mg/l,True,0.1,,,LAC10-107-04-1J,UHL001,Actual,SW,Water,,,Clayton,07060004,River/Stream,,42.7497293,-91.2767798
6,10220002,Volga River near Elkport,08/06/2014 10:59:00,TURKEYR,NIT-NO3-NO2,Inorganic nitrogen (nitrate and nitrite) (AS N),Total,,3.4,mg/l,True,0.1,,,LAC10-107-04-1J,UHL001,Actual,SW,Water,,,Clayton,07060004,River/Stream,,42.7497293,-91.2767798
6,10220002,Volga River near Elkport,08/03/2015 07:10:00,AMBIENT,NIT-NO3-NO2,Inorganic nitrogen (nitrate and nitrite) (AS N),Total,,2.7,mg/l,True,0.1,,,LAC10-107-04-1J,UHL001,Actual,SW,Water,,,Clayton,07060004,River/Stream,,42.7497293,-91.2767798
6,10220001,Turkey River near Garber,08/03/2015 07:55:00,AMBIENT,NIT-NO3-NO2,Inorganic nitrogen (nitrate and nitrite) (AS N),Total,,5.8,mg/l,True,0.1,,,LAC10-107-04-1J,UHL001,Actual,SW,Water,,,Clayton,07060004,River/Stream,,42.739547,-91.2619757
6,15220005,Sny Magill Creek Site #2 (SN02),04/25/2000 15:05:00,SNY319,NIT-NO3-NO2,Inorganic nitrogen (nitrate and nitrite) (as N),Total,,3.7,mg/l,True,0.1,,,Unknown,SNY001,Actual,SW,Water,,,Clayton,07060003,River/Stream,,42.96808222,-91.22331192
6,15220004,Sny Magill Creek Site #1 (SN01),09/19/2000 12:15:00,SNY319,NIT-NO3-NO2,Inorganic nitrogen (nitrate and nitrite) (as N),Total,,2.6,mg/l,True,0.1,,,Unknown,SNY001,Actual,SW,Water,,,Clayton,07060003,River/Stream,,42.94880662,-91.18632674
6,15220004,Sny Magill Creek Site #1 (SN01),01/11/2000 14:10:00,SNY319,NIT-NO3-NO2,Inorganic nitrogen (nitrate and nitrite) (as N),Total,,3.8,mg/l,True,0.1,,,Unknown,SNY001,Actual,SW,Water,,,Clayton,07060003,River/Stream,,42.94880662,-91.18632674
6,15220004,Sny Magill Creek Site #1 (SN01),09/12/2000 12:55:00,SNY319,NIT-NO3-NO2,Inorganic nitrogen (nitrate and nitrite) (as N),Total,,2.6,mg/l,True,0.1,,,Unknown,SNY001,Actual,SW,Water,,,Clayton,07060003,River/Stream,,42.94880662,-91.18632674
6,15220004,Sny Magill Creek Site #1 (SN01),08/22/2000 12:30:00,SNY319,NIT-NO3-NO2,Inorganic nitrogen (nitrate and nitrite) (as N),Total,,2.8,mg/l,True,0.1,,,Unknown,SNY001,Actual,SW,Water,,,Clayton,07060003,River/Stream,,42.94880662,-91.18632674
6,15220006,Sny Magill Creek Site #3 (SN03),03/07/2000 13:05:00,SNY319,NIT-NO3-NO2,Inorganic nitrogen (nitrate and nitrite) (as N),Total,,6.7,mg/l,True,0.1,,,Unknown,SNY001,Actual,SW,Water,,,Clayton,07060003,River/Stream,,42.98149721,-91.24097377
6,15220006,Sny Magill Creek Site #3 (SN03),02/29/2000 15:40:00,SNY319,NIT-NO3-NO2,Inorganic nitrogen (nitrate and nitrite) (as N),Total,,6.5,mg/l,True,0.1,,,Unknown,SNY001,Actual,SW,Water,,,Clayton,07060003,River/Stream,,42.98149721,-91.24097377
6,15220006,Sny Magill Creek Site #3 (SN03),02/22/2000 14:40:00,SNY319,NIT-NO3-NO2,Inorganic nitrogen (nitrate and nitrite) (as N),Total,,6.5,mg/l,True,0.1,,,Unknown,SNY001,Actual,SW,Water,,,Clayton,07060003,River/Stream,,42.98149721,-91.24097377
6,15220006,Sny Magill Creek Site #3 (SN03),01/18/2000 13:45:00,SNY319,NIT-NO3-NO2,Inorganic nitrogen (nitrate and nitrite) (as N),Total,,7.5,mg/l,True,0.1,,,Unknown,SNY001,Actual,SW,Water,,,Clayton,07060003,River/Stream,,42.98149721,-91.24097377
6,15220006,Sny Magill Creek Site #3 (SN03),01/11/2000 15:15:00,SNY319,NIT-NO3-NO2,Inorganic nitrogen (nitrate and nitrite) (as N),Total,,7.1,mg/l,True,0.1,,,Unknown,SNY001,Actual,SW,Water,,,Clayton,07060003,River/Stream,,42.98149721,-91.24097377
6,15220006,Sny Magill Creek Site #3 (SN03),01/04/2000 13:10:00,SNY319,NIT-NO3-NO2,Inorganic nitrogen (nitrate and nitrite) (as N),Total,,7.1,mg/l,True,0.1,,,Unknown,SNY001,Actual,SW,Water,,,Clayton,07060003,River/Stream,,42.98149721,-91.24097377
6,15220005,Sny Magill Creek Site #2 (SN02),06/27/2000 15:00:00,SNY319,NIT-NO3-NO2,Inorganic nitrogen (nitrate and nitrite) (as N),Total,,3.9,mg/l,True,0.1,,,Unknown,SNY001,Actual,SW,Water,,,Clayton,07060003,River/Stream,,42.96808222,-91.22331192
6,15220005,Sny Magill Creek Site #2 (SN02),05/30/2000 15:35:00,SNY319,NIT-NO3-NO2,Inorganic nitrogen (nitrate and nitrite) (as N),Total,,3.9,mg/l,True,0.1,,,Unknown,SNY001,Actual,SW,Water,,,Clayton,07060003,River/Stream,,42.96808222,-91.22331192
6,15220007,Sny Magill North Tributary (SNT),08/29/2000 15:25:00,SNY319,NIT-NO3-NO2,Inorganic nitrogen (nitrate and nitrite) (as N),Total,,4.1,mg/l,True,0.1,,,Unknown,SNY001,Actual,SW,Water,,,Clayton,07060003,River/Stream,,42.96850981,-91.22439501
6,15220007,Sny Magill North Tributary (SNT),03/28/2000 15:40:00,SNY319,NIT-NO3-NO2,Inorganic nitrogen (nitrate and nitrite) (as N),Total,,4.6,mg/l,True,0.1,,,Unknown,SNY001,Actual,SW,Water,,,Clayton,07060003,River/Stream,,42.96850981,-91.22439501
6,15220007,Sny Magill North Tributary (SNT),02/29/2000 15:30:00,SNY319,NIT-NO3-NO2,Inorganic nitrogen (nitrate and nitrite) (as N),Total,,5,mg/l,True,0.1,,,Unknown,SNY001,Actual,SW,Water,,,Clayton,07060003,River/Stream,,42.96850981,-91.22439501
6,15220007,Sny Magill North Tributary (SNT),01/25/2000 14:30:00,SNY319,NIT-NO3-NO2,Inorganic nitrogen (nitrate and nitrite) (as N),Total,,5.4,mg/l,True,0.1,,,Unknown,SNY001,Actual,SW,Water,,,Clayton,07060003,River/Stream,,42.96850981,-91.22439501
6,15220006,Sny Magill Creek Site #3 (SN03),09/05/2000 13:00:00,SNY319,NIT-NO3-NO2,Inorganic nitrogen (nitrate and nitrite) (as N),Total,,5.7,mg/l,True,0.1,,,Unknown,SNY001,Actual,SW,Water,,,Clayton,07060003,River/Stream,,42.98149721,-91.24097377
6,15220006,Sny Magill Creek Site #3 (SN03),08/29/2000 15:35:00,SNY319,NIT-NO3-NO2,Inorganic nitrogen (nitrate and nitrite) (as N),Total,,5.3,mg/l,True,0.1,,,Unknown,SNY001,Actual,SW,Water,,,Clayton,07060003,River/Stream,,42.98149721,-91.24097377
6,15220006,Sny Magill Creek Site #3 (SN03),08/22/2000 13:20:00,SNY319,NIT-NO3-NO2,Inorganic nitrogen (nitrate and nitrite) (as N),Total,,5.1,mg/l,True,0.1,,,Unknown,SNY001,Actual,SW,Water,,,Clayton,07060003,River/Stream,,42.98149721,-91.24097377
6,15220006,Sny Magill Creek Site #3 (SN03),07/18/2000 13:50:00,SNY319,NIT-NO3-NO2,Inorganic nitrogen (nitrate and nitrite) (as N),Total,,5.3,mg/l,True,0.1,,,Unknown,SNY001,Actual,SW,Water,,,Clayton,07060003,River/Stream,,42.98149721,-91.24097377
6,15220006,Sny Magill Creek Site #3 (SN03),07/11/2000 13:10:00,SNY319,NIT-NO3-NO2,Inorganic nitrogen (nitrate and nitrite) (as N),Total,,4.6,mg/l,True,0.1,,,Unknown,SNY001,Actual,SW,Water,,,Clayton,07060003,River/Stream,,42.98149721,-91.24097377
6,15220006,Sny Magill Creek Site #3 (SN03),07/04/2000 13:40:00,SNY319,NIT-NO3-NO2,Inorganic nitrogen (nitrate and nitrite) (as N),Total,,5.1,mg/l,True,0.1,,,Unknown,SNY001,Actual,SW,Water,,,Clayton,07060003,River/Stream,,42.98149721,-91.24097377
6,15220006,Sny Magill Creek Site #3 (SN03),06/06/2000 12:55:00,SNY319,NIT-NO3-NO2,Inorganic nitrogen (nitrate and nitrite) (as N),Total,,4.8,mg/l,True,0.1,,,Unknown,SNY001,Actual,SW,Water,,,Clayton,07060003,River/Stream,,42.98149721,-91.24097377
6,15220006,Sny Magill Creek Site #3 (SN03),05/30/2000 16:00:00,SNY319,NIT-NO3-NO2,Inorganic nitrogen (nitrate and nitrite) (as N),Total,,5,mg/l,True,0.1,,,Unknown,SNY001,Actual,SW,Water,,,Clayton,07060003,River/Stream,,42.98149721,-91.24097377
6,15220006,Sny Magill Creek Site #3 (SN03),05/23/2000 13:55:00,SNY319,NIT-NO3-NO2,Inorganic nitrogen (nitrate and nitrite) (as N),Total,,5.3,mg/l,True,0.1,,,Unknown,SNY001,Actual,SW,Water,,,Clayton,07060003,River/Stream,,42.98149721,-91.24097377
6,15220006,Sny Magill Creek Site #3 (SN03),04/18/2000 13:30:00,SNY319,NIT-NO3-NO2,Inorganic nitrogen (nitrate and nitrite) (as N),Total,,6,mg/l,True,0.1,,,Unknown,SNY001,Actual,SW,Water,,,Clayton,07060003,River/Stream,,42.98149721,-91.24097377
6,15220006,Sny Magill Creek Site #3 (SN03),04/11/2000 14:45:00,SNY319,NIT-NO3-NO2,Inorganic nitrogen (nitrate and nitrite) (as N),Total,,6.2,mg/l,True,0.1,,,Unknown,SNY001,Actual,SW,Water,,,Clayton,07060003,River/Stream,,42.98149721,-91.24097377
6,15220006,Sny Magill Creek Site #3 (SN03),04/04/2000 13:25:00,SNY319,NIT-NO3-NO2,Inorganic nitrogen (nitrate and nitrite) (as N),Total,,6.4,mg/l,True,0.1,,,Unknown,SNY001,Actual,SW,Water,,,Clayton,07060003,River/Stream,,42.98149721,-91.24097377
6,15220004,Sny Magill Creek Site #1 (SN01),08/15/2000 13:20:00,SNY319,NIT-NO3-NO2,Inorganic nitrogen (nitrate and nitrite) (as N),Total,,2.5,mg/l,True,0.1,,,Unknown,SNY001,Actual,SW,Water,,,Clayton,07060003,River/Stream,,42.94880662,-91.18632674
6,15220004,Sny Magill Creek Site #1 (SN01),07/25/2000 13:35:00,SNY319,NIT-NO3-NO2,Inorganic nitrogen (nitrate and nitrite) (as N),Total,,3,mg/l,True,0.1,,,Unknown,SNY001,Actual,SW,Water,,,Clayton,07060003,River/Stream,,42.94880662,-91.18632674
6,15220004,Sny Magill Creek Site #1 (SN01),07/18/2000 13:10:00,SNY319,NIT-NO3-NO2,Inorganic nitrogen (nitrate and nitrite) (as N),Total,,3.2,mg/l,True,0.1,,,Unknown,SNY001,Actual,SW,Water,,,Clayton,07060003,River/Stream,,42.94880662,-91.18632674
6,15220004,Sny Magill Creek Site #1 (SN01),06/27/2000 14:20:00,SNY319,NIT-NO3-NO2,Inorganic nitrogen (nitrate and nitrite) (as N),Total,,3.2,mg/l,True,0.1,,,Unknown,SNY001,Actual,SW,Water,,,Clayton,07060003,River/Stream,,42.94880662,-91.18632674
6,15220004,Sny Magill Creek Site #1 (SN01),06/20/2000 12:25:00,SNY319,NIT-NO3-NO2,Inorganic nitrogen (nitrate and nitrite) (as N),Total,,3.5,mg/l,True,0.1,,,Unknown,SNY001,Actual,SW,Water,,,Clayton,07060003,River/Stream,,42.94880662,-91.18632674
6,15220004,Sny Magill Creek Site #1 (SN01),05/30/2000 14:55:00,SNY319,NIT-NO3-NO2,Inorganic nitrogen (nitrate and nitrite) (as N),Total,,3.2,mg/l,True,0.1,,,Unknown,SNY001,Actual,SW,Water,,,Clayton,07060003,River/Stream,,42.94880662,-91.18632674
6,15220004,Sny Magill Creek Site #1 (SN01),05/23/2000 13:15:00,SNY319,NIT-NO3-NO2,Inorganic nitrogen (nitrate and nitrite) (as N),Total,,3.6,mg/l,True,0.1,,,Unknown,SNY001,Actual,SW,Water,,,Clayton,07060003,River/Stream,,42.94880662,-91.18632674
6,15220004,Sny Magill Creek Site #1 (SN01),05/02/2000 13:20:00,SNY319,NIT-NO3-NO2,Inorganic nitrogen (nitrate and nitrite) (as N),Total,,2.6,mg/l,True,0.1,,,Unknown,SNY001,Actual,SW,Water,,,Clayton,07060003,River/Stream,,42.94880662,-91.18632674
6,15220004,Sny Magill Creek Site #1 (SN01),04/25/2000 14:30:00,SNY319,NIT-NO3-NO2,Inorganic nitrogen (nitrate and nitrite) (as N),Total,,3.1,mg/l,True,0.1,,,Unknown,SNY001,Actual,SW,Water,,,Clayton,07060003,River/Stream,,42.94880662,-91.18632674
6,15220004,Sny Magill Creek Site #1 (SN01),04/04/2000 12:45:00,SNY319,NIT-NO3-NO2,Inorganic nitrogen (nitrate and nitrite) (as N),Total,,3.1,mg/l,True,0.1,,,Unknown,SNY001,Actual,SW,Water,,,Clayton,07060003,River/Stream,,42.94880662,-91.18632674
6,15220004,Sny Magill Creek Site #1 (SN01),03/28/2000 14:45:00,SNY319,NIT-NO3-NO2,Inorganic nitrogen (nitrate and nitrite) (as N),Total,,3.1,mg/l,True,0.1,,,Unknown,SNY001,Actual,SW,Water,,,Clayton,07060003,River/Stream,,42.94880662,-91.18632674
6,15220004,Sny Magill Creek Site #1 (SN01),03/07/2000 12:20:00,SNY319,NIT-NO3-NO2,Inorganic nitrogen (nitrate and nitrite) (as N),Total,,3.2,mg/l,True,0.1,,,Unknown,SNY001,Actual,SW,Water,,,Clayton,07060003,River/Stream,,42.94880662,-91.18632674
6,15220004,Sny Magill Creek Site #1 (SN01),02/29/2000 14:45:00,SNY319,NIT-NO3-NO2,Inorganic nitrogen (nitrate and nitrite) (as N),Total,,3.5,mg/l,True,0.1,,,Unknown,SNY001,Actual,SW,Water,,,Clayton,07060003,River/Stream,,42.94880662,-91.18632674
6,15220004,Sny Magill Creek Site #1 (SN01),02/08/2000 13:40:00,SNY319,NIT-NO3-NO2,Inorganic nitrogen (nitrate and nitrite) (as N),Total,,3.5,mg/l,True,0.1,,,Unknown,SNY001,Actual,SW,Water,,,Clayton,07060003,River/Stream,,42.94880662,-91.18632674
6,15220004,Sny Magill Creek Site #1 (SN01),02/01/2000 12:45:00,SNY319,NIT-NO3-NO2,Inorganic nitrogen (nitrate and nitrite) (as N),Total,,3.6,mg/l,True,0.1,,,Unknown,SNY001,Actual,SW,Water,,,Clayton,07060003,River/Stream,,42.94880662,-91.18632674
6,15220004,Sny Magill Creek Site #1 (SN01),01/04/2000 12:35:00,SNY319,NIT-NO3-NO2,Inorganic nitrogen (nitrate and nitrite) (as N),Total,,3.8,mg/l,True,0.1,,,Unknown,SNY001,Actual,SW,Water,,,Clayton,07060003,River/Stream,,42.94880662,-91.18632674
6,15220006,Sny Magill Creek Site #3 (SN03),12/28/1999 14:45:00,SNY319,NIT-NO3-NO2,Inorganic nitrogen (nitrate and nitrite) (as N),Total,,7,mg/l,True,0.1,,,Unknown,SNY001,Actual,SW,Water,,,Clayton,07060003,River/Stream,,42.98149721,-91.24097377
6,15220006,Sny Magill Creek Site #3 (SN03),12/21/1999 13:15:00,SNY319,NIT-NO3-NO2,Inorganic nitrogen (nitrate and nitrite) (as N),Total,,7.6,mg/l,True,0.1,,,Unknown,SNY001,Actual,SW,Water,,,Clayton,07060003,River/Stream,,42.98149721,-91.24097377
6,15220006,Sny Magill Creek Site #3 (SN03),12/14/1999 13:25:00,SNY319,NIT-NO3-NO2,Inorganic nitrogen (nitrate and nitrite) (as N),Total,,6.7,mg/l,True,0.1,,,Unknown,SNY001,Actual,SW,Water,,,Clayton,07060003,River/Stream,,42.98149721,-91.24097377
6,15220006,Sny Magill Creek Site #3 (SN03),11/16/1999 13:05:00,SNY319,NIT-NO3-NO2,Inorganic nitrogen (nitrate and nitrite) (as N),Total,,6.6,mg/l,True,0.1,,,Unknown,SNY001,Actual,SW,Water,,,Clayton,07060003,River/Stream,,42.98149721,-91.24097377
6,15220006,Sny Magill Creek Site #3 (SN03),11/09/1999 13:25:00,SNY319,NIT-NO3-NO2,Inorganic nitrogen (nitrate and nitrite) (as N),Total,,6.3,mg/l,True,0.1,,,Unknown,SNY001,Actual,SW,Water,,,Clayton,07060003,River/Stream,,42.98149721,-91.24097377
6,15220006,Sny Magill Creek Site #3 (SN03),11/02/1999 14:00:00,SNY319,NIT-NO3-NO2,Inorganic nitrogen (nitrate and nitrite) (as N),Total,,6.3,mg/l,True,0.1,,,Unknown,SNY001,Actual,SW,Water,,,Clayton,07060003,River/Stream,,42.98149721,-91.24097377
6,15220006,Sny Magill Creek Site #3 (SN03),10/26/1999 14:15:00,SNY319,NIT-NO3-NO2,Inorganic nitrogen (nitrate and nitrite) (as N),Total,,6.3,mg/l,True,0.1,,,Unknown,SNY001,Actual,SW,Water,,,Clayton,07060003,River/Stream,,42.98149721,-91.24097377
6,15220005,Sny Magill Creek Site #2 (SN02),12/28/1999 14:20:00,SNY319,NIT-NO3-NO2,Inorganic nitrogen (nitrate and nitrite) (as N),Total,,4.6,mg/l,True,0.1,,,Unknown,SNY001,Actual,SW,Water,,,Clayton,07060003,River/Stream,,42.96808222,-91.22331192
6,15220005,Sny Magill Creek Site #2 (SN02),11/30/1999 14:25:00,SNY319,NIT-NO3-NO2,Inorganic nitrogen (nitrate and nitrite) (as N),Total,,4.4,mg/l,True,0.1,,,Unknown,SNY001,Actual,SW,Water,,,Clayton,07060003,River/Stream,,42.96808222,-91.22331192
6,15220005,Sny Magill Creek Site #2 (SN02),10/26/1999 13:50:00,SNY319,NIT-NO3-NO2,Inorganic nitrogen (nitrate and nitrite) (as N),Total,,3.9,mg/l,True,0.1,,,Unknown,SNY001,Actual,SW,Water,,,Clayton,07060003,River/Stream,,42.96808222,-91.22331192
6,15220004,Sny Magill Creek Site #1 (SN01),12/14/1999 12:50:00,SNY319,NIT-NO3-NO2,Inorganic nitrogen (nitrate and nitrite) (as N),Total,,3.7,mg/l,True,0.1,,,Unknown,SNY001,Actual,SW,Water,,,Clayton,07060003,River/Stream,,42.94880662,-91.18632674
6,15220004,Sny Magill Creek Site #1 (SN01),12/07/1999 13:00:00,SNY319,NIT-NO3-NO2,Inorganic nitrogen (nitrate and nitrite) (as N),Total,,3.7,mg/l,True,0.1,,,Unknown,SNY001,Actual,SW,Water,,,Clayton,07060003,River/Stream,,42.94880662,-91.18632674
6,15220004,Sny Magill Creek Site #1 (SN01),11/16/1999 12:35:00,SNY319,NIT-NO3-NO2,Inorganic nitrogen (nitrate and nitrite) (as N),Total,,3.4,mg/l,True,0.1,,,Unknown,SNY001,Actual,SW,Water,,,Clayton,07060003,River/Stream,,42.94880662,-91.18632674
6,15220004,Sny Magill Creek Site #1 (SN01),11/09/1999 13:00:00,SNY319,NIT-NO3-NO2,Inorganic nitrogen (nitrate and nitrite) (as N),Total,,3.3,mg/l,True,0.1,,,Unknown,SNY001,Actual,SW,Water,,,Clayton,07060003,River/Stream,,42.94880662,-91.18632674
6,15220004,Sny Magill Creek Site #1 (SN01),10/12/1999 11:50:00,SNY319,NIT-NO3-NO2,Inorganic nitrogen (nitrate and nitrite) (as N),Total,,3.2,mg/l,True,0.1,,,Unknown,SNY001,Actual,SW,Water,,,Clayton,07060003,River/Stream,,42.94880662,-91.18632674
6,15220008,West Fork Sny Magill Creek  (SNWF),01/26/1999 14:00:00,SNY319,NIT-NO3-NO2,Inorganic nitrogen (nitrate and nitrite) (as N),Total,,3.8,mg/l,True,0.1,,,Unknown,SNY001,Actual,SW,Water,,,Clayton,07060003,River/Stream,,42.97628121,-91.23730654
6,15220004,Sny Magill Creek Site #1 (SN01),10/05/1999 11:50:00,SNY319,NIT-NO3-NO2,Inorganic nitrogen (nitrate and nitrite) (as N),Total,,3.4,mg/l,True,0.1,,,Unknown,SNY001,Actual,SW,Water,,,Clayton,07060003,River/Stream,,42.94880662,-91.18632674
6,15220008,West Fork Sny Magill Creek  (SNWF),01/19/1999 14:30:00,SNY319,NIT-NO3-NO2,Inorganic nitrogen (nitrate and nitrite) (as N),Total,,4.3,mg/l,True,0.1,,,Unknown,SNY001,Actual,SW,Water,,,Clayton,07060003,River/Stream,,42.97628121,-91.23730654
6,15220008,West Fork Sny Magill Creek  (SNWF),01/12/1999 13:50:00,SNY319,NIT-NO3-NO2,Inorganic nitrogen (nitrate and nitrite) (as N),Total,,4,mg/l,True,0.1,,,Unknown,SNY001,Actual,SW,Water,,,Clayton,07060003,River/Stream,,42.97628121,-91.23730654
6,15220007,Sny Magill North Tributary (SNT),09/28/1999 13:30:00,SNY319,NIT-NO3-NO2,Inorganic nitrogen (nitrate and nitrite) (as N),Total,,5.1,mg/l,True,0.1,,,Unknown,SNY001,Actual,SW,Water,,,Clayton,07060003,River/Stream,,42.96850981,-91.22439501
6,15220007,Sny Magill North Tributary (SNT),08/31/1999 14:30:00,SNY319,NIT-NO3-NO2,Inorganic nitrogen (nitrate and nitrite) (as N),Total,,5.2,mg/l,True,0.1,,,Unknown,SNY001,Actual,SW,Water,,,Clayton,07060003,River/Stream,,42.96850981,-91.22439501
6,15220007,Sny Magill North Tributary (SNT),07/27/1999 14:30:00,SNY319,NIT-NO3-NO2,Inorganic nitrogen (nitrate and nitrite) (as N),Total,,4.2,mg/l,True,0.1,,,Unknown,SNY001,Actual,SW,Water,,,Clayton,07060003,River/Stream,,42.96850981,-91.22439501
6,15220006,Sny Magill Creek Site #3 (SN03),09/28/1999 13:40:00,SNY319,NIT-NO3-NO2,Inorganic nitrogen (nitrate and nitrite) (as N),Total,,6.3,mg/l,True,0.1,,,Unknown,SNY001,Actual,SW,Water,,,Clayton,07060003,River/Stream,,42.98149721,-91.24097377
6,15220006,Sny Magill Creek Site #3 (SN03),09/21/1999 14:10:00,SNY319,NIT-NO3-NO2,Inorganic nitrogen (nitrate and nitrite) (as N),Total,,6.4,mg/l,True,0.1,,,Unknown,SNY001,Actual,SW,Water,,,Clayton,07060003,River/Stream,,42.98149721,-91.24097377
6,15220006,Sny Magill Creek Site #3 (SN03),09/14/1999 12:00:00,SNY319,NIT-NO3-NO2,Inorganic nitrogen (nitrate and nitrite) (as N),Total,,6.3,mg/l,True,0.1,,,Unknown,SNY001,Actual,SW,Water,,,Clayton,07060003,River/Stream,,42.98149721,-91.24097377
6,15220006,Sny Magill Creek Site #3 (SN03),09/07/1999 14:10:00,SNY319,NIT-NO3-NO2,Inorganic nitrogen (nitrate and nitrite) (as N),Total,,6,mg/l,True,0.1,,,Unknown,SNY001,Actual,SW,Water,,,Clayton,07060003,River/Stream,,42.98149721,-91.24097377
6,15220006,Sny Magill Creek Site #3 (SN03),08/31/1999 14:40:00,SNY319,NIT-NO3-NO2,Inorganic nitrogen (nitrate and nitrite) (as N),Total,,6,mg/l,True,0.1,,,Unknown,SNY001,Actual,SW,Water,,,Clayton,07060003,River/Stream,,42.98149721,-91.24097377
6,15220006,Sny Magill Creek Site #3 (SN03),06/29/1999 14:30:00,SNY319,NIT-NO3-NO2,Inorganic nitrogen (nitrate and nitrite) (as N),Total,,5.5,mg/l,True,0.1,,,Unknown,SNY001,Actual,SW,Water,,,Clayton,07060003,River/Stream,,42.98149721,-91.24097377
6,15220006,Sny Magill Creek Site #3 (SN03),06/22/1999 11:00:00,SNY319,NIT-NO3-NO2,Inorganic nitrogen (nitrate and nitrite) (as N),Total,,5.5,mg/l,True,0.1,,,Unknown,SNY001,Actual,SW,Water,,,Clayton,07060003,River/Stream,,42.98149721,-91.24097377
6,15220006,Sny Magill Creek Site #3 (SN03),06/15/1999 12:50:00,SNY319,NIT-NO3-NO2,Inorganic nitrogen (nitrate and nitrite) (as N),Total,,5.3,mg/l,True,0.1,,,Unknown,SNY001,Actual,SW,Water,,,Clayton,07060003,River/Stream,,42.98149721,-91.24097377
6,15220006,Sny Magill Creek Site #3 (SN03),06/08/1999 12:45:00,SNY319,NIT-NO3-NO2,Inorganic nitrogen (nitrate and nitrite) (as N),Total,,5.3,mg/l,True,0.1,,,Unknown,SNY001,Actual,SW,Water,,,Clayton,07060003,River/Stream,,42.98149721,-91.24097377
6,15220006,Sny Magill Creek Site #3 (SN03),06/01/1999 12:55:00,SNY319,NIT-NO3-NO2,Inorganic nitrogen (nitrate and nitrite) (as N),Total,,4.9,mg/l,True,0.1,,,Unknown,SNY001,Actual,SW,Water,,,Clayton,07060003,River/Stream,,42.98149721,-91.24097377
6,15220006,Sny Magill Creek Site #3 (SN03),04/13/1999 12:55:00,SNY319,NIT-NO3-NO2,Inorganic nitrogen (nitrate and nitrite) (as N),Total,,5.4,mg/l,True,0.1,,,Unknown,SNY001,Actual,SW,Water,,,Clayton,07060003,River/Stream,,42.98149721,-91.24097377
6,15220006,Sny Magill Creek Site #3 (SN03),04/06/1999 12:30:00,SNY319,NIT-NO3-NO2,Inorganic nitrogen (nitrate and nitrite) (as N),Total,,5.7,mg/l,True,0.1,,,Unknown,SNY001,Actual,SW,Water,,,Clayton,07060003,River/Stream,,42.98149721,-91.24097377
6,15220006,Sny Magill Creek Site #3 (SN03),03/30/1999 14:15:00,SNY319,NIT-NO3-NO2,Inorganic nitrogen (nitrate and nitrite) (as N),Total,,5.9,mg/l,True,0.1,,,Unknown,SNY001,Actual,SW,Water,,,Clayton,07060003,River/Stream,,42.98149721,-91.24097377
6,15220006,Sny Magill Creek Site #3 (SN03),03/23/1999 12:15:00,SNY319,NIT-NO3-NO2,Inorganic nitrogen (nitrate and nitrite) (as N),Total,,6.1,mg/l,True,0.1,,,Unknown,SNY001,Actual,SW,Water,,,Clayton,07060003,River/Stream,,42.98149721,-91.24097377
6,15220006,Sny Magill Creek Site #3 (SN03),03/16/1999 12:20:00,SNY319,NIT-NO3-NO2,Inorganic nitrogen (nitrate and nitrite) (as N),Total,,6.2,mg/l,True,0.1,,,Unknown,SNY001,Actual,SW,Water,,,Clayton,07060003,River/Stream,,42.98149721,-91.24097377
6,15220006,Sny Magill Creek Site #3 (SN03),01/26/1999 13:50:00,SNY319,NIT-NO3-NO2,Inorganic nitrogen (nitrate and nitrite) (as N),Total,,6.6,mg/l,True,0.1,,,Unknown,SNY001,Actual,SW,Water,,,Clayton,07060003,River/Stream,,42.98149721,-91.24097377
6,15220006,Sny Magill Creek Site #3 (SN03),01/19/1999 14:15:00,SNY319,NIT-NO3-NO2,Inorganic nitrogen (nitrate and nitrite) (as N),Total,,7.2,mg/l,True,0.1,,,Unknown,SNY001,Actual,SW,Water,,,Clayton,07060003,River/Stream,,42.98149721,-91.24097377
6,15220006,Sny Magill Creek Site #3 (SN03),01/12/1999 13:40:00,SNY319,NIT-NO3-NO2,Inorganic nitrogen (nitrate and nitrite) (as N),Total,,6.4,mg/l,True,0.1,,,Unknown,SNY001,Actual,SW,Water,,,Clayton,07060003,River/Stream,,42.98149721,-91.24097377
6,15220005,Sny Magill Creek Site #2 (SN02),09/28/1999 13:20:00,SNY319,NIT-NO3-NO2,Inorganic nitrogen (nitrate and nitrite) (as N),Total,,4.1,mg/l,True,0.1,,,Unknown,SNY001,Actual,SW,Water,,,Clayton,07060003,River/Stream,,42.96808222,-91.22331192
6,15220005,Sny Magill Creek Site #2 (SN02),08/31/1999 14:15:00,SNY319,NIT-NO3-NO2,Inorganic nitrogen (nitrate and nitrite) (as N),Total,,6.2,mg/l,True,0.1,,,Unknown,SNY001,Actual,SW,Water,,,Clayton,07060003,River/Stream,,42.96808222,-91.22331192
6,15220005,Sny Magill Creek Site #2 (SN02),01/26/1999 13:25:00,SNY319,NIT-NO3-NO2,Inorganic nitrogen (nitrate and nitrite) (as N),Total,,4.4,mg/l,True,0.1,,,Unknown,SNY001,Actual,SW,Water,,,Clayton,07060003,River/Stream,,42.96808222,-91.22331192
6,15220008,West Fork Sny Magill Creek  (SNWF),12/29/1998 16:10:00,SNY319,NIT-NO3-NO2,Inorganic nitrogen (nitrate and nitrite) (as N),Total,,4,mg/l,True,0.1,,,Unknown,SNY001,Actual,SW,Water,,,Clayton,07060003,River/Stream,,42.97628121,-91.23730654
6,15220008,West Fork Sny Magill Creek  (SNWF),12/22/1998 12:55:00,SNY319,NIT-NO3-NO2,Inorganic nitrogen (nitrate and nitrite) (as N),Total,,4.2,mg/l,True,0.1,,,Unknown,SNY001,Actual,SW,Water,,,Clayton,07060003,River/Stream,,42.97628121,-91.23730654
6,15220008,West Fork Sny Magill Creek  (SNWF),11/03/1998 13:40:00,SNY319,NIT-NO3-NO2,Inorganic nitrogen (nitrate and nitrite) (as N),Total,,3.9,mg/l,True,0.1,,,Unknown,SNY001,Actual,SW,Water,,,Clayton,07060003,River/Stream,,42.97628121,-91.23730654
6,15220008,West Fork Sny Magill Creek  (SNWF),10/27/1998 13:55:00,SNY319,NIT-NO3-NO2,Inorganic nitrogen (nitrate and nitrite) (as N),Total,,3.2,mg/l,True,0.1,,,Unknown,SNY001,Actual,SW,Water,,,Clayton,07060003,River/Stream,,42.97628121,-91.23730654
6,15220008,West Fork Sny Magill Creek  (SNWF),10/20/1998 13:30:00,SNY319,NIT-NO3-NO2,Inorganic nitrogen (nitrate and nitrite) (as N),Total,,3.5,mg/l,True,0.1,,,Unknown,SNY001,Actual,SW,Water,,,Clayton,07060003,River/Stream,,42.97628121,-91.23730654
6,15220008,West Fork Sny Magill Creek  (SNWF),10/13/1998 12:45:00,SNY319,NIT-NO3-NO2,Inorganic nitrogen (nitrate and nitrite) (as N),Total,,3.5,mg/l,True,0.1,,,Unknown,SNY001,Actual,SW,Water,,,Clayton,07060003,River/Stream,,42.97628121,-91.23730654
6,15220008,West Fork Sny Magill Creek  (SNWF),10/06/1998 13:30:00,SNY319,NIT-NO3-NO2,Inorganic nitrogen (nitrate and nitrite) (as N),Total,,3.5,mg/l,True,0.1,,,Unknown,SNY001,Actual,SW,Water,,,Clayton,07060003,River/Stream,,42.97628121,-91.23730654
6,15220007,Sny Magill North Tributary (SNT),12/29/1998 15:40:00,SNY319,NIT-NO3-NO2,Inorganic nitrogen (nitrate and nitrite) (as N),Total,,5.2,mg/l,True,0.1,,,Unknown,SNY001,Actual,SW,Water,,,Clayton,07060003,River/Stream,,42.96850981,-91.22439501
6,15220006,Sny Magill Creek Site #3 (SN03),12/01/1998 14:15:00,SNY319,NIT-NO3-NO2,Inorganic nitrogen (nitrate and nitrite) (as N),Total,,5.8,mg/l,True,0.1,,,Unknown,SNY001,Actual,SW,Water,,,Clayton,07060003,River/Stream,,42.98149721,-91.24097377
6,15220006,Sny Magill Creek Site #3 (SN03),11/24/1998 13:05:00,SNY319,NIT-NO3-NO2,Inorganic nitrogen (nitrate and nitrite) (as N),Total,,6.1,mg/l,True,0.1,,,Unknown,SNY001,Actual,SW,Water,,,Clayton,07060003,River/Stream,,42.98149721,-91.24097377
6,15220006,Sny Magill Creek Site #3 (SN03),11/17/1998 13:50:00,SNY319,NIT-NO3-NO2,Inorganic nitrogen (nitrate and nitrite) (as N),Total,,5.8,mg/l,True,0.1,,,Unknown,SNY001,Actual,SW,Water,,,Clayton,07060003,River/Stream,,42.98149721,-91.24097377
6,15220006,Sny Magill Creek Site #3 (SN03),11/10/1998 13:50:00,SNY319,NIT-NO3-NO2,Inorganic nitrogen (nitrate and nitrite) (as N),Total,,4.4,mg/l,True,0.1,,,Unknown,SNY001,Actual,SW,Water,,,Clayton,07060003,River/Stream,,42.98149721,-91.24097377
6,15220006,Sny Magill Creek Site #3 (SN03),11/03/1998 13:30:00,SNY319,NIT-NO3-NO2,Inorganic nitrogen (nitrate and nitrite) (as N),Total,,5.9,mg/l,True,0.1,,,Unknown,SNY001,Actual,SW,Water,,,Clayton,07060003,River/Stream,,42.98149721,-91.24097377
6,15220006,Sny Magill Creek Site #3 (SN03),10/27/1998 13:45:00,SNY319,NIT-NO3-NO2,Inorganic nitrogen (nitrate and nitrite) (as N),Total,,4.7,mg/l,True,0.1,,,Unknown,SNY001,Actual,SW,Water,,,Clayton,07060003,River/Stream,,42.98149721,-91.24097377
6,15220004,Sny Magill Creek Site #1 (SN01),09/21/1999 13:10:00,SNY319,NIT-NO3-NO2,Inorganic nitrogen (nitrate and nitrite) (as N),Total,,3.6,mg/l,True,0.1,,,Unknown,SNY001,Actual,SW,Water,,,Clayton,07060003,River/Stream,,42.94880662,-91.18632674
6,15220006,Sny Magill Creek Site #3 (SN03),02/27/2001 15:10:00,SNY319,NIT-NO3-NO2,Inorganic nitrogen (nitrate and nitrite) (as N),Total,,7.1,mg/l,True,0.1,,,Unknown,SNY001,Actual,SW,Water,,,Clayton,07060003,River/Stream,,42.98149721,-91.24097377
6,15220006,Sny Magill Creek Site #3 (SN03),01/23/2001 13:00:00,SNY319,NIT-NO3-NO2,Inorganic nitrogen (nitrate and nitrite) (as N),Total,,7.2,mg/l,True,0.1,,,Unknown,SNY001,Actual,SW,Water,,,Clayton,07060003,River/Stream,,42.98149721,-91.24097377
6,15220006,Sny Magill Creek Site #3 (SN03),01/16/2001 12:35:00,SNY319,NIT-NO3-NO2,Inorganic nitrogen (nitrate and nitrite) (as N),Total,,7,mg/l,True,0.1,,,Unknown,SNY001,Actual,SW,Water,,,Clayton,07060003,River/Stream,,42.98149721,-91.24097377
6,15220006,Sny Magill Creek Site #3 (SN03),01/09/2001 12:55:00,SNY319,NIT-NO3-NO2,Inorganic nitrogen (nitrate and nitrite) (as N),Total,,7.3,mg/l,True,0.1,,,Unknown,SNY001,Actual,SW,Water,,,Clayton,07060003,River/Stream,,42.98149721,-91.24097377
6,15220005,Sny Magill Creek Site #2 (SN02),06/26/2001 13:10:00,SNY319,NIT-NO3-NO2,Inorganic nitrogen (nitrate and nitrite) (as N),Total,,3.8,mg/l,True,0.1,,,Unknown,SNY001,Actual,SW,Water,,,Clayton,07060003,River/Stream,,42.96808222,-91.22331192
6,15220005,Sny Magill Creek Site #2 (SN02),05/29/2001 13:05:00,SNY319,NIT-NO3-NO2,Inorganic nitrogen (nitrate and nitrite) (as N),Total,,3.9,mg/l,True,0.1,,,Unknown,SNY001,Actual,SW,Water,,,Clayton,07060003,River/Stream,,42.96808222,-91.22331192
6,15220005,Sny Magill Creek Site #2 (SN02),04/24/2001 15:50:00,SNY319,NIT-NO3-NO2,Inorganic nitrogen (nitrate and nitrite) (as N),Total,,4.1,mg/l,True,0.1,,,Unknown,SNY001,Actual,SW,Water,,,Clayton,07060003,River/Stream,,42.96808222,-91.22331192
6,15220007,Sny Magill North Tributary (SNT),10/31/2000 14:15:00,SNY319,NIT-NO3-NO2,Inorganic nitrogen (nitrate and nitrite) (as N),Total,,4.9,mg/l,True,0.1,,,Unknown,SNY001,Actual,SW,Water,,,Clayton,07060003,River/Stream,,42.96850981,-91.22439501
6,15220004,Sny Magill Creek Site #1 (SN01),09/18/2001 11:25:00,SNY319,NIT-NO3-NO2,Inorganic nitrogen (nitrate and nitrite) (as N),Total,,3,mg/l,True,0.1,,,Unknown,SNY001,Actual,SW,Water,,,Clayton,07060003,River/Stream,,42.94880662,-91.18632674
6,15220004,Sny Magill Creek Site #1 (SN01),09/11/2001 13:45:00,SNY319,NIT-NO3-NO2,Inorganic nitrogen (nitrate and nitrite) (as N),Total,,3.1,mg/l,True,0.1,,,Unknown,SNY001,Actual,SW,Water,,,Clayton,07060003,River/Stream,,42.94880662,-91.18632674
6,15220004,Sny Magill Creek Site #1 (SN01),08/21/2001 11:40:00,SNY319,NIT-NO3-NO2,Inorganic nitrogen (nitrate and nitrite) (as N),Total,,2.3,mg/l,True,0.1,,,Unknown,SNY001,Actual,SW,Water,,,Clayton,07060003,River/Stream,,42.94880662,-91.18632674
6,15220004,Sny Magill Creek Site #1 (SN01),08/14/2001 14:00:00,SNY319,NIT-NO3-NO2,Inorganic nitrogen (nitrate and nitrite) (as N),Total,,2.4,mg/l,True,0.1,,,Unknown,SNY001,Actual,SW,Water,,,Clayton,07060003,River/Stream,,42.94880662,-91.18632674
6,15220004,Sny Magill Creek Site #1 (SN01),07/24/2001 12:10:00,SNY319,NIT-NO3-NO2,Inorganic nitrogen (nitrate and nitrite) (as N),Total,,3.2,mg/l,True,0.1,,,Unknown,SNY001,Actual,SW,Water,,,Clayton,07060003,River/Stream,,42.94880662,-91.18632674
6,15220004,Sny Magill Creek Site #1 (SN01),07/17/2001 12:25:00,SNY319,NIT-NO3-NO2,Inorganic nitrogen (nitrate and nitrite) (as N),Total,,3,mg/l,True,0.1,,,Unknown,SNY001,Actual,SW,Water,,,Clayton,07060003,River/Stream,,42.94880662,-91.18632674
6,15220004,Sny Magill Creek Site #1 (SN01),06/26/2001 12:40:00,SNY319,NIT-NO3-NO2,Inorganic nitrogen (nitrate and nitrite) (as N),Total,,3.2,mg/l,True,0.1,,,Unknown,SNY001,Actual,SW,Water,,,Clayton,07060003,River/Stream,,42.94880662,-91.18632674
6,15220004,Sny Magill Creek Site #1 (SN01),06/19/2001 12:30:00,SNY319,NIT-NO3-NO2,Inorganic nitrogen (nitrate and nitrite) (as N),Total,,3.4,mg/l,True,0.1,,,Unknown,SNY001,Actual,SW,Water,,,Clayton,07060003,River/Stream,,42.94880662,-91.18632674
6,15220004,Sny Magill Creek Site #1 (SN01),05/29/2001 12:35:00,SNY319,NIT-NO3-NO2,Inorganic nitrogen (nitrate and nitrite) (as N),Total,,3.1,mg/l,True,0.1,,,Unknown,SNY001,Actual,SW,Water,,,Clayton,07060003,River/Stream,,42.94880662,-91.18632674
6,15220004,Sny Magill Creek Site #1 (SN01),05/22/2001 12:50:00,SNY319,NIT-NO3-NO2,Inorganic nitrogen (nitrate and nitrite) (as N),Total,,3.5,mg/l,True,0.1,,,Unknown,SNY001,Actual,SW,Water,,,Clayton,07060003,River/Stream,,42.94880662,-91.18632674
6,15220004,Sny Magill Creek Site #1 (SN01),05/01/2001 12:00:00,SNY319,NIT-NO3-NO2,Inorganic nitrogen (nitrate and nitrite) (as N),Total,,2.5,mg/l,True,0.1,,,Unknown,SNY001,Actual,SW,Water,,,Clayton,07060003,River/Stream,,42.94880662,-91.18632674
6,15220004,Sny Magill Creek Site #1 (SN01),04/24/2001 15:15:00,SNY319,NIT-NO3-NO2,Inorganic nitrogen (nitrate and nitrite) (as N),Total,,3.4,mg/l,True,0.1,,,Unknown,SNY001,Actual,SW,Water,,,Clayton,07060003,River/Stream,,42.94880662,-91.18632674
6,15220004,Sny Magill Creek Site #1 (SN01),04/03/2001 13:15:00,SNY319,NIT-NO3-NO2,Inorganic nitrogen (nitrate and nitrite) (as N),Total,,4.5,mg/l,True,0.1,,,Unknown,SNY001,Actual,SW,Water,,,Clayton,07060003,River/Stream,,42.94880662,-91.18632674
6,15220004,Sny Magill Creek Site #1 (SN01),03/27/2001 13:35:00,SNY319,NIT-NO3-NO2,Inorganic nitrogen (nitrate and nitrite) (as N),Total,,4,mg/l,True,0.1,,,Unknown,SNY001,Actual,SW,Water,,,Clayton,07060003,River/Stream,,42.94880662,-91.18632674
6,15220004,Sny Magill Creek Site #1 (SN01),03/06/2001 12:30:00,SNY319,NIT-NO3-NO2,Inorganic nitrogen (nitrate and nitrite) (as N),Total,,3.3,mg/l,True,0.1,,,Unknown,SNY001,Actual,SW,Water,,,Clayton,07060003,River/Stream,,42.94880662,-91.18632674
6,15220004,Sny Magill Creek Site #1 (SN01),02/27/2001 14:15:00,SNY319,NIT-NO3-NO2,Inorganic nitrogen (nitrate and nitrite) (as N),Total,,3.4,mg/l,True,0.1,,,Unknown,SNY001,Actual,SW,Water,,,Clayton,07060003,River/Stream,,42.94880662,-91.18632674
6,15220004,Sny Magill Creek Site #1 (SN01),02/06/2001 12:10:00,SNY319,NIT-NO3-NO2,Inorganic nitrogen (nitrate and nitrite) (as N),Total,,3.5,mg/l,True,0.1,,,Unknown,SNY001,Actual,SW,Water,,,Clayton,07060003,River/Stream,,42.94880662,-91.18632674
6,15220004,Sny Magill Creek Site #1 (SN01),01/23/2001 12:30:00,SNY319,NIT-NO3-NO2,Inorganic nitrogen (nitrate and nitrite) (as N),Total,,3.6,mg/l,True,0.1,,,Unknown,SNY001,Actual,SW,Water,,,Clayton,07060003,River/Stream,,42.94880662,-91.18632674
6,15220004,Sny Magill Creek Site #1 (SN01),01/02/2001 13:20:00,SNY319,NIT-NO3-NO2,Inorganic nitrogen (nitrate and nitrite) (as N),Total,,3.4,mg/l,True,0.1,,,Unknown,SNY001,Actual,SW,Water,,,Clayton,07060003,River/Stream,,42.94880662,-91.18632674
6,15220006,Sny Magill Creek Site #3 (SN03),12/26/2000 12:20:00,SNY319,NIT-NO3-NO2,Inorganic nitrogen (nitrate and nitrite) (as N),Total,,7.1,mg/l,True,0.1,,,Unknown,SNY001,Actual,SW,Water,,,Clayton,07060003,River/Stream,,42.98149721,-91.24097377
6,15220006,Sny Magill Creek Site #3 (SN03),12/19/2000 14:55:00,SNY319,NIT-NO3-NO2,Inorganic nitrogen (nitrate and nitrite) (as N),Total,,7.1,mg/l,True,0.1,,,Unknown,SNY001,Actual,SW,Water,,,Clayton,07060003,River/Stream,,42.98149721,-91.24097377
6,15220006,Sny Magill Creek Site #3 (SN03),11/21/2000 13:45:00,SNY319,NIT-NO3-NO2,Inorganic nitrogen (nitrate and nitrite) (as N),Total,,7.3,mg/l,True,0.1,,,Unknown,SNY001,Actual,SW,Water,,,Clayton,07060003,River/Stream,,42.98149721,-91.24097377
6,15220006,Sny Magill Creek Site #3 (SN03),11/14/2000 12:50:00,SNY319,NIT-NO3-NO2,Inorganic nitrogen (nitrate and nitrite) (as N),Total,,6.8,mg/l,True,0.1,,,Unknown,SNY001,Actual,SW,Water,,,Clayton,07060003,River/Stream,,42.98149721,-91.24097377
6,15220006,Sny Magill Creek Site #3 (SN03),11/07/2000 13:45:00,SNY319,NIT-NO3-NO2,Inorganic nitrogen (nitrate and nitrite) (as N),Total,,6.3,mg/l,True,0.1,,,Unknown,SNY001,Actual,SW,Water,,,Clayton,07060003,River/Stream,,42.98149721,-91.24097377
6,15220006,Sny Magill Creek Site #3 (SN03),10/03/2000 13:05:00,SNY319,NIT-NO3-NO2,Inorganic nitrogen (nitrate and nitrite) (as N),Total,,6.2,mg/l,True,0.1,,,Unknown,SNY001,Actual,SW,Water,,,Clayton,07060003,River/Stream,,42.98149721,-91.24097377
6,15220005,Sny Magill Creek Site #2 (SN02),12/26/2000 11:50:00,SNY319,NIT-NO3-NO2,Inorganic nitrogen (nitrate and nitrite) (as N),Total,,4.1,mg/l,True,0.1,,,Unknown,SNY001,Actual,SW,Water,,,Clayton,07060003,River/Stream,,42.96808222,-91.22331192
6,15220005,Sny Magill Creek Site #2 (SN02),11/28/2000 14:20:00,SNY319,NIT-NO3-NO2,Inorganic nitrogen (nitrate and nitrite) (as N),Total,,4,mg/l,True,0.1,,,Unknown,SNY001,Actual,SW,Water,,,Clayton,07060003,River/Stream,,42.96808222,-91.22331192
6,15220004,Sny Magill Creek Site #1 (SN01),12/19/2000 14:15:00,SNY319,NIT-NO3-NO2,Inorganic nitrogen (nitrate and nitrite) (as N),Total,,3.5,mg/l,True,0.1,,,Unknown,SNY001,Actual,SW,Water,,,Clayton,07060003,River/Stream,,42.94880662,-91.18632674
6,15220004,Sny Magill Creek Site #1 (SN01),11/21/2000 13:00:00,SNY319,NIT-NO3-NO2,Inorganic nitrogen (nitrate and nitrite) (as N),Total,,3.4,mg/l,True,0.1,,,Unknown,SNY001,Actual,SW,Water,,,Clayton,07060003,River/Stream,,42.94880662,-91.18632674
6,15220004,Sny Magill Creek Site #1 (SN01),12/12/2000 13:00:00,SNY319,NIT-NO3-NO2,Inorganic nitrogen (nitrate and nitrite) (as N),Total,,3.4,mg/l,True,0.1,,,Unknown,SNY001,Actual,SW,Water,,,Clayton,07060003,River/Stream,,42.94880662,-91.18632674
6,15220004,Sny Magill Creek Site #1 (SN01),11/14/2000 12:20:00,SNY319,NIT-NO3-NO2,Inorganic nitrogen (nitrate and nitrite) (as N),Total,,3.4,mg/l,True,0.1,,,Unknown,SNY001,Actual,SW,Water,,,Clayton,07060003,River/Stream,,42.94880662,-91.18632674
6,15220004,Sny Magill Creek Site #1 (SN01),10/24/2000 13:25:00,SNY319,NIT-NO3-NO2,Inorganic nitrogen (nitrate and nitrite) (as N),Total,,2.6,mg/l,True,0.1,,,Unknown,SNY001,Actual,SW,Water,,,Clayton,07060003,River/Stream,,42.94880662,-91.18632674
6,15220007,Sny Magill North Tributary (SNT),09/26/2000 16:10:00,SNY319,NIT-NO3-NO2,Inorganic nitrogen (nitrate and nitrite) (as N),Total,,5,mg/l,True,0.1,,,Unknown,SNY001,Actual,SW,Water,,,Clayton,07060003,River/Stream,,42.96850981,-91.22439501
6,15220004,Sny Magill Creek Site #1 (SN01),10/17/2000 12:20:00,SNY319,NIT-NO3-NO2,Inorganic nitrogen (nitrate and nitrite) (as N),Total,,2.8,mg/l,True,0.1,,,Unknown,SNY001,Actual,SW,Water,,,Clayton,07060003,River/Stream,,42.94880662,-91.18632674
6,15220007,Sny Magill North Tributary (SNT),04/24/2001 16:10:00,SNY319,NIT-NO3-NO2,Inorganic nitrogen (nitrate and nitrite) (as N),Total,,4.6,mg/l,True,0.1,,,Unknown,SNY001,Actual,SW,Water,,,Clayton,07060003,River/Stream,,42.96850981,-91.22439501
6,15220007,Sny Magill North Tributary (SNT),03/27/2001 14:20:00,SNY319,NIT-NO3-NO2,Inorganic nitrogen (nitrate and nitrite) (as N),Total,,5.2,mg/l,True,0.1,,,Unknown,SNY001,Actual,SW,Water,,,Clayton,07060003,River/Stream,,42.96850981,-91.22439501
6,15220006,Sny Magill Creek Site #3 (SN03),09/04/2001 12:15:00,SNY319,NIT-NO3-NO2,Inorganic nitrogen (nitrate and nitrite) (as N),Total,,5.6,mg/l,True,0.1,,,Unknown,SNY001,Actual,SW,Water,,,Clayton,07060003,River/Stream,,42.98149721,-91.24097377
6,15220006,Sny Magill Creek Site #3 (SN03),08/28/2001 14:50:00,SNY319,NIT-NO3-NO2,Inorganic nitrogen (nitrate and nitrite) (as N),Total,,5.4,mg/l,True,0.1,,,Unknown,SNY001,Actual,SW,Water,,,Clayton,07060003,River/Stream,,42.98149721,-91.24097377
6,15220006,Sny Magill Creek Site #3 (SN03),08/21/2001 12:10:00,SNY319,NIT-NO3-NO2,Inorganic nitrogen (nitrate and nitrite) (as N),Total,,5.4,mg/l,True,0.1,,,Unknown,SNY001,Actual,SW,Water,,,Clayton,07060003,River/Stream,,42.98149721,-91.24097377
6,15220006,Sny Magill Creek Site #3 (SN03),07/24/2001 12:45:00,SNY319,NIT-NO3-NO2,Inorganic nitrogen (nitrate and nitrite) (as N),Total,,5.8,mg/l,True,0.1,,,Unknown,SNY001,Actual,SW,Water,,,Clayton,07060003,River/Stream,,42.98149721,-91.24097377
6,15220006,Sny Magill Creek Site #3 (SN03),07/17/2001 13:00:00,SNY319,NIT-NO3-NO2,Inorganic nitrogen (nitrate and nitrite) (as N),Total,,5.6,mg/l,True,0.1,,,Unknown,SNY001,Actual,SW,Water,,,Clayton,07060003,River/Stream,,42.98149721,-91.24097377
6,15220006,Sny Magill Creek Site #3 (SN03),07/10/2001 12:20:00,SNY319,NIT-NO3-NO2,Inorganic nitrogen (nitrate and nitrite) (as N),Total,,5.5,mg/l,True,0.1,,,Unknown,SNY001,Actual,SW,Water,,,Clayton,07060003,River/Stream,,42.98149721,-91.24097377
6,15220006,Sny Magill Creek Site #3 (SN03),06/12/2001 12:35:00,SNY319,NIT-NO3-NO2,Inorganic nitrogen (nitrate and nitrite) (as N),Total,,4.4,mg/l,True,0.1,,,Unknown,SNY001,Actual,SW,Water,,,Clayton,07060003,River/Stream,,42.98149721,-91.24097377
6,15220006,Sny Magill Creek Site #3 (SN03),06/05/2001 12:45:00,SNY319,NIT-NO3-NO2,Inorganic nitrogen (nitrate and nitrite) (as N),Total,,4.5,mg/l,True,0.1,,,Unknown,SNY001,Actual,SW,Water,,,Clayton,07060003,River/Stream,,42.98149721,-91.24097377
6,15220006,Sny Magill Creek Site #3 (SN03),05/29/2001 13:25:00,SNY319,NIT-NO3-NO2,Inorganic nitrogen (nitrate and nitrite) (as N),Total,,5.2,mg/l,True,0.1,,,Unknown,SNY001,Actual,SW,Water,,,Clayton,07060003,River/Stream,,42.98149721,-91.24097377
6,15220006,Sny Magill Creek Site #3 (SN03),04/24/2001 16:25:00,SNY319,NIT-NO3-NO2,Inorganic nitrogen (nitrate and nitrite) (as N),Total,,5.7,mg/l,True,0.1,,,Unknown,SNY001,Actual,SW,Water,,,Clayton,07060003,River/Stream,,42.98149721,-91.24097377
6,15220006,Sny Magill Creek Site #3 (SN03),04/17/2001 13:50:00,SNY319,NIT-NO3-NO2,Inorganic nitrogen (nitrate and nitrite) (as N),Total,,5.5,mg/l,True,0.1,,,Unknown,SNY001,Actual,SW,Water,,,Clayton,07060003,River/Stream,,42.98149721,-91.24097377
6,15220006,Sny Magill Creek Site #3 (SN03),04/10/2001 14:10:00,SNY319,NIT-NO3-NO2,Inorganic nitrogen (nitrate and nitrite) (as N),Total,,5.3,mg/l,True,0.1,,,Unknown,SNY001,Actual,SW,Water,,,Clayton,07060003,River/Stream,,42.98149721,-91.24097377
6,15220006,Sny Magill Creek Site #3 (SN03),03/13/2001 12:45:00,SNY319,NIT-NO3-NO2,Inorganic nitrogen (nitrate and nitrite) (as N),Total,,6.8,mg/l,True,0.1,,,Unknown,SNY001,Actual,SW,Water,,,Clayton,07060003,River/Stream,,42.98149721,-91.24097377
6,15220006,Sny Magill Creek Site #3 (SN03),03/06/2001 13:00:00,SNY319,NIT-NO3-NO2,Inorganic nitrogen (nitrate and nitrite) (as N),Total,,7,mg/l,True,0.1,,,Unknown,SNY001,Actual,SW,Water,,,Clayton,07060003,River/Stream,,42.98149721,-91.24097377
6,15220007,Sny Magill North Tributary (SNT),09/25/2001 14:35:00,SNY319,NIT-NO3-NO2,Inorganic nitrogen (nitrate and nitrite) (as N),Total,,4.1,mg/l,True,0.1,,,Unknown,SNY001,Actual,SW,Water,,,Clayton,07060003,River/Stream,,42.96850981,-91.22439501
6,15220007,Sny Magill North Tributary (SNT),05/29/2001 13:10:00,SNY319,NIT-NO3-NO2,Inorganic nitrogen (nitrate and nitrite) (as N),Total,,4.3,mg/l,True,0.1,,,Unknown,SNY001,Actual,SW,Water,,,Clayton,07060003,River/Stream,,42.96850981,-91.22439501
6,15220004,Sny Magill Creek Site #1 (SN01),01/16/1996 13:00:00,SNY319,NIT-NO3-NO2,Inorganic nitrogen (nitrate and nitrite) (as N),Total,,2.7,mg/l,True,0.1,,,Unknown,SNY001,Actual,SW,Water,,,Clayton,07060003,River/Stream,,42.94880662,-91.18632674
6,15220004,Sny Magill Creek Site #1 (SN01),02/06/1996 13:00:00,SNY319,NIT-NO3-NO2,Inorganic nitrogen (nitrate and nitrite) (as N),Total,,2.9,mg/l,True,0.1,,,Unknown,SNY001,Actual,SW,Water,,,Clayton,07060003,River/Stream,,42.94880662,-91.18632674
6,15220004,Sny Magill Creek Site #1 (SN01),02/13/1996 13:15:00,SNY319,NIT-NO3-NO2,Inorganic nitrogen (nitrate and nitrite) (as N),Total,,2.9,mg/l,True,0.1,,,Unknown,SNY001,Actual,SW,Water,,,Clayton,07060003,River/Stream,,42.94880662,-91.18632674
6,15220004,Sny Magill Creek Site #1 (SN01),03/05/1996 14:10:00,SNY319,NIT-NO3-NO2,Inorganic nitrogen (nitrate and nitrite) (as N),Total,,2.9,mg/l,True,0.1,,,Unknown,SNY001,Actual,SW,Water,,,Clayton,07060003,River/Stream,,42.94880662,-91.18632674
6,15220004,Sny Magill Creek Site #1 (SN01),02/27/1996 13:35:00,SNY319,NIT-NO3-NO2,Inorganic nitrogen (nitrate and nitrite) (as N),Total,,3,mg/l,True,0.1,,,Unknown,SNY001,Actual,SW,Water,,,Clayton,07060003,River/Stream,,42.94880662,-91.18632674
6,15220004,Sny Magill Creek Site #1 (SN01),03/26/1996 13:00:00,SNY319,NIT-NO3-NO2,Inorganic nitrogen (nitrate and nitrite) (as N),Total,,2.8,mg/l,True,0.1,,,Unknown,SNY001,Actual,SW,Water,,,Clayton,07060003,River/Stream,,42.94880662,-91.18632674
6,15220004,Sny Magill Creek Site #1 (SN01),04/16/1996 13:40:00,SNY319,NIT-NO3-NO2,Inorganic nitrogen (nitrate and nitrite) (as N),Total,,2.5,mg/l,True,0.1,,,Unknown,SNY001,Actual,SW,Water,,,Clayton,07060003,River/Stream,,42.94880662,-91.18632674
6,15220004,Sny Magill Creek Site #1 (SN01),05/07/1996 13:15:00,SNY319,NIT-NO3-NO2,Inorganic nitrogen (nitrate and nitrite) (as N),Total,,2.2,mg/l,True,0.1,,,Unknown,SNY001,Actual,SW,Water,,,Clayton,07060003,River/Stream,,42.94880662,-91.18632674
6,15220004,Sny Magill Creek Site #1 (SN01),04/23/1996 12:00:00,SNY319,NIT-NO3-NO2,Inorganic nitrogen (nitrate and nitrite) (as N),Total,,2.5,mg/l,True,0.1,,,Unknown,SNY001,Actual,SW,Water,,,Clayton,07060003,River/Stream,,42.94880662,-91.18632674
6,15220004,Sny Magill Creek Site #1 (SN01),05/14/1996 12:00:00,SNY319,NIT-NO3-NO2,Inorganic nitrogen (nitrate and nitrite) (as N),Total,,2.1,mg/l,True,0.1,,,Unknown,SNY001,Actual,SW,Water,,,Clayton,07060003,River/Stream,,42.94880662,-91.18632674
6,15220004,Sny Magill Creek Site #1 (SN01),06/04/1996 13:20:00,SNY319,NIT-NO3-NO2,Inorganic nitrogen (nitrate and nitrite) (as N),Total,,2.5,mg/l,True,0.1,,,Unknown,SNY001,Actual,SW,Water,,,Clayton,07060003,River/Stream,,42.94880662,-91.18632674
6,15220004,Sny Magill Creek Site #1 (SN01),06/25/1996 15:00:00,SNY319,NIT-NO3-NO2,Inorganic nitrogen (nitrate and nitrite) (as N),Total,,3.3,mg/l,True,0.1,,,Unknown,SNY001,Actual,SW,Water,,,Clayton,07060003,River/Stream,,42.94880662,-91.18632674
6,15220004,Sny Magill Creek Site #1 (SN01),07/02/1996 13:00:00,SNY319,NIT-NO3-NO2,Inorganic nitrogen (nitrate and nitrite) (as N),Total,,2.8,mg/l,True,0.1,,,Unknown,SNY001,Actual,SW,Water,,,Clayton,07060003,River/Stream,,42.94880662,-91.18632674
6,15220004,Sny Magill Creek Site #1 (SN01),07/16/1996 13:00:00,SNY319,NIT-NO3-NO2,Inorganic nitrogen (nitrate and nitrite) (as N),Total,,2.5,mg/l,True,0.1,,,Unknown,SNY001,Actual,SW,Water,,,Clayton,07060003,River/Stream,,42.94880662,-91.18632674
6,15220004,Sny Magill Creek Site #1 (SN01),07/23/1996 11:55:00,SNY319,NIT-NO3-NO2,Inorganic nitrogen (nitrate and nitrite) (as N),Total,,2.5,mg/l,True,0.1,,,Unknown,SNY001,Actual,SW,Water,,,Clayton,07060003,River/Stream,,42.94880662,-91.18632674
6,15220004,Sny Magill Creek Site #1 (SN01),08/13/1996 12:35:00,SNY319,NIT-NO3-NO2,Inorganic nitrogen (nitrate and nitrite) (as N),Total,,2.1,mg/l,True,0.1,,,Unknown,SNY001,Actual,SW,Water,,,Clayton,07060003,River/Stream,,42.94880662,-91.18632674
6,15220004,Sny Magill Creek Site #1 (SN01),08/06/1996 13:00:00,SNY319,NIT-NO3-NO2,Inorganic nitrogen (nitrate and nitrite) (as N),Total,,2.2,mg/l,True,0.1,,,Unknown,SNY001,Actual,SW,Water,,,Clayton,07060003,River/Stream,,42.94880662,-91.18632674
6,15220004,Sny Magill Creek Site #1 (SN01),09/03/1996 12:00:00,SNY319,NIT-NO3-NO2,Inorganic nitrogen (nitrate and nitrite) (as N),Total,,1.8,mg/l,True,0.1,,,Unknown,SNY001,Actual,SW,Water,,,Clayton,07060003,River/Stream,,42.94880662,-91.18632674
6,15220004,Sny Magill Creek Site #1 (SN01),09/24/1996 14:20:00,SNY319,NIT-NO3-NO2,Inorganic nitrogen (nitrate and nitrite) (as N),Total,,2.2,mg/l,True,0.1,,,Unknown,SNY001,Actual,SW,Water,,,Clayton,07060003,River/Stream,,42.94880662,-91.18632674
6,15220004,Sny Magill Creek Site #1 (SN01),10/03/1995 16:10:00,SNY319,NIT-NO3-NO2,Inorganic nitrogen (nitrate and nitrite) (as N),Total,,2,mg/l,True,0.1,,,Unknown,SNY001,Actual,SW,Water,,,Clayton,07060003,River/Stream,,42.94880662,-91.18632674
6,15220004,Sny Magill Creek Site #1 (SN01),10/24/1995 09:35:00,SNY319,NIT-NO3-NO2,Inorganic nitrogen (nitrate and nitrite) (as N),Total,,2.1,mg/l,True,0.1,,,Unknown,SNY001,Actual,SW,Water,,,Clayton,07060003,River/Stream,,42.94880662,-91.18632674
6,15220004,Sny Magill Creek Site #1 (SN01),10/10/1995 14:20:00,SNY319,NIT-NO3-NO2,Inorganic nitrogen (nitrate and nitrite) (as N),Total,,1.9,mg/l,True,0.1,,,Unknown,SNY001,Actual,SW,Water,,,Clayton,07060003,River/Stream,,42.94880662,-91.18632674
6,15220004,Sny Magill Creek Site #1 (SN01),10/31/1995 11:00:00,SNY319,NIT-NO3-NO2,Inorganic nitrogen (nitrate and nitrite) (as N),Total,,2.2,mg/l,True,0.1,,,Unknown,SNY001,Actual,SW,Water,,,Clayton,07060003,River/Stream,,42.94880662,-91.18632674
6,15220004,Sny Magill Creek Site #1 (SN01),11/21/1995 13:45:00,SNY319,NIT-NO3-NO2,Inorganic nitrogen (nitrate and nitrite) (as N),Total,,2.5,mg/l,True,0.1,,,Unknown,SNY001,Actual,SW,Water,,,Clayton,07060003,River/Stream,,42.94880662,-91.18632674
6,15220004,Sny Magill Creek Site #1 (SN01),12/12/1995 13:50:00,SNY319,NIT-NO3-NO2,Inorganic nitrogen (nitrate and nitrite) (as N),Total,,2.6,mg/l,True,0.1,,,Unknown,SNY001,Actual,SW,Water,,,Clayton,07060003,River/Stream,,42.94880662,-91.18632674
6,15220004,Sny Magill Creek Site #1 (SN01),12/19/1995 13:00:00,SNY319,NIT-NO3-NO2,Inorganic nitrogen (nitrate and nitrite) (as N),Total,,2.4,mg/l,True,0.1,,,Unknown,SNY001,Actual,SW,Water,,,Clayton,07060003,River/Stream,,42.94880662,-91.18632674
6,15220004,Sny Magill Creek Site #1 (SN01),05/09/1995 13:50:00,SNY319,NIT-NO3-NO2,Inorganic nitrogen (nitrate and nitrite) (as N),Total,,6.2,mg/l,True,0.1,,,Unknown,SNY001,Actual,SW,Water,,,Clayton,07060003,River/Stream,,42.94880662,-91.18632674
6,15220004,Sny Magill Creek Site #1 (SN01),06/20/1995 13:10:00,SNY319,NIT-NO3-NO2,Inorganic nitrogen (nitrate and nitrite) (as N),Total,,2,mg/l,True,0.1,,,Unknown,SNY001,Actual,SW,Water,,,Clayton,07060003,River/Stream,,42.94880662,-91.18632674
6,15220004,Sny Magill Creek Site #1 (SN01),08/29/1995 14:35:00,SNY319,NIT-NO3-NO2,Inorganic nitrogen (nitrate and nitrite) (as N),Total,,2.2,mg/l,True,0.1,,,Unknown,SNY001,Actual,SW,Water,,,Clayton,07060003,River/Stream,,42.94880662,-91.18632674
6,15220004,Sny Magill Creek Site #1 (SN01),09/05/1995 12:40:00,SNY319,NIT-NO3-NO2,Inorganic nitrogen (nitrate and nitrite) (as N),Total,,1.9,mg/l,True,0.1,,,Unknown,SNY001,Actual,SW,Water,,,Clayton,07060003,River/Stream,,42.94880662,-91.18632674
6,15220004,Sny Magill Creek Site #1 (SN01),05/21/1996 13:00:00,SNY319,NIT-NO3-NO2,Inorganic nitrogen (nitrate and nitrite) (as N),Total,,2,mg/l,True,0.1,,,Unknown,SNY001,Actual,SW,Water,,,Clayton,07060003,River/Stream,,42.94880662,-91.18632674
6,15220004,Sny Magill Creek Site #1 (SN01),07/30/1996 14:05:00,SNY319,NIT-NO3-NO2,Inorganic nitrogen (nitrate and nitrite) (as N),Total,,2.3,mg/l,True,0.1,,,Unknown,SNY001,Actual,SW,Water,,,Clayton,07060003,River/Stream,,42.94880662,-91.18632674
6,15220004,Sny Magill Creek Site #1 (SN01),05/28/1996 13:15:00,SNY319,NIT-NO3-NO2,Inorganic nitrogen (nitrate and nitrite) (as N),Total,,2.4,mg/l,True,0.1,,,Unknown,SNY001,Actual,SW,Water,,,Clayton,07060003,River/Stream,,42.94880662,-91.18632674
6,15220004,Sny Magill Creek Site #1 (SN01),08/20/1996 15:50:00,SNY319,NIT-NO3-NO2,Inorganic nitrogen (nitrate and nitrite) (as N),Total,,2.2,mg/l,True,0.1,,,Unknown,SNY001,Actual,SW,Water,,,Clayton,07060003,River/Stream,,42.94880662,-91.18632674
6,15220004,Sny Magill Creek Site #1 (SN01),08/27/1996 14:00:00,SNY319,NIT-NO3-NO2,Inorganic nitrogen (nitrate and nitrite) (as N),Total,,2,mg/l,True,0.1,,,Unknown,SNY001,Actual,SW,Water,,,Clayton,07060003,River/Stream,,42.94880662,-91.18632674
6,15220004,Sny Magill Creek Site #1 (SN01),11/14/1995 12:15:00,SNY319,NIT-NO3-NO2,Inorganic nitrogen (nitrate and nitrite) (as N),Total,,2.6,mg/l,True,0.1,,,Unknown,SNY001,Actual,SW,Water,,,Clayton,07060003,River/Stream,,42.94880662,-91.18632674
6,15220004,Sny Magill Creek Site #1 (SN01),11/07/1995 14:00:00,SNY319,NIT-NO3-NO2,Inorganic nitrogen (nitrate and nitrite) (as N),Total,,2.5,mg/l,True,0.1,,,Unknown,SNY001,Actual,SW,Water,,,Clayton,07060003,River/Stream,,42.94880662,-91.18632674
6,15220004,Sny Magill Creek Site #1 (SN01),09/13/1994 11:30:00,SNY319,NIT-NO3-NO2,Inorganic nitrogen (nitrate and nitrite) (as N),Total,,1.8,mg/l,True,0.1,,,Unknown,SNY001,Actual,SW,Water,,,Clayton,07060003,River/Stream,,42.94880662,-91.18632674
6,15220004,Sny Magill Creek Site #1 (SN01),09/06/1994 16:20:00,SNY319,NIT-NO3-NO2,Inorganic nitrogen (nitrate and nitrite) (as N),Total,,2,mg/l,True,0.1,,,Unknown,SNY001,Actual,SW,Water,,,Clayton,07060003,River/Stream,,42.94880662,-91.18632674
6,15220004,Sny Magill Creek Site #1 (SN01),08/30/1994 11:45:00,SNY319,NIT-NO3-NO2,Inorganic nitrogen (nitrate and nitrite) (as N),Total,,1.8,mg/l,True,0.1,,,Unknown,SNY001,Actual,SW,Water,,,Clayton,07060003,River/Stream,,42.94880662,-91.18632674
6,15220004,Sny Magill Creek Site #1 (SN01),12/26/1995 13:25:00,SNY319,NIT-NO3-NO2,Inorganic nitrogen (nitrate and nitrite) (as N),Total,,2.5,mg/l,True,0.1,,,Unknown,SNY001,Actual,SW,Water,,,Clayton,07060003,River/Stream,,42.94880662,-91.18632674
6,15220006,Sny Magill Creek Site #3 (SN03),09/20/1994 11:45:00,SNY319,NIT-NO3-NO2,Inorganic nitrogen (nitrate and nitrite) (as N),Total,,4.6,mg/l,True,0.1,,,Unknown,SNY001,Actual,SW,Water,,,Clayton,07060003,River/Stream,,42.98149721,-91.24097377
6,15220006,Sny Magill Creek Site #3 (SN03),09/13/1994 12:00:00,SNY319,NIT-NO3-NO2,Inorganic nitrogen (nitrate and nitrite) (as N),Total,,4.5,mg/l,True,0.1,,,Unknown,SNY001,Actual,SW,Water,,,Clayton,07060003,River/Stream,,42.98149721,-91.24097377
6,15220008,West Fork Sny Magill Creek  (SNWF),08/16/1994 14:40:00,SNY319,NIT-NO3-NO2,Inorganic nitrogen (nitrate and nitrite) (as N),Total,,3.6,mg/l,True,0.1,,,Unknown,SNY001,Actual,SW,Water,,,Clayton,07060003,River/Stream,,42.97628121,-91.23730654
6,15220005,Sny Magill Creek Site #2 (SN02),08/30/1994 12:30:00,SNY319,NIT-NO3-NO2,Inorganic nitrogen (nitrate and nitrite) (as N),Total,,2.4,mg/l,True,0.1,,,Unknown,SNY001,Actual,SW,Water,,,Clayton,07060003,River/Stream,,42.96808222,-91.22331192
6,15220006,Sny Magill Creek Site #3 (SN03),09/06/1994 15:45:00,SNY319,NIT-NO3-NO2,Inorganic nitrogen (nitrate and nitrite) (as N),Total,,4.5,mg/l,True,0.1,,,Unknown,SNY001,Actual,SW,Water,,,Clayton,07060003,River/Stream,,42.98149721,-91.24097377
6,15220008,West Fork Sny Magill Creek  (SNWF),09/06/1994 15:30:00,SNY319,NIT-NO3-NO2,Inorganic nitrogen (nitrate and nitrite) (as N),Total,,3.2,mg/l,True,0.1,,,Unknown,SNY001,Actual,SW,Water,,,Clayton,07060003,River/Stream,,42.97628121,-91.23730654
6,15220008,West Fork Sny Magill Creek  (SNWF),08/30/1994 10:45:00,SNY319,NIT-NO3-NO2,Inorganic nitrogen (nitrate and nitrite) (as N),Total,,3.2,mg/l,True,0.1,,,Unknown,SNY001,Actual,SW,Water,,,Clayton,07060003,River/Stream,,42.97628121,-91.23730654
6,15220008,West Fork Sny Magill Creek  (SNWF),08/23/1994 14:15:00,SNY319,NIT-NO3-NO2,Inorganic nitrogen (nitrate and nitrite) (as N),Total,,3.2,mg/l,True,0.1,,,Unknown,SNY001,Actual,SW,Water,,,Clayton,07060003,River/Stream,,42.97628121,-91.23730654
6,15220004,Sny Magill Creek Site #1 (SN01),10/04/1994 15:10:00,SNY319,NIT-NO3-NO2,Inorganic nitrogen (nitrate and nitrite) (as N),Total,,2.1,mg/l,True,0.1,,,Unknown,SNY001,Actual,SW,Water,,,Clayton,07060003,River/Stream,,42.94880662,-91.18632674
6,15220004,Sny Magill Creek Site #1 (SN01),12/06/1994 10:30:00,SNY319,NIT-NO3-NO2,Inorganic nitrogen (nitrate and nitrite) (as N),Total,,2.5,mg/l,True,0.1,,,Unknown,SNY001,Actual,SW,Water,,,Clayton,07060003,River/Stream,,42.94880662,-91.18632674
6,15220004,Sny Magill Creek Site #1 (SN01),12/13/1994 14:10:00,SNY319,NIT-NO3-NO2,Inorganic nitrogen (nitrate and nitrite) (as N),Total,,2.9,mg/l,True,0.1,,,Unknown,SNY001,Actual,SW,Water,,,Clayton,07060003,River/Stream,,42.94880662,-91.18632674
6,15220004,Sny Magill Creek Site #1 (SN01),01/10/1995 13:25:00,SNY319,NIT-NO3-NO2,Inorganic nitrogen (nitrate and nitrite) (as N),Total,,2.7,mg/l,True,0.1,,,Unknown,SNY001,Actual,SW,Water,,,Clayton,07060003,River/Stream,,42.94880662,-91.18632674
6,15220004,Sny Magill Creek Site #1 (SN01),02/07/1995 12:30:00,SNY319,NIT-NO3-NO2,Inorganic nitrogen (nitrate and nitrite) (as N),Total,,2.9,mg/l,True,0.1,,,Unknown,SNY001,Actual,SW,Water,,,Clayton,07060003,River/Stream,,42.94880662,-91.18632674
6,15220004,Sny Magill Creek Site #1 (SN01),01/17/1995 13:00:00,SNY319,NIT-NO3-NO2,Inorganic nitrogen (nitrate and nitrite) (as N),Total,,2.5,mg/l,True,0.1,,,Unknown,SNY001,Actual,SW,Water,,,Clayton,07060003,River/Stream,,42.94880662,-91.18632674
6,15220004,Sny Magill Creek Site #1 (SN01),01/31/1995 11:00:00,SNY319,NIT-NO3-NO2,Inorganic nitrogen (nitrate and nitrite) (as N),Total,,2.6,mg/l,True,0.1,,,Unknown,SNY001,Actual,SW,Water,,,Clayton,07060003,River/Stream,,42.94880662,-91.18632674
6,15220004,Sny Magill Creek Site #1 (SN01),02/28/1995 09:30:00,SNY319,NIT-NO3-NO2,Inorganic nitrogen (nitrate and nitrite) (as N),Total,,2.2,mg/l,True,0.1,,,Unknown,SNY001,Actual,SW,Water,,,Clayton,07060003,River/Stream,,42.94880662,-91.18632674
6,15220004,Sny Magill Creek Site #1 (SN01),03/28/1995 11:30:00,SNY319,NIT-NO3-NO2,Inorganic nitrogen (nitrate and nitrite) (as N),Total,,2.4,mg/l,True,0.1,,,Unknown,SNY001,Actual,SW,Water,,,Clayton,07060003,River/Stream,,42.94880662,-91.18632674
6,15220004,Sny Magill Creek Site #1 (SN01),03/21/1995 12:30:00,SNY319,NIT-NO3-NO2,Inorganic nitrogen (nitrate and nitrite) (as N),Total,,2.6,mg/l,True,0.1,,,Unknown,SNY001,Actual,SW,Water,,,Clayton,07060003,River/Stream,,42.94880662,-91.18632674
6,15220004,Sny Magill Creek Site #1 (SN01),04/18/1995 13:30:00,SNY319,NIT-NO3-NO2,Inorganic nitrogen (nitrate and nitrite) (as N),Total,,3,mg/l,True,0.1,,,Unknown,SNY001,Actual,SW,Water,,,Clayton,07060003,River/Stream,,42.94880662,-91.18632674
6,15220004,Sny Magill Creek Site #1 (SN01),04/11/1995 13:20:00,SNY319,NIT-NO3-NO2,Inorganic nitrogen (nitrate and nitrite) (as N),Total,,2.7,mg/l,True,0.1,,,Unknown,SNY001,Actual,SW,Water,,,Clayton,07060003,River/Stream,,42.94880662,-91.18632674
6,15220004,Sny Magill Creek Site #1 (SN01),07/11/1995 17:00:00,SNY319,NIT-NO3-NO2,Inorganic nitrogen (nitrate and nitrite) (as N),Total,,1.9,mg/l,True,0.1,,,Unknown,SNY001,Actual,SW,Water,,,Clayton,07060003,River/Stream,,42.94880662,-91.18632674
6,15220004,Sny Magill Creek Site #1 (SN01),07/18/1995 16:10:00,SNY319,NIT-NO3-NO2,Inorganic nitrogen (nitrate and nitrite) (as N),Total,,1.9,mg/l,True,0.1,,,Unknown,SNY001,Actual,SW,Water,,,Clayton,07060003,River/Stream,,42.94880662,-91.18632674
6,15220004,Sny Magill Creek Site #1 (SN01),05/30/1995 14:10:00,SNY319,NIT-NO3-NO2,Inorganic nitrogen (nitrate and nitrite) (as N),Total,,3.1,mg/l,True,0.1,,,Unknown,SNY001,Actual,SW,Water,,,Clayton,07060003,River/Stream,,42.94880662,-91.18632674
6,15220004,Sny Magill Creek Site #1 (SN01),08/08/1995 15:05:00,SNY319,NIT-NO3-NO2,Inorganic nitrogen (nitrate and nitrite) (as N),Total,,2,mg/l,True,0.1,,,Unknown,SNY001,Actual,SW,Water,,,Clayton,07060003,River/Stream,,42.94880662,-91.18632674
6,15220004,Sny Magill Creek Site #1 (SN01),09/19/1995 13:25:00,SNY319,NIT-NO3-NO2,Inorganic nitrogen (nitrate and nitrite) (as N),Total,,1.9,mg/l,True,0.1,,,Unknown,SNY001,Actual,SW,Water,,,Clayton,07060003,River/Stream,,42.94880662,-91.18632674
6,15220004,Sny Magill Creek Site #1 (SN01),09/26/1995 14:25:00,SNY319,NIT-NO3-NO2,Inorganic nitrogen (nitrate and nitrite) (as N),Total,,2,mg/l,True,0.1,,,Unknown,SNY001,Actual,SW,Water,,,Clayton,07060003,River/Stream,,42.94880662,-91.18632674
6,15220006,Sny Magill Creek Site #3 (SN03),12/05/2000 13:40:00,SNY319,NIT-NO3-NO2,Inorganic nitrogen (nitrate and nitrite) (as N),Total,,7.6,mg/l,True,0.1,,,Unknown,SNY001,Actual,SW,Water,,,Clayton,07060003,River/Stream,,42.98149721,-91.24097377
6,15220006,Sny Magill Creek Site #3 (SN03),11/28/2000 14:50:00,SNY319,NIT-NO3-NO2,Inorganic nitrogen (nitrate and nitrite) (as N),Total,,6.9,mg/l,True,0.1,,,Unknown,SNY001,Actual,SW,Water,,,Clayton,07060003,River/Stream,,42.98149721,-91.24097377
6,15220006,Sny Magill Creek Site #3 (SN03),10/31/2000 14:30:00,SNY319,NIT-NO3-NO2,Inorganic nitrogen (nitrate and nitrite) (as N),Total,,6.1,mg/l,True,0.1,,,Unknown,SNY001,Actual,SW,Water,,,Clayton,07060003,River/Stream,,42.98149721,-91.24097377
6,15220006,Sny Magill Creek Site #3 (SN03),10/24/2000 14:00:00,SNY319,NIT-NO3-NO2,Inorganic nitrogen (nitrate and nitrite) (as N),Total,,6,mg/l,True,0.1,,,Unknown,SNY001,Actual,SW,Water,,,Clayton,07060003,River/Stream,,42.98149721,-91.24097377
6,15220006,Sny Magill Creek Site #3 (SN03),10/17/2000 12:55:00,SNY319,NIT-NO3-NO2,Inorganic nitrogen (nitrate and nitrite) (as N),Total,,6.2,mg/l,True,0.1,,,Unknown,SNY001,Actual,SW,Water,,,Clayton,07060003,River/Stream,,42.98149721,-91.24097377
6,15220006,Sny Magill Creek Site #3 (SN03),10/10/2000 13:25:00,SNY319,NIT-NO3-NO2,Inorganic nitrogen (nitrate and nitrite) (as N),Total,,6.8,mg/l,True,0.1,,,Unknown,SNY001,Actual,SW,Water,,,Clayton,07060003,River/Stream,,42.98149721,-91.24097377
6,15220005,Sny Magill Creek Site #2 (SN02),10/31/2000 14:00:00,SNY319,NIT-NO3-NO2,Inorganic nitrogen (nitrate and nitrite) (as N),Total,,3.5,mg/l,True,0.1,,,Unknown,SNY001,Actual,SW,Water,,,Clayton,07060003,River/Stream,,42.96808222,-91.22331192
6,15220007,Sny Magill North Tributary (SNT),07/25/2000 14:30:00,SNY319,NIT-NO3-NO2,Inorganic nitrogen (nitrate and nitrite) (as N),Total,,4.1,mg/l,True,0.1,,,Unknown,SNY001,Actual,SW,Water,,,Clayton,07060003,River/Stream,,42.96850981,-91.22439501
6,15220004,Sny Magill Creek Site #1 (SN01),12/26/2000 11:10:00,SNY319,NIT-NO3-NO2,Inorganic nitrogen (nitrate and nitrite) (as N),Total,,3.6,mg/l,True,0.1,,,Unknown,SNY001,Actual,SW,Water,,,Clayton,07060003,River/Stream,,42.94880662,-91.18632674
6,15220004,Sny Magill Creek Site #1 (SN01),12/05/2000 12:55:00,SNY319,NIT-NO3-NO2,Inorganic nitrogen (nitrate and nitrite) (as N),Total,,3.4,mg/l,True,0.1,,,Unknown,SNY001,Actual,SW,Water,,,Clayton,07060003,River/Stream,,42.94880662,-91.18632674
6,15220004,Sny Magill Creek Site #1 (SN01),11/28/2000 13:50:00,SNY319,NIT-NO3-NO2,Inorganic nitrogen (nitrate and nitrite) (as N),Total,,3.2,mg/l,True,0.1,,,Unknown,SNY001,Actual,SW,Water,,,Clayton,07060003,River/Stream,,42.94880662,-91.18632674
6,15220004,Sny Magill Creek Site #1 (SN01),11/07/2000 13:10:00,SNY319,NIT-NO3-NO2,Inorganic nitrogen (nitrate and nitrite) (as N),Total,,3.2,mg/l,True,0.1,,,Unknown,SNY001,Actual,SW,Water,,,Clayton,07060003,River/Stream,,42.94880662,-91.18632674
6,15220004,Sny Magill Creek Site #1 (SN01),10/31/2000 13:10:00,SNY319,NIT-NO3-NO2,Inorganic nitrogen (nitrate and nitrite) (as N),Total,,2.8,mg/l,True,0.1,,,Unknown,SNY001,Actual,SW,Water,,,Clayton,07060003,River/Stream,,42.94880662,-91.18632674
6,15220004,Sny Magill Creek Site #1 (SN01),10/10/2000 12:55:00,SNY319,NIT-NO3-NO2,Inorganic nitrogen (nitrate and nitrite) (as N),Total,,3.2,mg/l,True,0.1,,,Unknown,SNY001,Actual,SW,Water,,,Clayton,07060003,River/Stream,,42.94880662,-91.18632674
6,15220004,Sny Magill Creek Site #1 (SN01),10/03/2000 12:20:00,SNY319,NIT-NO3-NO2,Inorganic nitrogen (nitrate and nitrite) (as N),Total,,2.8,mg/l,True,0.1,,,Unknown,SNY001,Actual,SW,Water,,,Clayton,07060003,River/Stream,,42.94880662,-91.18632674
6,15220007,Sny Magill North Tributary (SNT),06/27/2000 15:20:00,SNY319,NIT-NO3-NO2,Inorganic nitrogen (nitrate and nitrite) (as N),Total,,4,mg/l,True,0.1,,,Unknown,SNY001,Actual,SW,Water,,,Clayton,07060003,River/Stream,,42.96850981,-91.22439501
6,15220007,Sny Magill North Tributary (SNT),05/30/2000 15:45:00,SNY319,NIT-NO3-NO2,Inorganic nitrogen (nitrate and nitrite) (as N),Total,,4.1,mg/l,True,0.1,,,Unknown,SNY001,Actual,SW,Water,,,Clayton,07060003,River/Stream,,42.96850981,-91.22439501
6,15220006,Sny Magill Creek Site #3 (SN03),09/26/2000 15:45:00,SNY319,NIT-NO3-NO2,Inorganic nitrogen (nitrate and nitrite) (as N),Total,,6.2,mg/l,True,0.1,,,Unknown,SNY001,Actual,SW,Water,,,Clayton,07060003,River/Stream,,42.98149721,-91.24097377
6,15220007,Sny Magill North Tributary (SNT),04/25/2000 15:20:00,SNY319,NIT-NO3-NO2,Inorganic nitrogen (nitrate and nitrite) (as N),Total,,4.3,mg/l,True,0.1,,,Unknown,SNY001,Actual,SW,Water,,,Clayton,07060003,River/Stream,,42.96850981,-91.22439501
6,15220006,Sny Magill Creek Site #3 (SN03),09/19/2000 12:50:00,SNY319,NIT-NO3-NO2,Inorganic nitrogen (nitrate and nitrite) (as N),Total,,5.7,mg/l,True,0.1,,,Unknown,SNY001,Actual,SW,Water,,,Clayton,07060003,River/Stream,,42.98149721,-91.24097377
6,15220006,Sny Magill Creek Site #3 (SN03),09/12/2000 13:40:00,SNY319,NIT-NO3-NO2,Inorganic nitrogen (nitrate and nitrite) (as N),Total,,5.4,mg/l,True,0.1,,,Unknown,SNY001,Actual,SW,Water,,,Clayton,07060003,River/Stream,,42.98149721,-91.24097377
6,15220006,Sny Magill Creek Site #3 (SN03),08/15/2000 14:05:00,SNY319,NIT-NO3-NO2,Inorganic nitrogen (nitrate and nitrite) (as N),Total,,5.1,mg/l,True,0.1,,,Unknown,SNY001,Actual,SW,Water,,,Clayton,07060003,River/Stream,,42.98149721,-91.24097377
6,15220006,Sny Magill Creek Site #3 (SN03),08/08/2000 13:00:00,SNY319,NIT-NO3-NO2,Inorganic nitrogen (nitrate and nitrite) (as N),Total,,5.5,mg/l,True,0.1,,,Unknown,SNY001,Actual,SW,Water,,,Clayton,07060003,River/Stream,,42.98149721,-91.24097377
6,15220006,Sny Magill Creek Site #3 (SN03),08/01/2000 14:45:00,SNY319,NIT-NO3-NO2,Inorganic nitrogen (nitrate and nitrite) (as N),Total,,5.4,mg/l,True,0.1,,,Unknown,SNY001,Actual,SW,Water,,,Clayton,07060003,River/Stream,,42.98149721,-91.24097377
6,15220006,Sny Magill Creek Site #3 (SN03),07/25/2000 14:45:00,SNY319,NIT-NO3-NO2,Inorganic nitrogen (nitrate and nitrite) (as N),Total,,5,mg/l,True,0.1,,,Unknown,SNY001,Actual,SW,Water,,,Clayton,07060003,River/Stream,,42.98149721,-91.24097377
6,15220006,Sny Magill Creek Site #3 (SN03),06/27/2000 15:40:00,SNY319,NIT-NO3-NO2,Inorganic nitrogen (nitrate and nitrite) (as N),Total,,4.9,mg/l,True,0.1,,,Unknown,SNY001,Actual,SW,Water,,,Clayton,07060003,River/Stream,,42.98149721,-91.24097377
6,15220006,Sny Magill Creek Site #3 (SN03),06/20/2000 13:10:00,SNY319,NIT-NO3-NO2,Inorganic nitrogen (nitrate and nitrite) (as N),Total,,3.7,mg/l,True,0.1,,,Unknown,SNY001,Actual,SW,Water,,,Clayton,07060003,River/Stream,,42.98149721,-91.24097377
6,15220006,Sny Magill Creek Site #3 (SN03),06/13/2000 14:15:00,SNY319,NIT-NO3-NO2,Inorganic nitrogen (nitrate and nitrite) (as N),Total,,4.4,mg/l,True,0.1,,,Unknown,SNY001,Actual,SW,Water,,,Clayton,07060003,River/Stream,,42.98149721,-91.24097377
6,15220006,Sny Magill Creek Site #3 (SN03),05/16/2000 13:00:00,SNY319,NIT-NO3-NO2,Inorganic nitrogen (nitrate and nitrite) (as N),Total,,5.6,mg/l,True,0.1,,,Unknown,SNY001,Actual,SW,Water,,,Clayton,07060003,River/Stream,,42.98149721,-91.24097377
6,15220006,Sny Magill Creek Site #3 (SN03),05/09/2000 13:55:00,SNY319,NIT-NO3-NO2,Inorganic nitrogen (nitrate and nitrite) (as N),Total,,5.7,mg/l,True,0.1,,,Unknown,SNY001,Actual,SW,Water,,,Clayton,07060003,River/Stream,,42.98149721,-91.24097377
6,15220006,Sny Magill Creek Site #3 (SN03),05/02/2000 13:55:00,SNY319,NIT-NO3-NO2,Inorganic nitrogen (nitrate and nitrite) (as N),Total,,5.3,mg/l,True,0.1,,,Unknown,SNY001,Actual,SW,Water,,,Clayton,07060003,River/Stream,,42.98149721,-91.24097377
6,15220006,Sny Magill Creek Site #3 (SN03),03/28/2000 15:55:00,SNY319,NIT-NO3-NO2,Inorganic nitrogen (nitrate and nitrite) (as N),Total,,6,mg/l,True,0.1,,,Unknown,SNY001,Actual,SW,Water,,,Clayton,07060003,River/Stream,,42.98149721,-91.24097377
6,15220006,Sny Magill Creek Site #3 (SN03),04/25/2000 15:35:00,SNY319,NIT-NO3-NO2,Inorganic nitrogen (nitrate and nitrite) (as N),Total,,5.2,mg/l,True,0.1,,,Unknown,SNY001,Actual,SW,Water,,,Clayton,07060003,River/Stream,,42.98149721,-91.24097377
6,15220006,Sny Magill Creek Site #3 (SN03),03/21/2000 13:15:00,SNY319,NIT-NO3-NO2,Inorganic nitrogen (nitrate and nitrite) (as N),Total,,6.2,mg/l,True,0.1,,,Unknown,SNY001,Actual,SW,Water,,,Clayton,07060003,River/Stream,,42.98149721,-91.24097377
6,15220006,Sny Magill Creek Site #3 (SN03),03/14/2000 13:45:00,SNY319,NIT-NO3-NO2,Inorganic nitrogen (nitrate and nitrite) (as N),Total,,6.6,mg/l,True,0.1,,,Unknown,SNY001,Actual,SW,Water,,,Clayton,07060003,River/Stream,,42.98149721,-91.24097377
6,15220006,Sny Magill Creek Site #3 (SN03),02/15/2000 13:55:00,SNY319,NIT-NO3-NO2,Inorganic nitrogen (nitrate and nitrite) (as N),Total,,7.1,mg/l,True,0.1,,,Unknown,SNY001,Actual,SW,Water,,,Clayton,07060003,River/Stream,,42.98149721,-91.24097377
6,15220006,Sny Magill Creek Site #3 (SN03),02/08/2000 14:30:00,SNY319,NIT-NO3-NO2,Inorganic nitrogen (nitrate and nitrite) (as N),Total,,7,mg/l,True,0.1,,,Unknown,SNY001,Actual,SW,Water,,,Clayton,07060003,River/Stream,,42.98149721,-91.24097377
6,15220006,Sny Magill Creek Site #3 (SN03),02/01/2000 13:40:00,SNY319,NIT-NO3-NO2,Inorganic nitrogen (nitrate and nitrite) (as N),Total,,7.2,mg/l,True,0.1,,,Unknown,SNY001,Actual,SW,Water,,,Clayton,07060003,River/Stream,,42.98149721,-91.24097377
6,15220006,Sny Magill Creek Site #3 (SN03),01/25/2000 14:45:00,SNY319,NIT-NO3-NO2,Inorganic nitrogen (nitrate and nitrite) (as N),Total,,7,mg/l,True,0.1,,,Unknown,SNY001,Actual,SW,Water,,,Clayton,07060003,River/Stream,,42.98149721,-91.24097377
6,15220005,Sny Magill Creek Site #2 (SN02),09/26/2000 15:25:00,SNY319,NIT-NO3-NO2,Inorganic nitrogen (nitrate and nitrite) (as N),Total,,3.8,mg/l,True,0.1,,,Unknown,SNY001,Actual,SW,Water,,,Clayton,07060003,River/Stream,,42.96808222,-91.22331192
6,15220005,Sny Magill Creek Site #2 (SN02),08/29/2000 15:10:00,SNY319,NIT-NO3-NO2,Inorganic nitrogen (nitrate and nitrite) (as N),Total,,3.3,mg/l,True,0.1,,,Unknown,SNY001,Actual,SW,Water,,,Clayton,07060003,River/Stream,,42.96808222,-91.22331192
6,15220005,Sny Magill Creek Site #2 (SN02),07/25/2000 14:15:00,SNY319,NIT-NO3-NO2,Inorganic nitrogen (nitrate and nitrite) (as N),Total,,3.6,mg/l,True,0.1,,,Unknown,SNY001,Actual,SW,Water,,,Clayton,07060003,River/Stream,,42.96808222,-91.22331192
6,15220005,Sny Magill Creek Site #2 (SN02),03/28/2000 15:25:00,SNY319,NIT-NO3-NO2,Inorganic nitrogen (nitrate and nitrite) (as N),Total,,3.7,mg/l,True,0.1,,,Unknown,SNY001,Actual,SW,Water,,,Clayton,07060003,River/Stream,,42.96808222,-91.22331192
6,15220005,Sny Magill Creek Site #2 (SN02),02/29/2000 15:20:00,SNY319,NIT-NO3-NO2,Inorganic nitrogen (nitrate and nitrite) (as N),Total,,4.1,mg/l,True,0.1,,,Unknown,SNY001,Actual,SW,Water,,,Clayton,07060003,River/Stream,,42.96808222,-91.22331192
6,15220005,Sny Magill Creek Site #2 (SN02),01/25/2000 14:15:00,SNY319,NIT-NO3-NO2,Inorganic nitrogen (nitrate and nitrite) (as N),Total,,4.4,mg/l,True,0.1,,,Unknown,SNY001,Actual,SW,Water,,,Clayton,07060003,River/Stream,,42.96808222,-91.22331192
6,15220004,Sny Magill Creek Site #1 (SN01),09/26/2000 14:40:00,SNY319,NIT-NO3-NO2,Inorganic nitrogen (nitrate and nitrite) (as N),Total,,3.2,mg/l,True,0.1,,,Unknown,SNY001,Actual,SW,Water,,,Clayton,07060003,River/Stream,,42.94880662,-91.18632674
6,15220004,Sny Magill Creek Site #1 (SN01),09/05/2000 12:15:00,SNY319,NIT-NO3-NO2,Inorganic nitrogen (nitrate and nitrite) (as N),Total,,2.8,mg/l,True,0.1,,,Unknown,SNY001,Actual,SW,Water,,,Clayton,07060003,River/Stream,,42.94880662,-91.18632674
6,15220004,Sny Magill Creek Site #1 (SN01),08/29/2000 14:35:00,SNY319,NIT-NO3-NO2,Inorganic nitrogen (nitrate and nitrite) (as N),Total,,2.7,mg/l,True,0.1,,,Unknown,SNY001,Actual,SW,Water,,,Clayton,07060003,River/Stream,,42.94880662,-91.18632674
6,15220004,Sny Magill Creek Site #1 (SN01),08/08/2000 12:25:00,SNY319,NIT-NO3-NO2,Inorganic nitrogen (nitrate and nitrite) (as N),Total,,2.8,mg/l,True,0.1,,,Unknown,SNY001,Actual,SW,Water,,,Clayton,07060003,River/Stream,,42.94880662,-91.18632674
6,15220004,Sny Magill Creek Site #1 (SN01),08/01/2000 14:00:00,SNY319,NIT-NO3-NO2,Inorganic nitrogen (nitrate and nitrite) (as N),Total,,2.9,mg/l,True,0.1,,,Unknown,SNY001,Actual,SW,Water,,,Clayton,07060003,River/Stream,,42.94880662,-91.18632674
6,15220004,Sny Magill Creek Site #1 (SN01),07/11/2000 12:30:00,SNY319,NIT-NO3-NO2,Inorganic nitrogen (nitrate and nitrite) (as N),Total,,3.3,mg/l,True,0.1,,,Unknown,SNY001,Actual,SW,Water,,,Clayton,07060003,River/Stream,,42.94880662,-91.18632674
6,15220004,Sny Magill Creek Site #1 (SN01),07/04/2000 13:00:00,SNY319,NIT-NO3-NO2,Inorganic nitrogen (nitrate and nitrite) (as N),Total,,3.2,mg/l,True,0.1,,,Unknown,SNY001,Actual,SW,Water,,,Clayton,07060003,River/Stream,,42.94880662,-91.18632674
6,15220004,Sny Magill Creek Site #1 (SN01),06/13/2000 13:15:00,SNY319,NIT-NO3-NO2,Inorganic nitrogen (nitrate and nitrite) (as N),Total,,3.3,mg/l,True,0.1,,,Unknown,SNY001,Actual,SW,Water,,,Clayton,07060003,River/Stream,,42.94880662,-91.18632674
6,15220004,Sny Magill Creek Site #1 (SN01),06/06/2000 12:15:00,SNY319,NIT-NO3-NO2,Inorganic nitrogen (nitrate and nitrite) (as N),Total,,4.1,mg/l,True,0.1,,,Unknown,SNY001,Actual,SW,Water,,,Clayton,07060003,River/Stream,,42.94880662,-91.18632674
6,15220004,Sny Magill Creek Site #1 (SN01),05/16/2000 12:20:00,SNY319,NIT-NO3-NO2,Inorganic nitrogen (nitrate and nitrite) (as N),Total,,2.7,mg/l,True,0.1,,,Unknown,SNY001,Actual,SW,Water,,,Clayton,07060003,River/Stream,,42.94880662,-91.18632674
6,15220004,Sny Magill Creek Site #1 (SN01),05/09/2000 13:15:00,SNY319,NIT-NO3-NO2,Inorganic nitrogen (nitrate and nitrite) (as N),Total,,2.6,mg/l,True,0.1,,,Unknown,SNY001,Actual,SW,Water,,,Clayton,07060003,River/Stream,,42.94880662,-91.18632674
6,15220004,Sny Magill Creek Site #1 (SN01),04/18/2000 12:50:00,SNY319,NIT-NO3-NO2,Inorganic nitrogen (nitrate and nitrite) (as N),Total,,3,mg/l,True,0.1,,,Unknown,SNY001,Actual,SW,Water,,,Clayton,07060003,River/Stream,,42.94880662,-91.18632674
6,15220004,Sny Magill Creek Site #1 (SN01),04/11/2000 14:05:00,SNY319,NIT-NO3-NO2,Inorganic nitrogen (nitrate and nitrite) (as N),Total,,3.1,mg/l,True,0.1,,,Unknown,SNY001,Actual,SW,Water,,,Clayton,07060003,River/Stream,,42.94880662,-91.18632674
6,15220004,Sny Magill Creek Site #1 (SN01),03/21/2000 12:40:00,SNY319,NIT-NO3-NO2,Inorganic nitrogen (nitrate and nitrite) (as N),Total,,3.4,mg/l,True,0.1,,,Unknown,SNY001,Actual,SW,Water,,,Clayton,07060003,River/Stream,,42.94880662,-91.18632674
6,15220004,Sny Magill Creek Site #1 (SN01),03/14/2000 13:00:00,SNY319,NIT-NO3-NO2,Inorganic nitrogen (nitrate and nitrite) (as N),Total,,3.3,mg/l,True,0.1,,,Unknown,SNY001,Actual,SW,Water,,,Clayton,07060003,River/Stream,,42.94880662,-91.18632674
6,15220004,Sny Magill Creek Site #1 (SN01),02/22/2000 13:45:00,SNY319,NIT-NO3-NO2,Inorganic nitrogen (nitrate and nitrite) (as N),Total,,3.4,mg/l,True,0.1,,,Unknown,SNY001,Actual,SW,Water,,,Clayton,07060003,River/Stream,,42.94880662,-91.18632674
6,15220004,Sny Magill Creek Site #1 (SN01),02/15/2000 13:10:00,SNY319,NIT-NO3-NO2,Inorganic nitrogen (nitrate and nitrite) (as N),Total,,3.4,mg/l,True,0.1,,,Unknown,SNY001,Actual,SW,Water,,,Clayton,07060003,River/Stream,,42.94880662,-91.18632674
6,15220004,Sny Magill Creek Site #1 (SN01),01/25/2000 13:45:00,SNY319,NIT-NO3-NO2,Inorganic nitrogen (nitrate and nitrite) (as N),Total,,3.7,mg/l,True,0.1,,,Unknown,SNY001,Actual,SW,Water,,,Clayton,07060003,River/Stream,,42.94880662,-91.18632674
6,15220007,Sny Magill North Tributary (SNT),11/30/1999 14:30:00,SNY319,NIT-NO3-NO2,Inorganic nitrogen (nitrate and nitrite) (as N),Total,,6.5,mg/l,True,0.1,,,Unknown,SNY001,Actual,SW,Water,,,Clayton,07060003,River/Stream,,42.96850981,-91.22439501
6,15220004,Sny Magill Creek Site #1 (SN01),01/18/2000 13:00:00,SNY319,NIT-NO3-NO2,Inorganic nitrogen (nitrate and nitrite) (as N),Total,,4.1,mg/l,True,0.1,,,Unknown,SNY001,Actual,SW,Water,,,Clayton,07060003,River/Stream,,42.94880662,-91.18632674
6,15220007,Sny Magill North Tributary (SNT),12/28/1999 14:35:00,SNY319,NIT-NO3-NO2,Inorganic nitrogen (nitrate and nitrite) (as N),Total,,4.8,mg/l,True,0.1,,,Unknown,SNY001,Actual,SW,Water,,,Clayton,07060003,River/Stream,,42.96850981,-91.22439501
6,15220007,Sny Magill North Tributary (SNT),10/26/1999 14:00:00,SNY319,NIT-NO3-NO2,Inorganic nitrogen (nitrate and nitrite) (as N),Total,,5.3,mg/l,True,0.1,,,Unknown,SNY001,Actual,SW,Water,,,Clayton,07060003,River/Stream,,42.96850981,-91.22439501
6,15220006,Sny Magill Creek Site #3 (SN03),12/07/1999 13:45:00,SNY319,NIT-NO3-NO2,Inorganic nitrogen (nitrate and nitrite) (as N),Total,,6.8,mg/l,True,0.1,,,Unknown,SNY001,Actual,SW,Water,,,Clayton,07060003,River/Stream,,42.98149721,-91.24097377
6,15220006,Sny Magill Creek Site #3 (SN03),11/30/1999 14:40:00,SNY319,NIT-NO3-NO2,Inorganic nitrogen (nitrate and nitrite) (as N),Total,,6.8,mg/l,True,0.1,,,Unknown,SNY001,Actual,SW,Water,,,Clayton,07060003,River/Stream,,42.98149721,-91.24097377
6,15220006,Sny Magill Creek Site #3 (SN03),11/23/1999 13:40:00,SNY319,NIT-NO3-NO2,Inorganic nitrogen (nitrate and nitrite) (as N),Total,,4.2,mg/l,True,0.1,,,Unknown,SNY001,Actual,SW,Water,,,Clayton,07060003,River/Stream,,42.98149721,-91.24097377
6,15220006,Sny Magill Creek Site #3 (SN03),10/19/1999 13:35:00,SNY319,NIT-NO3-NO2,Inorganic nitrogen (nitrate and nitrite) (as N),Total,,6.4,mg/l,True,0.1,,,Unknown,SNY001,Actual,SW,Water,,,Clayton,07060003,River/Stream,,42.98149721,-91.24097377
6,15220006,Sny Magill Creek Site #3 (SN03),10/12/1999 12:20:00,SNY319,NIT-NO3-NO2,Inorganic nitrogen (nitrate and nitrite) (as N),Total,,6.4,mg/l,True,0.1,,,Unknown,SNY001,Actual,SW,Water,,,Clayton,07060003,River/Stream,,42.98149721,-91.24097377
6,15220006,Sny Magill Creek Site #3 (SN03),10/05/1999 12:45:00,SNY319,NIT-NO3-NO2,Inorganic nitrogen (nitrate and nitrite) (as N),Total,,6.3,mg/l,True,0.1,,,Unknown,SNY001,Actual,SW,Water,,,Clayton,07060003,River/Stream,,42.98149721,-91.24097377
6,15220004,Sny Magill Creek Site #1 (SN01),11/02/1999 13:15:00,SNY319,NIT-NO3-NO2,Inorganic nitrogen (nitrate and nitrite) (as N),Total,,3.2,mg/l,True,0.1,,,Unknown,SNY001,Actual,SW,Water,,,Clayton,07060003,River/Stream,,42.94880662,-91.18632674
6,15220004,Sny Magill Creek Site #1 (SN01),12/28/1999 14:00:00,SNY319,NIT-NO3-NO2,Inorganic nitrogen (nitrate and nitrite) (as N),Total,,3.9,mg/l,True,0.1,,,Unknown,SNY001,Actual,SW,Water,,,Clayton,07060003,River/Stream,,42.94880662,-91.18632674
6,15220004,Sny Magill Creek Site #1 (SN01),12/21/1999 12:35:00,SNY319,NIT-NO3-NO2,Inorganic nitrogen (nitrate and nitrite) (as N),Total,,3.9,mg/l,True,0.1,,,Unknown,SNY001,Actual,SW,Water,,,Clayton,07060003,River/Stream,,42.94880662,-91.18632674
6,15220004,Sny Magill Creek Site #1 (SN01),11/30/1999 14:00:00,SNY319,NIT-NO3-NO2,Inorganic nitrogen (nitrate and nitrite) (as N),Total,,3.6,mg/l,True,0.1,,,Unknown,SNY001,Actual,SW,Water,,,Clayton,07060003,River/Stream,,42.94880662,-91.18632674
6,15220004,Sny Magill Creek Site #1 (SN01),11/23/1999 13:05:00,SNY319,NIT-NO3-NO2,Inorganic nitrogen (nitrate and nitrite) (as N),Total,,3.8,mg/l,True,0.1,,,Unknown,SNY001,Actual,SW,Water,,,Clayton,07060003,River/Stream,,42.94880662,-91.18632674
6,15220004,Sny Magill Creek Site #1 (SN01),10/26/1999 13:25:00,SNY319,NIT-NO3-NO2,Inorganic nitrogen (nitrate and nitrite) (as N),Total,,3.3,mg/l,True,0.1,,,Unknown,SNY001,Actual,SW,Water,,,Clayton,07060003,River/Stream,,42.94880662,-91.18632674
6,15220004,Sny Magill Creek Site #1 (SN01),10/19/1999 13:10:00,SNY319,NIT-NO3-NO2,Inorganic nitrogen (nitrate and nitrite) (as N),Total,,3.3,mg/l,True,0.1,,,Unknown,SNY001,Actual,SW,Water,,,Clayton,07060003,River/Stream,,42.94880662,-91.18632674
6,15220008,West Fork Sny Magill Creek  (SNWF),02/09/1999 13:05:00,SNY319,NIT-NO3-NO2,Inorganic nitrogen (nitrate and nitrite) (as N),Total,,4.2,mg/l,True,0.1,,,Unknown,SNY001,Actual,SW,Water,,,Clayton,07060003,River/Stream,,42.97628121,-91.23730654
6,15220008,West Fork Sny Magill Creek  (SNWF),02/02/1999 13:20:00,SNY319,NIT-NO3-NO2,Inorganic nitrogen (nitrate and nitrite) (as N),Total,,4.2,mg/l,True,0.1,,,Unknown,SNY001,Actual,SW,Water,,,Clayton,07060003,River/Stream,,42.97628121,-91.23730654
6,15220007,Sny Magill North Tributary (SNT),06/29/1999 14:15:00,SNY319,NIT-NO3-NO2,Inorganic nitrogen (nitrate and nitrite) (as N),Total,,4.7,mg/l,True,0.1,,,Unknown,SNY001,Actual,SW,Water,,,Clayton,07060003,River/Stream,,42.96850981,-91.22439501
6,15220007,Sny Magill North Tributary (SNT),05/25/1999 14:05:00,SNY319,NIT-NO3-NO2,Inorganic nitrogen (nitrate and nitrite) (as N),Total,,4.1,mg/l,True,0.1,,,Unknown,SNY001,Actual,SW,Water,,,Clayton,07060003,River/Stream,,42.96850981,-91.22439501
6,15220007,Sny Magill North Tributary (SNT),04/27/1999 13:45:00,SNY319,NIT-NO3-NO2,Inorganic nitrogen (nitrate and nitrite) (as N),Total,,4.2,mg/l,True,0.1,,,Unknown,SNY001,Actual,SW,Water,,,Clayton,07060003,River/Stream,,42.96850981,-91.22439501
6,15220007,Sny Magill North Tributary (SNT),03/30/1999 14:05:00,SNY319,NIT-NO3-NO2,Inorganic nitrogen (nitrate and nitrite) (as N),Total,,4.9,mg/l,True,0.1,,,Unknown,SNY001,Actual,SW,Water,,,Clayton,07060003,River/Stream,,42.96850981,-91.22439501
6,15220007,Sny Magill North Tributary (SNT),02/23/1999 13:40:00,SNY319,NIT-NO3-NO2,Inorganic nitrogen (nitrate and nitrite) (as N),Total,,5.8,mg/l,True,0.1,,,Unknown,SNY001,Actual,SW,Water,,,Clayton,07060003,River/Stream,,42.96850981,-91.22439501
6,15220007,Sny Magill North Tributary (SNT),01/26/1999 13:40:00,SNY319,NIT-NO3-NO2,Inorganic nitrogen (nitrate and nitrite) (as N),Total,,4.8,mg/l,True,0.1,,,Unknown,SNY001,Actual,SW,Water,,,Clayton,07060003,River/Stream,,42.96850981,-91.22439501
6,15220006,Sny Magill Creek Site #3 (SN03),08/24/1999 12:30:00,SNY319,NIT-NO3-NO2,Inorganic nitrogen (nitrate and nitrite) (as N),Total,,11,mg/l,True,0.1,,,Unknown,SNY001,Actual,SW,Water,,,Clayton,07060003,River/Stream,,42.98149721,-91.24097377
6,15220006,Sny Magill Creek Site #3 (SN03),08/17/1999 12:40:00,SNY319,NIT-NO3-NO2,Inorganic nitrogen (nitrate and nitrite) (as N),Total,,6,mg/l,True,0.1,,,Unknown,SNY001,Actual,SW,Water,,,Clayton,07060003,River/Stream,,42.98149721,-91.24097377
6,15220006,Sny Magill Creek Site #3 (SN03),08/10/1999 12:45:00,SNY319,NIT-NO3-NO2,Inorganic nitrogen (nitrate and nitrite) (as N),Total,,5.8,mg/l,True,0.1,,,Unknown,SNY001,Actual,SW,Water,,,Clayton,07060003,River/Stream,,42.98149721,-91.24097377
6,15220006,Sny Magill Creek Site #3 (SN03),08/03/1999 12:35:00,SNY319,NIT-NO3-NO2,Inorganic nitrogen (nitrate and nitrite) (as N),Total,,5.7,mg/l,True,0.1,,,Unknown,SNY001,Actual,SW,Water,,,Clayton,07060003,River/Stream,,42.98149721,-91.24097377
6,15220006,Sny Magill Creek Site #3 (SN03),07/27/1999 14:45:00,SNY319,NIT-NO3-NO2,Inorganic nitrogen (nitrate and nitrite) (as N),Total,,5,mg/l,True,0.1,,,Unknown,SNY001,Actual,SW,Water,,,Clayton,07060003,River/Stream,,42.98149721,-91.24097377
6,15220006,Sny Magill Creek Site #3 (SN03),07/20/1999 12:50:00,SNY319,NIT-NO3-NO2,Inorganic nitrogen (nitrate and nitrite) (as N),Total,,5.3,mg/l,True,0.1,,,Unknown,SNY001,Actual,SW,Water,,,Clayton,07060003,River/Stream,,42.98149721,-91.24097377
6,15220006,Sny Magill Creek Site #3 (SN03),05/25/1999 14:15:00,SNY319,NIT-NO3-NO2,Inorganic nitrogen (nitrate and nitrite) (as N),Total,,4.8,mg/l,True,0.1,,,Unknown,SNY001,Actual,SW,Water,,,Clayton,07060003,River/Stream,,42.98149721,-91.24097377
6,15220006,Sny Magill Creek Site #3 (SN03),07/06/1999 13:35:00,SNY319,NIT-NO3-NO2,Inorganic nitrogen (nitrate and nitrite) (as N),Total,,5.7,mg/l,True,0.1,,,Unknown,SNY001,Actual,SW,Water,,,Clayton,07060003,River/Stream,,42.98149721,-91.24097377
6,15220006,Sny Magill Creek Site #3 (SN03),05/18/1999 12:35:00,SNY319,NIT-NO3-NO2,Inorganic nitrogen (nitrate and nitrite) (as N),Total,,3.5,mg/l,True,0.1,,,Unknown,SNY001,Actual,SW,Water,,,Clayton,07060003,River/Stream,,42.98149721,-91.24097377
6,15220006,Sny Magill Creek Site #3 (SN03),05/11/1999 12:40:00,SNY319,NIT-NO3-NO2,Inorganic nitrogen (nitrate and nitrite) (as N),Total,,5.3,mg/l,True,0.1,,,Unknown,SNY001,Actual,SW,Water,,,Clayton,07060003,River/Stream,,42.98149721,-91.24097377
6,15220006,Sny Magill Creek Site #3 (SN03),05/04/1999 12:10:00,SNY319,NIT-NO3-NO2,Inorganic nitrogen (nitrate and nitrite) (as N),Total,,4.7,mg/l,True,0.1,,,Unknown,SNY001,Actual,SW,Water,,,Clayton,07060003,River/Stream,,42.98149721,-91.24097377
6,15220006,Sny Magill Creek Site #3 (SN03),04/27/1999 13:55:00,SNY319,NIT-NO3-NO2,Inorganic nitrogen (nitrate and nitrite) (as N),Total,,4.6,mg/l,True,0.1,,,Unknown,SNY001,Actual,SW,Water,,,Clayton,07060003,River/Stream,,42.98149721,-91.24097377
6,15220006,Sny Magill Creek Site #3 (SN03),03/09/1999 13:20:00,SNY319,NIT-NO3-NO2,Inorganic nitrogen (nitrate and nitrite) (as N),Total,,6.7,mg/l,True,0.1,,,Unknown,SNY001,Actual,SW,Water,,,Clayton,07060003,River/Stream,,42.98149721,-91.24097377
6,15220006,Sny Magill Creek Site #3 (SN03),04/20/1999 11:40:00,SNY319,NIT-NO3-NO2,Inorganic nitrogen (nitrate and nitrite) (as N),Total,,5.5,mg/l,True,0.1,,,Unknown,SNY001,Actual,SW,Water,,,Clayton,07060003,River/Stream,,42.98149721,-91.24097377
6,15220006,Sny Magill Creek Site #3 (SN03),03/02/1999 12:40:00,SNY319,NIT-NO3-NO2,Inorganic nitrogen (nitrate and nitrite) (as N),Total,,6.4,mg/l,True,0.1,,,Unknown,SNY001,Actual,SW,Water,,,Clayton,07060003,River/Stream,,42.98149721,-91.24097377
6,15220006,Sny Magill Creek Site #3 (SN03),02/23/1999 13:50:00,SNY319,NIT-NO3-NO2,Inorganic nitrogen (nitrate and nitrite) (as N),Total,,6.6,mg/l,True,0.1,,,Unknown,SNY001,Actual,SW,Water,,,Clayton,07060003,River/Stream,,42.98149721,-91.24097377
6,15220006,Sny Magill Creek Site #3 (SN03),02/16/1999 12:20:00,SNY319,NIT-NO3-NO2,Inorganic nitrogen (nitrate and nitrite) (as N),Total,,6,mg/l,True,0.1,,,Unknown,SNY001,Actual,SW,Water,,,Clayton,07060003,River/Stream,,42.98149721,-91.24097377
6,15220006,Sny Magill Creek Site #3 (SN03),02/09/1999 12:50:00,SNY319,NIT-NO3-NO2,Inorganic nitrogen (nitrate and nitrite) (as N),Total,,6.2,mg/l,True,0.1,,,Unknown,SNY001,Actual,SW,Water,,,Clayton,07060003,River/Stream,,42.98149721,-91.24097377
6,15220005,Sny Magill Creek Site #2 (SN02),07/27/1999 14:20:00,SNY319,NIT-NO3-NO2,Inorganic nitrogen (nitrate and nitrite) (as N),Total,,3.9,mg/l,True,0.1,,,Unknown,SNY001,Actual,SW,Water,,,Clayton,07060003,River/Stream,,42.96808222,-91.22331192
6,15220006,Sny Magill Creek Site #3 (SN03),02/02/1999 13:10:00,SNY319,NIT-NO3-NO2,Inorganic nitrogen (nitrate and nitrite) (as N),Total,,6.7,mg/l,True,0.1,,,Unknown,SNY001,Actual,SW,Water,,,Clayton,07060003,River/Stream,,42.98149721,-91.24097377
6,15220005,Sny Magill Creek Site #2 (SN02),06/29/1999 14:00:00,SNY319,NIT-NO3-NO2,Inorganic nitrogen (nitrate and nitrite) (as N),Total,,4.1,mg/l,True,0.1,,,Unknown,SNY001,Actual,SW,Water,,,Clayton,07060003,River/Stream,,42.96808222,-91.22331192
6,15220005,Sny Magill Creek Site #2 (SN02),05/25/1999 13:55:00,SNY319,NIT-NO3-NO2,Inorganic nitrogen (nitrate and nitrite) (as N),Total,,4.8,mg/l,True,0.1,,,Unknown,SNY001,Actual,SW,Water,,,Clayton,07060003,River/Stream,,42.96808222,-91.22331192
6,15220005,Sny Magill Creek Site #2 (SN02),04/27/1999 13:40:00,SNY319,NIT-NO3-NO2,Inorganic nitrogen (nitrate and nitrite) (as N),Total,,4.6,mg/l,True,0.1,,,Unknown,SNY001,Actual,SW,Water,,,Clayton,07060003,River/Stream,,42.96808222,-91.22331192
6,15220005,Sny Magill Creek Site #2 (SN02),03/30/1999 13:55:00,SNY319,NIT-NO3-NO2,Inorganic nitrogen (nitrate and nitrite) (as N),Total,,4,mg/l,True,0.1,,,Unknown,SNY001,Actual,SW,Water,,,Clayton,07060003,River/Stream,,42.96808222,-91.22331192
6,15220005,Sny Magill Creek Site #2 (SN02),02/23/1999 13:30:00,SNY319,NIT-NO3-NO2,Inorganic nitrogen (nitrate and nitrite) (as N),Total,,4.5,mg/l,True,0.1,,,Unknown,SNY001,Actual,SW,Water,,,Clayton,07060003,River/Stream,,42.96808222,-91.22331192
6,15220008,West Fork Sny Magill Creek  (SNWF),12/15/1998 13:25:00,SNY319,NIT-NO3-NO2,Inorganic nitrogen (nitrate and nitrite) (as N),Total,,4.1,mg/l,True,0.1,,,Unknown,SNY001,Actual,SW,Water,,,Clayton,07060003,River/Stream,,42.97628121,-91.23730654
6,15220008,West Fork Sny Magill Creek  (SNWF),12/08/1998 13:00:00,SNY319,NIT-NO3-NO2,Inorganic nitrogen (nitrate and nitrite) (as N),Total,,3.9,mg/l,True,0.1,,,Unknown,SNY001,Actual,SW,Water,,,Clayton,07060003,River/Stream,,42.97628121,-91.23730654
6,15220008,West Fork Sny Magill Creek  (SNWF),12/01/1998 14:25:00,SNY319,NIT-NO3-NO2,Inorganic nitrogen (nitrate and nitrite) (as N),Total,,3.9,mg/l,True,0.1,,,Unknown,SNY001,Actual,SW,Water,,,Clayton,07060003,River/Stream,,42.97628121,-91.23730654
6,15220008,West Fork Sny Magill Creek  (SNWF),11/24/1998 13:15:00,SNY319,NIT-NO3-NO2,Inorganic nitrogen (nitrate and nitrite) (as N),Total,,4,mg/l,True,0.1,,,Unknown,SNY001,Actual,SW,Water,,,Clayton,07060003,River/Stream,,42.97628121,-91.23730654
6,15220008,West Fork Sny Magill Creek  (SNWF),11/17/1998 14:00:00,SNY319,NIT-NO3-NO2,Inorganic nitrogen (nitrate and nitrite) (as N),Total,,3.9,mg/l,True,0.1,,,Unknown,SNY001,Actual,SW,Water,,,Clayton,07060003,River/Stream,,42.97628121,-91.23730654
6,15220008,West Fork Sny Magill Creek  (SNWF),11/10/1998 14:00:00,SNY319,NIT-NO3-NO2,Inorganic nitrogen (nitrate and nitrite) (as N),Total,,3.9,mg/l,True,0.1,,,Unknown,SNY001,Actual,SW,Water,,,Clayton,07060003,River/Stream,,42.97628121,-91.23730654
6,15220007,Sny Magill North Tributary (SNT),11/24/1998 12:55:00,SNY319,NIT-NO3-NO2,Inorganic nitrogen (nitrate and nitrite) (as N),Total,,5.3,mg/l,True,0.1,,,Unknown,SNY001,Actual,SW,Water,,,Clayton,07060003,River/Stream,,42.96850981,-91.22439501
6,15220007,Sny Magill North Tributary (SNT),10/27/1998 13:35:00,SNY319,NIT-NO3-NO2,Inorganic nitrogen (nitrate and nitrite) (as N),Total,,4.8,mg/l,True,0.1,,,Unknown,SNY001,Actual,SW,Water,,,Clayton,07060003,River/Stream,,42.96850981,-91.22439501
6,15220006,Sny Magill Creek Site #3 (SN03),12/29/1998 15:55:00,SNY319,NIT-NO3-NO2,Inorganic nitrogen (nitrate and nitrite) (as N),Total,,6.8,mg/l,True,0.1,,,Unknown,SNY001,Actual,SW,Water,,,Clayton,07060003,River/Stream,,42.98149721,-91.24097377
6,15220006,Sny Magill Creek Site #3 (SN03),12/22/1998 12:40:00,SNY319,NIT-NO3-NO2,Inorganic nitrogen (nitrate and nitrite) (as N),Total,,7.4,mg/l,True,0.1,,,Unknown,SNY001,Actual,SW,Water,,,Clayton,07060003,River/Stream,,42.98149721,-91.24097377
6,15220006,Sny Magill Creek Site #3 (SN03),12/15/1998 13:15:00,SNY319,NIT-NO3-NO2,Inorganic nitrogen (nitrate and nitrite) (as N),Total,,6.7,mg/l,True,0.1,,,Unknown,SNY001,Actual,SW,Water,,,Clayton,07060003,River/Stream,,42.98149721,-91.24097377
6,15220006,Sny Magill Creek Site #3 (SN03),12/08/1998 12:50:00,SNY319,NIT-NO3-NO2,Inorganic nitrogen (nitrate and nitrite) (as N),Total,,6.1,mg/l,True,0.1,,,Unknown,SNY001,Actual,SW,Water,,,Clayton,07060003,River/Stream,,42.98149721,-91.24097377
6,15220006,Sny Magill Creek Site #3 (SN03),10/20/1998 13:20:00,SNY319,NIT-NO3-NO2,Inorganic nitrogen (nitrate and nitrite) (as N),Total,,5.1,mg/l,True,0.1,,,Unknown,SNY001,Actual,SW,Water,,,Clayton,07060003,River/Stream,,42.98149721,-91.24097377
6,15220006,Sny Magill Creek Site #3 (SN03),10/13/1998 12:35:00,SNY319,NIT-NO3-NO2,Inorganic nitrogen (nitrate and nitrite) (as N),Total,,5.3,mg/l,True,0.1,,,Unknown,SNY001,Actual,SW,Water,,,Clayton,07060003,River/Stream,,42.98149721,-91.24097377
6,15220006,Sny Magill Creek Site #3 (SN03),10/06/1998 13:15:00,SNY319,NIT-NO3-NO2,Inorganic nitrogen (nitrate and nitrite) (as N),Total,,5,mg/l,True,0.1,,,Unknown,SNY001,Actual,SW,Water,,,Clayton,07060003,River/Stream,,42.98149721,-91.24097377
6,15220005,Sny Magill Creek Site #2 (SN02),12/29/1998 15:25:00,SNY319,NIT-NO3-NO2,Inorganic nitrogen (nitrate and nitrite) (as N),Total,,4.5,mg/l,True,0.1,,,Unknown,SNY001,Actual,SW,Water,,,Clayton,07060003,River/Stream,,42.96808222,-91.22331192
6,15220005,Sny Magill Creek Site #2 (SN02),11/24/1998 12:45:00,SNY319,NIT-NO3-NO2,Inorganic nitrogen (nitrate and nitrite) (as N),Total,,4.4,mg/l,True,0.1,,,Unknown,SNY001,Actual,SW,Water,,,Clayton,07060003,River/Stream,,42.96808222,-91.22331192
6,15220005,Sny Magill Creek Site #2 (SN02),10/27/1998 13:25:00,SNY319,NIT-NO3-NO2,Inorganic nitrogen (nitrate and nitrite) (as N),Total,,3.8,mg/l,True,0.1,,,Unknown,SNY001,Actual,SW,Water,,,Clayton,07060003,River/Stream,,42.96808222,-91.22331192
6,15220004,Sny Magill Creek Site #1 (SN01),09/28/1999 12:50:00,SNY319,NIT-NO3-NO2,Inorganic nitrogen (nitrate and nitrite) (as N),Total,,3.3,mg/l,True,0.1,,,Unknown,SNY001,Actual,SW,Water,,,Clayton,07060003,River/Stream,,42.94880662,-91.18632674
6,15220004,Sny Magill Creek Site #1 (SN01),08/31/1999 13:45:00,SNY319,NIT-NO3-NO2,Inorganic nitrogen (nitrate and nitrite) (as N),Total,,3.2,mg/l,True,0.1,,,Unknown,SNY001,Actual,SW,Water,,,Clayton,07060003,River/Stream,,42.94880662,-91.18632674
6,15220004,Sny Magill Creek Site #1 (SN01),08/24/1999 12:05:00,SNY319,NIT-NO3-NO2,Inorganic nitrogen (nitrate and nitrite) (as N),Total,,3.3,mg/l,True,0.1,,,Unknown,SNY001,Actual,SW,Water,,,Clayton,07060003,River/Stream,,42.94880662,-91.18632674
6,15220004,Sny Magill Creek Site #1 (SN01),08/17/1999 12:05:00,SNY319,NIT-NO3-NO2,Inorganic nitrogen (nitrate and nitrite) (as N),Total,,3.2,mg/l,True,0.1,,,Unknown,SNY001,Actual,SW,Water,,,Clayton,07060003,River/Stream,,42.94880662,-91.18632674
6,15220004,Sny Magill Creek Site #1 (SN01),05/25/1999 13:15:00,SNY319,NIT-NO3-NO2,Inorganic nitrogen (nitrate and nitrite) (as N),Total,,4.1,mg/l,True,0.1,,,Unknown,SNY001,Actual,SW,Water,,,Clayton,07060003,River/Stream,,42.94880662,-91.18632674
6,15220004,Sny Magill Creek Site #1 (SN01),07/20/1999 12:15:00,SNY319,NIT-NO3-NO2,Inorganic nitrogen (nitrate and nitrite) (as N),Total,,3.3,mg/l,True,0.1,,,Unknown,SNY001,Actual,SW,Water,,,Clayton,07060003,River/Stream,,42.94880662,-91.18632674
6,15220004,Sny Magill Creek Site #1 (SN01),08/10/1999 12:15:00,SNY319,NIT-NO3-NO2,Inorganic nitrogen (nitrate and nitrite) (as N),Total,,3.4,mg/l,True,0.1,,,Unknown,SNY001,Actual,SW,Water,,,Clayton,07060003,River/Stream,,42.94880662,-91.18632674
6,15220004,Sny Magill Creek Site #1 (SN01),07/06/1999 13:00:00,SNY319,NIT-NO3-NO2,Inorganic nitrogen (nitrate and nitrite) (as N),Total,,3.2,mg/l,True,0.1,,,Unknown,SNY001,Actual,SW,Water,,,Clayton,07060003,River/Stream,,42.94880662,-91.18632674
6,15220004,Sny Magill Creek Site #1 (SN01),06/29/1999 13:20:00,SNY319,NIT-NO3-NO2,Inorganic nitrogen (nitrate and nitrite) (as N),Total,,3.5,mg/l,True,0.1,,,Unknown,SNY001,Actual,SW,Water,,,Clayton,07060003,River/Stream,,42.94880662,-91.18632674
6,15220004,Sny Magill Creek Site #1 (SN01),06/01/1999 12:25:00,SNY319,NIT-NO3-NO2,Inorganic nitrogen (nitrate and nitrite) (as N),Total,,3.6,mg/l,True,0.1,,,Unknown,SNY001,Actual,SW,Water,,,Clayton,07060003,River/Stream,,42.94880662,-91.18632674
6,15220004,Sny Magill Creek Site #1 (SN01),05/18/1999 12:00:00,SNY319,NIT-NO3-NO2,Inorganic nitrogen (nitrate and nitrite) (as N),Total,,4.6,mg/l,True,0.1,,,Unknown,SNY001,Actual,SW,Water,,,Clayton,07060003,River/Stream,,42.94880662,-91.18632674
6,15220004,Sny Magill Creek Site #1 (SN01),04/27/1999 13:05:00,SNY319,NIT-NO3-NO2,Inorganic nitrogen (nitrate and nitrite) (as N),Total,,4.1,mg/l,True,0.1,,,Unknown,SNY001,Actual,SW,Water,,,Clayton,07060003,River/Stream,,42.94880662,-91.18632674
6,15220004,Sny Magill Creek Site #1 (SN01),04/20/1999 11:10:00,SNY319,NIT-NO3-NO2,Inorganic nitrogen (nitrate and nitrite) (as N),Total,,3.7,mg/l,True,0.1,,,Unknown,SNY001,Actual,SW,Water,,,Clayton,07060003,River/Stream,,42.94880662,-91.18632674
6,15220004,Sny Magill Creek Site #1 (SN01),04/13/1999 12:25:00,SNY319,NIT-NO3-NO2,Inorganic nitrogen (nitrate and nitrite) (as N),Total,,4.2,mg/l,True,0.1,,,Unknown,SNY001,Actual,SW,Water,,,Clayton,07060003,River/Stream,,42.94880662,-91.18632674
6,15220004,Sny Magill Creek Site #1 (SN01),03/16/1999 11:50:00,SNY319,NIT-NO3-NO2,Inorganic nitrogen (nitrate and nitrite) (as N),Total,,3.5,mg/l,True,0.1,,,Unknown,SNY001,Actual,SW,Water,,,Clayton,07060003,River/Stream,,42.94880662,-91.18632674
6,15220004,Sny Magill Creek Site #1 (SN01),03/09/1999 12:50:00,SNY319,NIT-NO3-NO2,Inorganic nitrogen (nitrate and nitrite) (as N),Total,,3.9,mg/l,True,0.1,,,Unknown,SNY001,Actual,SW,Water,,,Clayton,07060003,River/Stream,,42.94880662,-91.18632674
6,15220004,Sny Magill Creek Site #1 (SN01),03/02/1999 12:05:00,SNY319,NIT-NO3-NO2,Inorganic nitrogen (nitrate and nitrite) (as N),Total,,3.7,mg/l,True,0.1,,,Unknown,SNY001,Actual,SW,Water,,,Clayton,07060003,River/Stream,,42.94880662,-91.18632674
6,15220004,Sny Magill Creek Site #1 (SN01),02/02/1999 12:35:00,SNY319,NIT-NO3-NO2,Inorganic nitrogen (nitrate and nitrite) (as N),Total,,3.8,mg/l,True,0.1,,,Unknown,SNY001,Actual,SW,Water,,,Clayton,07060003,River/Stream,,42.94880662,-91.18632674
6,15220004,Sny Magill Creek Site #1 (SN01),01/26/1999 13:00:00,SNY319,NIT-NO3-NO2,Inorganic nitrogen (nitrate and nitrite) (as N),Total,,3.7,mg/l,True,0.1,,,Unknown,SNY001,Actual,SW,Water,,,Clayton,07060003,River/Stream,,42.94880662,-91.18632674
6,15220004,Sny Magill Creek Site #1 (SN01),12/22/1998 12:00:00,SNY319,NIT-NO3-NO2,Inorganic nitrogen (nitrate and nitrite) (as N),Total,,3.8,mg/l,True,0.1,,,Unknown,SNY001,Actual,SW,Water,,,Clayton,07060003,River/Stream,,42.94880662,-91.18632674
6,15220004,Sny Magill Creek Site #1 (SN01),12/15/1998 12:35:00,SNY319,NIT-NO3-NO2,Inorganic nitrogen (nitrate and nitrite) (as N),Total,,3.6,mg/l,True,0.1,,,Unknown,SNY001,Actual,SW,Water,,,Clayton,07060003,River/Stream,,42.94880662,-91.18632674
6,15220004,Sny Magill Creek Site #1 (SN01),12/08/1998 12:15:00,SNY319,NIT-NO3-NO2,Inorganic nitrogen (nitrate and nitrite) (as N),Total,,3.7,mg/l,True,0.1,,,Unknown,SNY001,Actual,SW,Water,,,Clayton,07060003,River/Stream,,42.94880662,-91.18632674
6,15220004,Sny Magill Creek Site #1 (SN01),11/10/1998 13:20:00,SNY319,NIT-NO3-NO2,Inorganic nitrogen (nitrate and nitrite) (as N),Total,,3.6,mg/l,True,0.1,,,Unknown,SNY001,Actual,SW,Water,,,Clayton,07060003,River/Stream,,42.94880662,-91.18632674
6,15220004,Sny Magill Creek Site #1 (SN01),11/03/1998 13:00:00,SNY319,NIT-NO3-NO2,Inorganic nitrogen (nitrate and nitrite) (as N),Total,,3.5,mg/l,True,0.1,,,Unknown,SNY001,Actual,SW,Water,,,Clayton,07060003,River/Stream,,42.94880662,-91.18632674
6,15220004,Sny Magill Creek Site #1 (SN01),10/27/1998 12:55:00,SNY319,NIT-NO3-NO2,Inorganic nitrogen (nitrate and nitrite) (as N),Total,,3.1,mg/l,True,0.1,,,Unknown,SNY001,Actual,SW,Water,,,Clayton,07060003,River/Stream,,42.94880662,-91.18632674
6,15220004,Sny Magill Creek Site #1 (SN01),10/06/1998 12:40:00,SNY319,NIT-NO3-NO2,Inorganic nitrogen (nitrate and nitrite) (as N),Total,,3,mg/l,True,0.1,,,Unknown,SNY001,Actual,SW,Water,,,Clayton,07060003,River/Stream,,42.94880662,-91.18632674
6,15220008,West Fork Sny Magill Creek  (SNWF),09/08/1998 15:45:00,SNY319,NIT-NO3-NO2,Inorganic nitrogen (nitrate and nitrite) (as N),Total,,3.2,mg/l,True,0.1,,,Unknown,SNY001,Actual,SW,Water,,,Clayton,07060003,River/Stream,,42.97628121,-91.23730654
6,15220008,West Fork Sny Magill Creek  (SNWF),09/01/1998 13:45:00,SNY319,NIT-NO3-NO2,Inorganic nitrogen (nitrate and nitrite) (as N),Total,,3.1,mg/l,True,0.1,,,Unknown,SNY001,Actual,SW,Water,,,Clayton,07060003,River/Stream,,42.97628121,-91.23730654
6,15220008,West Fork Sny Magill Creek  (SNWF),08/25/1998 14:00:00,SNY319,NIT-NO3-NO2,Inorganic nitrogen (nitrate and nitrite) (as N),Total,,3.4,mg/l,True,0.1,,,Unknown,SNY001,Actual,SW,Water,,,Clayton,07060003,River/Stream,,42.97628121,-91.23730654
6,15220008,West Fork Sny Magill Creek  (SNWF),07/28/1998 14:25:00,SNY319,NIT-NO3-NO2,Inorganic nitrogen (nitrate and nitrite) (as N),Total,,3.3,mg/l,True,0.1,,,Unknown,SNY001,Actual,SW,Water,,,Clayton,07060003,River/Stream,,42.97628121,-91.23730654
6,15220008,West Fork Sny Magill Creek  (SNWF),07/21/1998 13:40:00,SNY319,NIT-NO3-NO2,Inorganic nitrogen (nitrate and nitrite) (as N),Total,,3.2,mg/l,True,0.1,,,Unknown,SNY001,Actual,SW,Water,,,Clayton,07060003,River/Stream,,42.97628121,-91.23730654
6,15220008,West Fork Sny Magill Creek  (SNWF),07/14/1998 13:45:00,SNY319,NIT-NO3-NO2,Inorganic nitrogen (nitrate and nitrite) (as N),Total,,3.2,mg/l,True,0.1,,,Unknown,SNY001,Actual,SW,Water,,,Clayton,07060003,River/Stream,,42.97628121,-91.23730654
6,15220008,West Fork Sny Magill Creek  (SNWF),07/07/1998 14:05:00,SNY319,NIT-NO3-NO2,Inorganic nitrogen (nitrate and nitrite) (as N),Total,,2.9,mg/l,True,0.1,,,Unknown,SNY001,Actual,SW,Water,,,Clayton,07060003,River/Stream,,42.97628121,-91.23730654
6,15220008,West Fork Sny Magill Creek  (SNWF),06/09/1998 13:45:00,SNY319,NIT-NO3-NO2,Inorganic nitrogen (nitrate and nitrite) (as N),Total,,3.1,mg/l,True,0.1,,,Unknown,SNY001,Actual,SW,Water,,,Clayton,07060003,River/Stream,,42.97628121,-91.23730654
6,15220008,West Fork Sny Magill Creek  (SNWF),06/02/1998 14:35:00,SNY319,NIT-NO3-NO2,Inorganic nitrogen (nitrate and nitrite) (as N),Total,,3.2,mg/l,True,0.1,,,Unknown,SNY001,Actual,SW,Water,,,Clayton,07060003,River/Stream,,42.97628121,-91.23730654
6,15220008,West Fork Sny Magill Creek  (SNWF),05/26/1998 13:35:00,SNY319,NIT-NO3-NO2,Inorganic nitrogen (nitrate and nitrite) (as N),Total,,3.1,mg/l,True,0.1,,,Unknown,SNY001,Actual,SW,Water,,,Clayton,07060003,River/Stream,,42.97628121,-91.23730654
6,15220008,West Fork Sny Magill Creek  (SNWF),04/28/1998 15:35:00,SNY319,NIT-NO3-NO2,Inorganic nitrogen (nitrate and nitrite) (as N),Total,,3.1,mg/l,True,0.1,,,Unknown,SNY001,Actual,SW,Water,,,Clayton,07060003,River/Stream,,42.97628121,-91.23730654
6,15220008,West Fork Sny Magill Creek  (SNWF),04/21/1998 13:50:00,SNY319,NIT-NO3-NO2,Inorganic nitrogen (nitrate and nitrite) (as N),Total,,3.2,mg/l,True,0.1,,,Unknown,SNY001,Actual,SW,Water,,,Clayton,07060003,River/Stream,,42.97628121,-91.23730654
6,15220008,West Fork Sny Magill Creek  (SNWF),04/14/1998 13:45:00,SNY319,NIT-NO3-NO2,Inorganic nitrogen (nitrate and nitrite) (as N),Total,,3.6,mg/l,True,0.1,,,Unknown,SNY001,Actual,SW,Water,,,Clayton,07060003,River/Stream,,42.97628121,-91.23730654
6,15220008,West Fork Sny Magill Creek  (SNWF),04/07/1998 12:45:00,SNY319,NIT-NO3-NO2,Inorganic nitrogen (nitrate and nitrite) (as N),Total,,4.1,mg/l,True,0.1,,,Unknown,SNY001,Actual,SW,Water,,,Clayton,07060003,River/Stream,,42.97628121,-91.23730654
6,15220008,West Fork Sny Magill Creek  (SNWF),03/10/1998 14:05:00,SNY319,NIT-NO3-NO2,Inorganic nitrogen (nitrate and nitrite) (as N),Total,,3.9,mg/l,True,0.1,,,Unknown,SNY001,Actual,SW,Water,,,Clayton,07060003,River/Stream,,42.97628121,-91.23730654
6,15220008,West Fork Sny Magill Creek  (SNWF),03/03/1998 14:45:00,SNY319,NIT-NO3-NO2,Inorganic nitrogen (nitrate and nitrite) (as N),Total,,3.6,mg/l,True,0.1,,,Unknown,SNY001,Actual,SW,Water,,,Clayton,07060003,River/Stream,,42.97628121,-91.23730654
6,15220008,West Fork Sny Magill Creek  (SNWF),02/24/1998 14:00:00,SNY319,NIT-NO3-NO2,Inorganic nitrogen (nitrate and nitrite) (as N),Total,,3.5,mg/l,True,0.1,,,Unknown,SNY001,Actual,SW,Water,,,Clayton,07060003,River/Stream,,42.97628121,-91.23730654
6,15220008,West Fork Sny Magill Creek  (SNWF),01/27/1998 14:05:00,SNY319,NIT-NO3-NO2,Inorganic nitrogen (nitrate and nitrite) (as N),Total,,3.5,mg/l,True,0.1,,,Unknown,SNY001,Actual,SW,Water,,,Clayton,07060003,River/Stream,,42.97628121,-91.23730654
6,15220008,West Fork Sny Magill Creek  (SNWF),01/20/1998 11:00:00,SNY319,NIT-NO3-NO2,Inorganic nitrogen (nitrate and nitrite) (as N),Total,,3.6,mg/l,True,0.1,,,Unknown,SNY001,Actual,SW,Water,,,Clayton,07060003,River/Stream,,42.97628121,-91.23730654
6,15220008,West Fork Sny Magill Creek  (SNWF),01/13/1998 12:55:00,SNY319,NIT-NO3-NO2,Inorganic nitrogen (nitrate and nitrite) (as N),Total,,4.3,mg/l,True,0.1,,,Unknown,SNY001,Actual,SW,Water,,,Clayton,07060003,River/Stream,,42.97628121,-91.23730654
6,15220007,Sny Magill North Tributary (SNT),06/30/1998 14:35:00,SNY319,NIT-NO3-NO2,Inorganic nitrogen (nitrate and nitrite) (as N),Total,,3.9,mg/l,True,0.1,,,Unknown,SNY001,Actual,SW,Water,,,Clayton,07060003,River/Stream,,42.96850981,-91.22439501
6,15220007,Sny Magill North Tributary (SNT),05/26/1998 13:20:00,SNY319,NIT-NO3-NO2,Inorganic nitrogen (nitrate and nitrite) (as N),Total,,3.9,mg/l,True,0.1,,,Unknown,SNY001,Actual,SW,Water,,,Clayton,07060003,River/Stream,,42.96850981,-91.22439501
6,15220007,Sny Magill North Tributary (SNT),04/28/1998 13:15:00,SNY319,NIT-NO3-NO2,Inorganic nitrogen (nitrate and nitrite) (as N),Total,,3.6,mg/l,True,0.1,,,Unknown,SNY001,Actual,SW,Water,,,Clayton,07060003,River/Stream,,42.96850981,-91.22439501
6,15220006,Sny Magill Creek Site #3 (SN03),09/29/1998 14:00:00,SNY319,NIT-NO3-NO2,Inorganic nitrogen (nitrate and nitrite) (as N),Total,,5,mg/l,True,0.1,,,Unknown,SNY001,Actual,SW,Water,,,Clayton,07060003,River/Stream,,42.98149721,-91.24097377
6,15220006,Sny Magill Creek Site #3 (SN03),09/22/1998 13:15:00,SNY319,NIT-NO3-NO2,Inorganic nitrogen (nitrate and nitrite) (as N),Total,,5,mg/l,True,0.1,,,Unknown,SNY001,Actual,SW,Water,,,Clayton,07060003,River/Stream,,42.98149721,-91.24097377
6,15220006,Sny Magill Creek Site #3 (SN03),09/15/1998 13:05:00,SNY319,NIT-NO3-NO2,Inorganic nitrogen (nitrate and nitrite) (as N),Total,,4.9,mg/l,True,0.1,,,Unknown,SNY001,Actual,SW,Water,,,Clayton,07060003,River/Stream,,42.98149721,-91.24097377
6,15220006,Sny Magill Creek Site #3 (SN03),08/11/1998 14:10:00,SNY319,NIT-NO3-NO2,Inorganic nitrogen (nitrate and nitrite) (as N),Total,,4.3,mg/l,True,0.1,,,Unknown,SNY001,Actual,SW,Water,,,Clayton,07060003,River/Stream,,42.98149721,-91.24097377
6,15220006,Sny Magill Creek Site #3 (SN03),08/04/1998 13:10:00,SNY319,NIT-NO3-NO2,Inorganic nitrogen (nitrate and nitrite) (as N),Total,,4.7,mg/l,True,0.1,,,Unknown,SNY001,Actual,SW,Water,,,Clayton,07060003,River/Stream,,42.98149721,-91.24097377
6,15220006,Sny Magill Creek Site #3 (SN03),07/28/1998 14:15:00,SNY319,NIT-NO3-NO2,Inorganic nitrogen (nitrate and nitrite) (as N),Total,,4.7,mg/l,True,0.1,,,Unknown,SNY001,Actual,SW,Water,,,Clayton,07060003,River/Stream,,42.98149721,-91.24097377
6,15220006,Sny Magill Creek Site #3 (SN03),06/30/1998 14:40:00,SNY319,NIT-NO3-NO2,Inorganic nitrogen (nitrate and nitrite) (as N),Total,,4.2,mg/l,True,0.1,,,Unknown,SNY001,Actual,SW,Water,,,Clayton,07060003,River/Stream,,42.98149721,-91.24097377
6,15220006,Sny Magill Creek Site #3 (SN03),06/23/1998 13:00:00,SNY319,NIT-NO3-NO2,Inorganic nitrogen (nitrate and nitrite) (as N),Total,,4,mg/l,True,0.1,,,Unknown,SNY001,Actual,SW,Water,,,Clayton,07060003,River/Stream,,42.98149721,-91.24097377
6,15220006,Sny Magill Creek Site #3 (SN03),06/16/1998 13:25:00,SNY319,NIT-NO3-NO2,Inorganic nitrogen (nitrate and nitrite) (as N),Total,,4.3,mg/l,True,0.1,,,Unknown,SNY001,Actual,SW,Water,,,Clayton,07060003,River/Stream,,42.98149721,-91.24097377
6,15220006,Sny Magill Creek Site #3 (SN03),05/19/1998 12:55:00,SNY319,NIT-NO3-NO2,Inorganic nitrogen (nitrate and nitrite) (as N),Total,,4,mg/l,True,0.1,,,Unknown,SNY001,Actual,SW,Water,,,Clayton,07060003,River/Stream,,42.98149721,-91.24097377
6,15220006,Sny Magill Creek Site #3 (SN03),05/12/1998 13:30:00,SNY319,NIT-NO3-NO2,Inorganic nitrogen (nitrate and nitrite) (as N),Total,,3.9,mg/l,True,0.1,,,Unknown,SNY001,Actual,SW,Water,,,Clayton,07060003,River/Stream,,42.98149721,-91.24097377
6,15220006,Sny Magill Creek Site #3 (SN03),05/05/1998 14:50:00,SNY319,NIT-NO3-NO2,Inorganic nitrogen (nitrate and nitrite) (as N),Total,,3.8,mg/l,True,0.1,,,Unknown,SNY001,Actual,SW,Water,,,Clayton,07060003,River/Stream,,42.98149721,-91.24097377
6,15220006,Sny Magill Creek Site #3 (SN03),04/28/1998 15:30:00,SNY319,NIT-NO3-NO2,Inorganic nitrogen (nitrate and nitrite) (as N),Total,,3.9,mg/l,True,0.1,,,Unknown,SNY001,Actual,SW,Water,,,Clayton,07060003,River/Stream,,42.98149721,-91.24097377
6,15220006,Sny Magill Creek Site #3 (SN03),03/31/1998 14:30:00,SNY319,NIT-NO3-NO2,Inorganic nitrogen (nitrate and nitrite) (as N),Total,,2.7,mg/l,True,0.1,,,Unknown,SNY001,Actual,SW,Water,,,Clayton,07060003,River/Stream,,42.98149721,-91.24097377
6,15220006,Sny Magill Creek Site #3 (SN03),03/24/1998 13:05:00,SNY319,NIT-NO3-NO2,Inorganic nitrogen (nitrate and nitrite) (as N),Total,,4.6,mg/l,True,0.1,,,Unknown,SNY001,Actual,SW,Water,,,Clayton,07060003,River/Stream,,42.98149721,-91.24097377
6,15220006,Sny Magill Creek Site #3 (SN03),03/17/1998 13:45:00,SNY319,NIT-NO3-NO2,Inorganic nitrogen (nitrate and nitrite) (as N),Total,,5.3,mg/l,True,0.1,,,Unknown,SNY001,Actual,SW,Water,,,Clayton,07060003,River/Stream,,42.98149721,-91.24097377
6,15220006,Sny Magill Creek Site #3 (SN03),02/17/1998 11:30:00,SNY319,NIT-NO3-NO2,Inorganic nitrogen (nitrate and nitrite) (as N),Total,,5.3,mg/l,True,0.1,,,Unknown,SNY001,Actual,SW,Water,,,Clayton,07060003,River/Stream,,42.98149721,-91.24097377
6,15220006,Sny Magill Creek Site #3 (SN03),02/09/1998 13:05:00,SNY319,NIT-NO3-NO2,Inorganic nitrogen (nitrate and nitrite) (as N),Total,,5.6,mg/l,True,0.1,,,Unknown,SNY001,Actual,SW,Water,,,Clayton,07060003,River/Stream,,42.98149721,-91.24097377
6,15220006,Sny Magill Creek Site #3 (SN03),02/03/1998 12:35:00,SNY319,NIT-NO3-NO2,Inorganic nitrogen (nitrate and nitrite) (as N),Total,,5.5,mg/l,True,0.1,,,Unknown,SNY001,Actual,SW,Water,,,Clayton,07060003,River/Stream,,42.98149721,-91.24097377
6,15220006,Sny Magill Creek Site #3 (SN03),01/06/1998 11:30:00,SNY319,NIT-NO3-NO2,Inorganic nitrogen (nitrate and nitrite) (as N),Total,,5.5,mg/l,True,0.1,,,Unknown,SNY001,Actual,SW,Water,,,Clayton,07060003,River/Stream,,42.98149721,-91.24097377
6,15220005,Sny Magill Creek Site #2 (SN02),09/29/1998 13:45:00,SNY319,NIT-NO3-NO2,Inorganic nitrogen (nitrate and nitrite) (as N),Total,,3.3,mg/l,True,0.1,,,Unknown,SNY001,Actual,SW,Water,,,Clayton,07060003,River/Stream,,42.96808222,-91.22331192
6,15220005,Sny Magill Creek Site #2 (SN02),08/25/1998 13:30:00,SNY319,NIT-NO3-NO2,Inorganic nitrogen (nitrate and nitrite) (as N),Total,,3.6,mg/l,True,0.1,,,Unknown,SNY001,Actual,SW,Water,,,Clayton,07060003,River/Stream,,42.96808222,-91.22331192
6,15220005,Sny Magill Creek Site #2 (SN02),07/28/1998 14:00:00,SNY319,NIT-NO3-NO2,Inorganic nitrogen (nitrate and nitrite) (as N),Total,,3.4,mg/l,True,0.1,,,Unknown,SNY001,Actual,SW,Water,,,Clayton,07060003,River/Stream,,42.96808222,-91.22331192
6,15220005,Sny Magill Creek Site #2 (SN02),03/31/1998 14:15:00,SNY319,NIT-NO3-NO2,Inorganic nitrogen (nitrate and nitrite) (as N),Total,,3.5,mg/l,True,0.1,,,Unknown,SNY001,Actual,SW,Water,,,Clayton,07060003,River/Stream,,42.96808222,-91.22331192
6,15220005,Sny Magill Creek Site #2 (SN02),02/24/1998 13:35:00,SNY319,NIT-NO3-NO2,Inorganic nitrogen (nitrate and nitrite) (as N),Total,,3.2,mg/l,True,0.1,,,Unknown,SNY001,Actual,SW,Water,,,Clayton,07060003,River/Stream,,42.96808222,-91.22331192
6,15220005,Sny Magill Creek Site #2 (SN02),01/27/1998 13:45:00,SNY319,NIT-NO3-NO2,Inorganic nitrogen (nitrate and nitrite) (as N),Total,,3.2,mg/l,True,0.1,,,Unknown,SNY001,Actual,SW,Water,,,Clayton,07060003,River/Stream,,42.96808222,-91.22331192
6,15220004,Sny Magill Creek Site #1 (SN01),09/29/1998 13:15:00,SNY319,NIT-NO3-NO2,Inorganic nitrogen (nitrate and nitrite) (as N),Total,,2.8,mg/l,True,0.1,,,Unknown,SNY001,Actual,SW,Water,,,Clayton,07060003,River/Stream,,42.94880662,-91.18632674
6,15220004,Sny Magill Creek Site #1 (SN01),09/08/1998 15:10:00,SNY319,NIT-NO3-NO2,Inorganic nitrogen (nitrate and nitrite) (as N),Total,,2.7,mg/l,True,0.1,,,Unknown,SNY001,Actual,SW,Water,,,Clayton,07060003,River/Stream,,42.94880662,-91.18632674
6,15220004,Sny Magill Creek Site #1 (SN01),09/01/1998 13:05:00,SNY319,NIT-NO3-NO2,Inorganic nitrogen (nitrate and nitrite) (as N),Total,,2.6,mg/l,True,0.1,,,Unknown,SNY001,Actual,SW,Water,,,Clayton,07060003,River/Stream,,42.94880662,-91.18632674
6,15220004,Sny Magill Creek Site #1 (SN01),08/11/1998 13:15:00,SNY319,NIT-NO3-NO2,Inorganic nitrogen (nitrate and nitrite) (as N),Total,,5.2,mg/l,True,0.1,,,Unknown,SNY001,Actual,SW,Water,,,Clayton,07060003,River/Stream,,42.94880662,-91.18632674
6,15220004,Sny Magill Creek Site #1 (SN01),08/04/1998 12:35:00,SNY319,NIT-NO3-NO2,Inorganic nitrogen (nitrate and nitrite) (as N),Total,,2.7,mg/l,True,0.1,,,Unknown,SNY001,Actual,SW,Water,,,Clayton,07060003,River/Stream,,42.94880662,-91.18632674
6,15220004,Sny Magill Creek Site #1 (SN01),07/14/1998 13:05:00,SNY319,NIT-NO3-NO2,Inorganic nitrogen (nitrate and nitrite) (as N),Total,,2.9,mg/l,True,0.1,,,Unknown,SNY001,Actual,SW,Water,,,Clayton,07060003,River/Stream,,42.94880662,-91.18632674
6,15220004,Sny Magill Creek Site #1 (SN01),06/09/1998 13:00:00,SNY319,NIT-NO3-NO2,Inorganic nitrogen (nitrate and nitrite) (as N),Total,,2.8,mg/l,True,0.1,,,Unknown,SNY001,Actual,SW,Water,,,Clayton,07060003,River/Stream,,42.94880662,-91.18632674
6,15220004,Sny Magill Creek Site #1 (SN01),07/07/1998 13:15:00,SNY319,NIT-NO3-NO2,Inorganic nitrogen (nitrate and nitrite) (as N),Total,,2.9,mg/l,True,0.1,,,Unknown,SNY001,Actual,SW,Water,,,Clayton,07060003,River/Stream,,42.94880662,-91.18632674
6,15220004,Sny Magill Creek Site #1 (SN01),06/16/1998 12:55:00,SNY319,NIT-NO3-NO2,Inorganic nitrogen (nitrate and nitrite) (as N),Total,,3.7,mg/l,True,0.1,,,Unknown,SNY001,Actual,SW,Water,,,Clayton,07060003,River/Stream,,42.94880662,-91.18632674
6,15220004,Sny Magill Creek Site #1 (SN01),05/19/1998 12:55:00,SNY319,NIT-NO3-NO2,Inorganic nitrogen (nitrate and nitrite) (as N),Total,,2.4,mg/l,True,0.1,,,Unknown,SNY001,Actual,SW,Water,,,Clayton,07060003,River/Stream,,42.94880662,-91.18632674
6,15220004,Sny Magill Creek Site #1 (SN01),05/12/1998 13:00:00,SNY319,NIT-NO3-NO2,Inorganic nitrogen (nitrate and nitrite) (as N),Total,,2.5,mg/l,True,0.1,,,Unknown,SNY001,Actual,SW,Water,,,Clayton,07060003,River/Stream,,42.94880662,-91.18632674
6,15220004,Sny Magill Creek Site #1 (SN01),04/21/1998 12:45:00,SNY319,NIT-NO3-NO2,Inorganic nitrogen (nitrate and nitrite) (as N),Total,,3.4,mg/l,True,0.1,,,Unknown,SNY001,Actual,SW,Water,,,Clayton,07060003,River/Stream,,42.94880662,-91.18632674
6,15220004,Sny Magill Creek Site #1 (SN01),04/14/1998 13:00:00,SNY319,NIT-NO3-NO2,Inorganic nitrogen (nitrate and nitrite) (as N),Total,,4,mg/l,True,0.1,,,Unknown,SNY001,Actual,SW,Water,,,Clayton,07060003,River/Stream,,42.94880662,-91.18632674
6,15220004,Sny Magill Creek Site #1 (SN01),03/24/1998 12:30:00,SNY319,NIT-NO3-NO2,Inorganic nitrogen (nitrate and nitrite) (as N),Total,,3.5,mg/l,True,0.1,,,Unknown,SNY001,Actual,SW,Water,,,Clayton,07060003,River/Stream,,42.94880662,-91.18632674
6,15220004,Sny Magill Creek Site #1 (SN01),03/17/1998 13:10:00,SNY319,NIT-NO3-NO2,Inorganic nitrogen (nitrate and nitrite) (as N),Total,,3.1,mg/l,True,0.1,,,Unknown,SNY001,Actual,SW,Water,,,Clayton,07060003,River/Stream,,42.94880662,-91.18632674
6,15220008,West Fork Sny Magill Creek  (SNWF),12/09/1997 13:10:00,SNY319,NIT-NO3-NO2,Inorganic nitrogen (nitrate and nitrite) (as N),Total,,3.5,mg/l,True,0.1,,,Unknown,SNY001,Actual,SW,Water,,,Clayton,07060003,River/Stream,,42.97628121,-91.23730654
6,15220004,Sny Magill Creek Site #1 (SN01),03/10/1998 13:20:00,SNY319,NIT-NO3-NO2,Inorganic nitrogen (nitrate and nitrite) (as N),Total,,3.2,mg/l,True,0.1,,,Unknown,SNY001,Actual,SW,Water,,,Clayton,07060003,River/Stream,,42.94880662,-91.18632674
6,15220004,Sny Magill Creek Site #1 (SN01),02/17/1998 13:00:00,SNY319,NIT-NO3-NO2,Inorganic nitrogen (nitrate and nitrite) (as N),Total,,2.9,mg/l,True,0.1,,,Unknown,SNY001,Actual,SW,Water,,,Clayton,07060003,River/Stream,,42.94880662,-91.18632674
6,15220004,Sny Magill Creek Site #1 (SN01),02/09/1998 12:30:00,SNY319,NIT-NO3-NO2,Inorganic nitrogen (nitrate and nitrite) (as N),Total,,2.5,mg/l,True,0.1,,,Unknown,SNY001,Actual,SW,Water,,,Clayton,07060003,River/Stream,,42.94880662,-91.18632674
6,15220004,Sny Magill Creek Site #1 (SN01),01/20/1998 13:00:00,SNY319,NIT-NO3-NO2,Inorganic nitrogen (nitrate and nitrite) (as N),Total,,2.6,mg/l,True,0.1,,,Unknown,SNY001,Actual,SW,Water,,,Clayton,07060003,River/Stream,,42.94880662,-91.18632674
6,15220004,Sny Magill Creek Site #1 (SN01),01/13/1998 12:15:00,SNY319,NIT-NO3-NO2,Inorganic nitrogen (nitrate and nitrite) (as N),Total,,3,mg/l,True,0.1,,,Unknown,SNY001,Actual,SW,Water,,,Clayton,07060003,River/Stream,,42.94880662,-91.18632674
6,15220008,West Fork Sny Magill Creek  (SNWF),12/02/1997 11:00:00,SNY319,NIT-NO3-NO2,Inorganic nitrogen (nitrate and nitrite) (as N),Total,,3.7,mg/l,True,0.1,,,Unknown,SNY001,Actual,SW,Water,,,Clayton,07060003,River/Stream,,42.97628121,-91.23730654
6,15220008,West Fork Sny Magill Creek  (SNWF),11/25/1997 13:30:00,SNY319,NIT-NO3-NO2,Inorganic nitrogen (nitrate and nitrite) (as N),Total,,3.5,mg/l,True,0.1,,,Unknown,SNY001,Actual,SW,Water,,,Clayton,07060003,River/Stream,,42.97628121,-91.23730654
6,15220008,West Fork Sny Magill Creek  (SNWF),11/18/1997 11:30:00,SNY319,NIT-NO3-NO2,Inorganic nitrogen (nitrate and nitrite) (as N),Total,,3.4,mg/l,True,0.1,,,Unknown,SNY001,Actual,SW,Water,,,Clayton,07060003,River/Stream,,42.97628121,-91.23730654
6,15220008,West Fork Sny Magill Creek  (SNWF),10/21/1997 12:10:00,SNY319,NIT-NO3-NO2,Inorganic nitrogen (nitrate and nitrite) (as N),Total,,3.3,mg/l,True,0.1,,,Unknown,SNY001,Actual,SW,Water,,,Clayton,07060003,River/Stream,,42.97628121,-91.23730654
6,15220008,West Fork Sny Magill Creek  (SNWF),10/14/1997 13:10:00,SNY319,NIT-NO3-NO2,Inorganic nitrogen (nitrate and nitrite) (as N),Total,,3.2,mg/l,True,0.1,,,Unknown,SNY001,Actual,SW,Water,,,Clayton,07060003,River/Stream,,42.97628121,-91.23730654
6,15220008,West Fork Sny Magill Creek  (SNWF),10/07/1997 11:00:00,SNY319,NIT-NO3-NO2,Inorganic nitrogen (nitrate and nitrite) (as N),Total,,3.2,mg/l,True,0.1,,,Unknown,SNY001,Actual,SW,Water,,,Clayton,07060003,River/Stream,,42.97628121,-91.23730654
6,15220006,Sny Magill Creek Site #3 (SN03),12/30/1997 14:30:00,SNY319,NIT-NO3-NO2,Inorganic nitrogen (nitrate and nitrite) (as N),Total,,5.7,mg/l,True,0.1,,,Unknown,SNY001,Actual,SW,Water,,,Clayton,07060003,River/Stream,,42.98149721,-91.24097377
6,15220006,Sny Magill Creek Site #3 (SN03),12/23/1997 13:10:00,SNY319,NIT-NO3-NO2,Inorganic nitrogen (nitrate and nitrite) (as N),Total,,5.3,mg/l,True,0.1,,,Unknown,SNY001,Actual,SW,Water,,,Clayton,07060003,River/Stream,,42.98149721,-91.24097377
6,15220006,Sny Magill Creek Site #3 (SN03),12/16/1997 13:05:00,SNY319,NIT-NO3-NO2,Inorganic nitrogen (nitrate and nitrite) (as N),Total,,5.3,mg/l,True,0.1,,,Unknown,SNY001,Actual,SW,Water,,,Clayton,07060003,River/Stream,,42.98149721,-91.24097377
6,15220006,Sny Magill Creek Site #3 (SN03),11/11/1997 12:25:00,SNY319,NIT-NO3-NO2,Inorganic nitrogen (nitrate and nitrite) (as N),Total,,5,mg/l,True,0.1,,,Unknown,SNY001,Actual,SW,Water,,,Clayton,07060003,River/Stream,,42.98149721,-91.24097377
6,15220006,Sny Magill Creek Site #3 (SN03),12/09/1997 13:05:00,SNY319,NIT-NO3-NO2,Inorganic nitrogen (nitrate and nitrite) (as N),Total,,5.2,mg/l,True,0.1,,,Unknown,SNY001,Actual,SW,Water,,,Clayton,07060003,River/Stream,,42.98149721,-91.24097377
6,15220006,Sny Magill Creek Site #3 (SN03),11/04/1997 11:30:00,SNY319,NIT-NO3-NO2,Inorganic nitrogen (nitrate and nitrite) (as N),Total,,4.8,mg/l,True,0.1,,,Unknown,SNY001,Actual,SW,Water,,,Clayton,07060003,River/Stream,,42.98149721,-91.24097377
6,15220006,Sny Magill Creek Site #3 (SN03),10/28/1997 11:55:00,SNY319,NIT-NO3-NO2,Inorganic nitrogen (nitrate and nitrite) (as N),Total,,4.8,mg/l,True,0.1,,,Unknown,SNY001,Actual,SW,Water,,,Clayton,07060003,River/Stream,,42.98149721,-91.24097377
6,15220005,Sny Magill Creek Site #2 (SN02),12/30/1997 14:20:00,SNY319,NIT-NO3-NO2,Inorganic nitrogen (nitrate and nitrite) (as N),Total,,3.3,mg/l,True,0.1,,,Unknown,SNY001,Actual,SW,Water,,,Clayton,07060003,River/Stream,,42.96808222,-91.22331192
6,15220005,Sny Magill Creek Site #2 (SN02),11/25/1997 13:10:00,SNY319,NIT-NO3-NO2,Inorganic nitrogen (nitrate and nitrite) (as N),Total,,3.1,mg/l,True,0.1,,,Unknown,SNY001,Actual,SW,Water,,,Clayton,07060003,River/Stream,,42.96808222,-91.22331192
6,15220005,Sny Magill Creek Site #2 (SN02),10/28/1997 11:20:00,SNY319,NIT-NO3-NO2,Inorganic nitrogen (nitrate and nitrite) (as N),Total,,3,mg/l,True,0.1,,,Unknown,SNY001,Actual,SW,Water,,,Clayton,07060003,River/Stream,,42.96808222,-91.22331192
6,15220004,Sny Magill Creek Site #1 (SN01),12/16/1997 12:30:00,SNY319,NIT-NO3-NO2,Inorganic nitrogen (nitrate and nitrite) (as N),Total,,3.5,mg/l,True,0.1,,,Unknown,SNY001,Actual,SW,Water,,,Clayton,07060003,River/Stream,,42.94880662,-91.18632674
6,15220004,Sny Magill Creek Site #1 (SN01),12/09/1997 12:30:00,SNY319,NIT-NO3-NO2,Inorganic nitrogen (nitrate and nitrite) (as N),Total,,2.6,mg/l,True,0.1,,,Unknown,SNY001,Actual,SW,Water,,,Clayton,07060003,River/Stream,,42.94880662,-91.18632674
6,15220004,Sny Magill Creek Site #1 (SN01),11/18/1997 13:00:00,SNY319,NIT-NO3-NO2,Inorganic nitrogen (nitrate and nitrite) (as N),Total,,2.6,mg/l,True,0.1,,,Unknown,SNY001,Actual,SW,Water,,,Clayton,07060003,River/Stream,,42.94880662,-91.18632674
6,15220004,Sny Magill Creek Site #1 (SN01),11/11/1997 11:55:00,SNY319,NIT-NO3-NO2,Inorganic nitrogen (nitrate and nitrite) (as N),Total,,2.4,mg/l,True,0.1,,,Unknown,SNY001,Actual,SW,Water,,,Clayton,07060003,River/Stream,,42.94880662,-91.18632674
6,15220008,West Fork Sny Magill Creek  (SNWF),09/23/1997 13:20:00,SNY319,NIT-NO3-NO2,Inorganic nitrogen (nitrate and nitrite) (as N),Total,,3,mg/l,True,0.1,,,Unknown,SNY001,Actual,SW,Water,,,Clayton,07060003,River/Stream,,42.97628121,-91.23730654
6,15220004,Sny Magill Creek Site #1 (SN01),11/04/1997 14:10:00,SNY319,NIT-NO3-NO2,Inorganic nitrogen (nitrate and nitrite) (as N),Total,,2.3,mg/l,True,0.1,,,Unknown,SNY001,Actual,SW,Water,,,Clayton,07060003,River/Stream,,42.94880662,-91.18632674
6,15220004,Sny Magill Creek Site #1 (SN01),10/14/1997 12:25:00,SNY319,NIT-NO3-NO2,Inorganic nitrogen (nitrate and nitrite) (as N),Total,,2.2,mg/l,True,0.1,,,Unknown,SNY001,Actual,SW,Water,,,Clayton,07060003,River/Stream,,42.94880662,-91.18632674
6,15220004,Sny Magill Creek Site #1 (SN01),10/07/1997 13:00:00,SNY319,NIT-NO3-NO2,Inorganic nitrogen (nitrate and nitrite) (as N),Total,,1.8,mg/l,True,0.1,,,Unknown,SNY001,Actual,SW,Water,,,Clayton,07060003,River/Stream,,42.94880662,-91.18632674
6,15220008,West Fork Sny Magill Creek  (SNWF),09/16/1997 11:00:00,SNY319,NIT-NO3-NO2,Inorganic nitrogen (nitrate and nitrite) (as N),Total,,3.2,mg/l,True,0.1,,,Unknown,SNY001,Actual,SW,Water,,,Clayton,07060003,River/Stream,,42.97628121,-91.23730654
6,15220008,West Fork Sny Magill Creek  (SNWF),09/09/1997 12:40:00,SNY319,NIT-NO3-NO2,Inorganic nitrogen (nitrate and nitrite) (as N),Total,,3.2,mg/l,True,0.1,,,Unknown,SNY001,Actual,SW,Water,,,Clayton,07060003,River/Stream,,42.97628121,-91.23730654
6,15220008,West Fork Sny Magill Creek  (SNWF),08/12/1997 10:25:00,SNY319,NIT-NO3-NO2,Inorganic nitrogen (nitrate and nitrite) (as N),Total,,2.6,mg/l,True,0.1,,,Unknown,SNY001,Actual,SW,Water,,,Clayton,07060003,River/Stream,,42.97628121,-91.23730654
6,15220008,West Fork Sny Magill Creek  (SNWF),08/05/1997 13:10:00,SNY319,NIT-NO3-NO2,Inorganic nitrogen (nitrate and nitrite) (as N),Total,,3.4,mg/l,True,0.1,,,Unknown,SNY001,Actual,SW,Water,,,Clayton,07060003,River/Stream,,42.97628121,-91.23730654
6,15220008,West Fork Sny Magill Creek  (SNWF),07/28/1997 16:25:00,SNY319,NIT-NO3-NO2,Inorganic nitrogen (nitrate and nitrite) (as N),Total,,3.2,mg/l,True,0.1,,,Unknown,SNY001,Actual,SW,Water,,,Clayton,07060003,River/Stream,,42.97628121,-91.23730654
6,15220008,West Fork Sny Magill Creek  (SNWF),07/22/1997 13:15:00,SNY319,NIT-NO3-NO2,Inorganic nitrogen (nitrate and nitrite) (as N),Total,,3.2,mg/l,True,0.1,,,Unknown,SNY001,Actual,SW,Water,,,Clayton,07060003,River/Stream,,42.97628121,-91.23730654
6,15220008,West Fork Sny Magill Creek  (SNWF),06/24/1997 15:20:00,SNY319,NIT-NO3-NO2,Inorganic nitrogen (nitrate and nitrite) (as N),Total,,3.2,mg/l,True,0.1,,,Unknown,SNY001,Actual,SW,Water,,,Clayton,07060003,River/Stream,,42.97628121,-91.23730654
6,15220008,West Fork Sny Magill Creek  (SNWF),06/17/1997 14:45:00,SNY319,NIT-NO3-NO2,Inorganic nitrogen (nitrate and nitrite) (as N),Total,,3.4,mg/l,True,0.1,,,Unknown,SNY001,Actual,SW,Water,,,Clayton,07060003,River/Stream,,42.97628121,-91.23730654
6,15220008,West Fork Sny Magill Creek  (SNWF),06/10/1997 13:05:00,SNY319,NIT-NO3-NO2,Inorganic nitrogen (nitrate and nitrite) (as N),Total,,3.1,mg/l,True,0.1,,,Unknown,SNY001,Actual,SW,Water,,,Clayton,07060003,River/Stream,,42.97628121,-91.23730654
6,15220008,West Fork Sny Magill Creek  (SNWF),05/13/1997 13:30:00,SNY319,NIT-NO3-NO2,Inorganic nitrogen (nitrate and nitrite) (as N),Total,,3.1,mg/l,True,0.1,,,Unknown,SNY001,Actual,SW,Water,,,Clayton,07060003,River/Stream,,42.97628121,-91.23730654
6,15220008,West Fork Sny Magill Creek  (SNWF),05/06/1997 14:45:00,SNY319,NIT-NO3-NO2,Inorganic nitrogen (nitrate and nitrite) (as N),Total,,3,mg/l,True,0.1,,,Unknown,SNY001,Actual,SW,Water,,,Clayton,07060003,River/Stream,,42.97628121,-91.23730654
6,15220008,West Fork Sny Magill Creek  (SNWF),04/29/1997 14:55:00,SNY319,NIT-NO3-NO2,Inorganic nitrogen (nitrate and nitrite) (as N),Total,,3.1,mg/l,True,0.1,,,Unknown,SNY001,Actual,SW,Water,,,Clayton,07060003,River/Stream,,42.97628121,-91.23730654
6,15220008,West Fork Sny Magill Creek  (SNWF),04/22/1997 12:40:00,SNY319,NIT-NO3-NO2,Inorganic nitrogen (nitrate and nitrite) (as N),Total,,3.3,mg/l,True,0.1,,,Unknown,SNY001,Actual,SW,Water,,,Clayton,07060003,River/Stream,,42.97628121,-91.23730654
6,15220008,West Fork Sny Magill Creek  (SNWF),03/25/1997 14:15:00,SNY319,NIT-NO3-NO2,Inorganic nitrogen (nitrate and nitrite) (as N),Total,,2.2,mg/l,True,0.1,,,Unknown,SNY001,Actual,SW,Water,,,Clayton,07060003,River/Stream,,42.97628121,-91.23730654
6,15220008,West Fork Sny Magill Creek  (SNWF),03/18/1997 13:45:00,SNY319,NIT-NO3-NO2,Inorganic nitrogen (nitrate and nitrite) (as N),Total,,3.6,mg/l,True,0.1,,,Unknown,SNY001,Actual,SW,Water,,,Clayton,07060003,River/Stream,,42.97628121,-91.23730654
6,15220008,West Fork Sny Magill Creek  (SNWF),03/11/1997 13:05:00,SNY319,NIT-NO3-NO2,Inorganic nitrogen (nitrate and nitrite) (as N),Total,,3.3,mg/l,True,0.1,,,Unknown,SNY001,Actual,SW,Water,,,Clayton,07060003,River/Stream,,42.97628121,-91.23730654
6,15220008,West Fork Sny Magill Creek  (SNWF),02/11/1997 14:50:00,SNY319,NIT-NO3-NO2,Inorganic nitrogen (nitrate and nitrite) (as N),Total,,3.5,mg/l,True,0.1,,,Unknown,SNY001,Actual,SW,Water,,,Clayton,07060003,River/Stream,,42.97628121,-91.23730654
6,15220008,West Fork Sny Magill Creek  (SNWF),02/04/1997 16:00:00,SNY319,NIT-NO3-NO2,Inorganic nitrogen (nitrate and nitrite) (as N),Total,,3.6,mg/l,True,0.1,,,Unknown,SNY001,Actual,SW,Water,,,Clayton,07060003,River/Stream,,42.97628121,-91.23730654
6,15220008,West Fork Sny Magill Creek  (SNWF),01/27/1997 17:30:00,SNY319,NIT-NO3-NO2,Inorganic nitrogen (nitrate and nitrite) (as N),Total,,3.6,mg/l,True,0.1,,,Unknown,SNY001,Actual,SW,Water,,,Clayton,07060003,River/Stream,,42.97628121,-91.23730654
6,15220008,West Fork Sny Magill Creek  (SNWF),01/21/1997 10:45:00,SNY319,NIT-NO3-NO2,Inorganic nitrogen (nitrate and nitrite) (as N),Total,,3.7,mg/l,True,0.1,,,Unknown,SNY001,Actual,SW,Water,,,Clayton,07060003,River/Stream,,42.97628121,-91.23730654
6,15220007,Sny Magill North Tributary (SNT),08/26/1997 13:25:00,SNY319,NIT-NO3-NO2,Inorganic nitrogen (nitrate and nitrite) (as N),Total,,3.9,mg/l,True,0.1,,,Unknown,SNY001,Actual,SW,Water,,,Clayton,07060003,River/Stream,,42.96850981,-91.22439501
6,15220007,Sny Magill North Tributary (SNT),07/28/1997 16:00:00,SNY319,NIT-NO3-NO2,Inorganic nitrogen (nitrate and nitrite) (as N),Total,,3.4,mg/l,True,0.1,,,Unknown,SNY001,Actual,SW,Water,,,Clayton,07060003,River/Stream,,42.96850981,-91.22439501
6,15220007,Sny Magill North Tributary (SNT),06/24/1997 15:00:00,SNY319,NIT-NO3-NO2,Inorganic nitrogen (nitrate and nitrite) (as N),Total,,3.5,mg/l,True,0.1,,,Unknown,SNY001,Actual,SW,Water,,,Clayton,07060003,River/Stream,,42.96850981,-91.22439501
6,15220007,Sny Magill North Tributary (SNT),02/25/1997 13:50:00,SNY319,NIT-NO3-NO2,Inorganic nitrogen (nitrate and nitrite) (as N),Total,,4.2,mg/l,True,0.1,,,Unknown,SNY001,Actual,SW,Water,,,Clayton,07060003,River/Stream,,42.96850981,-91.22439501
6,15220007,Sny Magill North Tributary (SNT),01/27/1997 16:45:00,SNY319,NIT-NO3-NO2,Inorganic nitrogen (nitrate and nitrite) (as N),Total,,3.6,mg/l,True,0.1,,,Unknown,SNY001,Actual,SW,Water,,,Clayton,07060003,River/Stream,,42.96850981,-91.22439501
6,15220006,Sny Magill Creek Site #3 (SN03),09/30/1997 13:25:00,SNY319,NIT-NO3-NO2,Inorganic nitrogen (nitrate and nitrite) (as N),Total,,4.3,mg/l,True,0.1,,,Unknown,SNY001,Actual,SW,Water,,,Clayton,07060003,River/Stream,,42.98149721,-91.24097377
6,15220006,Sny Magill Creek Site #3 (SN03),09/23/1997 13:05:00,SNY319,NIT-NO3-NO2,Inorganic nitrogen (nitrate and nitrite) (as N),Total,,4.4,mg/l,True,0.1,,,Unknown,SNY001,Actual,SW,Water,,,Clayton,07060003,River/Stream,,42.98149721,-91.24097377
6,15220006,Sny Magill Creek Site #3 (SN03),08/26/1997 13:35:00,SNY319,NIT-NO3-NO2,Inorganic nitrogen (nitrate and nitrite) (as N),Total,,4.6,mg/l,True,0.1,,,Unknown,SNY001,Actual,SW,Water,,,Clayton,07060003,River/Stream,,42.98149721,-91.24097377
6,15220006,Sny Magill Creek Site #3 (SN03),08/19/1997 12:00:00,SNY319,NIT-NO3-NO2,Inorganic nitrogen (nitrate and nitrite) (as N),Total,,4.3,mg/l,True,0.1,,,Unknown,SNY001,Actual,SW,Water,,,Clayton,07060003,River/Stream,,42.98149721,-91.24097377
6,15220006,Sny Magill Creek Site #3 (SN03),08/12/1997 12:15:00,SNY319,NIT-NO3-NO2,Inorganic nitrogen (nitrate and nitrite) (as N),Total,,2.2,mg/l,True,0.1,,,Unknown,SNY001,Actual,SW,Water,,,Clayton,07060003,River/Stream,,42.98149721,-91.24097377
6,15220006,Sny Magill Creek Site #3 (SN03),07/08/1997 13:10:00,SNY319,NIT-NO3-NO2,Inorganic nitrogen (nitrate and nitrite) (as N),Total,,3.8,mg/l,True,0.1,,,Unknown,SNY001,Actual,SW,Water,,,Clayton,07060003,River/Stream,,42.98149721,-91.24097377
6,15220006,Sny Magill Creek Site #3 (SN03),08/05/1997 13:00:00,SNY319,NIT-NO3-NO2,Inorganic nitrogen (nitrate and nitrite) (as N),Total,,5,mg/l,True,0.1,,,Unknown,SNY001,Actual,SW,Water,,,Clayton,07060003,River/Stream,,42.98149721,-91.24097377
6,15220006,Sny Magill Creek Site #3 (SN03),07/01/1997 12:30:00,SNY319,NIT-NO3-NO2,Inorganic nitrogen (nitrate and nitrite) (as N),Total,,3.9,mg/l,True,0.1,,,Unknown,SNY001,Actual,SW,Water,,,Clayton,07060003,River/Stream,,42.98149721,-91.24097377
6,15220006,Sny Magill Creek Site #3 (SN03),06/24/1997 15:15:00,SNY319,NIT-NO3-NO2,Inorganic nitrogen (nitrate and nitrite) (as N),Total,,4,mg/l,True,0.1,,,Unknown,SNY001,Actual,SW,Water,,,Clayton,07060003,River/Stream,,42.98149721,-91.24097377
6,15220006,Sny Magill Creek Site #3 (SN03),05/26/1997 15:50:00,SNY319,NIT-NO3-NO2,Inorganic nitrogen (nitrate and nitrite) (as N),Total,,4.4,mg/l,True,0.1,,,Unknown,SNY001,Actual,SW,Water,,,Clayton,07060003,River/Stream,,42.98149721,-91.24097377
6,15220006,Sny Magill Creek Site #3 (SN03),05/20/1997 13:05:00,SNY319,NIT-NO3-NO2,Inorganic nitrogen (nitrate and nitrite) (as N),Total,,4.3,mg/l,True,0.1,,,Unknown,SNY001,Actual,SW,Water,,,Clayton,07060003,River/Stream,,42.98149721,-91.24097377
6,15220006,Sny Magill Creek Site #3 (SN03),05/13/1997 13:15:00,SNY319,NIT-NO3-NO2,Inorganic nitrogen (nitrate and nitrite) (as N),Total,,4,mg/l,True,0.1,,,Unknown,SNY001,Actual,SW,Water,,,Clayton,07060003,River/Stream,,42.98149721,-91.24097377
6,15220006,Sny Magill Creek Site #3 (SN03),04/08/1997 12:00:00,SNY319,NIT-NO3-NO2,Inorganic nitrogen (nitrate and nitrite) (as N),Total,,5,mg/l,True,0.1,,,Unknown,SNY001,Actual,SW,Water,,,Clayton,07060003,River/Stream,,42.98149721,-91.24097377
6,15220006,Sny Magill Creek Site #3 (SN03),04/01/1997 13:15:00,SNY319,NIT-NO3-NO2,Inorganic nitrogen (nitrate and nitrite) (as N),Total,,4.6,mg/l,True,0.1,,,Unknown,SNY001,Actual,SW,Water,,,Clayton,07060003,River/Stream,,42.98149721,-91.24097377
6,15220006,Sny Magill Creek Site #3 (SN03),03/25/1997 14:05:00,SNY319,NIT-NO3-NO2,Inorganic nitrogen (nitrate and nitrite) (as N),Total,,4.7,mg/l,True,0.1,,,Unknown,SNY001,Actual,SW,Water,,,Clayton,07060003,River/Stream,,42.98149721,-91.24097377
6,15220006,Sny Magill Creek Site #3 (SN03),02/25/1997 14:00:00,SNY319,NIT-NO3-NO2,Inorganic nitrogen (nitrate and nitrite) (as N),Total,,5.6,mg/l,True,0.1,,,Unknown,SNY001,Actual,SW,Water,,,Clayton,07060003,River/Stream,,42.98149721,-91.24097377
6,15220006,Sny Magill Creek Site #3 (SN03),02/18/1997 14:15:00,SNY319,NIT-NO3-NO2,Inorganic nitrogen (nitrate and nitrite) (as N),Total,,0.6,mg/l,True,0.1,,,Unknown,SNY001,Actual,SW,Water,,,Clayton,07060003,River/Stream,,42.98149721,-91.24097377
6,15220006,Sny Magill Creek Site #3 (SN03),02/11/1997 14:30:00,SNY319,NIT-NO3-NO2,Inorganic nitrogen (nitrate and nitrite) (as N),Total,,5.5,mg/l,True,0.1,,,Unknown,SNY001,Actual,SW,Water,,,Clayton,07060003,River/Stream,,42.98149721,-91.24097377
6,15220006,Sny Magill Creek Site #3 (SN03),01/07/1997 11:40:00,SNY319,NIT-NO3-NO2,Inorganic nitrogen (nitrate and nitrite) (as N),Total,,5.8,mg/l,True,0.1,,,Unknown,SNY001,Actual,SW,Water,,,Clayton,07060003,River/Stream,,42.98149721,-91.24097377
6,15220005,Sny Magill Creek Site #2 (SN02),09/30/1997 13:00:00,SNY319,NIT-NO3-NO2,Inorganic nitrogen (nitrate and nitrite) (as N),Total,,2.7,mg/l,True,0.1,,,Unknown,SNY001,Actual,SW,Water,,,Clayton,07060003,River/Stream,,42.96808222,-91.22331192
6,15220005,Sny Magill Creek Site #2 (SN02),08/26/1997 13:15:00,SNY319,NIT-NO3-NO2,Inorganic nitrogen (nitrate and nitrite) (as N),Total,,2.9,mg/l,True,0.1,,,Unknown,SNY001,Actual,SW,Water,,,Clayton,07060003,River/Stream,,42.96808222,-91.22331192
6,15220005,Sny Magill Creek Site #2 (SN02),07/28/1997 15:35:00,SNY319,NIT-NO3-NO2,Inorganic nitrogen (nitrate and nitrite) (as N),Total,,3.2,mg/l,True,0.1,,,Unknown,SNY001,Actual,SW,Water,,,Clayton,07060003,River/Stream,,42.96808222,-91.22331192
6,15220005,Sny Magill Creek Site #2 (SN02),03/25/1997 13:40:00,SNY319,NIT-NO3-NO2,Inorganic nitrogen (nitrate and nitrite) (as N),Total,,3.5,mg/l,True,0.1,,,Unknown,SNY001,Actual,SW,Water,,,Clayton,07060003,River/Stream,,42.96808222,-91.22331192
6,15220005,Sny Magill Creek Site #2 (SN02),02/25/1997 13:40:00,SNY319,NIT-NO3-NO2,Inorganic nitrogen (nitrate and nitrite) (as N),Total,,3.7,mg/l,True,0.1,,,Unknown,SNY001,Actual,SW,Water,,,Clayton,07060003,River/Stream,,42.96808222,-91.22331192
6,15220005,Sny Magill Creek Site #2 (SN02),01/27/1997 16:30:00,SNY319,NIT-NO3-NO2,Inorganic nitrogen (nitrate and nitrite) (as N),Total,,3.4,mg/l,True,0.1,,,Unknown,SNY001,Actual,SW,Water,,,Clayton,07060003,River/Stream,,42.96808222,-91.22331192
6,15220004,Sny Magill Creek Site #1 (SN01),09/16/1997 13:00:00,SNY319,NIT-NO3-NO2,Inorganic nitrogen (nitrate and nitrite) (as N),Total,,2.1,mg/l,True,0.1,,,Unknown,SNY001,Actual,SW,Water,,,Clayton,07060003,River/Stream,,42.94880662,-91.18632674
6,15220004,Sny Magill Creek Site #1 (SN01),09/09/1997 11:55:00,SNY319,NIT-NO3-NO2,Inorganic nitrogen (nitrate and nitrite) (as N),Total,,2.2,mg/l,True,0.1,,,Unknown,SNY001,Actual,SW,Water,,,Clayton,07060003,River/Stream,,42.94880662,-91.18632674
6,15220004,Sny Magill Creek Site #1 (SN01),08/19/1997 13:00:00,SNY319,NIT-NO3-NO2,Inorganic nitrogen (nitrate and nitrite) (as N),Total,,2.1,mg/l,True,0.1,,,Unknown,SNY001,Actual,SW,Water,,,Clayton,07060003,River/Stream,,42.94880662,-91.18632674
6,15220004,Sny Magill Creek Site #1 (SN01),08/12/1997 11:40:00,SNY319,NIT-NO3-NO2,Inorganic nitrogen (nitrate and nitrite) (as N),Total,,2.2,mg/l,True,0.1,,,Unknown,SNY001,Actual,SW,Water,,,Clayton,07060003,River/Stream,,42.94880662,-91.18632674
6,15220004,Sny Magill Creek Site #1 (SN01),07/22/1997 12:20:00,SNY319,NIT-NO3-NO2,Inorganic nitrogen (nitrate and nitrite) (as N),Total,,2.6,mg/l,True,0.1,,,Unknown,SNY001,Actual,SW,Water,,,Clayton,07060003,River/Stream,,42.94880662,-91.18632674
6,15220004,Sny Magill Creek Site #1 (SN01),07/15/1997 12:45:00,SNY319,NIT-NO3-NO2,Inorganic nitrogen (nitrate and nitrite) (as N),Total,,2,mg/l,True,0.1,,,Unknown,SNY001,Actual,SW,Water,,,Clayton,07060003,River/Stream,,42.94880662,-91.18632674
6,15220008,West Fork Sny Magill Creek  (SNWF),12/30/1996 15:25:00,SNY319,NIT-NO3-NO2,Inorganic nitrogen (nitrate and nitrite) (as N),Total,,3.6,mg/l,True,0.1,,,Unknown,SNY001,Actual,SW,Water,,,Clayton,07060003,River/Stream,,42.97628121,-91.23730654
6,15220004,Sny Magill Creek Site #1 (SN01),06/17/1997 13:30:00,SNY319,NIT-NO3-NO2,Inorganic nitrogen (nitrate and nitrite) (as N),Total,,3.5,mg/l,True,0.1,,,Unknown,SNY001,Actual,SW,Water,,,Clayton,07060003,River/Stream,,42.94880662,-91.18632674
6,15220004,Sny Magill Creek Site #1 (SN01),06/10/1997 12:10:00,SNY319,NIT-NO3-NO2,Inorganic nitrogen (nitrate and nitrite) (as N),Total,,2,mg/l,True,0.1,,,Unknown,SNY001,Actual,SW,Water,,,Clayton,07060003,River/Stream,,42.94880662,-91.18632674
6,15220004,Sny Magill Creek Site #1 (SN01),05/20/1997 12:30:00,SNY319,NIT-NO3-NO2,Inorganic nitrogen (nitrate and nitrite) (as N),Total,,2.2,mg/l,True,0.1,,,Unknown,SNY001,Actual,SW,Water,,,Clayton,07060003,River/Stream,,42.94880662,-91.18632674
6,15220004,Sny Magill Creek Site #1 (SN01),05/13/1997 12:35:00,SNY319,NIT-NO3-NO2,Inorganic nitrogen (nitrate and nitrite) (as N),Total,,2.3,mg/l,True,0.1,,,Unknown,SNY001,Actual,SW,Water,,,Clayton,07060003,River/Stream,,42.94880662,-91.18632674
6,15220004,Sny Magill Creek Site #1 (SN01),04/22/1997 11:55:00,SNY319,NIT-NO3-NO2,Inorganic nitrogen (nitrate and nitrite) (as N),Total,,2.4,mg/l,True,0.1,,,Unknown,SNY001,Actual,SW,Water,,,Clayton,07060003,River/Stream,,42.94880662,-91.18632674
6,15220004,Sny Magill Creek Site #1 (SN01),04/15/1997 13:40:00,SNY319,NIT-NO3-NO2,Inorganic nitrogen (nitrate and nitrite) (as N),Total,,2.4,mg/l,True,0.1,,,Unknown,SNY001,Actual,SW,Water,,,Clayton,07060003,River/Stream,,42.94880662,-91.18632674
6,15220004,Sny Magill Creek Site #1 (SN01),03/25/1997 13:20:00,SNY319,NIT-NO3-NO2,Inorganic nitrogen (nitrate and nitrite) (as N),Total,,2.8,mg/l,True,0.1,,,Unknown,SNY001,Actual,SW,Water,,,Clayton,07060003,River/Stream,,42.94880662,-91.18632674
6,15220004,Sny Magill Creek Site #1 (SN01),03/18/1997 12:50:00,SNY319,NIT-NO3-NO2,Inorganic nitrogen (nitrate and nitrite) (as N),Total,,2.6,mg/l,True,0.1,,,Unknown,SNY001,Actual,SW,Water,,,Clayton,07060003,River/Stream,,42.94880662,-91.18632674
6,15220004,Sny Magill Creek Site #1 (SN01),02/25/1997 13:10:00,SNY319,NIT-NO3-NO2,Inorganic nitrogen (nitrate and nitrite) (as N),Total,,3,mg/l,True,0.1,,,Unknown,SNY001,Actual,SW,Water,,,Clayton,07060003,River/Stream,,42.94880662,-91.18632674
6,15220004,Sny Magill Creek Site #1 (SN01),02/18/1997 13:15:00,SNY319,NIT-NO3-NO2,Inorganic nitrogen (nitrate and nitrite) (as N),Total,,2.6,mg/l,True,0.1,,,Unknown,SNY001,Actual,SW,Water,,,Clayton,07060003,River/Stream,,42.94880662,-91.18632674
6,15220004,Sny Magill Creek Site #1 (SN01),01/27/1997 15:30:00,SNY319,NIT-NO3-NO2,Inorganic nitrogen (nitrate and nitrite) (as N),Total,,2.9,mg/l,True,0.1,,,Unknown,SNY001,Actual,SW,Water,,,Clayton,07060003,River/Stream,,42.94880662,-91.18632674
6,15220004,Sny Magill Creek Site #1 (SN01),01/21/1997 12:00:00,SNY319,NIT-NO3-NO2,Inorganic nitrogen (nitrate and nitrite) (as N),Total,,2.7,mg/l,True,0.1,,,Unknown,SNY001,Actual,SW,Water,,,Clayton,07060003,River/Stream,,42.94880662,-91.18632674
6,15220008,West Fork Sny Magill Creek  (SNWF),12/03/1996 12:50:00,SNY319,NIT-NO3-NO2,Inorganic nitrogen (nitrate and nitrite) (as N),Total,,3.4,mg/l,True,0.1,,,Unknown,SNY001,Actual,SW,Water,,,Clayton,07060003,River/Stream,,42.97628121,-91.23730654
6,15220008,West Fork Sny Magill Creek  (SNWF),11/26/1996 14:20:00,SNY319,NIT-NO3-NO2,Inorganic nitrogen (nitrate and nitrite) (as N),Total,,3.5,mg/l,True,0.1,,,Unknown,SNY001,Actual,SW,Water,,,Clayton,07060003,River/Stream,,42.97628121,-91.23730654
6,15220008,West Fork Sny Magill Creek  (SNWF),11/19/1996 10:30:00,SNY319,NIT-NO3-NO2,Inorganic nitrogen (nitrate and nitrite) (as N),Total,,3.5,mg/l,True,0.1,,,Unknown,SNY001,Actual,SW,Water,,,Clayton,07060003,River/Stream,,42.97628121,-91.23730654
6,15220006,Sny Magill Creek Site #3 (SN03),12/30/1996 15:15:00,SNY319,NIT-NO3-NO2,Inorganic nitrogen (nitrate and nitrite) (as N),Total,,5.7,mg/l,True,0.1,,,Unknown,SNY001,Actual,SW,Water,,,Clayton,07060003,River/Stream,,42.98149721,-91.24097377
6,15220006,Sny Magill Creek Site #3 (SN03),12/23/1996 12:35:00,SNY319,NIT-NO3-NO2,Inorganic nitrogen (nitrate and nitrite) (as N),Total,,5.2,mg/l,True,0.1,,,Unknown,SNY001,Actual,SW,Water,,,Clayton,07060003,River/Stream,,42.98149721,-91.24097377
6,15220006,Sny Magill Creek Site #3 (SN03),12/17/1996 12:20:00,SNY319,NIT-NO3-NO2,Inorganic nitrogen (nitrate and nitrite) (as N),Total,,5.4,mg/l,True,0.1,,,Unknown,SNY001,Actual,SW,Water,,,Clayton,07060003,River/Stream,,42.98149721,-91.24097377
6,15220006,Sny Magill Creek Site #3 (SN03),12/10/1996 13:35:00,SNY319,NIT-NO3-NO2,Inorganic nitrogen (nitrate and nitrite) (as N),Total,,5.3,mg/l,True,0.1,,,Unknown,SNY001,Actual,SW,Water,,,Clayton,07060003,River/Stream,,42.98149721,-91.24097377
6,15220006,Sny Magill Creek Site #3 (SN03),11/12/1996 12:55:00,SNY319,NIT-NO3-NO2,Inorganic nitrogen (nitrate and nitrite) (as N),Total,,5.3,mg/l,True,0.1,,,Unknown,SNY001,Actual,SW,Water,,,Clayton,07060003,River/Stream,,42.98149721,-91.24097377
6,15220006,Sny Magill Creek Site #3 (SN03),11/05/1996 11:00:00,SNY319,NIT-NO3-NO2,Inorganic nitrogen (nitrate and nitrite) (as N),Total,,5.1,mg/l,True,0.1,,,Unknown,SNY001,Actual,SW,Water,,,Clayton,07060003,River/Stream,,42.98149721,-91.24097377
6,15220006,Sny Magill Creek Site #3 (SN03),10/29/1996 14:55:00,SNY319,NIT-NO3-NO2,Inorganic nitrogen (nitrate and nitrite) (as N),Total,,4,mg/l,True,0.1,,,Unknown,SNY001,Actual,SW,Water,,,Clayton,07060003,River/Stream,,42.98149721,-91.24097377
6,15220005,Sny Magill Creek Site #2 (SN02),12/30/1996 14:40:00,SNY319,NIT-NO3-NO2,Inorganic nitrogen (nitrate and nitrite) (as N),Total,,3.4,mg/l,True,0.1,,,Unknown,SNY001,Actual,SW,Water,,,Clayton,07060003,River/Stream,,42.96808222,-91.22331192
6,15220005,Sny Magill Creek Site #2 (SN02),11/26/1996 13:05:00,SNY319,NIT-NO3-NO2,Inorganic nitrogen (nitrate and nitrite) (as N),Total,,3.1,mg/l,True,0.1,,,Unknown,SNY001,Actual,SW,Water,,,Clayton,07060003,River/Stream,,42.96808222,-91.22331192
6,15220005,Sny Magill Creek Site #2 (SN02),10/29/1996 14:35:00,SNY319,NIT-NO3-NO2,Inorganic nitrogen (nitrate and nitrite) (as N),Total,,2.8,mg/l,True,0.1,,,Unknown,SNY001,Actual,SW,Water,,,Clayton,07060003,River/Stream,,42.96808222,-91.22331192
6,15220004,Sny Magill Creek Site #1 (SN01),12/17/1996 11:30:00,SNY319,NIT-NO3-NO2,Inorganic nitrogen (nitrate and nitrite) (as N),Total,,2.7,mg/l,True,0.1,,,Unknown,SNY001,Actual,SW,Water,,,Clayton,07060003,River/Stream,,42.94880662,-91.18632674
6,15220004,Sny Magill Creek Site #1 (SN01),12/10/1996 13:00:00,SNY319,NIT-NO3-NO2,Inorganic nitrogen (nitrate and nitrite) (as N),Total,,2.5,mg/l,True,0.1,,,Unknown,SNY001,Actual,SW,Water,,,Clayton,07060003,River/Stream,,42.94880662,-91.18632674
6,15220004,Sny Magill Creek Site #1 (SN01),11/19/1996 12:00:00,SNY319,NIT-NO3-NO2,Inorganic nitrogen (nitrate and nitrite) (as N),Total,,2.5,mg/l,True,0.1,,,Unknown,SNY001,Actual,SW,Water,,,Clayton,07060003,River/Stream,,42.94880662,-91.18632674
6,15220004,Sny Magill Creek Site #1 (SN01),12/03/1996 11:50:00,SNY319,NIT-NO3-NO2,Inorganic nitrogen (nitrate and nitrite) (as N),Total,,2.6,mg/l,True,0.1,,,Unknown,SNY001,Actual,SW,Water,,,Clayton,07060003,River/Stream,,42.94880662,-91.18632674
6,15220004,Sny Magill Creek Site #1 (SN01),11/12/1996 12:20:00,SNY319,NIT-NO3-NO2,Inorganic nitrogen (nitrate and nitrite) (as N),Total,,2.5,mg/l,True,0.1,,,Unknown,SNY001,Actual,SW,Water,,,Clayton,07060003,River/Stream,,42.94880662,-91.18632674
6,15220004,Sny Magill Creek Site #1 (SN01),11/05/1996 12:00:00,SNY319,NIT-NO3-NO2,Inorganic nitrogen (nitrate and nitrite) (as N),Total,,2.4,mg/l,True,0.1,,,Unknown,SNY001,Actual,SW,Water,,,Clayton,07060003,River/Stream,,42.94880662,-91.18632674
6,15220004,Sny Magill Creek Site #1 (SN01),10/15/1996 11:25:00,SNY319,NIT-NO3-NO2,Inorganic nitrogen (nitrate and nitrite) (as N),Total,,1.9,mg/l,True,0.1,,,Unknown,SNY001,Actual,SW,Water,,,Clayton,07060003,River/Stream,,42.94880662,-91.18632674
6,15220004,Sny Magill Creek Site #1 (SN01),10/08/1996 14:20:00,SNY319,NIT-NO3-NO2,Inorganic nitrogen (nitrate and nitrite) (as N),Total,,2.1,mg/l,True,0.1,,,Unknown,SNY001,Actual,SW,Water,,,Clayton,07060003,River/Stream,,42.94880662,-91.18632674
6,15220007,Sny Magill North Tributary (SNT),06/26/2001 13:20:00,SNY319,NIT-NO3-NO2,Inorganic nitrogen (nitrate and nitrite) (as N),Total,,3.8,mg/l,True,0.1,,,Unknown,SNY001,Actual,SW,Water,,,Clayton,07060003,River/Stream,,42.96850981,-91.22439501
6,15220007,Sny Magill North Tributary (SNT),02/27/2001 15:00:00,SNY319,NIT-NO3-NO2,Inorganic nitrogen (nitrate and nitrite) (as N),Total,,4.9,mg/l,True,0.1,,,Unknown,SNY001,Actual,SW,Water,,,Clayton,07060003,River/Stream,,42.96850981,-91.22439501
6,15220006,Sny Magill Creek Site #3 (SN03),09/25/2001 14:45:00,SNY319,NIT-NO3-NO2,Inorganic nitrogen (nitrate and nitrite) (as N),Total,,5.2,mg/l,True,0.1,,,Unknown,SNY001,Actual,SW,Water,,,Clayton,07060003,River/Stream,,42.98149721,-91.24097377
6,15220006,Sny Magill Creek Site #3 (SN03),09/18/2001 12:00:00,SNY319,NIT-NO3-NO2,Inorganic nitrogen (nitrate and nitrite) (as N),Total,,5.7,mg/l,True,0.1,,,Unknown,SNY001,Actual,SW,Water,,,Clayton,07060003,River/Stream,,42.98149721,-91.24097377
6,15220006,Sny Magill Creek Site #3 (SN03),09/11/2001 14:30:00,SNY319,NIT-NO3-NO2,Inorganic nitrogen (nitrate and nitrite) (as N),Total,,3.7,mg/l,True,0.1,,,Unknown,SNY001,Actual,SW,Water,,,Clayton,07060003,River/Stream,,42.98149721,-91.24097377
6,15220006,Sny Magill Creek Site #3 (SN03),08/14/2001 14:30:00,SNY319,NIT-NO3-NO2,Inorganic nitrogen (nitrate and nitrite) (as N),Total,,5.1,mg/l,True,0.1,,,Unknown,SNY001,Actual,SW,Water,,,Clayton,07060003,River/Stream,,42.98149721,-91.24097377
6,15220006,Sny Magill Creek Site #3 (SN03),08/07/2001 12:20:00,SNY319,NIT-NO3-NO2,Inorganic nitrogen (nitrate and nitrite) (as N),Total,,5.4,mg/l,True,0.1,,,Unknown,SNY001,Actual,SW,Water,,,Clayton,07060003,River/Stream,,42.98149721,-91.24097377
6,15220006,Sny Magill Creek Site #3 (SN03),07/31/2001 15:10:00,SNY319,NIT-NO3-NO2,Inorganic nitrogen (nitrate and nitrite) (as N),Total,,5.6,mg/l,True,0.1,,,Unknown,SNY001,Actual,SW,Water,,,Clayton,07060003,River/Stream,,42.98149721,-91.24097377
6,15220006,Sny Magill Creek Site #3 (SN03),07/03/2001 12:00:00,SNY319,NIT-NO3-NO2,Inorganic nitrogen (nitrate and nitrite) (as N),Total,,5.5,mg/l,True,0.1,,,Unknown,SNY001,Actual,SW,Water,,,Clayton,07060003,River/Stream,,42.98149721,-91.24097377
6,15220006,Sny Magill Creek Site #3 (SN03),06/26/2001 13:30:00,SNY319,NIT-NO3-NO2,Inorganic nitrogen (nitrate and nitrite) (as N),Total,,5.3,mg/l,True,0.1,,,Unknown,SNY001,Actual,SW,Water,,,Clayton,07060003,River/Stream,,42.98149721,-91.24097377
6,15220006,Sny Magill Creek Site #3 (SN03),06/19/2001 13:05:00,SNY319,NIT-NO3-NO2,Inorganic nitrogen (nitrate and nitrite) (as N),Total,,5.2,mg/l,True,0.1,,,Unknown,SNY001,Actual,SW,Water,,,Clayton,07060003,River/Stream,,42.98149721,-91.24097377
6,15220006,Sny Magill Creek Site #3 (SN03),05/22/2001 13:20:00,SNY319,NIT-NO3-NO2,Inorganic nitrogen (nitrate and nitrite) (as N),Total,,5.2,mg/l,True,0.1,,,Unknown,SNY001,Actual,SW,Water,,,Clayton,07060003,River/Stream,,42.98149721,-91.24097377
6,15220006,Sny Magill Creek Site #3 (SN03),05/15/2001 12:15:00,SNY319,NIT-NO3-NO2,Inorganic nitrogen (nitrate and nitrite) (as N),Total,,5.1,mg/l,True,0.1,,,Unknown,SNY001,Actual,SW,Water,,,Clayton,07060003,River/Stream,,42.98149721,-91.24097377
6,15220006,Sny Magill Creek Site #3 (SN03),05/08/2001 13:45:00,SNY319,NIT-NO3-NO2,Inorganic nitrogen (nitrate and nitrite) (as N),Total,,5.1,mg/l,True,0.1,,,Unknown,SNY001,Actual,SW,Water,,,Clayton,07060003,River/Stream,,42.98149721,-91.24097377
6,15220006,Sny Magill Creek Site #3 (SN03),05/01/2001 12:30:00,SNY319,NIT-NO3-NO2,Inorganic nitrogen (nitrate and nitrite) (as N),Total,,5,mg/l,True,0.1,,,Unknown,SNY001,Actual,SW,Water,,,Clayton,07060003,River/Stream,,42.98149721,-91.24097377
6,15220006,Sny Magill Creek Site #3 (SN03),04/03/2001 14:00:00,SNY319,NIT-NO3-NO2,Inorganic nitrogen (nitrate and nitrite) (as N),Total,,5.4,mg/l,True,0.1,,,Unknown,SNY001,Actual,SW,Water,,,Clayton,07060003,River/Stream,,42.98149721,-91.24097377
6,15220006,Sny Magill Creek Site #3 (SN03),03/27/2001 14:30:00,SNY319,NIT-NO3-NO2,Inorganic nitrogen (nitrate and nitrite) (as N),Total,,6.2,mg/l,True,0.1,,,Unknown,SNY001,Actual,SW,Water,,,Clayton,07060003,River/Stream,,42.98149721,-91.24097377
6,15220006,Sny Magill Creek Site #3 (SN03),03/20/2001 14:05:00,SNY319,NIT-NO3-NO2,Inorganic nitrogen (nitrate and nitrite) (as N),Total,,5.4,mg/l,True,0.1,,,Unknown,SNY001,Actual,SW,Water,,,Clayton,07060003,River/Stream,,42.98149721,-91.24097377
6,15220006,Sny Magill Creek Site #3 (SN03),02/20/2001 13:30:00,SNY319,NIT-NO3-NO2,Inorganic nitrogen (nitrate and nitrite) (as N),Total,,6.9,mg/l,True,0.1,,,Unknown,SNY001,Actual,SW,Water,,,Clayton,07060003,River/Stream,,42.98149721,-91.24097377
6,15220006,Sny Magill Creek Site #3 (SN03),02/13/2001 13:40:00,SNY319,NIT-NO3-NO2,Inorganic nitrogen (nitrate and nitrite) (as N),Total,,7.1,mg/l,True,0.1,,,Unknown,SNY001,Actual,SW,Water,,,Clayton,07060003,River/Stream,,42.98149721,-91.24097377
6,15220006,Sny Magill Creek Site #3 (SN03),02/06/2001 12:40:00,SNY319,NIT-NO3-NO2,Inorganic nitrogen (nitrate and nitrite) (as N),Total,,7,mg/l,True,0.1,,,Unknown,SNY001,Actual,SW,Water,,,Clayton,07060003,River/Stream,,42.98149721,-91.24097377
6,15220006,Sny Magill Creek Site #3 (SN03),01/02/2001 14:00:00,SNY319,NIT-NO3-NO2,Inorganic nitrogen (nitrate and nitrite) (as N),Total,,7.4,mg/l,True,0.1,,,Unknown,SNY001,Actual,SW,Water,,,Clayton,07060003,River/Stream,,42.98149721,-91.24097377
6,15220005,Sny Magill Creek Site #2 (SN02),09/25/2001 14:25:00,SNY319,NIT-NO3-NO2,Inorganic nitrogen (nitrate and nitrite) (as N),Total,,3.7,mg/l,True,0.1,,,Unknown,SNY001,Actual,SW,Water,,,Clayton,07060003,River/Stream,,42.96808222,-91.22331192
6,15220005,Sny Magill Creek Site #2 (SN02),08/28/2001 14:20:00,SNY319,NIT-NO3-NO2,Inorganic nitrogen (nitrate and nitrite) (as N),Total,,3.5,mg/l,True,0.1,,,Unknown,SNY001,Actual,SW,Water,,,Clayton,07060003,River/Stream,,42.96808222,-91.22331192
6,15220005,Sny Magill Creek Site #2 (SN02),07/31/2001 14:45:00,SNY319,NIT-NO3-NO2,Inorganic nitrogen (nitrate and nitrite) (as N),Total,,3.6,mg/l,True,0.1,,,Unknown,SNY001,Actual,SW,Water,,,Clayton,07060003,River/Stream,,42.96808222,-91.22331192
6,15220005,Sny Magill Creek Site #2 (SN02),03/27/2001 14:10:00,SNY319,NIT-NO3-NO2,Inorganic nitrogen (nitrate and nitrite) (as N),Total,,4.9,mg/l,True,0.1,,,Unknown,SNY001,Actual,SW,Water,,,Clayton,07060003,River/Stream,,42.96808222,-91.22331192
6,15220005,Sny Magill Creek Site #2 (SN02),02/27/2001 14:50:00,SNY319,NIT-NO3-NO2,Inorganic nitrogen (nitrate and nitrite) (as N),Total,,4.1,mg/l,True,0.1,,,Unknown,SNY001,Actual,SW,Water,,,Clayton,07060003,River/Stream,,42.96808222,-91.22331192
6,15220007,Sny Magill North Tributary (SNT),12/26/2000 12:05:00,SNY319,NIT-NO3-NO2,Inorganic nitrogen (nitrate and nitrite) (as N),Total,,5.2,mg/l,True,0.1,,,Unknown,SNY001,Actual,SW,Water,,,Clayton,07060003,River/Stream,,42.96850981,-91.22439501
6,15220004,Sny Magill Creek Site #1 (SN01),09/25/2001 13:55:00,SNY319,NIT-NO3-NO2,Inorganic nitrogen (nitrate and nitrite) (as N),Total,,3.4,mg/l,True,0.1,,,Unknown,SNY001,Actual,SW,Water,,,Clayton,07060003,River/Stream,,42.94880662,-91.18632674
6,15220004,Sny Magill Creek Site #1 (SN01),08/07/2001 11:50:00,SNY319,NIT-NO3-NO2,Inorganic nitrogen (nitrate and nitrite) (as N),Total,,3,mg/l,True,0.1,,,Unknown,SNY001,Actual,SW,Water,,,Clayton,07060003,River/Stream,,42.94880662,-91.18632674
6,15220004,Sny Magill Creek Site #1 (SN01),07/31/2001 14:15:00,SNY319,NIT-NO3-NO2,Inorganic nitrogen (nitrate and nitrite) (as N),Total,,2.9,mg/l,True,0.1,,,Unknown,SNY001,Actual,SW,Water,,,Clayton,07060003,River/Stream,,42.94880662,-91.18632674
6,15220004,Sny Magill Creek Site #1 (SN01),07/10/2001 11:45:00,SNY319,NIT-NO3-NO2,Inorganic nitrogen (nitrate and nitrite) (as N),Total,,3,mg/l,True,0.1,,,Unknown,SNY001,Actual,SW,Water,,,Clayton,07060003,River/Stream,,42.94880662,-91.18632674
6,15220004,Sny Magill Creek Site #1 (SN01),07/03/2001 11:35:00,SNY319,NIT-NO3-NO2,Inorganic nitrogen (nitrate and nitrite) (as N),Total,,3.1,mg/l,True,0.1,,,Unknown,SNY001,Actual,SW,Water,,,Clayton,07060003,River/Stream,,42.94880662,-91.18632674
6,15220004,Sny Magill Creek Site #1 (SN01),06/12/2001 12:00:00,SNY319,NIT-NO3-NO2,Inorganic nitrogen (nitrate and nitrite) (as N),Total,,3.8,mg/l,True,0.1,,,Unknown,SNY001,Actual,SW,Water,,,Clayton,07060003,River/Stream,,42.94880662,-91.18632674
6,15220004,Sny Magill Creek Site #1 (SN01),06/05/2001 12:10:00,SNY319,NIT-NO3-NO2,Inorganic nitrogen (nitrate and nitrite) (as N),Total,,3.4,mg/l,True,0.1,,,Unknown,SNY001,Actual,SW,Water,,,Clayton,07060003,River/Stream,,42.94880662,-91.18632674
6,15220004,Sny Magill Creek Site #1 (SN01),05/15/2001 11:40:00,SNY319,NIT-NO3-NO2,Inorganic nitrogen (nitrate and nitrite) (as N),Total,,3.9,mg/l,True,0.1,,,Unknown,SNY001,Actual,SW,Water,,,Clayton,07060003,River/Stream,,42.94880662,-91.18632674
6,15220004,Sny Magill Creek Site #1 (SN01),05/08/2001 13:15:00,SNY319,NIT-NO3-NO2,Inorganic nitrogen (nitrate and nitrite) (as N),Total,,4,mg/l,True,0.1,,,Unknown,SNY001,Actual,SW,Water,,,Clayton,07060003,River/Stream,,42.94880662,-91.18632674
6,15220004,Sny Magill Creek Site #1 (SN01),04/17/2001 13:10:00,SNY319,NIT-NO3-NO2,Inorganic nitrogen (nitrate and nitrite) (as N),Total,,3.9,mg/l,True,0.1,,,Unknown,SNY001,Actual,SW,Water,,,Clayton,07060003,River/Stream,,42.94880662,-91.18632674
6,15220004,Sny Magill Creek Site #1 (SN01),04/10/2001 13:15:00,SNY319,NIT-NO3-NO2,Inorganic nitrogen (nitrate and nitrite) (as N),Total,,4.1,mg/l,True,0.1,,,Unknown,SNY001,Actual,SW,Water,,,Clayton,07060003,River/Stream,,42.94880662,-91.18632674
6,15220004,Sny Magill Creek Site #1 (SN01),03/20/2001 13:25:00,SNY319,NIT-NO3-NO2,Inorganic nitrogen (nitrate and nitrite) (as N),Total,,3.3,mg/l,True,0.1,,,Unknown,SNY001,Actual,SW,Water,,,Clayton,07060003,River/Stream,,42.94880662,-91.18632674
6,15220004,Sny Magill Creek Site #1 (SN01),03/13/2001 12:10:00,SNY319,NIT-NO3-NO2,Inorganic nitrogen (nitrate and nitrite) (as N),Total,,3.3,mg/l,True,0.1,,,Unknown,SNY001,Actual,SW,Water,,,Clayton,07060003,River/Stream,,42.94880662,-91.18632674
6,15220004,Sny Magill Creek Site #1 (SN01),02/20/2001 13:00:00,SNY319,NIT-NO3-NO2,Inorganic nitrogen (nitrate and nitrite) (as N),Total,,3.3,mg/l,True,0.1,,,Unknown,SNY001,Actual,SW,Water,,,Clayton,07060003,River/Stream,,42.94880662,-91.18632674
6,15220004,Sny Magill Creek Site #1 (SN01),02/13/2001 13:00:00,SNY319,NIT-NO3-NO2,Inorganic nitrogen (nitrate and nitrite) (as N),Total,,3.4,mg/l,True,0.1,,,Unknown,SNY001,Actual,SW,Water,,,Clayton,07060003,River/Stream,,42.94880662,-91.18632674
6,15220004,Sny Magill Creek Site #1 (SN01),01/16/2001 12:10:00,SNY319,NIT-NO3-NO2,Inorganic nitrogen (nitrate and nitrite) (as N),Total,,3.4,mg/l,True,0.1,,,Unknown,SNY001,Actual,SW,Water,,,Clayton,07060003,River/Stream,,42.94880662,-91.18632674
6,15220004,Sny Magill Creek Site #1 (SN01),01/09/2001 12:20:00,SNY319,NIT-NO3-NO2,Inorganic nitrogen (nitrate and nitrite) (as N),Total,,3.5,mg/l,True,0.1,,,Unknown,SNY001,Actual,SW,Water,,,Clayton,07060003,River/Stream,,42.94880662,-91.18632674
6,15220007,Sny Magill North Tributary (SNT),11/28/2000 14:35:00,SNY319,NIT-NO3-NO2,Inorganic nitrogen (nitrate and nitrite) (as N),Total,,5.4,mg/l,True,0.1,,,Unknown,SNY001,Actual,SW,Water,,,Clayton,07060003,River/Stream,,42.96850981,-91.22439501
6,15220006,Sny Magill Creek Site #3 (SN03),12/12/2000 13:45:00,SNY319,NIT-NO3-NO2,Inorganic nitrogen (nitrate and nitrite) (as N),Total,,7.4,mg/l,True,0.1,,,Unknown,SNY001,Actual,SW,Water,,,Clayton,07060003,River/Stream,,42.98149721,-91.24097377
6,15220007,Sny Magill North Tributary (SNT),08/28/2001 14:40:00,SNY319,NIT-NO3-NO2,Inorganic nitrogen (nitrate and nitrite) (as N),Total,,4,mg/l,True,0.1,,,Unknown,SNY001,Actual,SW,Water,,,Clayton,07060003,River/Stream,,42.96850981,-91.22439501
6,15220007,Sny Magill North Tributary (SNT),07/31/2001 14:55:00,SNY319,NIT-NO3-NO2,Inorganic nitrogen (nitrate and nitrite) (as N),Total,,4.4,mg/l,True,0.1,,,Unknown,SNY001,Actual,SW,Water,,,Clayton,07060003,River/Stream,,42.96850981,-91.22439501
6,15220004,Sny Magill Creek Site #1 (SN01),01/02/1996 13:30:00,SNY319,NIT-NO3-NO2,Inorganic nitrogen (nitrate and nitrite) (as N),Total,,2.3,mg/l,True,0.1,,,Unknown,SNY001,Actual,SW,Water,,,Clayton,07060003,River/Stream,,42.94880662,-91.18632674
6,15220004,Sny Magill Creek Site #1 (SN01),01/09/1996 14:20:00,SNY319,NIT-NO3-NO2,Inorganic nitrogen (nitrate and nitrite) (as N),Total,,2.6,mg/l,True,0.1,,,Unknown,SNY001,Actual,SW,Water,,,Clayton,07060003,River/Stream,,42.94880662,-91.18632674
6,15220004,Sny Magill Creek Site #1 (SN01),01/23/1996 14:10:00,SNY319,NIT-NO3-NO2,Inorganic nitrogen (nitrate and nitrite) (as N),Total,,3,mg/l,True,0.1,,,Unknown,SNY001,Actual,SW,Water,,,Clayton,07060003,River/Stream,,42.94880662,-91.18632674
6,15220004,Sny Magill Creek Site #1 (SN01),01/30/1996 15:40:00,SNY319,NIT-NO3-NO2,Inorganic nitrogen (nitrate and nitrite) (as N),Total,,2.9,mg/l,True,0.1,,,Unknown,SNY001,Actual,SW,Water,,,Clayton,07060003,River/Stream,,42.94880662,-91.18632674
6,15220004,Sny Magill Creek Site #1 (SN01),02/20/1996 10:20:00,SNY319,NIT-NO3-NO2,Inorganic nitrogen (nitrate and nitrite) (as N),Total,,2,mg/l,True,0.1,,,Unknown,SNY001,Actual,SW,Water,,,Clayton,07060003,River/Stream,,42.94880662,-91.18632674
6,15220004,Sny Magill Creek Site #1 (SN01),03/19/1996 12:15:00,SNY319,NIT-NO3-NO2,Inorganic nitrogen (nitrate and nitrite) (as N),Total,,2.3,mg/l,True,0.1,,,Unknown,SNY001,Actual,SW,Water,,,Clayton,07060003,River/Stream,,42.94880662,-91.18632674
6,15220004,Sny Magill Creek Site #1 (SN01),03/12/1996 14:45:00,SNY319,NIT-NO3-NO2,Inorganic nitrogen (nitrate and nitrite) (as N),Total,,2.3,mg/l,True,0.1,,,Unknown,SNY001,Actual,SW,Water,,,Clayton,07060003,River/Stream,,42.94880662,-91.18632674
6,15220004,Sny Magill Creek Site #1 (SN01),04/02/1996 11:50:00,SNY319,NIT-NO3-NO2,Inorganic nitrogen (nitrate and nitrite) (as N),Total,,2.4,mg/l,True,0.1,,,Unknown,SNY001,Actual,SW,Water,,,Clayton,07060003,River/Stream,,42.94880662,-91.18632674
6,15220004,Sny Magill Creek Site #1 (SN01),04/09/1996 10:40:00,SNY319,NIT-NO3-NO2,Inorganic nitrogen (nitrate and nitrite) (as N),Total,,2.4,mg/l,True,0.1,,,Unknown,SNY001,Actual,SW,Water,,,Clayton,07060003,River/Stream,,42.94880662,-91.18632674
6,15220004,Sny Magill Creek Site #1 (SN01),04/30/1996 13:00:00,SNY319,NIT-NO3-NO2,Inorganic nitrogen (nitrate and nitrite) (as N),Total,,2.4,mg/l,True,0.1,,,Unknown,SNY001,Actual,SW,Water,,,Clayton,07060003,River/Stream,,42.94880662,-91.18632674
6,15220004,Sny Magill Creek Site #1 (SN01),06/11/1996 11:40:00,SNY319,NIT-NO3-NO2,Inorganic nitrogen (nitrate and nitrite) (as N),Total,,2.9,mg/l,True,0.1,,,Unknown,SNY001,Actual,SW,Water,,,Clayton,07060003,River/Stream,,42.94880662,-91.18632674
6,15220004,Sny Magill Creek Site #1 (SN01),06/18/1996 12:30:00,SNY319,NIT-NO3-NO2,Inorganic nitrogen (nitrate and nitrite) (as N),Total,,3.6,mg/l,True,0.1,,,Unknown,SNY001,Actual,SW,Water,,,Clayton,07060003,River/Stream,,42.94880662,-91.18632674
6,15220004,Sny Magill Creek Site #1 (SN01),09/10/1996 12:35:00,SNY319,NIT-NO3-NO2,Inorganic nitrogen (nitrate and nitrite) (as N),Total,,2,mg/l,True,0.1,,,Unknown,SNY001,Actual,SW,Water,,,Clayton,07060003,River/Stream,,42.94880662,-91.18632674
6,15220004,Sny Magill Creek Site #1 (SN01),07/09/1996 13:20:00,SNY319,NIT-NO3-NO2,Inorganic nitrogen (nitrate and nitrite) (as N),Total,,2.4,mg/l,True,0.1,,,Unknown,SNY001,Actual,SW,Water,,,Clayton,07060003,River/Stream,,42.94880662,-91.18632674
6,15220004,Sny Magill Creek Site #1 (SN01),09/17/1996 12:00:00,SNY319,NIT-NO3-NO2,Inorganic nitrogen (nitrate and nitrite) (as N),Total,,2.1,mg/l,True,0.1,,,Unknown,SNY001,Actual,SW,Water,,,Clayton,07060003,River/Stream,,42.94880662,-91.18632674
6,11220014,Silver Creek at 172nd St. (Site SC04/SiCr1),08/20/2018 10:10:00,AMBBIO,NIT-NO3-NO2,Inorganic nitrogen (nitrate and nitrite) (AS N),Total,,6.7,mg/l,True,0.1,,,LAC10-107-04-1J,UHL001,Actual,SW,Water,,,Clayton,07060004,River/Stream,,42.973151,-91.441907
6,14000049,Mossy Glen Creek - Edgewood-Mossy Glen Preserve,07/15/2019 09:30:00,AMBBIO,NIT-NO3-NO2,Inorganic nitrogen (nitrate and nitrite) (AS N),Total,,9.2,mg/l,True,0.1,,,LAC10-107-04-1J,UHL001,Actual,SW,Water,,,Clayton,07060004,River/Stream,,42.7085,-91.426101
6,14000336,Sny McGill- North Cedar WMA,06/09/2020 11:30:00,AMBWETLAND,NIT-NO3-NO2,Inorganic nitrogen (nitrate and nitrite) (AS N),Total,,0.1,mg/l,False,0.1,,,LAC10-107-04-1J,UHL001,Actual,SW,Water,,,Clayton,07060003,Wetland-Riverine,,42.9545,-91.199
6,12220002,North Cedar Creek-Public Access Area- Sny Magill,07/17/2019 07:40:00,AMBBIO,NIT-NO3-NO2,Inorganic nitrogen (nitrate and nitrite) (AS N),Total,,3.4,mg/l,True,0.1,,,LAC10-107-04-1J,UHL001,Actual,SW,Water,,,Clayton,07060003,River/Stream,,42.96248573,-91.22933069
6,15220004,Sny Magill Creek Site #1 (SN01),08/23/1994 13:30:00,SNY319,NIT-NO3-NO2,Inorganic nitrogen (nitrate and nitrite) (as N),Total,,1.9,mg/l,True,0.1,,,Unknown,SNY001,Actual,SW,Water,,,Clayton,07060003,River/Stream,,42.94880662,-91.18632674
6,15220004,Sny Magill Creek Site #1 (SN01),08/16/1994 13:45:00,SNY319,NIT-NO3-NO2,Inorganic nitrogen (nitrate and nitrite) (as N),Total,,2.3,mg/l,True,0.1,,,Unknown,SNY001,Actual,SW,Water,,,Clayton,07060003,River/Stream,,42.94880662,-91.18632674
6,15220004,Sny Magill Creek Site #1 (SN01),09/20/1994 12:45:00,SNY319,NIT-NO3-NO2,Inorganic nitrogen (nitrate and nitrite) (as N),Total,,2,mg/l,True,0.1,,,Unknown,SNY001,Actual,SW,Water,,,Clayton,07060003,River/Stream,,42.94880662,-91.18632674
6,14000336,Sny McGill- North Cedar WMA,07/28/2020 11:15:00,AMBWETLAND,NIT-NO3-NO2,Inorganic nitrogen (nitrate and nitrite) (AS N),Total,,0.08,mg/l,True,0.1,,,LAC10-107-04-1J,UHL001,Actual,SW,Water,,,Clayton,07060003,Wetland-Riverine,,42.9545,-91.199
6,12220002,North Cedar Creek-Public Access Area- Sny Magill,07/24/2018 08:45:00,AMBBIO,NIT-NO3-NO2,Inorganic nitrogen (nitrate and nitrite) (AS N),Total,,3.2,mg/l,True,0.1,,,LAC10-107-04-1J,UHL001,Actual,SW,Water,,,Clayton,07060003,River/Stream,,42.96248573,-91.22933069
6,14000104,Unnamed Tributary to Volga River - Volga (UTVR1),07/31/2018 11:15:00,AMBBIO,NIT-NO3-NO2,Inorganic nitrogen (nitrate and nitrite) (AS N),Total,,4.9,mg/l,True,0.1,,,LAC10-107-04-1J,UHL001,Actual,SW,Water,,,Clayton,07060004,River/Stream,,42.814928,-91.580019
6,12220002,North Cedar Creek-Public Access Area- Sny Magill,07/17/2017 09:15:00,AMBBIO,NIT-NO3-NO2,Inorganic nitrogen (nitrate and nitrite) (AS N),Total,,5.2,mg/l,True,0.1,,,LAC10-107-04-1J,UHL001,Actual,SW,Water,,,Clayton,07060003,River/Stream,,42.96248573,-91.22933069
6,14000225,Wolf Creek,08/28/2017 07:00:00,AMBBIO,NIT-NO3-NO2,Inorganic nitrogen (nitrate and nitrite) (AS N),Total,,2.3,mg/l,True,0.1,,,LAC10-107-04-1J,UHL001,Actual,SW,Water,,Sample exceeded required temperature upon receipt.,Clayton,07060004,River/Stream,,42.72829,-91.29208
6,14000076,Unnamed Tributary to Cox Creek - Volga,05/23/2016 10:00:00,AMBBIO,NIT-NO3-NO2,Inorganic nitrogen (nitrate and nitrite) (AS N),Total,,0.95,mg/l,True,0.1,,,LAC10-107-04-1J,UHL001,Actual,SW,Water,,,Clayton,07060004,River/Stream,,42.752911,-91.464324
6,12220002,North Cedar Creek-Public Access Area- Sny Magill,08/31/2016 09:15:00,AMBBIO,NIT-NO3-NO2,Inorganic nitrogen (nitrate and nitrite) (AS N),Total,,3.4,mg/l,True,0.1,,,LAC10-107-04-1J,UHL001,Actual,SW,Water,,,Clayton,07060003,River/Stream,,42.96248573,-91.22933069
6,15220008,West Fork Sny Magill Creek  (SNWF),09/20/1994 11:45:00,SNY319,NIT-NO3-NO2,Inorganic nitrogen (nitrate and nitrite) (as N),Total,,3.2,mg/l,True,0.1,,,Unknown,SNY001,Actual,SW,Water,,,Clayton,07060003,River/Stream,,42.97628121,-91.23730654
6,15220008,West Fork Sny Magill Creek  (SNWF),09/13/1994 12:10:00,SNY319,NIT-NO3-NO2,Inorganic nitrogen (nitrate and nitrite) (as N),Total,,3.2,mg/l,True,0.1,,,Unknown,SNY001,Actual,SW,Water,,,Clayton,07060003,River/Stream,,42.97628121,-91.23730654
6,15220006,Sny Magill Creek Site #3 (SN03),08/30/1994 11:10:00,SNY319,NIT-NO3-NO2,Inorganic nitrogen (nitrate and nitrite) (as N),Total,,4.6,mg/l,True,0.1,,,Unknown,SNY001,Actual,SW,Water,,,Clayton,07060003,River/Stream,,42.98149721,-91.24097377
6,15220007,Sny Magill North Tributary (SNT),08/30/1994 13:00:00,SNY319,NIT-NO3-NO2,Inorganic nitrogen (nitrate and nitrite) (as N),Total,,2.4,mg/l,True,0.1,,,Unknown,SNY001,Actual,SW,Water,,,Clayton,07060003,River/Stream,,42.96850981,-91.22439501
6,15220006,Sny Magill Creek Site #3 (SN03),08/23/1994 14:10:00,SNY319,NIT-NO3-NO2,Inorganic nitrogen (nitrate and nitrite) (as N),Total,,4.4,mg/l,True,0.1,,,Unknown,SNY001,Actual,SW,Water,,,Clayton,07060003,River/Stream,,42.98149721,-91.24097377
6,15220006,Sny Magill Creek Site #3 (SN03),08/16/1994 14:15:00,SNY319,NIT-NO3-NO2,Inorganic nitrogen (nitrate and nitrite) (as N),Total,,5.4,mg/l,True,0.1,,,Unknown,SNY001,Actual,SW,Water,,,Clayton,07060003,River/Stream,,42.98149721,-91.24097377
6,15220004,Sny Magill Creek Site #1 (SN01),10/11/1994 14:20:00,SNY319,NIT-NO3-NO2,Inorganic nitrogen (nitrate and nitrite) (as N),Total,,2.2,mg/l,True,0.1,,,Unknown,SNY001,Actual,SW,Water,,,Clayton,07060003,River/Stream,,42.94880662,-91.18632674
6,15220004,Sny Magill Creek Site #1 (SN01),10/18/1994 13:00:00,SNY319,NIT-NO3-NO2,Inorganic nitrogen (nitrate and nitrite) (as N),Total,,2,mg/l,True,0.1,,,Unknown,SNY001,Actual,SW,Water,,,Clayton,07060003,River/Stream,,42.94880662,-91.18632674
6,15220004,Sny Magill Creek Site #1 (SN01),11/29/1994 10:30:00,SNY319,NIT-NO3-NO2,Inorganic nitrogen (nitrate and nitrite) (as N),Total,,2.8,mg/l,True,0.1,,,Unknown,SNY001,Actual,SW,Water,,,Clayton,07060003,River/Stream,,42.94880662,-91.18632674
6,15220004,Sny Magill Creek Site #1 (SN01),11/08/1994 16:00:00,SNY319,NIT-NO3-NO2,Inorganic nitrogen (nitrate and nitrite) (as N),Total,,2.5,mg/l,True,0.1,,,Unknown,SNY001,Actual,SW,Water,,,Clayton,07060003,River/Stream,,42.94880662,-91.18632674
6,15220004,Sny Magill Creek Site #1 (SN01),11/01/1994 13:10:00,SNY319,NIT-NO3-NO2,Inorganic nitrogen (nitrate and nitrite) (as N),Total,,2.2,mg/l,True,0.1,,,Unknown,SNY001,Actual,SW,Water,,,Clayton,07060003,River/Stream,,42.94880662,-91.18632674
6,15220004,Sny Magill Creek Site #1 (SN01),12/27/1994 10:05:00,SNY319,NIT-NO3-NO2,Inorganic nitrogen (nitrate and nitrite) (as N),Total,,2.7,mg/l,True,0.1,,,Unknown,SNY001,Actual,SW,Water,,,Clayton,07060003,River/Stream,,42.94880662,-91.18632674
6,15220004,Sny Magill Creek Site #1 (SN01),12/20/1994 11:40:00,SNY319,NIT-NO3-NO2,Inorganic nitrogen (nitrate and nitrite) (as N),Total,,2.5,mg/l,True,0.1,,,Unknown,SNY001,Actual,SW,Water,,,Clayton,07060003,River/Stream,,42.94880662,-91.18632674
6,15220004,Sny Magill Creek Site #1 (SN01),01/03/1995 10:30:00,SNY319,NIT-NO3-NO2,Inorganic nitrogen (nitrate and nitrite) (as N),Total,,2.9,mg/l,True,0.1,,,Unknown,SNY001,Actual,SW,Water,,,Clayton,07060003,River/Stream,,42.94880662,-91.18632674
6,15220004,Sny Magill Creek Site #1 (SN01),01/24/1995 13:35:00,SNY319,NIT-NO3-NO2,Inorganic nitrogen (nitrate and nitrite) (as N),Total,,2.7,mg/l,True,0.1,,,Unknown,SNY001,Actual,SW,Water,,,Clayton,07060003,River/Stream,,42.94880662,-91.18632674
6,15220004,Sny Magill Creek Site #1 (SN01),02/21/1995 13:00:00,SNY319,NIT-NO3-NO2,Inorganic nitrogen (nitrate and nitrite) (as N),Total,,2.1,mg/l,True,0.1,,,Unknown,SNY001,Actual,SW,Water,,,Clayton,07060003,River/Stream,,42.94880662,-91.18632674
6,15220004,Sny Magill Creek Site #1 (SN01),03/07/1995 13:00:00,SNY319,NIT-NO3-NO2,Inorganic nitrogen (nitrate and nitrite) (as N),Total,,2.3,mg/l,True,0.1,,,Unknown,SNY001,Actual,SW,Water,,,Clayton,07060003,River/Stream,,42.94880662,-91.18632674
6,15220004,Sny Magill Creek Site #1 (SN01),02/14/1995 12:50:00,SNY319,NIT-NO3-NO2,Inorganic nitrogen (nitrate and nitrite) (as N),Total,,2.6,mg/l,True,0.1,,,Unknown,SNY001,Actual,SW,Water,,,Clayton,07060003,River/Stream,,42.94880662,-91.18632674
6,15220004,Sny Magill Creek Site #1 (SN01),04/04/1995 13:40:00,SNY319,NIT-NO3-NO2,Inorganic nitrogen (nitrate and nitrite) (as N),Total,,2.2,mg/l,True,0.1,,,Unknown,SNY001,Actual,SW,Water,,,Clayton,07060003,River/Stream,,42.94880662,-91.18632674
6,15220004,Sny Magill Creek Site #1 (SN01),03/14/1995 14:45:00,SNY319,NIT-NO3-NO2,Inorganic nitrogen (nitrate and nitrite) (as N),Total,,2.7,mg/l,True,0.1,,,Unknown,SNY001,Actual,SW,Water,,,Clayton,07060003,River/Stream,,42.94880662,-91.18632674
6,15220004,Sny Magill Creek Site #1 (SN01),04/25/1995 09:50:00,SNY319,NIT-NO3-NO2,Inorganic nitrogen (nitrate and nitrite) (as N),Total,,2.8,mg/l,True,0.1,,,Unknown,SNY001,Actual,SW,Water,,,Clayton,07060003,River/Stream,,42.94880662,-91.18632674
6,15220004,Sny Magill Creek Site #1 (SN01),05/16/1995 12:50:00,SNY319,NIT-NO3-NO2,Inorganic nitrogen (nitrate and nitrite) (as N),Total,,2.8,mg/l,True,0.1,,,Unknown,SNY001,Actual,SW,Water,,,Clayton,07060003,River/Stream,,42.94880662,-91.18632674
6,15220004,Sny Magill Creek Site #1 (SN01),05/02/1995 13:10:00,SNY319,NIT-NO3-NO2,Inorganic nitrogen (nitrate and nitrite) (as N),Total,,2.5,mg/l,True,0.1,,,Unknown,SNY001,Actual,SW,Water,,,Clayton,07060003,River/Stream,,42.94880662,-91.18632674
6,15220004,Sny Magill Creek Site #1 (SN01),05/23/1995 14:00:00,SNY319,NIT-NO3-NO2,Inorganic nitrogen (nitrate and nitrite) (as N),Total,,2.3,mg/l,True,0.1,,,Unknown,SNY001,Actual,SW,Water,,,Clayton,07060003,River/Stream,,42.94880662,-91.18632674
6,15220004,Sny Magill Creek Site #1 (SN01),06/13/1995 14:15:00,SNY319,NIT-NO3-NO2,Inorganic nitrogen (nitrate and nitrite) (as N),Total,,2.2,mg/l,True,0.1,,,Unknown,SNY001,Actual,SW,Water,,,Clayton,07060003,River/Stream,,42.94880662,-91.18632674
6,15220004,Sny Magill Creek Site #1 (SN01),06/06/1995 10:50:00,SNY319,NIT-NO3-NO2,Inorganic nitrogen (nitrate and nitrite) (as N),Total,,2.6,mg/l,True,0.1,,,Unknown,SNY001,Actual,SW,Water,,,Clayton,07060003,River/Stream,,42.94880662,-91.18632674
6,15220004,Sny Magill Creek Site #1 (SN01),07/04/1995 15:00:00,SNY319,NIT-NO3-NO2,Inorganic nitrogen (nitrate and nitrite) (as N),Total,,2.2,mg/l,True,0.1,,,Unknown,SNY001,Actual,SW,Water,,,Clayton,07060003,River/Stream,,42.94880662,-91.18632674
6,15220004,Sny Magill Creek Site #1 (SN01),06/27/1995 14:45:00,SNY319,NIT-NO3-NO2,Inorganic nitrogen (nitrate and nitrite) (as N),Total,,2.2,mg/l,True,0.1,,,Unknown,SNY001,Actual,SW,Water,,,Clayton,07060003,River/Stream,,42.94880662,-91.18632674
6,15220004,Sny Magill Creek Site #1 (SN01),07/25/1995 17:20:00,SNY319,NIT-NO3-NO2,Inorganic nitrogen (nitrate and nitrite) (as N),Total,,1.8,mg/l,True,0.1,,,Unknown,SNY001,Actual,SW,Water,,,Clayton,07060003,River/Stream,,42.94880662,-91.18632674
6,12220014,Doe Creek-Littleport,07/23/2012 09:00:00,AMBBIO,NIT-NO3-NO2,Inorganic nitrogen (nitrate and nitrite) (AS N),Total,,1.6,mg/l,True,0.1,,,LAC10-107-04-1J,UHL001,Actual,SW,Water,,,Clayton,07060004,River/Stream,,42.72758663,-91.36722113
6,12220015,Wolf Creek-Volga,09/10/2012 09:00:00,AMBBIO,NIT-NO3-NO2,Inorganic nitrogen (nitrate and nitrite) (AS N),Total,,0.1,mg/l,False,0.1,,,LAC10-107-04-1J,UHL001,Actual,SW,Water,,,Clayton,07060004,River/Stream,,42.816033,-91.525647
6,14000097,Unnamed Tributary to Turkey River - Elgin (Site 6),09/24/2014 08:15:00,AMBBIO,NIT-NO3-NO2,Inorganic nitrogen (nitrate and nitrite) (AS N),Total,,1.1,mg/l,True,0.1,,,LAC10-107-04-1J,UHL001,Actual,SW,Water,,,Clayton,07060004,River/Stream,,42.987802,-91.564454
6,12220013,Honey Creek-Littleport-HW60,07/23/2012 14:40:00,AMBBIO,NIT-NO3-NO2,Inorganic nitrogen (nitrate and nitrite) (AS N),Total,,1.9,mg/l,True,0.1,,,LAC10-107-04-1J,UHL001,Actual,SW,Water,,,Clayton,07060004,River/Stream,,42.72517921,-91.44927689
6,11220014,Silver Creek at 172nd St. (Site SC04/SiCr1),08/14/2014 11:10:00,AMBBIO,NIT-NO3-NO2,Inorganic nitrogen (nitrate and nitrite) (AS N),Total,,8.2,mg/l,True,0.1,,,LAC10-107-04-1J,UHL001,Actual,SW,Water,,,Clayton,07060004,River/Stream,,42.973151,-91.441907
6,14000133,Silver Creek near Luana,08/14/2014 08:35:00,AMBBIO,NIT-NO3-NO2,Inorganic nitrogen (nitrate and nitrite) (AS N),Total,,11,mg/l,True,0.1,,,LAC10-107-04-1J,UHL001,Actual,SW,Water,,,Clayton,07060004,River/Stream,,43.00276,-91.45235
6,14000104,Unnamed Tributary to Volga River - Volga (UTVR1),07/22/2014 07:45:00,AMBBIO,NIT-NO3-NO2,Inorganic nitrogen (nitrate and nitrite) (AS N),Total,,5.4,mg/l,True,0.1,,,LAC10-107-04-1J,UHL001,Actual,SW,Water,,,Clayton,07060004,River/Stream,,42.814928,-91.580019
6,12220002,North Cedar Creek-Public Access Area- Sny Magill,08/05/2014 08:25:00,AMBBIO,NIT-NO3-NO2,Inorganic nitrogen (nitrate and nitrite) (AS N),Total,,2.3,mg/l,True,0.1,,,LAC10-107-04-1J,UHL001,Actual,SW,Water,,,Clayton,07060003,River/Stream,,42.96248573,-91.22933069
6,12220011,Buck Creek-Garnavillo (S.E. near Ceres),08/05/2013 12:30:00,AMBBIO,NIT-NO3-NO2,Inorganic nitrogen (nitrate and nitrite) (AS N),Total,,5.8,mg/l,True,0.1,,,LAC10-107-04-1J,UHL001,Actual,SW,Water,,,Clayton,07060003,River/Stream,,42.8418987,-91.1678821
6,12220016,Bluebell Creek-Millville,05/27/2014 09:25:00,AMBBIO,NIT-NO3-NO2,Inorganic nitrogen (nitrate and nitrite) (AS N),Total,,3.6,mg/l,True,0.1,,,LAC10-107-04-1J,UHL001,Actual,SW,Water,,,Clayton,07060004,River/Stream,,42.68761645,-91.03553088
6,12220012,Cox Creek (aka Alderson Hollow)-Strawberry Point,09/17/2013 12:00:00,AMBBIO,NIT-NO3-NO2,Inorganic nitrogen (nitrate and nitrite) (AS N),Total,,1.7,mg/l,True,0.1,,,LAC10-107-04-1J,UHL001,Actual,SW,Water,,,Clayton,07060004,River/Stream,,42.7045269,-91.5006885
6,12220015,Wolf Creek-Volga,09/17/2013 07:45:00,AMBBIO,NIT-NO3-NO2,Inorganic nitrogen (nitrate and nitrite) (AS N),Total,,0.76,mg/l,True,0.1,,,LAC10-107-04-1J,UHL001,Actual,SW,Water,,,Clayton,07060004,River/Stream,,42.816033,-91.525647
6,12220014,Doe Creek-Littleport,07/30/2013 08:45:00,AMBBIO,NIT-NO3-NO2,Inorganic nitrogen (nitrate and nitrite) (AS N),Total,,2.4,mg/l,True,0.1,,,LAC10-107-04-1J,UHL001,Actual,SW,Water,,,Clayton,07060004,River/Stream,,42.72758663,-91.36722113
6,12220013,Honey Creek-Littleport-HW60,07/30/2013 13:15:00,AMBBIO,NIT-NO3-NO2,Inorganic nitrogen (nitrate and nitrite) (AS N),Total,,2.9,mg/l,True,0.1,,,LAC10-107-04-1J,UHL001,Actual,SW,Water,,,Clayton,07060004,River/Stream,,42.72517921,-91.44927689
6,12220010,South Cedar Creek-Garnavillo-SoCed1,09/18/2007 00:00:00,LEGACYAMBBIO,NIT-NO3-NO2,Inorganic nitrogen (nitrate and nitrite) (AS N),Total,,9.2,mg/l,True,0.05,,,353.2,UHL001,Actual,SW,Water,,,Clayton,07060004,River/Stream,,42.8298658,-91.2442284
6,14000103,Unnamed Tributary to Volga River - Volga (UTVR2),09/21/2015 12:00:00,AMBBIO,NIT-NO3-NO2,Inorganic nitrogen (nitrate and nitrite) (AS N),Total,,3.4,mg/l,True,0.1,,,LAC10-107-04-1J,UHL001,Actual,SW,Water,,,Clayton,07060004,River/Stream,,42.836556,-91.562467
6,12220016,Bluebell Creek-Millville,06/10/2013 12:30:00,AMBBIO,NIT-NO3-NO2,Inorganic nitrogen (nitrate and nitrite) (AS N),Total,,5.4,mg/l,True,0.1,,,LAC10-107-04-1J,UHL001,Actual,SW,Water,,,Clayton,07060004,River/Stream,,42.68761645,-91.03553088
6,12220008,Brownfield Creek-Colesburg-BroCr1,09/18/2007 00:00:00,LEGACYAMBBIO,NIT-NO3-NO2,Inorganic nitrogen (nitrate and nitrite) (AS N),Total,,12,mg/l,True,0.05,,,353.2,UHL001,Actual,SW,Water,,,Clayton,07060004,River/Stream,,42.656774,-91.24807
6,12220009,Buck Creek-Garnavillo-BuCr1,09/18/2007 00:00:00,LEGACYAMBBIO,NIT-NO3-NO2,Inorganic nitrogen (nitrate and nitrite) (AS N),Total,,14,mg/l,True,0.05,,,353.2,UHL001,Actual,SW,Water,,,Clayton,07060003,River/Stream,,42.88706,-91.203849
6,12220001,Miners Creek-Guttenburg,10/17/2001 00:00:00,LEGACYAMBBIO,NIT-NO3-NO2,Inorganic nitrogen (nitrate and nitrite) (AS N),Total,,6.1,mg/l,True,0.1,,,353.2,UHL001,Actual,SW,Water,,,Clayton,07060004,River/Stream,,42.788189,-91.125629
6,12220005,Roberts Creek Postville,08/01/2000 00:00:00,LEGACYAMBBIO,NIT-NO3-NO2,Inorganic nitrogen (nitrate and nitrite) (AS N),Total,,8.6,mg/l,True,0.1,,,353.2,UHL001,Actual,SW,Water,,,Clayton,07060004,River/Stream,,43.02102,-91.51978
6,12220007,Maquoketa River-Strawberry Point-Maq2,09/12/2007 00:00:00,LEGACYAMBBIO,NIT-NO3-NO2,Inorganic nitrogen (nitrate and nitrite) (AS N),Total,,8.9,mg/l,True,0.05,,,353.2,UHL001,Actual,SW,Water,,,Clayton,07060006,River/Stream,,42.669964,-91.594525
6,12220002,North Cedar Creek-Public Access Area- Sny Magill,08/22/1994 00:00:00,LEGACYAMBBIO,NIT-NO3-NO2,Inorganic nitrogen (nitrate and nitrite) (AS N),Total,,1.6,mg/l,True,0.1,,,353.2,UHL001,Actual,SW,Water,,,Clayton,07060003,River/Stream,,42.96248573,-91.22933069
6,12220002,North Cedar Creek-Public Access Area- Sny Magill,07/25/2000 00:00:00,LEGACYAMBBIO,NIT-NO3-NO2,Inorganic nitrogen (nitrate and nitrite) (AS N),Total,,3.5,mg/l,True,0.1,,,353.2,UHL001,Actual,SW,Water,,,Clayton,07060003,River/Stream,,42.96248573,-91.22933069
6,12220004,Roberts Creek Farmersburg,08/01/2000 00:00:00,LEGACYAMBBIO,NIT-NO3-NO2,Inorganic nitrogen (nitrate and nitrite) (AS N),Total,,7.9,mg/l,True,0.1,,,353.2,UHL001,Actual,SW,Water,,,Clayton,07060004,River/Stream,,42.9514,-91.41017
6,12220003,Roberts Creek St Olaf,07/31/2000 00:00:00,LEGACYAMBBIO,NIT-NO3-NO2,Inorganic nitrogen (nitrate and nitrite) (AS N),Total,,11,mg/l,True,0.1,,,353.2,UHL001,Actual,SW,Water,,,Clayton,07060004,River/Stream,,42.9168,-91.38848
6,12220006,Silver Creek Gunder,08/02/2000 00:00:00,LEGACYAMBBIO,NIT-NO3-NO2,Inorganic nitrogen (nitrate and nitrite) (AS N),Total,,12,mg/l,True,0.1,,,353.2,UHL001,Actual,SW,Water,,,Clayton,07060004,River/Stream,,42.9871,-91.45264
6,12220016,Bluebell Creek-Millville,05/28/2015 08:20:00,AMBBIO,NIT-NO3-NO2,Inorganic nitrogen (nitrate and nitrite) (AS N),Total,,6.7,mg/l,True,0.1,,,LAC10-107-04-1J,UHL001,Actual,SW,Water,,,Clayton,07060004,River/Stream,,42.68761645,-91.03553088
6,14000049,Mossy Glen Creek - Edgewood-Mossy Glen Preserve,07/20/2015 09:10:00,AMBBIO,NIT-NO3-NO2,Inorganic nitrogen (nitrate and nitrite) (AS N),Total,,9.7,mg/l,True,0.1,,,LAC10-107-04-1J,UHL001,Actual,SW,Water,,,Clayton,07060004,River/Stream,,42.7085,-91.426101
6,11220014,Silver Creek at 172nd St. (Site SC04/SiCr1),09/03/2014 09:20:00,TURKEYR,NIT-NO3-NO2,Inorganic nitrogen (nitrate and nitrite) (AS N),Total,,5.2,mg/l,True,0.1,,,LAC10-107-04-1J,UHL001,Actual,SW,Water,,,Clayton,07060004,River/Stream,,42.973151,-91.441907
6,14000122,Silver Creek at Dove Ave (SIL50),09/03/2014 09:00:00,TURKEYR,NIT-NO3-NO2,Inorganic nitrogen (nitrate and nitrite) (AS N),Total,,9.7,mg/l,True,0.1,,,LAC10-107-04-1J,UHL001,Actual,SW,Water,,,Clayton,07060004,River/Stream,,43.017,-91.469
6,12220002,North Cedar Creek-Public Access Area- Sny Magill,09/20/2011 11:40:00,AMBBIO,NIT-NO3-NO2,Inorganic nitrogen (nitrate and nitrite) (as N),Total,,2.5,mg/l,True,0.1,,,353.2,UHL001,Actual,SW,Water,,,Clayton,07060003,River/Stream,,42.96248573,-91.22933069
6,11220012,Peck Creek near Osterdock (Site 326),09/05/2012 09:35:00,TURKEYR,NIT-NO3-NO2,Inorganic nitrogen (nitrate and nitrite) (as N),Total,,0.68,mg/l,True,0.1,,,LAC10-107-04-1J,IGS-GRAB,Actual,SW,Water,,,Clayton,07060004,River/Stream,,42.723821,-91.144286
6,12220002,North Cedar Creek-Public Access Area- Sny Magill,08/11/2011 08:10:00,AMBBIO,NIT-NO3-NO2,Inorganic nitrogen (nitrate and nitrite) (as N),Total,,3,mg/l,True,0.1,,,353.2,UHL001,Actual,SW,Water,,,Clayton,07060003,River/Stream,,42.96248573,-91.22933069
6,11220012,Peck Creek near Osterdock (Site 326),08/01/2012 08:00:00,TURKEYR,NIT-NO3-NO2,Inorganic nitrogen (nitrate and nitrite) (as N),Total,,0.19,mg/l,True,0.1,,,LAC10-107-04-1J,IGS-GRAB,Actual,SW,Water,,,Clayton,07060004,River/Stream,,42.723821,-91.144286
6,11220009,Bear Creek W of Elkport (37),06/06/2012 07:40:00,TURKEYR,NIT-NO3-NO2,Inorganic nitrogen (nitrate and nitrite) (as N),Total,,1,mg/l,True,0.1,,,LAC10-107-04-1J,IGS-GRAB,Actual,SW,Water,,,Clayton,07060004,River/Stream,,42.7369562,-91.3245041
6,11220012,Peck Creek near Osterdock (Site 326),05/02/2012 11:00:00,TURKEYR,NIT-NO3-NO2,Inorganic nitrogen (nitrate and nitrite) (as N),Total,,1.3,mg/l,True,0.1,,,LAC10-107-04-1J,IGS-GRAB,Actual,SW,Water,,,Clayton,07060004,River/Stream,,42.723821,-91.144286
6,11220012,Peck Creek near Osterdock (Site 326),04/04/2012 10:30:00,TURKEYR,NIT-NO3-NO2,Inorganic nitrogen (nitrate and nitrite) (as N),Total,,1.4,mg/l,True,0.1,,,LAC10-107-04-1J,IGS-GRAB,Actual,SW,Water,,,Clayton,07060004,River/Stream,,42.723821,-91.144286
6,11220014,Silver Creek at 172nd St. (Site SC04/SiCr1),09/05/2012 14:35:00,TURKEYR,NIT-NO3-NO2,Inorganic nitrogen (nitrate and nitrite) (as N),Total,,0.39,mg/l,True,0.1,,,LAC10-107-04-1J,IGS-GRAB,Actual,SW,Water,,,Clayton,07060004,River/Stream,,42.973151,-91.441907
6,11220014,Silver Creek at 172nd St. (Site SC04/SiCr1),05/02/2012 12:50:00,TURKEYR,NIT-NO3-NO2,Inorganic nitrogen (nitrate and nitrite) (as N),Total,,7.8,mg/l,True,0.1,,,LAC10-107-04-1J,IGS-GRAB,Actual,SW,Water,,,Clayton,07060004,River/Stream,,42.973151,-91.441907
6,11220014,Silver Creek at 172nd St. (Site SC04/SiCr1),04/04/2012 15:12:00,TURKEYR,NIT-NO3-NO2,Inorganic nitrogen (nitrate and nitrite) (as N),Total,,6.7,mg/l,True,0.1,,,LAC10-107-04-1J,IGS-GRAB,Actual,SW,Water,,,Clayton,07060004,River/Stream,,42.973151,-91.441907
6,11220014,Silver Creek at 172nd St. (Site SC04/SiCr1),07/02/2012 07:59:00,TURKEYR,NIT-NO3-NO2,Inorganic nitrogen (nitrate and nitrite) (as N),Total,,5.7,mg/l,True,0.1,,,LAC10-107-04-1J,IGS-GRAB,Actual,SW,Water,,,Clayton,07060004,River/Stream,,42.973151,-91.441907
6,11220009,Bear Creek W of Elkport (37),04/10/2013 10:30:00,TURKEYR,NIT-NO3-NO2,Inorganic nitrogen (nitrate and nitrite) (AS N),Total,,2.8,mg/l,True,0.1,,,LAC10-107-04-1J,UHL001,Actual,SW,Water,,,Clayton,07060004,River/Stream,,42.7369562,-91.3245041
6,11220014,Silver Creek at 172nd St. (Site SC04/SiCr1),04/10/2013 08:15:00,TURKEYR,NIT-NO3-NO2,Inorganic nitrogen (nitrate and nitrite) (AS N),Total,,6.3,mg/l,True,0.1,,,LAC10-107-04-1J,UHL001,Actual,SW,Water,,,Clayton,07060004,River/Stream,,42.973151,-91.441907
6,11220014,Silver Creek at 172nd St. (Site SC04/SiCr1),10/16/2013 09:00:00,TURKEYR,NIT-NO3-NO2,Inorganic nitrogen (nitrate and nitrite) (AS N),Total,,0.1,mg/l,False,0.1,,,LAC10-107-04-1J,UHL001,Actual,SW,Water,,,Clayton,07060004,River/Stream,,42.973151,-91.441907
6,14000122,Silver Creek at Dove Ave (SIL50),10/16/2013 09:20:00,TURKEYR,NIT-NO3-NO2,Inorganic nitrogen (nitrate and nitrite) (AS N),Total,,9.3,mg/l,True,0.1,,,LAC10-107-04-1J,UHL001,Actual,SW,Water,,,Clayton,07060004,River/Stream,,43.017,-91.469
6,11220009,Bear Creek W of Elkport (37),09/04/2013 12:00:00,TURKEYR,NIT-NO3-NO2,Inorganic nitrogen (nitrate and nitrite) (AS N),Total,,0.44,mg/l,True,0.1,,,LAC10-107-04-1J,UHL001,Actual,SW,Water,,,Clayton,07060004,River/Stream,,42.7369562,-91.3245041
6,11220014,Silver Creek at 172nd St. (Site SC04/SiCr1),09/04/2013 09:15:00,TURKEYR,NIT-NO3-NO2,Inorganic nitrogen (nitrate and nitrite) (AS N),Total,,5.5,mg/l,True,0.1,,,LAC10-107-04-1J,UHL001,Actual,SW,Water,,,Clayton,07060004,River/Stream,,42.973151,-91.441907
6,11220014,Silver Creek at 172nd St. (Site SC04/SiCr1),07/10/2013 11:10:00,TURKEYR,NIT-NO3-NO2,Inorganic nitrogen (nitrate and nitrite) (AS N),Total,,15,mg/l,True,0.1,,,LAC10-107-04-1J,UHL001,Actual,SW,Water,,,Clayton,07060004,River/Stream,,42.973151,-91.441907
6,12220002,North Cedar Creek-Public Access Area- Sny Magill,07/11/2011 13:50:00,AMBBIO,NIT-NO3-NO2,Inorganic nitrogen (nitrate and nitrite) (as N),Total,,3.2,mg/l,True,0.1,,,353.2,UHL001,Actual,SW,Water,,,Clayton,07060003,River/Stream,,42.96248573,-91.22933069
6,11220012,Peck Creek near Osterdock (Site 326),08/07/2013 08:30:00,TURKEYR,NIT-NO3-NO2,Inorganic nitrogen (nitrate and nitrite) (AS N),Total,,0.65,mg/l,True,0.1,,,LAC10-107-04-1J,UHL001,Actual,SW,Water,,,Clayton,07060004,River/Stream,,42.723821,-91.144286
6,11220009,Bear Creek W of Elkport (37),11/07/2012 12:28:00,TURKEYR,NIT-NO3-NO2,Inorganic nitrogen (nitrate and nitrite) (as N),Total,,1.2,mg/l,True,0.1,,,LAC10-107-04-1J,IGS-GRAB,Actual,SW,Water,,,Clayton,07060004,River/Stream,,42.7369562,-91.3245041
6,11220012,Peck Creek near Osterdock (Site 326),10/03/2012 10:30:00,TURKEYR,NIT-NO3-NO2,Inorganic nitrogen (nitrate and nitrite) (as N),Total,,0.19,mg/l,True,0.1,,,LAC10-107-04-1J,IGS-GRAB,Actual,SW,Water,,,Clayton,07060004,River/Stream,,42.723821,-91.144286
6,11220014,Silver Creek at 172nd St. (Site SC04/SiCr1),08/01/2012 13:00:00,TURKEYR,NIT-NO3-NO2,Inorganic nitrogen (nitrate and nitrite) (as N),Total,,0.1,mg/l,False,0.1,,,LAC10-107-04-1J,IGS-GRAB,Actual,SW,Water,,,Clayton,07060004,River/Stream,,42.973151,-91.441907
6,11220009,Bear Creek W of Elkport (37),04/02/2014 11:30:00,TURKEYR,NIT-NO3-NO2,Inorganic nitrogen (nitrate and nitrite) (AS N),Total,,3.3,mg/l,True,0.1,,,LAC10-107-04-1J,UHL001,Actual,SW,Water,,,Clayton,07060004,River/Stream,,42.7369562,-91.3245041
6,14000122,Silver Creek at Dove Ave (SIL50),04/10/2013 08:35:00,TURKEYR,NIT-NO3-NO2,Inorganic nitrogen (nitrate and nitrite) (AS N),Total,,9.8,mg/l,True,0.1,,,LAC10-107-04-1J,UHL001,Actual,SW,Water,,,Clayton,07060004,River/Stream,,43.017,-91.469
6,11220014,Silver Creek at 172nd St. (Site SC04/SiCr1),05/01/2013 08:00:00,TURKEYR,NIT-NO3-NO2,Inorganic nitrogen (nitrate and nitrite) (AS N),Total,,9.5,mg/l,True,0.1,,,LAC10-107-04-1J,UHL001,Actual,SW,Water,,,Clayton,07060004,River/Stream,,42.973151,-91.441907
6,11220012,Peck Creek near Osterdock (Site 326),04/02/2014 11:50:00,TURKEYR,NIT-NO3-NO2,Inorganic nitrogen (nitrate and nitrite) (AS N),Total,,2.3,mg/l,True,0.1,,,LAC10-107-04-1J,UHL001,Actual,SW,Water,,,Clayton,07060004,River/Stream,,42.723821,-91.144286
6,11220014,Silver Creek at 172nd St. (Site SC04/SiCr1),04/02/2014 10:50:00,TURKEYR,NIT-NO3-NO2,Inorganic nitrogen (nitrate and nitrite) (AS N),Total,,5.7,mg/l,True,0.1,,,LAC10-107-04-1J,UHL001,Actual,SW,Water,,,Clayton,07060004,River/Stream,,42.973151,-91.441907
6,14000122,Silver Creek at Dove Ave (SIL50),04/02/2014 10:30:00,TURKEYR,NIT-NO3-NO2,Inorganic nitrogen (nitrate and nitrite) (AS N),Total,,6.1,mg/l,True,0.1,,,LAC10-107-04-1J,UHL001,Actual,SW,Water,,,Clayton,07060004,River/Stream,,43.017,-91.469
6,11220009,Bear Creek W of Elkport (37),08/06/2014 10:35:00,TURKEYR,NIT-NO3-NO2,Inorganic nitrogen (nitrate and nitrite) (AS N),Total,,1.4,mg/l,True,0.1,,,LAC10-107-04-1J,UHL001,Actual,SW,Water,,,Clayton,07060004,River/Stream,,42.7369562,-91.3245041
6,11220012,Peck Creek near Osterdock (Site 326),08/06/2014 10:38:00,TURKEYR,NIT-NO3-NO2,Inorganic nitrogen (nitrate and nitrite) (AS N),Total,,0.51,mg/l,True,0.1,,,LAC10-107-04-1J,UHL001,Actual,SW,Water,,,Clayton,07060004,River/Stream,,42.723821,-91.144286
6,11220014,Silver Creek at 172nd St. (Site SC04/SiCr1),08/06/2014 09:50:00,TURKEYR,NIT-NO3-NO2,Inorganic nitrogen (nitrate and nitrite) (AS N),Total,,11,mg/l,True,0.1,,,LAC10-107-04-1J,UHL001,Actual,SW,Water,,,Clayton,07060004,River/Stream,,42.973151,-91.441907
6,14000122,Silver Creek at Dove Ave (SIL50),08/06/2014 09:30:00,TURKEYR,NIT-NO3-NO2,Inorganic nitrogen (nitrate and nitrite) (AS N),Total,,12,mg/l,True,0.1,,,LAC10-107-04-1J,UHL001,Actual,SW,Water,,,Clayton,07060004,River/Stream,,43.017,-91.469
6,11220009,Bear Creek W of Elkport (37),07/09/2014 10:05:00,TURKEYR,NIT-NO3-NO2,Inorganic nitrogen (nitrate and nitrite) (AS N),Total,,2.8,mg/l,True,0.1,,,LAC10-107-04-1J,UHL001,Actual,SW,Water,,,Clayton,07060004,River/Stream,,42.7369562,-91.3245041
6,11220012,Peck Creek near Osterdock (Site 326),07/09/2014 11:18:00,TURKEYR,NIT-NO3-NO2,Inorganic nitrogen (nitrate and nitrite) (AS N),Total,,1.2,mg/l,True,0.1,,,LAC10-107-04-1J,UHL001,Actual,SW,Water,,,Clayton,07060004,River/Stream,,42.723821,-91.144286
6,11220014,Silver Creek at 172nd St. (Site SC04/SiCr1),07/09/2014 08:00:00,TURKEYR,NIT-NO3-NO2,Inorganic nitrogen (nitrate and nitrite) (AS N),Total,,15,mg/l,True,0.1,,,LAC10-107-04-1J,UHL001,Actual,SW,Water,,,Clayton,07060004,River/Stream,,42.973151,-91.441907
6,14000122,Silver Creek at Dove Ave (SIL50),07/09/2014 08:25:00,TURKEYR,NIT-NO3-NO2,Inorganic nitrogen (nitrate and nitrite) (AS N),Total,,17,mg/l,True,0.1,,,LAC10-107-04-1J,UHL001,Actual,SW,Water,,,Clayton,07060004,River/Stream,,43.017,-91.469
6,11220009,Bear Creek W of Elkport (37),06/04/2014 11:35:00,TURKEYR,NIT-NO3-NO2,Inorganic nitrogen (nitrate and nitrite) (AS N),Total,,0.88,mg/l,True,0.1,,,LAC10-107-04-1J,UHL001,Actual,SW,Water,,,Clayton,07060004,River/Stream,,42.7369562,-91.3245041
6,11220012,Peck Creek near Osterdock (Site 326),06/04/2014 12:05:00,TURKEYR,NIT-NO3-NO2,Inorganic nitrogen (nitrate and nitrite) (AS N),Total,,0.63,mg/l,True,0.1,,,LAC10-107-04-1J,UHL001,Actual,SW,Water,,,Clayton,07060004,River/Stream,,42.723821,-91.144286
6,11220014,Silver Creek at 172nd St. (Site SC04/SiCr1),06/04/2014 08:35:00,TURKEYR,NIT-NO3-NO2,Inorganic nitrogen (nitrate and nitrite) (AS N),Total,,9.7,mg/l,True,0.1,,,LAC10-107-04-1J,UHL001,Actual,SW,Water,,,Clayton,07060004,River/Stream,,42.973151,-91.441907
6,14000122,Silver Creek at Dove Ave (SIL50),06/04/2014 08:55:00,TURKEYR,NIT-NO3-NO2,Inorganic nitrogen (nitrate and nitrite) (AS N),Total,,12,mg/l,True,0.1,,,LAC10-107-04-1J,UHL001,Actual,SW,Water,,,Clayton,07060004,River/Stream,,43.017,-91.469
6,11220009,Bear Creek W of Elkport (37),05/07/2014 08:17:00,TURKEYR,NIT-NO3-NO2,Inorganic nitrogen (nitrate and nitrite) (AS N),Total,,1.7,mg/l,True,0.1,,,LAC10-107-04-1J,UHL001,Actual,SW,Water,,,Clayton,07060004,River/Stream,,42.7369562,-91.3245041
6,11220012,Peck Creek near Osterdock (Site 326),05/07/2014 11:00:00,TURKEYR,NIT-NO3-NO2,Inorganic nitrogen (nitrate and nitrite) (AS N),Total,,0.85,mg/l,True,0.1,,,LAC10-107-04-1J,UHL001,Actual,SW,Water,,,Clayton,07060004,River/Stream,,42.723821,-91.144286
6,11220014,Silver Creek at 172nd St. (Site SC04/SiCr1),05/07/2014 08:30:00,TURKEYR,NIT-NO3-NO2,Inorganic nitrogen (nitrate and nitrite) (AS N),Total,,12,mg/l,True,0.1,,,LAC10-107-04-1J,UHL001,Actual,SW,Water,,,Clayton,07060004,River/Stream,,42.973151,-91.441907
6,14000122,Silver Creek at Dove Ave (SIL50),05/07/2014 09:20:00,TURKEYR,NIT-NO3-NO2,Inorganic nitrogen (nitrate and nitrite) (AS N),Total,,13,mg/l,True,0.1,,,LAC10-107-04-1J,UHL001,Actual,SW,Water,,,Clayton,07060004,River/Stream,,43.017,-91.469
6,11220009,Bear Creek W of Elkport (37),11/05/2014 11:25:00,TURKEYR,NIT-NO3-NO2,Inorganic nitrogen (nitrate and nitrite) (AS N),Total,,1.9,mg/l,True,0.1,,,LAC10-107-04-1J,UHL001,Actual,SW,Water,,,Clayton,07060004,River/Stream,,42.7369562,-91.3245041
6,11220014,Silver Creek at 172nd St. (Site SC04/SiCr1),11/05/2014 09:40:00,TURKEYR,NIT-NO3-NO2,Inorganic nitrogen (nitrate and nitrite) (AS N),Total,,5.7,mg/l,True,0.1,,,LAC10-107-04-1J,UHL001,Actual,SW,Water,,,Clayton,07060004,River/Stream,,42.973151,-91.441907
6,14000122,Silver Creek at Dove Ave (SIL50),11/05/2014 09:20:00,TURKEYR,NIT-NO3-NO2,Inorganic nitrogen (nitrate and nitrite) (AS N),Total,,12,mg/l,True,0.1,,,LAC10-107-04-1J,UHL001,Actual,SW,Water,,,Clayton,07060004,River/Stream,,43.017,-91.469
6,11220009,Bear Creek W of Elkport (37),10/01/2014 10:04:00,TURKEYR,NIT-NO3-NO2,Inorganic nitrogen (nitrate and nitrite) (AS N),Total,,0.6,mg/l,True,0.1,,,LAC10-107-04-1J,UHL001,Actual,SW,Water,,,Clayton,07060004,River/Stream,,42.7369562,-91.3245041
6,11220012,Peck Creek near Osterdock (Site 326),10/01/2014 11:40:00,TURKEYR,NIT-NO3-NO2,Inorganic nitrogen (nitrate and nitrite) (AS N),Total,,0.33,mg/l,True,0.1,,,LAC10-107-04-1J,UHL001,Actual,SW,Water,,,Clayton,07060004,River/Stream,,42.723821,-91.144286
6,11220014,Silver Creek at 172nd St. (Site SC04/SiCr1),10/01/2014 10:20:00,TURKEYR,NIT-NO3-NO2,Inorganic nitrogen (nitrate and nitrite) (AS N),Total,,0.1,mg/l,False,0.1,,,LAC10-107-04-1J,UHL001,Actual,SW,Water,,,Clayton,07060004,River/Stream,,42.973151,-91.441907
6,14000122,Silver Creek at Dove Ave (SIL50),10/01/2014 09:50:00,TURKEYR,NIT-NO3-NO2,Inorganic nitrogen (nitrate and nitrite) (AS N),Total,,10,mg/l,True,0.1,,,LAC10-107-04-1J,UHL001,Actual,SW,Water,,,Clayton,07060004,River/Stream,,43.017,-91.469
6,11220009,Bear Creek W of Elkport (37),09/03/2014 11:38:00,TURKEYR,NIT-NO3-NO2,Inorganic nitrogen (nitrate and nitrite) (AS N),Total,,1.3,mg/l,True,0.1,,,LAC10-107-04-1J,UHL001,Actual,SW,Water,,,Clayton,07060004,River/Stream,,42.7369562,-91.3245041
6,11220012,Peck Creek near Osterdock (Site 326),09/03/2014 11:00:00,TURKEYR,NIT-NO3-NO2,Inorganic nitrogen (nitrate and nitrite) (AS N),Total,,0.47,mg/l,True,0.1,,,LAC10-107-04-1J,UHL001,Actual,SW,Water,,,Clayton,07060004,River/Stream,,42.723821,-91.144286
6,15220004,Sny Magill Creek Site #1 (SN01),07/28/1998 13:35:00,SNY319,NIT-NO3-NO2,Inorganic nitrogen (nitrate and nitrite) (as N),Total,,2.7,mg/l,True,0.1,,,Unknown,SNY001,Actual,SW,Water,,,Clayton,07060003,River/Stream,,42.94880662,-91.18632674
6,15220004,Sny Magill Creek Site #1 (SN01),07/21/1998 13:00:00,SNY319,NIT-NO3-NO2,Inorganic nitrogen (nitrate and nitrite) (as N),Total,,2.7,mg/l,True,0.1,,,Unknown,SNY001,Actual,SW,Water,,,Clayton,07060003,River/Stream,,42.94880662,-91.18632674
6,15220004,Sny Magill Creek Site #1 (SN01),06/30/1998 14:00:00,SNY319,NIT-NO3-NO2,Inorganic nitrogen (nitrate and nitrite) (as N),Total,,3.5,mg/l,True,0.1,,,Unknown,SNY001,Actual,SW,Water,,,Clayton,07060003,River/Stream,,42.94880662,-91.18632674
6,15220004,Sny Magill Creek Site #1 (SN01),06/23/1998 12:30:00,SNY319,NIT-NO3-NO2,Inorganic nitrogen (nitrate and nitrite) (as N),Total,,3.6,mg/l,True,0.1,,,Unknown,SNY001,Actual,SW,Water,,,Clayton,07060003,River/Stream,,42.94880662,-91.18632674
6,15220004,Sny Magill Creek Site #1 (SN01),06/02/1998 13:50:00,SNY319,NIT-NO3-NO2,Inorganic nitrogen (nitrate and nitrite) (as N),Total,,2.7,mg/l,True,0.1,,,Unknown,SNY001,Actual,SW,Water,,,Clayton,07060003,River/Stream,,42.94880662,-91.18632674
6,15220004,Sny Magill Creek Site #1 (SN01),05/26/1998 12:55:00,SNY319,NIT-NO3-NO2,Inorganic nitrogen (nitrate and nitrite) (as N),Total,,2.7,mg/l,True,0.1,,,Unknown,SNY001,Actual,SW,Water,,,Clayton,07060003,River/Stream,,42.94880662,-91.18632674
6,15220004,Sny Magill Creek Site #1 (SN01),04/28/1998 14:45:00,SNY319,NIT-NO3-NO2,Inorganic nitrogen (nitrate and nitrite) (as N),Total,,2.9,mg/l,True,0.1,,,Unknown,SNY001,Actual,SW,Water,,,Clayton,07060003,River/Stream,,42.94880662,-91.18632674
6,15220004,Sny Magill Creek Site #1 (SN01),04/07/1998 13:15:00,SNY319,NIT-NO3-NO2,Inorganic nitrogen (nitrate and nitrite) (as N),Total,,4.3,mg/l,True,0.1,,,Unknown,SNY001,Actual,SW,Water,,,Clayton,07060003,River/Stream,,42.94880662,-91.18632674
6,15220004,Sny Magill Creek Site #1 (SN01),03/31/1998 13:55:00,SNY319,NIT-NO3-NO2,Inorganic nitrogen (nitrate and nitrite) (as N),Total,,4.1,mg/l,True,0.1,,,Unknown,SNY001,Actual,SW,Water,,,Clayton,07060003,River/Stream,,42.94880662,-91.18632674
6,15220004,Sny Magill Creek Site #1 (SN01),03/03/1998 13:55:00,SNY319,NIT-NO3-NO2,Inorganic nitrogen (nitrate and nitrite) (as N),Total,,3.2,mg/l,True,0.1,,,Unknown,SNY001,Actual,SW,Water,,,Clayton,07060003,River/Stream,,42.94880662,-91.18632674
6,15220004,Sny Magill Creek Site #1 (SN01),02/24/1998 13:10:00,SNY319,NIT-NO3-NO2,Inorganic nitrogen (nitrate and nitrite) (as N),Total,,2.5,mg/l,True,0.1,,,Unknown,SNY001,Actual,SW,Water,,,Clayton,07060003,River/Stream,,42.94880662,-91.18632674
6,15220008,West Fork Sny Magill Creek  (SNWF),12/30/1997 14:45:00,SNY319,NIT-NO3-NO2,Inorganic nitrogen (nitrate and nitrite) (as N),Total,,3.6,mg/l,True,0.1,,,Unknown,SNY001,Actual,SW,Water,,,Clayton,07060003,River/Stream,,42.97628121,-91.23730654
6,15220004,Sny Magill Creek Site #1 (SN01),02/03/1998 12:05:00,SNY319,NIT-NO3-NO2,Inorganic nitrogen (nitrate and nitrite) (as N),Total,,2.5,mg/l,True,0.1,,,Unknown,SNY001,Actual,SW,Water,,,Clayton,07060003,River/Stream,,42.94880662,-91.18632674
6,15220004,Sny Magill Creek Site #1 (SN01),01/27/1998 13:25:00,SNY319,NIT-NO3-NO2,Inorganic nitrogen (nitrate and nitrite) (as N),Total,,2.5,mg/l,True,0.1,,,Unknown,SNY001,Actual,SW,Water,,,Clayton,07060003,River/Stream,,42.94880662,-91.18632674
6,15220004,Sny Magill Creek Site #1 (SN01),01/06/1998 12:30:00,SNY319,NIT-NO3-NO2,Inorganic nitrogen (nitrate and nitrite) (as N),Total,,2.8,mg/l,True,0.1,,,Unknown,SNY001,Actual,SW,Water,,,Clayton,07060003,River/Stream,,42.94880662,-91.18632674
6,15220008,West Fork Sny Magill Creek  (SNWF),12/23/1997 13:20:00,SNY319,NIT-NO3-NO2,Inorganic nitrogen (nitrate and nitrite) (as N),Total,,3.6,mg/l,True,0.1,,,Unknown,SNY001,Actual,SW,Water,,,Clayton,07060003,River/Stream,,42.97628121,-91.23730654
6,15220008,West Fork Sny Magill Creek  (SNWF),12/16/1997 13:15:00,SNY319,NIT-NO3-NO2,Inorganic nitrogen (nitrate and nitrite) (as N),Total,,3.6,mg/l,True,0.1,,,Unknown,SNY001,Actual,SW,Water,,,Clayton,07060003,River/Stream,,42.97628121,-91.23730654
6,15220008,West Fork Sny Magill Creek  (SNWF),11/11/1997 12:35:00,SNY319,NIT-NO3-NO2,Inorganic nitrogen (nitrate and nitrite) (as N),Total,,3.4,mg/l,True,0.1,,,Unknown,SNY001,Actual,SW,Water,,,Clayton,07060003,River/Stream,,42.97628121,-91.23730654
6,15220008,West Fork Sny Magill Creek  (SNWF),11/04/1997 11:00:00,SNY319,NIT-NO3-NO2,Inorganic nitrogen (nitrate and nitrite) (as N),Total,,3.4,mg/l,True,0.1,,,Unknown,SNY001,Actual,SW,Water,,,Clayton,07060003,River/Stream,,42.97628121,-91.23730654
6,15220008,West Fork Sny Magill Creek  (SNWF),10/28/1997 12:05:00,SNY319,NIT-NO3-NO2,Inorganic nitrogen (nitrate and nitrite) (as N),Total,,3.3,mg/l,True,0.1,,,Unknown,SNY001,Actual,SW,Water,,,Clayton,07060003,River/Stream,,42.97628121,-91.23730654
6,15220007,Sny Magill North Tributary (SNT),12/30/1997 14:22:00,SNY319,NIT-NO3-NO2,Inorganic nitrogen (nitrate and nitrite) (as N),Total,,3.9,mg/l,True,0.1,,,Unknown,SNY001,Actual,SW,Water,,,Clayton,07060003,River/Stream,,42.96850981,-91.22439501
6,15220007,Sny Magill North Tributary (SNT),11/25/1997 13:20:00,SNY319,NIT-NO3-NO2,Inorganic nitrogen (nitrate and nitrite) (as N),Total,,4.1,mg/l,True,0.1,,,Unknown,SNY001,Actual,SW,Water,,,Clayton,07060003,River/Stream,,42.96850981,-91.22439501
6,15220007,Sny Magill North Tributary (SNT),10/28/1997 11:40:00,SNY319,NIT-NO3-NO2,Inorganic nitrogen (nitrate and nitrite) (as N),Total,,4.1,mg/l,True,0.1,,,Unknown,SNY001,Actual,SW,Water,,,Clayton,07060003,River/Stream,,42.96850981,-91.22439501
6,15220006,Sny Magill Creek Site #3 (SN03),12/02/1997 11:30:00,SNY319,NIT-NO3-NO2,Inorganic nitrogen (nitrate and nitrite) (as N),Total,,5.4,mg/l,True,0.1,,,Unknown,SNY001,Actual,SW,Water,,,Clayton,07060003,River/Stream,,42.98149721,-91.24097377
6,15220006,Sny Magill Creek Site #3 (SN03),11/25/1997 13:25:00,SNY319,NIT-NO3-NO2,Inorganic nitrogen (nitrate and nitrite) (as N),Total,,5.3,mg/l,True,0.1,,,Unknown,SNY001,Actual,SW,Water,,,Clayton,07060003,River/Stream,,42.98149721,-91.24097377
6,15220006,Sny Magill Creek Site #3 (SN03),11/18/1997 12:00:00,SNY319,NIT-NO3-NO2,Inorganic nitrogen (nitrate and nitrite) (as N),Total,,5,mg/l,True,0.1,,,Unknown,SNY001,Actual,SW,Water,,,Clayton,07060003,River/Stream,,42.98149721,-91.24097377
6,15220006,Sny Magill Creek Site #3 (SN03),10/21/1997 12:00:00,SNY319,NIT-NO3-NO2,Inorganic nitrogen (nitrate and nitrite) (as N),Total,,4.6,mg/l,True,0.1,,,Unknown,SNY001,Actual,SW,Water,,,Clayton,07060003,River/Stream,,42.98149721,-91.24097377
6,15220006,Sny Magill Creek Site #3 (SN03),10/14/1997 12:55:00,SNY319,NIT-NO3-NO2,Inorganic nitrogen (nitrate and nitrite) (as N),Total,,4,mg/l,True,0.1,,,Unknown,SNY001,Actual,SW,Water,,,Clayton,07060003,River/Stream,,42.98149721,-91.24097377
6,15220006,Sny Magill Creek Site #3 (SN03),10/07/1997 11:30:00,SNY319,NIT-NO3-NO2,Inorganic nitrogen (nitrate and nitrite) (as N),Total,,4.3,mg/l,True,0.1,,,Unknown,SNY001,Actual,SW,Water,,,Clayton,07060003,River/Stream,,42.98149721,-91.24097377
6,15220004,Sny Magill Creek Site #1 (SN01),12/30/1997 14:00:00,SNY319,NIT-NO3-NO2,Inorganic nitrogen (nitrate and nitrite) (as N),Total,,2.8,mg/l,True,0.1,,,Unknown,SNY001,Actual,SW,Water,,,Clayton,07060003,River/Stream,,42.94880662,-91.18632674
6,15220004,Sny Magill Creek Site #1 (SN01),12/02/1997 13:00:00,SNY319,NIT-NO3-NO2,Inorganic nitrogen (nitrate and nitrite) (as N),Total,,2.6,mg/l,True,0.1,,,Unknown,SNY001,Actual,SW,Water,,,Clayton,07060003,River/Stream,,42.94880662,-91.18632674
6,15220004,Sny Magill Creek Site #1 (SN01),12/23/1997 12:35:00,SNY319,NIT-NO3-NO2,Inorganic nitrogen (nitrate and nitrite) (as N),Total,,2.7,mg/l,True,0.1,,,Unknown,SNY001,Actual,SW,Water,,,Clayton,07060003,River/Stream,,42.94880662,-91.18632674
6,15220004,Sny Magill Creek Site #1 (SN01),11/25/1997 12:55:00,SNY319,NIT-NO3-NO2,Inorganic nitrogen (nitrate and nitrite) (as N),Total,,2.7,mg/l,True,0.1,,,Unknown,SNY001,Actual,SW,Water,,,Clayton,07060003,River/Stream,,42.94880662,-91.18632674
6,15220008,West Fork Sny Magill Creek  (SNWF),09/30/1997 13:35:00,SNY319,NIT-NO3-NO2,Inorganic nitrogen (nitrate and nitrite) (as N),Total,,2.9,mg/l,True,0.1,,,Unknown,SNY001,Actual,SW,Water,,,Clayton,07060003,River/Stream,,42.97628121,-91.23730654
6,15220004,Sny Magill Creek Site #1 (SN01),10/28/1997 10:40:00,SNY319,NIT-NO3-NO2,Inorganic nitrogen (nitrate and nitrite) (as N),Total,,2.4,mg/l,True,0.1,,,Unknown,SNY001,Actual,SW,Water,,,Clayton,07060003,River/Stream,,42.94880662,-91.18632674
6,15220004,Sny Magill Creek Site #1 (SN01),10/21/1997 11:35:00,SNY319,NIT-NO3-NO2,Inorganic nitrogen (nitrate and nitrite) (as N),Total,,2.2,mg/l,True,0.1,,,Unknown,SNY001,Actual,SW,Water,,,Clayton,07060003,River/Stream,,42.94880662,-91.18632674
6,15220008,West Fork Sny Magill Creek  (SNWF),09/02/1997 12:55:00,SNY319,NIT-NO3-NO2,Inorganic nitrogen (nitrate and nitrite) (as N),Total,,3,mg/l,True,0.1,,,Unknown,SNY001,Actual,SW,Water,,,Clayton,07060003,River/Stream,,42.97628121,-91.23730654
6,15220008,West Fork Sny Magill Creek  (SNWF),08/26/1997 13:45:00,SNY319,NIT-NO3-NO2,Inorganic nitrogen (nitrate and nitrite) (as N),Total,,3.2,mg/l,True,0.1,,,Unknown,SNY001,Actual,SW,Water,,,Clayton,07060003,River/Stream,,42.97628121,-91.23730654
6,15220008,West Fork Sny Magill Creek  (SNWF),08/19/1997 11:00:00,SNY319,NIT-NO3-NO2,Inorganic nitrogen (nitrate and nitrite) (as N),Total,,3.3,mg/l,True,0.1,,,Unknown,SNY001,Actual,SW,Water,,,Clayton,07060003,River/Stream,,42.97628121,-91.23730654
6,15220008,West Fork Sny Magill Creek  (SNWF),07/15/1997 13:40:00,SNY319,NIT-NO3-NO2,Inorganic nitrogen (nitrate and nitrite) (as N),Total,,3.2,mg/l,True,0.1,,,Unknown,SNY001,Actual,SW,Water,,,Clayton,07060003,River/Stream,,42.97628121,-91.23730654
6,15220008,West Fork Sny Magill Creek  (SNWF),07/08/1997 13:15:00,SNY319,NIT-NO3-NO2,Inorganic nitrogen (nitrate and nitrite) (as N),Total,,3.1,mg/l,True,0.1,,,Unknown,SNY001,Actual,SW,Water,,,Clayton,07060003,River/Stream,,42.97628121,-91.23730654
6,15220008,West Fork Sny Magill Creek  (SNWF),07/01/1997 12:40:00,SNY319,NIT-NO3-NO2,Inorganic nitrogen (nitrate and nitrite) (as N),Total,,3,mg/l,True,0.1,,,Unknown,SNY001,Actual,SW,Water,,,Clayton,07060003,River/Stream,,42.97628121,-91.23730654
6,15220008,West Fork Sny Magill Creek  (SNWF),06/03/1997 14:20:00,SNY319,NIT-NO3-NO2,Inorganic nitrogen (nitrate and nitrite) (as N),Total,,3.1,mg/l,True,0.1,,,Unknown,SNY001,Actual,SW,Water,,,Clayton,07060003,River/Stream,,42.97628121,-91.23730654
6,15220008,West Fork Sny Magill Creek  (SNWF),05/26/1997 16:10:00,SNY319,NIT-NO3-NO2,Inorganic nitrogen (nitrate and nitrite) (as N),Total,,3.1,mg/l,True,0.1,,,Unknown,SNY001,Actual,SW,Water,,,Clayton,07060003,River/Stream,,42.97628121,-91.23730654
6,15220008,West Fork Sny Magill Creek  (SNWF),05/20/1997 13:20:00,SNY319,NIT-NO3-NO2,Inorganic nitrogen (nitrate and nitrite) (as N),Total,,3,mg/l,True,0.1,,,Unknown,SNY001,Actual,SW,Water,,,Clayton,07060003,River/Stream,,42.97628121,-91.23730654
6,15220008,West Fork Sny Magill Creek  (SNWF),04/15/1997 14:45:00,SNY319,NIT-NO3-NO2,Inorganic nitrogen (nitrate and nitrite) (as N),Total,,3.3,mg/l,True,0.1,,,Unknown,SNY001,Actual,SW,Water,,,Clayton,07060003,River/Stream,,42.97628121,-91.23730654
6,15220008,West Fork Sny Magill Creek  (SNWF),04/08/1997 12:10:00,SNY319,NIT-NO3-NO2,Inorganic nitrogen (nitrate and nitrite) (as N),Total,,3.6,mg/l,True,0.1,,,Unknown,SNY001,Actual,SW,Water,,,Clayton,07060003,River/Stream,,42.97628121,-91.23730654
6,15220008,West Fork Sny Magill Creek  (SNWF),04/01/1997 13:30:00,SNY319,NIT-NO3-NO2,Inorganic nitrogen (nitrate and nitrite) (as N),Total,,3.4,mg/l,True,0.1,,,Unknown,SNY001,Actual,SW,Water,,,Clayton,07060003,River/Stream,,42.97628121,-91.23730654
6,15220008,West Fork Sny Magill Creek  (SNWF),03/04/1997 13:55:00,SNY319,NIT-NO3-NO2,Inorganic nitrogen (nitrate and nitrite) (as N),Total,,3.6,mg/l,True,0.1,,,Unknown,SNY001,Actual,SW,Water,,,Clayton,07060003,River/Stream,,42.97628121,-91.23730654
6,15220008,West Fork Sny Magill Creek  (SNWF),02/25/1997 14:10:00,SNY319,NIT-NO3-NO2,Inorganic nitrogen (nitrate and nitrite) (as N),Total,,3.7,mg/l,True,0.1,,,Unknown,SNY001,Actual,SW,Water,,,Clayton,07060003,River/Stream,,42.97628121,-91.23730654
6,15220008,West Fork Sny Magill Creek  (SNWF),02/18/1997 14:40:00,SNY319,NIT-NO3-NO2,Inorganic nitrogen (nitrate and nitrite) (as N),Total,,1.8,mg/l,True,0.1,,,Unknown,SNY001,Actual,SW,Water,,,Clayton,07060003,River/Stream,,42.97628121,-91.23730654
6,15220008,West Fork Sny Magill Creek  (SNWF),01/14/1997 16:10:00,SNY319,NIT-NO3-NO2,Inorganic nitrogen (nitrate and nitrite) (as N),Total,,3.6,mg/l,True,0.1,,,Unknown,SNY001,Actual,SW,Water,,,Clayton,07060003,River/Stream,,42.97628121,-91.23730654
6,15220008,West Fork Sny Magill Creek  (SNWF),01/07/1997 11:30:00,SNY319,NIT-NO3-NO2,Inorganic nitrogen (nitrate and nitrite) (as N),Total,,3.4,mg/l,True,0.1,,,Unknown,SNY001,Actual,SW,Water,,,Clayton,07060003,River/Stream,,42.97628121,-91.23730654
6,15220007,Sny Magill North Tributary (SNT),09/30/1997 13:10:00,SNY319,NIT-NO3-NO2,Inorganic nitrogen (nitrate and nitrite) (as N),Total,,3.4,mg/l,True,0.1,,,Unknown,SNY001,Actual,SW,Water,,,Clayton,07060003,River/Stream,,42.96850981,-91.22439501
6,15220007,Sny Magill North Tributary (SNT),05/26/1997 15:35:00,SNY319,NIT-NO3-NO2,Inorganic nitrogen (nitrate and nitrite) (as N),Total,,3.5,mg/l,True,0.1,,,Unknown,SNY001,Actual,SW,Water,,,Clayton,07060003,River/Stream,,42.96850981,-91.22439501
6,15220007,Sny Magill North Tributary (SNT),04/29/1997 14:35:00,SNY319,NIT-NO3-NO2,Inorganic nitrogen (nitrate and nitrite) (as N),Total,,3.2,mg/l,True,0.1,,,Unknown,SNY001,Actual,SW,Water,,,Clayton,07060003,River/Stream,,42.96850981,-91.22439501
6,15220007,Sny Magill North Tributary (SNT),03/25/1997 13:55:00,SNY319,NIT-NO3-NO2,Inorganic nitrogen (nitrate and nitrite) (as N),Total,,4,mg/l,True,0.1,,,Unknown,SNY001,Actual,SW,Water,,,Clayton,07060003,River/Stream,,42.96850981,-91.22439501
6,15220006,Sny Magill Creek Site #3 (SN03),09/16/1997 11:30:00,SNY319,NIT-NO3-NO2,Inorganic nitrogen (nitrate and nitrite) (as N),Total,,4.5,mg/l,True,0.1,,,Unknown,SNY001,Actual,SW,Water,,,Clayton,07060003,River/Stream,,42.98149721,-91.24097377
6,15220006,Sny Magill Creek Site #3 (SN03),09/09/1997 12:30:00,SNY319,NIT-NO3-NO2,Inorganic nitrogen (nitrate and nitrite) (as N),Total,,4.5,mg/l,True,0.1,,,Unknown,SNY001,Actual,SW,Water,,,Clayton,07060003,River/Stream,,42.98149721,-91.24097377
6,15220006,Sny Magill Creek Site #3 (SN03),09/02/1997 12:40:00,SNY319,NIT-NO3-NO2,Inorganic nitrogen (nitrate and nitrite) (as N),Total,,4.2,mg/l,True,0.1,,,Unknown,SNY001,Actual,SW,Water,,,Clayton,07060003,River/Stream,,42.98149721,-91.24097377
6,15220006,Sny Magill Creek Site #3 (SN03),07/28/1997 16:10:00,SNY319,NIT-NO3-NO2,Inorganic nitrogen (nitrate and nitrite) (as N),Total,,3.8,mg/l,True,0.1,,,Unknown,SNY001,Actual,SW,Water,,,Clayton,07060003,River/Stream,,42.98149721,-91.24097377
6,15220006,Sny Magill Creek Site #3 (SN03),07/22/1997 12:55:00,SNY319,NIT-NO3-NO2,Inorganic nitrogen (nitrate and nitrite) (as N),Total,,4.5,mg/l,True,0.1,,,Unknown,SNY001,Actual,SW,Water,,,Clayton,07060003,River/Stream,,42.98149721,-91.24097377
6,15220006,Sny Magill Creek Site #3 (SN03),07/15/1997 13:30:00,SNY319,NIT-NO3-NO2,Inorganic nitrogen (nitrate and nitrite) (as N),Total,,4.6,mg/l,True,0.1,,,Unknown,SNY001,Actual,SW,Water,,,Clayton,07060003,River/Stream,,42.98149721,-91.24097377
6,15220006,Sny Magill Creek Site #3 (SN03),06/17/1997 14:20:00,SNY319,NIT-NO3-NO2,Inorganic nitrogen (nitrate and nitrite) (as N),Total,,4.3,mg/l,True,0.1,,,Unknown,SNY001,Actual,SW,Water,,,Clayton,07060003,River/Stream,,42.98149721,-91.24097377
6,15220006,Sny Magill Creek Site #3 (SN03),06/10/1997 12:45:00,SNY319,NIT-NO3-NO2,Inorganic nitrogen (nitrate and nitrite) (as N),Total,,4.4,mg/l,True,0.1,,,Unknown,SNY001,Actual,SW,Water,,,Clayton,07060003,River/Stream,,42.98149721,-91.24097377
6,15220006,Sny Magill Creek Site #3 (SN03),06/03/1997 14:10:00,SNY319,NIT-NO3-NO2,Inorganic nitrogen (nitrate and nitrite) (as N),Total,,4.4,mg/l,True,0.1,,,Unknown,SNY001,Actual,SW,Water,,,Clayton,07060003,River/Stream,,42.98149721,-91.24097377
6,15220006,Sny Magill Creek Site #3 (SN03),05/06/1997 14:30:00,SNY319,NIT-NO3-NO2,Inorganic nitrogen (nitrate and nitrite) (as N),Total,,3.8,mg/l,True,0.1,,,Unknown,SNY001,Actual,SW,Water,,,Clayton,07060003,River/Stream,,42.98149721,-91.24097377
6,15220006,Sny Magill Creek Site #3 (SN03),04/29/1997 14:45:00,SNY319,NIT-NO3-NO2,Inorganic nitrogen (nitrate and nitrite) (as N),Total,,4.2,mg/l,True,0.1,,,Unknown,SNY001,Actual,SW,Water,,,Clayton,07060003,River/Stream,,42.98149721,-91.24097377
6,15220006,Sny Magill Creek Site #3 (SN03),04/22/1997 12:25:00,SNY319,NIT-NO3-NO2,Inorganic nitrogen (nitrate and nitrite) (as N),Total,,4.6,mg/l,True,0.1,,,Unknown,SNY001,Actual,SW,Water,,,Clayton,07060003,River/Stream,,42.98149721,-91.24097377
6,15220006,Sny Magill Creek Site #3 (SN03),04/15/1997 14:30:00,SNY319,NIT-NO3-NO2,Inorganic nitrogen (nitrate and nitrite) (as N),Total,,4.5,mg/l,True,0.1,,,Unknown,SNY001,Actual,SW,Water,,,Clayton,07060003,River/Stream,,42.98149721,-91.24097377
6,15220006,Sny Magill Creek Site #3 (SN03),03/18/1997 13:30:00,SNY319,NIT-NO3-NO2,Inorganic nitrogen (nitrate and nitrite) (as N),Total,,4.8,mg/l,True,0.1,,,Unknown,SNY001,Actual,SW,Water,,,Clayton,07060003,River/Stream,,42.98149721,-91.24097377
6,15220006,Sny Magill Creek Site #3 (SN03),03/11/1997 12:55:00,SNY319,NIT-NO3-NO2,Inorganic nitrogen (nitrate and nitrite) (as N),Total,,4.6,mg/l,True,0.1,,,Unknown,SNY001,Actual,SW,Water,,,Clayton,07060003,River/Stream,,42.98149721,-91.24097377
6,15220006,Sny Magill Creek Site #3 (SN03),03/04/1997 13:40:00,SNY319,NIT-NO3-NO2,Inorganic nitrogen (nitrate and nitrite) (as N),Total,,5.3,mg/l,True,0.1,,,Unknown,SNY001,Actual,SW,Water,,,Clayton,07060003,River/Stream,,42.98149721,-91.24097377
6,15220006,Sny Magill Creek Site #3 (SN03),02/04/1997 15:40:00,SNY319,NIT-NO3-NO2,Inorganic nitrogen (nitrate and nitrite) (as N),Total,,5.5,mg/l,True,0.1,,,Unknown,SNY001,Actual,SW,Water,,,Clayton,07060003,River/Stream,,42.98149721,-91.24097377
6,15220006,Sny Magill Creek Site #3 (SN03),01/27/1997 17:00:00,SNY319,NIT-NO3-NO2,Inorganic nitrogen (nitrate and nitrite) (as N),Total,,5.7,mg/l,True,0.1,,,Unknown,SNY001,Actual,SW,Water,,,Clayton,07060003,River/Stream,,42.98149721,-91.24097377
6,15220006,Sny Magill Creek Site #3 (SN03),01/21/1997 11:00:00,SNY319,NIT-NO3-NO2,Inorganic nitrogen (nitrate and nitrite) (as N),Total,,5.7,mg/l,True,0.1,,,Unknown,SNY001,Actual,SW,Water,,,Clayton,07060003,River/Stream,,42.98149721,-91.24097377
6,15220006,Sny Magill Creek Site #3 (SN03),01/14/1997 15:45:00,SNY319,NIT-NO3-NO2,Inorganic nitrogen (nitrate and nitrite) (as N),Total,,5.8,mg/l,True,0.1,,,Unknown,SNY001,Actual,SW,Water,,,Clayton,07060003,River/Stream,,42.98149721,-91.24097377
6,15220005,Sny Magill Creek Site #2 (SN02),06/24/1997 14:50:00,SNY319,NIT-NO3-NO2,Inorganic nitrogen (nitrate and nitrite) (as N),Total,,3.5,mg/l,True,0.1,,,Unknown,SNY001,Actual,SW,Water,,,Clayton,07060003,River/Stream,,42.96808222,-91.22331192
6,15220005,Sny Magill Creek Site #2 (SN02),05/26/1997 15:20:00,SNY319,NIT-NO3-NO2,Inorganic nitrogen (nitrate and nitrite) (as N),Total,,2.9,mg/l,True,0.1,,,Unknown,SNY001,Actual,SW,Water,,,Clayton,07060003,River/Stream,,42.96808222,-91.22331192
6,15220005,Sny Magill Creek Site #2 (SN02),04/29/1997 13:55:00,SNY319,NIT-NO3-NO2,Inorganic nitrogen (nitrate and nitrite) (as N),Total,,2.7,mg/l,True,0.1,,,Unknown,SNY001,Actual,SW,Water,,,Clayton,07060003,River/Stream,,42.96808222,-91.22331192
6,15220004,Sny Magill Creek Site #1 (SN01),09/30/1997 12:30:00,SNY319,NIT-NO3-NO2,Inorganic nitrogen (nitrate and nitrite) (as N),Total,,1.9,mg/l,True,0.1,,,Unknown,SNY001,Actual,SW,Water,,,Clayton,07060003,River/Stream,,42.94880662,-91.18632674
6,15220004,Sny Magill Creek Site #1 (SN01),09/23/1997 12:25:00,SNY319,NIT-NO3-NO2,Inorganic nitrogen (nitrate and nitrite) (as N),Total,,2.3,mg/l,True,0.1,,,Unknown,SNY001,Actual,SW,Water,,,Clayton,07060003,River/Stream,,42.94880662,-91.18632674
6,15220004,Sny Magill Creek Site #1 (SN01),09/02/1997 12:15:00,SNY319,NIT-NO3-NO2,Inorganic nitrogen (nitrate and nitrite) (as N),Total,,1.9,mg/l,True,0.1,,,Unknown,SNY001,Actual,SW,Water,,,Clayton,07060003,River/Stream,,42.94880662,-91.18632674
6,15220004,Sny Magill Creek Site #1 (SN01),08/26/1997 12:50:00,SNY319,NIT-NO3-NO2,Inorganic nitrogen (nitrate and nitrite) (as N),Total,,2.1,mg/l,True,0.1,,,Unknown,SNY001,Actual,SW,Water,,,Clayton,07060003,River/Stream,,42.94880662,-91.18632674
6,15220004,Sny Magill Creek Site #1 (SN01),08/05/1997 12:30:00,SNY319,NIT-NO3-NO2,Inorganic nitrogen (nitrate and nitrite) (as N),Total,,2.4,mg/l,True,0.1,,,Unknown,SNY001,Actual,SW,Water,,,Clayton,07060003,River/Stream,,42.94880662,-91.18632674
6,15220004,Sny Magill Creek Site #1 (SN01),07/08/1997 12:35:00,SNY319,NIT-NO3-NO2,Inorganic nitrogen (nitrate and nitrite) (as N),Total,,2.3,mg/l,True,0.1,,,Unknown,SNY001,Actual,SW,Water,,,Clayton,07060003,River/Stream,,42.94880662,-91.18632674
6,15220004,Sny Magill Creek Site #1 (SN01),07/28/1997 15:05:00,SNY319,NIT-NO3-NO2,Inorganic nitrogen (nitrate and nitrite) (as N),Total,,2.8,mg/l,True,0.1,,,Unknown,SNY001,Actual,SW,Water,,,Clayton,07060003,River/Stream,,42.94880662,-91.18632674
6,15220004,Sny Magill Creek Site #1 (SN01),07/01/1997 12:00:00,SNY319,NIT-NO3-NO2,Inorganic nitrogen (nitrate and nitrite) (as N),Total,,1.7,mg/l,True,0.1,,,Unknown,SNY001,Actual,SW,Water,,,Clayton,07060003,River/Stream,,42.94880662,-91.18632674
6,15220004,Sny Magill Creek Site #1 (SN01),06/03/1997 13:20:00,SNY319,NIT-NO3-NO2,Inorganic nitrogen (nitrate and nitrite) (as N),Total,,2,mg/l,True,0.1,,,Unknown,SNY001,Actual,SW,Water,,,Clayton,07060003,River/Stream,,42.94880662,-91.18632674
6,15220004,Sny Magill Creek Site #1 (SN01),05/26/1997 14:40:00,SNY319,NIT-NO3-NO2,Inorganic nitrogen (nitrate and nitrite) (as N),Total,,2.3,mg/l,True,0.1,,,Unknown,SNY001,Actual,SW,Water,,,Clayton,07060003,River/Stream,,42.94880662,-91.18632674
6,15220004,Sny Magill Creek Site #1 (SN01),06/24/1997 14:30:00,SNY319,NIT-NO3-NO2,Inorganic nitrogen (nitrate and nitrite) (as N),Total,,2.4,mg/l,True,0.1,,,Unknown,SNY001,Actual,SW,Water,,,Clayton,07060003,River/Stream,,42.94880662,-91.18632674
6,15220004,Sny Magill Creek Site #1 (SN01),05/06/1997 13:45:00,SNY319,NIT-NO3-NO2,Inorganic nitrogen (nitrate and nitrite) (as N),Total,,2.3,mg/l,True,0.1,,,Unknown,SNY001,Actual,SW,Water,,,Clayton,07060003,River/Stream,,42.94880662,-91.18632674
6,15220004,Sny Magill Creek Site #1 (SN01),04/29/1997 13:25:00,SNY319,NIT-NO3-NO2,Inorganic nitrogen (nitrate and nitrite) (as N),Total,,2.2,mg/l,True,0.1,,,Unknown,SNY001,Actual,SW,Water,,,Clayton,07060003,River/Stream,,42.94880662,-91.18632674
6,15220004,Sny Magill Creek Site #1 (SN01),04/08/1997 11:15:00,SNY319,NIT-NO3-NO2,Inorganic nitrogen (nitrate and nitrite) (as N),Total,,2.6,mg/l,True,0.1,,,Unknown,SNY001,Actual,SW,Water,,,Clayton,07060003,River/Stream,,42.94880662,-91.18632674
6,15220004,Sny Magill Creek Site #1 (SN01),04/01/1997 12:30:00,SNY319,NIT-NO3-NO2,Inorganic nitrogen (nitrate and nitrite) (as N),Total,,2.6,mg/l,True,0.1,,,Unknown,SNY001,Actual,SW,Water,,,Clayton,07060003,River/Stream,,42.94880662,-91.18632674
6,15220004,Sny Magill Creek Site #1 (SN01),03/11/1997 12:20:00,SNY319,NIT-NO3-NO2,Inorganic nitrogen (nitrate and nitrite) (as N),Total,,2.7,mg/l,True,0.1,,,Unknown,SNY001,Actual,SW,Water,,,Clayton,07060003,River/Stream,,42.94880662,-91.18632674
6,15220004,Sny Magill Creek Site #1 (SN01),03/04/1997 12:50:00,SNY319,NIT-NO3-NO2,Inorganic nitrogen (nitrate and nitrite) (as N),Total,,2.7,mg/l,True,0.1,,,Unknown,SNY001,Actual,SW,Water,,,Clayton,07060003,River/Stream,,42.94880662,-91.18632674
6,15220004,Sny Magill Creek Site #1 (SN01),08/01/1995 13:00:00,SNY319,NIT-NO3-NO2,Inorganic nitrogen (nitrate and nitrite) (as N),Total,,2.3,mg/l,True,0.1,,,Unknown,SNY001,Actual,SW,Water,,,Clayton,07060003,River/Stream,,42.94880662,-91.18632674
6,15220004,Sny Magill Creek Site #1 (SN01),08/15/1995 15:50:00,SNY319,NIT-NO3-NO2,Inorganic nitrogen (nitrate and nitrite) (as N),Total,,1.9,mg/l,True,0.1,,,Unknown,SNY001,Actual,SW,Water,,,Clayton,07060003,River/Stream,,42.94880662,-91.18632674
6,15220004,Sny Magill Creek Site #1 (SN01),08/22/1995 14:30:00,SNY319,NIT-NO3-NO2,Inorganic nitrogen (nitrate and nitrite) (as N),Total,,1.8,mg/l,True,0.1,,,Unknown,SNY001,Actual,SW,Water,,,Clayton,07060003,River/Stream,,42.94880662,-91.18632674
6,15220004,Sny Magill Creek Site #1 (SN01),09/12/1995 13:00:00,SNY319,NIT-NO3-NO2,Inorganic nitrogen (nitrate and nitrite) (as N),Total,,2,mg/l,True,0.1,,,Unknown,SNY001,Actual,SW,Water,,,Clayton,07060003,River/Stream,,42.94880662,-91.18632674
6,15220004,Sny Magill Creek Site #1 (SN01),02/11/1997 15:25:00,SNY319,NIT-NO3-NO2,Inorganic nitrogen (nitrate and nitrite) (as N),Total,,2.7,mg/l,True,0.1,,,Unknown,SNY001,Actual,SW,Water,,,Clayton,07060003,River/Stream,,42.94880662,-91.18632674
6,15220004,Sny Magill Creek Site #1 (SN01),02/04/1997 14:50:00,SNY319,NIT-NO3-NO2,Inorganic nitrogen (nitrate and nitrite) (as N),Total,,2.6,mg/l,True,0.1,,,Unknown,SNY001,Actual,SW,Water,,,Clayton,07060003,River/Stream,,42.94880662,-91.18632674
6,15220004,Sny Magill Creek Site #1 (SN01),01/14/1997 14:40:00,SNY319,NIT-NO3-NO2,Inorganic nitrogen (nitrate and nitrite) (as N),Total,,3,mg/l,True,0.1,,,Unknown,SNY001,Actual,SW,Water,,,Clayton,07060003,River/Stream,,42.94880662,-91.18632674
6,15220008,West Fork Sny Magill Creek  (SNWF),12/23/1996 12:55:00,SNY319,NIT-NO3-NO2,Inorganic nitrogen (nitrate and nitrite) (as N),Total,,3.2,mg/l,True,0.1,,,Unknown,SNY001,Actual,SW,Water,,,Clayton,07060003,River/Stream,,42.97628121,-91.23730654
6,15220004,Sny Magill Creek Site #1 (SN01),01/07/1997 12:30:00,SNY319,NIT-NO3-NO2,Inorganic nitrogen (nitrate and nitrite) (as N),Total,,2.9,mg/l,True,0.1,,,Unknown,SNY001,Actual,SW,Water,,,Clayton,07060003,River/Stream,,42.94880662,-91.18632674
6,15220008,West Fork Sny Magill Creek  (SNWF),12/17/1996 12:30:00,SNY319,NIT-NO3-NO2,Inorganic nitrogen (nitrate and nitrite) (as N),Total,,3.5,mg/l,True,0.1,,,Unknown,SNY001,Actual,SW,Water,,,Clayton,07060003,River/Stream,,42.97628121,-91.23730654
6,15220008,West Fork Sny Magill Creek  (SNWF),12/10/1996 13:50:00,SNY319,NIT-NO3-NO2,Inorganic nitrogen (nitrate and nitrite) (as N),Total,,3.3,mg/l,True,0.1,,,Unknown,SNY001,Actual,SW,Water,,,Clayton,07060003,River/Stream,,42.97628121,-91.23730654
6,15220008,West Fork Sny Magill Creek  (SNWF),11/12/1996 13:10:00,SNY319,NIT-NO3-NO2,Inorganic nitrogen (nitrate and nitrite) (as N),Total,,3.3,mg/l,True,0.1,,,Unknown,SNY001,Actual,SW,Water,,,Clayton,07060003,River/Stream,,42.97628121,-91.23730654
6,15220008,West Fork Sny Magill Creek  (SNWF),11/05/1996 10:30:00,SNY319,NIT-NO3-NO2,Inorganic nitrogen (nitrate and nitrite) (as N),Total,,3.3,mg/l,True,0.1,,,Unknown,SNY001,Actual,SW,Water,,,Clayton,07060003,River/Stream,,42.97628121,-91.23730654
6,15220008,West Fork Sny Magill Creek  (SNWF),10/29/1996 15:05:00,SNY319,NIT-NO3-NO2,Inorganic nitrogen (nitrate and nitrite) (as N),Total,,2.9,mg/l,True,0.1,,,Unknown,SNY001,Actual,SW,Water,,,Clayton,07060003,River/Stream,,42.97628121,-91.23730654
6,15220007,Sny Magill North Tributary (SNT),12/30/1996 15:00:00,SNY319,NIT-NO3-NO2,Inorganic nitrogen (nitrate and nitrite) (as N),Total,,3.5,mg/l,True,0.1,,,Unknown,SNY001,Actual,SW,Water,,,Clayton,07060003,River/Stream,,42.96850981,-91.22439501
6,15220007,Sny Magill North Tributary (SNT),11/26/1996 13:30:00,SNY319,NIT-NO3-NO2,Inorganic nitrogen (nitrate and nitrite) (as N),Total,,3.4,mg/l,True,0.1,,,Unknown,SNY001,Actual,SW,Water,,,Clayton,07060003,River/Stream,,42.96850981,-91.22439501
6,15220007,Sny Magill North Tributary (SNT),10/29/1996 14:45:00,SNY319,NIT-NO3-NO2,Inorganic nitrogen (nitrate and nitrite) (as N),Total,,4.2,mg/l,True,0.1,,,Unknown,SNY001,Actual,SW,Water,,,Clayton,07060003,River/Stream,,42.96850981,-91.22439501
6,15220006,Sny Magill Creek Site #3 (SN03),12/03/1996 12:30:00,SNY319,NIT-NO3-NO2,Inorganic nitrogen (nitrate and nitrite) (as N),Total,,5.3,mg/l,True,0.1,,,Unknown,SNY001,Actual,SW,Water,,,Clayton,07060003,River/Stream,,42.98149721,-91.24097377
6,15220006,Sny Magill Creek Site #3 (SN03),11/26/1996 13:55:00,SNY319,NIT-NO3-NO2,Inorganic nitrogen (nitrate and nitrite) (as N),Total,,5.6,mg/l,True,0.1,,,Unknown,SNY001,Actual,SW,Water,,,Clayton,07060003,River/Stream,,42.98149721,-91.24097377
6,15220006,Sny Magill Creek Site #3 (SN03),11/19/1996 11:00:00,SNY319,NIT-NO3-NO2,Inorganic nitrogen (nitrate and nitrite) (as N),Total,,5.4,mg/l,True,0.1,,,Unknown,SNY001,Actual,SW,Water,,,Clayton,07060003,River/Stream,,42.98149721,-91.24097377
6,15220004,Sny Magill Creek Site #1 (SN01),12/30/1996 14:00:00,SNY319,NIT-NO3-NO2,Inorganic nitrogen (nitrate and nitrite) (as N),Total,,2.7,mg/l,True,0.1,,,Unknown,SNY001,Actual,SW,Water,,,Clayton,07060003,River/Stream,,42.94880662,-91.18632674
6,15220004,Sny Magill Creek Site #1 (SN01),12/23/1996 12:05:00,SNY319,NIT-NO3-NO2,Inorganic nitrogen (nitrate and nitrite) (as N),Total,,2.6,mg/l,True,0.1,,,Unknown,SNY001,Actual,SW,Water,,,Clayton,07060003,River/Stream,,42.94880662,-91.18632674
6,15220004,Sny Magill Creek Site #1 (SN01),11/26/1996 12:00:00,SNY319,NIT-NO3-NO2,Inorganic nitrogen (nitrate and nitrite) (as N),Total,,2.6,mg/l,True,0.1,,,Unknown,SNY001,Actual,SW,Water,,,Clayton,07060003,River/Stream,,42.94880662,-91.18632674
6,15220004,Sny Magill Creek Site #1 (SN01),10/29/1996 14:10:00,SNY319,NIT-NO3-NO2,Inorganic nitrogen (nitrate and nitrite) (as N),Total,,2.1,mg/l,True,0.1,,,Unknown,SNY001,Actual,SW,Water,,,Clayton,07060003,River/Stream,,42.94880662,-91.18632674
6,15220004,Sny Magill Creek Site #1 (SN01),10/22/1996 12:30:00,SNY319,NIT-NO3-NO2,Inorganic nitrogen (nitrate and nitrite) (as N),Total,,2.3,mg/l,True,0.1,,,Unknown,SNY001,Actual,SW,Water,,,Clayton,07060003,River/Stream,,42.94880662,-91.18632674
6,15220004,Sny Magill Creek Site #1 (SN01),10/01/1996 13:30:00,SNY319,NIT-NO3-NO2,Inorganic nitrogen (nitrate and nitrite) (as N),Total,,2.2,mg/l,True,0.1,,,Unknown,SNY001,Actual,SW,Water,,,Clayton,07060003,River/Stream,,42.94880662,-91.18632674
6,11220023,Peck Creek at Osterdock (site pecr3),04/14/2011 09:40:00,TMDL,NIT-NO3-NO2,Inorganic nitrogen (nitrate and nitrite) (as N),Total,,2.4,mg/l,True,0.1,,,353.2,UHL001,Actual,SW,Water,,,Clayton,07060004,River/Stream,,42.695322,-91.166768
6,11220023,Peck Creek at Osterdock (site pecr3),04/27/2011 12:20:00,TMDL,NIT-NO3-NO2,Inorganic nitrogen (nitrate and nitrite) (as N),Total,,3.6,mg/l,True,0.1,,,353.2,UHL001,Actual,SW,Water,,,Clayton,07060004,River/Stream,,42.695322,-91.166768
6,11220023,Peck Creek at Osterdock (site pecr3),03/30/2011 09:20:00,TMDL,NIT-NO3-NO2,Inorganic nitrogen (nitrate and nitrite) (as N),Total,,3.3,mg/l,True,0.1,,,353.2,UHL001,Actual,SW,Water,,,Clayton,07060004,River/Stream,,42.695322,-91.166768
6,11220014,Silver Creek at 172nd St. (Site SC04/SiCr1),10/07/2008 09:20:00,TMDL,NIT-NO3-NO2,Inorganic nitrogen (nitrate and nitrite) (as N),Total,,10,mg/l,True,0.05,,,353.2,UHL001,Actual,SW,Water,,,Clayton,07060004,River/Stream,,42.973151,-91.441907
6,11220021,Creamery Effluent at Highway 52 near Luana,10/07/2008 10:30:00,TMDL,NIT-NO3-NO2,Inorganic nitrogen (nitrate and nitrite) (as N),Total,,4.1,mg/l,True,0.05,,,353.2,UHL001,Actual,SW,Water,,,Clayton,07060004,River/Stream,,43.051165,-91.439633
6,11220018,Unnamed Tributary to Silver Creek near Luana (Site SiCr5),07/31/2008 10:10:00,TMDL,NIT-NO3-NO2,Inorganic nitrogen (nitrate and nitrite) (as N),Total,,5.6,mg/l,True,0.05,,,353.2,UHL001,Actual,SW,Water,,,Clayton,07060004,River/Stream,,43.042488,-91.441209
6,11220020,Unnamed Trib to Silver Creek at 125th St. (SC08),09/24/2008 13:55:00,TMDL,NIT-NO3-NO2,Inorganic nitrogen (nitrate and nitrite) (as N),Total,,2.3,mg/l,True,0.05,,,353.2,UHL001,Actual,SW,Water,,,Clayton,07060004,River/Stream,,43.044508,-91.408351
6,11220023,Peck Creek at Osterdock (site pecr3),05/26/2011 08:10:00,TMDL,NIT-NO3-NO2,Inorganic nitrogen (nitrate and nitrite) (as N),Total,,3,mg/l,True,0.1,,,353.2,UHL001,Actual,SW,Water,,,Clayton,07060004,River/Stream,,42.695322,-91.166768
6,11220013,Peck Creek near Osterdock (Site PeC2),07/11/2011 13:10:00,TMDL,NIT-NO3-NO2,Inorganic nitrogen (nitrate and nitrite) (as N),Total,,1.3,mg/l,True,0.1,,,353.2,UHL001,Actual,SW,Water,,,Clayton,07060004,River/Stream,,42.714055,-91.153443
6,11220013,Peck Creek near Osterdock (Site PeC2),07/25/2011 10:10:00,TMDL,NIT-NO3-NO2,Inorganic nitrogen (nitrate and nitrite) (as N),Total,,1,mg/l,True,0.1,,,353.2,UHL001,Actual,SW,Water,,,Clayton,07060004,River/Stream,,42.714055,-91.153443
6,11220013,Peck Creek near Osterdock (Site PeC2),04/20/2011 05:14:00,TMDL,NIT-NO3-NO2,Inorganic nitrogen (nitrate and nitrite) (as N),Total,,2.6,mg/l,True,0.1,,,353.2,UHL002,Actual,SW,Water,,,Clayton,07060004,River/Stream,,42.714055,-91.153443
6,11220013,Peck Creek near Osterdock (Site PeC2),04/19/2011 18:14:00,TMDL,NIT-NO3-NO2,Inorganic nitrogen (nitrate and nitrite) (as N),Total,,1.8,mg/l,True,0.1,,,353.2,UHL002,Actual,SW,Water,,,Clayton,07060004,River/Stream,,42.714055,-91.153443
6,12220010,South Cedar Creek-Garnavillo-SoCed1,08/08/2011 14:00:00,AMBBIO,NIT-NO3-NO2,Inorganic nitrogen (nitrate and nitrite) (as N),Total,,4.5,mg/l,True,0.1,,,353.2,UHL001,Actual,SW,Water,,,Clayton,07060004,River/Stream,,42.8298658,-91.2442284
6,12220011,Buck Creek-Garnavillo (S.E. near Ceres),07/14/2011 11:30:00,AMBBIO,NIT-NO3-NO2,Inorganic nitrogen (nitrate and nitrite) (as N),Total,,6.4,mg/l,True,0.1,,,353.2,UHL001,Actual,SW,Water,,,Clayton,07060003,River/Stream,,42.8418987,-91.1678821
6,12220010,South Cedar Creek-Garnavillo-SoCed1,07/11/2011 09:40:00,AMBBIO,NIT-NO3-NO2,Inorganic nitrogen (nitrate and nitrite) (as N),Total,,3.7,mg/l,True,0.1,,,353.2,UHL001,Actual,SW,Water,,,Clayton,07060004,River/Stream,,42.8298658,-91.2442284
6,11220014,Silver Creek at 172nd St. (Site SC04/SiCr1),10/05/2011 09:09:00,TURKEYR,NIT-NO3-NO2,Inorganic nitrogen (nitrate and nitrite) (as N),Total,,5.5,mg/l,True,0.1,,,353.2,IGS-GRAB,Actual,SW,Water,,,Clayton,07060004,River/Stream,,42.973151,-91.441907
6,11220012,Peck Creek near Osterdock (Site 326),11/02/2011 12:50:00,TURKEYR,NIT-NO3-NO2,Inorganic nitrogen (nitrate and nitrite) (as N),Total,,1,mg/l,True,0.1,,,353.2,IGS-GRAB,Actual,SW,Water,,,Clayton,07060004,River/Stream,,42.723821,-91.144286
6,11220014,Silver Creek at 172nd St. (Site SC04/SiCr1),08/03/2011 07:30:00,TURKEYR,NIT-NO3-NO2,Inorganic nitrogen (nitrate and nitrite) (as N),Total,,9.4,mg/l,True,0.1,,,353.2,IGS-GRAB,Actual,SW,Water,,,Clayton,07060004,River/Stream,,42.973151,-91.441907
6,11220012,Peck Creek near Osterdock (Site 326),09/07/2011 11:25:00,TURKEYR,NIT-NO3-NO2,Inorganic nitrogen (nitrate and nitrite) (as N),Total,,1.3,mg/l,True,0.1,,,353.2,IGS-GRAB,Actual,SW,Water,,,Clayton,07060004,River/Stream,,42.723821,-91.144286
6,11220014,Silver Creek at 172nd St. (Site SC04/SiCr1),07/06/2011 12:20:00,TURKEYR,NIT-NO3-NO2,Inorganic nitrogen (nitrate and nitrite) (as N),Total,,11,mg/l,True,0.1,,,353.2,IGS-GRAB,Actual,SW,Water,,,Clayton,07060004,River/Stream,,42.973151,-91.441907
6,11220012,Peck Creek near Osterdock (Site 326),07/06/2011 11:30:00,TURKEYR,NIT-NO3-NO2,Inorganic nitrogen (nitrate and nitrite) (as N),Total,,1.2,mg/l,True,0.1,,,353.2,IGS-GRAB,Actual,SW,Water,,,Clayton,07060004,River/Stream,,42.723821,-91.144286
6,11220023,Peck Creek at Osterdock (site pecr3),10/24/2011 09:15:00,TMDL,NIT-NO3-NO2,Inorganic nitrogen (nitrate and nitrite) (as N),Total,,2.6,mg/l,True,0.1,,,353.2,UHL001,Actual,SW,Water,,,Clayton,07060004,River/Stream,,42.695322,-91.166768
6,11220023,Peck Creek at Osterdock (site pecr3),10/11/2011 09:30:00,TMDL,NIT-NO3-NO2,Inorganic nitrogen (nitrate and nitrite) (as N),Total,,2.4,mg/l,True,0.1,,,353.2,UHL001,Actual,SW,Water,,,Clayton,07060004,River/Stream,,42.695322,-91.166768
6,11220013,Peck Creek near Osterdock (Site PeC2),09/22/2011 10:30:00,TMDL,NIT-NO3-NO2,Inorganic nitrogen (nitrate and nitrite) (as N),Total,,0.89,mg/l,True,0.1,,,353.2,UHL001,Actual,SW,Water,,,Clayton,07060004,River/Stream,,42.714055,-91.153443
6,11220013,Peck Creek near Osterdock (Site PeC2),08/24/2011 10:30:00,TMDL,NIT-NO3-NO2,Inorganic nitrogen (nitrate and nitrite) (as N),Total,,1.7,mg/l,True,0.1,,,353.2,UHL001,Actual,SW,Water,,,Clayton,07060004,River/Stream,,42.714055,-91.153443
6,11220013,Peck Creek near Osterdock (Site PeC2),09/07/2011 08:10:00,TMDL,NIT-NO3-NO2,Inorganic nitrogen (nitrate and nitrite) (as N),Total,,1.4,mg/l,True,0.1,,,353.2,UHL001,Actual,SW,Water,,,Clayton,07060004,River/Stream,,42.714055,-91.153443
6,11220023,Peck Creek at Osterdock (site pecr3),08/24/2011 09:00:00,TMDL,NIT-NO3-NO2,Inorganic nitrogen (nitrate and nitrite) (as N),Total,,2.7,mg/l,True,0.1,,,353.2,UHL001,Actual,SW,Water,,,Clayton,07060004,River/Stream,,42.695322,-91.166768
6,11220021,Creamery Effluent at Highway 52 near Luana,09/24/2008 12:30:00,TMDL,NIT-NO3-NO2,Inorganic nitrogen (nitrate and nitrite) (as N),Total,,4.8,mg/l,True,0.05,,,353.2,UHL001,Actual,SW,Water,,,Clayton,07060004,River/Stream,,43.051165,-91.439633
6,11220018,Unnamed Tributary to Silver Creek near Luana (Site SiCr5),09/24/2008 11:50:00,TMDL,NIT-NO3-NO2,Inorganic nitrogen (nitrate and nitrite) (as N),Total,,4.2,mg/l,True,0.05,,,353.2,UHL001,Actual,SW,Water,,,Clayton,07060004,River/Stream,,43.042488,-91.441209
6,11220014,Silver Creek at 172nd St. (Site SC04/SiCr1),09/11/2008 10:00:00,TMDL,NIT-NO3-NO2,Inorganic nitrogen (nitrate and nitrite) (as N),Total,,6.9,mg/l,True,0.05,,,353.2,UHL001,Actual,SW,Water,,,Clayton,07060004,River/Stream,,42.973151,-91.441907
6,11220020,Unnamed Trib to Silver Creek at 125th St. (SC08),09/11/2008 11:50:00,TMDL,NIT-NO3-NO2,Inorganic nitrogen (nitrate and nitrite) (as N),Total,,3.6,mg/l,True,0.05,,,353.2,UHL001,Actual,SW,Water,,,Clayton,07060004,River/Stream,,43.044508,-91.408351
6,11220020,Unnamed Trib to Silver Creek at 125th St. (SC08),08/27/2008 11:10:00,TMDL,NIT-NO3-NO2,Inorganic nitrogen (nitrate and nitrite) (as N),Total,,3.6,mg/l,True,0.05,,,353.2,UHL001,Actual,SW,Water,,,Clayton,07060004,River/Stream,,43.044508,-91.408351
6,11220021,Creamery Effluent at Highway 52 near Luana,08/27/2008 10:30:00,TMDL,NIT-NO3-NO2,Inorganic nitrogen (nitrate and nitrite) (as N),Total,,7,mg/l,True,0.05,,,353.2,UHL001,Actual,SW,Water,,,Clayton,07060004,River/Stream,,43.051165,-91.439633
6,11220014,Silver Creek at 172nd St. (Site SC04/SiCr1),08/27/2008 09:00:00,TMDL,NIT-NO3-NO2,Inorganic nitrogen (nitrate and nitrite) (as N),Total,,7.1,mg/l,True,0.05,,,353.2,UHL001,Actual,SW,Water,,,Clayton,07060004,River/Stream,,42.973151,-91.441907
6,11220014,Silver Creek at 172nd St. (Site SC04/SiCr1),08/11/2008 09:30:00,TMDL,NIT-NO3-NO2,Inorganic nitrogen (nitrate and nitrite) (as N),Total,,9.3,mg/l,True,0.05,,,353.2,UHL001,Actual,SW,Water,,,Clayton,07060004,River/Stream,,42.973151,-91.441907
6,11220021,Creamery Effluent at Highway 52 near Luana,08/11/2008 10:20:00,TMDL,NIT-NO3-NO2,Inorganic nitrogen (nitrate and nitrite) (as N),Total,,3.3,mg/l,True,0.05,,,353.2,UHL001,Actual,SW,Water,,,Clayton,07060004,River/Stream,,43.051165,-91.439633
6,11220020,Unnamed Trib to Silver Creek at 125th St. (SC08),08/11/2008 10:45:00,TMDL,NIT-NO3-NO2,Inorganic nitrogen (nitrate and nitrite) (as N),Total,,6.9,mg/l,True,0.05,,,353.2,UHL001,Actual,SW,Water,,,Clayton,07060004,River/Stream,,43.044508,-91.408351
6,11220020,Unnamed Trib to Silver Creek at 125th St. (SC08),07/31/2008 12:15:00,TMDL,NIT-NO3-NO2,Inorganic nitrogen (nitrate and nitrite) (as N),Total,,2.3,mg/l,True,0.05,,,353.2,UHL001,Actual,SW,Water,,,Clayton,07060004,River/Stream,,43.044508,-91.408351
6,11220014,Silver Creek at 172nd St. (Site SC04/SiCr1),07/31/2008 09:05:00,TMDL,NIT-NO3-NO2,Inorganic nitrogen (nitrate and nitrite) (as N),Total,,14,mg/l,True,0.05,,,353.2,UHL001,Actual,SW,Water,,,Clayton,07060004,River/Stream,,42.973151,-91.441907
6,11220018,Unnamed Tributary to Silver Creek near Luana (Site SiCr5),07/16/2008 11:25:00,TMDL,NIT-NO3-NO2,Inorganic nitrogen (nitrate and nitrite) (as N),Total,,10,mg/l,True,0.05,,,353.2,UHL001,Actual,SW,Water,,,Clayton,07060004,River/Stream,,43.042488,-91.441209
6,11220014,Silver Creek at 172nd St. (Site SC04/SiCr1),07/16/2008 11:50:00,TMDL,NIT-NO3-NO2,Inorganic nitrogen (nitrate and nitrite) (as N),Total,,12,mg/l,True,0.05,,,353.2,UHL001,Actual,SW,Water,,,Clayton,07060004,River/Stream,,42.973151,-91.441907
6,11220020,Unnamed Trib to Silver Creek at 125th St. (SC08),07/16/2008 10:30:00,TMDL,NIT-NO3-NO2,Inorganic nitrogen (nitrate and nitrite) (as N),Total,,5.2,mg/l,True,0.05,,,353.2,UHL001,Actual,SW,Water,,,Clayton,07060004,River/Stream,,43.044508,-91.408351
6,11220014,Silver Creek at 172nd St. (Site SC04/SiCr1),09/24/2007 09:40:00,TMDL,NIT-NO3-NO2,Inorganic nitrogen (nitrate and nitrite) (as N),Total,,18,mg/l,True,0.05,,,353.2,UHL001,Actual,SW,Water,,,Clayton,07060004,River/Stream,,42.973151,-91.441907
6,11220017,Silver Creek near Luana (Site SiCr4),06/20/2007 11:05:00,TMDL,NIT-NO3-NO2,Inorganic nitrogen (nitrate and nitrite) (as N),Total,,17,mg/l,True,0.05,,,353.2,UHL001,Actual,SW,Water,,,Clayton,07060004,River/Stream,,43.016854,-91.46942
6,11220017,Silver Creek near Luana (Site SiCr4),06/07/2007 11:05:00,TMDL,NIT-NO3-NO2,Inorganic nitrogen (nitrate and nitrite) (as N),Total,,22,mg/l,True,0.05,,,353.2,UHL001,Actual,SW,Water,,,Clayton,07060004,River/Stream,,43.016854,-91.46942
6,11220014,Silver Creek at 172nd St. (Site SC04/SiCr1),04/17/2007 11:30:00,TMDL,NIT-NO3-NO2,Inorganic nitrogen (nitrate and nitrite) (as N),Total,,15,mg/l,True,0.05,,,353.2,UHL001,Actual,SW,Water,,,Clayton,07060004,River/Stream,,42.973151,-91.441907
6,11220018,Unnamed Tributary to Silver Creek near Luana (Site SiCr5),04/17/2007 10:30:00,TMDL,NIT-NO3-NO2,Inorganic nitrogen (nitrate and nitrite) (as N),Total,,12,mg/l,True,0.05,,,353.2,UHL001,Actual,SW,Water,,,Clayton,07060004,River/Stream,,43.042488,-91.441209
6,11220017,Silver Creek near Luana (Site SiCr4),04/03/2007 09:45:00,TMDL,NIT-NO3-NO2,Inorganic nitrogen (nitrate and nitrite) (as N),Total,,14,mg/l,True,0.05,,,353.2,UHL001,Actual,SW,Water,,,Clayton,07060004,River/Stream,,43.016854,-91.46942
6,11220014,Silver Creek at 172nd St. (Site SC04/SiCr1),03/21/2007 11:20:00,TMDL,NIT-NO3-NO2,Inorganic nitrogen (nitrate and nitrite) (as N),Total,,11,mg/l,True,0.05,,,353.2,UHL001,Actual,SW,Water,,,Clayton,07060004,River/Stream,,42.973151,-91.441907
6,11220018,Unnamed Tributary to Silver Creek near Luana (Site SiCr5),03/07/2007 10:30:00,TMDL,NIT-NO3-NO2,Inorganic nitrogen (nitrate and nitrite) (as N),Total,,2.4,mg/l,True,0.05,,,353.2,UHL001,Actual,SW,Water,,,Clayton,07060004,River/Stream,,43.042488,-91.441209
6,11220018,Unnamed Tributary to Silver Creek near Luana (Site SiCr5),03/21/2007 10:30:00,TMDL,NIT-NO3-NO2,Inorganic nitrogen (nitrate and nitrite) (as N),Total,,9.5,mg/l,True,0.05,,,353.2,UHL001,Actual,SW,Water,,,Clayton,07060004,River/Stream,,43.042488,-91.441209
6,11220017,Silver Creek near Luana (Site SiCr4),03/07/2007 11:00:00,TMDL,NIT-NO3-NO2,Inorganic nitrogen (nitrate and nitrite) (as N),Total,,11,mg/l,True,0.05,,,353.2,UHL001,Actual,SW,Water,,,Clayton,07060004,River/Stream,,43.016854,-91.46942
6,11220018,Unnamed Tributary to Silver Creek near Luana (Site SiCr5),02/14/2007 10:30:00,TMDL,NIT-NO3-NO2,Inorganic nitrogen (nitrate and nitrite) (as N),Total,,2.4,mg/l,True,0.05,,,353.2,UHL001,Actual,SW,Water,,,Clayton,07060004,River/Stream,,43.042488,-91.441209
6,11220014,Silver Creek at 172nd St. (Site SC04/SiCr1),02/14/2007 09:30:00,TMDL,NIT-NO3-NO2,Inorganic nitrogen (nitrate and nitrite) (as N),Total,,11,mg/l,True,0.05,,,353.2,UHL001,Actual,SW,Water,,,Clayton,07060004,River/Stream,,42.973151,-91.441907
6,11220017,Silver Creek near Luana (Site SiCr4),01/08/2007 11:05:00,TMDL,NIT-NO3-NO2,Inorganic nitrogen (nitrate and nitrite) (as N),Total,,16,mg/l,True,0.05,,,353.2,UHL001,Actual,SW,Water,,,Clayton,07060004,River/Stream,,43.016854,-91.46942
6,11220018,Unnamed Tributary to Silver Creek near Luana (Site SiCr5),09/06/2006 14:05:00,TMDL,NIT-NO3-NO2,Inorganic nitrogen (nitrate and nitrite) (as N),Total,,28,mg/l,True,0.05,,,353.2,UHL001,Actual,SW,Water,,,Clayton,07060004,River/Stream,,43.042488,-91.441209
6,11220014,Silver Creek at 172nd St. (Site SC04/SiCr1),09/06/2006 10:35:00,TMDL,NIT-NO3-NO2,Inorganic nitrogen (nitrate and nitrite) (as N),Total,,0.82,mg/l,True,0.05,,,353.2,UHL001,Actual,SW,Water,,,Clayton,07060004,River/Stream,,42.973151,-91.441907
6,11220018,Unnamed Tributary to Silver Creek near Luana (Site SiCr5),09/20/2006 12:15:00,TMDL,NIT-NO3-NO2,Inorganic nitrogen (nitrate and nitrite) (as N),Total,,9,mg/l,True,0.05,,,353.2,UHL001,Actual,SW,Water,,,Clayton,07060004,River/Stream,,43.042488,-91.441209
6,11220014,Silver Creek at 172nd St. (Site SC04/SiCr1),09/20/2006 11:00:00,TMDL,NIT-NO3-NO2,Inorganic nitrogen (nitrate and nitrite) (as N),Total,,2.1,mg/l,True,0.05,,,353.2,UHL001,Actual,SW,Water,,,Clayton,07060004,River/Stream,,42.973151,-91.441907
6,11220017,Silver Creek near Luana (Site SiCr4),06/29/2006 08:00:00,TMDL,NIT-NO3-NO2,Inorganic nitrogen (nitrate and nitrite) (as N),Total,,13,mg/l,True,0.05,,,353.2,UHL001,Actual,SW,Water,,,Clayton,07060004,River/Stream,,43.016854,-91.46942
6,11220012,Peck Creek near Osterdock (Site 326),08/10/2006 13:30:00,TMDL,NIT-NO3-NO2,Inorganic nitrogen (nitrate and nitrite) (as N),Total,,0.25,mg/l,True,0.05,,,353.2,UHL001,Actual,SW,Water,,,Clayton,07060004,River/Stream,,42.723821,-91.144286
6,11220014,Silver Creek at 172nd St. (Site SC04/SiCr1),09/11/2006 17:55:00,TMDL,NIT-NO3-NO2,Inorganic nitrogen (nitrate and nitrite) (as N),Total,,1.6,mg/l,True,0.05,,,353.2,UHL001,Actual,SW,Water,,,Clayton,07060004,River/Stream,,42.973151,-91.441907
6,11220018,Unnamed Tributary to Silver Creek near Luana (Site SiCr5),08/07/2006 14:00:00,TMDL,NIT-NO3-NO2,Inorganic nitrogen (nitrate and nitrite) (as N),Total,,14,mg/l,True,0.05,,,353.2,UHL001,Actual,SW,Water,,,Clayton,07060004,River/Stream,,43.042488,-91.441209
6,15220003,North Cedar Creek (NCC),09/18/2001 11:40:00,SNY319,NIT-NO3-NO2,Inorganic nitrogen (nitrate and nitrite) (as N),Total,,2.6,mg/l,True,0.1,,,Unknown,SNY001,Actual,SW,Water,,,Clayton,07060003,River/Stream,,42.96274242,-91.22931615
6,15220003,North Cedar Creek (NCC),09/11/2001 14:05:00,SNY319,NIT-NO3-NO2,Inorganic nitrogen (nitrate and nitrite) (as N),Total,,2.6,mg/l,True,0.1,,,Unknown,SNY001,Actual,SW,Water,,,Clayton,07060003,River/Stream,,42.96274242,-91.22931615
6,15220003,North Cedar Creek (NCC),09/04/2001 12:00:00,SNY319,NIT-NO3-NO2,Inorganic nitrogen (nitrate and nitrite) (as N),Total,,2.4,mg/l,True,0.1,,,Unknown,SNY001,Actual,SW,Water,,,Clayton,07060003,River/Stream,,42.96274242,-91.22931615
6,15220003,North Cedar Creek (NCC),08/07/2001 12:05:00,SNY319,NIT-NO3-NO2,Inorganic nitrogen (nitrate and nitrite) (as N),Total,,3,mg/l,True,0.1,,,Unknown,SNY001,Actual,SW,Water,,,Clayton,07060003,River/Stream,,42.96274242,-91.22931615
6,15220003,North Cedar Creek (NCC),07/31/2001 14:35:00,SNY319,NIT-NO3-NO2,Inorganic nitrogen (nitrate and nitrite) (as N),Total,,2.6,mg/l,True,0.1,,,Unknown,SNY001,Actual,SW,Water,,,Clayton,07060003,River/Stream,,42.96274242,-91.22931615
6,15220003,North Cedar Creek (NCC),07/24/2001 12:25:00,SNY319,NIT-NO3-NO2,Inorganic nitrogen (nitrate and nitrite) (as N),Total,,3,mg/l,True,0.1,,,Unknown,SNY001,Actual,SW,Water,,,Clayton,07060003,River/Stream,,42.96274242,-91.22931615
6,15220003,North Cedar Creek (NCC),07/17/2001 12:45:00,SNY319,NIT-NO3-NO2,Inorganic nitrogen (nitrate and nitrite) (as N),Total,,3.1,mg/l,True,0.1,,,Unknown,SNY001,Actual,SW,Water,,,Clayton,07060003,River/Stream,,42.96274242,-91.22931615
6,15220003,North Cedar Creek (NCC),06/19/2001 12:45:00,SNY319,NIT-NO3-NO2,Inorganic nitrogen (nitrate and nitrite) (as N),Total,,5.3,mg/l,True,0.1,,,Unknown,SNY001,Actual,SW,Water,,,Clayton,07060003,River/Stream,,42.96274242,-91.22931615
6,15220003,North Cedar Creek (NCC),06/12/2001 12:20:00,SNY319,NIT-NO3-NO2,Inorganic nitrogen (nitrate and nitrite) (as N),Total,,4.8,mg/l,True,0.1,,,Unknown,SNY001,Actual,SW,Water,,,Clayton,07060003,River/Stream,,42.96274242,-91.22931615
6,15220003,North Cedar Creek (NCC),06/05/2001 12:25:00,SNY319,NIT-NO3-NO2,Inorganic nitrogen (nitrate and nitrite) (as N),Total,,4.1,mg/l,True,0.1,,,Unknown,SNY001,Actual,SW,Water,,,Clayton,07060003,River/Stream,,42.96274242,-91.22931615
6,15220003,North Cedar Creek (NCC),05/08/2001 13:30:00,SNY319,NIT-NO3-NO2,Inorganic nitrogen (nitrate and nitrite) (as N),Total,,6.9,mg/l,True,0.1,,,Unknown,SNY001,Actual,SW,Water,,,Clayton,07060003,River/Stream,,42.96274242,-91.22931615
6,15220003,North Cedar Creek (NCC),05/01/2001 12:15:00,SNY319,NIT-NO3-NO2,Inorganic nitrogen (nitrate and nitrite) (as N),Total,,3,mg/l,True,0.1,,,Unknown,SNY001,Actual,SW,Water,,,Clayton,07060003,River/Stream,,42.96274242,-91.22931615
6,15220003,North Cedar Creek (NCC),04/24/2001 15:40:00,SNY319,NIT-NO3-NO2,Inorganic nitrogen (nitrate and nitrite) (as N),Total,,4.1,mg/l,True,0.1,,,Unknown,SNY001,Actual,SW,Water,,,Clayton,07060003,River/Stream,,42.96274242,-91.22931615
6,15220003,North Cedar Creek (NCC),03/27/2001 13:55:00,SNY319,NIT-NO3-NO2,Inorganic nitrogen (nitrate and nitrite) (as N),Total,,6,mg/l,True,0.1,,,Unknown,SNY001,Actual,SW,Water,,,Clayton,07060003,River/Stream,,42.96274242,-91.22931615
6,15220003,North Cedar Creek (NCC),03/20/2001 13:45:00,SNY319,NIT-NO3-NO2,Inorganic nitrogen (nitrate and nitrite) (as N),Total,,4.4,mg/l,True,0.1,,,Unknown,SNY001,Actual,SW,Water,,,Clayton,07060003,River/Stream,,42.96274242,-91.22931615
6,15220003,North Cedar Creek (NCC),03/13/2001 12:30:00,SNY319,NIT-NO3-NO2,Inorganic nitrogen (nitrate and nitrite) (as N),Total,,2.6,mg/l,True,0.1,,,Unknown,SNY001,Actual,SW,Water,,,Clayton,07060003,River/Stream,,42.96274242,-91.22931615
6,15220003,North Cedar Creek (NCC),03/06/2001 12:45:00,SNY319,NIT-NO3-NO2,Inorganic nitrogen (nitrate and nitrite) (as N),Total,,2.4,mg/l,True,0.1,,,Unknown,SNY001,Actual,SW,Water,,,Clayton,07060003,River/Stream,,42.96274242,-91.22931615
6,15220003,North Cedar Creek (NCC),02/06/2001 12:25:00,SNY319,NIT-NO3-NO2,Inorganic nitrogen (nitrate and nitrite) (as N),Total,,2.5,mg/l,True,0.1,,,Unknown,SNY001,Actual,SW,Water,,,Clayton,07060003,River/Stream,,42.96274242,-91.22931615
6,15220003,North Cedar Creek (NCC),01/23/2001 12:45:00,SNY319,NIT-NO3-NO2,Inorganic nitrogen (nitrate and nitrite) (as N),Total,,2.6,mg/l,True,0.1,,,Unknown,SNY001,Actual,SW,Water,,,Clayton,07060003,River/Stream,,42.96274242,-91.22931615
6,15220003,North Cedar Creek (NCC),01/16/2001 12:20:00,SNY319,NIT-NO3-NO2,Inorganic nitrogen (nitrate and nitrite) (as N),Total,,2.3,mg/l,True,0.1,,,Unknown,SNY001,Actual,SW,Water,,,Clayton,07060003,River/Stream,,42.96274242,-91.22931615
6,15220002,Bloody Run Creek at Spook Cave (BRSC),08/28/2001 12:10:00,SNY319,NIT-NO3-NO2,Inorganic nitrogen (nitrate and nitrite) (as N),Total,,11,mg/l,True,0.1,,,Unknown,SNY001,Actual,SW,Water,,,Clayton,07060001,River/Stream,,43.03326422,-91.30759437
6,15220002,Bloody Run Creek at Spook Cave (BRSC),07/31/2001 12:35:00,SNY319,NIT-NO3-NO2,Inorganic nitrogen (nitrate and nitrite) (as N),Total,,11,mg/l,True,0.1,,,Unknown,SNY001,Actual,SW,Water,,,Clayton,07060001,River/Stream,,43.03326422,-91.30759437
6,15220002,Bloody Run Creek at Spook Cave (BRSC),06/26/2001 11:05:00,SNY319,NIT-NO3-NO2,Inorganic nitrogen (nitrate and nitrite) (as N),Total,,12,mg/l,True,0.1,,,Unknown,SNY001,Actual,SW,Water,,,Clayton,07060001,River/Stream,,43.03326422,-91.30759437
6,15220002,Bloody Run Creek at Spook Cave (BRSC),02/27/2001 11:40:00,SNY319,NIT-NO3-NO2,Inorganic nitrogen (nitrate and nitrite) (as N),Total,,12,mg/l,True,0.1,,,Unknown,SNY001,Actual,SW,Water,,,Clayton,07060001,River/Stream,,43.03326422,-91.30759437
6,15220002,Bloody Run Creek at Spook Cave (BRSC),01/30/2001 11:50:00,SNY319,NIT-NO3-NO2,Inorganic nitrogen (nitrate and nitrite) (as N),Total,,11,mg/l,True,0.1,,,Unknown,SNY001,Actual,SW,Water,,,Clayton,07060001,River/Stream,,43.03326422,-91.30759437
6,15220001,Bloody Run Creek Site #2 (BR02),09/25/2001 12:15:00,SNY319,NIT-NO3-NO2,Inorganic nitrogen (nitrate and nitrite) (as N),Total,,9.3,mg/l,True,0.1,,,Unknown,SNY001,Actual,SW,Water,,,Clayton,07060001,River/Stream,,43.03547975,-91.26682808
6,15220001,Bloody Run Creek Site #2 (BR02),09/18/2001 10:40:00,SNY319,NIT-NO3-NO2,Inorganic nitrogen (nitrate and nitrite) (as N),Total,,11,mg/l,True,0.1,,,Unknown,SNY001,Actual,SW,Water,,,Clayton,07060001,River/Stream,,43.03547975,-91.26682808
6,15220001,Bloody Run Creek Site #2 (BR02),08/21/2001 10:40:00,SNY319,NIT-NO3-NO2,Inorganic nitrogen (nitrate and nitrite) (as N),Total,,11,mg/l,True,0.1,,,Unknown,SNY001,Actual,SW,Water,,,Clayton,07060001,River/Stream,,43.03547975,-91.26682808
6,15220001,Bloody Run Creek Site #2 (BR02),08/14/2001 12:25:00,SNY319,NIT-NO3-NO2,Inorganic nitrogen (nitrate and nitrite) (as N),Total,,11,mg/l,True,0.1,,,Unknown,SNY001,Actual,SW,Water,,,Clayton,07060001,River/Stream,,43.03547975,-91.26682808
6,15220001,Bloody Run Creek Site #2 (BR02),08/07/2001 10:50:00,SNY319,NIT-NO3-NO2,Inorganic nitrogen (nitrate and nitrite) (as N),Total,,11,mg/l,True,0.1,,,Unknown,SNY001,Actual,SW,Water,,,Clayton,07060001,River/Stream,,43.03547975,-91.26682808
6,15220001,Bloody Run Creek Site #2 (BR02),07/10/2001 10:50:00,SNY319,NIT-NO3-NO2,Inorganic nitrogen (nitrate and nitrite) (as N),Total,,11,mg/l,True,0.1,,,Unknown,SNY001,Actual,SW,Water,,,Clayton,07060001,River/Stream,,43.03547975,-91.26682808
6,15220001,Bloody Run Creek Site #2 (BR02),07/03/2001 10:30:00,SNY319,NIT-NO3-NO2,Inorganic nitrogen (nitrate and nitrite) (as N),Total,,11,mg/l,True,0.1,,,Unknown,SNY001,Actual,SW,Water,,,Clayton,07060001,River/Stream,,43.03547975,-91.26682808
6,15220001,Bloody Run Creek Site #2 (BR02),06/26/2001 11:25:00,SNY319,NIT-NO3-NO2,Inorganic nitrogen (nitrate and nitrite) (as N),Total,,11,mg/l,True,0.1,,,Unknown,SNY001,Actual,SW,Water,,,Clayton,07060001,River/Stream,,43.03547975,-91.26682808
6,15220001,Bloody Run Creek Site #2 (BR02),05/29/2001 11:25:00,SNY319,NIT-NO3-NO2,Inorganic nitrogen (nitrate and nitrite) (as N),Total,,11,mg/l,True,0.1,,,Unknown,SNY001,Actual,SW,Water,,,Clayton,07060001,River/Stream,,43.03547975,-91.26682808
6,15220001,Bloody Run Creek Site #2 (BR02),05/22/2001 11:30:00,SNY319,NIT-NO3-NO2,Inorganic nitrogen (nitrate and nitrite) (as N),Total,,11,mg/l,True,0.1,,,Unknown,SNY001,Actual,SW,Water,,,Clayton,07060001,River/Stream,,43.03547975,-91.26682808
6,15220001,Bloody Run Creek Site #2 (BR02),05/15/2001 10:50:00,SNY319,NIT-NO3-NO2,Inorganic nitrogen (nitrate and nitrite) (as N),Total,,12,mg/l,True,0.1,,,Unknown,SNY001,Actual,SW,Water,,,Clayton,07060001,River/Stream,,43.03547975,-91.26682808
6,15220001,Bloody Run Creek Site #2 (BR02),05/08/2001 12:00:00,SNY319,NIT-NO3-NO2,Inorganic nitrogen (nitrate and nitrite) (as N),Total,,12,mg/l,True,0.1,,,Unknown,SNY001,Actual,SW,Water,,,Clayton,07060001,River/Stream,,43.03547975,-91.26682808
6,15220001,Bloody Run Creek Site #2 (BR02),04/10/2001 11:45:00,SNY319,NIT-NO3-NO2,Inorganic nitrogen (nitrate and nitrite) (as N),Total,,11,mg/l,True,0.1,,,Unknown,SNY001,Actual,SW,Water,,,Clayton,07060001,River/Stream,,43.03547975,-91.26682808
6,15220001,Bloody Run Creek Site #2 (BR02),04/03/2001 11:40:00,SNY319,NIT-NO3-NO2,Inorganic nitrogen (nitrate and nitrite) (as N),Total,,12,mg/l,True,0.1,,,Unknown,SNY001,Actual,SW,Water,,,Clayton,07060001,River/Stream,,43.03547975,-91.26682808
6,15220001,Bloody Run Creek Site #2 (BR02),03/27/2001 12:10:00,SNY319,NIT-NO3-NO2,Inorganic nitrogen (nitrate and nitrite) (as N),Total,,12,mg/l,True,0.1,,,Unknown,SNY001,Actual,SW,Water,,,Clayton,07060001,River/Stream,,43.03547975,-91.26682808
6,15220001,Bloody Run Creek Site #2 (BR02),02/27/2001 12:00:00,SNY319,NIT-NO3-NO2,Inorganic nitrogen (nitrate and nitrite) (as N),Total,,11,mg/l,True,0.1,,,Unknown,SNY001,Actual,SW,Water,,,Clayton,07060001,River/Stream,,43.03547975,-91.26682808
6,15220001,Bloody Run Creek Site #2 (BR02),02/20/2001 11:15:00,SNY319,NIT-NO3-NO2,Inorganic nitrogen (nitrate and nitrite) (as N),Total,,11,mg/l,True,0.1,,,Unknown,SNY001,Actual,SW,Water,,,Clayton,07060001,River/Stream,,43.03547975,-91.26682808
6,15220001,Bloody Run Creek Site #2 (BR02),02/13/2001 12:10:00,SNY319,NIT-NO3-NO2,Inorganic nitrogen (nitrate and nitrite) (as N),Total,,11,mg/l,True,0.1,,,Unknown,SNY001,Actual,SW,Water,,,Clayton,07060001,River/Stream,,43.03547975,-91.26682808
6,15220001,Bloody Run Creek Site #2 (BR02),01/09/2001 11:25:00,SNY319,NIT-NO3-NO2,Inorganic nitrogen (nitrate and nitrite) (as N),Total,,12,mg/l,True,0.1,,,Unknown,SNY001,Actual,SW,Water,,,Clayton,07060001,River/Stream,,43.03547975,-91.26682808
6,15220001,Bloody Run Creek Site #2 (BR02),01/02/2001 11:45:00,SNY319,NIT-NO3-NO2,Inorganic nitrogen (nitrate and nitrite) (as N),Total,,12,mg/l,True,0.1,,,Unknown,SNY001,Actual,SW,Water,,,Clayton,07060001,River/Stream,,43.03547975,-91.26682808
6,15220003,North Cedar Creek (NCC),12/26/2000 11:35:00,SNY319,NIT-NO3-NO2,Inorganic nitrogen (nitrate and nitrite) (as N),Total,,2.4,mg/l,True,0.1,,,Unknown,SNY001,Actual,SW,Water,,,Clayton,07060003,River/Stream,,42.96274242,-91.22931615
6,15220003,North Cedar Creek (NCC),11/28/2000 14:10:00,SNY319,NIT-NO3-NO2,Inorganic nitrogen (nitrate and nitrite) (as N),Total,,2.2,mg/l,True,0.1,,,Unknown,SNY001,Actual,SW,Water,,,Clayton,07060003,River/Stream,,42.96274242,-91.22931615
6,15220003,North Cedar Creek (NCC),11/21/2000 13:25:00,SNY319,NIT-NO3-NO2,Inorganic nitrogen (nitrate and nitrite) (as N),Total,,2.6,mg/l,True,0.1,,,Unknown,SNY001,Actual,SW,Water,,,Clayton,07060003,River/Stream,,42.96274242,-91.22931615
6,15220003,North Cedar Creek (NCC),11/14/2000 12:35:00,SNY319,NIT-NO3-NO2,Inorganic nitrogen (nitrate and nitrite) (as N),Total,,2.3,mg/l,True,0.1,,,Unknown,SNY001,Actual,SW,Water,,,Clayton,07060003,River/Stream,,42.96274242,-91.22931615
6,15220003,North Cedar Creek (NCC),10/17/2000 12:40:00,SNY319,NIT-NO3-NO2,Inorganic nitrogen (nitrate and nitrite) (as N),Total,,1.8,mg/l,True,0.1,,,Unknown,SNY001,Actual,SW,Water,,,Clayton,07060003,River/Stream,,42.96274242,-91.22931615
6,15220003,North Cedar Creek (NCC),10/10/2000 13:10:00,SNY319,NIT-NO3-NO2,Inorganic nitrogen (nitrate and nitrite) (as N),Total,,2.2,mg/l,True,0.1,,,Unknown,SNY001,Actual,SW,Water,,,Clayton,07060003,River/Stream,,42.96274242,-91.22931615
6,15220003,North Cedar Creek (NCC),10/03/2000 12:50:00,SNY319,NIT-NO3-NO2,Inorganic nitrogen (nitrate and nitrite) (as N),Total,,2.1,mg/l,True,0.1,,,Unknown,SNY001,Actual,SW,Water,,,Clayton,07060003,River/Stream,,42.96274242,-91.22931615
6,15220002,Bloody Run Creek at Spook Cave (BRSC),12/26/2000 09:00:00,SNY319,NIT-NO3-NO2,Inorganic nitrogen (nitrate and nitrite) (as N),Total,,12,mg/l,True,0.1,,,Unknown,SNY001,Actual,SW,Water,,,Clayton,07060001,River/Stream,,43.03326422,-91.30759437
6,15220001,Bloody Run Creek Site #2 (BR02),12/19/2000 13:00:00,SNY319,NIT-NO3-NO2,Inorganic nitrogen (nitrate and nitrite) (as N),Total,,12,mg/l,True,0.1,,,Unknown,SNY001,Actual,SW,Water,,,Clayton,07060001,River/Stream,,43.03547975,-91.26682808
6,15220001,Bloody Run Creek Site #2 (BR02),12/12/2000 11:45:00,SNY319,NIT-NO3-NO2,Inorganic nitrogen (nitrate and nitrite) (as N),Total,,12,mg/l,True,0.1,,,Unknown,SNY001,Actual,SW,Water,,,Clayton,07060001,River/Stream,,43.03547975,-91.26682808
6,15220001,Bloody Run Creek Site #2 (BR02),12/05/2000 11:30:00,SNY319,NIT-NO3-NO2,Inorganic nitrogen (nitrate and nitrite) (as N),Total,,11,mg/l,True,0.1,,,Unknown,SNY001,Actual,SW,Water,,,Clayton,07060001,River/Stream,,43.03547975,-91.26682808
6,15220001,Bloody Run Creek Site #2 (BR02),11/07/2000 11:55:00,SNY319,NIT-NO3-NO2,Inorganic nitrogen (nitrate and nitrite) (as N),Total,,11,mg/l,True,0.1,,,Unknown,SNY001,Actual,SW,Water,,,Clayton,07060001,River/Stream,,43.03547975,-91.26682808
6,15220001,Bloody Run Creek Site #2 (BR02),10/31/2000 11:55:00,SNY319,NIT-NO3-NO2,Inorganic nitrogen (nitrate and nitrite) (as N),Total,,12,mg/l,True,0.1,,,Unknown,SNY001,Actual,SW,Water,,,Clayton,07060001,River/Stream,,43.03547975,-91.26682808
6,15220001,Bloody Run Creek Site #2 (BR02),10/24/2000 12:10:00,SNY319,NIT-NO3-NO2,Inorganic nitrogen (nitrate and nitrite) (as N),Total,,10,mg/l,True,0.1,,,Unknown,SNY001,Actual,SW,Water,,,Clayton,07060001,River/Stream,,43.03547975,-91.26682808
6,15220003,North Cedar Creek (NCC),09/19/2000 12:35:00,SNY319,NIT-NO3-NO2,Inorganic nitrogen (nitrate and nitrite) (as N),Total,,2,mg/l,True,0.1,,,Unknown,SNY001,Actual,SW,Water,,,Clayton,07060003,River/Stream,,42.96274242,-91.22931615
6,15220003,North Cedar Creek (NCC),09/12/2000 13:20:00,SNY319,NIT-NO3-NO2,Inorganic nitrogen (nitrate and nitrite) (as N),Total,,2.1,mg/l,True,0.1,,,Unknown,SNY001,Actual,SW,Water,,,Clayton,07060003,River/Stream,,42.96274242,-91.22931615
6,15220003,North Cedar Creek (NCC),09/05/2000 12:40:00,SNY319,NIT-NO3-NO2,Inorganic nitrogen (nitrate and nitrite) (as N),Total,,2.2,mg/l,True,0.1,,,Unknown,SNY001,Actual,SW,Water,,,Clayton,07060003,River/Stream,,42.96274242,-91.22931615
6,15220003,North Cedar Creek (NCC),08/08/2000 12:45:00,SNY319,NIT-NO3-NO2,Inorganic nitrogen (nitrate and nitrite) (as N),Total,,3,mg/l,True,0.1,,,Unknown,SNY001,Actual,SW,Water,,,Clayton,07060003,River/Stream,,42.96274242,-91.22931615
6,15220003,North Cedar Creek (NCC),08/01/2000 14:25:00,SNY319,NIT-NO3-NO2,Inorganic nitrogen (nitrate and nitrite) (as N),Total,,3,mg/l,True,0.1,,,Unknown,SNY001,Actual,SW,Water,,,Clayton,07060003,River/Stream,,42.96274242,-91.22931615
6,15220003,North Cedar Creek (NCC),07/25/2000 14:00:00,SNY319,NIT-NO3-NO2,Inorganic nitrogen (nitrate and nitrite) (as N),Total,,3.4,mg/l,True,0.1,,,Unknown,SNY001,Actual,SW,Water,,,Clayton,07060003,River/Stream,,42.96274242,-91.22931615
6,15220003,North Cedar Creek (NCC),07/18/2000 13:30:00,SNY319,NIT-NO3-NO2,Inorganic nitrogen (nitrate and nitrite) (as N),Total,,4.1,mg/l,True,0.1,,,Unknown,SNY001,Actual,SW,Water,,,Clayton,07060003,River/Stream,,42.96274242,-91.22931615
6,15220003,North Cedar Creek (NCC),06/20/2000 12:50:00,SNY319,NIT-NO3-NO2,Inorganic nitrogen (nitrate and nitrite) (as N),Total,,5.6,mg/l,True,0.1,,,Unknown,SNY001,Actual,SW,Water,,,Clayton,07060003,River/Stream,,42.96274242,-91.22931615
6,15220003,North Cedar Creek (NCC),06/13/2000 14:00:00,SNY319,NIT-NO3-NO2,Inorganic nitrogen (nitrate and nitrite) (as N),Total,,4.6,mg/l,True,0.1,,,Unknown,SNY001,Actual,SW,Water,,,Clayton,07060003,River/Stream,,42.96274242,-91.22931615
6,15220003,North Cedar Creek (NCC),06/06/2000 12:40:00,SNY319,NIT-NO3-NO2,Inorganic nitrogen (nitrate and nitrite) (as N),Total,,7.9,mg/l,True,0.1,,,Unknown,SNY001,Actual,SW,Water,,,Clayton,07060003,River/Stream,,42.96274242,-91.22931615
6,15220003,North Cedar Creek (NCC),05/09/2000 13:45:00,SNY319,NIT-NO3-NO2,Inorganic nitrogen (nitrate and nitrite) (as N),Total,,2.4,mg/l,True,0.1,,,Unknown,SNY001,Actual,SW,Water,,,Clayton,07060003,River/Stream,,42.96274242,-91.22931615
6,15220003,North Cedar Creek (NCC),05/02/2000 13:40:00,SNY319,NIT-NO3-NO2,Inorganic nitrogen (nitrate and nitrite) (as N),Total,,2.6,mg/l,True,0.1,,,Unknown,SNY001,Actual,SW,Water,,,Clayton,07060003,River/Stream,,42.96274242,-91.22931615
6,15220003,North Cedar Creek (NCC),04/25/2000 14:50:00,SNY319,NIT-NO3-NO2,Inorganic nitrogen (nitrate and nitrite) (as N),Total,,3.3,mg/l,True,0.1,,,Unknown,SNY001,Actual,SW,Water,,,Clayton,07060003,River/Stream,,42.96274242,-91.22931615
6,15220003,North Cedar Creek (NCC),04/18/2000 13:10:00,SNY319,NIT-NO3-NO2,Inorganic nitrogen (nitrate and nitrite) (as N),Total,,2.1,mg/l,True,0.1,,,Unknown,SNY001,Actual,SW,Water,,,Clayton,07060003,River/Stream,,42.96274242,-91.22931615
6,15220003,North Cedar Creek (NCC),03/21/2000 13:00:00,SNY319,NIT-NO3-NO2,Inorganic nitrogen (nitrate and nitrite) (as N),Total,,2.5,mg/l,True,0.1,,,Unknown,SNY001,Actual,SW,Water,,,Clayton,07060003,River/Stream,,42.96274242,-91.22931615
6,15220003,North Cedar Creek (NCC),03/14/2000 13:30:00,SNY319,NIT-NO3-NO2,Inorganic nitrogen (nitrate and nitrite) (as N),Total,,2.4,mg/l,True,0.1,,,Unknown,SNY001,Actual,SW,Water,,,Clayton,07060003,River/Stream,,42.96274242,-91.22931615
6,15220003,North Cedar Creek (NCC),03/07/2000 12:45:00,SNY319,NIT-NO3-NO2,Inorganic nitrogen (nitrate and nitrite) (as N),Total,,2.5,mg/l,True,0.1,,,Unknown,SNY001,Actual,SW,Water,,,Clayton,07060003,River/Stream,,42.96274242,-91.22931615
6,15220003,North Cedar Creek (NCC),02/08/2000 14:15:00,SNY319,NIT-NO3-NO2,Inorganic nitrogen (nitrate and nitrite) (as N),Total,,2.6,mg/l,True,0.1,,,Unknown,SNY001,Actual,SW,Water,,,Clayton,07060003,River/Stream,,42.96274242,-91.22931615
6,15220003,North Cedar Creek (NCC),02/01/2000 13:15:00,SNY319,NIT-NO3-NO2,Inorganic nitrogen (nitrate and nitrite) (as N),Total,,2.6,mg/l,True,0.1,,,Unknown,SNY001,Actual,SW,Water,,,Clayton,07060003,River/Stream,,42.96274242,-91.22931615
6,15220003,North Cedar Creek (NCC),01/25/2000 14:05:00,SNY319,NIT-NO3-NO2,Inorganic nitrogen (nitrate and nitrite) (as N),Total,,2.6,mg/l,True,0.1,,,Unknown,SNY001,Actual,SW,Water,,,Clayton,07060003,River/Stream,,42.96274242,-91.22931615
6,15220003,North Cedar Creek (NCC),01/18/2000 13:25:00,SNY319,NIT-NO3-NO2,Inorganic nitrogen (nitrate and nitrite) (as N),Total,,2.9,mg/l,True,0.1,,,Unknown,SNY001,Actual,SW,Water,,,Clayton,07060003,River/Stream,,42.96274242,-91.22931615
6,15220002,Bloody Run Creek at Spook Cave (BRSC),08/29/2000 12:10:00,SNY319,NIT-NO3-NO2,Inorganic nitrogen (nitrate and nitrite) (as N),Total,,11,mg/l,True,0.1,,,Unknown,SNY001,Actual,SW,Water,,,Clayton,07060001,River/Stream,,43.03326422,-91.30759437
6,15220002,Bloody Run Creek at Spook Cave (BRSC),07/25/2000 11:20:00,SNY319,NIT-NO3-NO2,Inorganic nitrogen (nitrate and nitrite) (as N),Total,,11,mg/l,True,0.1,,,Unknown,SNY001,Actual,SW,Water,,,Clayton,07060001,River/Stream,,43.03326422,-91.30759437
6,15220002,Bloody Run Creek at Spook Cave (BRSC),06/27/2000 12:00:00,SNY319,NIT-NO3-NO2,Inorganic nitrogen (nitrate and nitrite) (as N),Total,,10,mg/l,True,0.1,,,Unknown,SNY001,Actual,SW,Water,,,Clayton,07060001,River/Stream,,43.03326422,-91.30759437
6,15220002,Bloody Run Creek at Spook Cave (BRSC),01/25/2000 11:40:00,SNY319,NIT-NO3-NO2,Inorganic nitrogen (nitrate and nitrite) (as N),Total,,12,mg/l,True,0.1,,,Unknown,SNY001,Actual,SW,Water,,,Clayton,07060001,River/Stream,,43.03326422,-91.30759437
6,15220001,Bloody Run Creek Site #2 (BR02),09/26/2000 12:35:00,SNY319,NIT-NO3-NO2,Inorganic nitrogen (nitrate and nitrite) (as N),Total,,8.3,mg/l,True,0.1,,,Unknown,SNY001,Actual,SW,Water,,,Clayton,07060001,River/Stream,,43.03547975,-91.26682808
6,15220001,Bloody Run Creek Site #2 (BR02),09/19/2000 11:10:00,SNY319,NIT-NO3-NO2,Inorganic nitrogen (nitrate and nitrite) (as N),Total,,10,mg/l,True,0.1,,,Unknown,SNY001,Actual,SW,Water,,,Clayton,07060001,River/Stream,,43.03547975,-91.26682808
6,15220001,Bloody Run Creek Site #2 (BR02),08/22/2000 11:20:00,SNY319,NIT-NO3-NO2,Inorganic nitrogen (nitrate and nitrite) (as N),Total,,9.9,mg/l,True,0.1,,,Unknown,SNY001,Actual,SW,Water,,,Clayton,07060001,River/Stream,,43.03547975,-91.26682808
6,15220001,Bloody Run Creek Site #2 (BR02),08/15/2000 12:00:00,SNY319,NIT-NO3-NO2,Inorganic nitrogen (nitrate and nitrite) (as N),Total,,10,mg/l,True,0.1,,,Unknown,SNY001,Actual,SW,Water,,,Clayton,07060001,River/Stream,,43.03547975,-91.26682808
6,15220001,Bloody Run Creek Site #2 (BR02),08/08/2000 11:20:00,SNY319,NIT-NO3-NO2,Inorganic nitrogen (nitrate and nitrite) (as N),Total,,10,mg/l,True,0.1,,,Unknown,SNY001,Actual,SW,Water,,,Clayton,07060001,River/Stream,,43.03547975,-91.26682808
6,15220001,Bloody Run Creek Site #2 (BR02),08/01/2000 12:45:00,SNY319,NIT-NO3-NO2,Inorganic nitrogen (nitrate and nitrite) (as N),Total,,11,mg/l,True,0.1,,,Unknown,SNY001,Actual,SW,Water,,,Clayton,07060001,River/Stream,,43.03547975,-91.26682808
6,15220001,Bloody Run Creek Site #2 (BR02),07/04/2000 11:40:00,SNY319,NIT-NO3-NO2,Inorganic nitrogen (nitrate and nitrite) (as N),Total,,11,mg/l,True,0.1,,,Unknown,SNY001,Actual,SW,Water,,,Clayton,07060001,River/Stream,,43.03547975,-91.26682808
6,15220001,Bloody Run Creek Site #2 (BR02),06/27/2000 12:25:00,SNY319,NIT-NO3-NO2,Inorganic nitrogen (nitrate and nitrite) (as N),Total,,9.9,mg/l,True,0.1,,,Unknown,SNY001,Actual,SW,Water,,,Clayton,07060001,River/Stream,,43.03547975,-91.26682808
6,15220001,Bloody Run Creek Site #2 (BR02),06/20/2000 11:10:00,SNY319,NIT-NO3-NO2,Inorganic nitrogen (nitrate and nitrite) (as N),Total,,11,mg/l,True,0.1,,,Unknown,SNY001,Actual,SW,Water,,,Clayton,07060001,River/Stream,,43.03547975,-91.26682808
6,15220001,Bloody Run Creek Site #2 (BR02),05/23/2000 11:35:00,SNY319,NIT-NO3-NO2,Inorganic nitrogen (nitrate and nitrite) (as N),Total,,11,mg/l,True,0.1,,,Unknown,SNY001,Actual,SW,Water,,,Clayton,07060001,River/Stream,,43.03547975,-91.26682808
6,15220001,Bloody Run Creek Site #2 (BR02),05/16/2000 11:10:00,SNY319,NIT-NO3-NO2,Inorganic nitrogen (nitrate and nitrite) (as N),Total,,9.5,mg/l,True,0.1,,,Unknown,SNY001,Actual,SW,Water,,,Clayton,07060001,River/Stream,,43.03547975,-91.26682808
6,15220001,Bloody Run Creek Site #2 (BR02),05/09/2000 11:55:00,SNY319,NIT-NO3-NO2,Inorganic nitrogen (nitrate and nitrite) (as N),Total,,9.5,mg/l,True,0.1,,,Unknown,SNY001,Actual,SW,Water,,,Clayton,07060001,River/Stream,,43.03547975,-91.26682808
6,15220001,Bloody Run Creek Site #2 (BR02),04/04/2000 11:40:00,SNY319,NIT-NO3-NO2,Inorganic nitrogen (nitrate and nitrite) (as N),Total,,11,mg/l,True,0.1,,,Unknown,SNY001,Actual,SW,Water,,,Clayton,07060001,River/Stream,,43.03547975,-91.26682808
6,15220001,Bloody Run Creek Site #2 (BR02),03/28/2000 12:55:00,SNY319,NIT-NO3-NO2,Inorganic nitrogen (nitrate and nitrite) (as N),Total,,10,mg/l,True,0.1,,,Unknown,SNY001,Actual,SW,Water,,,Clayton,07060001,River/Stream,,43.03547975,-91.26682808
6,15220001,Bloody Run Creek Site #2 (BR02),03/21/2000 11:30:00,SNY319,NIT-NO3-NO2,Inorganic nitrogen (nitrate and nitrite) (as N),Total,,11,mg/l,True,0.1,,,Unknown,SNY001,Actual,SW,Water,,,Clayton,07060001,River/Stream,,43.03547975,-91.26682808
6,15220001,Bloody Run Creek Site #2 (BR02),02/22/2000 12:00:00,SNY319,NIT-NO3-NO2,Inorganic nitrogen (nitrate and nitrite) (as N),Total,,11,mg/l,True,0.1,,,Unknown,SNY001,Actual,SW,Water,,,Clayton,07060001,River/Stream,,43.03547975,-91.26682808
6,15220001,Bloody Run Creek Site #2 (BR02),02/15/2000 11:50:00,SNY319,NIT-NO3-NO2,Inorganic nitrogen (nitrate and nitrite) (as N),Total,,11,mg/l,True,0.1,,,Unknown,SNY001,Actual,SW,Water,,,Clayton,07060001,River/Stream,,43.03547975,-91.26682808
6,15220001,Bloody Run Creek Site #2 (BR02),02/08/2000 11:45:00,SNY319,NIT-NO3-NO2,Inorganic nitrogen (nitrate and nitrite) (as N),Total,,12,mg/l,True,0.1,,,Unknown,SNY001,Actual,SW,Water,,,Clayton,07060001,River/Stream,,43.03547975,-91.26682808
6,15220001,Bloody Run Creek Site #2 (BR02),01/04/2000 11:30:00,SNY319,NIT-NO3-NO2,Inorganic nitrogen (nitrate and nitrite) (as N),Total,,12,mg/l,True,0.1,,,Unknown,SNY001,Actual,SW,Water,,,Clayton,07060001,River/Stream,,43.03547975,-91.26682808
6,15220003,North Cedar Creek (NCC),12/28/1999 14:15:00,SNY319,NIT-NO3-NO2,Inorganic nitrogen (nitrate and nitrite) (as N),Total,,2.8,mg/l,True,0.1,,,Unknown,SNY001,Actual,SW,Water,,,Clayton,07060003,River/Stream,,42.96274242,-91.22931615
6,15220003,North Cedar Creek (NCC),12/21/1999 13:00:00,SNY319,NIT-NO3-NO2,Inorganic nitrogen (nitrate and nitrite) (as N),Total,,3,mg/l,True,0.1,,,Unknown,SNY001,Actual,SW,Water,,,Clayton,07060003,River/Stream,,42.96274242,-91.22931615
6,15220003,North Cedar Creek (NCC),11/16/1999 12:55:00,SNY319,NIT-NO3-NO2,Inorganic nitrogen (nitrate and nitrite) (as N),Total,,2.3,mg/l,True,0.1,,,Unknown,SNY001,Actual,SW,Water,,,Clayton,07060003,River/Stream,,42.96274242,-91.22931615
6,15220003,North Cedar Creek (NCC),12/14/1999 13:10:00,SNY319,NIT-NO3-NO2,Inorganic nitrogen (nitrate and nitrite) (as N),Total,,2.5,mg/l,True,0.1,,,Unknown,SNY001,Actual,SW,Water,,,Clayton,07060003,River/Stream,,42.96274242,-91.22931615
6,15220003,North Cedar Creek (NCC),11/09/1999 13:15:00,SNY319,NIT-NO3-NO2,Inorganic nitrogen (nitrate and nitrite) (as N),Total,,2.2,mg/l,True,0.1,,,Unknown,SNY001,Actual,SW,Water,,,Clayton,07060003,River/Stream,,42.96274242,-91.22931615
6,15220003,North Cedar Creek (NCC),11/02/1999 13:40:00,SNY319,NIT-NO3-NO2,Inorganic nitrogen (nitrate and nitrite) (as N),Total,,2.1,mg/l,True,0.1,,,Unknown,SNY001,Actual,SW,Water,,,Clayton,07060003,River/Stream,,42.96274242,-91.22931615
6,15220003,North Cedar Creek (NCC),10/05/1999 12:30:00,SNY319,NIT-NO3-NO2,Inorganic nitrogen (nitrate and nitrite) (as N),Total,,2.5,mg/l,True,0.1,,,Unknown,SNY001,Actual,SW,Water,,,Clayton,07060003,River/Stream,,42.96274242,-91.22931615
6,15220002,Bloody Run Creek at Spook Cave (BRSC),12/28/1999 12:25:00,SNY319,NIT-NO3-NO2,Inorganic nitrogen (nitrate and nitrite) (as N),Total,,13,mg/l,True,0.1,,,Unknown,SNY001,Actual,SW,Water,,,Clayton,07060001,River/Stream,,43.03326422,-91.30759437
6,15220002,Bloody Run Creek at Spook Cave (BRSC),11/30/1999 12:10:00,SNY319,NIT-NO3-NO2,Inorganic nitrogen (nitrate and nitrite) (as N),Total,,12,mg/l,True,0.1,,,Unknown,SNY001,Actual,SW,Water,,,Clayton,07060001,River/Stream,,43.03326422,-91.30759437
6,15220002,Bloody Run Creek at Spook Cave (BRSC),10/26/1999 11:30:00,SNY319,NIT-NO3-NO2,Inorganic nitrogen (nitrate and nitrite) (as N),Total,,12,mg/l,True,0.1,,,Unknown,SNY001,Actual,SW,Water,,,Clayton,07060001,River/Stream,,43.03326422,-91.30759437
6,15220001,Bloody Run Creek Site #2 (BR02),12/07/1999 11:45:00,SNY319,NIT-NO3-NO2,Inorganic nitrogen (nitrate and nitrite) (as N),Total,,5.8,mg/l,True,0.1,,,Unknown,SNY001,Actual,SW,Water,,,Clayton,07060001,River/Stream,,43.03547975,-91.26682808
6,15220001,Bloody Run Creek Site #2 (BR02),11/30/1999 12:35:00,SNY319,NIT-NO3-NO2,Inorganic nitrogen (nitrate and nitrite) (as N),Total,,12,mg/l,True,0.1,,,Unknown,SNY001,Actual,SW,Water,,,Clayton,07060001,River/Stream,,43.03547975,-91.26682808
6,15220001,Bloody Run Creek Site #2 (BR02),11/23/1999 12:10:00,SNY319,NIT-NO3-NO2,Inorganic nitrogen (nitrate and nitrite) (as N),Total,,9.2,mg/l,True,0.1,,,Unknown,SNY001,Actual,SW,Water,,,Clayton,07060001,River/Stream,,43.03547975,-91.26682808
6,15220001,Bloody Run Creek Site #2 (BR02),10/19/1999 12:05:00,SNY319,NIT-NO3-NO2,Inorganic nitrogen (nitrate and nitrite) (as N),Total,,12,mg/l,True,0.1,,,Unknown,SNY001,Actual,SW,Water,,,Clayton,07060001,River/Stream,,43.03547975,-91.26682808
6,15220001,Bloody Run Creek Site #2 (BR02),10/12/1999 10:55:00,SNY319,NIT-NO3-NO2,Inorganic nitrogen (nitrate and nitrite) (as N),Total,,11,mg/l,True,0.1,,,Unknown,SNY001,Actual,SW,Water,,,Clayton,07060001,River/Stream,,43.03547975,-91.26682808
6,15220001,Bloody Run Creek Site #2 (BR02),10/05/1999 10:45:00,SNY319,NIT-NO3-NO2,Inorganic nitrogen (nitrate and nitrite) (as N),Total,,12,mg/l,True,0.1,,,Unknown,SNY001,Actual,SW,Water,,,Clayton,07060001,River/Stream,,43.03547975,-91.26682808
6,15220003,North Cedar Creek (NCC),08/24/1999 12:20:00,SNY319,NIT-NO3-NO2,Inorganic nitrogen (nitrate and nitrite) (as N),Total,,3.2,mg/l,True,0.1,,,Unknown,SNY001,Actual,SW,Water,,,Clayton,07060003,River/Stream,,42.96274242,-91.22931615
6,15220003,North Cedar Creek (NCC),08/17/1999 12:25:00,SNY319,NIT-NO3-NO2,Inorganic nitrogen (nitrate and nitrite) (as N),Total,,3,mg/l,True,0.1,,,Unknown,SNY001,Actual,SW,Water,,,Clayton,07060003,River/Stream,,42.96274242,-91.22931615
6,15220003,North Cedar Creek (NCC),08/10/1999 12:35:00,SNY319,NIT-NO3-NO2,Inorganic nitrogen (nitrate and nitrite) (as N),Total,,3.4,mg/l,True,0.1,,,Unknown,SNY001,Actual,SW,Water,,,Clayton,07060003,River/Stream,,42.96274242,-91.22931615
6,15220003,North Cedar Creek (NCC),08/03/1999 12:25:00,SNY319,NIT-NO3-NO2,Inorganic nitrogen (nitrate and nitrite) (as N),Total,,3.5,mg/l,True,0.1,,,Unknown,SNY001,Actual,SW,Water,,,Clayton,07060003,River/Stream,,42.96274242,-91.22931615
6,15220003,North Cedar Creek (NCC),07/27/1999 14:00:00,SNY319,NIT-NO3-NO2,Inorganic nitrogen (nitrate and nitrite) (as N),Total,,4.2,mg/l,True,0.1,,,Unknown,SNY001,Actual,SW,Water,,,Clayton,07060003,River/Stream,,42.96274242,-91.22931615
6,15220003,North Cedar Creek (NCC),07/20/1999 12:35:00,SNY319,NIT-NO3-NO2,Inorganic nitrogen (nitrate and nitrite) (as N),Total,,3.5,mg/l,True,0.1,,,Unknown,SNY001,Actual,SW,Water,,,Clayton,07060003,River/Stream,,42.96274242,-91.22931615
6,15220003,North Cedar Creek (NCC),06/01/1999 12:40:00,SNY319,NIT-NO3-NO2,Inorganic nitrogen (nitrate and nitrite) (as N),Total,,4.7,mg/l,True,0.1,,,Unknown,SNY001,Actual,SW,Water,,,Clayton,07060003,River/Stream,,42.96274242,-91.22931615
6,15220003,North Cedar Creek (NCC),05/25/1999 13:40:00,SNY319,NIT-NO3-NO2,Inorganic nitrogen (nitrate and nitrite) (as N),Total,,6.4,mg/l,True,0.1,,,Unknown,SNY001,Actual,SW,Water,,,Clayton,07060003,River/Stream,,42.96274242,-91.22931615
6,15220003,North Cedar Creek (NCC),05/18/1999 12:20:00,SNY319,NIT-NO3-NO2,Inorganic nitrogen (nitrate and nitrite) (as N),Total,,9.1,mg/l,True,0.1,,,Unknown,SNY001,Actual,SW,Water,,,Clayton,07060003,River/Stream,,42.96274242,-91.22931615
6,15220003,North Cedar Creek (NCC),05/11/1999 12:25:00,SNY319,NIT-NO3-NO2,Inorganic nitrogen (nitrate and nitrite) (as N),Total,,4.2,mg/l,True,0.1,,,Unknown,SNY001,Actual,SW,Water,,,Clayton,07060003,River/Stream,,42.96274242,-91.22931615
6,15220003,North Cedar Creek (NCC),05/04/1999 11:50:00,SNY319,NIT-NO3-NO2,Inorganic nitrogen (nitrate and nitrite) (as N),Total,,4.8,mg/l,True,0.1,,,Unknown,SNY001,Actual,SW,Water,,,Clayton,07060003,River/Stream,,42.96274242,-91.22931615
6,15220003,North Cedar Creek (NCC),04/27/1999 13:25:00,SNY319,NIT-NO3-NO2,Inorganic nitrogen (nitrate and nitrite) (as N),Total,,6.6,mg/l,True,0.1,,,Unknown,SNY001,Actual,SW,Water,,,Clayton,07060003,River/Stream,,42.96274242,-91.22931615
6,15220003,North Cedar Creek (NCC),03/16/1999 12:05:00,SNY319,NIT-NO3-NO2,Inorganic nitrogen (nitrate and nitrite) (as N),Total,,3,mg/l,True,0.1,,,Unknown,SNY001,Actual,SW,Water,,,Clayton,07060003,River/Stream,,42.96274242,-91.22931615
6,15220003,North Cedar Creek (NCC),03/09/1999 13:05:00,SNY319,NIT-NO3-NO2,Inorganic nitrogen (nitrate and nitrite) (as N),Total,,3.5,mg/l,True,0.1,,,Unknown,SNY001,Actual,SW,Water,,,Clayton,07060003,River/Stream,,42.96274242,-91.22931615
6,15220003,North Cedar Creek (NCC),03/02/1999 12:25:00,SNY319,NIT-NO3-NO2,Inorganic nitrogen (nitrate and nitrite) (as N),Total,,3.4,mg/l,True,0.1,,,Unknown,SNY001,Actual,SW,Water,,,Clayton,07060003,River/Stream,,42.96274242,-91.22931615
6,15220003,North Cedar Creek (NCC),02/23/1999 13:20:00,SNY319,NIT-NO3-NO2,Inorganic nitrogen (nitrate and nitrite) (as N),Total,,3.9,mg/l,True,0.1,,,Unknown,SNY001,Actual,SW,Water,,,Clayton,07060003,River/Stream,,42.96274242,-91.22931615
6,15220003,North Cedar Creek (NCC),02/16/1999 12:10:00,SNY319,NIT-NO3-NO2,Inorganic nitrogen (nitrate and nitrite) (as N),Total,,4.8,mg/l,True,0.1,,,Unknown,SNY001,Actual,SW,Water,,,Clayton,07060003,River/Stream,,42.96274242,-91.22931615
6,15220003,North Cedar Creek (NCC),02/09/1999 12:35:00,SNY319,NIT-NO3-NO2,Inorganic nitrogen (nitrate and nitrite) (as N),Total,,3.4,mg/l,True,0.1,,,Unknown,SNY001,Actual,SW,Water,,,Clayton,07060003,River/Stream,,42.96274242,-91.22931615
6,15220002,Bloody Run Creek at Spook Cave (BRSC),07/27/1999 11:20:00,SNY319,NIT-NO3-NO2,Inorganic nitrogen (nitrate and nitrite) (as N),Total,,10,mg/l,True,0.1,,,Unknown,SNY001,Actual,SW,Water,,,Clayton,07060001,River/Stream,,43.03326422,-91.30759437
6,15220002,Bloody Run Creek at Spook Cave (BRSC),06/29/1999 11:45:00,SNY319,NIT-NO3-NO2,Inorganic nitrogen (nitrate and nitrite) (as N),Total,,12,mg/l,True,0.1,,,Unknown,SNY001,Actual,SW,Water,,,Clayton,07060001,River/Stream,,43.03326422,-91.30759437
6,15220002,Bloody Run Creek at Spook Cave (BRSC),05/25/1999 11:30:00,SNY319,NIT-NO3-NO2,Inorganic nitrogen (nitrate and nitrite) (as N),Total,,13,mg/l,True,0.1,,,Unknown,SNY001,Actual,SW,Water,,,Clayton,07060001,River/Stream,,43.03326422,-91.30759437
6,15220002,Bloody Run Creek at Spook Cave (BRSC),04/27/1999 11:30:00,SNY319,NIT-NO3-NO2,Inorganic nitrogen (nitrate and nitrite) (as N),Total,,12,mg/l,True,0.1,,,Unknown,SNY001,Actual,SW,Water,,,Clayton,07060001,River/Stream,,43.03326422,-91.30759437
6,15220002,Bloody Run Creek at Spook Cave (BRSC),03/30/1999 11:45:00,SNY319,NIT-NO3-NO2,Inorganic nitrogen (nitrate and nitrite) (as N),Total,,12,mg/l,True,0.1,,,Unknown,SNY001,Actual,SW,Water,,,Clayton,07060001,River/Stream,,43.03326422,-91.30759437
6,15220001,Bloody Run Creek Site #2 (BR02),08/24/1999 11:15:00,SNY319,NIT-NO3-NO2,Inorganic nitrogen (nitrate and nitrite) (as N),Total,,5.8,mg/l,True,0.1,,,Unknown,SNY001,Actual,SW,Water,,,Clayton,07060001,River/Stream,,43.03547975,-91.26682808
6,15220001,Bloody Run Creek Site #2 (BR02),08/17/1999 11:15:00,SNY319,NIT-NO3-NO2,Inorganic nitrogen (nitrate and nitrite) (as N),Total,,11,mg/l,True,0.1,,,Unknown,SNY001,Actual,SW,Water,,,Clayton,07060001,River/Stream,,43.03547975,-91.26682808
6,15220001,Bloody Run Creek Site #2 (BR02),08/10/1999 11:25:00,SNY319,NIT-NO3-NO2,Inorganic nitrogen (nitrate and nitrite) (as N),Total,,11,mg/l,True,0.1,,,Unknown,SNY001,Actual,SW,Water,,,Clayton,07060001,River/Stream,,43.03547975,-91.26682808
6,15220001,Bloody Run Creek Site #2 (BR02),08/03/1999 11:10:00,SNY319,NIT-NO3-NO2,Inorganic nitrogen (nitrate and nitrite) (as N),Total,,11,mg/l,True,0.1,,,Unknown,SNY001,Actual,SW,Water,,,Clayton,07060001,River/Stream,,43.03547975,-91.26682808
6,15220001,Bloody Run Creek Site #2 (BR02),07/27/1999 11:45:00,SNY319,NIT-NO3-NO2,Inorganic nitrogen (nitrate and nitrite) (as N),Total,,8.6,mg/l,True,0.1,,,Unknown,SNY001,Actual,SW,Water,,,Clayton,07060001,River/Stream,,43.03547975,-91.26682808
6,15220001,Bloody Run Creek Site #2 (BR02),07/20/1999 11:05:00,SNY319,NIT-NO3-NO2,Inorganic nitrogen (nitrate and nitrite) (as N),Total,,9,mg/l,True,0.1,,,Unknown,SNY001,Actual,SW,Water,,,Clayton,07060001,River/Stream,,43.03547975,-91.26682808
6,15220001,Bloody Run Creek Site #2 (BR02),05/25/1999 11:50:00,SNY319,NIT-NO3-NO2,Inorganic nitrogen (nitrate and nitrite) (as N),Total,,13,mg/l,True,0.1,,,Unknown,SNY001,Actual,SW,Water,,,Clayton,07060001,River/Stream,,43.03547975,-91.26682808
6,15220001,Bloody Run Creek Site #2 (BR02),05/18/1999 11:00:00,SNY319,NIT-NO3-NO2,Inorganic nitrogen (nitrate and nitrite) (as N),Total,,13,mg/l,True,0.1,,,Unknown,SNY001,Actual,SW,Water,,,Clayton,07060001,River/Stream,,43.03547975,-91.26682808
6,15220001,Bloody Run Creek Site #2 (BR02),05/11/1999 10:50:00,SNY319,NIT-NO3-NO2,Inorganic nitrogen (nitrate and nitrite) (as N),Total,,11,mg/l,True,0.1,,,Unknown,SNY001,Actual,SW,Water,,,Clayton,07060001,River/Stream,,43.03547975,-91.26682808
6,15220001,Bloody Run Creek Site #2 (BR02),05/04/1999 10:25:00,SNY319,NIT-NO3-NO2,Inorganic nitrogen (nitrate and nitrite) (as N),Total,,11,mg/l,True,0.1,,,Unknown,SNY001,Actual,SW,Water,,,Clayton,07060001,River/Stream,,43.03547975,-91.26682808
6,15220001,Bloody Run Creek Site #2 (BR02),04/27/1999 11:50:00,SNY319,NIT-NO3-NO2,Inorganic nitrogen (nitrate and nitrite) (as N),Total,,10,mg/l,True,0.1,,,Unknown,SNY001,Actual,SW,Water,,,Clayton,07060001,River/Stream,,43.03547975,-91.26682808
6,15220001,Bloody Run Creek Site #2 (BR02),03/09/1999 11:50:00,SNY319,NIT-NO3-NO2,Inorganic nitrogen (nitrate and nitrite) (as N),Total,,12,mg/l,True,0.1,,,Unknown,SNY001,Actual,SW,Water,,,Clayton,07060001,River/Stream,,43.03547975,-91.26682808
6,15220001,Bloody Run Creek Site #2 (BR02),03/02/1999 11:10:00,SNY319,NIT-NO3-NO2,Inorganic nitrogen (nitrate and nitrite) (as N),Total,,11,mg/l,True,0.1,,,Unknown,SNY001,Actual,SW,Water,,,Clayton,07060001,River/Stream,,43.03547975,-91.26682808
6,15220001,Bloody Run Creek Site #2 (BR02),02/23/1999 12:00:00,SNY319,NIT-NO3-NO2,Inorganic nitrogen (nitrate and nitrite) (as N),Total,,12,mg/l,True,0.1,,,Unknown,SNY001,Actual,SW,Water,,,Clayton,07060001,River/Stream,,43.03547975,-91.26682808
6,15220001,Bloody Run Creek Site #2 (BR02),02/16/1999 11:00:00,SNY319,NIT-NO3-NO2,Inorganic nitrogen (nitrate and nitrite) (as N),Total,,11,mg/l,True,0.1,,,Unknown,SNY001,Actual,SW,Water,,,Clayton,07060001,River/Stream,,43.03547975,-91.26682808
6,15220001,Bloody Run Creek Site #2 (BR02),02/09/1999 11:30:00,SNY319,NIT-NO3-NO2,Inorganic nitrogen (nitrate and nitrite) (as N),Total,,9.9,mg/l,True,0.1,,,Unknown,SNY001,Actual,SW,Water,,,Clayton,07060001,River/Stream,,43.03547975,-91.26682808
6,15220003,North Cedar Creek (NCC),11/17/1998 13:35:00,SNY319,NIT-NO3-NO2,Inorganic nitrogen (nitrate and nitrite) (as N),Total,,3.9,mg/l,True,0.1,,,Unknown,SNY001,Actual,SW,Water,,,Clayton,07060003,River/Stream,,42.96274242,-91.22931615
6,15220003,North Cedar Creek (NCC),11/10/1998 13:40:00,SNY319,NIT-NO3-NO2,Inorganic nitrogen (nitrate and nitrite) (as N),Total,,3.8,mg/l,True,0.1,,,Unknown,SNY001,Actual,SW,Water,,,Clayton,07060003,River/Stream,,42.96274242,-91.22931615
6,15220003,North Cedar Creek (NCC),11/03/1998 13:15:00,SNY319,NIT-NO3-NO2,Inorganic nitrogen (nitrate and nitrite) (as N),Total,,3.6,mg/l,True,0.1,,,Unknown,SNY001,Actual,SW,Water,,,Clayton,07060003,River/Stream,,42.96274242,-91.22931615
6,15220003,North Cedar Creek (NCC),10/27/1998 13:15:00,SNY319,NIT-NO3-NO2,Inorganic nitrogen (nitrate and nitrite) (as N),Total,,3.1,mg/l,True,0.1,,,Unknown,SNY001,Actual,SW,Water,,,Clayton,07060003,River/Stream,,42.96274242,-91.22931615
6,15220003,North Cedar Creek (NCC),10/20/1998 13:10:00,SNY319,NIT-NO3-NO2,Inorganic nitrogen (nitrate and nitrite) (as N),Total,,3.3,mg/l,True,0.1,,,Unknown,SNY001,Actual,SW,Water,,,Clayton,07060003,River/Stream,,42.96274242,-91.22931615
6,15220001,Bloody Run Creek Site #2 (BR02),12/22/1998 11:00:00,SNY319,NIT-NO3-NO2,Inorganic nitrogen (nitrate and nitrite) (as N),Total,,13,mg/l,True,0.1,,,Unknown,SNY001,Actual,SW,Water,,,Clayton,07060001,River/Stream,,43.03547975,-91.26682808
6,15220003,North Cedar Creek (NCC),10/13/1998 12:25:00,SNY319,NIT-NO3-NO2,Inorganic nitrogen (nitrate and nitrite) (as N),Total,,2.9,mg/l,True,0.1,,,Unknown,SNY001,Actual,SW,Water,,,Clayton,07060003,River/Stream,,42.96274242,-91.22931615
6,15220001,Bloody Run Creek Site #2 (BR02),12/15/1998 11:40:00,SNY319,NIT-NO3-NO2,Inorganic nitrogen (nitrate and nitrite) (as N),Total,,12,mg/l,True,0.1,,,Unknown,SNY001,Actual,SW,Water,,,Clayton,07060001,River/Stream,,43.03547975,-91.26682808
6,15220001,Bloody Run Creek Site #2 (BR02),12/08/1998 11:20:00,SNY319,NIT-NO3-NO2,Inorganic nitrogen (nitrate and nitrite) (as N),Total,,12,mg/l,True,0.1,,,Unknown,SNY001,Actual,SW,Water,,,Clayton,07060001,River/Stream,,43.03547975,-91.26682808
6,15220001,Bloody Run Creek Site #2 (BR02),12/01/1998 12:45:00,SNY319,NIT-NO3-NO2,Inorganic nitrogen (nitrate and nitrite) (as N),Total,,11,mg/l,True,0.1,,,Unknown,SNY001,Actual,SW,Water,,,Clayton,07060001,River/Stream,,43.03547975,-91.26682808
6,15220001,Bloody Run Creek Site #2 (BR02),11/24/1998 11:05:00,SNY319,NIT-NO3-NO2,Inorganic nitrogen (nitrate and nitrite) (as N),Total,,12,mg/l,True,0.1,,,Unknown,SNY001,Actual,SW,Water,,,Clayton,07060001,River/Stream,,43.03547975,-91.26682808
6,15220001,Bloody Run Creek Site #2 (BR02),11/17/1998 12:30:00,SNY319,NIT-NO3-NO2,Inorganic nitrogen (nitrate and nitrite) (as N),Total,,12,mg/l,True,0.1,,,Unknown,SNY001,Actual,SW,Water,,,Clayton,07060001,River/Stream,,43.03547975,-91.26682808
6,15220003,North Cedar Creek (NCC),09/22/1998 13:00:00,SNY319,NIT-NO3-NO2,Inorganic nitrogen (nitrate and nitrite) (as N),Total,,2.4,mg/l,True,0.1,,,Unknown,SNY001,Actual,SW,Water,,,Clayton,07060003,River/Stream,,42.96274242,-91.22931615
6,15220003,North Cedar Creek (NCC),09/15/1998 12:50:00,SNY319,NIT-NO3-NO2,Inorganic nitrogen (nitrate and nitrite) (as N),Total,,2.9,mg/l,True,0.1,,,Unknown,SNY001,Actual,SW,Water,,,Clayton,07060003,River/Stream,,42.96274242,-91.22931615
6,15220003,North Cedar Creek (NCC),09/08/1998 15:25:00,SNY319,NIT-NO3-NO2,Inorganic nitrogen (nitrate and nitrite) (as N),Total,,2.3,mg/l,True,0.1,,,Unknown,SNY001,Actual,SW,Water,,,Clayton,07060003,River/Stream,,42.96274242,-91.22931615
6,15220003,North Cedar Creek (NCC),09/01/1998 13:20:00,SNY319,NIT-NO3-NO2,Inorganic nitrogen (nitrate and nitrite) (as N),Total,,2.5,mg/l,True,0.1,,,Unknown,SNY001,Actual,SW,Water,,,Clayton,07060003,River/Stream,,42.96274242,-91.22931615
6,15220003,North Cedar Creek (NCC),08/04/1998 12:55:00,SNY319,NIT-NO3-NO2,Inorganic nitrogen (nitrate and nitrite) (as N),Total,,3,mg/l,True,0.1,,,Unknown,SNY001,Actual,SW,Water,,,Clayton,07060003,River/Stream,,42.96274242,-91.22931615
6,15220003,North Cedar Creek (NCC),07/28/1998 13:50:00,SNY319,NIT-NO3-NO2,Inorganic nitrogen (nitrate and nitrite) (as N),Total,,3.1,mg/l,True,0.1,,,Unknown,SNY001,Actual,SW,Water,,,Clayton,07060003,River/Stream,,42.96274242,-91.22931615
6,15220003,North Cedar Creek (NCC),07/21/1998 13:15:00,SNY319,NIT-NO3-NO2,Inorganic nitrogen (nitrate and nitrite) (as N),Total,,3.5,mg/l,True,0.1,,,Unknown,SNY001,Actual,SW,Water,,,Clayton,07060003,River/Stream,,42.96274242,-91.22931615
6,15220003,North Cedar Creek (NCC),06/23/1998 12:45:00,SNY319,NIT-NO3-NO2,Inorganic nitrogen (nitrate and nitrite) (as N),Total,,6.5,mg/l,True,0.1,,,Unknown,SNY001,Actual,SW,Water,,,Clayton,07060003,River/Stream,,42.96274242,-91.22931615
6,15220003,North Cedar Creek (NCC),06/16/1998 13:10:00,SNY319,NIT-NO3-NO2,Inorganic nitrogen (nitrate and nitrite) (as N),Total,,6.8,mg/l,True,0.1,,,Unknown,SNY001,Actual,SW,Water,,,Clayton,07060003,River/Stream,,42.96274242,-91.22931615
6,15220003,North Cedar Creek (NCC),06/09/1998 13:20:00,SNY319,NIT-NO3-NO2,Inorganic nitrogen (nitrate and nitrite) (as N),Total,,3.3,mg/l,True,0.1,,,Unknown,SNY001,Actual,SW,Water,,,Clayton,07060003,River/Stream,,42.96274242,-91.22931615
6,15220003,North Cedar Creek (NCC),05/05/1998 14:35:00,SNY319,NIT-NO3-NO2,Inorganic nitrogen (nitrate and nitrite) (as N),Total,,3.5,mg/l,True,0.1,,,Unknown,SNY001,Actual,SW,Water,,,Clayton,07060003,River/Stream,,42.96274242,-91.22931615
6,15220003,North Cedar Creek (NCC),06/02/1998 14:10:00,SNY319,NIT-NO3-NO2,Inorganic nitrogen (nitrate and nitrite) (as N),Total,,3.6,mg/l,True,0.1,,,Unknown,SNY001,Actual,SW,Water,,,Clayton,07060003,River/Stream,,42.96274242,-91.22931615
6,15220003,North Cedar Creek (NCC),04/28/1998 15:00:00,SNY319,NIT-NO3-NO2,Inorganic nitrogen (nitrate and nitrite) (as N),Total,,4.5,mg/l,True,0.1,,,Unknown,SNY001,Actual,SW,Water,,,Clayton,07060003,River/Stream,,42.96274242,-91.22931615
6,15220003,North Cedar Creek (NCC),04/21/1998 13:25:00,SNY319,NIT-NO3-NO2,Inorganic nitrogen (nitrate and nitrite) (as N),Total,,6,mg/l,True,0.1,,,Unknown,SNY001,Actual,SW,Water,,,Clayton,07060003,River/Stream,,42.96274242,-91.22931615
6,15220003,North Cedar Creek (NCC),03/24/1998 12:50:00,SNY319,NIT-NO3-NO2,Inorganic nitrogen (nitrate and nitrite) (as N),Total,,5.8,mg/l,True,0.1,,,Unknown,SNY001,Actual,SW,Water,,,Clayton,07060003,River/Stream,,42.96274242,-91.22931615
6,15220003,North Cedar Creek (NCC),03/17/1998 13:30:00,SNY319,NIT-NO3-NO2,Inorganic nitrogen (nitrate and nitrite) (as N),Total,,3.7,mg/l,True,0.1,,,Unknown,SNY001,Actual,SW,Water,,,Clayton,07060003,River/Stream,,42.96274242,-91.22931615
6,15220003,North Cedar Creek (NCC),03/10/1998 13:40:00,SNY319,NIT-NO3-NO2,Inorganic nitrogen (nitrate and nitrite) (as N),Total,,4.4,mg/l,True,0.1,,,Unknown,SNY001,Actual,SW,Water,,,Clayton,07060003,River/Stream,,42.96274242,-91.22931615
6,15220003,North Cedar Creek (NCC),02/09/1998 12:50:00,SNY319,NIT-NO3-NO2,Inorganic nitrogen (nitrate and nitrite) (as N),Total,,2,mg/l,True,0.1,,,Unknown,SNY001,Actual,SW,Water,,,Clayton,07060003,River/Stream,,42.96274242,-91.22931615
6,15220003,North Cedar Creek (NCC),02/03/1998 12:20:00,SNY319,NIT-NO3-NO2,Inorganic nitrogen (nitrate and nitrite) (as N),Total,,2.1,mg/l,True,0.1,,,Unknown,SNY001,Actual,SW,Water,,,Clayton,07060003,River/Stream,,42.96274242,-91.22931615
6,15220003,North Cedar Creek (NCC),01/27/1998 13:35:00,SNY319,NIT-NO3-NO2,Inorganic nitrogen (nitrate and nitrite) (as N),Total,,2.1,mg/l,True,0.1,,,Unknown,SNY001,Actual,SW,Water,,,Clayton,07060003,River/Stream,,42.96274242,-91.22931615
6,15220003,North Cedar Creek (NCC),01/20/1998 12:30:00,SNY319,NIT-NO3-NO2,Inorganic nitrogen (nitrate and nitrite) (as N),Total,,2.1,mg/l,True,0.1,,,Unknown,SNY001,Actual,SW,Water,,,Clayton,07060003,River/Stream,,42.96274242,-91.22931615
6,15220002,Bloody Run Creek at Spook Cave (BRSC),08/25/1998 11:55:00,SNY319,NIT-NO3-NO2,Inorganic nitrogen (nitrate and nitrite) (as N),Total,,11,mg/l,True,0.1,,,Unknown,SNY001,Actual,SW,Water,,,Clayton,07060001,River/Stream,,43.03326422,-91.30759437
6,15220002,Bloody Run Creek at Spook Cave (BRSC),07/28/1998 12:10:00,SNY319,NIT-NO3-NO2,Inorganic nitrogen (nitrate and nitrite) (as N),Total,,11,mg/l,True,0.1,,,Unknown,SNY001,Actual,SW,Water,,,Clayton,07060001,River/Stream,,43.03326422,-91.30759437
6,15220002,Bloody Run Creek at Spook Cave (BRSC),06/30/1998 12:30:00,SNY319,NIT-NO3-NO2,Inorganic nitrogen (nitrate and nitrite) (as N),Total,,14,mg/l,True,0.1,,,Unknown,SNY001,Actual,SW,Water,,,Clayton,07060001,River/Stream,,43.03326422,-91.30759437
6,15220002,Bloody Run Creek at Spook Cave (BRSC),02/24/1998 11:25:00,SNY319,NIT-NO3-NO2,Inorganic nitrogen (nitrate and nitrite) (as N),Total,,9.5,mg/l,True,0.1,,,Unknown,SNY001,Actual,SW,Water,,,Clayton,07060001,River/Stream,,43.03326422,-91.30759437
6,15220002,Bloody Run Creek at Spook Cave (BRSC),01/27/1998 11:45:00,SNY319,NIT-NO3-NO2,Inorganic nitrogen (nitrate and nitrite) (as N),Total,,10,mg/l,True,0.1,,,Unknown,SNY001,Actual,SW,Water,,,Clayton,07060001,River/Stream,,43.03326422,-91.30759437
6,15220001,Bloody Run Creek Site #2 (BR02),09/29/1998 12:05:00,SNY319,NIT-NO3-NO2,Inorganic nitrogen (nitrate and nitrite) (as N),Total,,10,mg/l,True,0.1,,,Unknown,SNY001,Actual,SW,Water,,,Clayton,07060001,River/Stream,,43.03547975,-91.26682808
6,15220001,Bloody Run Creek Site #2 (BR02),09/22/1998 11:30:00,SNY319,NIT-NO3-NO2,Inorganic nitrogen (nitrate and nitrite) (as N),Total,,11,mg/l,True,0.1,,,Unknown,SNY001,Actual,SW,Water,,,Clayton,07060001,River/Stream,,43.03547975,-91.26682808
6,15220001,Bloody Run Creek Site #2 (BR02),08/25/1998 12:15:00,SNY319,NIT-NO3-NO2,Inorganic nitrogen (nitrate and nitrite) (as N),Total,,10,mg/l,True,0.1,,,Unknown,SNY001,Actual,SW,Water,,,Clayton,07060001,River/Stream,,43.03547975,-91.26682808
6,15220001,Bloody Run Creek Site #2 (BR02),08/18/1998 11:40:00,SNY319,NIT-NO3-NO2,Inorganic nitrogen (nitrate and nitrite) (as N),Total,,7.3,mg/l,True,0.1,,,Unknown,SNY001,Actual,SW,Water,,,Clayton,07060001,River/Stream,,43.03547975,-91.26682808
6,15220001,Bloody Run Creek Site #2 (BR02),08/11/1998 12:20:00,SNY319,NIT-NO3-NO2,Inorganic nitrogen (nitrate and nitrite) (as N),Total,,8.2,mg/l,True,0.1,,,Unknown,SNY001,Actual,SW,Water,,,Clayton,07060001,River/Stream,,43.03547975,-91.26682808
6,15220001,Bloody Run Creek Site #2 (BR02),07/14/1998 12:10:00,SNY319,NIT-NO3-NO2,Inorganic nitrogen (nitrate and nitrite) (as N),Total,,11,mg/l,True,0.1,,,Unknown,SNY001,Actual,SW,Water,,,Clayton,07060001,River/Stream,,43.03547975,-91.26682808
6,15220001,Bloody Run Creek Site #2 (BR02),07/07/1998 12:20:00,SNY319,NIT-NO3-NO2,Inorganic nitrogen (nitrate and nitrite) (as N),Total,,11,mg/l,True,0.1,,,Unknown,SNY001,Actual,SW,Water,,,Clayton,07060001,River/Stream,,43.03547975,-91.26682808
6,15220001,Bloody Run Creek Site #2 (BR02),06/30/1998 12:50:00,SNY319,NIT-NO3-NO2,Inorganic nitrogen (nitrate and nitrite) (as N),Total,,13,mg/l,True,0.1,,,Unknown,SNY001,Actual,SW,Water,,,Clayton,07060001,River/Stream,,43.03547975,-91.26682808
6,15220001,Bloody Run Creek Site #2 (BR02),05/26/1998 11:55:00,SNY319,NIT-NO3-NO2,Inorganic nitrogen (nitrate and nitrite) (as N),Total,,9.4,mg/l,True,0.1,,,Unknown,SNY001,Actual,SW,Water,,,Clayton,07060001,River/Stream,,43.03547975,-91.26682808
6,15220001,Bloody Run Creek Site #2 (BR02),06/23/1998 11:25:00,SNY319,NIT-NO3-NO2,Inorganic nitrogen (nitrate and nitrite) (as N),Total,,12,mg/l,True,0.1,,,Unknown,SNY001,Actual,SW,Water,,,Clayton,07060001,River/Stream,,43.03547975,-91.26682808
6,15220001,Bloody Run Creek Site #2 (BR02),05/19/1998 11:35:00,SNY319,NIT-NO3-NO2,Inorganic nitrogen (nitrate and nitrite) (as N),Total,,4,mg/l,True,0.1,,,Unknown,SNY001,Actual,SW,Water,,,Clayton,07060001,River/Stream,,43.03547975,-91.26682808
6,15220001,Bloody Run Creek Site #2 (BR02),05/12/1998 11:45:00,SNY319,NIT-NO3-NO2,Inorganic nitrogen (nitrate and nitrite) (as N),Total,,8.9,mg/l,True,0.1,,,Unknown,SNY001,Actual,SW,Water,,,Clayton,07060001,River/Stream,,43.03547975,-91.26682808
6,15220001,Bloody Run Creek Site #2 (BR02),04/14/1998 11:50:00,SNY319,NIT-NO3-NO2,Inorganic nitrogen (nitrate and nitrite) (as N),Total,,11,mg/l,True,0.1,,,Unknown,SNY001,Actual,SW,Water,,,Clayton,07060001,River/Stream,,43.03547975,-91.26682808
6,15220001,Bloody Run Creek Site #2 (BR02),04/07/1998 12:15:00,SNY319,NIT-NO3-NO2,Inorganic nitrogen (nitrate and nitrite) (as N),Total,,12,mg/l,True,0.1,,,Unknown,SNY001,Actual,SW,Water,,,Clayton,07060001,River/Stream,,43.03547975,-91.26682808
6,15220001,Bloody Run Creek Site #2 (BR02),03/31/1998 12:50:00,SNY319,NIT-NO3-NO2,Inorganic nitrogen (nitrate and nitrite) (as N),Total,,8.5,mg/l,True,0.1,,,Unknown,SNY001,Actual,SW,Water,,,Clayton,07060001,River/Stream,,43.03547975,-91.26682808
6,15220001,Bloody Run Creek Site #2 (BR02),03/03/1998 12:00:00,SNY319,NIT-NO3-NO2,Inorganic nitrogen (nitrate and nitrite) (as N),Total,,9.3,mg/l,True,0.1,,,Unknown,SNY001,Actual,SW,Water,,,Clayton,07060001,River/Stream,,43.03547975,-91.26682808
6,15220001,Bloody Run Creek Site #2 (BR02),02/24/1998 11:40:00,SNY319,NIT-NO3-NO2,Inorganic nitrogen (nitrate and nitrite) (as N),Total,,9.1,mg/l,True,0.1,,,Unknown,SNY001,Actual,SW,Water,,,Clayton,07060001,River/Stream,,43.03547975,-91.26682808
6,15220001,Bloody Run Creek Site #2 (BR02),02/17/1998 10:00:00,SNY319,NIT-NO3-NO2,Inorganic nitrogen (nitrate and nitrite) (as N),Total,,7.4,mg/l,True,0.1,,,Unknown,SNY001,Actual,SW,Water,,,Clayton,07060001,River/Stream,,43.03547975,-91.26682808
6,15220001,Bloody Run Creek Site #2 (BR02),02/09/1998 11:35:00,SNY319,NIT-NO3-NO2,Inorganic nitrogen (nitrate and nitrite) (as N),Total,,10,mg/l,True,0.1,,,Unknown,SNY001,Actual,SW,Water,,,Clayton,07060001,River/Stream,,43.03547975,-91.26682808
6,15220001,Bloody Run Creek Site #2 (BR02),01/13/1998 10:50:00,SNY319,NIT-NO3-NO2,Inorganic nitrogen (nitrate and nitrite) (as N),Total,,11,mg/l,True,0.1,,,Unknown,SNY001,Actual,SW,Water,,,Clayton,07060001,River/Stream,,43.03547975,-91.26682808
6,15220001,Bloody Run Creek Site #2 (BR02),01/06/1998 10:30:00,SNY319,NIT-NO3-NO2,Inorganic nitrogen (nitrate and nitrite) (as N),Total,,8.6,mg/l,True,0.1,,,Unknown,SNY001,Actual,SW,Water,,,Clayton,07060001,River/Stream,,43.03547975,-91.26682808
6,15220003,North Cedar Creek (NCC),12/09/1997 12:50:00,SNY319,NIT-NO3-NO2,Inorganic nitrogen (nitrate and nitrite) (as N),Total,,2,mg/l,True,0.1,,,Unknown,SNY001,Actual,SW,Water,,,Clayton,07060003,River/Stream,,42.96274242,-91.22931615
6,15220003,North Cedar Creek (NCC),12/02/1997 12:00:00,SNY319,NIT-NO3-NO2,Inorganic nitrogen (nitrate and nitrite) (as N),Total,,2.2,mg/l,True,0.1,,,Unknown,SNY001,Actual,SW,Water,,,Clayton,07060003,River/Stream,,42.96274242,-91.22931615
6,15220003,North Cedar Creek (NCC),11/25/1997 13:05:00,SNY319,NIT-NO3-NO2,Inorganic nitrogen (nitrate and nitrite) (as N),Total,,2,mg/l,True,0.1,,,Unknown,SNY001,Actual,SW,Water,,,Clayton,07060003,River/Stream,,42.96274242,-91.22931615
6,15220003,North Cedar Creek (NCC),10/28/1997 11:05:00,SNY319,NIT-NO3-NO2,Inorganic nitrogen (nitrate and nitrite) (as N),Total,,2.1,mg/l,True,0.1,,,Unknown,SNY001,Actual,SW,Water,,,Clayton,07060003,River/Stream,,42.96274242,-91.22931615
6,15220003,North Cedar Creek (NCC),10/21/1997 11:50:00,SNY319,NIT-NO3-NO2,Inorganic nitrogen (nitrate and nitrite) (as N),Total,,2,mg/l,True,0.1,,,Unknown,SNY001,Actual,SW,Water,,,Clayton,07060003,River/Stream,,42.96274242,-91.22931615
6,15220003,North Cedar Creek (NCC),10/14/1997 12:45:00,SNY319,NIT-NO3-NO2,Inorganic nitrogen (nitrate and nitrite) (as N),Total,,2,mg/l,True,0.1,,,Unknown,SNY001,Actual,SW,Water,,,Clayton,07060003,River/Stream,,42.96274242,-91.22931615
6,15220003,North Cedar Creek (NCC),10/07/1997 12:00:00,SNY319,NIT-NO3-NO2,Inorganic nitrogen (nitrate and nitrite) (as N),Total,,1.5,mg/l,True,0.1,,,Unknown,SNY001,Actual,SW,Water,,,Clayton,07060003,River/Stream,,42.96274242,-91.22931615
6,15220001,Bloody Run Creek Site #2 (BR02),12/30/1997 12:20:00,SNY319,NIT-NO3-NO2,Inorganic nitrogen (nitrate and nitrite) (as N),Total,,11,mg/l,True,0.1,,,Unknown,SNY001,Actual,SW,Water,,,Clayton,07060001,River/Stream,,43.03547975,-91.26682808
6,15220001,Bloody Run Creek Site #2 (BR02),12/23/1997 11:40:00,SNY319,NIT-NO3-NO2,Inorganic nitrogen (nitrate and nitrite) (as N),Total,,9.6,mg/l,True,0.1,,,Unknown,SNY001,Actual,SW,Water,,,Clayton,07060001,River/Stream,,43.03547975,-91.26682808
6,15220001,Bloody Run Creek Site #2 (BR02),12/16/1997 11:20:00,SNY319,NIT-NO3-NO2,Inorganic nitrogen (nitrate and nitrite) (as N),Total,,9.7,mg/l,True,0.1,,,Unknown,SNY001,Actual,SW,Water,,,Clayton,07060001,River/Stream,,43.03547975,-91.26682808
6,15220001,Bloody Run Creek Site #2 (BR02),11/18/1997 10:30:00,SNY319,NIT-NO3-NO2,Inorganic nitrogen (nitrate and nitrite) (as N),Total,,9.4,mg/l,True,0.1,,,Unknown,SNY001,Actual,SW,Water,,,Clayton,07060001,River/Stream,,43.03547975,-91.26682808
6,15220001,Bloody Run Creek Site #2 (BR02),11/11/1997 11:00:00,SNY319,NIT-NO3-NO2,Inorganic nitrogen (nitrate and nitrite) (as N),Total,,9.4,mg/l,True,0.1,,,Unknown,SNY001,Actual,SW,Water,,,Clayton,07060001,River/Stream,,43.03547975,-91.26682808
6,15220001,Bloody Run Creek Site #2 (BR02),11/04/1997 10:30:00,SNY319,NIT-NO3-NO2,Inorganic nitrogen (nitrate and nitrite) (as N),Total,,9.4,mg/l,True,0.1,,,Unknown,SNY001,Actual,SW,Water,,,Clayton,07060001,River/Stream,,43.03547975,-91.26682808
6,15220003,North Cedar Creek (NCC),09/30/1997 12:40:00,SNY319,NIT-NO3-NO2,Inorganic nitrogen (nitrate and nitrite) (as N),Total,,1.6,mg/l,True,0.1,,,Unknown,SNY001,Actual,SW,Water,,,Clayton,07060003,River/Stream,,42.96274242,-91.22931615
6,15220001,Bloody Run Creek Site #2 (BR02),10/28/1997 10:05:00,SNY319,NIT-NO3-NO2,Inorganic nitrogen (nitrate and nitrite) (as N),Total,,9.4,mg/l,True,0.1,,,Unknown,SNY001,Actual,SW,Water,,,Clayton,07060001,River/Stream,,43.03547975,-91.26682808
6,15220003,North Cedar Creek (NCC),09/23/1997 12:50:00,SNY319,NIT-NO3-NO2,Inorganic nitrogen (nitrate and nitrite) (as N),Total,,1.8,mg/l,True,0.1,,,Unknown,SNY001,Actual,SW,Water,,,Clayton,07060003,River/Stream,,42.96274242,-91.22931615
6,15220003,North Cedar Creek (NCC),09/16/1997 12:00:00,SNY319,NIT-NO3-NO2,Inorganic nitrogen (nitrate and nitrite) (as N),Total,,1.8,mg/l,True,0.1,,,Unknown,SNY001,Actual,SW,Water,,,Clayton,07060003,River/Stream,,42.96274242,-91.22931615
6,15220003,North Cedar Creek (NCC),09/09/1997 12:15:00,SNY319,NIT-NO3-NO2,Inorganic nitrogen (nitrate and nitrite) (as N),Total,,2,mg/l,True,0.1,,,Unknown,SNY001,Actual,SW,Water,,,Clayton,07060003,River/Stream,,42.96274242,-91.22931615
6,15220003,North Cedar Creek (NCC),08/12/1997 12:00:00,SNY319,NIT-NO3-NO2,Inorganic nitrogen (nitrate and nitrite) (as N),Total,,1.7,mg/l,True,0.1,,,Unknown,SNY001,Actual,SW,Water,,,Clayton,07060003,River/Stream,,42.96274242,-91.22931615
6,15220003,North Cedar Creek (NCC),08/05/1997 12:45:00,SNY319,NIT-NO3-NO2,Inorganic nitrogen (nitrate and nitrite) (as N),Total,,3,mg/l,True,0.1,,,Unknown,SNY001,Actual,SW,Water,,,Clayton,07060003,River/Stream,,42.96274242,-91.22931615
6,15220003,North Cedar Creek (NCC),07/28/1997 15:25:00,SNY319,NIT-NO3-NO2,Inorganic nitrogen (nitrate and nitrite) (as N),Total,,3.9,mg/l,True,0.1,,,Unknown,SNY001,Actual,SW,Water,,,Clayton,07060003,River/Stream,,42.96274242,-91.22931615
6,15220003,North Cedar Creek (NCC),07/01/1997 12:15:00,SNY319,NIT-NO3-NO2,Inorganic nitrogen (nitrate and nitrite) (as N),Total,,2.9,mg/l,True,0.1,,,Unknown,SNY001,Actual,SW,Water,,,Clayton,07060003,River/Stream,,42.96274242,-91.22931615
6,15220003,North Cedar Creek (NCC),06/24/1997 14:40:00,SNY319,NIT-NO3-NO2,Inorganic nitrogen (nitrate and nitrite) (as N),Total,,4.3,mg/l,True,0.1,,,Unknown,SNY001,Actual,SW,Water,,,Clayton,07060003,River/Stream,,42.96274242,-91.22931615
6,15220003,North Cedar Creek (NCC),06/17/1997 13:55:00,SNY319,NIT-NO3-NO2,Inorganic nitrogen (nitrate and nitrite) (as N),Total,,4,mg/l,True,0.1,,,Unknown,SNY001,Actual,SW,Water,,,Clayton,07060003,River/Stream,,42.96274242,-91.22931615
6,15220003,North Cedar Creek (NCC),06/10/1997 12:30:00,SNY319,NIT-NO3-NO2,Inorganic nitrogen (nitrate and nitrite) (as N),Total,,1.7,mg/l,True,0.1,,,Unknown,SNY001,Actual,SW,Water,,,Clayton,07060003,River/Stream,,42.96274242,-91.22931615
6,15220003,North Cedar Creek (NCC),05/13/1997 12:55:00,SNY319,NIT-NO3-NO2,Inorganic nitrogen (nitrate and nitrite) (as N),Total,,2,mg/l,True,0.1,,,Unknown,SNY001,Actual,SW,Water,,,Clayton,07060003,River/Stream,,42.96274242,-91.22931615
6,15220003,North Cedar Creek (NCC),05/06/1997 14:10:00,SNY319,NIT-NO3-NO2,Inorganic nitrogen (nitrate and nitrite) (as N),Total,,1.9,mg/l,True,0.1,,,Unknown,SNY001,Actual,SW,Water,,,Clayton,07060003,River/Stream,,42.96274242,-91.22931615
6,15220003,North Cedar Creek (NCC),04/29/1997 13:45:00,SNY319,NIT-NO3-NO2,Inorganic nitrogen (nitrate and nitrite) (as N),Total,,1.6,mg/l,True,0.1,,,Unknown,SNY001,Actual,SW,Water,,,Clayton,07060003,River/Stream,,42.96274242,-91.22931615
6,15220003,North Cedar Creek (NCC),04/01/1997 12:50:00,SNY319,NIT-NO3-NO2,Inorganic nitrogen (nitrate and nitrite) (as N),Total,,2.2,mg/l,True,0.1,,,Unknown,SNY001,Actual,SW,Water,,,Clayton,07060003,River/Stream,,42.96274242,-91.22931615
6,15220003,North Cedar Creek (NCC),03/25/1997 13:35:00,SNY319,NIT-NO3-NO2,Inorganic nitrogen (nitrate and nitrite) (as N),Total,,2.5,mg/l,True,0.1,,,Unknown,SNY001,Actual,SW,Water,,,Clayton,07060003,River/Stream,,42.96274242,-91.22931615
6,15220003,North Cedar Creek (NCC),03/18/1997 13:10:00,SNY319,NIT-NO3-NO2,Inorganic nitrogen (nitrate and nitrite) (as N),Total,,2.7,mg/l,True,0.1,,,Unknown,SNY001,Actual,SW,Water,,,Clayton,07060003,River/Stream,,42.96274242,-91.22931615
6,15220003,North Cedar Creek (NCC),03/11/1997 12:40:00,SNY319,NIT-NO3-NO2,Inorganic nitrogen (nitrate and nitrite) (as N),Total,,2.5,mg/l,True,0.1,,,Unknown,SNY001,Actual,SW,Water,,,Clayton,07060003,River/Stream,,42.96274242,-91.22931615
6,15220003,North Cedar Creek (NCC),02/11/1997 15:10:00,SNY319,NIT-NO3-NO2,Inorganic nitrogen (nitrate and nitrite) (as N),Total,,2.1,mg/l,True,0.1,,,Unknown,SNY001,Actual,SW,Water,,,Clayton,07060003,River/Stream,,42.96274242,-91.22931615
6,15220003,North Cedar Creek (NCC),02/04/1997 15:20:00,SNY319,NIT-NO3-NO2,Inorganic nitrogen (nitrate and nitrite) (as N),Total,,2.2,mg/l,True,0.1,,,Unknown,SNY001,Actual,SW,Water,,,Clayton,07060003,River/Stream,,42.96274242,-91.22931615
6,15220003,North Cedar Creek (NCC),01/27/1997 16:05:00,SNY319,NIT-NO3-NO2,Inorganic nitrogen (nitrate and nitrite) (as N),Total,,2.3,mg/l,True,0.1,,,Unknown,SNY001,Actual,SW,Water,,,Clayton,07060003,River/Stream,,42.96274242,-91.22931615
6,15220002,Bloody Run Creek at Spook Cave (BRSC),09/30/1997 11:05:00,SNY319,NIT-NO3-NO2,Inorganic nitrogen (nitrate and nitrite) (as N),Total,,9,mg/l,True,0.1,,,Unknown,SNY001,Actual,SW,Water,,,Clayton,07060001,River/Stream,,43.03326422,-91.30759437
6,15220002,Bloody Run Creek at Spook Cave (BRSC),08/26/1997 11:20:00,SNY319,NIT-NO3-NO2,Inorganic nitrogen (nitrate and nitrite) (as N),Total,,9.4,mg/l,True,0.1,,,Unknown,SNY001,Actual,SW,Water,,,Clayton,07060001,River/Stream,,43.03326422,-91.30759437
6,15220002,Bloody Run Creek at Spook Cave (BRSC),07/28/1997 13:25:00,SNY319,NIT-NO3-NO2,Inorganic nitrogen (nitrate and nitrite) (as N),Total,,8.4,mg/l,True,0.1,,,Unknown,SNY001,Actual,SW,Water,,,Clayton,07060001,River/Stream,,43.03326422,-91.30759437
6,15220002,Bloody Run Creek at Spook Cave (BRSC),06/24/1997 12:15:00,SNY319,NIT-NO3-NO2,Inorganic nitrogen (nitrate and nitrite) (as N),Total,,9,mg/l,True,0.1,,,Unknown,SNY001,Actual,SW,Water,,,Clayton,07060001,River/Stream,,43.03326422,-91.30759437
6,15220002,Bloody Run Creek at Spook Cave (BRSC),02/25/1997 11:35:00,SNY319,NIT-NO3-NO2,Inorganic nitrogen (nitrate and nitrite) (as N),Total,,9.1,mg/l,True,0.1,,,Unknown,SNY001,Actual,SW,Water,,,Clayton,07060001,River/Stream,,43.03326422,-91.30759437
6,15220002,Bloody Run Creek at Spook Cave (BRSC),01/27/1997 13:20:00,SNY319,NIT-NO3-NO2,Inorganic nitrogen (nitrate and nitrite) (as N),Total,,10,mg/l,True,0.1,,,Unknown,SNY001,Actual,SW,Water,,,Clayton,07060001,River/Stream,,43.03326422,-91.30759437
6,15220001,Bloody Run Creek Site #2 (BR02),09/30/1997 11:25:00,SNY319,NIT-NO3-NO2,Inorganic nitrogen (nitrate and nitrite) (as N),Total,,8.8,mg/l,True,0.1,,,Unknown,SNY001,Actual,SW,Water,,,Clayton,07060001,River/Stream,,43.03547975,-91.26682808
6,15220001,Bloody Run Creek Site #2 (BR02),09/02/1997 11:20:00,SNY319,NIT-NO3-NO2,Inorganic nitrogen (nitrate and nitrite) (as N),Total,,8.4,mg/l,True,0.1,,,Unknown,SNY001,Actual,SW,Water,,,Clayton,07060001,River/Stream,,43.03547975,-91.26682808
6,15220001,Bloody Run Creek Site #2 (BR02),08/26/1997 11:40:00,SNY319,NIT-NO3-NO2,Inorganic nitrogen (nitrate and nitrite) (as N),Total,,9.1,mg/l,True,0.1,,,Unknown,SNY001,Actual,SW,Water,,,Clayton,07060001,River/Stream,,43.03547975,-91.26682808
6,15220001,Bloody Run Creek Site #2 (BR02),08/19/1997 10:30:00,SNY319,NIT-NO3-NO2,Inorganic nitrogen (nitrate and nitrite) (as N),Total,,9,mg/l,True,0.1,,,Unknown,SNY001,Actual,SW,Water,,,Clayton,07060001,River/Stream,,43.03547975,-91.26682808
6,15220001,Bloody Run Creek Site #2 (BR02),08/12/1997 13:00:00,SNY319,NIT-NO3-NO2,Inorganic nitrogen (nitrate and nitrite) (as N),Total,,7.4,mg/l,True,0.1,,,Unknown,SNY001,Actual,SW,Water,,,Clayton,07060001,River/Stream,,43.03547975,-91.26682808
6,15220001,Bloody Run Creek Site #2 (BR02),07/15/1997 11:40:00,SNY319,NIT-NO3-NO2,Inorganic nitrogen (nitrate and nitrite) (as N),Total,,8.5,mg/l,True,0.1,,,Unknown,SNY001,Actual,SW,Water,,,Clayton,07060001,River/Stream,,43.03547975,-91.26682808
6,15220001,Bloody Run Creek Site #2 (BR02),07/08/1997 11:45:00,SNY319,NIT-NO3-NO2,Inorganic nitrogen (nitrate and nitrite) (as N),Total,,8.2,mg/l,True,0.1,,,Unknown,SNY001,Actual,SW,Water,,,Clayton,07060001,River/Stream,,43.03547975,-91.26682808
6,15220001,Bloody Run Creek Site #2 (BR02),07/01/1997 11:10:00,SNY319,NIT-NO3-NO2,Inorganic nitrogen (nitrate and nitrite) (as N),Total,,7.9,mg/l,True,0.1,,,Unknown,SNY001,Actual,SW,Water,,,Clayton,07060001,River/Stream,,43.03547975,-91.26682808
6,15220001,Bloody Run Creek Site #2 (BR02),06/24/1997 12:30:00,SNY319,NIT-NO3-NO2,Inorganic nitrogen (nitrate and nitrite) (as N),Total,,8,mg/l,True,0.1,,,Unknown,SNY001,Actual,SW,Water,,,Clayton,07060001,River/Stream,,43.03547975,-91.26682808
6,15220001,Bloody Run Creek Site #2 (BR02),05/26/1997 13:10:00,SNY319,NIT-NO3-NO2,Inorganic nitrogen (nitrate and nitrite) (as N),Total,,8.2,mg/l,True,0.1,,,Unknown,SNY001,Actual,SW,Water,,,Clayton,07060001,River/Stream,,43.03547975,-91.26682808
6,15220001,Bloody Run Creek Site #2 (BR02),05/20/1997 11:20:00,SNY319,NIT-NO3-NO2,Inorganic nitrogen (nitrate and nitrite) (as N),Total,,7.8,mg/l,True,0.1,,,Unknown,SNY001,Actual,SW,Water,,,Clayton,07060001,River/Stream,,43.03547975,-91.26682808
6,15220001,Bloody Run Creek Site #2 (BR02),05/13/1997 11:20:00,SNY319,NIT-NO3-NO2,Inorganic nitrogen (nitrate and nitrite) (as N),Total,,7.4,mg/l,True,0.1,,,Unknown,SNY001,Actual,SW,Water,,,Clayton,07060001,River/Stream,,43.03547975,-91.26682808
6,15220001,Bloody Run Creek Site #2 (BR02),04/15/1997 12:10:00,SNY319,NIT-NO3-NO2,Inorganic nitrogen (nitrate and nitrite) (as N),Total,,8.1,mg/l,True,0.1,,,Unknown,SNY001,Actual,SW,Water,,,Clayton,07060001,River/Stream,,43.03547975,-91.26682808
6,15220001,Bloody Run Creek Site #2 (BR02),04/08/1997 10:15:00,SNY319,NIT-NO3-NO2,Inorganic nitrogen (nitrate and nitrite) (as N),Total,,8.6,mg/l,True,0.1,,,Unknown,SNY001,Actual,SW,Water,,,Clayton,07060001,River/Stream,,43.03547975,-91.26682808
6,15220001,Bloody Run Creek Site #2 (BR02),04/01/1997 11:05:00,SNY319,NIT-NO3-NO2,Inorganic nitrogen (nitrate and nitrite) (as N),Total,,8,mg/l,True,0.1,,,Unknown,SNY001,Actual,SW,Water,,,Clayton,07060001,River/Stream,,43.03547975,-91.26682808
6,15220001,Bloody Run Creek Site #2 (BR02),03/04/1997 11:30:00,SNY319,NIT-NO3-NO2,Inorganic nitrogen (nitrate and nitrite) (as N),Total,,6.2,mg/l,True,0.1,,,Unknown,SNY001,Actual,SW,Water,,,Clayton,07060001,River/Stream,,43.03547975,-91.26682808
6,15220001,Bloody Run Creek Site #2 (BR02),02/25/1997 11:50:00,SNY319,NIT-NO3-NO2,Inorganic nitrogen (nitrate and nitrite) (as N),Total,,8,mg/l,True,0.1,,,Unknown,SNY001,Actual,SW,Water,,,Clayton,07060001,River/Stream,,43.03547975,-91.26682808
6,15220001,Bloody Run Creek Site #2 (BR02),02/18/1997 11:50:00,SNY319,NIT-NO3-NO2,Inorganic nitrogen (nitrate and nitrite) (as N),Total,,7,mg/l,True,0.1,,,Unknown,SNY001,Actual,SW,Water,,,Clayton,07060001,River/Stream,,43.03547975,-91.26682808
6,15220001,Bloody Run Creek Site #2 (BR02),02/11/1997 14:10:00,SNY319,NIT-NO3-NO2,Inorganic nitrogen (nitrate and nitrite) (as N),Total,,10,mg/l,True,0.1,,,Unknown,SNY001,Actual,SW,Water,,,Clayton,07060001,River/Stream,,43.03547975,-91.26682808
6,15220001,Bloody Run Creek Site #2 (BR02),01/07/1997 10:30:00,SNY319,NIT-NO3-NO2,Inorganic nitrogen (nitrate and nitrite) (as N),Total,,10,mg/l,True,0.1,,,Unknown,SNY001,Actual,SW,Water,,,Clayton,07060001,River/Stream,,43.03547975,-91.26682808
6,15220003,North Cedar Creek (NCC),12/17/1996 12:05:00,SNY319,NIT-NO3-NO2,Inorganic nitrogen (nitrate and nitrite) (as N),Total,,2.1,mg/l,True,0.1,,,Unknown,SNY001,Actual,SW,Water,,,Clayton,07060003,River/Stream,,42.96274242,-91.22931615
6,15220003,North Cedar Creek (NCC),12/10/1996 13:20:00,SNY319,NIT-NO3-NO2,Inorganic nitrogen (nitrate and nitrite) (as N),Total,,1.8,mg/l,True,0.1,,,Unknown,SNY001,Actual,SW,Water,,,Clayton,07060003,River/Stream,,42.96274242,-91.22931615
6,15220003,North Cedar Creek (NCC),12/03/1996 12:10:00,SNY319,NIT-NO3-NO2,Inorganic nitrogen (nitrate and nitrite) (as N),Total,,1.8,mg/l,True,0.1,,,Unknown,SNY001,Actual,SW,Water,,,Clayton,07060003,River/Stream,,42.96274242,-91.22931615
6,15220003,North Cedar Creek (NCC),11/05/1996 11:30:00,SNY319,NIT-NO3-NO2,Inorganic nitrogen (nitrate and nitrite) (as N),Total,,1.8,mg/l,True,0.1,,,Unknown,SNY001,Actual,SW,Water,,,Clayton,07060003,River/Stream,,42.96274242,-91.22931615
6,15220002,Bloody Run Creek at Spook Cave (BRSC),11/26/1996 09:00:00,SNY319,NIT-NO3-NO2,Inorganic nitrogen (nitrate and nitrite) (as N),Total,,11,mg/l,True,0.1,,,Unknown,SNY001,Actual,SW,Water,,,Clayton,07060001,River/Stream,,43.03326422,-91.30759437
6,15220003,North Cedar Creek (NCC),10/29/1996 14:20:00,SNY319,NIT-NO3-NO2,Inorganic nitrogen (nitrate and nitrite) (as N),Total,,1.5,mg/l,True,0.1,,,Unknown,SNY001,Actual,SW,Water,,,Clayton,07060003,River/Stream,,42.96274242,-91.22931615
6,15220002,Bloody Run Creek at Spook Cave (BRSC),10/29/1996 12:15:00,SNY319,NIT-NO3-NO2,Inorganic nitrogen (nitrate and nitrite) (as N),Total,,8.7,mg/l,True,0.1,,,Unknown,SNY001,Actual,SW,Water,,,Clayton,07060001,River/Stream,,43.03326422,-91.30759437
6,15220001,Bloody Run Creek Site #2 (BR02),12/30/1996 12:30:00,SNY319,NIT-NO3-NO2,Inorganic nitrogen (nitrate and nitrite) (as N),Total,,11,mg/l,True,0.1,,,Unknown,SNY001,Actual,SW,Water,,,Clayton,07060001,River/Stream,,43.03547975,-91.26682808
6,15220001,Bloody Run Creek Site #2 (BR02),11/26/1996 09:30:00,SNY319,NIT-NO3-NO2,Inorganic nitrogen (nitrate and nitrite) (as N),Total,,11,mg/l,True,0.1,,,Unknown,SNY001,Actual,SW,Water,,,Clayton,07060001,River/Stream,,43.03547975,-91.26682808
6,15220001,Bloody Run Creek Site #2 (BR02),12/23/1996 11:05:00,SNY319,NIT-NO3-NO2,Inorganic nitrogen (nitrate and nitrite) (as N),Total,,9.3,mg/l,True,0.1,,,Unknown,SNY001,Actual,SW,Water,,,Clayton,07060001,River/Stream,,43.03547975,-91.26682808
6,15220001,Bloody Run Creek Site #2 (BR02),11/19/1996 10:00:00,SNY319,NIT-NO3-NO2,Inorganic nitrogen (nitrate and nitrite) (as N),Total,,10,mg/l,True,0.1,,,Unknown,SNY001,Actual,SW,Water,,,Clayton,07060001,River/Stream,,43.03547975,-91.26682808
6,15220001,Bloody Run Creek Site #2 (BR02),11/12/1996 10:30:00,SNY319,NIT-NO3-NO2,Inorganic nitrogen (nitrate and nitrite) (as N),Total,,11,mg/l,True,0.1,,,Unknown,SNY001,Actual,SW,Water,,,Clayton,07060001,River/Stream,,43.03547975,-91.26682808
6,15220004,Sny Magill Creek Site #1 (SN01),03/30/1999 13:30:00,SNY319,NIT-NO3-NO2,Inorganic nitrogen (nitrate and nitrite) (as N),Total,,3.4,mg/l,True,0.1,,,Unknown,SNY001,Actual,SW,Water,,,Clayton,07060003,River/Stream,,42.94880662,-91.18632674
6,15220004,Sny Magill Creek Site #1 (SN01),03/23/1999 11:50:00,SNY319,NIT-NO3-NO2,Inorganic nitrogen (nitrate and nitrite) (as N),Total,,3.4,mg/l,True,0.1,,,Unknown,SNY001,Actual,SW,Water,,,Clayton,07060003,River/Stream,,42.94880662,-91.18632674
6,15220004,Sny Magill Creek Site #1 (SN01),05/04/1999 11:30:00,SNY319,NIT-NO3-NO2,Inorganic nitrogen (nitrate and nitrite) (as N),Total,,3.5,mg/l,True,0.1,,,Unknown,SNY001,Actual,SW,Water,,,Clayton,07060003,River/Stream,,42.94880662,-91.18632674
6,15220004,Sny Magill Creek Site #1 (SN01),04/06/1999 12:05:00,SNY319,NIT-NO3-NO2,Inorganic nitrogen (nitrate and nitrite) (as N),Total,,3.8,mg/l,True,0.1,,,Unknown,SNY001,Actual,SW,Water,,,Clayton,07060003,River/Stream,,42.94880662,-91.18632674
6,15220004,Sny Magill Creek Site #1 (SN01),02/23/1999 13:00:00,SNY319,NIT-NO3-NO2,Inorganic nitrogen (nitrate and nitrite) (as N),Total,,4,mg/l,True,0.1,,,Unknown,SNY001,Actual,SW,Water,,,Clayton,07060003,River/Stream,,42.94880662,-91.18632674
6,15220004,Sny Magill Creek Site #1 (SN01),02/16/1999 11:50:00,SNY319,NIT-NO3-NO2,Inorganic nitrogen (nitrate and nitrite) (as N),Total,,4.2,mg/l,True,0.1,,,Unknown,SNY001,Actual,SW,Water,,,Clayton,07060003,River/Stream,,42.94880662,-91.18632674
6,15220004,Sny Magill Creek Site #1 (SN01),01/19/1999 13:35:00,SNY319,NIT-NO3-NO2,Inorganic nitrogen (nitrate and nitrite) (as N),Total,,3.8,mg/l,True,0.1,,,Unknown,SNY001,Actual,SW,Water,,,Clayton,07060003,River/Stream,,42.94880662,-91.18632674
6,15220004,Sny Magill Creek Site #1 (SN01),02/09/1999 12:20:00,SNY319,NIT-NO3-NO2,Inorganic nitrogen (nitrate and nitrite) (as N),Total,,3.3,mg/l,True,0.1,,,Unknown,SNY001,Actual,SW,Water,,,Clayton,07060003,River/Stream,,42.94880662,-91.18632674
6,15220004,Sny Magill Creek Site #1 (SN01),01/12/1999 12:55:00,SNY319,NIT-NO3-NO2,Inorganic nitrogen (nitrate and nitrite) (as N),Total,,3.8,mg/l,True,0.1,,,Unknown,SNY001,Actual,SW,Water,,,Clayton,07060003,River/Stream,,42.94880662,-91.18632674
6,15220004,Sny Magill Creek Site #1 (SN01),09/07/1999 13:40:00,SNY319,NIT-NO3-NO2,Inorganic nitrogen (nitrate and nitrite) (as N),Total,,3.2,mg/l,True,0.1,,,Unknown,SNY001,Actual,SW,Water,,,Clayton,07060003,River/Stream,,42.94880662,-91.18632674
6,15220004,Sny Magill Creek Site #1 (SN01),08/03/1999 12:00:00,SNY319,NIT-NO3-NO2,Inorganic nitrogen (nitrate and nitrite) (as N),Total,,3.4,mg/l,True,0.1,,,Unknown,SNY001,Actual,SW,Water,,,Clayton,07060003,River/Stream,,42.94880662,-91.18632674
6,15220004,Sny Magill Creek Site #1 (SN01),07/27/1999 13:45:00,SNY319,NIT-NO3-NO2,Inorganic nitrogen (nitrate and nitrite) (as N),Total,,3.4,mg/l,True,0.1,,,Unknown,SNY001,Actual,SW,Water,,,Clayton,07060003,River/Stream,,42.94880662,-91.18632674
6,15220004,Sny Magill Creek Site #1 (SN01),06/22/1999 11:40:00,SNY319,NIT-NO3-NO2,Inorganic nitrogen (nitrate and nitrite) (as N),Total,,3.4,mg/l,True,0.1,,,Unknown,SNY001,Actual,SW,Water,,,Clayton,07060003,River/Stream,,42.94880662,-91.18632674
6,15220004,Sny Magill Creek Site #1 (SN01),06/15/1999 12:15:00,SNY319,NIT-NO3-NO2,Inorganic nitrogen (nitrate and nitrite) (as N),Total,,3.8,mg/l,True,0.1,,,Unknown,SNY001,Actual,SW,Water,,,Clayton,07060003,River/Stream,,42.94880662,-91.18632674
6,15220004,Sny Magill Creek Site #1 (SN01),06/08/1999 12:20:00,SNY319,NIT-NO3-NO2,Inorganic nitrogen (nitrate and nitrite) (as N),Total,,3.5,mg/l,True,0.1,,,Unknown,SNY001,Actual,SW,Water,,,Clayton,07060003,River/Stream,,42.94880662,-91.18632674
6,15220004,Sny Magill Creek Site #1 (SN01),05/11/1999 12:00:00,SNY319,NIT-NO3-NO2,Inorganic nitrogen (nitrate and nitrite) (as N),Total,,3.5,mg/l,True,0.1,,,Unknown,SNY001,Actual,SW,Water,,,Clayton,07060003,River/Stream,,42.94880662,-91.18632674
6,15220004,Sny Magill Creek Site #1 (SN01),09/14/1999 11:30:00,SNY319,NIT-NO3-NO2,Inorganic nitrogen (nitrate and nitrite) (as N),Total,,3.4,mg/l,True,0.1,,,Unknown,SNY001,Actual,SW,Water,,,Clayton,07060003,River/Stream,,42.94880662,-91.18632674
6,15220004,Sny Magill Creek Site #1 (SN01),12/29/1998 14:50:00,SNY319,NIT-NO3-NO2,Inorganic nitrogen (nitrate and nitrite) (as N),Total,,3.6,mg/l,True,0.1,,,Unknown,SNY001,Actual,SW,Water,,,Clayton,07060003,River/Stream,,42.94880662,-91.18632674
6,15220004,Sny Magill Creek Site #1 (SN01),12/01/1998 13:40:00,SNY319,NIT-NO3-NO2,Inorganic nitrogen (nitrate and nitrite) (as N),Total,,3.6,mg/l,True,0.1,,,Unknown,SNY001,Actual,SW,Water,,,Clayton,07060003,River/Stream,,42.94880662,-91.18632674
6,15220004,Sny Magill Creek Site #1 (SN01),11/24/1998 12:15:00,SNY319,NIT-NO3-NO2,Inorganic nitrogen (nitrate and nitrite) (as N),Total,,3.6,mg/l,True,0.1,,,Unknown,SNY001,Actual,SW,Water,,,Clayton,07060003,River/Stream,,42.94880662,-91.18632674
6,15220004,Sny Magill Creek Site #1 (SN01),11/17/1998 13:20:00,SNY319,NIT-NO3-NO2,Inorganic nitrogen (nitrate and nitrite) (as N),Total,,3.7,mg/l,True,0.1,,,Unknown,SNY001,Actual,SW,Water,,,Clayton,07060003,River/Stream,,42.94880662,-91.18632674
6,15220004,Sny Magill Creek Site #1 (SN01),10/20/1998 12:55:00,SNY319,NIT-NO3-NO2,Inorganic nitrogen (nitrate and nitrite) (as N),Total,,3.1,mg/l,True,0.1,,,Unknown,SNY001,Actual,SW,Water,,,Clayton,07060003,River/Stream,,42.94880662,-91.18632674
6,15220008,West Fork Sny Magill Creek  (SNWF),09/22/1998 13:30:00,SNY319,NIT-NO3-NO2,Inorganic nitrogen (nitrate and nitrite) (as N),Total,,3.3,mg/l,True,0.1,,,Unknown,SNY001,Actual,SW,Water,,,Clayton,07060003,River/Stream,,42.97628121,-91.23730654
6,15220004,Sny Magill Creek Site #1 (SN01),10/13/1998 12:10:00,SNY319,NIT-NO3-NO2,Inorganic nitrogen (nitrate and nitrite) (as N),Total,,3,mg/l,True,0.1,,,Unknown,SNY001,Actual,SW,Water,,,Clayton,07060003,River/Stream,,42.94880662,-91.18632674
6,15220008,West Fork Sny Magill Creek  (SNWF),09/29/1998 14:05:00,SNY319,NIT-NO3-NO2,Inorganic nitrogen (nitrate and nitrite) (as N),Total,,3.4,mg/l,True,0.1,,,Unknown,SNY001,Actual,SW,Water,,,Clayton,07060003,River/Stream,,42.97628121,-91.23730654
6,15220008,West Fork Sny Magill Creek  (SNWF),09/15/1998 13:15:00,SNY319,NIT-NO3-NO2,Inorganic nitrogen (nitrate and nitrite) (as N),Total,,3.5,mg/l,True,0.1,,,Unknown,SNY001,Actual,SW,Water,,,Clayton,07060003,River/Stream,,42.97628121,-91.23730654
6,15220008,West Fork Sny Magill Creek  (SNWF),08/18/1998 13:20:00,SNY319,NIT-NO3-NO2,Inorganic nitrogen (nitrate and nitrite) (as N),Total,,3.4,mg/l,True,0.1,,,Unknown,SNY001,Actual,SW,Water,,,Clayton,07060003,River/Stream,,42.97628121,-91.23730654
6,15220008,West Fork Sny Magill Creek  (SNWF),08/11/1998 14:25:00,SNY319,NIT-NO3-NO2,Inorganic nitrogen (nitrate and nitrite) (as N),Total,,3.2,mg/l,True,0.1,,,Unknown,SNY001,Actual,SW,Water,,,Clayton,07060003,River/Stream,,42.97628121,-91.23730654
6,15220008,West Fork Sny Magill Creek  (SNWF),08/04/1998 13:25:00,SNY319,NIT-NO3-NO2,Inorganic nitrogen (nitrate and nitrite) (as N),Total,,3.2,mg/l,True,0.1,,,Unknown,SNY001,Actual,SW,Water,,,Clayton,07060003,River/Stream,,42.97628121,-91.23730654
6,15220008,West Fork Sny Magill Creek  (SNWF),06/30/1998 14:55:00,SNY319,NIT-NO3-NO2,Inorganic nitrogen (nitrate and nitrite) (as N),Total,,3.5,mg/l,True,0.1,,,Unknown,SNY001,Actual,SW,Water,,,Clayton,07060003,River/Stream,,42.97628121,-91.23730654
6,15220008,West Fork Sny Magill Creek  (SNWF),06/23/1998 13:10:00,SNY319,NIT-NO3-NO2,Inorganic nitrogen (nitrate and nitrite) (as N),Total,,3.3,mg/l,True,0.1,,,Unknown,SNY001,Actual,SW,Water,,,Clayton,07060003,River/Stream,,42.97628121,-91.23730654
6,15220008,West Fork Sny Magill Creek  (SNWF),06/16/1998 13:40:00,SNY319,NIT-NO3-NO2,Inorganic nitrogen (nitrate and nitrite) (as N),Total,,3.6,mg/l,True,0.1,,,Unknown,SNY001,Actual,SW,Water,,,Clayton,07060003,River/Stream,,42.97628121,-91.23730654
6,15220008,West Fork Sny Magill Creek  (SNWF),05/19/1998 13:00:00,SNY319,NIT-NO3-NO2,Inorganic nitrogen (nitrate and nitrite) (as N),Total,,3,mg/l,True,0.1,,,Unknown,SNY001,Actual,SW,Water,,,Clayton,07060003,River/Stream,,42.97628121,-91.23730654
6,15220008,West Fork Sny Magill Creek  (SNWF),05/12/1998 13:45:00,SNY319,NIT-NO3-NO2,Inorganic nitrogen (nitrate and nitrite) (as N),Total,,3,mg/l,True,0.1,,,Unknown,SNY001,Actual,SW,Water,,,Clayton,07060003,River/Stream,,42.97628121,-91.23730654
6,15220008,West Fork Sny Magill Creek  (SNWF),05/05/1998 14:55:00,SNY319,NIT-NO3-NO2,Inorganic nitrogen (nitrate and nitrite) (as N),Total,,2.9,mg/l,True,0.1,,,Unknown,SNY001,Actual,SW,Water,,,Clayton,07060003,River/Stream,,42.97628121,-91.23730654
6,15220008,West Fork Sny Magill Creek  (SNWF),03/31/1998 14:40:00,SNY319,NIT-NO3-NO2,Inorganic nitrogen (nitrate and nitrite) (as N),Total,,3.6,mg/l,True,0.1,,,Unknown,SNY001,Actual,SW,Water,,,Clayton,07060003,River/Stream,,42.97628121,-91.23730654
6,15220008,West Fork Sny Magill Creek  (SNWF),03/24/1998 13:20:00,SNY319,NIT-NO3-NO2,Inorganic nitrogen (nitrate and nitrite) (as N),Total,,3.5,mg/l,True,0.1,,,Unknown,SNY001,Actual,SW,Water,,,Clayton,07060003,River/Stream,,42.97628121,-91.23730654
6,15220008,West Fork Sny Magill Creek  (SNWF),02/17/1998 11:00:00,SNY319,NIT-NO3-NO2,Inorganic nitrogen (nitrate and nitrite) (as N),Total,,4,mg/l,True,0.1,,,Unknown,SNY001,Actual,SW,Water,,,Clayton,07060003,River/Stream,,42.97628121,-91.23730654
6,15220008,West Fork Sny Magill Creek  (SNWF),03/17/1998 13:55:00,SNY319,NIT-NO3-NO2,Inorganic nitrogen (nitrate and nitrite) (as N),Total,,3.8,mg/l,True,0.1,,,Unknown,SNY001,Actual,SW,Water,,,Clayton,07060003,River/Stream,,42.97628121,-91.23730654
6,15220008,West Fork Sny Magill Creek  (SNWF),02/09/1998 13:20:00,SNY319,NIT-NO3-NO2,Inorganic nitrogen (nitrate and nitrite) (as N),Total,,3.6,mg/l,True,0.1,,,Unknown,SNY001,Actual,SW,Water,,,Clayton,07060003,River/Stream,,42.97628121,-91.23730654
6,15220008,West Fork Sny Magill Creek  (SNWF),02/03/1998 12:50:00,SNY319,NIT-NO3-NO2,Inorganic nitrogen (nitrate and nitrite) (as N),Total,,3.6,mg/l,True,0.1,,,Unknown,SNY001,Actual,SW,Water,,,Clayton,07060003,River/Stream,,42.97628121,-91.23730654
6,15220008,West Fork Sny Magill Creek  (SNWF),01/06/1998 11:00:00,SNY319,NIT-NO3-NO2,Inorganic nitrogen (nitrate and nitrite) (as N),Total,,3.9,mg/l,True,0.1,,,Unknown,SNY001,Actual,SW,Water,,,Clayton,07060003,River/Stream,,42.97628121,-91.23730654
6,15220007,Sny Magill North Tributary (SNT),09/29/1998 13:50:00,SNY319,NIT-NO3-NO2,Inorganic nitrogen (nitrate and nitrite) (as N),Total,,4.9,mg/l,True,0.1,,,Unknown,SNY001,Actual,SW,Water,,,Clayton,07060003,River/Stream,,42.96850981,-91.22439501
6,15220007,Sny Magill North Tributary (SNT),08/25/1998 13:40:00,SNY319,NIT-NO3-NO2,Inorganic nitrogen (nitrate and nitrite) (as N),Total,,4.7,mg/l,True,0.1,,,Unknown,SNY001,Actual,SW,Water,,,Clayton,07060003,River/Stream,,42.96850981,-91.22439501
6,15220007,Sny Magill North Tributary (SNT),03/31/1998 14:20:00,SNY319,NIT-NO3-NO2,Inorganic nitrogen (nitrate and nitrite) (as N),Total,,2.6,mg/l,True,0.1,,,Unknown,SNY001,Actual,SW,Water,,,Clayton,07060003,River/Stream,,42.96850981,-91.22439501
6,15220007,Sny Magill North Tributary (SNT),07/28/1998 14:05:00,SNY319,NIT-NO3-NO2,Inorganic nitrogen (nitrate and nitrite) (as N),Total,,4.4,mg/l,True,0.1,,,Unknown,SNY001,Actual,SW,Water,,,Clayton,07060003,River/Stream,,42.96850981,-91.22439501
6,15220007,Sny Magill North Tributary (SNT),02/24/1998 13:40:00,SNY319,NIT-NO3-NO2,Inorganic nitrogen (nitrate and nitrite) (as N),Total,,4.3,mg/l,True,0.1,,,Unknown,SNY001,Actual,SW,Water,,,Clayton,07060003,River/Stream,,42.96850981,-91.22439501
6,15220007,Sny Magill North Tributary (SNT),01/27/1998 13:55:00,SNY319,NIT-NO3-NO2,Inorganic nitrogen (nitrate and nitrite) (as N),Total,,3.2,mg/l,True,0.1,,,Unknown,SNY001,Actual,SW,Water,,,Clayton,07060003,River/Stream,,42.96850981,-91.22439501
6,15220006,Sny Magill Creek Site #3 (SN03),09/08/1998 15:40:00,SNY319,NIT-NO3-NO2,Inorganic nitrogen (nitrate and nitrite) (as N),Total,,4.5,mg/l,True,0.1,,,Unknown,SNY001,Actual,SW,Water,,,Clayton,07060003,River/Stream,,42.98149721,-91.24097377
6,15220006,Sny Magill Creek Site #3 (SN03),09/01/1998 13:35:00,SNY319,NIT-NO3-NO2,Inorganic nitrogen (nitrate and nitrite) (as N),Total,,4.5,mg/l,True,0.1,,,Unknown,SNY001,Actual,SW,Water,,,Clayton,07060003,River/Stream,,42.98149721,-91.24097377
6,15220006,Sny Magill Creek Site #3 (SN03),08/25/1998 13:50:00,SNY319,NIT-NO3-NO2,Inorganic nitrogen (nitrate and nitrite) (as N),Total,,4.9,mg/l,True,0.1,,,Unknown,SNY001,Actual,SW,Water,,,Clayton,07060003,River/Stream,,42.98149721,-91.24097377
6,15220006,Sny Magill Creek Site #3 (SN03),07/21/1998 13:30:00,SNY319,NIT-NO3-NO2,Inorganic nitrogen (nitrate and nitrite) (as N),Total,,4.5,mg/l,True,0.1,,,Unknown,SNY001,Actual,SW,Water,,,Clayton,07060003,River/Stream,,42.98149721,-91.24097377
6,15220006,Sny Magill Creek Site #3 (SN03),08/18/1998 13:10:00,SNY319,NIT-NO3-NO2,Inorganic nitrogen (nitrate and nitrite) (as N),Total,,4.2,mg/l,True,0.1,,,Unknown,SNY001,Actual,SW,Water,,,Clayton,07060003,River/Stream,,42.98149721,-91.24097377
6,15220006,Sny Magill Creek Site #3 (SN03),07/14/1998 13:40:00,SNY319,NIT-NO3-NO2,Inorganic nitrogen (nitrate and nitrite) (as N),Total,,4.2,mg/l,True,0.1,,,Unknown,SNY001,Actual,SW,Water,,,Clayton,07060003,River/Stream,,42.98149721,-91.24097377
6,15220006,Sny Magill Creek Site #3 (SN03),07/07/1998 13:50:00,SNY319,NIT-NO3-NO2,Inorganic nitrogen (nitrate and nitrite) (as N),Total,,4,mg/l,True,0.1,,,Unknown,SNY001,Actual,SW,Water,,,Clayton,07060003,River/Stream,,42.98149721,-91.24097377
6,15220006,Sny Magill Creek Site #3 (SN03),06/09/1998 13:35:00,SNY319,NIT-NO3-NO2,Inorganic nitrogen (nitrate and nitrite) (as N),Total,,3.9,mg/l,True,0.1,,,Unknown,SNY001,Actual,SW,Water,,,Clayton,07060003,River/Stream,,42.98149721,-91.24097377
6,15220006,Sny Magill Creek Site #3 (SN03),06/02/1998 14:25:00,SNY319,NIT-NO3-NO2,Inorganic nitrogen (nitrate and nitrite) (as N),Total,,4.5,mg/l,True,0.1,,,Unknown,SNY001,Actual,SW,Water,,,Clayton,07060003,River/Stream,,42.98149721,-91.24097377
6,15220006,Sny Magill Creek Site #3 (SN03),05/26/1998 13:30:00,SNY319,NIT-NO3-NO2,Inorganic nitrogen (nitrate and nitrite) (as N),Total,,4.1,mg/l,True,0.1,,,Unknown,SNY001,Actual,SW,Water,,,Clayton,07060003,River/Stream,,42.98149721,-91.24097377
6,15220006,Sny Magill Creek Site #3 (SN03),04/21/1998 13:40:00,SNY319,NIT-NO3-NO2,Inorganic nitrogen (nitrate and nitrite) (as N),Total,,3.7,mg/l,True,0.1,,,Unknown,SNY001,Actual,SW,Water,,,Clayton,07060003,River/Stream,,42.98149721,-91.24097377
6,15220006,Sny Magill Creek Site #3 (SN03),04/14/1998 13:30:00,SNY319,NIT-NO3-NO2,Inorganic nitrogen (nitrate and nitrite) (as N),Total,,4.2,mg/l,True,0.1,,,Unknown,SNY001,Actual,SW,Water,,,Clayton,07060003,River/Stream,,42.98149721,-91.24097377
6,15220006,Sny Magill Creek Site #3 (SN03),04/07/1998 13:00:00,SNY319,NIT-NO3-NO2,Inorganic nitrogen (nitrate and nitrite) (as N),Total,,4.4,mg/l,True,0.1,,,Unknown,SNY001,Actual,SW,Water,,,Clayton,07060003,River/Stream,,42.98149721,-91.24097377
6,15220006,Sny Magill Creek Site #3 (SN03),03/10/1998 13:55:00,SNY319,NIT-NO3-NO2,Inorganic nitrogen (nitrate and nitrite) (as N),Total,,5.4,mg/l,True,0.1,,,Unknown,SNY001,Actual,SW,Water,,,Clayton,07060003,River/Stream,,42.98149721,-91.24097377
6,15220006,Sny Magill Creek Site #3 (SN03),03/03/1998 14:30:00,SNY319,NIT-NO3-NO2,Inorganic nitrogen (nitrate and nitrite) (as N),Total,,4.6,mg/l,True,0.1,,,Unknown,SNY001,Actual,SW,Water,,,Clayton,07060003,River/Stream,,42.98149721,-91.24097377
6,15220006,Sny Magill Creek Site #3 (SN03),02/24/1998 13:45:00,SNY319,NIT-NO3-NO2,Inorganic nitrogen (nitrate and nitrite) (as N),Total,,5.2,mg/l,True,0.1,,,Unknown,SNY001,Actual,SW,Water,,,Clayton,07060003,River/Stream,,42.98149721,-91.24097377
6,15220006,Sny Magill Creek Site #3 (SN03),01/27/1998 14:00:00,SNY319,NIT-NO3-NO2,Inorganic nitrogen (nitrate and nitrite) (as N),Total,,5.6,mg/l,True,0.1,,,Unknown,SNY001,Actual,SW,Water,,,Clayton,07060003,River/Stream,,42.98149721,-91.24097377
6,15220006,Sny Magill Creek Site #3 (SN03),01/20/1998 12:00:00,SNY319,NIT-NO3-NO2,Inorganic nitrogen (nitrate and nitrite) (as N),Total,,5.4,mg/l,True,0.1,,,Unknown,SNY001,Actual,SW,Water,,,Clayton,07060003,River/Stream,,42.98149721,-91.24097377
6,15220006,Sny Magill Creek Site #3 (SN03),01/13/1998 12:45:00,SNY319,NIT-NO3-NO2,Inorganic nitrogen (nitrate and nitrite) (as N),Total,,6.4,mg/l,True,0.1,,,Unknown,SNY001,Actual,SW,Water,,,Clayton,07060003,River/Stream,,42.98149721,-91.24097377
6,15220005,Sny Magill Creek Site #2 (SN02),06/30/1998 14:25:00,SNY319,NIT-NO3-NO2,Inorganic nitrogen (nitrate and nitrite) (as N),Total,,4.1,mg/l,True,0.1,,,Unknown,SNY001,Actual,SW,Water,,,Clayton,07060003,River/Stream,,42.96808222,-91.22331192
6,15220005,Sny Magill Creek Site #2 (SN02),05/26/1998 13:10:00,SNY319,NIT-NO3-NO2,Inorganic nitrogen (nitrate and nitrite) (as N),Total,,3.3,mg/l,True,0.1,,,Unknown,SNY001,Actual,SW,Water,,,Clayton,07060003,River/Stream,,42.96808222,-91.22331192
6,15220005,Sny Magill Creek Site #2 (SN02),04/28/1998 15:05:00,SNY319,NIT-NO3-NO2,Inorganic nitrogen (nitrate and nitrite) (as N),Total,,3.4,mg/l,True,0.1,,,Unknown,SNY001,Actual,SW,Water,,,Clayton,07060003,River/Stream,,42.96808222,-91.22331192
6,15220004,Sny Magill Creek Site #1 (SN01),09/22/1998 12:30:00,SNY319,NIT-NO3-NO2,Inorganic nitrogen (nitrate and nitrite) (as N),Total,,2.6,mg/l,True,0.1,,,Unknown,SNY001,Actual,SW,Water,,,Clayton,07060003,River/Stream,,42.94880662,-91.18632674
6,15220004,Sny Magill Creek Site #1 (SN01),05/05/1998 14:25:00,SNY319,NIT-NO3-NO2,Inorganic nitrogen (nitrate and nitrite) (as N),Total,,2.6,mg/l,True,0.1,,,Unknown,SNY001,Actual,SW,Water,,,Clayton,07060003,River/Stream,,42.94880662,-91.18632674
6,15220004,Sny Magill Creek Site #1 (SN01),09/15/1998 12:30:00,SNY319,NIT-NO3-NO2,Inorganic nitrogen (nitrate and nitrite) (as N),Total,,2.9,mg/l,True,0.1,,,Unknown,SNY001,Actual,SW,Water,,,Clayton,07060003,River/Stream,,42.94880662,-91.18632674
6,15220004,Sny Magill Creek Site #1 (SN01),08/25/1998 13:15:00,SNY319,NIT-NO3-NO2,Inorganic nitrogen (nitrate and nitrite) (as N),Total,,3.1,mg/l,True,0.1,,,Unknown,SNY001,Actual,SW,Water,,,Clayton,07060003,River/Stream,,42.94880662,-91.18632674
6,15220004,Sny Magill Creek Site #1 (SN01),08/18/1998 12:35:00,SNY319,NIT-NO3-NO2,Inorganic nitrogen (nitrate and nitrite) (as N),Total,,2.3,mg/l,True,0.1,,,Unknown,SNY001,Actual,SW,Water,,,Clayton,07060003,River/Stream,,42.94880662,-91.18632674
6,16220006,North Cedar Creek - Clayton # 159,07/17/2019 09:00:00,AMBBIO,NIT-NO3-NO2,Inorganic nitrogen (nitrate and nitrite) (AS N),Total,,3.7,mg/l,True,0.1,,,LAC10-107-04-1J,UHL001,Actual,SW,Water,,,Clayton,07060003,River/Stream,,42.947107,-91.232895
6,16220004,Hewitt Creek - Volga # 133,09/15/2014 08:40:00,AMBBIO,NIT-NO3-NO2,Inorganic nitrogen (nitrate and nitrite) (AS N),Total,,6.8,mg/l,True,0.1,,,LAC10-107-04-1J,UHL001,Actual,SW,Water,,,Clayton,07060004,River/Stream,,42.756825,-91.563285
6,16220001,Roberts Creek,08/01/2017 09:30:00,AMBBIO,NIT-NO3-NO2,Inorganic nitrogen (nitrate and nitrite) (AS N),Total,,9.8,mg/l,True,0.1,,,LAC10-107-04-1J,UHL001,Actual,SW,Water,,,Clayton,07060004,River/Stream,,42.963184,-91.461441
6,16220004,Hewitt Creek - Volga # 133,08/18/2014 09:00:00,AMBBIO,NIT-NO3-NO2,Inorganic nitrogen (nitrate and nitrite) (AS N),Total,,7.2,mg/l,True,0.1,,,LAC10-107-04-1J,UHL001,Actual,SW,Water,,,Clayton,07060004,River/Stream,,42.756825,-91.563285
6,16220004,Hewitt Creek - Volga # 133,09/02/2014 09:00:00,AMBBIO,NIT-NO3-NO2,Inorganic nitrogen (nitrate and nitrite) (AS N),Total,,6.2,mg/l,True,0.1,,,LAC10-107-04-1J,UHL001,Actual,SW,Water,,,Clayton,07060004,River/Stream,,42.756825,-91.563285
6,16220004,Hewitt Creek - Volga # 133,07/21/2014 09:00:00,AMBBIO,NIT-NO3-NO2,Inorganic nitrogen (nitrate and nitrite) (AS N),Total,,7.3,mg/l,True,0.1,,,LAC10-107-04-1J,UHL001,Actual,SW,Water,,,Clayton,07060004,River/Stream,,42.756825,-91.563285
6,16220004,Hewitt Creek - Volga # 133,08/04/2014 08:50:00,AMBBIO,NIT-NO3-NO2,Inorganic nitrogen (nitrate and nitrite) (AS N),Total,,7.3,mg/l,True,0.1,,,LAC10-107-04-1J,UHL001,Actual,SW,Water,,,Clayton,07060004,River/Stream,,42.756825,-91.563285
6,16220004,Hewitt Creek - Volga # 133,09/09/2013 12:00:00,AMBBIO,NIT-NO3-NO2,Inorganic nitrogen (nitrate and nitrite) (AS N),Total,,7.3,mg/l,True,0.1,,,LAC10-107-04-1J,UHL001,Actual,SW,Water,,,Clayton,07060004,River/Stream,,42.756825,-91.563285
6,16220004,Hewitt Creek - Volga # 133,07/08/2014 13:00:00,AMBBIO,NIT-NO3-NO2,Inorganic nitrogen (nitrate and nitrite) (AS N),Total,,8.6,mg/l,True,0.1,,,LAC10-107-04-1J,UHL001,Actual,SW,Water,,,Clayton,07060004,River/Stream,,42.756825,-91.563285
6,16220004,Hewitt Creek - Volga # 133,08/14/2013 08:50:00,AMBBIO,NIT-NO3-NO2,Inorganic nitrogen (nitrate and nitrite) (AS N),Total,,7.9,mg/l,True,0.1,,,LAC10-107-04-1J,UHL001,Actual,SW,Water,,,Clayton,07060004,River/Stream,,42.756825,-91.563285
6,16220004,Hewitt Creek - Volga # 133,08/29/2013 12:30:00,AMBBIO,NIT-NO3-NO2,Inorganic nitrogen (nitrate and nitrite) (AS N),Total,,7,mg/l,True,0.1,,,LAC10-107-04-1J,UHL001,Actual,SW,Water,,,Clayton,07060004,River/Stream,,42.756825,-91.563285
6,16220004,Hewitt Creek - Volga # 133,07/16/2013 09:07:00,AMBBIO,NIT-NO3-NO2,Inorganic nitrogen (nitrate and nitrite) (AS N),Total,,7.3,mg/l,True,0.1,,,LAC10-107-04-1J,UHL001,Actual,SW,Water,,,Clayton,07060004,River/Stream,,42.756825,-91.563285
6,16220004,Hewitt Creek - Volga # 133,07/30/2013 09:00:00,AMBBIO,NIT-NO3-NO2,Inorganic nitrogen (nitrate and nitrite) (AS N),Total,,6.9,mg/l,True,0.1,,,LAC10-107-04-1J,UHL001,Actual,SW,Water,,,Clayton,07060004,River/Stream,,42.756825,-91.563285
6,16220004,Hewitt Creek - Volga # 133,07/01/2013 09:00:00,AMBBIO,NIT-NO3-NO2,Inorganic nitrogen (nitrate and nitrite) (AS N),Total,,7.6,mg/l,True,0.1,,,LAC10-107-04-1J,UHL001,Actual,SW,Water,,,Clayton,07060004,River/Stream,,42.756825,-91.563285
6,16220007,Volga River - Site 196,07/11/2006 00:00:00,LEGACYREMAP,NIT-NO3-NO2,Inorganic nitrogen (nitrate and nitrite) (AS N),Total,,3.8,mg/l,True,0.05,,,353.2,UHL001,Actual,SW,Water,,,Clayton,07060004,River/Stream,,42.754989,-91.363441
6,11220008,Volga River at Littleport (32),07/09/2003 13:30:00,EVENT,NIT-NO3-NO2,Inorganic nitrogen (nitrate and nitrite) (as N),Total,,7.9,mg/l,True,0.1,,,353.2,UHL001,Actual,SW,Water,,,Clayton,07060004,River/Stream,,42.7536427,-91.3691492
6,11220008,Volga River at Littleport (32),05/13/2003 09:30:00,EVENT,NIT-NO3-NO2,Inorganic nitrogen (nitrate and nitrite) (as N),Total,,13,mg/l,True,0.1,,,353.2,UHL001,Actual,SW,Water,,,Clayton,07060004,River/Stream,,42.7536427,-91.3691492
6,10220003,Bloody Run Creek Site #1 (BR01),10/07/2014 12:15:00,AMBIENT,NIT-NO3-NO2,Inorganic nitrogen (nitrate and nitrite) (AS N),Total,,6.3,mg/l,True,0.1,,,LAC10-107-04-1J,UHL001,Actual,SW,Water,,,Clayton,07060001,River/Stream,,43.0404991,-91.2055504
6,10220003,Bloody Run Creek Site #1 (BR01),01/14/2015 09:15:00,AMBIENT,NIT-NO3-NO2,Inorganic nitrogen (nitrate and nitrite) (AS N),Total,,5.7,mg/l,True,0.1,,,LAC10-107-04-1J,UHL001,Actual,SW,Water,,,Clayton,07060001,River/Stream,,43.0404991,-91.2055504
6,10220003,Bloody Run Creek Site #1 (BR01),06/01/2015 11:00:00,AMBIENT,NIT-NO3-NO2,Inorganic nitrogen (nitrate and nitrite) (AS N),Total,,5.4,mg/l,True,0.1,,,LAC10-107-04-1J,UHL001,Actual,SW,Water,,,Clayton,07060001,River/Stream,,43.0404991,-91.2055504
6,10220003,Bloody Run Creek Site #1 (BR01),11/03/2014 08:30:00,AMBIENT,NIT-NO3-NO2,Inorganic nitrogen (nitrate and nitrite) (AS N),Total,,6,mg/l,True,0.1,,,LAC10-107-04-1J,UHL001,Actual,SW,Water,,,Clayton,07060001,River/Stream,,43.0404991,-91.2055504
6,10220003,Bloody Run Creek Site #1 (BR01),06/13/1995 12:30:00,SNY319,NIT-NO3-NO2,Inorganic nitrogen (nitrate and nitrite) (as N),Total,,4.9,mg/l,True,0.1,,,Unknown,SNY001,Actual,SW,Water,,,Clayton,07060001,River/Stream,,43.0404991,-91.2055504
6,10220003,Bloody Run Creek Site #1 (BR01),07/04/1995 12:15:00,SNY319,NIT-NO3-NO2,Inorganic nitrogen (nitrate and nitrite) (as N),Total,,5.4,mg/l,True,0.1,,,Unknown,SNY001,Actual,SW,Water,,,Clayton,07060001,River/Stream,,43.0404991,-91.2055504
6,10220003,Bloody Run Creek Site #1 (BR01),07/25/1995 15:10:00,SNY319,NIT-NO3-NO2,Inorganic nitrogen (nitrate and nitrite) (as N),Total,,5,mg/l,True,0.1,,,Unknown,SNY001,Actual,SW,Water,,,Clayton,07060001,River/Stream,,43.0404991,-91.2055504
6,10220003,Bloody Run Creek Site #1 (BR01),03/05/2015 08:40:00,AMBIENT,NIT-NO3-NO2,Inorganic nitrogen (nitrate and nitrite) (AS N),Total,,6,mg/l,True,0.1,,,LAC10-107-04-1J,UHL001,Actual,SW,Water,,,Clayton,07060001,River/Stream,,43.0404991,-91.2055504
6,10220003,Bloody Run Creek Site #1 (BR01),08/15/1995 14:30:00,SNY319,NIT-NO3-NO2,Inorganic nitrogen (nitrate and nitrite) (as N),Total,,5.5,mg/l,True,0.1,,,Unknown,SNY001,Actual,SW,Water,,,Clayton,07060001,River/Stream,,43.0404991,-91.2055504
6,10220003,Bloody Run Creek Site #1 (BR01),03/04/1997 12:05:00,SNY319,NIT-NO3-NO2,Inorganic nitrogen (nitrate and nitrite) (as N),Total,,4.2,mg/l,True,0.1,,,Unknown,SNY001,Actual,SW,Water,,,Clayton,07060001,River/Stream,,43.0404991,-91.2055504
6,10220003,Bloody Run Creek Site #1 (BR01),02/25/1997 12:15:00,SNY319,NIT-NO3-NO2,Inorganic nitrogen (nitrate and nitrite) (as N),Total,,4.7,mg/l,True,0.1,,,Unknown,SNY001,Actual,SW,Water,,,Clayton,07060001,River/Stream,,43.0404991,-91.2055504
6,10220003,Bloody Run Creek Site #1 (BR01),02/11/1997 13:50:00,SNY319,NIT-NO3-NO2,Inorganic nitrogen (nitrate and nitrite) (as N),Total,,5.5,mg/l,True,0.1,,,Unknown,SNY001,Actual,SW,Water,,,Clayton,07060001,River/Stream,,43.0404991,-91.2055504
6,10220003,Bloody Run Creek Site #1 (BR01),02/04/1997 14:00:00,SNY319,NIT-NO3-NO2,Inorganic nitrogen (nitrate and nitrite) (as N),Total,,5.5,mg/l,True,0.1,,,Unknown,SNY001,Actual,SW,Water,,,Clayton,07060001,River/Stream,,43.0404991,-91.2055504
6,10220003,Bloody Run Creek Site #1 (BR01),01/14/1997 13:50:00,SNY319,NIT-NO3-NO2,Inorganic nitrogen (nitrate and nitrite) (as N),Total,,5.7,mg/l,True,0.1,,,Unknown,SNY001,Actual,SW,Water,,,Clayton,07060001,River/Stream,,43.0404991,-91.2055504
6,10220003,Bloody Run Creek Site #1 (BR01),12/03/1996 11:15:00,SNY319,NIT-NO3-NO2,Inorganic nitrogen (nitrate and nitrite) (as N),Total,,5.9,mg/l,True,0.1,,,Unknown,SNY001,Actual,SW,Water,,,Clayton,07060001,River/Stream,,43.0404991,-91.2055504
6,10220003,Bloody Run Creek Site #1 (BR01),01/07/1997 10:00:00,SNY319,NIT-NO3-NO2,Inorganic nitrogen (nitrate and nitrite) (as N),Total,,5.3,mg/l,True,0.1,,,Unknown,SNY001,Actual,SW,Water,,,Clayton,07060001,River/Stream,,43.0404991,-91.2055504
6,10220003,Bloody Run Creek Site #1 (BR01),12/30/1996 13:00:00,SNY319,NIT-NO3-NO2,Inorganic nitrogen (nitrate and nitrite) (as N),Total,,5.7,mg/l,True,0.1,,,Unknown,SNY001,Actual,SW,Water,,,Clayton,07060001,River/Stream,,43.0404991,-91.2055504
6,10220003,Bloody Run Creek Site #1 (BR01),12/10/1996 12:10:00,SNY319,NIT-NO3-NO2,Inorganic nitrogen (nitrate and nitrite) (as N),Total,,5.7,mg/l,True,0.1,,,Unknown,SNY001,Actual,SW,Water,,,Clayton,07060001,River/Stream,,43.0404991,-91.2055504
6,10220003,Bloody Run Creek Site #1 (BR01),11/19/1996 09:30:00,SNY319,NIT-NO3-NO2,Inorganic nitrogen (nitrate and nitrite) (as N),Total,,5.7,mg/l,True,0.1,,,Unknown,SNY001,Actual,SW,Water,,,Clayton,07060001,River/Stream,,43.0404991,-91.2055504
6,10220003,Bloody Run Creek Site #1 (BR01),11/12/1996 11:00:00,SNY319,NIT-NO3-NO2,Inorganic nitrogen (nitrate and nitrite) (as N),Total,,5.2,mg/l,True,0.1,,,Unknown,SNY001,Actual,SW,Water,,,Clayton,07060001,River/Stream,,43.0404991,-91.2055504
6,10220003,Bloody Run Creek Site #1 (BR01),10/22/1996 12:00:00,SNY319,NIT-NO3-NO2,Inorganic nitrogen (nitrate and nitrite) (as N),Total,,5.3,mg/l,True,0.1,,,Unknown,SNY001,Actual,SW,Water,,,Clayton,07060001,River/Stream,,43.0404991,-91.2055504
6,10220003,Bloody Run Creek Site #1 (BR01),10/15/1996 10:50:00,SNY319,NIT-NO3-NO2,Inorganic nitrogen (nitrate and nitrite) (as N),Total,,4.9,mg/l,True,0.1,,,Unknown,SNY001,Actual,SW,Water,,,Clayton,07060001,River/Stream,,43.0404991,-91.2055504
6,10220003,Bloody Run Creek Site #1 (BR01),09/05/1995 09:15:00,SNY319,NIT-NO3-NO2,Inorganic nitrogen (nitrate and nitrite) (as N),Total,,4.8,mg/l,True,0.1,,,Unknown,SNY001,Actual,SW,Water,,,Clayton,07060001,River/Stream,,43.0404991,-91.2055504
6,10220003,Bloody Run Creek Site #1 (BR01),09/12/1995 11:35:00,SNY319,NIT-NO3-NO2,Inorganic nitrogen (nitrate and nitrite) (as N),Total,,5.4,mg/l,True,0.1,,,Unknown,SNY001,Actual,SW,Water,,,Clayton,07060001,River/Stream,,43.0404991,-91.2055504
6,10220003,Bloody Run Creek Site #1 (BR01),09/26/1995 12:40:00,SNY319,NIT-NO3-NO2,Inorganic nitrogen (nitrate and nitrite) (as N),Total,,5.5,mg/l,True,0.1,,,Unknown,SNY001,Actual,SW,Water,,,Clayton,07060001,River/Stream,,43.0404991,-91.2055504
6,10220003,Bloody Run Creek Site #1 (BR01),05/26/1998 12:10:00,SNY319,NIT-NO3-NO2,Inorganic nitrogen (nitrate and nitrite) (as N),Total,,5.6,mg/l,True,0.1,,,Unknown,SNY001,Actual,SW,Water,,,Clayton,07060001,River/Stream,,43.0404991,-91.2055504
6,10220003,Bloody Run Creek Site #1 (BR01),05/19/1998 12:00:00,SNY319,NIT-NO3-NO2,Inorganic nitrogen (nitrate and nitrite) (as N),Total,,5.2,mg/l,True,0.1,,,Unknown,SNY001,Actual,SW,Water,,,Clayton,07060001,River/Stream,,43.0404991,-91.2055504
6,10220003,Bloody Run Creek Site #1 (BR01),04/28/1998 13:40:00,SNY319,NIT-NO3-NO2,Inorganic nitrogen (nitrate and nitrite) (as N),Total,,6,mg/l,True,0.1,,,Unknown,SNY001,Actual,SW,Water,,,Clayton,07060001,River/Stream,,43.0404991,-91.2055504
6,10220003,Bloody Run Creek Site #1 (BR01),04/07/1998 11:45:00,SNY319,NIT-NO3-NO2,Inorganic nitrogen (nitrate and nitrite) (as N),Total,,8.3,mg/l,True,0.1,,,Unknown,SNY001,Actual,SW,Water,,,Clayton,07060001,River/Stream,,43.0404991,-91.2055504
6,10220003,Bloody Run Creek Site #1 (BR01),03/31/1998 13:10:00,SNY319,NIT-NO3-NO2,Inorganic nitrogen (nitrate and nitrite) (as N),Total,,6,mg/l,True,0.1,,,Unknown,SNY001,Actual,SW,Water,,,Clayton,07060001,River/Stream,,43.0404991,-91.2055504
6,10220003,Bloody Run Creek Site #1 (BR01),03/10/1998 12:40:00,SNY319,NIT-NO3-NO2,Inorganic nitrogen (nitrate and nitrite) (as N),Total,,5.5,mg/l,True,0.1,,,Unknown,SNY001,Actual,SW,Water,,,Clayton,07060001,River/Stream,,43.0404991,-91.2055504
6,10220003,Bloody Run Creek Site #1 (BR01),03/03/1998 13:20:00,SNY319,NIT-NO3-NO2,Inorganic nitrogen (nitrate and nitrite) (as N),Total,,6,mg/l,True,0.1,,,Unknown,SNY001,Actual,SW,Water,,,Clayton,07060001,River/Stream,,43.0404991,-91.2055504
6,10220003,Bloody Run Creek Site #1 (BR01),02/09/1998 12:00:00,SNY319,NIT-NO3-NO2,Inorganic nitrogen (nitrate and nitrite) (as N),Total,,5.5,mg/l,True,0.1,,,Unknown,SNY001,Actual,SW,Water,,,Clayton,07060001,River/Stream,,43.0404991,-91.2055504
6,10220003,Bloody Run Creek Site #1 (BR01),02/03/1998 11:40:00,SNY319,NIT-NO3-NO2,Inorganic nitrogen (nitrate and nitrite) (as N),Total,,5.3,mg/l,True,0.1,,,Unknown,SNY001,Actual,SW,Water,,,Clayton,07060001,River/Stream,,43.0404991,-91.2055504
6,10220003,Bloody Run Creek Site #1 (BR01),01/13/1998 11:20:00,SNY319,NIT-NO3-NO2,Inorganic nitrogen (nitrate and nitrite) (as N),Total,,6.4,mg/l,True,0.1,,,Unknown,SNY001,Actual,SW,Water,,,Clayton,07060001,River/Stream,,43.0404991,-91.2055504
6,10220003,Bloody Run Creek Site #1 (BR01),01/06/1998 10:00:00,SNY319,NIT-NO3-NO2,Inorganic nitrogen (nitrate and nitrite) (as N),Total,,5.9,mg/l,True,0.1,,,Unknown,SNY001,Actual,SW,Water,,,Clayton,07060001,River/Stream,,43.0404991,-91.2055504
6,10220003,Bloody Run Creek Site #1 (BR01),12/30/1997 13:20:00,SNY319,NIT-NO3-NO2,Inorganic nitrogen (nitrate and nitrite) (as N),Total,,5.2,mg/l,True,0.1,,,Unknown,SNY001,Actual,SW,Water,,,Clayton,07060001,River/Stream,,43.0404991,-91.2055504
6,10220003,Bloody Run Creek Site #1 (BR01),12/23/1997 12:05:00,SNY319,NIT-NO3-NO2,Inorganic nitrogen (nitrate and nitrite) (as N),Total,,5.6,mg/l,True,0.1,,,Unknown,SNY001,Actual,SW,Water,,,Clayton,07060001,River/Stream,,43.0404991,-91.2055504
6,10220003,Bloody Run Creek Site #1 (BR01),12/02/1997 10:00:00,SNY319,NIT-NO3-NO2,Inorganic nitrogen (nitrate and nitrite) (as N),Total,,5.2,mg/l,True,0.1,,,Unknown,SNY001,Actual,SW,Water,,,Clayton,07060001,River/Stream,,43.0404991,-91.2055504
6,10220003,Bloody Run Creek Site #1 (BR01),11/25/1997 12:10:00,SNY319,NIT-NO3-NO2,Inorganic nitrogen (nitrate and nitrite) (as N),Total,,5.6,mg/l,True,0.1,,,Unknown,SNY001,Actual,SW,Water,,,Clayton,07060001,River/Stream,,43.0404991,-91.2055504
6,10220003,Bloody Run Creek Site #1 (BR01),11/04/1997 10:00:00,SNY319,NIT-NO3-NO2,Inorganic nitrogen (nitrate and nitrite) (as N),Total,,5,mg/l,True,0.1,,,Unknown,SNY001,Actual,SW,Water,,,Clayton,07060001,River/Stream,,43.0404991,-91.2055504
6,10220003,Bloody Run Creek Site #1 (BR01),10/28/1997 09:25:00,SNY319,NIT-NO3-NO2,Inorganic nitrogen (nitrate and nitrite) (as N),Total,,5,mg/l,True,0.1,,,Unknown,SNY001,Actual,SW,Water,,,Clayton,07060001,River/Stream,,43.0404991,-91.2055504
6,10220003,Bloody Run Creek Site #1 (BR01),10/07/1997 10:00:00,SNY319,NIT-NO3-NO2,Inorganic nitrogen (nitrate and nitrite) (as N),Total,,4.4,mg/l,True,0.1,,,Unknown,SNY001,Actual,SW,Water,,,Clayton,07060001,River/Stream,,43.0404991,-91.2055504
6,10220003,Bloody Run Creek Site #1 (BR01),09/30/1997 11:40:00,SNY319,NIT-NO3-NO2,Inorganic nitrogen (nitrate and nitrite) (as N),Total,,9.8,mg/l,True,0.1,,,Unknown,SNY001,Actual,SW,Water,,,Clayton,07060001,River/Stream,,43.0404991,-91.2055504
6,10220003,Bloody Run Creek Site #1 (BR01),09/09/1997 11:25:00,SNY319,NIT-NO3-NO2,Inorganic nitrogen (nitrate and nitrite) (as N),Total,,5.2,mg/l,True,0.1,,,Unknown,SNY001,Actual,SW,Water,,,Clayton,07060001,River/Stream,,43.0404991,-91.2055504
6,10220003,Bloody Run Creek Site #1 (BR01),09/02/1997 11:40:00,SNY319,NIT-NO3-NO2,Inorganic nitrogen (nitrate and nitrite) (as N),Total,,4.4,mg/l,True,0.1,,,Unknown,SNY001,Actual,SW,Water,,,Clayton,07060001,River/Stream,,43.0404991,-91.2055504
6,10220003,Bloody Run Creek Site #1 (BR01),08/12/1997 12:40:00,SNY319,NIT-NO3-NO2,Inorganic nitrogen (nitrate and nitrite) (as N),Total,,5.1,mg/l,True,0.1,,,Unknown,SNY001,Actual,SW,Water,,,Clayton,07060001,River/Stream,,43.0404991,-91.2055504
6,10220003,Bloody Run Creek Site #1 (BR01),08/05/1997 11:55:00,SNY319,NIT-NO3-NO2,Inorganic nitrogen (nitrate and nitrite) (as N),Total,,4.8,mg/l,True,0.1,,,Unknown,SNY001,Actual,SW,Water,,,Clayton,07060001,River/Stream,,43.0404991,-91.2055504
6,10220003,Bloody Run Creek Site #1 (BR01),07/15/1997 12:10:00,SNY319,NIT-NO3-NO2,Inorganic nitrogen (nitrate and nitrite) (as N),Total,,4.5,mg/l,True,0.1,,,Unknown,SNY001,Actual,SW,Water,,,Clayton,07060001,River/Stream,,43.0404991,-91.2055504
6,10220003,Bloody Run Creek Site #1 (BR01),07/08/1997 12:05:00,SNY319,NIT-NO3-NO2,Inorganic nitrogen (nitrate and nitrite) (as N),Total,,4.8,mg/l,True,0.1,,,Unknown,SNY001,Actual,SW,Water,,,Clayton,07060001,River/Stream,,43.0404991,-91.2055504
6,10220003,Bloody Run Creek Site #1 (BR01),06/17/1997 12:30:00,SNY319,NIT-NO3-NO2,Inorganic nitrogen (nitrate and nitrite) (as N),Total,,4,mg/l,True,0.1,,,Unknown,SNY001,Actual,SW,Water,,,Clayton,07060001,River/Stream,,43.0404991,-91.2055504
6,10220003,Bloody Run Creek Site #1 (BR01),06/10/1997 11:35:00,SNY319,NIT-NO3-NO2,Inorganic nitrogen (nitrate and nitrite) (as N),Total,,4.4,mg/l,True,0.1,,,Unknown,SNY001,Actual,SW,Water,,,Clayton,07060001,River/Stream,,43.0404991,-91.2055504
6,10220003,Bloody Run Creek Site #1 (BR01),05/20/1997 11:50:00,SNY319,NIT-NO3-NO2,Inorganic nitrogen (nitrate and nitrite) (as N),Total,,4.2,mg/l,True,0.1,,,Unknown,SNY001,Actual,SW,Water,,,Clayton,07060001,River/Stream,,43.0404991,-91.2055504
6,10220003,Bloody Run Creek Site #1 (BR01),04/29/1997 12:25:00,SNY319,NIT-NO3-NO2,Inorganic nitrogen (nitrate and nitrite) (as N),Total,,4.4,mg/l,True,0.1,,,Unknown,SNY001,Actual,SW,Water,,,Clayton,07060001,River/Stream,,43.0404991,-91.2055504
6,10220003,Bloody Run Creek Site #1 (BR01),04/22/1997 11:20:00,SNY319,NIT-NO3-NO2,Inorganic nitrogen (nitrate and nitrite) (as N),Total,,4.8,mg/l,True,0.1,,,Unknown,SNY001,Actual,SW,Water,,,Clayton,07060001,River/Stream,,43.0404991,-91.2055504
6,10220003,Bloody Run Creek Site #1 (BR01),04/01/1997 11:35:00,SNY319,NIT-NO3-NO2,Inorganic nitrogen (nitrate and nitrite) (as N),Total,,5,mg/l,True,0.1,,,Unknown,SNY001,Actual,SW,Water,,,Clayton,07060001,River/Stream,,43.0404991,-91.2055504
6,10220003,Bloody Run Creek Site #1 (BR01),03/25/1997 12:30:00,SNY319,NIT-NO3-NO2,Inorganic nitrogen (nitrate and nitrite) (as N),Total,,5.4,mg/l,True,0.1,,,Unknown,SNY001,Actual,SW,Water,,,Clayton,07060001,River/Stream,,43.0404991,-91.2055504
6,10220003,Bloody Run Creek Site #1 (BR01),02/23/1999 12:30:00,SNY319,NIT-NO3-NO2,Inorganic nitrogen (nitrate and nitrite) (as N),Total,,7.6,mg/l,True,0.1,,,Unknown,SNY001,Actual,SW,Water,,,Clayton,07060001,River/Stream,,43.0404991,-91.2055504
6,10220003,Bloody Run Creek Site #1 (BR01),02/09/1999 11:50:00,SNY319,NIT-NO3-NO2,Inorganic nitrogen (nitrate and nitrite) (as N),Total,,7.1,mg/l,True,0.1,,,Unknown,SNY001,Actual,SW,Water,,,Clayton,07060001,River/Stream,,43.0404991,-91.2055504
6,10220003,Bloody Run Creek Site #1 (BR01),03/23/1999 11:20:00,SNY319,NIT-NO3-NO2,Inorganic nitrogen (nitrate and nitrite) (as N),Total,,6.9,mg/l,True,0.1,,,Unknown,SNY001,Actual,SW,Water,,,Clayton,07060001,River/Stream,,43.0404991,-91.2055504
6,10220003,Bloody Run Creek Site #1 (BR01),04/06/1999 11:15:00,SNY319,NIT-NO3-NO2,Inorganic nitrogen (nitrate and nitrite) (as N),Total,,6.9,mg/l,True,0.1,,,Unknown,SNY001,Actual,SW,Water,,,Clayton,07060001,River/Stream,,43.0404991,-91.2055504
6,10220003,Bloody Run Creek Site #1 (BR01),06/08/1999 11:35:00,SNY319,NIT-NO3-NO2,Inorganic nitrogen (nitrate and nitrite) (as N),Total,,8.1,mg/l,True,0.1,,,Unknown,SNY001,Actual,SW,Water,,,Clayton,07060001,River/Stream,,43.0404991,-91.2055504
6,10220003,Bloody Run Creek Site #1 (BR01),05/11/1999 11:05:00,SNY319,NIT-NO3-NO2,Inorganic nitrogen (nitrate and nitrite) (as N),Total,,6.8,mg/l,True,0.1,,,Unknown,SNY001,Actual,SW,Water,,,Clayton,07060001,River/Stream,,43.0404991,-91.2055504
6,10220003,Bloody Run Creek Site #1 (BR01),05/04/1999 10:50:00,SNY319,NIT-NO3-NO2,Inorganic nitrogen (nitrate and nitrite) (as N),Total,,6.8,mg/l,True,0.1,,,Unknown,SNY001,Actual,SW,Water,,,Clayton,07060001,River/Stream,,43.0404991,-91.2055504
6,10220003,Bloody Run Creek Site #1 (BR01),03/30/1999 12:25:00,SNY319,NIT-NO3-NO2,Inorganic nitrogen (nitrate and nitrite) (as N),Total,,7,mg/l,True,0.1,,,Unknown,SNY001,Actual,SW,Water,,,Clayton,07060001,River/Stream,,43.0404991,-91.2055504
6,10220003,Bloody Run Creek Site #1 (BR01),09/21/1999 12:35:00,SNY319,NIT-NO3-NO2,Inorganic nitrogen (nitrate and nitrite) (as N),Total,,7.3,mg/l,True,0.1,,,Unknown,SNY001,Actual,SW,Water,,,Clayton,07060001,River/Stream,,43.0404991,-91.2055504
6,10220003,Bloody Run Creek Site #1 (BR01),09/14/1999 11:05:00,SNY319,NIT-NO3-NO2,Inorganic nitrogen (nitrate and nitrite) (as N),Total,,7.2,mg/l,True,0.1,,,Unknown,SNY001,Actual,SW,Water,,,Clayton,07060001,River/Stream,,43.0404991,-91.2055504
6,10220003,Bloody Run Creek Site #1 (BR01),09/07/1999 13:15:00,SNY319,NIT-NO3-NO2,Inorganic nitrogen (nitrate and nitrite) (as N),Total,,7,mg/l,True,0.1,,,Unknown,SNY001,Actual,SW,Water,,,Clayton,07060001,River/Stream,,43.0404991,-91.2055504
6,10220003,Bloody Run Creek Site #1 (BR01),08/10/1999 11:45:00,SNY319,NIT-NO3-NO2,Inorganic nitrogen (nitrate and nitrite) (as N),Total,,7,mg/l,True,0.1,,,Unknown,SNY001,Actual,SW,Water,,,Clayton,07060001,River/Stream,,43.0404991,-91.2055504
6,10220003,Bloody Run Creek Site #1 (BR01),08/03/1999 11:30:00,SNY319,NIT-NO3-NO2,Inorganic nitrogen (nitrate and nitrite) (as N),Total,,7,mg/l,True,0.1,,,Unknown,SNY001,Actual,SW,Water,,,Clayton,07060001,River/Stream,,43.0404991,-91.2055504
6,10220003,Bloody Run Creek Site #1 (BR01),07/27/1999 12:05:00,SNY319,NIT-NO3-NO2,Inorganic nitrogen (nitrate and nitrite) (as N),Total,,5.6,mg/l,True,0.1,,,Unknown,SNY001,Actual,SW,Water,,,Clayton,07060001,River/Stream,,43.0404991,-91.2055504
6,10220003,Bloody Run Creek Site #1 (BR01),06/22/1999 12:15:00,SNY319,NIT-NO3-NO2,Inorganic nitrogen (nitrate and nitrite) (as N),Total,,7.4,mg/l,True,0.1,,,Unknown,SNY001,Actual,SW,Water,,,Clayton,07060001,River/Stream,,43.0404991,-91.2055504
6,10220003,Bloody Run Creek Site #1 (BR01),06/15/1999 11:40:00,SNY319,NIT-NO3-NO2,Inorganic nitrogen (nitrate and nitrite) (as N),Total,,8.2,mg/l,True,0.1,,,Unknown,SNY001,Actual,SW,Water,,,Clayton,07060001,River/Stream,,43.0404991,-91.2055504
6,10220003,Bloody Run Creek Site #1 (BR01),02/16/1999 11:25:00,SNY319,NIT-NO3-NO2,Inorganic nitrogen (nitrate and nitrite) (as N),Total,,7.7,mg/l,True,0.1,,,Unknown,SNY001,Actual,SW,Water,,,Clayton,07060001,River/Stream,,43.0404991,-91.2055504
6,10220003,Bloody Run Creek Site #1 (BR01),01/19/1999 13:00:00,SNY319,NIT-NO3-NO2,Inorganic nitrogen (nitrate and nitrite) (as N),Total,,7.6,mg/l,True,0.1,,,Unknown,SNY001,Actual,SW,Water,,,Clayton,07060001,River/Stream,,43.0404991,-91.2055504
6,10220003,Bloody Run Creek Site #1 (BR01),01/12/1999 12:15:00,SNY319,NIT-NO3-NO2,Inorganic nitrogen (nitrate and nitrite) (as N),Total,,7.8,mg/l,True,0.1,,,Unknown,SNY001,Actual,SW,Water,,,Clayton,07060001,River/Stream,,43.0404991,-91.2055504
6,10220003,Bloody Run Creek Site #1 (BR01),12/29/1998 13:45:00,SNY319,NIT-NO3-NO2,Inorganic nitrogen (nitrate and nitrite) (as N),Total,,7.8,mg/l,True,0.1,,,Unknown,SNY001,Actual,SW,Water,,,Clayton,07060001,River/Stream,,43.0404991,-91.2055504
6,10220003,Bloody Run Creek Site #1 (BR01),12/22/1998 11:25:00,SNY319,NIT-NO3-NO2,Inorganic nitrogen (nitrate and nitrite) (as N),Total,,6.5,mg/l,True,0.1,,,Unknown,SNY001,Actual,SW,Water,,,Clayton,07060001,River/Stream,,43.0404991,-91.2055504
6,10220003,Bloody Run Creek Site #1 (BR01),11/24/1998 11:25:00,SNY319,NIT-NO3-NO2,Inorganic nitrogen (nitrate and nitrite) (as N),Total,,8.1,mg/l,True,0.1,,,Unknown,SNY001,Actual,SW,Water,,,Clayton,07060001,River/Stream,,43.0404991,-91.2055504
6,10220003,Bloody Run Creek Site #1 (BR01),11/17/1998 12:50:00,SNY319,NIT-NO3-NO2,Inorganic nitrogen (nitrate and nitrite) (as N),Total,,8.2,mg/l,True,0.1,,,Unknown,SNY001,Actual,SW,Water,,,Clayton,07060001,River/Stream,,43.0404991,-91.2055504
6,10220003,Bloody Run Creek Site #1 (BR01),11/10/1998 12:40:00,SNY319,NIT-NO3-NO2,Inorganic nitrogen (nitrate and nitrite) (as N),Total,,8.1,mg/l,True,0.1,,,Unknown,SNY001,Actual,SW,Water,,,Clayton,07060001,River/Stream,,43.0404991,-91.2055504
6,10220003,Bloody Run Creek Site #1 (BR01),09/29/1998 12:20:00,SNY319,NIT-NO3-NO2,Inorganic nitrogen (nitrate and nitrite) (as N),Total,,6.9,mg/l,True,0.1,,,Unknown,SNY001,Actual,SW,Water,,,Clayton,07060001,River/Stream,,43.0404991,-91.2055504
6,10220003,Bloody Run Creek Site #1 (BR01),09/08/1998 14:45:00,SNY319,NIT-NO3-NO2,Inorganic nitrogen (nitrate and nitrite) (as N),Total,,7,mg/l,True,0.1,,,Unknown,SNY001,Actual,SW,Water,,,Clayton,07060001,River/Stream,,43.0404991,-91.2055504
6,10220003,Bloody Run Creek Site #1 (BR01),09/01/1998 12:35:00,SNY319,NIT-NO3-NO2,Inorganic nitrogen (nitrate and nitrite) (as N),Total,,6.8,mg/l,True,0.1,,,Unknown,SNY001,Actual,SW,Water,,,Clayton,07060001,River/Stream,,43.0404991,-91.2055504
6,10220003,Bloody Run Creek Site #1 (BR01),08/11/1998 12:40:00,SNY319,NIT-NO3-NO2,Inorganic nitrogen (nitrate and nitrite) (as N),Total,,2.9,mg/l,True,0.1,,,Unknown,SNY001,Actual,SW,Water,,,Clayton,07060001,River/Stream,,43.0404991,-91.2055504
6,10220003,Bloody Run Creek Site #1 (BR01),07/21/1998 12:30:00,SNY319,NIT-NO3-NO2,Inorganic nitrogen (nitrate and nitrite) (as N),Total,,6.6,mg/l,True,0.1,,,Unknown,SNY001,Actual,SW,Water,,,Clayton,07060001,River/Stream,,43.0404991,-91.2055504
6,10220003,Bloody Run Creek Site #1 (BR01),07/14/1998 12:35:00,SNY319,NIT-NO3-NO2,Inorganic nitrogen (nitrate and nitrite) (as N),Total,,7.1,mg/l,True,0.1,,,Unknown,SNY001,Actual,SW,Water,,,Clayton,07060001,River/Stream,,43.0404991,-91.2055504
6,10220003,Bloody Run Creek Site #1 (BR01),04/21/1998 12:15:00,SNY319,NIT-NO3-NO2,Inorganic nitrogen (nitrate and nitrite) (as N),Total,,6.8,mg/l,True,0.1,,,Unknown,SNY001,Actual,SW,Water,,,Clayton,07060001,River/Stream,,43.0404991,-91.2055504
6,10220003,Bloody Run Creek Site #1 (BR01),06/23/1998 11:50:00,SNY319,NIT-NO3-NO2,Inorganic nitrogen (nitrate and nitrite) (as N),Total,,8.2,mg/l,True,0.1,,,Unknown,SNY001,Actual,SW,Water,,,Clayton,07060001,River/Stream,,43.0404991,-91.2055504
6,10220003,Bloody Run Creek Site #1 (BR01),06/16/1998 12:25:00,SNY319,NIT-NO3-NO2,Inorganic nitrogen (nitrate and nitrite) (as N),Total,,8.1,mg/l,True,0.1,,,Unknown,SNY001,Actual,SW,Water,,,Clayton,07060001,River/Stream,,43.0404991,-91.2055504
6,10220003,Bloody Run Creek Site #1 (BR01),12/19/2000 13:35:00,SNY319,NIT-NO3-NO2,Inorganic nitrogen (nitrate and nitrite) (as N),Total,,7.1,mg/l,True,0.1,,,Unknown,SNY001,Actual,SW,Water,,,Clayton,07060001,River/Stream,,43.0404991,-91.2055504
6,10220003,Bloody Run Creek Site #1 (BR01),11/28/2000 12:45:00,SNY319,NIT-NO3-NO2,Inorganic nitrogen (nitrate and nitrite) (as N),Total,,7.1,mg/l,True,0.1,,,Unknown,SNY001,Actual,SW,Water,,,Clayton,07060001,River/Stream,,43.0404991,-91.2055504
6,10220003,Bloody Run Creek Site #1 (BR01),11/21/2000 12:25:00,SNY319,NIT-NO3-NO2,Inorganic nitrogen (nitrate and nitrite) (as N),Total,,6.2,mg/l,True,0.1,,,Unknown,SNY001,Actual,SW,Water,,,Clayton,07060001,River/Stream,,43.0404991,-91.2055504
6,10220003,Bloody Run Creek Site #1 (BR01),10/31/2000 12:20:00,SNY319,NIT-NO3-NO2,Inorganic nitrogen (nitrate and nitrite) (as N),Total,,6.6,mg/l,True,0.1,,,Unknown,SNY001,Actual,SW,Water,,,Clayton,07060001,River/Stream,,43.0404991,-91.2055504
6,10220003,Bloody Run Creek Site #1 (BR01),10/24/2000 12:30:00,SNY319,NIT-NO3-NO2,Inorganic nitrogen (nitrate and nitrite) (as N),Total,,6.2,mg/l,True,0.1,,,Unknown,SNY001,Actual,SW,Water,,,Clayton,07060001,River/Stream,,43.0404991,-91.2055504
6,10220003,Bloody Run Creek Site #1 (BR01),10/03/2000 11:50:00,SNY319,NIT-NO3-NO2,Inorganic nitrogen (nitrate and nitrite) (as N),Total,,6.2,mg/l,True,0.1,,,Unknown,SNY001,Actual,SW,Water,,,Clayton,07060001,River/Stream,,43.0404991,-91.2055504
6,10220003,Bloody Run Creek Site #1 (BR01),09/26/2000 12:55:00,SNY319,NIT-NO3-NO2,Inorganic nitrogen (nitrate and nitrite) (as N),Total,,7.6,mg/l,True,0.1,,,Unknown,SNY001,Actual,SW,Water,,,Clayton,07060001,River/Stream,,43.0404991,-91.2055504
6,10220003,Bloody Run Creek Site #1 (BR01),09/05/2000 11:35:00,SNY319,NIT-NO3-NO2,Inorganic nitrogen (nitrate and nitrite) (as N),Total,,6.3,mg/l,True,0.1,,,Unknown,SNY001,Actual,SW,Water,,,Clayton,07060001,River/Stream,,43.0404991,-91.2055504
6,10220003,Bloody Run Creek Site #1 (BR01),08/29/2000 13:00:00,SNY319,NIT-NO3-NO2,Inorganic nitrogen (nitrate and nitrite) (as N),Total,,6.3,mg/l,True,0.1,,,Unknown,SNY001,Actual,SW,Water,,,Clayton,07060001,River/Stream,,43.0404991,-91.2055504
6,10220003,Bloody Run Creek Site #1 (BR01),08/08/2000 11:45:00,SNY319,NIT-NO3-NO2,Inorganic nitrogen (nitrate and nitrite) (as N),Total,,6.1,mg/l,True,0.1,,,Unknown,SNY001,Actual,SW,Water,,,Clayton,07060001,River/Stream,,43.0404991,-91.2055504
6,10220003,Bloody Run Creek Site #1 (BR01),08/01/2000 13:10:00,SNY319,NIT-NO3-NO2,Inorganic nitrogen (nitrate and nitrite) (as N),Total,,6.2,mg/l,True,0.1,,,Unknown,SNY001,Actual,SW,Water,,,Clayton,07060001,River/Stream,,43.0404991,-91.2055504
6,10220003,Bloody Run Creek Site #1 (BR01),07/11/2000 11:50:00,SNY319,NIT-NO3-NO2,Inorganic nitrogen (nitrate and nitrite) (as N),Total,,5.6,mg/l,True,0.1,,,Unknown,SNY001,Actual,SW,Water,,,Clayton,07060001,River/Stream,,43.0404991,-91.2055504
6,10220003,Bloody Run Creek Site #1 (BR01),04/04/2000 12:00:00,SNY319,NIT-NO3-NO2,Inorganic nitrogen (nitrate and nitrite) (as N),Total,,6.2,mg/l,True,0.1,,,Unknown,SNY001,Actual,SW,Water,,,Clayton,07060001,River/Stream,,43.0404991,-91.2055504
6,10220003,Bloody Run Creek Site #1 (BR01),06/20/2000 11:40:00,SNY319,NIT-NO3-NO2,Inorganic nitrogen (nitrate and nitrite) (as N),Total,,6.6,mg/l,True,0.1,,,Unknown,SNY001,Actual,SW,Water,,,Clayton,07060001,River/Stream,,43.0404991,-91.2055504
6,10220003,Bloody Run Creek Site #1 (BR01),06/13/2000 12:55:00,SNY319,NIT-NO3-NO2,Inorganic nitrogen (nitrate and nitrite) (as N),Total,,6.9,mg/l,True,0.1,,,Unknown,SNY001,Actual,SW,Water,,,Clayton,07060001,River/Stream,,43.0404991,-91.2055504
6,10220003,Bloody Run Creek Site #1 (BR01),05/23/2000 12:10:00,SNY319,NIT-NO3-NO2,Inorganic nitrogen (nitrate and nitrite) (as N),Total,,7,mg/l,True,0.1,,,Unknown,SNY001,Actual,SW,Water,,,Clayton,07060001,River/Stream,,43.0404991,-91.2055504
6,10220003,Bloody Run Creek Site #1 (BR01),05/16/2000 11:35:00,SNY319,NIT-NO3-NO2,Inorganic nitrogen (nitrate and nitrite) (as N),Total,,5.7,mg/l,True,0.1,,,Unknown,SNY001,Actual,SW,Water,,,Clayton,07060001,River/Stream,,43.0404991,-91.2055504
6,10220003,Bloody Run Creek Site #1 (BR01),04/25/2000 13:10:00,SNY319,NIT-NO3-NO2,Inorganic nitrogen (nitrate and nitrite) (as N),Total,,5.5,mg/l,True,0.1,,,Unknown,SNY001,Actual,SW,Water,,,Clayton,07060001,River/Stream,,43.0404991,-91.2055504
6,10220003,Bloody Run Creek Site #1 (BR01),04/18/2000 11:30:00,SNY319,NIT-NO3-NO2,Inorganic nitrogen (nitrate and nitrite) (as N),Total,,6,mg/l,True,0.1,,,Unknown,SNY001,Actual,SW,Water,,,Clayton,07060001,River/Stream,,43.0404991,-91.2055504
6,10220003,Bloody Run Creek Site #1 (BR01),03/28/2000 13:15:00,SNY319,NIT-NO3-NO2,Inorganic nitrogen (nitrate and nitrite) (as N),Total,,6.4,mg/l,True,0.1,,,Unknown,SNY001,Actual,SW,Water,,,Clayton,07060001,River/Stream,,43.0404991,-91.2055504
6,10220003,Bloody Run Creek Site #1 (BR01),03/21/2000 12:00:00,SNY319,NIT-NO3-NO2,Inorganic nitrogen (nitrate and nitrite) (as N),Total,,6.6,mg/l,True,0.1,,,Unknown,SNY001,Actual,SW,Water,,,Clayton,07060001,River/Stream,,43.0404991,-91.2055504
6,10220003,Bloody Run Creek Site #1 (BR01),03/07/2000 11:25:00,SNY319,NIT-NO3-NO2,Inorganic nitrogen (nitrate and nitrite) (as N),Total,,6.5,mg/l,True,0.1,,,Unknown,SNY001,Actual,SW,Water,,,Clayton,07060001,River/Stream,,43.0404991,-91.2055504
6,10220003,Bloody Run Creek Site #1 (BR01),12/14/1999 12:00:00,SNY319,NIT-NO3-NO2,Inorganic nitrogen (nitrate and nitrite) (as N),Total,,7.3,mg/l,True,0.1,,,Unknown,SNY001,Actual,SW,Water,,,Clayton,07060001,River/Stream,,43.0404991,-91.2055504
6,10220003,Bloody Run Creek Site #1 (BR01),02/29/2000 12:30:00,SNY319,NIT-NO3-NO2,Inorganic nitrogen (nitrate and nitrite) (as N),Total,,6.4,mg/l,True,0.1,,,Unknown,SNY001,Actual,SW,Water,,,Clayton,07060001,River/Stream,,43.0404991,-91.2055504
6,10220003,Bloody Run Creek Site #1 (BR01),02/08/2000 12:20:00,SNY319,NIT-NO3-NO2,Inorganic nitrogen (nitrate and nitrite) (as N),Total,,6.9,mg/l,True,0.1,,,Unknown,SNY001,Actual,SW,Water,,,Clayton,07060001,River/Stream,,43.0404991,-91.2055504
6,10220003,Bloody Run Creek Site #1 (BR01),02/01/2000 12:00:00,SNY319,NIT-NO3-NO2,Inorganic nitrogen (nitrate and nitrite) (as N),Total,,7,mg/l,True,0.1,,,Unknown,SNY001,Actual,SW,Water,,,Clayton,07060001,River/Stream,,43.0404991,-91.2055504
6,10220003,Bloody Run Creek Site #1 (BR01),01/11/2000 13:15:00,SNY319,NIT-NO3-NO2,Inorganic nitrogen (nitrate and nitrite) (as N),Total,,7.1,mg/l,True,0.1,,,Unknown,SNY001,Actual,SW,Water,,,Clayton,07060001,River/Stream,,43.0404991,-91.2055504
6,10220003,Bloody Run Creek Site #1 (BR01),01/04/2000 12:00:00,SNY319,NIT-NO3-NO2,Inorganic nitrogen (nitrate and nitrite) (as N),Total,,7.2,mg/l,True,0.1,,,Unknown,SNY001,Actual,SW,Water,,,Clayton,07060001,River/Stream,,43.0404991,-91.2055504
6,10220003,Bloody Run Creek Site #1 (BR01),10/26/1999 12:30:00,SNY319,NIT-NO3-NO2,Inorganic nitrogen (nitrate and nitrite) (as N),Total,,7.3,mg/l,True,0.1,,,Unknown,SNY001,Actual,SW,Water,,,Clayton,07060001,River/Stream,,43.0404991,-91.2055504
6,10220003,Bloody Run Creek Site #1 (BR01),12/07/1999 12:20:00,SNY319,NIT-NO3-NO2,Inorganic nitrogen (nitrate and nitrite) (as N),Total,,7.3,mg/l,True,0.1,,,Unknown,SNY001,Actual,SW,Water,,,Clayton,07060001,River/Stream,,43.0404991,-91.2055504
6,10220003,Bloody Run Creek Site #1 (BR01),11/16/1999 12:00:00,SNY319,NIT-NO3-NO2,Inorganic nitrogen (nitrate and nitrite) (as N),Total,,7.2,mg/l,True,0.1,,,Unknown,SNY001,Actual,SW,Water,,,Clayton,07060001,River/Stream,,43.0404991,-91.2055504
6,10220003,Bloody Run Creek Site #1 (BR01),11/09/1999 12:20:00,SNY319,NIT-NO3-NO2,Inorganic nitrogen (nitrate and nitrite) (as N),Total,,7,mg/l,True,0.1,,,Unknown,SNY001,Actual,SW,Water,,,Clayton,07060001,River/Stream,,43.0404991,-91.2055504
6,10220003,Bloody Run Creek Site #1 (BR01),10/19/1999 12:30:00,SNY319,NIT-NO3-NO2,Inorganic nitrogen (nitrate and nitrite) (as N),Total,,7.3,mg/l,True,0.1,,,Unknown,SNY001,Actual,SW,Water,,,Clayton,07060001,River/Stream,,43.0404991,-91.2055504
6,10220003,Bloody Run Creek Site #1 (BR01),06/03/2010 09:25:00,AMBIENT,NIT-NO3-NO2,Inorganic nitrogen (nitrate and nitrite) (as N),Total,,6.4,mg/l,True,0.1,,,353.2,UHL001,Actual,SW,Water,,,Clayton,07060001,River/Stream,,43.0404991,-91.2055504
6,10220003,Bloody Run Creek Site #1 (BR01),05/03/2010 08:30:00,AMBIENT,NIT-NO3-NO2,Inorganic nitrogen (nitrate and nitrite) (as N),Total,,5.7,mg/l,True,0.1,,,353.2,UHL001,Actual,SW,Water,,,Clayton,07060001,River/Stream,,43.0404991,-91.2055504
6,10220003,Bloody Run Creek Site #1 (BR01),10/02/2001 10:35:00,AMBIENT,NIT-NO3-NO2,Inorganic nitrogen (nitrate and nitrite) (as N),Total,,6.6,mg/l,True,0.1,,,Unknown,UHL001,Actual,SW,Water,,,Clayton,07060001,River/Stream,,43.0404991,-91.2055504
6,10220003,Bloody Run Creek Site #1 (BR01),03/01/2010 09:20:00,AMBIENT,NIT-NO3-NO2,Inorganic nitrogen (nitrate and nitrite) (as N),Total,,6,mg/l,True,0.1,,,353.2,UHL001,Actual,SW,Water,,,Clayton,07060001,River/Stream,,43.0404991,-91.2055504
6,10220003,Bloody Run Creek Site #1 (BR01),02/03/2010 10:00:00,AMBIENT,NIT-NO3-NO2,Inorganic nitrogen (nitrate and nitrite) (as N),Total,,6,mg/l,True,0.1,,,353.2,UHL001,Actual,SW,Water,,,Clayton,07060001,River/Stream,,43.0404991,-91.2055504
6,10220003,Bloody Run Creek Site #1 (BR01),01/06/2010 10:15:00,AMBIENT,NIT-NO3-NO2,Inorganic nitrogen (nitrate and nitrite) (as N),Total,,6,mg/l,True,0.1,,,353.2,UHL001,Actual,SW,Water,,,Clayton,07060001,River/Stream,,43.0404991,-91.2055504
6,10220003,Bloody Run Creek Site #1 (BR01),12/03/2009 10:10:00,AMBIENT,NIT-NO3-NO2,Inorganic nitrogen (nitrate and nitrite) (as N),Total,,6.1,mg/l,True,0.1,,,353.2,UHL001,Actual,SW,Water,,,Clayton,07060001,River/Stream,,43.0404991,-91.2055504
6,10220003,Bloody Run Creek Site #1 (BR01),06/10/2009 10:10:00,AMBIENT,NIT-NO3-NO2,Inorganic nitrogen (nitrate and nitrite) (as N),Total,,6,mg/l,True,0.05,,,353.2,UHL001,Actual,SW,Water,,,Clayton,07060001,River/Stream,,43.0404991,-91.2055504
6,10220003,Bloody Run Creek Site #1 (BR01),09/08/2009 10:45:00,AMBIENT,NIT-NO3-NO2,Inorganic nitrogen (nitrate and nitrite) (as N),Total,,5.4,mg/l,True,0.1,,,353.2,UHL001,Actual,SW,Water,,,Clayton,07060001,River/Stream,,43.0404991,-91.2055504
6,10220003,Bloody Run Creek Site #1 (BR01),04/06/2009 09:30:00,AMBIENT,NIT-NO3-NO2,Inorganic nitrogen (nitrate and nitrite) (as N),Total,,7,mg/l,True,0.05,,,353.2,UHL001,Actual,SW,Water,,,Clayton,07060001,River/Stream,,43.0404991,-91.2055504
6,10220003,Bloody Run Creek Site #1 (BR01),02/21/2007 09:45:00,AMBIENT,NIT-NO3-NO2,Inorganic nitrogen (nitrate and nitrite) (as N),Total,,4.8,mg/l,True,0.05,,,353.2,UHL001,Actual,SW,Water,,,Clayton,07060001,River/Stream,,43.0404991,-91.2055504
6,10220003,Bloody Run Creek Site #1 (BR01),06/03/2008 08:55:00,AMBIENT,NIT-NO3-NO2,Inorganic nitrogen (nitrate and nitrite) (as N),Total,,7.5,mg/l,True,0.05,,,353.2,UHL001,Actual,SW,Water,,,Clayton,07060001,River/Stream,,43.0404991,-91.2055504
6,10220003,Bloody Run Creek Site #1 (BR01),07/09/2008 09:50:00,AMBIENT,NIT-NO3-NO2,Inorganic nitrogen (nitrate and nitrite) (as N),Total,,7,mg/l,True,0.05,,,353.2,UHL001,Actual,SW,Water,,,Clayton,07060001,River/Stream,,43.0404991,-91.2055504
6,10220003,Bloody Run Creek Site #1 (BR01),05/07/2008 09:20:00,AMBIENT,NIT-NO3-NO2,Inorganic nitrogen (nitrate and nitrite) (as N),Total,,7.4,mg/l,True,0.05,,,353.2,UHL001,Actual,SW,Water,,,Clayton,07060001,River/Stream,,43.0404991,-91.2055504
6,10220003,Bloody Run Creek Site #1 (BR01),04/09/2008 09:20:00,AMBIENT,NIT-NO3-NO2,Inorganic nitrogen (nitrate and nitrite) (as N),Total,,7.3,mg/l,True,0.05,,,353.2,UHL001,Actual,SW,Water,,,Clayton,07060001,River/Stream,,43.0404991,-91.2055504
6,10220003,Bloody Run Creek Site #1 (BR01),03/10/2008 09:40:00,AMBIENT,NIT-NO3-NO2,Inorganic nitrogen (nitrate and nitrite) (as N),Total,,7.5,mg/l,True,0.05,,,353.2,UHL001,Actual,SW,Water,,,Clayton,07060001,River/Stream,,43.0404991,-91.2055504
6,10220003,Bloody Run Creek Site #1 (BR01),01/03/2008 09:20:00,AMBIENT,NIT-NO3-NO2,Inorganic nitrogen (nitrate and nitrite) (as N),Total,,8,mg/l,True,0.05,,,353.2,UHL001,Actual,SW,Water,,,Clayton,07060001,River/Stream,,43.0404991,-91.2055504
6,11220008,Volga River at Littleport (32),10/05/2011 10:48:00,TURKEYR,NIT-NO3-NO2,Inorganic nitrogen (nitrate and nitrite) (as N),Total,,3.7,mg/l,True,0.1,,,353.2,IGS-GRAB,Actual,SW,Water,,,Clayton,07060004,River/Stream,,42.7536427,-91.3691492
6,10220003,Bloody Run Creek Site #1 (BR01),12/06/2011 10:30:00,AMBIENT,NIT-NO3-NO2,Inorganic nitrogen (nitrate and nitrite) (as N),Total,,6.9,mg/l,True,0.1,,,353.2,UHL001,Actual,SW,Water,,,Clayton,07060001,River/Stream,,43.0404991,-91.2055504
6,11220008,Volga River at Littleport (32),08/03/2011 10:10:00,TURKEYR,NIT-NO3-NO2,Inorganic nitrogen (nitrate and nitrite) (as N),Total,,6,mg/l,True,0.1,,,353.2,IGS-GRAB,Actual,SW,Water,,,Clayton,07060004,River/Stream,,42.7536427,-91.3691492
6,11220009,Bear Creek W of Elkport (37),10/05/2011 11:25:00,TURKEYR,NIT-NO3-NO2,Inorganic nitrogen (nitrate and nitrite) (as N),Total,,2,mg/l,True,0.1,,,353.2,IGS-GRAB,Actual,SW,Water,,,Clayton,07060004,River/Stream,,42.7369562,-91.3245041
6,11220008,Volga River at Littleport (32),05/04/2011 10:35:00,TURKEYR,NIT-NO3-NO2,Inorganic nitrogen (nitrate and nitrite) (as N),Total,,7.3,mg/l,True,0.1,,,353.2,IGS-GRAB,Actual,SW,Water,,,Clayton,07060004,River/Stream,,42.7536427,-91.3691492
6,11220009,Bear Creek W of Elkport (37),05/04/2011 11:09:00,TURKEYR,NIT-NO3-NO2,Inorganic nitrogen (nitrate and nitrite) (as N),Total,,3.2,mg/l,True,0.1,,,353.2,IGS-GRAB,Actual,SW,Water,,,Clayton,07060004,River/Stream,,42.7369562,-91.3245041
6,11220009,Bear Creek W of Elkport (37),08/03/2011 10:35:00,TURKEYR,NIT-NO3-NO2,Inorganic nitrogen (nitrate and nitrite) (as N),Total,,2.7,mg/l,True,0.1,,,353.2,IGS-GRAB,Actual,SW,Water,,,Clayton,07060004,River/Stream,,42.7369562,-91.3245041
6,11220009,Bear Creek W of Elkport (37),07/06/2011 11:00:00,TURKEYR,NIT-NO3-NO2,Inorganic nitrogen (nitrate and nitrite) (as N),Total,,1.6,mg/l,True,0.1,,,353.2,IGS-GRAB,Actual,SW,Water,,,Clayton,07060004,River/Stream,,42.7369562,-91.3245041
6,11220008,Volga River at Littleport (32),06/01/2011 10:35:00,TURKEYR,NIT-NO3-NO2,Inorganic nitrogen (nitrate and nitrite) (as N),Total,,8,mg/l,True,0.1,,,353.2,IGS-GRAB,Actual,SW,Water,,,Clayton,07060004,River/Stream,,42.7536427,-91.3691492
6,11220009,Bear Creek W of Elkport (37),06/01/2011 10:59:00,TURKEYR,NIT-NO3-NO2,Inorganic nitrogen (nitrate and nitrite) (as N),Total,,2.5,mg/l,True,0.1,,,353.2,IGS-GRAB,Actual,SW,Water,,,Clayton,07060004,River/Stream,,42.7369562,-91.3245041
6,10220003,Bloody Run Creek Site #1 (BR01),03/01/2011 09:40:00,AMBIENT,NIT-NO3-NO2,Inorganic nitrogen (nitrate and nitrite) (as N),Total,,7.1,mg/l,True,0.1,,,353.2,UHL001,Actual,SW,Water,,,Clayton,07060001,River/Stream,,43.0404991,-91.2055504
6,10220003,Bloody Run Creek Site #1 (BR01),09/01/2011 10:40:00,AMBIENT,NIT-NO3-NO2,Inorganic nitrogen (nitrate and nitrite) (as N),Total,,6.4,mg/l,True,0.1,,,353.2,UHL001,Actual,SW,Water,,,Clayton,07060001,River/Stream,,43.0404991,-91.2055504
6,10220003,Bloody Run Creek Site #1 (BR01),05/02/2011 10:00:00,AMBIENT,NIT-NO3-NO2,Inorganic nitrogen (nitrate and nitrite) (as N),Total,,7.2,mg/l,True,0.1,,,353.2,UHL001,Actual,SW,Water,,,Clayton,07060001,River/Stream,,43.0404991,-91.2055504
6,10220003,Bloody Run Creek Site #1 (BR01),10/03/2011 09:45:00,AMBIENT,NIT-NO3-NO2,Inorganic nitrogen (nitrate and nitrite) (as N),Total,,6.6,mg/l,True,0.1,,,353.2,UHL001,Actual,SW,Water,,,Clayton,07060001,River/Stream,,43.0404991,-91.2055504
6,10220003,Bloody Run Creek Site #1 (BR01),11/02/2011 10:00:00,AMBIENT,NIT-NO3-NO2,Inorganic nitrogen (nitrate and nitrite) (as N),Total,,6.4,mg/l,True,0.1,,,353.2,UHL001,Actual,SW,Water,,,Clayton,07060001,River/Stream,,43.0404991,-91.2055504
6,10220003,Bloody Run Creek Site #1 (BR01),12/02/2010 10:15:00,AMBIENT,NIT-NO3-NO2,Inorganic nitrogen (nitrate and nitrite) (as N),Total,,6.9,mg/l,True,0.1,,,353.2,UHL001,Actual,SW,Water,,,Clayton,07060001,River/Stream,,43.0404991,-91.2055504
6,10220003,Bloody Run Creek Site #1 (BR01),01/04/2011 10:05:00,AMBIENT,NIT-NO3-NO2,Inorganic nitrogen (nitrate and nitrite) (as N),Total,,7.1,mg/l,True,0.1,,,353.2,UHL001,Actual,SW,Water,,,Clayton,07060001,River/Stream,,43.0404991,-91.2055504
6,10220003,Bloody Run Creek Site #1 (BR01),09/02/2010 08:45:00,AMBIENT,NIT-NO3-NO2,Inorganic nitrogen (nitrate and nitrite) (as N),Total,,5.9,mg/l,True,0.1,,,353.2,UHL001,Actual,SW,Water,,,Clayton,07060001,River/Stream,,43.0404991,-91.2055504
6,10220003,Bloody Run Creek Site #1 (BR01),03/07/2012 09:00:00,AMBIENT,NIT-NO3-NO2,Inorganic nitrogen (nitrate and nitrite) (as N),Total,,7,mg/l,True,0.1,,,LAC10-107-04-1J,UHL001,Actual,SW,Water,,,Clayton,07060001,River/Stream,,43.0404991,-91.2055504
6,10220003,Bloody Run Creek Site #1 (BR01),01/05/2012 09:05:00,AMBIENT,NIT-NO3-NO2,Inorganic nitrogen (nitrate and nitrite) (as N),Total,,6.8,mg/l,True,0.1,,,LAC10-107-04-1J,UHL001,Actual,SW,Water,,,Clayton,07060001,River/Stream,,43.0404991,-91.2055504
6,11220008,Volga River at Littleport (32),04/10/2013 10:10:00,TURKEYR,NIT-NO3-NO2,Inorganic nitrogen (nitrate and nitrite) (AS N),Total,,3.4,mg/l,True,0.1,,,LAC10-107-04-1J,UHL001,Actual,SW,Water,,,Clayton,07060004,River/Stream,,42.7536427,-91.3691492
6,11220008,Volga River at Littleport (32),05/01/2013 12:49:00,TURKEYR,NIT-NO3-NO2,Inorganic nitrogen (nitrate and nitrite) (AS N),Total,,8.2,mg/l,True,0.1,,,LAC10-107-04-1J,UHL001,Actual,SW,Water,,,Clayton,07060004,River/Stream,,42.7536427,-91.3691492
6,11220008,Volga River at Littleport (32),09/04/2013 10:00:00,TURKEYR,NIT-NO3-NO2,Inorganic nitrogen (nitrate and nitrite) (AS N),Total,,3,mg/l,True,0.1,,,LAC10-107-04-1J,UHL001,Actual,SW,Water,,,Clayton,07060004,River/Stream,,42.7536427,-91.3691492
6,11220008,Volga River at Littleport (32),10/16/2013 09:17:00,TURKEYR,NIT-NO3-NO2,Inorganic nitrogen (nitrate and nitrite) (AS N),Total,,2.8,mg/l,True,0.1,,,LAC10-107-04-1J,UHL001,Actual,SW,Water,,,Clayton,07060004,River/Stream,,42.7536427,-91.3691492
6,11220008,Volga River at Littleport (32),06/05/2013 09:30:00,TURKEYR,NIT-NO3-NO2,Inorganic nitrogen (nitrate and nitrite) (AS N),Total,,8.6,mg/l,True,0.1,,,LAC10-107-04-1J,UHL001,Actual,SW,Water,,,Clayton,07060004,River/Stream,,42.7536427,-91.3691492
6,11220008,Volga River at Littleport (32),07/10/2013 08:24:00,TURKEYR,NIT-NO3-NO2,Inorganic nitrogen (nitrate and nitrite) (AS N),Total,,6,mg/l,True,0.1,,,LAC10-107-04-1J,UHL001,Actual,SW,Water,,,Clayton,07060004,River/Stream,,42.7536427,-91.3691492
6,10220003,Bloody Run Creek Site #1 (BR01),10/13/1998 11:35:00,SNY319,NIT-NO3-NO2,Inorganic nitrogen (nitrate and nitrite) (as N),Total,,7,mg/l,True,0.1,,,Unknown,SNY001,Actual,SW,Water,,,Clayton,07060001,River/Stream,,43.0404991,-91.2055504
6,10220003,Bloody Run Creek Site #1 (BR01),10/06/1998 12:05:00,SNY319,NIT-NO3-NO2,Inorganic nitrogen (nitrate and nitrite) (as N),Total,,6.6,mg/l,True,0.1,,,Unknown,SNY001,Actual,SW,Water,,,Clayton,07060001,River/Stream,,43.0404991,-91.2055504
6,10220003,Bloody Run Creek Site #1 (BR01),05/05/2014 10:00:00,AMBIENT,NIT-NO3-NO2,Inorganic nitrogen (nitrate and nitrite) (AS N),Total,,5.2,mg/l,True,0.1,,,LAC10-107-04-1J,UHL001,Actual,SW,Water,,,Clayton,07060001,River/Stream,,43.0404991,-91.2055504
6,10220003,Bloody Run Creek Site #1 (BR01),06/10/2014 09:30:00,AMBIENT,NIT-NO3-NO2,Inorganic nitrogen (nitrate and nitrite) (AS N),Total,,5.2,mg/l,True,0.1,,,LAC10-107-04-1J,UHL001,Actual,SW,Water,,,Clayton,07060001,River/Stream,,43.0404991,-91.2055504
6,10220003,Bloody Run Creek Site #1 (BR01),01/02/2014 10:20:00,AMBIENT,NIT-NO3-NO2,Inorganic nitrogen (nitrate and nitrite) (AS N),Total,,6,mg/l,True,0.1,,,LAC10-107-04-1J,UHL001,Actual,SW,Water,,,Clayton,07060001,River/Stream,,43.0404991,-91.2055504
6,10220003,Bloody Run Creek Site #1 (BR01),07/08/2014 08:55:00,AMBIENT,NIT-NO3-NO2,Inorganic nitrogen (nitrate and nitrite) (AS N),Total,,7.6,mg/l,True,0.1,,,LAC10-107-04-1J,UHL001,Actual,SW,Water,,,Clayton,07060001,River/Stream,,43.0404991,-91.2055504
6,10220003,Bloody Run Creek Site #1 (BR01),07/02/2013 08:15:00,AMBIENT,NIT-NO3-NO2,Inorganic nitrogen (nitrate and nitrite) (AS N),Total,,7.8,mg/l,True,0.1,,,LAC10-107-04-1J,UHL001,Actual,SW,Water,,,Clayton,07060001,River/Stream,,43.0404991,-91.2055504
6,10220003,Bloody Run Creek Site #1 (BR01),10/02/2013 08:55:00,AMBIENT,NIT-NO3-NO2,Inorganic nitrogen (nitrate and nitrite) (AS N),Total,,5.8,mg/l,True,0.1,,,LAC10-107-04-1J,UHL001,Actual,SW,Water,,,Clayton,07060001,River/Stream,,43.0404991,-91.2055504
6,10220003,Bloody Run Creek Site #1 (BR01),08/01/2013 11:05:00,AMBIENT,NIT-NO3-NO2,Inorganic nitrogen (nitrate and nitrite) (AS N),Total,,6.1,mg/l,True,0.1,,,LAC10-107-04-1J,UHL001,Actual,SW,Water,,,Clayton,07060001,River/Stream,,43.0404991,-91.2055504
6,10220003,Bloody Run Creek Site #1 (BR01),09/04/2013 10:00:00,AMBIENT,NIT-NO3-NO2,Inorganic nitrogen (nitrate and nitrite) (AS N),Total,,5.7,mg/l,True,0.1,,,LAC10-107-04-1J,UHL001,Actual,SW,Water,,,Clayton,07060001,River/Stream,,43.0404991,-91.2055504
6,10220003,Bloody Run Creek Site #1 (BR01),04/04/2013 09:10:00,AMBIENT,NIT-NO3-NO2,Inorganic nitrogen (nitrate and nitrite) (AS N),Total,,5.4,mg/l,True,0.1,,,LAC10-107-04-1J,UHL001,Actual,SW,Water,,,Clayton,07060001,River/Stream,,43.0404991,-91.2055504
6,10220003,Bloody Run Creek Site #1 (BR01),06/05/2013 10:15:00,AMBIENT,NIT-NO3-NO2,Inorganic nitrogen (nitrate and nitrite) (AS N),Total,,6.7,mg/l,True,0.1,,,LAC10-107-04-1J,UHL001,Actual,SW,Water,,,Clayton,07060001,River/Stream,,43.0404991,-91.2055504
6,10220003,Bloody Run Creek Site #1 (BR01),05/06/2015 07:55:00,AMBIENT,NIT-NO3-NO2,Inorganic nitrogen (nitrate and nitrite) (AS N),Total,,5,mg/l,True,0.1,,,LAC10-107-04-1J,UHL001,Actual,SW,Water,,,Clayton,07060001,River/Stream,,43.0404991,-91.2055504
6,10220003,Bloody Run Creek Site #1 (BR01),01/03/2013 09:55:00,AMBIENT,NIT-NO3-NO2,Inorganic nitrogen (nitrate and nitrite) (AS N),Total,,5.9,mg/l,True,0.1,,,LAC10-107-04-1J,UHL001,Actual,SW,Water,,,Clayton,07060001,River/Stream,,43.0404991,-91.2055504
6,10220003,Bloody Run Creek Site #1 (BR01),02/03/2015 09:25:00,AMBIENT,NIT-NO3-NO2,Inorganic nitrogen (nitrate and nitrite) (AS N),Total,,6.6,mg/l,True,0.1,,,LAC10-107-04-1J,UHL001,Actual,SW,Water,,,Clayton,07060001,River/Stream,,43.0404991,-91.2055504
6,11220008,Volga River at Littleport (32),06/06/2012 07:10:00,TURKEYR,NIT-NO3-NO2,Inorganic nitrogen (nitrate and nitrite) (as N),Total,,7,mg/l,True,0.1,,,LAC10-107-04-1J,IGS-GRAB,Actual,SW,Water,,,Clayton,07060004,River/Stream,,42.7536427,-91.3691492
6,10220003,Bloody Run Creek Site #1 (BR01),11/01/2012 09:45:00,AMBIENT,NIT-NO3-NO2,Inorganic nitrogen (nitrate and nitrite) (as N),Total,,5.9,mg/l,True,0.1,,,LAC10-107-04-1J,UHL001,Actual,SW,Water,,,Clayton,07060001,River/Stream,,43.0404991,-91.2055504
6,10220003,Bloody Run Creek Site #1 (BR01),07/05/2012 09:15:00,AMBIENT,NIT-NO3-NO2,Inorganic nitrogen (nitrate and nitrite) (as N),Total,,4.8,mg/l,True,0.1,,,LAC10-107-04-1J,UHL001,Actual,SW,Water,,,Clayton,07060001,River/Stream,,43.0404991,-91.2055504
6,11220008,Volga River at Littleport (32),11/07/2012 12:01:00,TURKEYR,NIT-NO3-NO2,Inorganic nitrogen (nitrate and nitrite) (as N),Total,,2,mg/l,True,0.1,,,LAC10-107-04-1J,IGS-GRAB,Actual,SW,Water,,,Clayton,07060004,River/Stream,,42.7536427,-91.3691492
6,11220008,Volga River at Littleport (32),05/02/2012 11:35:00,TURKEYR,NIT-NO3-NO2,Inorganic nitrogen (nitrate and nitrite) (as N),Total,,5.9,mg/l,True,0.1,,,LAC10-107-04-1J,IGS-GRAB,Actual,SW,Water,,,Clayton,07060004,River/Stream,,42.7536427,-91.3691492
6,10220003,Bloody Run Creek Site #1 (BR01),06/04/2012 09:50:00,AMBIENT,NIT-NO3-NO2,Inorganic nitrogen (nitrate and nitrite) (as N),Total,,7.5,mg/l,True,0.1,,,LAC10-107-04-1J,UHL001,Actual,SW,Water,,,Clayton,07060001,River/Stream,,43.0404991,-91.2055504
6,10220003,Bloody Run Creek Site #1 (BR01),05/03/2012 08:50:00,AMBIENT,NIT-NO3-NO2,Inorganic nitrogen (nitrate and nitrite) (as N),Total,,5.1,mg/l,True,0.1,,,LAC10-107-04-1J,UHL001,Actual,SW,Water,,,Clayton,07060001,River/Stream,,43.0404991,-91.2055504
6,10220003,Bloody Run Creek Site #1 (BR01),04/05/2012 09:00:00,AMBIENT,NIT-NO3-NO2,Inorganic nitrogen (nitrate and nitrite) (as N),Total,,5.6,mg/l,True,0.1,,,LAC10-107-04-1J,UHL001,Actual,SW,Water,,,Clayton,07060001,River/Stream,,43.0404991,-91.2055504
6,10220003,Bloody Run Creek Site #1 (BR01),02/07/2012 09:30:00,AMBIENT,NIT-NO3-NO2,Inorganic nitrogen (nitrate and nitrite) (as N),Total,,6.7,mg/l,True,0.1,,,LAC10-107-04-1J,UHL001,Actual,SW,Water,,,Clayton,07060001,River/Stream,,43.0404991,-91.2055504
6,10220003,Bloody Run Creek Site #1 (BR01),05/07/2002 12:20:00,AMBIENT,NIT-NO3-NO2,Inorganic nitrogen (nitrate and nitrite) (as N),Total,,5.2,mg/l,True,0.1,,,Unknown,UHL001,Actual,SW,Water,,,Clayton,07060001,River/Stream,,43.0404991,-91.2055504
6,10220003,Bloody Run Creek Site #1 (BR01),01/02/2002 12:40:00,AMBIENT,NIT-NO3-NO2,Inorganic nitrogen (nitrate and nitrite) (as N),Total,,7.4,mg/l,True,0.1,,,Unknown,UHL001,Actual,SW,Water,,,Clayton,07060001,River/Stream,,43.0404991,-91.2055504
6,10220003,Bloody Run Creek Site #1 (BR01),11/06/2001 10:05:00,AMBIENT,NIT-NO3-NO2,Inorganic nitrogen (nitrate and nitrite) (as N),Total,,6.7,mg/l,True,0.1,,,Unknown,UHL001,Actual,SW,Water,,,Clayton,07060001,River/Stream,,43.0404991,-91.2055504
6,10220003,Bloody Run Creek Site #1 (BR01),08/27/1996 13:00:00,SNY319,NIT-NO3-NO2,Inorganic nitrogen (nitrate and nitrite) (as N),Total,,4.5,mg/l,True,0.1,,,Unknown,SNY001,Actual,SW,Water,,,Clayton,07060001,River/Stream,,43.0404991,-91.2055504
6,10220003,Bloody Run Creek Site #1 (BR01),09/10/1996 11:30:00,SNY319,NIT-NO3-NO2,Inorganic nitrogen (nitrate and nitrite) (as N),Total,,4.7,mg/l,True,0.1,,,Unknown,SNY001,Actual,SW,Water,,,Clayton,07060001,River/Stream,,43.0404991,-91.2055504
6,10220003,Bloody Run Creek Site #1 (BR01),09/17/1996 11:30:00,SNY319,NIT-NO3-NO2,Inorganic nitrogen (nitrate and nitrite) (as N),Total,,5,mg/l,True,0.1,,,Unknown,SNY001,Actual,SW,Water,,,Clayton,07060001,River/Stream,,43.0404991,-91.2055504
6,10220003,Bloody Run Creek Site #1 (BR01),02/05/2002 10:25:00,AMBIENT,NIT-NO3-NO2,Inorganic nitrogen (nitrate and nitrite) (as N),Total,,6.5,mg/l,True,0.1,,,Unknown,UHL001,Actual,SW,Water,,,Clayton,07060001,River/Stream,,43.0404991,-91.2055504
6,10220003,Bloody Run Creek Site #1 (BR01),05/28/1996 12:20:00,SNY319,NIT-NO3-NO2,Inorganic nitrogen (nitrate and nitrite) (as N),Total,,5.1,mg/l,True,0.1,,,Unknown,SNY001,Actual,SW,Water,,,Clayton,07060001,River/Stream,,43.0404991,-91.2055504
6,10220003,Bloody Run Creek Site #1 (BR01),07/09/1996 12:05:00,SNY319,NIT-NO3-NO2,Inorganic nitrogen (nitrate and nitrite) (as N),Total,,5.2,mg/l,True,0.1,,,Unknown,SNY001,Actual,SW,Water,,,Clayton,07060001,River/Stream,,43.0404991,-91.2055504
6,10220003,Bloody Run Creek Site #1 (BR01),08/06/1996 10:00:00,SNY319,NIT-NO3-NO2,Inorganic nitrogen (nitrate and nitrite) (as N),Total,,4.9,mg/l,True,0.1,,,Unknown,SNY001,Actual,SW,Water,,,Clayton,07060001,River/Stream,,43.0404991,-91.2055504
6,10220003,Bloody Run Creek Site #1 (BR01),08/20/1996 14:50:00,SNY319,NIT-NO3-NO2,Inorganic nitrogen (nitrate and nitrite) (as N),Total,,4.7,mg/l,True,0.1,,,Unknown,SNY001,Actual,SW,Water,,,Clayton,07060001,River/Stream,,43.0404991,-91.2055504
6,10220003,Bloody Run Creek Site #1 (BR01),07/30/1996 13:00:00,SNY319,NIT-NO3-NO2,Inorganic nitrogen (nitrate and nitrite) (as N),Total,,4.9,mg/l,True,0.1,,,Unknown,SNY001,Actual,SW,Water,,,Clayton,07060001,River/Stream,,43.0404991,-91.2055504
6,10220003,Bloody Run Creek Site #1 (BR01),02/06/1996 12:30:00,SNY319,NIT-NO3-NO2,Inorganic nitrogen (nitrate and nitrite) (as N),Total,,5.9,mg/l,True,0.1,,,Unknown,SNY001,Actual,SW,Water,,,Clayton,07060001,River/Stream,,43.0404991,-91.2055504
6,10220003,Bloody Run Creek Site #1 (BR01),12/12/1995 13:00:00,SNY319,NIT-NO3-NO2,Inorganic nitrogen (nitrate and nitrite) (as N),Total,,5.9,mg/l,True,0.1,,,Unknown,SNY001,Actual,SW,Water,,,Clayton,07060001,River/Stream,,43.0404991,-91.2055504
6,10220003,Bloody Run Creek Site #1 (BR01),01/16/1996 11:00:00,SNY319,NIT-NO3-NO2,Inorganic nitrogen (nitrate and nitrite) (as N),Total,,6.1,mg/l,True,0.1,,,Unknown,SNY001,Actual,SW,Water,,,Clayton,07060001,River/Stream,,43.0404991,-91.2055504
6,10220003,Bloody Run Creek Site #1 (BR01),02/27/1996 12:30:00,SNY319,NIT-NO3-NO2,Inorganic nitrogen (nitrate and nitrite) (as N),Total,,4.7,mg/l,True,0.1,,,Unknown,SNY001,Actual,SW,Water,,,Clayton,07060001,River/Stream,,43.0404991,-91.2055504
6,10220003,Bloody Run Creek Site #1 (BR01),02/13/1996 12:30:00,SNY319,NIT-NO3-NO2,Inorganic nitrogen (nitrate and nitrite) (as N),Total,,5.1,mg/l,True,0.1,,,Unknown,SNY001,Actual,SW,Water,,,Clayton,07060001,River/Stream,,43.0404991,-91.2055504
6,10220003,Bloody Run Creek Site #1 (BR01),03/05/1996 13:30:00,SNY319,NIT-NO3-NO2,Inorganic nitrogen (nitrate and nitrite) (as N),Total,,6.3,mg/l,True,0.1,,,Unknown,SNY001,Actual,SW,Water,,,Clayton,07060001,River/Stream,,43.0404991,-91.2055504
6,10220003,Bloody Run Creek Site #1 (BR01),03/26/1996 08:30:00,SNY319,NIT-NO3-NO2,Inorganic nitrogen (nitrate and nitrite) (as N),Total,,6,mg/l,True,0.1,,,Unknown,SNY001,Actual,SW,Water,,,Clayton,07060001,River/Stream,,43.0404991,-91.2055504
6,10220003,Bloody Run Creek Site #1 (BR01),03/19/1996 09:25:00,SNY319,NIT-NO3-NO2,Inorganic nitrogen (nitrate and nitrite) (as N),Total,,5.2,mg/l,True,0.1,,,Unknown,SNY001,Actual,SW,Water,,,Clayton,07060001,River/Stream,,43.0404991,-91.2055504
6,10220003,Bloody Run Creek Site #1 (BR01),04/16/1996 13:10:00,SNY319,NIT-NO3-NO2,Inorganic nitrogen (nitrate and nitrite) (as N),Total,,5.6,mg/l,True,0.1,,,Unknown,SNY001,Actual,SW,Water,,,Clayton,07060001,River/Stream,,43.0404991,-91.2055504
6,10220003,Bloody Run Creek Site #1 (BR01),05/07/1996 12:35:00,SNY319,NIT-NO3-NO2,Inorganic nitrogen (nitrate and nitrite) (as N),Total,,4.8,mg/l,True,0.1,,,Unknown,SNY001,Actual,SW,Water,,,Clayton,07060001,River/Stream,,43.0404991,-91.2055504
6,10220003,Bloody Run Creek Site #1 (BR01),06/18/1996 10:00:00,SNY319,NIT-NO3-NO2,Inorganic nitrogen (nitrate and nitrite) (as N),Total,,5.3,mg/l,True,0.1,,,Unknown,SNY001,Actual,SW,Water,,,Clayton,07060001,River/Stream,,43.0404991,-91.2055504
6,10220003,Bloody Run Creek Site #1 (BR01),11/01/2007 11:35:00,AMBIENT,NIT-NO3-NO2,Inorganic nitrogen (nitrate and nitrite) (as N),Total,,8.1,mg/l,True,0.05,,,353.2,UHL001,Actual,SW,Water,,,Clayton,07060001,River/Stream,,43.0404991,-91.2055504
6,10220003,Bloody Run Creek Site #1 (BR01),10/09/2007 10:20:00,AMBIENT,NIT-NO3-NO2,Inorganic nitrogen (nitrate and nitrite) (as N),Total,,7.8,mg/l,True,0.05,,,353.2,UHL001,Actual,SW,Water,,,Clayton,07060001,River/Stream,,43.0404991,-91.2055504
6,10220003,Bloody Run Creek Site #1 (BR01),06/13/2007 09:25:00,AMBIENT,NIT-NO3-NO2,Inorganic nitrogen (nitrate and nitrite) (as N),Total,,5.5,mg/l,True,0.05,,,353.2,UHL001,Actual,SW,Water,,,Clayton,07060001,River/Stream,,43.0404991,-91.2055504
6,10220003,Bloody Run Creek Site #1 (BR01),08/02/2007 10:25:00,AMBIENT,NIT-NO3-NO2,Inorganic nitrogen (nitrate and nitrite) (as N),Total,,5.8,mg/l,True,0.05,,,353.2,UHL001,Actual,SW,Water,,,Clayton,07060001,River/Stream,,43.0404991,-91.2055504
6,10220003,Bloody Run Creek Site #1 (BR01),05/08/2007 09:10:00,AMBIENT,NIT-NO3-NO2,Inorganic nitrogen (nitrate and nitrite) (as N),Total,,5.7,mg/l,True,0.05,,,353.2,UHL001,Actual,SW,Water,,,Clayton,07060001,River/Stream,,43.0404991,-91.2055504
6,10220003,Bloody Run Creek Site #1 (BR01),03/13/2007 10:50:00,AMBIENT,NIT-NO3-NO2,Inorganic nitrogen (nitrate and nitrite) (as N),Total,,3.3,mg/l,True,0.05,,,353.2,UHL001,Actual,SW,Water,,,Clayton,07060001,River/Stream,,43.0404991,-91.2055504
6,10220003,Bloody Run Creek Site #1 (BR01),01/04/2007 08:30:00,AMBIENT,NIT-NO3-NO2,Inorganic nitrogen (nitrate and nitrite) (as N),Total,,5.6,mg/l,True,0.05,,,353.2,UHL001,Actual,SW,Water,,,Clayton,07060001,River/Stream,,43.0404991,-91.2055504
6,10220003,Bloody Run Creek Site #1 (BR01),10/04/2006 12:20:00,AMBIENT,NIT-NO3-NO2,Inorganic nitrogen (nitrate and nitrite) (as N),Total,,9.1,mg/l,True,0.05,,,353.2,UHL001,Actual,SW,Water,,,Clayton,07060001,River/Stream,,43.0404991,-91.2055504
6,10220003,Bloody Run Creek Site #1 (BR01),08/01/2006 12:10:00,AMBIENT,NIT-NO3-NO2,Inorganic nitrogen (nitrate and nitrite) (as N),Total,,4.1,mg/l,True,0.05,,,353.2,UHL001,Actual,SW,Water,,,Clayton,07060001,River/Stream,,43.0404991,-91.2055504
6,10220003,Bloody Run Creek Site #1 (BR01),03/07/2006 10:20:00,AMBIENT,NIT-NO3-NO2,Inorganic nitrogen (nitrate and nitrite) (as N),Total,,4.2,mg/l,True,0.05,,,353.2,UHL001,Actual,SW,Water,,,Clayton,07060001,River/Stream,,43.0404991,-91.2055504
6,10220003,Bloody Run Creek Site #1 (BR01),04/05/2005 09:10:00,AMBIENT,NIT-NO3-NO2,Inorganic nitrogen (nitrate and nitrite) (as N),Total,,4.3,mg/l,True,0.05,,,353.2,UHL001,Actual,SW,Water,,,Clayton,07060001,River/Stream,,43.0404991,-91.2055504
6,10220003,Bloody Run Creek Site #1 (BR01),01/03/2006 10:35:00,AMBIENT,NIT-NO3-NO2,Inorganic nitrogen (nitrate and nitrite) (as N),Total,,4.4,mg/l,True,0.05,,,353.2,UHL001,Actual,SW,Water,,,Clayton,07060001,River/Stream,,43.0404991,-91.2055504
6,10220003,Bloody Run Creek Site #1 (BR01),12/06/2005 11:05:00,AMBIENT,NIT-NO3-NO2,Inorganic nitrogen (nitrate and nitrite) (as N),Total,,4.3,mg/l,True,0.05,,,353.2,UHL001,Actual,SW,Water,,,Clayton,07060001,River/Stream,,43.0404991,-91.2055504
6,10220003,Bloody Run Creek Site #1 (BR01),10/11/2005 11:00:00,AMBIENT,NIT-NO3-NO2,Inorganic nitrogen (nitrate and nitrite) (as N),Total,,3.8,mg/l,True,0.05,,,353.2,UHL001,Actual,SW,Water,,,Clayton,07060001,River/Stream,,43.0404991,-91.2055504
6,10220003,Bloody Run Creek Site #1 (BR01),06/07/2005 10:30:00,AMBIENT,NIT-NO3-NO2,Inorganic nitrogen (nitrate and nitrite) (as N),Total,,3.5,mg/l,True,0.05,,,353.2,UHL001,Actual,SW,Water,,,Clayton,07060001,River/Stream,,43.0404991,-91.2055504
6,10220003,Bloody Run Creek Site #1 (BR01),09/05/2005 08:15:00,AMBIENT,NIT-NO3-NO2,Inorganic nitrogen (nitrate and nitrite) (as N),Total,,3.7,mg/l,True,0.05,,,353.2,UHL001,Actual,SW,Water,,,Clayton,07060001,River/Stream,,43.0404991,-91.2055504
6,10220003,Bloody Run Creek Site #1 (BR01),02/08/2005 10:25:00,AMBIENT,NIT-NO3-NO2,Inorganic nitrogen (nitrate and nitrite) (as N),Total,,3.3,mg/l,True,0.05,,,353.2,UHL001,Actual,SW,Water,,,Clayton,07060001,River/Stream,,43.0404991,-91.2055504
6,10220003,Bloody Run Creek Site #1 (BR01),03/01/2005 10:45:00,AMBIENT,NIT-NO3-NO2,Inorganic nitrogen (nitrate and nitrite) (as N),Total,,5.2,mg/l,True,0.05,,,353.2,UHL001,Actual,SW,Water,,,Clayton,07060001,River/Stream,,43.0404991,-91.2055504
6,10220003,Bloody Run Creek Site #1 (BR01),09/07/2004 08:55:00,AMBIENT,NIT-NO3-NO2,Inorganic nitrogen (nitrate and nitrite) (as N),Total,,3.8,mg/l,True,0.05,,,353.2,UHL001,Actual,SW,Water,,,Clayton,07060001,River/Stream,,43.0404991,-91.2055504
6,10220003,Bloody Run Creek Site #1 (BR01),07/06/2004 11:45:00,AMBIENT,NIT-NO3-NO2,Inorganic nitrogen (nitrate and nitrite) (as N),Total,,4.5,mg/l,True,0.05,,,353.2,UHL001,Actual,SW,Water,,,Clayton,07060001,River/Stream,,43.0404991,-91.2055504
6,10220003,Bloody Run Creek Site #1 (BR01),06/01/2004 10:40:00,AMBIENT,NIT-NO3-NO2,Inorganic nitrogen (nitrate and nitrite) (as N),Total,,7.5,mg/l,True,0.05,,,353.2,UHL001,Actual,SW,Water,,,Clayton,07060001,River/Stream,,43.0404991,-91.2055504
6,10220003,Bloody Run Creek Site #1 (BR01),04/06/2004 11:10:00,AMBIENT,NIT-NO3-NO2,Inorganic nitrogen (nitrate and nitrite) (as N),Total,,5.1,mg/l,True,0.05,,,353.2,UHL001,Actual,SW,Water,,,Clayton,07060001,River/Stream,,43.0404991,-91.2055504
6,10220003,Bloody Run Creek Site #1 (BR01),01/06/2004 11:25:00,AMBIENT,NIT-NO3-NO2,Inorganic nitrogen (nitrate and nitrite) (as N),Total,,5.5,mg/l,True,0.1,,,353.2,UHL001,Actual,SW,Water,,,Clayton,07060001,River/Stream,,43.0404991,-91.2055504
6,10220003,Bloody Run Creek Site #1 (BR01),07/08/2003 10:10:00,AMBIENT,NIT-NO3-NO2,Inorganic nitrogen (nitrate and nitrite) (as N),Total,,4.5,mg/l,True,0.1,,,353.2,UHL001,Actual,SW,Water,,,Clayton,07060001,River/Stream,,43.0404991,-91.2055504
6,10220003,Bloody Run Creek Site #1 (BR01),03/04/2003 10:15:00,AMBIENT,NIT-NO3-NO2,Inorganic nitrogen (nitrate and nitrite) (as N),Total,,6.2,mg/l,True,0.1,,,353.2,UHL001,Actual,SW,Water,,,Clayton,07060001,River/Stream,,43.0404991,-91.2055504
6,10220003,Bloody Run Creek Site #1 (BR01),05/06/2003 09:30:00,AMBIENT,NIT-NO3-NO2,Inorganic nitrogen (nitrate and nitrite) (as N),Total,,4.9,mg/l,True,0.1,,,353.2,UHL001,Actual,SW,Water,,,Clayton,07060001,River/Stream,,43.0404991,-91.2055504
6,10220003,Bloody Run Creek Site #1 (BR01),01/07/2003 10:00:00,AMBIENT,NIT-NO3-NO2,Inorganic nitrogen (nitrate and nitrite) (as N),Total,,6.4,mg/l,True,0.1,,,353.2,UHL001,Actual,SW,Water,,,Clayton,07060001,River/Stream,,43.0404991,-91.2055504
6,10220003,Bloody Run Creek Site #1 (BR01),10/01/2002 12:55:00,AMBIENT,NIT-NO3-NO2,Inorganic nitrogen (nitrate and nitrite) (as N),Total,,5.4,mg/l,True,0.1,,,353.2,UHL001,Actual,SW,Water,,,Clayton,07060001,River/Stream,,43.0404991,-91.2055504
6,10220003,Bloody Run Creek Site #1 (BR01),03/05/2002 11:15:00,AMBIENT,NIT-NO3-NO2,Inorganic nitrogen (nitrate and nitrite) (as N),Total,,7.4,mg/l,True,0.1,,,Unknown,UHL001,Actual,SW,Water,,,Clayton,07060001,River/Stream,,43.0404991,-91.2055504
6,10220003,Bloody Run Creek Site #1 (BR01),06/04/2002 09:55:00,AMBIENT,NIT-NO3-NO2,Inorganic nitrogen (nitrate and nitrite) (as N),Total,,5,mg/l,True,0.1,,,Unknown,UHL001,Actual,SW,Water,,,Clayton,07060001,River/Stream,,43.0404991,-91.2055504
6,10220003,Bloody Run Creek Site #1 (BR01),10/17/2000 11:45:00,SNY319,NIT-NO3-NO2,Inorganic nitrogen (nitrate and nitrite) (as N),Total,,6.4,mg/l,True,0.1,,,Unknown,SNY001,Actual,SW,Water,,,Clayton,07060001,River/Stream,,43.0404991,-91.2055504
6,10220003,Bloody Run Creek Site #1 (BR01),11/14/2000 11:50:00,SNY319,NIT-NO3-NO2,Inorganic nitrogen (nitrate and nitrite) (as N),Total,,7.2,mg/l,True,0.1,,,Unknown,SNY001,Actual,SW,Water,,,Clayton,07060001,River/Stream,,43.0404991,-91.2055504
6,10220003,Bloody Run Creek Site #1 (BR01),11/07/2000 12:15:00,SNY319,NIT-NO3-NO2,Inorganic nitrogen (nitrate and nitrite) (as N),Total,,7.3,mg/l,True,0.1,,,Unknown,SNY001,Actual,SW,Water,,,Clayton,07060001,River/Stream,,43.0404991,-91.2055504
6,10220003,Bloody Run Creek Site #1 (BR01),02/13/2001 12:30:00,SNY319,NIT-NO3-NO2,Inorganic nitrogen (nitrate and nitrite) (as N),Total,,6.8,mg/l,True,0.1,,,Unknown,SNY001,Actual,SW,Water,,,Clayton,07060001,River/Stream,,43.0404991,-91.2055504
6,10220003,Bloody Run Creek Site #1 (BR01),01/16/2001 11:35:00,SNY319,NIT-NO3-NO2,Inorganic nitrogen (nitrate and nitrite) (as N),Total,,6.6,mg/l,True,0.1,,,Unknown,SNY001,Actual,SW,Water,,,Clayton,07060001,River/Stream,,43.0404991,-91.2055504
6,10220003,Bloody Run Creek Site #1 (BR01),12/12/2000 12:20:00,SNY319,NIT-NO3-NO2,Inorganic nitrogen (nitrate and nitrite) (as N),Total,,6,mg/l,True,0.1,,,Unknown,SNY001,Actual,SW,Water,,,Clayton,07060001,River/Stream,,43.0404991,-91.2055504
6,10220003,Bloody Run Creek Site #1 (BR01),12/05/2000 11:55:00,SNY319,NIT-NO3-NO2,Inorganic nitrogen (nitrate and nitrite) (as N),Total,,6.2,mg/l,True,0.1,,,Unknown,SNY001,Actual,SW,Water,,,Clayton,07060001,River/Stream,,43.0404991,-91.2055504
6,10220003,Bloody Run Creek Site #1 (BR01),06/05/2001 11:40:00,SNY319,NIT-NO3-NO2,Inorganic nitrogen (nitrate and nitrite) (as N),Total,,7.3,mg/l,True,0.1,,,Unknown,SNY001,Actual,SW,Water,,,Clayton,07060001,River/Stream,,43.0404991,-91.2055504
6,10220003,Bloody Run Creek Site #1 (BR01),05/29/2001 11:45:00,SNY319,NIT-NO3-NO2,Inorganic nitrogen (nitrate and nitrite) (as N),Total,,7.1,mg/l,True,0.1,,,Unknown,SNY001,Actual,SW,Water,,,Clayton,07060001,River/Stream,,43.0404991,-91.2055504
6,10220003,Bloody Run Creek Site #1 (BR01),05/08/2001 12:25:00,SNY319,NIT-NO3-NO2,Inorganic nitrogen (nitrate and nitrite) (as N),Total,,8.3,mg/l,True,0.1,,,Unknown,SNY001,Actual,SW,Water,,,Clayton,07060001,River/Stream,,43.0404991,-91.2055504
6,10220003,Bloody Run Creek Site #1 (BR01),04/17/2001 12:15:00,SNY319,NIT-NO3-NO2,Inorganic nitrogen (nitrate and nitrite) (as N),Total,,7.9,mg/l,True,0.1,,,Unknown,SNY001,Actual,SW,Water,,,Clayton,07060001,River/Stream,,43.0404991,-91.2055504
6,10220003,Bloody Run Creek Site #1 (BR01),04/10/2001 12:10:00,SNY319,NIT-NO3-NO2,Inorganic nitrogen (nitrate and nitrite) (as N),Total,,7.9,mg/l,True,0.1,,,Unknown,SNY001,Actual,SW,Water,,,Clayton,07060001,River/Stream,,43.0404991,-91.2055504
6,10220003,Bloody Run Creek Site #1 (BR01),03/20/2001 12:40:00,SNY319,NIT-NO3-NO2,Inorganic nitrogen (nitrate and nitrite) (as N),Total,,6.8,mg/l,True,0.1,,,Unknown,SNY001,Actual,SW,Water,,,Clayton,07060001,River/Stream,,43.0404991,-91.2055504
6,10220003,Bloody Run Creek Site #1 (BR01),03/13/2001 11:25:00,SNY319,NIT-NO3-NO2,Inorganic nitrogen (nitrate and nitrite) (as N),Total,,6.6,mg/l,True,0.1,,,Unknown,SNY001,Actual,SW,Water,,,Clayton,07060001,River/Stream,,43.0404991,-91.2055504
6,10220003,Bloody Run Creek Site #1 (BR01),02/20/2001 11:35:00,SNY319,NIT-NO3-NO2,Inorganic nitrogen (nitrate and nitrite) (as N),Total,,6.7,mg/l,True,0.1,,,Unknown,SNY001,Actual,SW,Water,,,Clayton,07060001,River/Stream,,43.0404991,-91.2055504
6,10220003,Bloody Run Creek Site #1 (BR01),10/10/1995 13:40:00,SNY319,NIT-NO3-NO2,Inorganic nitrogen (nitrate and nitrite) (as N),Total,,5.3,mg/l,True,0.1,,,Unknown,SNY001,Actual,SW,Water,,,Clayton,07060001,River/Stream,,43.0404991,-91.2055504
6,10220003,Bloody Run Creek Site #1 (BR01),10/24/1995 10:05:00,SNY319,NIT-NO3-NO2,Inorganic nitrogen (nitrate and nitrite) (as N),Total,,5.7,mg/l,True,0.1,,,Unknown,SNY001,Actual,SW,Water,,,Clayton,07060001,River/Stream,,43.0404991,-91.2055504
6,10220003,Bloody Run Creek Site #1 (BR01),10/31/1995 09:20:00,SNY319,NIT-NO3-NO2,Inorganic nitrogen (nitrate and nitrite) (as N),Total,,5.5,mg/l,True,0.1,,,Unknown,SNY001,Actual,SW,Water,,,Clayton,07060001,River/Stream,,43.0404991,-91.2055504
6,10220003,Bloody Run Creek Site #1 (BR01),11/21/1995 13:10:00,SNY319,NIT-NO3-NO2,Inorganic nitrogen (nitrate and nitrite) (as N),Total,,5.9,mg/l,True,0.1,,,Unknown,SNY001,Actual,SW,Water,,,Clayton,07060001,River/Stream,,43.0404991,-91.2055504
6,10220003,Bloody Run Creek Site #1 (BR01),07/31/2001 13:15:00,SNY319,NIT-NO3-NO2,Inorganic nitrogen (nitrate and nitrite) (as N),Total,,6.5,mg/l,True,0.1,,,Unknown,SNY001,Actual,SW,Water,,,Clayton,07060001,River/Stream,,43.0404991,-91.2055504
6,10220003,Bloody Run Creek Site #1 (BR01),08/14/2001 12:50:00,SNY319,NIT-NO3-NO2,Inorganic nitrogen (nitrate and nitrite) (as N),Total,,6.5,mg/l,True,0.1,,,Unknown,SNY001,Actual,SW,Water,,,Clayton,07060001,River/Stream,,43.0404991,-91.2055504
6,10220003,Bloody Run Creek Site #1 (BR01),07/24/2001 11:30:00,SNY319,NIT-NO3-NO2,Inorganic nitrogen (nitrate and nitrite) (as N),Total,,7,mg/l,True,0.1,,,Unknown,SNY001,Actual,SW,Water,,,Clayton,07060001,River/Stream,,43.0404991,-91.2055504
6,10220003,Bloody Run Creek Site #1 (BR01),07/03/2001 10:50:00,SNY319,NIT-NO3-NO2,Inorganic nitrogen (nitrate and nitrite) (as N),Total,,7,mg/l,True,0.1,,,Unknown,SNY001,Actual,SW,Water,,,Clayton,07060001,River/Stream,,43.0404991,-91.2055504
6,10220003,Bloody Run Creek Site #1 (BR01),06/26/2001 11:45:00,SNY319,NIT-NO3-NO2,Inorganic nitrogen (nitrate and nitrite) (as N),Total,,7,mg/l,True,0.1,,,Unknown,SNY001,Actual,SW,Water,,,Clayton,07060001,River/Stream,,43.0404991,-91.2055504
6,10220003,Bloody Run Creek Site #1 (BR01),09/11/2001 12:45:00,SNY319,NIT-NO3-NO2,Inorganic nitrogen (nitrate and nitrite) (as N),Total,,6.6,mg/l,True,0.1,,,Unknown,SNY001,Actual,SW,Water,,,Clayton,07060001,River/Stream,,43.0404991,-91.2055504
6,10220003,Bloody Run Creek Site #1 (BR01),08/21/2001 11:10:00,SNY319,NIT-NO3-NO2,Inorganic nitrogen (nitrate and nitrite) (as N),Total,,6.5,mg/l,True,0.1,,,Unknown,SNY001,Actual,SW,Water,,,Clayton,07060001,River/Stream,,43.0404991,-91.2055504
6,10220003,Bloody Run Creek Site #1 (BR01),09/18/2001 11:00:00,SNY319,NIT-NO3-NO2,Inorganic nitrogen (nitrate and nitrite) (as N),Total,,6.6,mg/l,True,0.1,,,Unknown,SNY001,Actual,SW,Water,,,Clayton,07060001,River/Stream,,43.0404991,-91.2055504
6,10220003,Bloody Run Creek Site #1 (BR01),10/03/1995 15:30:00,SNY319,NIT-NO3-NO2,Inorganic nitrogen (nitrate and nitrite) (as N),Total,,5.4,mg/l,True,0.1,,,Unknown,SNY001,Actual,SW,Water,,,Clayton,07060001,River/Stream,,43.0404991,-91.2055504
6,10220003,Bloody Run Creek Site #1 (BR01),09/19/2000 11:40:00,SNY319,NIT-NO3-NO2,Inorganic nitrogen (nitrate and nitrite) (as N),Total,,6,mg/l,True,0.1,,,Unknown,SNY001,Actual,SW,Water,,,Clayton,07060001,River/Stream,,43.0404991,-91.2055504
6,10220003,Bloody Run Creek Site #1 (BR01),09/12/2000 12:10:00,SNY319,NIT-NO3-NO2,Inorganic nitrogen (nitrate and nitrite) (as N),Total,,5.8,mg/l,True,0.1,,,Unknown,SNY001,Actual,SW,Water,,,Clayton,07060001,River/Stream,,43.0404991,-91.2055504
6,10220003,Bloody Run Creek Site #1 (BR01),08/22/2000 11:45:00,SNY319,NIT-NO3-NO2,Inorganic nitrogen (nitrate and nitrite) (as N),Total,,6,mg/l,True,0.1,,,Unknown,SNY001,Actual,SW,Water,,,Clayton,07060001,River/Stream,,43.0404991,-91.2055504
6,10220003,Bloody Run Creek Site #1 (BR01),08/15/2000 12:25:00,SNY319,NIT-NO3-NO2,Inorganic nitrogen (nitrate and nitrite) (as N),Total,,5.6,mg/l,True,0.1,,,Unknown,SNY001,Actual,SW,Water,,,Clayton,07060001,River/Stream,,43.0404991,-91.2055504
6,10220003,Bloody Run Creek Site #1 (BR01),07/25/2000 12:10:00,SNY319,NIT-NO3-NO2,Inorganic nitrogen (nitrate and nitrite) (as N),Total,,6.6,mg/l,True,0.1,,,Unknown,SNY001,Actual,SW,Water,,,Clayton,07060001,River/Stream,,43.0404991,-91.2055504
6,10220003,Bloody Run Creek Site #1 (BR01),07/04/2000 12:10:00,SNY319,NIT-NO3-NO2,Inorganic nitrogen (nitrate and nitrite) (as N),Total,,6.5,mg/l,True,0.1,,,Unknown,SNY001,Actual,SW,Water,,,Clayton,07060001,River/Stream,,43.0404991,-91.2055504
6,10220003,Bloody Run Creek Site #1 (BR01),07/18/2000 12:15:00,SNY319,NIT-NO3-NO2,Inorganic nitrogen (nitrate and nitrite) (as N),Total,,6.9,mg/l,True,0.1,,,Unknown,SNY001,Actual,SW,Water,,,Clayton,07060001,River/Stream,,43.0404991,-91.2055504
6,10220003,Bloody Run Creek Site #1 (BR01),06/27/2000 12:55:00,SNY319,NIT-NO3-NO2,Inorganic nitrogen (nitrate and nitrite) (as N),Total,,6.2,mg/l,True,0.1,,,Unknown,SNY001,Actual,SW,Water,,,Clayton,07060001,River/Stream,,43.0404991,-91.2055504
6,10220003,Bloody Run Creek Site #1 (BR01),06/06/2000 11:30:00,SNY319,NIT-NO3-NO2,Inorganic nitrogen (nitrate and nitrite) (as N),Total,,7.8,mg/l,True,0.1,,,Unknown,SNY001,Actual,SW,Water,,,Clayton,07060001,River/Stream,,43.0404991,-91.2055504
6,10220003,Bloody Run Creek Site #1 (BR01),05/30/2000 13:35:00,SNY319,NIT-NO3-NO2,Inorganic nitrogen (nitrate and nitrite) (as N),Total,,6.1,mg/l,True,0.1,,,Unknown,SNY001,Actual,SW,Water,,,Clayton,07060001,River/Stream,,43.0404991,-91.2055504
6,10220003,Bloody Run Creek Site #1 (BR01),05/09/2000 12:25:00,SNY319,NIT-NO3-NO2,Inorganic nitrogen (nitrate and nitrite) (as N),Total,,5.2,mg/l,True,0.1,,,Unknown,SNY001,Actual,SW,Water,,,Clayton,07060001,River/Stream,,43.0404991,-91.2055504
6,10220003,Bloody Run Creek Site #1 (BR01),05/02/2000 12:30:00,SNY319,NIT-NO3-NO2,Inorganic nitrogen (nitrate and nitrite) (as N),Total,,5.2,mg/l,True,0.1,,,Unknown,SNY001,Actual,SW,Water,,,Clayton,07060001,River/Stream,,43.0404991,-91.2055504
6,10220003,Bloody Run Creek Site #1 (BR01),04/11/2000 13:10:00,SNY319,NIT-NO3-NO2,Inorganic nitrogen (nitrate and nitrite) (as N),Total,,6,mg/l,True,0.1,,,Unknown,SNY001,Actual,SW,Water,,,Clayton,07060001,River/Stream,,43.0404991,-91.2055504
6,10220003,Bloody Run Creek Site #1 (BR01),03/14/2000 12:15:00,SNY319,NIT-NO3-NO2,Inorganic nitrogen (nitrate and nitrite) (as N),Total,,6.5,mg/l,True,0.1,,,Unknown,SNY001,Actual,SW,Water,,,Clayton,07060001,River/Stream,,43.0404991,-91.2055504
6,10220003,Bloody Run Creek Site #1 (BR01),02/22/2000 12:50:00,SNY319,NIT-NO3-NO2,Inorganic nitrogen (nitrate and nitrite) (as N),Total,,6.8,mg/l,True,0.1,,,Unknown,SNY001,Actual,SW,Water,,,Clayton,07060001,River/Stream,,43.0404991,-91.2055504
6,10220003,Bloody Run Creek Site #1 (BR01),02/15/2000 12:20:00,SNY319,NIT-NO3-NO2,Inorganic nitrogen (nitrate and nitrite) (as N),Total,,6.8,mg/l,True,0.1,,,Unknown,SNY001,Actual,SW,Water,,,Clayton,07060001,River/Stream,,43.0404991,-91.2055504
6,10220003,Bloody Run Creek Site #1 (BR01),01/25/2000 12:25:00,SNY319,NIT-NO3-NO2,Inorganic nitrogen (nitrate and nitrite) (as N),Total,,7.1,mg/l,True,0.1,,,Unknown,SNY001,Actual,SW,Water,,,Clayton,07060001,River/Stream,,43.0404991,-91.2055504
6,10220003,Bloody Run Creek Site #1 (BR01),01/18/2000 12:20:00,SNY319,NIT-NO3-NO2,Inorganic nitrogen (nitrate and nitrite) (as N),Total,,7.6,mg/l,True,0.1,,,Unknown,SNY001,Actual,SW,Water,,,Clayton,07060001,River/Stream,,43.0404991,-91.2055504
6,10220003,Bloody Run Creek Site #1 (BR01),12/28/1999 13:00:00,SNY319,NIT-NO3-NO2,Inorganic nitrogen (nitrate and nitrite) (as N),Total,,7,mg/l,True,0.1,,,Unknown,SNY001,Actual,SW,Water,,,Clayton,07060001,River/Stream,,43.0404991,-91.2055504
6,10220003,Bloody Run Creek Site #1 (BR01),12/21/1999 11:55:00,SNY319,NIT-NO3-NO2,Inorganic nitrogen (nitrate and nitrite) (as N),Total,,6.4,mg/l,True,0.1,,,Unknown,SNY001,Actual,SW,Water,,,Clayton,07060001,River/Stream,,43.0404991,-91.2055504
6,10220003,Bloody Run Creek Site #1 (BR01),11/30/1999 12:55:00,SNY319,NIT-NO3-NO2,Inorganic nitrogen (nitrate and nitrite) (as N),Total,,6.9,mg/l,True,0.1,,,Unknown,SNY001,Actual,SW,Water,,,Clayton,07060001,River/Stream,,43.0404991,-91.2055504
6,10220003,Bloody Run Creek Site #1 (BR01),11/23/1999 12:40:00,SNY319,NIT-NO3-NO2,Inorganic nitrogen (nitrate and nitrite) (as N),Total,,7.4,mg/l,True,0.1,,,Unknown,SNY001,Actual,SW,Water,,,Clayton,07060001,River/Stream,,43.0404991,-91.2055504
6,10220003,Bloody Run Creek Site #1 (BR01),11/02/1999 12:30:00,SNY319,NIT-NO3-NO2,Inorganic nitrogen (nitrate and nitrite) (as N),Total,,7,mg/l,True,0.1,,,Unknown,SNY001,Actual,SW,Water,,,Clayton,07060001,River/Stream,,43.0404991,-91.2055504
6,10220003,Bloody Run Creek Site #1 (BR01),10/12/1999 11:20:00,SNY319,NIT-NO3-NO2,Inorganic nitrogen (nitrate and nitrite) (as N),Total,,6.9,mg/l,True,0.1,,,Unknown,SNY001,Actual,SW,Water,,,Clayton,07060001,River/Stream,,43.0404991,-91.2055504
6,10220003,Bloody Run Creek Site #1 (BR01),10/05/1999 11:10:00,SNY319,NIT-NO3-NO2,Inorganic nitrogen (nitrate and nitrite) (as N),Total,,7.4,mg/l,True,0.1,,,Unknown,SNY001,Actual,SW,Water,,,Clayton,07060001,River/Stream,,43.0404991,-91.2055504
6,10220003,Bloody Run Creek Site #1 (BR01),09/28/1999 12:00:00,SNY319,NIT-NO3-NO2,Inorganic nitrogen (nitrate and nitrite) (as N),Total,,7,mg/l,True,0.1,,,Unknown,SNY001,Actual,SW,Water,,,Clayton,07060001,River/Stream,,43.0404991,-91.2055504
6,10220003,Bloody Run Creek Site #1 (BR01),08/31/1999 12:50:00,SNY319,NIT-NO3-NO2,Inorganic nitrogen (nitrate and nitrite) (as N),Total,,7,mg/l,True,0.1,,,Unknown,SNY001,Actual,SW,Water,,,Clayton,07060001,River/Stream,,43.0404991,-91.2055504
6,10220003,Bloody Run Creek Site #1 (BR01),08/24/1999 11:40:00,SNY319,NIT-NO3-NO2,Inorganic nitrogen (nitrate and nitrite) (as N),Total,,7.1,mg/l,True,0.1,,,Unknown,SNY001,Actual,SW,Water,,,Clayton,07060001,River/Stream,,43.0404991,-91.2055504
6,10220003,Bloody Run Creek Site #1 (BR01),08/17/1999 11:40:00,SNY319,NIT-NO3-NO2,Inorganic nitrogen (nitrate and nitrite) (as N),Total,,6.9,mg/l,True,0.1,,,Unknown,SNY001,Actual,SW,Water,,,Clayton,07060001,River/Stream,,43.0404991,-91.2055504
6,10220003,Bloody Run Creek Site #1 (BR01),07/20/1999 11:35:00,SNY319,NIT-NO3-NO2,Inorganic nitrogen (nitrate and nitrite) (as N),Total,,6,mg/l,True,0.1,,,Unknown,SNY001,Actual,SW,Water,,,Clayton,07060001,River/Stream,,43.0404991,-91.2055504
6,10220003,Bloody Run Creek Site #1 (BR01),07/06/1999 12:25:00,SNY319,NIT-NO3-NO2,Inorganic nitrogen (nitrate and nitrite) (as N),Total,,7.6,mg/l,True,0.1,,,Unknown,SNY001,Actual,SW,Water,,,Clayton,07060001,River/Stream,,43.0404991,-91.2055504
6,10220003,Bloody Run Creek Site #1 (BR01),06/29/1999 12:25:00,SNY319,NIT-NO3-NO2,Inorganic nitrogen (nitrate and nitrite) (as N),Total,,7.1,mg/l,True,0.1,,,Unknown,SNY001,Actual,SW,Water,,,Clayton,07060001,River/Stream,,43.0404991,-91.2055504
6,10220003,Bloody Run Creek Site #1 (BR01),06/01/1999 11:55:00,SNY319,NIT-NO3-NO2,Inorganic nitrogen (nitrate and nitrite) (as N),Total,,7.5,mg/l,True,0.1,,,Unknown,SNY001,Actual,SW,Water,,,Clayton,07060001,River/Stream,,43.0404991,-91.2055504
6,10220003,Bloody Run Creek Site #1 (BR01),05/25/1999 12:20:00,SNY319,NIT-NO3-NO2,Inorganic nitrogen (nitrate and nitrite) (as N),Total,,8.3,mg/l,True,0.1,,,Unknown,SNY001,Actual,SW,Water,,,Clayton,07060001,River/Stream,,43.0404991,-91.2055504
6,10220003,Bloody Run Creek Site #1 (BR01),04/27/1999 12:15:00,SNY319,NIT-NO3-NO2,Inorganic nitrogen (nitrate and nitrite) (as N),Total,,7.4,mg/l,True,0.1,,,Unknown,SNY001,Actual,SW,Water,,,Clayton,07060001,River/Stream,,43.0404991,-91.2055504
6,10220003,Bloody Run Creek Site #1 (BR01),05/18/1999 11:25:00,SNY319,NIT-NO3-NO2,Inorganic nitrogen (nitrate and nitrite) (as N),Total,,7.9,mg/l,True,0.1,,,Unknown,SNY001,Actual,SW,Water,,,Clayton,07060001,River/Stream,,43.0404991,-91.2055504
6,10220003,Bloody Run Creek Site #1 (BR01),04/20/1999 10:40:00,SNY319,NIT-NO3-NO2,Inorganic nitrogen (nitrate and nitrite) (as N),Total,,6.8,mg/l,True,0.1,,,Unknown,SNY001,Actual,SW,Water,,,Clayton,07060001,River/Stream,,43.0404991,-91.2055504
6,10220003,Bloody Run Creek Site #1 (BR01),04/13/1999 11:55:00,SNY319,NIT-NO3-NO2,Inorganic nitrogen (nitrate and nitrite) (as N),Total,,7.3,mg/l,True,0.1,,,Unknown,SNY001,Actual,SW,Water,,,Clayton,07060001,River/Stream,,43.0404991,-91.2055504
6,10220003,Bloody Run Creek Site #1 (BR01),03/16/1999 11:25:00,SNY319,NIT-NO3-NO2,Inorganic nitrogen (nitrate and nitrite) (as N),Total,,7.2,mg/l,True,0.1,,,Unknown,SNY001,Actual,SW,Water,,,Clayton,07060001,River/Stream,,43.0404991,-91.2055504
6,10220003,Bloody Run Creek Site #1 (BR01),03/09/1999 12:15:00,SNY319,NIT-NO3-NO2,Inorganic nitrogen (nitrate and nitrite) (as N),Total,,8.3,mg/l,True,0.1,,,Unknown,SNY001,Actual,SW,Water,,,Clayton,07060001,River/Stream,,43.0404991,-91.2055504
6,10220003,Bloody Run Creek Site #1 (BR01),03/02/1999 11:30:00,SNY319,NIT-NO3-NO2,Inorganic nitrogen (nitrate and nitrite) (as N),Total,,7.4,mg/l,True,0.1,,,Unknown,SNY001,Actual,SW,Water,,,Clayton,07060001,River/Stream,,43.0404991,-91.2055504
6,10220003,Bloody Run Creek Site #1 (BR01),02/02/1999 12:00:00,SNY319,NIT-NO3-NO2,Inorganic nitrogen (nitrate and nitrite) (as N),Total,,7.6,mg/l,True,0.1,,,Unknown,SNY001,Actual,SW,Water,,,Clayton,07060001,River/Stream,,43.0404991,-91.2055504
6,10220003,Bloody Run Creek Site #1 (BR01),01/26/1999 12:20:00,SNY319,NIT-NO3-NO2,Inorganic nitrogen (nitrate and nitrite) (as N),Total,,6.4,mg/l,True,0.1,,,Unknown,SNY001,Actual,SW,Water,,,Clayton,07060001,River/Stream,,43.0404991,-91.2055504
6,10220003,Bloody Run Creek Site #1 (BR01),12/15/1998 12:00:00,SNY319,NIT-NO3-NO2,Inorganic nitrogen (nitrate and nitrite) (as N),Total,,8.3,mg/l,True,0.1,,,Unknown,SNY001,Actual,SW,Water,,,Clayton,07060001,River/Stream,,43.0404991,-91.2055504
6,10220003,Bloody Run Creek Site #1 (BR01),12/08/1998 11:45:00,SNY319,NIT-NO3-NO2,Inorganic nitrogen (nitrate and nitrite) (as N),Total,,7.7,mg/l,True,0.1,,,Unknown,SNY001,Actual,SW,Water,,,Clayton,07060001,River/Stream,,43.0404991,-91.2055504
6,10220003,Bloody Run Creek Site #1 (BR01),12/01/1998 13:10:00,SNY319,NIT-NO3-NO2,Inorganic nitrogen (nitrate and nitrite) (as N),Total,,7.6,mg/l,True,0.1,,,Unknown,SNY001,Actual,SW,Water,,,Clayton,07060001,River/Stream,,43.0404991,-91.2055504
6,10220003,Bloody Run Creek Site #1 (BR01),11/03/1998 12:00:00,SNY319,NIT-NO3-NO2,Inorganic nitrogen (nitrate and nitrite) (as N),Total,,8,mg/l,True,0.1,,,Unknown,SNY001,Actual,SW,Water,,,Clayton,07060001,River/Stream,,43.0404991,-91.2055504
6,10220003,Bloody Run Creek Site #1 (BR01),10/27/1998 12:00:00,SNY319,NIT-NO3-NO2,Inorganic nitrogen (nitrate and nitrite) (as N),Total,,7,mg/l,True,0.1,,,Unknown,SNY001,Actual,SW,Water,,,Clayton,07060001,River/Stream,,43.0404991,-91.2055504
6,10220003,Bloody Run Creek Site #1 (BR01),10/20/1998 12:25:00,SNY319,NIT-NO3-NO2,Inorganic nitrogen (nitrate and nitrite) (as N),Total,,6.6,mg/l,True,0.1,,,Unknown,SNY001,Actual,SW,Water,,,Clayton,07060001,River/Stream,,43.0404991,-91.2055504
6,10220003,Bloody Run Creek Site #1 (BR01),09/22/1998 12:00:00,SNY319,NIT-NO3-NO2,Inorganic nitrogen (nitrate and nitrite) (as N),Total,,6.7,mg/l,True,0.1,,,Unknown,SNY001,Actual,SW,Water,,,Clayton,07060001,River/Stream,,43.0404991,-91.2055504
6,10220003,Bloody Run Creek Site #1 (BR01),09/15/1998 11:55:00,SNY319,NIT-NO3-NO2,Inorganic nitrogen (nitrate and nitrite) (as N),Total,,6.8,mg/l,True,0.1,,,Unknown,SNY001,Actual,SW,Water,,,Clayton,07060001,River/Stream,,43.0404991,-91.2055504
6,10220003,Bloody Run Creek Site #1 (BR01),08/25/1998 12:35:00,SNY319,NIT-NO3-NO2,Inorganic nitrogen (nitrate and nitrite) (as N),Total,,7.2,mg/l,True,0.1,,,Unknown,SNY001,Actual,SW,Water,,,Clayton,07060001,River/Stream,,43.0404991,-91.2055504
6,10220003,Bloody Run Creek Site #1 (BR01),08/04/1998 11:55:00,SNY319,NIT-NO3-NO2,Inorganic nitrogen (nitrate and nitrite) (as N),Total,,6.2,mg/l,True,0.1,,,Unknown,SNY001,Actual,SW,Water,,,Clayton,07060001,River/Stream,,43.0404991,-91.2055504
6,10220003,Bloody Run Creek Site #1 (BR01),08/18/1998 12:00:00,SNY319,NIT-NO3-NO2,Inorganic nitrogen (nitrate and nitrite) (as N),Total,,5.1,mg/l,True,0.1,,,Unknown,SNY001,Actual,SW,Water,,,Clayton,07060001,River/Stream,,43.0404991,-91.2055504
6,10220003,Bloody Run Creek Site #1 (BR01),07/28/1998 12:45:00,SNY319,NIT-NO3-NO2,Inorganic nitrogen (nitrate and nitrite) (as N),Total,,6.4,mg/l,True,0.1,,,Unknown,SNY001,Actual,SW,Water,,,Clayton,07060001,River/Stream,,43.0404991,-91.2055504
6,10220003,Bloody Run Creek Site #1 (BR01),07/07/1998 12:45:00,SNY319,NIT-NO3-NO2,Inorganic nitrogen (nitrate and nitrite) (as N),Total,,7.4,mg/l,True,0.1,,,Unknown,SNY001,Actual,SW,Water,,,Clayton,07060001,River/Stream,,43.0404991,-91.2055504
6,10220003,Bloody Run Creek Site #1 (BR01),06/30/1998 13:15:00,SNY319,NIT-NO3-NO2,Inorganic nitrogen (nitrate and nitrite) (as N),Total,,9.1,mg/l,True,0.1,,,Unknown,SNY001,Actual,SW,Water,,,Clayton,07060001,River/Stream,,43.0404991,-91.2055504
6,10220003,Bloody Run Creek Site #1 (BR01),06/09/1998 12:20:00,SNY319,NIT-NO3-NO2,Inorganic nitrogen (nitrate and nitrite) (as N),Total,,5.8,mg/l,True,0.1,,,Unknown,SNY001,Actual,SW,Water,,,Clayton,07060001,River/Stream,,43.0404991,-91.2055504
6,10220003,Bloody Run Creek Site #1 (BR01),05/05/1998 13:50:00,SNY319,NIT-NO3-NO2,Inorganic nitrogen (nitrate and nitrite) (as N),Total,,5.2,mg/l,True,0.1,,,Unknown,SNY001,Actual,SW,Water,,,Clayton,07060001,River/Stream,,43.0404991,-91.2055504
6,10220003,Bloody Run Creek Site #1 (BR01),06/02/1998 13:20:00,SNY319,NIT-NO3-NO2,Inorganic nitrogen (nitrate and nitrite) (as N),Total,,5.8,mg/l,True,0.1,,,Unknown,SNY001,Actual,SW,Water,,,Clayton,07060001,River/Stream,,43.0404991,-91.2055504
6,10220003,Bloody Run Creek Site #1 (BR01),05/12/1998 12:10:00,SNY319,NIT-NO3-NO2,Inorganic nitrogen (nitrate and nitrite) (as N),Total,,5,mg/l,True,0.1,,,Unknown,SNY001,Actual,SW,Water,,,Clayton,07060001,River/Stream,,43.0404991,-91.2055504
6,10220003,Bloody Run Creek Site #1 (BR01),03/17/1998 12:45:00,SNY319,NIT-NO3-NO2,Inorganic nitrogen (nitrate and nitrite) (as N),Total,,5.8,mg/l,True,0.1,,,Unknown,SNY001,Actual,SW,Water,,,Clayton,07060001,River/Stream,,43.0404991,-91.2055504
6,10220003,Bloody Run Creek Site #1 (BR01),04/14/1998 12:15:00,SNY319,NIT-NO3-NO2,Inorganic nitrogen (nitrate and nitrite) (as N),Total,,7.5,mg/l,True,0.1,,,Unknown,SNY001,Actual,SW,Water,,,Clayton,07060001,River/Stream,,43.0404991,-91.2055504
6,10220003,Bloody Run Creek Site #1 (BR01),03/24/1998 11:45:00,SNY319,NIT-NO3-NO2,Inorganic nitrogen (nitrate and nitrite) (as N),Total,,5.6,mg/l,True,0.1,,,Unknown,SNY001,Actual,SW,Water,,,Clayton,07060001,River/Stream,,43.0404991,-91.2055504
6,10220003,Bloody Run Creek Site #1 (BR01),02/24/1998 12:05:00,SNY319,NIT-NO3-NO2,Inorganic nitrogen (nitrate and nitrite) (as N),Total,,5.4,mg/l,True,0.1,,,Unknown,SNY001,Actual,SW,Water,,,Clayton,07060001,River/Stream,,43.0404991,-91.2055504
6,10220003,Bloody Run Creek Site #1 (BR01),02/17/1998 09:30:00,SNY319,NIT-NO3-NO2,Inorganic nitrogen (nitrate and nitrite) (as N),Total,,5.3,mg/l,True,0.1,,,Unknown,SNY001,Actual,SW,Water,,,Clayton,07060001,River/Stream,,43.0404991,-91.2055504
6,10220003,Bloody Run Creek Site #1 (BR01),01/27/1998 12:20:00,SNY319,NIT-NO3-NO2,Inorganic nitrogen (nitrate and nitrite) (as N),Total,,5.4,mg/l,True,0.1,,,Unknown,SNY001,Actual,SW,Water,,,Clayton,07060001,River/Stream,,43.0404991,-91.2055504
6,10220003,Bloody Run Creek Site #1 (BR01),01/20/1998 10:00:00,SNY319,NIT-NO3-NO2,Inorganic nitrogen (nitrate and nitrite) (as N),Total,,5.4,mg/l,True,0.1,,,Unknown,SNY001,Actual,SW,Water,,,Clayton,07060001,River/Stream,,43.0404991,-91.2055504
6,10220003,Bloody Run Creek Site #1 (BR01),12/16/1997 12:00:00,SNY319,NIT-NO3-NO2,Inorganic nitrogen (nitrate and nitrite) (as N),Total,,5.5,mg/l,True,0.1,,,Unknown,SNY001,Actual,SW,Water,,,Clayton,07060001,River/Stream,,43.0404991,-91.2055504
6,10220003,Bloody Run Creek Site #1 (BR01),12/09/1997 12:05:00,SNY319,NIT-NO3-NO2,Inorganic nitrogen (nitrate and nitrite) (as N),Total,,5.3,mg/l,True,0.1,,,Unknown,SNY001,Actual,SW,Water,,,Clayton,07060001,River/Stream,,43.0404991,-91.2055504
6,10220003,Bloody Run Creek Site #1 (BR01),11/18/1997 10:00:00,SNY319,NIT-NO3-NO2,Inorganic nitrogen (nitrate and nitrite) (as N),Total,,5.1,mg/l,True,0.1,,,Unknown,SNY001,Actual,SW,Water,,,Clayton,07060001,River/Stream,,43.0404991,-91.2055504
6,10220003,Bloody Run Creek Site #1 (BR01),11/11/1997 11:30:00,SNY319,NIT-NO3-NO2,Inorganic nitrogen (nitrate and nitrite) (as N),Total,,5.1,mg/l,True,0.1,,,Unknown,SNY001,Actual,SW,Water,,,Clayton,07060001,River/Stream,,43.0404991,-91.2055504
6,10220003,Bloody Run Creek Site #1 (BR01),10/21/1997 11:05:00,SNY319,NIT-NO3-NO2,Inorganic nitrogen (nitrate and nitrite) (as N),Total,,4.9,mg/l,True,0.1,,,Unknown,SNY001,Actual,SW,Water,,,Clayton,07060001,River/Stream,,43.0404991,-91.2055504
6,10220003,Bloody Run Creek Site #1 (BR01),10/14/1997 11:50:00,SNY319,NIT-NO3-NO2,Inorganic nitrogen (nitrate and nitrite) (as N),Total,,4.5,mg/l,True,0.1,,,Unknown,SNY001,Actual,SW,Water,,,Clayton,07060001,River/Stream,,43.0404991,-91.2055504
6,10220003,Bloody Run Creek Site #1 (BR01),09/23/1997 11:50:00,SNY319,NIT-NO3-NO2,Inorganic nitrogen (nitrate and nitrite) (as N),Total,,5.1,mg/l,True,0.1,,,Unknown,SNY001,Actual,SW,Water,,,Clayton,07060001,River/Stream,,43.0404991,-91.2055504
6,10220003,Bloody Run Creek Site #1 (BR01),09/16/1997 10:00:00,SNY319,NIT-NO3-NO2,Inorganic nitrogen (nitrate and nitrite) (as N),Total,,4.9,mg/l,True,0.1,,,Unknown,SNY001,Actual,SW,Water,,,Clayton,07060001,River/Stream,,43.0404991,-91.2055504
6,10220003,Bloody Run Creek Site #1 (BR01),08/26/1997 11:55:00,SNY319,NIT-NO3-NO2,Inorganic nitrogen (nitrate and nitrite) (as N),Total,,4.6,mg/l,True,0.1,,,Unknown,SNY001,Actual,SW,Water,,,Clayton,07060001,River/Stream,,43.0404991,-91.2055504
6,10220003,Bloody Run Creek Site #1 (BR01),08/19/1997 10:00:00,SNY319,NIT-NO3-NO2,Inorganic nitrogen (nitrate and nitrite) (as N),Total,,4.8,mg/l,True,0.1,,,Unknown,SNY001,Actual,SW,Water,,,Clayton,07060001,River/Stream,,43.0404991,-91.2055504
6,10220003,Bloody Run Creek Site #1 (BR01),07/28/1997 14:10:00,SNY319,NIT-NO3-NO2,Inorganic nitrogen (nitrate and nitrite) (as N),Total,,5.7,mg/l,True,0.1,,,Unknown,SNY001,Actual,SW,Water,,,Clayton,07060001,River/Stream,,43.0404991,-91.2055504
6,10220003,Bloody Run Creek Site #1 (BR01),07/22/1997 11:40:00,SNY319,NIT-NO3-NO2,Inorganic nitrogen (nitrate and nitrite) (as N),Total,,4.8,mg/l,True,0.1,,,Unknown,SNY001,Actual,SW,Water,,,Clayton,07060001,River/Stream,,43.0404991,-91.2055504
6,10220003,Bloody Run Creek Site #1 (BR01),07/01/1997 11:30:00,SNY319,NIT-NO3-NO2,Inorganic nitrogen (nitrate and nitrite) (as N),Total,,4.1,mg/l,True,0.1,,,Unknown,SNY001,Actual,SW,Water,,,Clayton,07060001,River/Stream,,43.0404991,-91.2055504
6,10220003,Bloody Run Creek Site #1 (BR01),06/24/1997 13:35:00,SNY319,NIT-NO3-NO2,Inorganic nitrogen (nitrate and nitrite) (as N),Total,,3.8,mg/l,True,0.1,,,Unknown,SNY001,Actual,SW,Water,,,Clayton,07060001,River/Stream,,43.0404991,-91.2055504
6,10220003,Bloody Run Creek Site #1 (BR01),06/03/1997 11:45:00,SNY319,NIT-NO3-NO2,Inorganic nitrogen (nitrate and nitrite) (as N),Total,,4.1,mg/l,True,0.1,,,Unknown,SNY001,Actual,SW,Water,,,Clayton,07060001,River/Stream,,43.0404991,-91.2055504
6,10220003,Bloody Run Creek Site #1 (BR01),05/13/1997 11:50:00,SNY319,NIT-NO3-NO2,Inorganic nitrogen (nitrate and nitrite) (as N),Total,,4.3,mg/l,True,0.1,,,Unknown,SNY001,Actual,SW,Water,,,Clayton,07060001,River/Stream,,43.0404991,-91.2055504
6,10220003,Bloody Run Creek Site #1 (BR01),05/26/1997 13:35:00,SNY319,NIT-NO3-NO2,Inorganic nitrogen (nitrate and nitrite) (as N),Total,,4.7,mg/l,True,0.1,,,Unknown,SNY001,Actual,SW,Water,,,Clayton,07060001,River/Stream,,43.0404991,-91.2055504
6,10220003,Bloody Run Creek Site #1 (BR01),05/06/1997 12:20:00,SNY319,NIT-NO3-NO2,Inorganic nitrogen (nitrate and nitrite) (as N),Total,,4.3,mg/l,True,0.1,,,Unknown,SNY001,Actual,SW,Water,,,Clayton,07060001,River/Stream,,43.0404991,-91.2055504
6,10220003,Bloody Run Creek Site #1 (BR01),10/08/1996 13:50:00,SNY319,NIT-NO3-NO2,Inorganic nitrogen (nitrate and nitrite) (as N),Total,,4.8,mg/l,True,0.1,,,Unknown,SNY001,Actual,SW,Water,,,Clayton,07060001,River/Stream,,43.0404991,-91.2055504
6,10220003,Bloody Run Creek Site #1 (BR01),04/15/1997 12:50:00,SNY319,NIT-NO3-NO2,Inorganic nitrogen (nitrate and nitrite) (as N),Total,,4.9,mg/l,True,0.1,,,Unknown,SNY001,Actual,SW,Water,,,Clayton,07060001,River/Stream,,43.0404991,-91.2055504
6,10220003,Bloody Run Creek Site #1 (BR01),04/08/1997 10:45:00,SNY319,NIT-NO3-NO2,Inorganic nitrogen (nitrate and nitrite) (as N),Total,,5.4,mg/l,True,0.1,,,Unknown,SNY001,Actual,SW,Water,,,Clayton,07060001,River/Stream,,43.0404991,-91.2055504
6,10220003,Bloody Run Creek Site #1 (BR01),03/18/1997 12:10:00,SNY319,NIT-NO3-NO2,Inorganic nitrogen (nitrate and nitrite) (as N),Total,,3.5,mg/l,True,0.1,,,Unknown,SNY001,Actual,SW,Water,,,Clayton,07060001,River/Stream,,43.0404991,-91.2055504
6,10220003,Bloody Run Creek Site #1 (BR01),03/11/1997 11:45:00,SNY319,NIT-NO3-NO2,Inorganic nitrogen (nitrate and nitrite) (as N),Total,,4.3,mg/l,True,0.1,,,Unknown,SNY001,Actual,SW,Water,,,Clayton,07060001,River/Stream,,43.0404991,-91.2055504
6,10220003,Bloody Run Creek Site #1 (BR01),02/18/1997 12:30:00,SNY319,NIT-NO3-NO2,Inorganic nitrogen (nitrate and nitrite) (as N),Total,,5.6,mg/l,True,0.1,,,Unknown,SNY001,Actual,SW,Water,,,Clayton,07060001,River/Stream,,43.0404991,-91.2055504
6,10220003,Bloody Run Creek Site #1 (BR01),01/27/1997 14:30:00,SNY319,NIT-NO3-NO2,Inorganic nitrogen (nitrate and nitrite) (as N),Total,,5.8,mg/l,True,0.1,,,Unknown,SNY001,Actual,SW,Water,,,Clayton,07060001,River/Stream,,43.0404991,-91.2055504
6,10220003,Bloody Run Creek Site #1 (BR01),01/21/1997 09:30:00,SNY319,NIT-NO3-NO2,Inorganic nitrogen (nitrate and nitrite) (as N),Total,,5.6,mg/l,True,0.1,,,Unknown,SNY001,Actual,SW,Water,,,Clayton,07060001,River/Stream,,43.0404991,-91.2055504
6,10220003,Bloody Run Creek Site #1 (BR01),12/23/1996 11:30:00,SNY319,NIT-NO3-NO2,Inorganic nitrogen (nitrate and nitrite) (as N),Total,,5.6,mg/l,True,0.1,,,Unknown,SNY001,Actual,SW,Water,,,Clayton,07060001,River/Stream,,43.0404991,-91.2055504
6,10220003,Bloody Run Creek Site #1 (BR01),12/17/1996 10:55:00,SNY319,NIT-NO3-NO2,Inorganic nitrogen (nitrate and nitrite) (as N),Total,,5.7,mg/l,True,0.1,,,Unknown,SNY001,Actual,SW,Water,,,Clayton,07060001,River/Stream,,43.0404991,-91.2055504
6,10220003,Bloody Run Creek Site #1 (BR01),11/26/1996 10:20:00,SNY319,NIT-NO3-NO2,Inorganic nitrogen (nitrate and nitrite) (as N),Total,,5.2,mg/l,True,0.1,,,Unknown,SNY001,Actual,SW,Water,,,Clayton,07060001,River/Stream,,43.0404991,-91.2055504
6,10220003,Bloody Run Creek Site #1 (BR01),11/05/1996 09:30:00,SNY319,NIT-NO3-NO2,Inorganic nitrogen (nitrate and nitrite) (as N),Total,,5.8,mg/l,True,0.1,,,Unknown,SNY001,Actual,SW,Water,,,Clayton,07060001,River/Stream,,43.0404991,-91.2055504
6,10220003,Bloody Run Creek Site #1 (BR01),10/29/1996 13:05:00,SNY319,NIT-NO3-NO2,Inorganic nitrogen (nitrate and nitrite) (as N),Total,,4.8,mg/l,True,0.1,,,Unknown,SNY001,Actual,SW,Water,,,Clayton,07060001,River/Stream,,43.0404991,-91.2055504
6,10220003,Bloody Run Creek Site #1 (BR01),08/29/1995 13:30:00,SNY319,NIT-NO3-NO2,Inorganic nitrogen (nitrate and nitrite) (as N),Total,,6.1,mg/l,True,0.1,,,Unknown,SNY001,Actual,SW,Water,,,Clayton,07060001,River/Stream,,43.0404991,-91.2055504
6,10220003,Bloody Run Creek Site #1 (BR01),08/08/1995 13:50:00,SNY319,NIT-NO3-NO2,Inorganic nitrogen (nitrate and nitrite) (as N),Total,,5.3,mg/l,True,0.1,,,Unknown,SNY001,Actual,SW,Water,,,Clayton,07060001,River/Stream,,43.0404991,-91.2055504
6,10220003,Bloody Run Creek Site #1 (BR01),10/01/1996 12:45:00,SNY319,NIT-NO3-NO2,Inorganic nitrogen (nitrate and nitrite) (as N),Total,,5.1,mg/l,True,0.1,,,Unknown,SNY001,Actual,SW,Water,,,Clayton,07060001,River/Stream,,43.0404991,-91.2055504
6,10220003,Bloody Run Creek Site #1 (BR01),09/19/1995 10:00:00,SNY319,NIT-NO3-NO2,Inorganic nitrogen (nitrate and nitrite) (as N),Total,,5,mg/l,True,0.1,,,Unknown,SNY001,Actual,SW,Water,,,Clayton,07060001,River/Stream,,43.0404991,-91.2055504
6,11220008,Volga River at Littleport (32),05/01/2003 14:00:00,EVENT,NIT-NO3-NO2,Inorganic nitrogen (nitrate and nitrite) (as N),Total,,2.7,mg/l,True,0.1,,,353.2,UHL001,Actual,SW,Water,,,Clayton,07060004,River/Stream,,42.7536427,-91.3691492
6,10220001,Turkey River near Garber,08/06/2020 12:30:00,AMBIENT,NIT-NO3-NO2,Inorganic nitrogen (nitrate and nitrite) (AS N),Total,,5.4,mg/l,True,0.1,,,LAC10-107-04-1J,UHL001,Actual,SW,Water,,,Clayton,07060004,River/Stream,,42.739547,-91.2619757
6,10220002,Volga River near Elkport,07/08/2020 12:40:00,AMBIENT,NIT-NO3-NO2,Inorganic nitrogen (nitrate and nitrite) (AS N),Total,,6,mg/l,True,0.1,,,LAC10-107-04-1J,UHL001,Actual,SW,Water,,,Clayton,07060004,River/Stream,,42.7497293,-91.2767798
6,10220001,Turkey River near Garber,07/08/2020 12:20:00,AMBIENT,NIT-NO3-NO2,Inorganic nitrogen (nitrate and nitrite) (AS N),Total,,7.2,mg/l,True,0.1,,,LAC10-107-04-1J,UHL001,Actual,SW,Water,,,Clayton,07060004,River/Stream,,42.739547,-91.2619757
6,10220001,Turkey River near Garber,06/04/2020 12:20:00,AMBIENT,NIT-NO3-NO2,Inorganic nitrogen (nitrate and nitrite) (AS N),Total,,8.5,mg/l,True,0.1,,,LAC10-107-04-1J,UHL001,Actual,SW,Water,,,Clayton,07060004,River/Stream,,42.739547,-91.2619757
6,10220002,Volga River near Elkport,06/04/2020 12:35:00,AMBIENT,NIT-NO3-NO2,Inorganic nitrogen (nitrate and nitrite) (AS N),Total,,6.9,mg/l,True,0.1,,,LAC10-107-04-1J,UHL001,Actual,SW,Water,,,Clayton,07060004,River/Stream,,42.7497293,-91.2767798
6,10220002,Volga River near Elkport,05/07/2020 12:30:00,AMBIENT,NIT-NO3-NO2,Inorganic nitrogen (nitrate and nitrite) (AS N),Total,,3.3,mg/l,True,0.1,,,LAC10-107-04-1J,UHL001,Actual,SW,Water,,,Clayton,07060004,River/Stream,,42.7497293,-91.2767798
6,10220001,Turkey River near Garber,05/07/2020 12:15:00,AMBIENT,NIT-NO3-NO2,Inorganic nitrogen (nitrate and nitrite) (AS N),Total,,4.6,mg/l,True,0.1,,,LAC10-107-04-1J,UHL001,Actual,SW,Water,,,Clayton,07060004,River/Stream,,42.739547,-91.2619757
6,10220003,Bloody Run Creek Site #1 (BR01),06/27/1995 13:10:00,SNY319,NIT-NO3-NO2,Inorganic nitrogen (nitrate and nitrite) (as N),Total,,5,mg/l,True,0.1,,,Unknown,SNY001,Actual,SW,Water,,,Clayton,07060001,River/Stream,,43.0404991,-91.2055504
6,10220003,Bloody Run Creek Site #1 (BR01),07/11/1995 15:40:00,SNY319,NIT-NO3-NO2,Inorganic nitrogen (nitrate and nitrite) (as N),Total,,5.1,mg/l,True,0.1,,,Unknown,SNY001,Actual,SW,Water,,,Clayton,07060001,River/Stream,,43.0404991,-91.2055504
6,10220002,Volga River near Elkport,08/06/2020 12:50:00,AMBIENT,NIT-NO3-NO2,Inorganic nitrogen (nitrate and nitrite) (AS N),Total,,3.5,mg/l,True,0.1,,,LAC10-107-04-1J,UHL001,Actual,SW,Water,,,Clayton,07060004,River/Stream,,42.7497293,-91.2767798
6,10220003,Bloody Run Creek Site #1 (BR01),06/20/1995 09:30:00,SNY319,NIT-NO3-NO2,Inorganic nitrogen (nitrate and nitrite) (as N),Total,,5.1,mg/l,True,0.1,,,Unknown,SNY001,Actual,SW,Water,,,Clayton,07060001,River/Stream,,43.0404991,-91.2055504
6,10220003,Bloody Run Creek Site #1 (BR01),08/22/1995 13:30:00,SNY319,NIT-NO3-NO2,Inorganic nitrogen (nitrate and nitrite) (as N),Total,,5.3,mg/l,True,0.1,,,Unknown,SNY001,Actual,SW,Water,,,Clayton,07060001,River/Stream,,43.0404991,-91.2055504
6,10220003,Bloody Run Creek Site #1 (BR01),07/18/1995 14:15:00,SNY319,NIT-NO3-NO2,Inorganic nitrogen (nitrate and nitrite) (as N),Total,,4.8,mg/l,True,0.1,,,Unknown,SNY001,Actual,SW,Water,,,Clayton,07060001,River/Stream,,43.0404991,-91.2055504
6,10220003,Bloody Run Creek Site #1 (BR01),08/01/1995 09:30:00,SNY319,NIT-NO3-NO2,Inorganic nitrogen (nitrate and nitrite) (as N),Total,,5.7,mg/l,True,0.1,,,Unknown,SNY001,Actual,SW,Water,,,Clayton,07060001,River/Stream,,43.0404991,-91.2055504
6,10220002,Volga River near Elkport,04/07/2020 11:00:00,AMBIENT,NIT-NO3-NO2,Inorganic nitrogen (nitrate and nitrite) (AS N),Total,,4.9,mg/l,True,0.1,,,LAC10-107-04-1J,UHL001,Actual,SW,Water,,,Clayton,07060004,River/Stream,,42.7497293,-91.2767798
6,10220001,Turkey River near Garber,04/07/2020 10:40:00,AMBIENT,NIT-NO3-NO2,Inorganic nitrogen (nitrate and nitrite) (AS N),Total,,6.7,mg/l,True,0.1,,,LAC10-107-04-1J,UHL001,Actual,SW,Water,,,Clayton,07060004,River/Stream,,42.739547,-91.2619757
6,10220001,Turkey River near Garber,03/03/2020 12:30:00,AMBIENT,NIT-NO3-NO2,Inorganic nitrogen (nitrate and nitrite) (AS N),Total,,5.9,mg/l,True,0.1,,,LAC10-107-04-1J,UHL001,Actual,SW,Water,,,Clayton,07060004,River/Stream,,42.739547,-91.2619757
6,10220002,Volga River near Elkport,03/03/2020 12:45:00,AMBIENT,NIT-NO3-NO2,Inorganic nitrogen (nitrate and nitrite) (AS N),Total,,3.8,mg/l,True,0.1,,,LAC10-107-04-1J,UHL001,Actual,SW,Water,,,Clayton,07060004,River/Stream,,42.7497293,-91.2767798
6,10220002,Volga River near Elkport,02/04/2020 11:10:00,AMBIENT,NIT-NO3-NO2,Inorganic nitrogen (nitrate and nitrite) (AS N),Total,,4.1,mg/l,True,0.1,,,LAC10-107-04-1J,UHL001,Actual,SW,Water,,,Clayton,07060004,River/Stream,,42.7497293,-91.2767798
6,10220001,Turkey River near Garber,02/04/2020 10:45:00,AMBIENT,NIT-NO3-NO2,Inorganic nitrogen (nitrate and nitrite) (AS N),Total,,6.2,mg/l,True,0.1,,,LAC10-107-04-1J,UHL001,Actual,SW,Water,,,Clayton,07060004,River/Stream,,42.739547,-91.2619757
6,10220002,Volga River near Elkport,01/07/2020 12:40:00,AMBIENT,NIT-NO3-NO2,Inorganic nitrogen (nitrate and nitrite) (AS N),Total,,5.1,mg/l,True,0.1,,,LAC10-107-04-1J,UHL001,Actual,SW,Water,,,Clayton,07060004,River/Stream,,42.7497293,-91.2767798
6,10220001,Turkey River near Garber,01/07/2020 12:25:00,AMBIENT,NIT-NO3-NO2,Inorganic nitrogen (nitrate and nitrite) (AS N),Total,,7,mg/l,True,0.1,,,LAC10-107-04-1J,UHL001,Actual,SW,Water,,,Clayton,07060004,River/Stream,,42.739547,-91.2619757
6,10220002,Volga River near Elkport,11/05/2019 12:40:00,AMBIENT,NIT-NO3-NO2,Inorganic nitrogen (nitrate and nitrite) (AS N),Total,,4.8,mg/l,True,0.1,,,LAC10-107-04-1J,UHL001,Actual,SW,Water,,,Clayton,07060004,River/Stream,,42.7497293,-91.2767798
6,10220001,Turkey River near Garber,11/05/2019 12:15:00,AMBIENT,NIT-NO3-NO2,Inorganic nitrogen (nitrate and nitrite) (AS N),Total,,6.9,mg/l,True,0.1,,,LAC10-107-04-1J,UHL001,Actual,SW,Water,,,Clayton,07060004,River/Stream,,42.739547,-91.2619757
6,10220002,Volga River near Elkport,12/05/2019 11:45:00,AMBIENT,NIT-NO3-NO2,Inorganic nitrogen (nitrate and nitrite) (AS N),Total,,5.3,mg/l,True,0.1,,,LAC10-107-04-1J,UHL001,Actual,SW,Water,,,Clayton,07060004,River/Stream,,42.7497293,-91.2767798
6,10220001,Turkey River near Garber,12/05/2019 11:25:00,AMBIENT,NIT-NO3-NO2,Inorganic nitrogen (nitrate and nitrite) (AS N),Total,,7.1,mg/l,True,0.1,,,LAC10-107-04-1J,UHL001,Actual,SW,Water,,,Clayton,07060004,River/Stream,,42.739547,-91.2619757
6,10220002,Volga River near Elkport,10/02/2019 09:00:00,AMBIENT,NIT-NO3-NO2,Inorganic nitrogen (nitrate and nitrite) (AS N),Total,,1.7,mg/l,True,0.1,,,LAC10-107-04-1J,UHL001,Actual,SW,Water,,,Clayton,07060004,River/Stream,,42.7497293,-91.2767798
6,10220001,Turkey River near Garber,10/02/2019 09:20:00,AMBIENT,NIT-NO3-NO2,Inorganic nitrogen (nitrate and nitrite) (AS N),Total,,2.3,mg/l,True,0.1,,,LAC10-107-04-1J,UHL001,Actual,SW,Water,,,Clayton,07060004,River/Stream,,42.739547,-91.2619757
6,10220002,Volga River near Elkport,09/05/2019 10:15:00,AMBIENT,NIT-NO3-NO2,Inorganic nitrogen (nitrate and nitrite) (AS N),Total,,3,mg/l,True,0.1,,,LAC10-107-04-1J,UHL001,Actual,SW,Water,,,Clayton,07060004,River/Stream,,42.7497293,-91.2767798
6,10220001,Turkey River near Garber,09/05/2019 10:00:00,AMBIENT,NIT-NO3-NO2,Inorganic nitrogen (nitrate and nitrite) (AS N),Total,,5.1,mg/l,True,0.1,,,LAC10-107-04-1J,UHL001,Actual,SW,Water,,,Clayton,07060004,River/Stream,,42.739547,-91.2619757
6,10220001,Turkey River near Garber,08/08/2019 09:20:00,AMBIENT,NIT-NO3-NO2,Inorganic nitrogen (nitrate and nitrite) (AS N),Total,,4.8,mg/l,True,0.1,,,LAC10-107-04-1J,UHL001,Actual,SW,Water,,,Clayton,07060004,River/Stream,,42.739547,-91.2619757
6,10220002,Volga River near Elkport,08/08/2019 09:10:00,AMBIENT,NIT-NO3-NO2,Inorganic nitrogen (nitrate and nitrite) (AS N),Total,,2.9,mg/l,True,0.1,,,LAC10-107-04-1J,UHL001,Actual,SW,Water,,,Clayton,07060004,River/Stream,,42.7497293,-91.2767798
6,10220001,Turkey River near Garber,07/02/2019 09:30:00,AMBIENT,NIT-NO3-NO2,Inorganic nitrogen (nitrate and nitrite) (AS N),Total,,8.7,mg/l,True,0.1,,,LAC10-107-04-1J,UHL001,Actual,SW,Water,,,Clayton,07060004,River/Stream,,42.739547,-91.2619757
6,10220002,Volga River near Elkport,07/02/2019 09:00:00,AMBIENT,NIT-NO3-NO2,Inorganic nitrogen (nitrate and nitrite) (AS N),Total,,7.4,mg/l,True,0.1,,,LAC10-107-04-1J,UHL001,Actual,SW,Water,,,Clayton,07060004,River/Stream,,42.7497293,-91.2767798
6,10220001,Turkey River near Garber,05/20/2019 12:00:00,PCALIB,NIT-NO3-NO2,Inorganic nitrogen (nitrate and nitrite) (AS N),Total,,5.6,mg/l,True,0.1,,,LAC10-107-04-1J,UHL001,Actual,SW,Water,,,Clayton,07060004,River/Stream,,42.739547,-91.2619757
6,10220001,Turkey River near Garber,09/05/2018 12:00:00,PCALIB,NIT-NO3-NO2,Inorganic nitrogen (nitrate and nitrite) (AS N),Total,,3.6,mg/l,True,0.1,,,LAC10-107-04-1J,UHL001,Actual,SW,Water,,,Clayton,07060004,River/Stream,,42.739547,-91.2619757
6,10220001,Turkey River near Garber,10/09/2018 14:10:00,PCALIB,NIT-NO3-NO2,Inorganic nitrogen (nitrate and nitrite) (AS N),Total,,4.2,mg/l,True,0.1,,,LAC10-107-04-1J,UHL001,Actual,SW,Water,,,Clayton,07060004,River/Stream,,42.739547,-91.2619757
6,10220002,Volga River near Elkport,06/05/2019 07:40:00,AMBIENT,NIT-NO3-NO2,Inorganic nitrogen (nitrate and nitrite) (AS N),Total,,5.3,mg/l,True,0.1,,,LAC10-107-04-1J,UHL001,Actual,SW,Water,,,Clayton,07060004,River/Stream,,42.7497293,-91.2767798
6,10220001,Turkey River near Garber,06/05/2019 08:00:00,AMBIENT,NIT-NO3-NO2,Inorganic nitrogen (nitrate and nitrite) (AS N),Total,,7.1,mg/l,True,0.1,,,LAC10-107-04-1J,UHL001,Actual,SW,Water,,,Clayton,07060004,River/Stream,,42.739547,-91.2619757
6,10220002,Volga River near Elkport,05/07/2019 08:05:00,AMBIENT,NIT-NO3-NO2,Inorganic nitrogen (nitrate and nitrite) (AS N),Total,,4.1,mg/l,True,0.1,,,LAC10-107-04-1J,UHL001,Actual,SW,Water,,,Clayton,07060004,River/Stream,,42.7497293,-91.2767798
6,10220001,Turkey River near Garber,05/07/2019 08:30:00,AMBIENT,NIT-NO3-NO2,Inorganic nitrogen (nitrate and nitrite) (AS N),Total,,5.5,mg/l,True,0.1,,,LAC10-107-04-1J,UHL001,Actual,SW,Water,,,Clayton,07060004,River/Stream,,42.739547,-91.2619757
6,10220001,Turkey River near Garber,04/04/2019 08:35:00,AMBIENT,NIT-NO3-NO2,Inorganic nitrogen (nitrate and nitrite) (AS N),Total,,5.4,mg/l,True,0.1,,,LAC10-107-04-1J,UHL001,Actual,SW,Water,,,Clayton,07060004,River/Stream,,42.739547,-91.2619757
6,10220002,Volga River near Elkport,04/04/2019 08:10:00,AMBIENT,NIT-NO3-NO2,Inorganic nitrogen (nitrate and nitrite) (AS N),Total,,3.6,mg/l,True,0.1,,,LAC10-107-04-1J,UHL001,Actual,SW,Water,,,Clayton,07060004,River/Stream,,42.7497293,-91.2767798
6,10220002,Volga River near Elkport,03/07/2019 08:00:00,AMBIENT,NIT-NO3-NO2,Inorganic nitrogen (nitrate and nitrite) (AS N),Total,,4.8,mg/l,True,0.1,,,LAC10-107-04-1J,UHL001,Actual,SW,Water,,,Clayton,07060004,River/Stream,,42.7497293,-91.2767798
6,10220001,Turkey River near Garber,03/07/2019 08:30:00,AMBIENT,NIT-NO3-NO2,Inorganic nitrogen (nitrate and nitrite) (AS N),Total,,7.2,mg/l,True,0.1,,,LAC10-107-04-1J,UHL001,Actual,SW,Water,,,Clayton,07060004,River/Stream,,42.739547,-91.2619757
6,10220002,Volga River near Elkport,02/07/2019 10:30:00,AMBIENT,NIT-NO3-NO2,Inorganic nitrogen (nitrate and nitrite) (AS N),Total,,3.7,mg/l,True,0.1,,,LAC10-107-04-1J,UHL001,Actual,SW,Water,,,Clayton,07060004,River/Stream,,42.7497293,-91.2767798
6,10220001,Turkey River near Garber,02/07/2019 10:05:00,AMBIENT,NIT-NO3-NO2,Inorganic nitrogen (nitrate and nitrite) (AS N),Total,,3.8,mg/l,True,0.1,,,LAC10-107-04-1J,UHL001,Actual,SW,Water,,,Clayton,07060004,River/Stream,,42.739547,-91.2619757
6,10220001,Turkey River near Garber,12/05/2018 10:50:00,AMBIENT,NIT-NO3-NO2,Inorganic nitrogen (nitrate and nitrite) (AS N),Total,,7.6,mg/l,True,0.1,,,LAC10-107-04-1J,UHL001,Actual,SW,Water,,,Clayton,07060004,River/Stream,,42.739547,-91.2619757
6,10220001,Turkey River near Garber,01/07/2019 12:30:00,AMBIENT,NIT-NO3-NO2,Inorganic nitrogen (nitrate and nitrite) (AS N),Total,,5.9,mg/l,True,0.1,,,LAC10-107-04-1J,UHL001,Actual,SW,Water,,,Clayton,07060004,River/Stream,,42.739547,-91.2619757
6,10220002,Volga River near Elkport,01/07/2019 12:45:00,AMBIENT,NIT-NO3-NO2,Inorganic nitrogen (nitrate and nitrite) (AS N),Total,,3.2,mg/l,True,0.1,,,LAC10-107-04-1J,UHL001,Actual,SW,Water,,,Clayton,07060004,River/Stream,,42.7497293,-91.2767798
6,10220002,Volga River near Elkport,11/07/2018 09:00:00,AMBIENT,NIT-NO3-NO2,Inorganic nitrogen (nitrate and nitrite) (AS N),Total,,6,mg/l,True,0.1,,,LAC10-107-04-1J,UHL001,Actual,SW,Water,,,Clayton,07060004,River/Stream,,42.7497293,-91.2767798
6,10220002,Volga River near Elkport,12/05/2018 11:15:00,AMBIENT,NIT-NO3-NO2,Inorganic nitrogen (nitrate and nitrite) (AS N),Total,,5.2,mg/l,True,0.1,,,LAC10-107-04-1J,UHL001,Actual,SW,Water,,,Clayton,07060004,River/Stream,,42.7497293,-91.2767798
6,10220001,Turkey River near Garber,10/02/2018 09:40:00,AMBIENT,NIT-NO3-NO2,Inorganic nitrogen (nitrate and nitrite) (AS N),Total,,3.4,mg/l,True,0.1,,,LAC10-107-04-1J,UHL001,Actual,SW,Water,,,Clayton,07060004,River/Stream,,42.739547,-91.2619757
6,10220001,Turkey River near Garber,11/07/2018 09:15:00,AMBIENT,NIT-NO3-NO2,Inorganic nitrogen (nitrate and nitrite) (AS N),Total,,7,mg/l,True,0.1,,,LAC10-107-04-1J,UHL001,Actual,SW,Water,,,Clayton,07060004,River/Stream,,42.739547,-91.2619757
6,10220001,Turkey River near Garber,09/06/2018 09:20:00,AMBIENT,NIT-NO3-NO2,Inorganic nitrogen (nitrate and nitrite) (AS N),Total,,4.2,mg/l,True,0.1,,,LAC10-107-04-1J,UHL001,Actual,SW,Water,,,Clayton,07060004,River/Stream,,42.739547,-91.2619757
6,10220002,Volga River near Elkport,10/02/2018 09:10:00,AMBIENT,NIT-NO3-NO2,Inorganic nitrogen (nitrate and nitrite) (AS N),Total,,2.5,mg/l,True,0.1,,,LAC10-107-04-1J,UHL001,Actual,SW,Water,,,Clayton,07060004,River/Stream,,42.7497293,-91.2767798
6,10220001,Turkey River near Garber,08/06/2018 14:50:00,PCALIB,NIT-NO3-NO2,Inorganic nitrogen (nitrate and nitrite) (AS N),Total,,2.9,mg/l,True,0.1,,,LAC10-107-04-1J,UHL001,Actual,SW,Water,,,Clayton,07060004,River/Stream,,42.739547,-91.2619757
6,10220002,Volga River near Elkport,09/06/2018 09:00:00,AMBIENT,NIT-NO3-NO2,Inorganic nitrogen (nitrate and nitrite) (AS N),Total,,4.2,mg/l,True,0.1,,,LAC10-107-04-1J,UHL001,Actual,SW,Water,,,Clayton,07060004,River/Stream,,42.7497293,-91.2767798
6,10220001,Turkey River near Garber,06/11/2018 12:30:00,PCALIB,NIT-NO3-NO2,Inorganic nitrogen (nitrate and nitrite) (AS N),Total,,8.9,mg/l,True,0.1,,,LAC10-107-04-1J,UHL001,Actual,SW,Water,,,Clayton,07060004,River/Stream,,42.739547,-91.2619757
6,10220001,Turkey River near Garber,06/21/2018 14:10:00,PCALIB,NIT-NO3-NO2,Inorganic nitrogen (nitrate and nitrite) (AS N),Total,,7.8,mg/l,True,0.1,,,LAC10-107-04-1J,UHL001,Actual,SW,Water,,,Clayton,07060004,River/Stream,,42.739547,-91.2619757
6,10220002,Volga River near Elkport,08/07/2018 09:00:00,AMBIENT,NIT-NO3-NO2,Inorganic nitrogen (nitrate and nitrite) (AS N),Total,,2.8,mg/l,True,0.1,,,LAC10-107-04-1J,UHL001,Actual,SW,Water,,,Clayton,07060004,River/Stream,,42.7497293,-91.2767798
6,10220001,Turkey River near Garber,08/07/2018 09:20:00,AMBIENT,NIT-NO3-NO2,Inorganic nitrogen (nitrate and nitrite) (AS N),Total,,3.8,mg/l,True,0.1,,,LAC10-107-04-1J,UHL001,Actual,SW,Water,,,Clayton,07060004,River/Stream,,42.739547,-91.2619757
6,10220002,Volga River near Elkport,07/09/2018 09:00:00,AMBIENT,NIT-NO3-NO2,Inorganic nitrogen (nitrate and nitrite) (AS N),Total,,8,mg/l,True,0.1,,,LAC10-107-04-1J,UHL001,Actual,SW,Water,,,Clayton,07060004,River/Stream,,42.7497293,-91.2767798
6,10220001,Turkey River near Garber,07/09/2018 09:25:00,AMBIENT,NIT-NO3-NO2,Inorganic nitrogen (nitrate and nitrite) (AS N),Total,,9.4,mg/l,True,0.1,,,LAC10-107-04-1J,UHL001,Actual,SW,Water,,,Clayton,07060004,River/Stream,,42.739547,-91.2619757
6,10220001,Turkey River near Garber,06/07/2018 11:05:00,AMBIENT,NIT-NO3-NO2,Inorganic nitrogen (nitrate and nitrite) (AS N),Total,,7.6,mg/l,True,0.1,,,LAC10-107-04-1J,UHL001,Actual,SW,Water,,,Clayton,07060004,River/Stream,,42.739547,-91.2619757
6,10220002,Volga River near Elkport,06/07/2018 11:20:00,AMBIENT,NIT-NO3-NO2,Inorganic nitrogen (nitrate and nitrite) (AS N),Total,,6.8,mg/l,True,0.1,,,LAC10-107-04-1J,UHL001,Actual,SW,Water,,,Clayton,07060004,River/Stream,,42.7497293,-91.2767798
6,10220001,Turkey River near Garber,05/08/2018 08:30:00,AMBIENT,NIT-NO3-NO2,Inorganic nitrogen (nitrate and nitrite) (AS N),Total,,8.1,mg/l,True,0.1,,,LAC10-107-04-1J,UHL001,Actual,SW,Water,,,Clayton,07060004,River/Stream,,42.739547,-91.2619757
6,10220002,Volga River near Elkport,05/08/2018 08:10:00,AMBIENT,NIT-NO3-NO2,Inorganic nitrogen (nitrate and nitrite) (AS N),Total,,7.8,mg/l,True,0.1,,,LAC10-107-04-1J,UHL001,Actual,SW,Water,,,Clayton,07060004,River/Stream,,42.7497293,-91.2767798
6,10220001,Turkey River near Garber,05/03/2018 12:50:00,PCALIB,NIT-NO3-NO2,Inorganic nitrogen (nitrate and nitrite) (AS N),Total,,6.4,mg/l,True,0.1,,,LAC10-107-04-1J,UHL001,Actual,SW,Water,,Event Sample.,Clayton,07060004,River/Stream,,42.739547,-91.2619757
6,10220001,Turkey River near Garber,05/07/2018 12:10:00,PCALIB,NIT-NO3-NO2,Inorganic nitrogen (nitrate and nitrite) (AS N),Total,,7.6,mg/l,True,0.1,,,LAC10-107-04-1J,UHL001,Actual,SW,Water,,Event Sample.,Clayton,07060004,River/Stream,,42.739547,-91.2619757
6,10220001,Turkey River near Garber,04/10/2018 10:15:00,AMBIENT,NIT-NO3-NO2,Inorganic nitrogen (nitrate and nitrite) (AS N),Total,,5.7,mg/l,True,0.1,,,LAC10-107-04-1J,UHL001,Actual,SW,Water,,,Clayton,07060004,River/Stream,,42.739547,-91.2619757
6,10220001,Turkey River near Garber,04/16/2018 11:00:00,PCALIB,NIT-NO3-NO2,Inorganic nitrogen (nitrate and nitrite) (AS N),Total,,6.9,mg/l,True,0.1,,,LAC10-107-04-1J,UHL001,Actual,SW,Water,,Event Sample.,Clayton,07060004,River/Stream,,42.739547,-91.2619757
6,10220002,Volga River near Elkport,03/08/2018 10:15:00,AMBIENT,NIT-NO3-NO2,Inorganic nitrogen (nitrate and nitrite) (AS N),Total,,3.8,mg/l,True,0.1,,,LAC10-107-04-1J,UHL001,Actual,SW,Water,,,Clayton,07060004,River/Stream,,42.7497293,-91.2767798
6,10220002,Volga River near Elkport,04/10/2018 10:30:00,AMBIENT,NIT-NO3-NO2,Inorganic nitrogen (nitrate and nitrite) (AS N),Total,,5.5,mg/l,True,0.1,,,LAC10-107-04-1J,UHL001,Actual,SW,Water,,,Clayton,07060004,River/Stream,,42.7497293,-91.2767798
6,10220002,Volga River near Elkport,02/05/2018 10:30:00,AMBIENT,NIT-NO3-NO2,Inorganic nitrogen (nitrate and nitrite) (AS N),Total,,4.8,mg/l,True,0.1,,,LAC10-107-04-1J,UHL001,Actual,SW,Water,,,Clayton,07060004,River/Stream,,42.7497293,-91.2767798
6,10220001,Turkey River near Garber,03/08/2018 10:45:00,AMBIENT,NIT-NO3-NO2,Inorganic nitrogen (nitrate and nitrite) (AS N),Total,,3.8,mg/l,True,0.1,,,LAC10-107-04-1J,UHL001,Actual,SW,Water,,,Clayton,07060004,River/Stream,,42.739547,-91.2619757
6,10220001,Turkey River near Garber,01/03/2018 10:00:00,AMBIENT,NIT-NO3-NO2,Inorganic nitrogen (nitrate and nitrite) (AS N),Total,,7.4,mg/l,True,0.2,,,LAC10-107-04-1J,UHL001,Actual,SW,Water,,,Clayton,07060004,River/Stream,,42.739547,-91.2619757
6,10220001,Turkey River near Garber,02/05/2018 10:10:00,AMBIENT,NIT-NO3-NO2,Inorganic nitrogen (nitrate and nitrite) (AS N),Total,,6.1,mg/l,True,0.1,,,LAC10-107-04-1J,UHL001,Actual,SW,Water,,,Clayton,07060004,River/Stream,,42.739547,-91.2619757
6,10220001,Turkey River near Garber,11/06/2017 09:40:00,AMBIENT,NIT-NO3-NO2,Inorganic nitrogen (nitrate and nitrite) (AS N),Total,,6.8,mg/l,True,0.1,,,LAC10-107-04-1J,UHL001,Actual,SW,Water,,,Clayton,07060004,River/Stream,,42.739547,-91.2619757
6,10220002,Volga River near Elkport,01/03/2018 09:20:00,AMBIENT,NIT-NO3-NO2,Inorganic nitrogen (nitrate and nitrite) (AS N),Total,,4.7,mg/l,True,0.1,,,LAC10-107-04-1J,UHL001,Actual,SW,Water,,,Clayton,07060004,River/Stream,,42.7497293,-91.2767798
6,10220001,Turkey River near Garber,12/04/2017 09:30:00,AMBIENT,NIT-NO3-NO2,Inorganic nitrogen (nitrate and nitrite) (AS N),Total,,6.5,mg/l,True,0.1,,,LAC10-107-04-1J,UHL001,Actual,SW,Water,,,Clayton,07060004,River/Stream,,42.739547,-91.2619757
6,10220002,Volga River near Elkport,11/06/2017 09:00:00,AMBIENT,NIT-NO3-NO2,Inorganic nitrogen (nitrate and nitrite) (AS N),Total,,5.2,mg/l,True,0.1,,,LAC10-107-04-1J,UHL001,Actual,SW,Water,,,Clayton,07060004,River/Stream,,42.7497293,-91.2767798
6,10220001,Turkey River near Garber,09/07/2017 09:30:00,AMBIENT,NIT-NO3-NO2,Inorganic nitrogen (nitrate and nitrite) (AS N),Total,,5.5,mg/l,True,0.1,,,LAC10-107-04-1J,UHL001,Actual,SW,Water,,,Clayton,07060004,River/Stream,,42.739547,-91.2619757
6,10220002,Volga River near Elkport,12/04/2017 09:00:00,AMBIENT,NIT-NO3-NO2,Inorganic nitrogen (nitrate and nitrite) (AS N),Total,,4.6,mg/l,True,0.1,,,LAC10-107-04-1J,UHL001,Actual,SW,Water,,,Clayton,07060004,River/Stream,,42.7497293,-91.2767798
6,10220001,Turkey River near Garber,10/04/2017 09:30:00,AMBIENT,NIT-NO3-NO2,Inorganic nitrogen (nitrate and nitrite) (AS N),Total,,4.6,mg/l,True,0.1,,,LAC10-107-04-1J,UHL001,Actual,SW,Water,,,Clayton,07060004,River/Stream,,42.739547,-91.2619757
6,10220002,Volga River near Elkport,09/07/2017 09:00:00,AMBIENT,NIT-NO3-NO2,Inorganic nitrogen (nitrate and nitrite) (AS N),Total,,3.9,mg/l,True,0.1,,,LAC10-107-04-1J,UHL001,Actual,SW,Water,,,Clayton,07060004,River/Stream,,42.7497293,-91.2767798
6,10220002,Volga River near Elkport,08/02/2017 08:05:00,AMBIENT,NIT-NO3-NO2,Inorganic nitrogen (nitrate and nitrite) (AS N),Total,,5.5,mg/l,True,0.1,,,LAC10-107-04-1J,UHL001,Actual,SW,Water,,,Clayton,07060004,River/Stream,,42.7497293,-91.2767798
6,10220002,Volga River near Elkport,10/04/2017 09:00:00,AMBIENT,NIT-NO3-NO2,Inorganic nitrogen (nitrate and nitrite) (AS N),Total,,3,mg/l,True,0.1,,,LAC10-107-04-1J,UHL001,Actual,SW,Water,,,Clayton,07060004,River/Stream,,42.7497293,-91.2767798
6,10220002,Volga River near Elkport,07/06/2017 08:15:00,AMBIENT,NIT-NO3-NO2,Inorganic nitrogen (nitrate and nitrite) (AS N),Total,,8.1,mg/l,True,0.1,,,LAC10-107-04-1J,UHL001,Actual,SW,Water,,,Clayton,07060004,River/Stream,,42.7497293,-91.2767798
6,10220001,Turkey River near Garber,08/02/2017 08:20:00,AMBIENT,NIT-NO3-NO2,Inorganic nitrogen (nitrate and nitrite) (AS N),Total,,7.1,mg/l,True,0.1,,,LAC10-107-04-1J,UHL001,Actual,SW,Water,,,Clayton,07060004,River/Stream,,42.739547,-91.2619757
6,10220002,Volga River near Elkport,06/07/2017 09:30:00,AMBIENT,NIT-NO3-NO2,Inorganic nitrogen (nitrate and nitrite) (AS N),Total,,5.8,mg/l,True,0.1,,,LAC10-107-04-1J,UHL001,Actual,SW,Water,,,Clayton,07060004,River/Stream,,42.7497293,-91.2767798
6,10220001,Turkey River near Garber,07/06/2017 08:50:00,AMBIENT,NIT-NO3-NO2,Inorganic nitrogen (nitrate and nitrite) (AS N),Total,,9.4,mg/l,True,0.1,,,LAC10-107-04-1J,UHL001,Actual,SW,Water,,,Clayton,07060004,River/Stream,,42.739547,-91.2619757
6,10220001,Turkey River near Garber,05/01/2017 09:35:00,AMBIENT,NIT-NO3-NO2,Inorganic nitrogen (nitrate and nitrite) (AS N),Total,,7.6,mg/l,True,0.1,,,LAC10-107-04-1J,UHL001,Actual,SW,Water,,,Clayton,07060004,River/Stream,,42.739547,-91.2619757
6,10220001,Turkey River near Garber,06/07/2017 09:15:00,AMBIENT,NIT-NO3-NO2,Inorganic nitrogen (nitrate and nitrite) (AS N),Total,,8.1,mg/l,True,0.1,,,LAC10-107-04-1J,UHL001,Actual,SW,Water,,,Clayton,07060004,River/Stream,,42.739547,-91.2619757
6,10220002,Volga River near Elkport,04/10/2017 08:45:00,AMBIENT,NIT-NO3-NO2,Inorganic nitrogen (nitrate and nitrite) (AS N),Total,,7.2,mg/l,True,0.1,,,LAC10-107-04-1J,UHL001,Actual,SW,Water,,,Clayton,07060004,River/Stream,,42.7497293,-91.2767798
6,10220002,Volga River near Elkport,05/01/2017 09:20:00,AMBIENT,NIT-NO3-NO2,Inorganic nitrogen (nitrate and nitrite) (AS N),Total,,5.7,mg/l,True,0.1,,,LAC10-107-04-1J,UHL001,Actual,SW,Water,,,Clayton,07060004,River/Stream,,42.7497293,-91.2767798
6,10220001,Turkey River near Garber,03/02/2017 11:10:00,AMBIENT,NIT-NO3-NO2,Inorganic nitrogen (nitrate and nitrite) (AS N),Total,,8.4,mg/l,True,0.1,,,LAC10-107-04-1J,UHL001,Actual,SW,Water,,,Clayton,07060004,River/Stream,,42.739547,-91.2619757
6,10220001,Turkey River near Garber,04/10/2017 08:35:00,AMBIENT,NIT-NO3-NO2,Inorganic nitrogen (nitrate and nitrite) (AS N),Total,,8.7,mg/l,True,0.1,,,LAC10-107-04-1J,UHL001,Actual,SW,Water,,,Clayton,07060004,River/Stream,,42.739547,-91.2619757
6,10220001,Turkey River near Garber,02/01/2017 08:55:00,AMBIENT,NIT-NO3-NO2,Inorganic nitrogen (nitrate and nitrite) (AS N),Total,,7.9,mg/l,True,0.1,,,LAC10-107-04-1J,UHL001,Actual,SW,Water,,,Clayton,07060004,River/Stream,,42.739547,-91.2619757
6,10220002,Volga River near Elkport,03/02/2017 11:25:00,AMBIENT,NIT-NO3-NO2,Inorganic nitrogen (nitrate and nitrite) (AS N),Total,,7.3,mg/l,True,0.1,,,LAC10-107-04-1J,UHL001,Actual,SW,Water,,,Clayton,07060004,River/Stream,,42.7497293,-91.2767798
6,10220001,Turkey River near Garber,01/05/2017 12:05:00,AMBIENT,NIT-NO3-NO2,Inorganic nitrogen (nitrate and nitrite) (AS N),Total,,8,mg/l,True,0.1,,,LAC10-107-04-1J,UHL001,Actual,SW,Water,,,Clayton,07060004,River/Stream,,42.739547,-91.2619757
6,10220002,Volga River near Elkport,02/01/2017 09:10:00,AMBIENT,NIT-NO3-NO2,Inorganic nitrogen (nitrate and nitrite) (AS N),Total,,5.8,mg/l,True,0.1,,,LAC10-107-04-1J,UHL001,Actual,SW,Water,,,Clayton,07060004,River/Stream,,42.7497293,-91.2767798
6,10220001,Turkey River near Garber,12/07/2016 09:40:00,AMBIENT,NIT-NO3-NO2,Inorganic nitrogen (nitrate and nitrite) (AS N),Total,,8.1,mg/l,True,0.1,,,LAC10-107-04-1J,UHL001,Actual,SW,Water,,,Clayton,07060004,River/Stream,,42.739547,-91.2619757
6,10220002,Volga River near Elkport,01/05/2017 11:30:00,AMBIENT,NIT-NO3-NO2,Inorganic nitrogen (nitrate and nitrite) (AS N),Total,,6.3,mg/l,True,0.1,,,LAC10-107-04-1J,UHL001,Actual,SW,Water,,,Clayton,07060004,River/Stream,,42.7497293,-91.2767798
6,10220002,Volga River near Elkport,11/01/2016 11:35:00,AMBIENT,NIT-NO3-NO2,Inorganic nitrogen (nitrate and nitrite) (AS N),Total,,7.4,mg/l,True,0.1,,,LAC10-107-04-1J,UHL001,Actual,SW,Water,,,Clayton,07060004,River/Stream,,42.7497293,-91.2767798
6,10220002,Volga River near Elkport,12/07/2016 09:20:00,AMBIENT,NIT-NO3-NO2,Inorganic nitrogen (nitrate and nitrite) (AS N),Total,,6.8,mg/l,True,0.1,,,LAC10-107-04-1J,UHL001,Actual,SW,Water,,,Clayton,07060004,River/Stream,,42.7497293,-91.2767798
6,10220002,Volga River near Elkport,10/03/2016 07:40:00,AMBIENT,NIT-NO3-NO2,Inorganic nitrogen (nitrate and nitrite) (AS N),Total,,6.6,mg/l,True,0.1,,,LAC10-107-04-1J,UHL001,Actual,SW,Water,,,Clayton,07060004,River/Stream,,42.7497293,-91.2767798
6,10220001,Turkey River near Garber,11/01/2016 11:50:00,AMBIENT,NIT-NO3-NO2,Inorganic nitrogen (nitrate and nitrite) (AS N),Total,,8.6,mg/l,True,0.1,,,LAC10-107-04-1J,UHL001,Actual,SW,Water,,,Clayton,07060004,River/Stream,,42.739547,-91.2619757
6,10220002,Volga River near Elkport,09/01/2016 08:30:00,AMBIENT,NIT-NO3-NO2,Inorganic nitrogen (nitrate and nitrite) (AS N),Total,,4.5,mg/l,True,0.1,,,LAC10-107-04-1J,UHL001,Actual,SW,Water,,,Clayton,07060004,River/Stream,,42.7497293,-91.2767798
6,10220001,Turkey River near Garber,10/03/2016 08:00:00,AMBIENT,NIT-NO3-NO2,Inorganic nitrogen (nitrate and nitrite) (AS N),Total,,8.1,mg/l,True,0.1,,,LAC10-107-04-1J,UHL001,Actual,SW,Water,,,Clayton,07060004,River/Stream,,42.739547,-91.2619757
6,10220003,Bloody Run Creek Site #1 (BR01),07/17/2001 11:45:00,SNY319,NIT-NO3-NO2,Inorganic nitrogen (nitrate and nitrite) (as N),Total,,6.7,mg/l,True,0.1,,,Unknown,SNY001,Actual,SW,Water,,,Clayton,07060001,River/Stream,,43.0404991,-91.2055504
6,10220003,Bloody Run Creek Site #1 (BR01),07/10/2001 11:15:00,SNY319,NIT-NO3-NO2,Inorganic nitrogen (nitrate and nitrite) (as N),Total,,6.7,mg/l,True,0.1,,,Unknown,SNY001,Actual,SW,Water,,,Clayton,07060001,River/Stream,,43.0404991,-91.2055504
6,10220003,Bloody Run Creek Site #1 (BR01),06/19/2001 11:50:00,SNY319,NIT-NO3-NO2,Inorganic nitrogen (nitrate and nitrite) (as N),Total,,6.2,mg/l,True,0.1,,,Unknown,SNY001,Actual,SW,Water,,,Clayton,07060001,River/Stream,,43.0404991,-91.2055504
6,10220003,Bloody Run Creek Site #1 (BR01),06/12/2001 11:20:00,SNY319,NIT-NO3-NO2,Inorganic nitrogen (nitrate and nitrite) (as N),Total,,7.8,mg/l,True,0.1,,,Unknown,SNY001,Actual,SW,Water,,,Clayton,07060001,River/Stream,,43.0404991,-91.2055504
6,10220003,Bloody Run Creek Site #1 (BR01),05/22/2001 11:50:00,SNY319,NIT-NO3-NO2,Inorganic nitrogen (nitrate and nitrite) (as N),Total,,7.5,mg/l,True,0.1,,,Unknown,SNY001,Actual,SW,Water,,,Clayton,07060001,River/Stream,,43.0404991,-91.2055504
6,10220003,Bloody Run Creek Site #1 (BR01),05/15/2001 11:10:00,SNY319,NIT-NO3-NO2,Inorganic nitrogen (nitrate and nitrite) (as N),Total,,8.1,mg/l,True,0.1,,,Unknown,SNY001,Actual,SW,Water,,,Clayton,07060001,River/Stream,,43.0404991,-91.2055504
6,10220003,Bloody Run Creek Site #1 (BR01),04/24/2001 14:25:00,SNY319,NIT-NO3-NO2,Inorganic nitrogen (nitrate and nitrite) (as N),Total,,6.8,mg/l,True,0.1,,,Unknown,SNY001,Actual,SW,Water,,,Clayton,07060001,River/Stream,,43.0404991,-91.2055504
6,10220003,Bloody Run Creek Site #1 (BR01),01/09/2001 11:50:00,SNY319,NIT-NO3-NO2,Inorganic nitrogen (nitrate and nitrite) (as N),Total,,7.2,mg/l,True,0.1,,,Unknown,SNY001,Actual,SW,Water,,,Clayton,07060001,River/Stream,,43.0404991,-91.2055504
6,10220003,Bloody Run Creek Site #1 (BR01),04/03/2001 12:20:00,SNY319,NIT-NO3-NO2,Inorganic nitrogen (nitrate and nitrite) (as N),Total,,9.3,mg/l,True,0.1,,,Unknown,SNY001,Actual,SW,Water,,,Clayton,07060001,River/Stream,,43.0404991,-91.2055504
6,10220003,Bloody Run Creek Site #1 (BR01),03/27/2001 12:25:00,SNY319,NIT-NO3-NO2,Inorganic nitrogen (nitrate and nitrite) (as N),Total,,8.5,mg/l,True,0.1,,,Unknown,SNY001,Actual,SW,Water,,,Clayton,07060001,River/Stream,,43.0404991,-91.2055504
6,10220003,Bloody Run Creek Site #1 (BR01),03/06/2001 11:50:00,SNY319,NIT-NO3-NO2,Inorganic nitrogen (nitrate and nitrite) (as N),Total,,6.5,mg/l,True,0.1,,,Unknown,SNY001,Actual,SW,Water,,,Clayton,07060001,River/Stream,,43.0404991,-91.2055504
6,10220003,Bloody Run Creek Site #1 (BR01),02/27/2001 12:35:00,SNY319,NIT-NO3-NO2,Inorganic nitrogen (nitrate and nitrite) (as N),Total,,6.6,mg/l,True,0.1,,,Unknown,SNY001,Actual,SW,Water,,,Clayton,07060001,River/Stream,,43.0404991,-91.2055504
6,10220003,Bloody Run Creek Site #1 (BR01),02/06/2001 11:40:00,SNY319,NIT-NO3-NO2,Inorganic nitrogen (nitrate and nitrite) (as N),Total,,6.8,mg/l,True,0.1,,,Unknown,SNY001,Actual,SW,Water,,,Clayton,07060001,River/Stream,,43.0404991,-91.2055504
6,10220003,Bloody Run Creek Site #1 (BR01),01/23/2001 11:50:00,SNY319,NIT-NO3-NO2,Inorganic nitrogen (nitrate and nitrite) (as N),Total,,7.3,mg/l,True,0.1,,,Unknown,SNY001,Actual,SW,Water,,,Clayton,07060001,River/Stream,,43.0404991,-91.2055504
6,10220003,Bloody Run Creek Site #1 (BR01),01/02/2001 12:25:00,SNY319,NIT-NO3-NO2,Inorganic nitrogen (nitrate and nitrite) (as N),Total,,6.5,mg/l,True,0.1,,,Unknown,SNY001,Actual,SW,Water,,,Clayton,07060001,River/Stream,,43.0404991,-91.2055504
6,10220003,Bloody Run Creek Site #1 (BR01),12/26/2000 09:55:00,SNY319,NIT-NO3-NO2,Inorganic nitrogen (nitrate and nitrite) (as N),Total,,7.1,mg/l,True,0.1,,,Unknown,SNY001,Actual,SW,Water,,,Clayton,07060001,River/Stream,,43.0404991,-91.2055504
6,10220003,Bloody Run Creek Site #1 (BR01),10/10/2000 11:55:00,SNY319,NIT-NO3-NO2,Inorganic nitrogen (nitrate and nitrite) (as N),Total,,6.9,mg/l,True,0.1,,,Unknown,SNY001,Actual,SW,Water,,,Clayton,07060001,River/Stream,,43.0404991,-91.2055504
6,10220003,Bloody Run Creek Site #1 (BR01),09/04/2001 11:05:00,SNY319,NIT-NO3-NO2,Inorganic nitrogen (nitrate and nitrite) (as N),Total,,6.6,mg/l,True,0.1,,,Unknown,SNY001,Actual,SW,Water,,,Clayton,07060001,River/Stream,,43.0404991,-91.2055504
6,10220003,Bloody Run Creek Site #1 (BR01),08/28/2001 12:50:00,SNY319,NIT-NO3-NO2,Inorganic nitrogen (nitrate and nitrite) (as N),Total,,6.6,mg/l,True,0.1,,,Unknown,SNY001,Actual,SW,Water,,,Clayton,07060001,River/Stream,,43.0404991,-91.2055504
6,10220003,Bloody Run Creek Site #1 (BR01),08/07/2001 11:15:00,SNY319,NIT-NO3-NO2,Inorganic nitrogen (nitrate and nitrite) (as N),Total,,6.8,mg/l,True,0.1,,,Unknown,SNY001,Actual,SW,Water,,,Clayton,07060001,River/Stream,,43.0404991,-91.2055504
6,10220003,Bloody Run Creek Site #1 (BR01),05/01/2001 11:30:00,SNY319,NIT-NO3-NO2,Inorganic nitrogen (nitrate and nitrite) (as N),Total,,6.1,mg/l,True,0.1,,,Unknown,SNY001,Actual,SW,Water,,,Clayton,07060001,River/Stream,,43.0404991,-91.2055504
6,10220003,Bloody Run Creek Site #1 (BR01),09/25/2001 12:40:00,SNY319,NIT-NO3-NO2,Inorganic nitrogen (nitrate and nitrite) (as N),Total,,6.1,mg/l,True,0.1,,,Unknown,SNY001,Actual,SW,Water,,,Clayton,07060001,River/Stream,,43.0404991,-91.2055504
6,10220003,Bloody Run Creek Site #1 (BR01),11/07/1995 13:30:00,SNY319,NIT-NO3-NO2,Inorganic nitrogen (nitrate and nitrite) (as N),Total,,6.3,mg/l,True,0.1,,,Unknown,SNY001,Actual,SW,Water,,,Clayton,07060001,River/Stream,,43.0404991,-91.2055504
6,10220003,Bloody Run Creek Site #1 (BR01),11/14/1995 11:30:00,SNY319,NIT-NO3-NO2,Inorganic nitrogen (nitrate and nitrite) (as N),Total,,6,mg/l,True,0.1,,,Unknown,SNY001,Actual,SW,Water,,,Clayton,07060001,River/Stream,,43.0404991,-91.2055504
6,10220003,Bloody Run Creek Site #1 (BR01),10/17/1995 13:55:00,SNY319,NIT-NO3-NO2,Inorganic nitrogen (nitrate and nitrite) (as N),Total,,5.1,mg/l,True,0.1,,,Unknown,SNY001,Actual,SW,Water,,,Clayton,07060001,River/Stream,,43.0404991,-91.2055504
6,10220003,Bloody Run Creek Site #1 (BR01),12/05/1995 12:55:00,SNY319,NIT-NO3-NO2,Inorganic nitrogen (nitrate and nitrite) (as N),Total,,5.7,mg/l,True,0.1,,,Unknown,SNY001,Actual,SW,Water,,,Clayton,07060001,River/Stream,,43.0404991,-91.2055504
6,10220003,Bloody Run Creek Site #1 (BR01),11/28/1995 12:50:00,SNY319,NIT-NO3-NO2,Inorganic nitrogen (nitrate and nitrite) (as N),Total,,5.2,mg/l,True,0.1,,,Unknown,SNY001,Actual,SW,Water,,,Clayton,07060001,River/Stream,,43.0404991,-91.2055504
6,10220003,Bloody Run Creek Site #1 (BR01),12/19/1995 12:30:00,SNY319,NIT-NO3-NO2,Inorganic nitrogen (nitrate and nitrite) (as N),Total,,5.8,mg/l,True,0.1,,,Unknown,SNY001,Actual,SW,Water,,,Clayton,07060001,River/Stream,,43.0404991,-91.2055504
6,10220003,Bloody Run Creek Site #1 (BR01),01/02/1996 12:50:00,SNY319,NIT-NO3-NO2,Inorganic nitrogen (nitrate and nitrite) (as N),Total,,5.5,mg/l,True,0.1,,,Unknown,SNY001,Actual,SW,Water,,,Clayton,07060001,River/Stream,,43.0404991,-91.2055504
6,10220003,Bloody Run Creek Site #1 (BR01),01/09/1996 13:40:00,SNY319,NIT-NO3-NO2,Inorganic nitrogen (nitrate and nitrite) (as N),Total,,6.5,mg/l,True,0.1,,,Unknown,SNY001,Actual,SW,Water,,,Clayton,07060001,River/Stream,,43.0404991,-91.2055504
6,10220003,Bloody Run Creek Site #1 (BR01),01/23/1996 13:15:00,SNY319,NIT-NO3-NO2,Inorganic nitrogen (nitrate and nitrite) (as N),Total,,6.5,mg/l,True,0.1,,,Unknown,SNY001,Actual,SW,Water,,,Clayton,07060001,River/Stream,,43.0404991,-91.2055504
6,10220003,Bloody Run Creek Site #1 (BR01),01/30/1996 14:30:00,SNY319,NIT-NO3-NO2,Inorganic nitrogen (nitrate and nitrite) (as N),Total,,6.1,mg/l,True,0.1,,,Unknown,SNY001,Actual,SW,Water,,,Clayton,07060001,River/Stream,,43.0404991,-91.2055504
6,10220003,Bloody Run Creek Site #1 (BR01),02/20/1996 12:30:00,SNY319,NIT-NO3-NO2,Inorganic nitrogen (nitrate and nitrite) (as N),Total,,2,mg/l,True,0.1,,,Unknown,SNY001,Actual,SW,Water,,,Clayton,07060001,River/Stream,,43.0404991,-91.2055504
6,10220003,Bloody Run Creek Site #1 (BR01),12/26/1995 12:25:00,SNY319,NIT-NO3-NO2,Inorganic nitrogen (nitrate and nitrite) (as N),Total,,5.5,mg/l,True,0.1,,,Unknown,SNY001,Actual,SW,Water,,,Clayton,07060001,River/Stream,,43.0404991,-91.2055504
6,10220003,Bloody Run Creek Site #1 (BR01),03/12/1996 14:10:00,SNY319,NIT-NO3-NO2,Inorganic nitrogen (nitrate and nitrite) (as N),Total,,5.7,mg/l,True,0.1,,,Unknown,SNY001,Actual,SW,Water,,,Clayton,07060001,River/Stream,,43.0404991,-91.2055504
6,10220003,Bloody Run Creek Site #1 (BR01),04/02/1996 09:40:00,SNY319,NIT-NO3-NO2,Inorganic nitrogen (nitrate and nitrite) (as N),Total,,5.5,mg/l,True,0.1,,,Unknown,SNY001,Actual,SW,Water,,,Clayton,07060001,River/Stream,,43.0404991,-91.2055504
6,10220003,Bloody Run Creek Site #1 (BR01),04/09/1996 12:10:00,SNY319,NIT-NO3-NO2,Inorganic nitrogen (nitrate and nitrite) (as N),Total,,5.6,mg/l,True,0.1,,,Unknown,SNY001,Actual,SW,Water,,,Clayton,07060001,River/Stream,,43.0404991,-91.2055504
6,10220003,Bloody Run Creek Site #1 (BR01),04/30/1996 11:55:00,SNY319,NIT-NO3-NO2,Inorganic nitrogen (nitrate and nitrite) (as N),Total,,5.1,mg/l,True,0.1,,,Unknown,SNY001,Actual,SW,Water,,,Clayton,07060001,River/Stream,,43.0404991,-91.2055504
6,10220003,Bloody Run Creek Site #1 (BR01),04/23/1996 12:50:00,SNY319,NIT-NO3-NO2,Inorganic nitrogen (nitrate and nitrite) (as N),Total,,5.2,mg/l,True,0.1,,,Unknown,SNY001,Actual,SW,Water,,,Clayton,07060001,River/Stream,,43.0404991,-91.2055504
6,10220003,Bloody Run Creek Site #1 (BR01),05/21/1996 12:05:00,SNY319,NIT-NO3-NO2,Inorganic nitrogen (nitrate and nitrite) (as N),Total,,4.5,mg/l,True,0.1,,,Unknown,SNY001,Actual,SW,Water,,,Clayton,07060001,River/Stream,,43.0404991,-91.2055504
6,10220003,Bloody Run Creek Site #1 (BR01),05/14/1996 11:15:00,SNY319,NIT-NO3-NO2,Inorganic nitrogen (nitrate and nitrite) (as N),Total,,4.6,mg/l,True,0.1,,,Unknown,SNY001,Actual,SW,Water,,,Clayton,07060001,River/Stream,,43.0404991,-91.2055504
6,10220003,Bloody Run Creek Site #1 (BR01),06/11/1996 11:15:00,SNY319,NIT-NO3-NO2,Inorganic nitrogen (nitrate and nitrite) (as N),Total,,5.6,mg/l,True,0.1,,,Unknown,SNY001,Actual,SW,Water,,,Clayton,07060001,River/Stream,,43.0404991,-91.2055504
6,10220003,Bloody Run Creek Site #1 (BR01),06/04/1996 12:40:00,SNY319,NIT-NO3-NO2,Inorganic nitrogen (nitrate and nitrite) (as N),Total,,5.1,mg/l,True,0.1,,,Unknown,SNY001,Actual,SW,Water,,,Clayton,07060001,River/Stream,,43.0404991,-91.2055504
6,10220003,Bloody Run Creek Site #1 (BR01),06/25/1996 13:55:00,SNY319,NIT-NO3-NO2,Inorganic nitrogen (nitrate and nitrite) (as N),Total,,6.1,mg/l,True,0.1,,,Unknown,SNY001,Actual,SW,Water,,,Clayton,07060001,River/Stream,,43.0404991,-91.2055504
6,15220012,Elk Creek @ Colesburg Rd/X3C (ELK10),06/05/2013 10:40:00,TURKEYR,NIT-NO3-NO2,Inorganic nitrogen (nitrate and nitrite) (AS N),Total,,6.1,mg/l,True,0.1,,,LAC10-107-04-1J,UHL001,Actual,SW,Water,,,Clayton,07060004,River/Stream,,42.73331715,-91.28009598
6,15220018,Roberts Creek @ 206th St/B65 (RC02/ROB30),09/12/2000 11:10:00,BSP,NIT-NO3-NO2,Inorganic nitrogen (nitrate and nitrite) (as N),Total,,5.5,mg/l,True,0.1,,,353.2,BSP,Actual,SW,Water,,,Clayton,07060004,River/Stream,,42.9304245,-91.38552335
6,15220020,Turkey River @ Highway 52 (TR10),06/05/2013 09:30:00,TURKEYR,NIT-NO3-NO2,Inorganic nitrogen (nitrate and nitrite) (AS N),Total,,12,mg/l,True,0.1,,,LAC10-107-04-1J,UHL001,Actual,SW,Water,,,Clayton,07060004,River/Stream,,42.70781335,-91.0757377
6,15220034,Unnamed Trib. to Silver Crk. @ Dolphin Ave (SC03),06/05/2013 11:40:00,TURKEYR,NIT-NO3-NO2,Inorganic nitrogen (nitrate and nitrite) (AS N),Total,,9.1,mg/l,True,0.1,,,LAC10-107-04-1J,UHL001,Actual,SW,Water,,,Clayton,07060004,River/Stream,,43.0342002,-91.4587066
6,15220013,Hewett Creek @ Crystal Road (HEW20),06/05/2013 08:06:00,TURKEYR,NIT-NO3-NO2,Inorganic nitrogen (nitrate and nitrite) (AS N),Total,,6.8,mg/l,True,0.1,,,LAC10-107-04-1J,UHL001,Actual,SW,Water,,,Clayton,07060004,River/Stream,,42.78586318,-91.51847775
6,15220016,Mink Creek @ Aztec Road (MIN10),06/05/2013 09:20:00,TURKEYR,NIT-NO3-NO2,Inorganic nitrogen (nitrate and nitrite) (AS N),Total,,6.3,mg/l,True,0.1,,,LAC10-107-04-1J,UHL001,Actual,SW,Water,,,Clayton,07060004,River/Stream,,42.8441202,-91.59732742
6,15220017,Roberts Creek @ Grape Rd (ROB10),07/10/2013 14:45:00,TURKEYR,NIT-NO3-NO2,Inorganic nitrogen (nitrate and nitrite) (AS N),Total,,12,mg/l,True,0.1,,,LAC10-107-04-1J,UHL001,Actual,SW,Water,,,Clayton,07060004,River/Stream,,42.83952465,-91.37446914
6,15220034,Unnamed Trib. to Silver Crk. @ Dolphin Ave (SC03),08/07/2013 09:15:00,TURKEYR,NIT-NO3-NO2,Inorganic nitrogen (nitrate and nitrite) (AS N),Total,,9.6,mg/l,True,0.1,,,LAC10-107-04-1J,UHL001,Actual,SW,Water,,,Clayton,07060004,River/Stream,,43.0342002,-91.4587066
6,15220051,Unnamed Creek at 125th St (UNS25),06/05/2013 10:20:00,TURKEYR,NIT-NO3-NO2,Inorganic nitrogen (nitrate and nitrite) (AS N),Total,,7.2,mg/l,True,0.1,,,LAC10-107-04-1J,UHL001,Actual,SW,Water,,,Clayton,07060004,River/Stream,,43.04444686,-91.43104301
6,15220012,Elk Creek @ Colesburg Rd/X3C (ELK10),07/10/2013 09:25:00,TURKEYR,NIT-NO3-NO2,Inorganic nitrogen (nitrate and nitrite) (AS N),Total,,4.2,mg/l,True,0.1,,,LAC10-107-04-1J,UHL001,Actual,SW,Water,,,Clayton,07060004,River/Stream,,42.73331715,-91.28009598
6,15220017,Roberts Creek @ Grape Rd (ROB10),09/04/2013 09:30:00,TURKEYR,NIT-NO3-NO2,Inorganic nitrogen (nitrate and nitrite) (AS N),Total,,6.8,mg/l,True,0.1,,,LAC10-107-04-1J,UHL001,Actual,SW,Water,,,Clayton,07060004,River/Stream,,42.83952465,-91.37446914
6,15220020,Turkey River @ Highway 52 (TR10),09/04/2013 13:35:00,TURKEYR,NIT-NO3-NO2,Inorganic nitrogen (nitrate and nitrite) (AS N),Total,,4.4,mg/l,True,0.1,,,LAC10-107-04-1J,UHL001,Actual,SW,Water,,,Clayton,07060004,River/Stream,,42.70781335,-91.0757377
6,15220013,Hewett Creek @ Crystal Road (HEW20),09/04/2013 07:50:00,TURKEYR,NIT-NO3-NO2,Inorganic nitrogen (nitrate and nitrite) (AS N),Total,,4.7,mg/l,True,0.1,,,LAC10-107-04-1J,UHL001,Actual,SW,Water,,,Clayton,07060004,River/Stream,,42.78586318,-91.51847775
6,15220014,Howard Creek @ Mouth (HOW10),09/04/2013 10:30:00,TURKEYR,NIT-NO3-NO2,Inorganic nitrogen (nitrate and nitrite) (AS N),Total,,7.3,mg/l,True,0.1,,,LAC10-107-04-1J,UHL001,Actual,SW,Water,,,Clayton,07060004,River/Stream,,42.9300546,-91.38292282
6,15220015,Little Turkey River @ Highway 52 (LIT10),08/07/2013 09:20:00,TURKEYR,NIT-NO3-NO2,Inorganic nitrogen (nitrate and nitrite) (AS N),Total,,3.5,mg/l,True,0.1,,,LAC10-107-04-1J,UHL001,Actual,SW,Water,,,Clayton,07060004,River/Stream,,42.6987021,-91.07371173
6,15220016,Mink Creek @ Aztec Road (MIN10),08/07/2013 08:00:00,TURKEYR,NIT-NO3-NO2,Inorganic nitrogen (nitrate and nitrite) (AS N),Total,,5.6,mg/l,True,0.1,,,LAC10-107-04-1J,UHL001,Actual,SW,Water,,,Clayton,07060004,River/Stream,,42.8441202,-91.59732742
6,15220011,Dry Mill Creek @ Grape Rd (DMI10),08/07/2013 09:45:00,TURKEYR,NIT-NO3-NO2,Inorganic nitrogen (nitrate and nitrite) (AS N),Total,,9.4,mg/l,True,0.1,,,LAC10-107-04-1J,UHL001,Actual,SW,Water,,,Clayton,07060004,River/Stream,,42.84327492,-91.36969617
6,15220012,Elk Creek @ Colesburg Rd/X3C (ELK10),08/07/2013 11:40:00,TURKEYR,NIT-NO3-NO2,Inorganic nitrogen (nitrate and nitrite) (AS N),Total,,4,mg/l,True,0.1,,,LAC10-107-04-1J,UHL001,Actual,SW,Water,,,Clayton,07060004,River/Stream,,42.73331715,-91.28009598
6,15220009,South Cedar Creek @ Lower Cedar Rd (CED10),08/07/2013 08:00:00,TURKEYR,NIT-NO3-NO2,Inorganic nitrogen (nitrate and nitrite) (AS N),Total,,3.9,mg/l,True,0.1,,,LAC10-107-04-1J,UHL001,Actual,SW,Water,,,Clayton,07060004,River/Stream,,42.74424922,-91.21535774
6,15220010,Cox Creek @ Highway 13 (COX20),08/07/2013 07:45:00,TURKEYR,NIT-NO3-NO2,Inorganic nitrogen (nitrate and nitrite) (AS N),Total,,4.6,mg/l,True,0.1,,,LAC10-107-04-1J,UHL001,Actual,SW,Water,,,Clayton,07060004,River/Stream,,42.76688423,-91.46209679
6,15220018,Roberts Creek @ 206th St/B65 (RC02/ROB30),09/19/2000 10:45:00,BSP,NIT-NO3-NO2,Inorganic nitrogen (nitrate and nitrite) (as N),Total,,4.8,mg/l,True,0.1,,,353.2,BSP,Actual,SW,Water,,,Clayton,07060004,River/Stream,,42.9304245,-91.38552335
6,15220018,Roberts Creek @ 206th St/B65 (RC02/ROB30),08/22/2000 10:55:00,BSP,NIT-NO3-NO2,Inorganic nitrogen (nitrate and nitrite) (as N),Total,,8,mg/l,True,0.1,,,353.2,BSP,Actual,SW,Water,,,Clayton,07060004,River/Stream,,42.9304245,-91.38552335
6,15220047,Pine Creek near Horseshoe Road (Pine Creek 2),05/29/2013 11:20:00,STLSBRNC,NIT-NO3-NO2,Inorganic nitrogen (nitrate and nitrite) (AS N),Total,,8.3,mg/l,True,0.1,,,LAC10-107-04-1J,UHL001,Actual,SW,Water,,,Clayton,07060004,River/Stream,,42.66556336,-91.25165507
6,15220048,Brownfield Creek near Horseshoe Road (Pine Creek 3),05/29/2013 11:15:00,STLSBRNC,NIT-NO3-NO2,Inorganic nitrogen (nitrate and nitrite) (AS N),Total,,14,mg/l,True,0.1,,,LAC10-107-04-1J,UHL001,Actual,SW,Water,,,Clayton,07060004,River/Stream,,42.6580697,-91.24980316
6,15220050,Steeles Branch near Horseshoe Road (Steeles Branch 1),05/29/2013 10:45:00,STLSBRNC,NIT-NO3-NO2,Inorganic nitrogen (nitrate and nitrite) (AS N),Total,,9,mg/l,True,0.1,,,LAC10-107-04-1J,UHL001,Actual,SW,Water,,,Clayton,07060004,River/Stream,,42.66774323,-91.28444356
6,15220049,Pine Creek near 400th St. (Pine Creek 4),05/29/2013 11:45:00,STLSBRNC,NIT-NO3-NO2,Inorganic nitrogen (nitrate and nitrite) (AS N),Total,,19,mg/l,True,0.1,,,LAC10-107-04-1J,UHL001,Actual,SW,Water,,,Clayton,07060004,River/Stream,,42.64623736,-91.2241035
6,15220046,Pine Creek near Horseshoe Road (Pine Creek 1),08/07/2013 10:40:00,STLSBRNC,NIT-NO3-NO2,Inorganic nitrogen (nitrate and nitrite) (AS N),Total,,6.2,mg/l,True,0.1,,,LAC10-107-04-1J,UHL001,Actual,SW,Water,,,Clayton,07060004,River/Stream,,42.66871242,-91.27821784
6,15220047,Pine Creek near Horseshoe Road (Pine Creek 2),08/07/2013 11:10:00,STLSBRNC,NIT-NO3-NO2,Inorganic nitrogen (nitrate and nitrite) (AS N),Total,,6.4,mg/l,True,0.1,,,LAC10-107-04-1J,UHL001,Actual,SW,Water,,,Clayton,07060004,River/Stream,,42.66556336,-91.25165507
6,15220048,Brownfield Creek near Horseshoe Road (Pine Creek 3),08/07/2013 11:00:00,STLSBRNC,NIT-NO3-NO2,Inorganic nitrogen (nitrate and nitrite) (AS N),Total,,8.5,mg/l,True,0.1,,,LAC10-107-04-1J,UHL001,Actual,SW,Water,,,Clayton,07060004,River/Stream,,42.6580697,-91.24980316
6,15220046,Pine Creek near Horseshoe Road (Pine Creek 1),10/24/2013 11:45:00,STLSBRNC,NIT-NO3-NO2,Inorganic nitrogen (nitrate and nitrite) (AS N),Total,,6.2,mg/l,True,0.1,,,LAC10-107-04-1J,UHL001,Actual,SW,Water,,,Clayton,07060004,River/Stream,,42.66871242,-91.27821784
6,15220047,Pine Creek near Horseshoe Road (Pine Creek 2),10/24/2013 12:10:00,STLSBRNC,NIT-NO3-NO2,Inorganic nitrogen (nitrate and nitrite) (AS N),Total,,7.1,mg/l,True,0.1,,,LAC10-107-04-1J,UHL001,Actual,SW,Water,,,Clayton,07060004,River/Stream,,42.66556336,-91.25165507
6,15220048,Brownfield Creek near Horseshoe Road (Pine Creek 3),10/24/2013 12:00:00,STLSBRNC,NIT-NO3-NO2,Inorganic nitrogen (nitrate and nitrite) (AS N),Total,,8.6,mg/l,True,0.1,,,LAC10-107-04-1J,UHL001,Actual,SW,Water,,,Clayton,07060004,River/Stream,,42.6580697,-91.24980316
6,15220050,Steeles Branch near Horseshoe Road (Steeles Branch 1),10/24/2013 11:30:00,STLSBRNC,NIT-NO3-NO2,Inorganic nitrogen (nitrate and nitrite) (AS N),Total,,3.2,mg/l,True,0.1,,,LAC10-107-04-1J,UHL001,Actual,SW,Water,,,Clayton,07060004,River/Stream,,42.66774323,-91.28444356
6,15220046,Pine Creek near Horseshoe Road (Pine Creek 1),05/29/2013 10:55:00,STLSBRNC,NIT-NO3-NO2,Inorganic nitrogen (nitrate and nitrite) (AS N),Total,,9.3,mg/l,True,0.1,,,LAC10-107-04-1J,UHL001,Actual,SW,Water,,,Clayton,07060004,River/Stream,,42.66871242,-91.27821784
6,15220009,South Cedar Creek @ Lower Cedar Rd (CED10),11/07/2012 15:12:00,TURKEYR,NIT-NO3-NO2,Inorganic nitrogen (nitrate and nitrite) (as N),Total,,2.4,mg/l,True,0.1,,,LAC10-107-04-1J,IGS-GRAB,Actual,SW,Water,,,Clayton,07060004,River/Stream,,42.74424922,-91.21535774
6,15220020,Turkey River @ Highway 52 (TR10),11/07/2012 15:05:00,TURKEYR,NIT-NO3-NO2,Inorganic nitrogen (nitrate and nitrite) (as N),Total,,2.6,mg/l,True,0.1,,,LAC10-107-04-1J,IGS-GRAB,Actual,SW,Water,,,Clayton,07060004,River/Stream,,42.70781335,-91.0757377
6,15220019,Roberts Creek @ Dalmation Ave (ROB50),11/07/2012 11:49:00,TURKEYR,NIT-NO3-NO2,Inorganic nitrogen (nitrate and nitrite) (as N),Total,,4,mg/l,True,0.1,,,LAC10-107-04-1J,IGS-GRAB,Actual,SW,Water,,,Clayton,07060004,River/Stream,,42.95959549,-91.4562996
6,15220047,Pine Creek near Horseshoe Road (Pine Creek 2),07/03/2013 09:50:00,STLSBRNC,NIT-NO3-NO2,Inorganic nitrogen (nitrate and nitrite) (AS N),Total,,7.5,mg/l,True,0.1,,,LAC10-107-04-1J,UHL001,Actual,SW,Water,,,Clayton,07060004,River/Stream,,42.66556336,-91.25165507
6,15220048,Brownfield Creek near Horseshoe Road (Pine Creek 3),07/03/2013 09:40:00,STLSBRNC,NIT-NO3-NO2,Inorganic nitrogen (nitrate and nitrite) (AS N),Total,,13,mg/l,True,0.1,,,LAC10-107-04-1J,UHL001,Actual,SW,Water,,,Clayton,07060004,River/Stream,,42.6580697,-91.24980316
6,15220049,Pine Creek near 400th St. (Pine Creek 4),07/03/2013 10:05:00,STLSBRNC,NIT-NO3-NO2,Inorganic nitrogen (nitrate and nitrite) (AS N),Total,,21,mg/l,True,0.1,,,LAC10-107-04-1J,UHL001,Actual,SW,Water,,,Clayton,07060004,River/Stream,,42.64623736,-91.2241035
6,15220050,Steeles Branch near Horseshoe Road (Steeles Branch 1),07/03/2013 09:10:00,STLSBRNC,NIT-NO3-NO2,Inorganic nitrogen (nitrate and nitrite) (AS N),Total,,6.1,mg/l,True,0.1,,,LAC10-107-04-1J,UHL001,Actual,SW,Water,,,Clayton,07060004,River/Stream,,42.66774323,-91.28444356
6,15220010,Cox Creek @ Highway 13 (COX20),11/07/2012 07:40:00,TURKEYR,NIT-NO3-NO2,Inorganic nitrogen (nitrate and nitrite) (as N),Total,,2.7,mg/l,True,0.1,,,LAC10-107-04-1J,IGS-GRAB,Actual,SW,Water,,,Clayton,07060004,River/Stream,,42.76688423,-91.46209679
6,15220017,Roberts Creek @ Grape Rd (ROB10),10/03/2012 14:30:00,TURKEYR,NIT-NO3-NO2,Inorganic nitrogen (nitrate and nitrite) (as N),Total,,4.6,mg/l,True,0.1,,,LAC10-107-04-1J,IGS-GRAB,Actual,SW,Water,,,Clayton,07060004,River/Stream,,42.83952465,-91.37446914
6,15220014,Howard Creek @ Mouth (HOW10),10/03/2012 12:35:00,TURKEYR,NIT-NO3-NO2,Inorganic nitrogen (nitrate and nitrite) (as N),Total,,2.3,mg/l,True,0.1,,,LAC10-107-04-1J,IGS-GRAB,Actual,SW,Water,,,Clayton,07060004,River/Stream,,42.9300546,-91.38292282
6,15220012,Elk Creek @ Colesburg Rd/X3C (ELK10),10/03/2012 12:00:00,TURKEYR,NIT-NO3-NO2,Inorganic nitrogen (nitrate and nitrite) (as N),Total,,2.4,mg/l,True,0.1,,,LAC10-107-04-1J,IGS-GRAB,Actual,SW,Water,,,Clayton,07060004,River/Stream,,42.73331715,-91.28009598
6,15220015,Little Turkey River @ Highway 52 (LIT10),10/03/2012 11:45:00,TURKEYR,NIT-NO3-NO2,Inorganic nitrogen (nitrate and nitrite) (as N),Total,,1.9,mg/l,True,0.1,,,LAC10-107-04-1J,IGS-GRAB,Actual,SW,Water,,,Clayton,07060004,River/Stream,,42.6987021,-91.07371173
6,15220009,South Cedar Creek @ Lower Cedar Rd (CED10),10/03/2012 10:00:00,TURKEYR,NIT-NO3-NO2,Inorganic nitrogen (nitrate and nitrite) (as N),Total,,2.4,mg/l,True,0.1,,,LAC10-107-04-1J,IGS-GRAB,Actual,SW,Water,,,Clayton,07060004,River/Stream,,42.74424922,-91.21535774
6,15220016,Mink Creek @ Aztec Road (MIN10),10/03/2012 08:40:00,TURKEYR,NIT-NO3-NO2,Inorganic nitrogen (nitrate and nitrite) (as N),Total,,4.8,mg/l,True,0.1,,,LAC10-107-04-1J,IGS-GRAB,Actual,SW,Water,,,Clayton,07060004,River/Stream,,42.8441202,-91.59732742
6,15220046,Pine Creek near Horseshoe Road (Pine Creek 1),10/15/2012 11:15:00,STLSBRNC,NIT-NO3-NO2,Inorganic nitrogen (nitrate and nitrite) (as N),Total,,4.6,mg/l,True,0.1,,,LAC10-107-04-1J,IGS-GRAB,Actual,SW,Water,,,Clayton,07060004,River/Stream,,42.66871242,-91.27821784
6,16220001,Roberts Creek,08/08/2012 12:10:00,TMDL,NIT-NO3-NO2,Inorganic nitrogen (nitrate and nitrite) (as N),Total,,3.8,mg/l,True,0.1,,,LAC10-107-04-1J,UHL001,Actual,SW,Water,,,Clayton,07060004,River/Stream,,42.963184,-91.461441
6,15220018,Roberts Creek @ 206th St/B65 (RC02/ROB30),09/25/2001 11:30:00,BSP,NIT-NO3-NO2,Inorganic nitrogen (nitrate and nitrite) (as N),Total,,5.6,mg/l,True,0.1,,,353.2,BSP,Actual,SW,Water,,,Clayton,07060004,River/Stream,,42.9304245,-91.38552335
6,15220018,Roberts Creek @ 206th St/B65 (RC02/ROB30),09/11/2001 11:45:00,BSP,NIT-NO3-NO2,Inorganic nitrogen (nitrate and nitrite) (as N),Total,,3.5,mg/l,True,0.1,,,353.2,BSP,Actual,SW,Water,,,Clayton,07060004,River/Stream,,42.9304245,-91.38552335
6,15220018,Roberts Creek @ 206th St/B65 (RC02/ROB30),09/04/2001 10:20:00,BSP,NIT-NO3-NO2,Inorganic nitrogen (nitrate and nitrite) (as N),Total,,3.6,mg/l,True,0.1,,,353.2,BSP,Actual,SW,Water,,,Clayton,07060004,River/Stream,,42.9304245,-91.38552335
6,15220018,Roberts Creek @ 206th St/B65 (RC02/ROB30),07/03/2001 10:05:00,BSP,NIT-NO3-NO2,Inorganic nitrogen (nitrate and nitrite) (as N),Total,,8.8,mg/l,True,0.1,,,353.2,BSP,Actual,SW,Water,,,Clayton,07060004,River/Stream,,42.9304245,-91.38552335
6,15220018,Roberts Creek @ 206th St/B65 (RC02/ROB30),07/24/2001 10:45:00,BSP,NIT-NO3-NO2,Inorganic nitrogen (nitrate and nitrite) (as N),Total,,2.6,mg/l,True,0.1,,,353.2,BSP,Actual,SW,Water,,,Clayton,07060004,River/Stream,,42.9304245,-91.38552335
6,15220018,Roberts Creek @ 206th St/B65 (RC02/ROB30),08/14/2001 12:00:00,BSP,NIT-NO3-NO2,Inorganic nitrogen (nitrate and nitrite) (as N),Total,,3.7,mg/l,True,0.1,,,353.2,BSP,Actual,SW,Water,,,Clayton,07060004,River/Stream,,42.9304245,-91.38552335
6,15220013,Hewett Creek @ Crystal Road (HEW20),05/02/2012 08:45:00,TURKEYR,NIT-NO3-NO2,Inorganic nitrogen (nitrate and nitrite) (as N),Total,,3.4,mg/l,True,0.1,,,LAC10-107-04-1J,IGS-GRAB,Actual,SW,Water,,,Clayton,07060004,River/Stream,,42.78586318,-91.51847775
6,15220016,Mink Creek @ Aztec Road (MIN10),09/05/2012 08:15:00,TURKEYR,NIT-NO3-NO2,Inorganic nitrogen (nitrate and nitrite) (as N),Total,,4.1,mg/l,True,0.1,,,LAC10-107-04-1J,IGS-GRAB,Actual,SW,Water,,,Clayton,07060004,River/Stream,,42.8441202,-91.59732742
6,15220019,Roberts Creek @ Dalmation Ave (ROB50),08/01/2012 12:45:00,TURKEYR,NIT-NO3-NO2,Inorganic nitrogen (nitrate and nitrite) (as N),Total,,3,mg/l,True,0.1,,,LAC10-107-04-1J,IGS-GRAB,Actual,SW,Water,,,Clayton,07060004,River/Stream,,42.95959549,-91.4562996
6,15220019,Roberts Creek @ Dalmation Ave (ROB50),06/06/2012 14:22:00,TURKEYR,NIT-NO3-NO2,Inorganic nitrogen (nitrate and nitrite) (as N),Total,,12,mg/l,True,0.1,,,LAC10-107-04-1J,IGS-GRAB,Actual,SW,Water,,,Clayton,07060004,River/Stream,,42.95959549,-91.4562996
6,15220017,Roberts Creek @ Grape Rd (ROB10),09/05/2012 13:20:00,TURKEYR,NIT-NO3-NO2,Inorganic nitrogen (nitrate and nitrite) (as N),Total,,3.5,mg/l,True,0.1,,,LAC10-107-04-1J,IGS-GRAB,Actual,SW,Water,,,Clayton,07060004,River/Stream,,42.83952465,-91.37446914
6,15220050,Steeles Branch near Horseshoe Road (Steeles Branch 1),12/05/2012 11:11:00,STLSBRNC,NIT-NO3-NO2,Inorganic nitrogen (nitrate and nitrite) (as N),Total,,2.5,mg/l,True,0.1,,,LAC10-107-04-1J,IGS-GRAB,Actual,SW,Water,,,Clayton,07060004,River/Stream,,42.66774323,-91.28444356
6,15220013,Hewett Creek @ Crystal Road (HEW20),08/01/2012 07:15:00,TURKEYR,NIT-NO3-NO2,Inorganic nitrogen (nitrate and nitrite) (as N),Total,,2.8,mg/l,True,0.1,,,LAC10-107-04-1J,IGS-GRAB,Actual,SW,Water,,,Clayton,07060004,River/Stream,,42.78586318,-91.51847775
6,15220047,Pine Creek near Horseshoe Road (Pine Creek 2),05/31/2012 14:45:00,STLSBRNC,NIT-NO3-NO2,Inorganic nitrogen (nitrate and nitrite) (as N),Total,,7.4,mg/l,True,0.1,,,LAC10-107-04-1J,IGS-GRAB,Actual,SW,Water,,,Clayton,07060004,River/Stream,,42.66556336,-91.25165507
6,15220047,Pine Creek near Horseshoe Road (Pine Creek 2),07/31/2012 09:45:00,STLSBRNC,NIT-NO3-NO2,Inorganic nitrogen (nitrate and nitrite) (as N),Total,,7.7,mg/l,True,0.1,,,LAC10-107-04-1J,IGS-GRAB,Actual,SW,Water,,,Clayton,07060004,River/Stream,,42.66556336,-91.25165507
6,15220047,Pine Creek near Horseshoe Road (Pine Creek 2),09/12/2012 09:30:00,STLSBRNC,NIT-NO3-NO2,Inorganic nitrogen (nitrate and nitrite) (as N),Total,,8,mg/l,True,0.1,,,LAC10-107-04-1J,IGS-GRAB,Actual,SW,Water,,,Clayton,07060004,River/Stream,,42.66556336,-91.25165507
6,15220047,Pine Creek near Horseshoe Road (Pine Creek 2),10/15/2012 11:45:00,STLSBRNC,NIT-NO3-NO2,Inorganic nitrogen (nitrate and nitrite) (as N),Total,,7.2,mg/l,True,0.1,,,LAC10-107-04-1J,IGS-GRAB,Actual,SW,Water,,,Clayton,07060004,River/Stream,,42.66556336,-91.25165507
6,15220049,Pine Creek near 400th St. (Pine Creek 4),07/31/2012 09:15:00,STLSBRNC,NIT-NO3-NO2,Inorganic nitrogen (nitrate and nitrite) (as N),Total,,0.15,mg/l,True,0.1,,,LAC10-107-04-1J,IGS-GRAB,Actual,SW,Water,,,Clayton,07060004,River/Stream,,42.64623736,-91.2241035
6,15220050,Steeles Branch near Horseshoe Road (Steeles Branch 1),05/31/2012 15:30:00,STLSBRNC,NIT-NO3-NO2,Inorganic nitrogen (nitrate and nitrite) (as N),Total,,5,mg/l,True,0.1,,,LAC10-107-04-1J,IGS-GRAB,Actual,SW,Water,,,Clayton,07060004,River/Stream,,42.66774323,-91.28444356
6,15220050,Steeles Branch near Horseshoe Road (Steeles Branch 1),07/31/2012 10:35:00,STLSBRNC,NIT-NO3-NO2,Inorganic nitrogen (nitrate and nitrite) (as N),Total,,1.1,mg/l,True,0.1,,,LAC10-107-04-1J,IGS-GRAB,Actual,SW,Water,,,Clayton,07060004,River/Stream,,42.66774323,-91.28444356
6,15220050,Steeles Branch near Horseshoe Road (Steeles Branch 1),09/12/2012 10:45:00,STLSBRNC,NIT-NO3-NO2,Inorganic nitrogen (nitrate and nitrite) (as N),Total,,0.78,mg/l,True,0.1,,,LAC10-107-04-1J,IGS-GRAB,Actual,SW,Water,,,Clayton,07060004,River/Stream,,42.66774323,-91.28444356
6,15220050,Steeles Branch near Horseshoe Road (Steeles Branch 1),10/15/2012 11:00:00,STLSBRNC,NIT-NO3-NO2,Inorganic nitrogen (nitrate and nitrite) (as N),Total,,2.2,mg/l,True,0.1,,,LAC10-107-04-1J,IGS-GRAB,Actual,SW,Water,,,Clayton,07060004,River/Stream,,42.66774323,-91.28444356
6,15220010,Cox Creek @ Highway 13 (COX20),10/03/2012 08:20:00,TURKEYR,NIT-NO3-NO2,Inorganic nitrogen (nitrate and nitrite) (as N),Total,,3.5,mg/l,True,0.1,,,LAC10-107-04-1J,IGS-GRAB,Actual,SW,Water,,,Clayton,07060004,River/Stream,,42.76688423,-91.46209679
6,15220013,Hewett Creek @ Crystal Road (HEW20),10/03/2012 07:45:00,TURKEYR,NIT-NO3-NO2,Inorganic nitrogen (nitrate and nitrite) (as N),Total,,1.9,mg/l,True,0.1,,,LAC10-107-04-1J,IGS-GRAB,Actual,SW,Water,,,Clayton,07060004,River/Stream,,42.78586318,-91.51847775
6,15220015,Little Turkey River @ Highway 52 (LIT10),09/05/2012 10:30:00,TURKEYR,NIT-NO3-NO2,Inorganic nitrogen (nitrate and nitrite) (as N),Total,,1.7,mg/l,True,0.1,,,LAC10-107-04-1J,IGS-GRAB,Actual,SW,Water,,,Clayton,07060004,River/Stream,,42.6987021,-91.07371173
6,15220015,Little Turkey River @ Highway 52 (LIT10),08/01/2012 08:45:00,TURKEYR,NIT-NO3-NO2,Inorganic nitrogen (nitrate and nitrite) (as N),Total,,1.6,mg/l,True,0.1,,,LAC10-107-04-1J,IGS-GRAB,Actual,SW,Water,,,Clayton,07060004,River/Stream,,42.6987021,-91.07371173
6,15220020,Turkey River @ Highway 52 (TR10),08/01/2012 08:30:00,TURKEYR,NIT-NO3-NO2,Inorganic nitrogen (nitrate and nitrite) (as N),Total,,1.2,mg/l,True,0.1,,,LAC10-107-04-1J,IGS-GRAB,Actual,SW,Water,,,Clayton,07060004,River/Stream,,42.70781335,-91.0757377
6,15220009,South Cedar Creek @ Lower Cedar Rd (CED10),08/01/2012 07:20:00,TURKEYR,NIT-NO3-NO2,Inorganic nitrogen (nitrate and nitrite) (as N),Total,,2.5,mg/l,True,0.1,,,LAC10-107-04-1J,IGS-GRAB,Actual,SW,Water,,,Clayton,07060004,River/Stream,,42.74424922,-91.21535774
6,15220012,Elk Creek @ Colesburg Rd/X3C (ELK10),08/01/2012 06:54:00,TURKEYR,NIT-NO3-NO2,Inorganic nitrogen (nitrate and nitrite) (as N),Total,,1.7,mg/l,True,0.1,,,LAC10-107-04-1J,IGS-GRAB,Actual,SW,Water,,,Clayton,07060004,River/Stream,,42.73331715,-91.28009598
6,15220015,Little Turkey River @ Highway 52 (LIT10),07/02/2012 10:00:00,TURKEYR,NIT-NO3-NO2,Inorganic nitrogen (nitrate and nitrite) (as N),Total,,2,mg/l,True,0.1,,,LAC10-107-04-1J,IGS-GRAB,Actual,SW,Water,,,Clayton,07060004,River/Stream,,42.6987021,-91.07371173
6,15220045,Turkey River @ Hwy. 13 (TR28),07/02/2012 09:45:00,TURKEYR,NIT-NO3-NO2,Inorganic nitrogen (nitrate and nitrite) (as N),Total,,5.2,mg/l,True,0.1,,,LAC10-107-04-1J,IGS-GRAB,Actual,SW,Water,,,Clayton,07060004,River/Stream,,42.84321539,-91.40058452
6,15220011,Dry Mill Creek @ Grape Rd (DMI10),07/02/2012 09:05:00,TURKEYR,NIT-NO3-NO2,Inorganic nitrogen (nitrate and nitrite) (as N),Total,,11,mg/l,True,0.1,,,LAC10-107-04-1J,IGS-GRAB,Actual,SW,Water,,,Clayton,07060004,River/Stream,,42.84327492,-91.36969617
6,15220020,Turkey River @ Highway 52 (TR10),06/06/2012 14:30:00,TURKEYR,NIT-NO3-NO2,Inorganic nitrogen (nitrate and nitrite) (as N),Total,,8.2,mg/l,True,0.1,,,LAC10-107-04-1J,IGS-GRAB,Actual,SW,Water,,,Clayton,07060004,River/Stream,,42.70781335,-91.0757377
6,15220015,Little Turkey River @ Highway 52 (LIT10),06/06/2012 13:50:00,TURKEYR,NIT-NO3-NO2,Inorganic nitrogen (nitrate and nitrite) (as N),Total,,3,mg/l,True,0.1,,,LAC10-107-04-1J,IGS-GRAB,Actual,SW,Water,,,Clayton,07060004,River/Stream,,42.6987021,-91.07371173
6,15220014,Howard Creek @ Mouth (HOW10),06/06/2012 13:43:00,TURKEYR,NIT-NO3-NO2,Inorganic nitrogen (nitrate and nitrite) (as N),Total,,12,mg/l,True,0.1,,,LAC10-107-04-1J,IGS-GRAB,Actual,SW,Water,,,Clayton,07060004,River/Stream,,42.9300546,-91.38292282
6,15220017,Roberts Creek @ Grape Rd (ROB10),06/06/2012 13:05:00,TURKEYR,NIT-NO3-NO2,Inorganic nitrogen (nitrate and nitrite) (as N),Total,,13,mg/l,True,0.1,,,LAC10-107-04-1J,IGS-GRAB,Actual,SW,Water,,,Clayton,07060004,River/Stream,,42.83952465,-91.37446914
6,15220015,Little Turkey River @ Highway 52 (LIT10),05/03/2012 00:00:00,TURKEYR,NIT-NO3-NO2,Inorganic nitrogen (nitrate and nitrite) (as N),Total,,3.5,mg/l,True,0.1,,,LAC10-107-04-1J,IGS-GRAB,Actual,SW,Water,,,Clayton,07060004,River/Stream,,42.6987021,-91.07371173
6,15220020,Turkey River @ Highway 52 (TR10),05/02/2012 11:45:00,TURKEYR,NIT-NO3-NO2,Inorganic nitrogen (nitrate and nitrite) (as N),Total,,7.1,mg/l,True,0.1,,,LAC10-107-04-1J,IGS-GRAB,Actual,SW,Water,,,Clayton,07060004,River/Stream,,42.70781335,-91.0757377
6,15220019,Roberts Creek @ Dalmation Ave (ROB50),04/04/2012 15:35:00,TURKEYR,NIT-NO3-NO2,Inorganic nitrogen (nitrate and nitrite) (as N),Total,,5.7,mg/l,True,0.1,,,LAC10-107-04-1J,IGS-GRAB,Actual,SW,Water,,,Clayton,07060004,River/Stream,,42.95959549,-91.4562996
6,15220009,South Cedar Creek @ Lower Cedar Rd (CED10),05/02/2012 10:30:00,TURKEYR,NIT-NO3-NO2,Inorganic nitrogen (nitrate and nitrite) (as N),Total,,4.5,mg/l,True,0.1,,,LAC10-107-04-1J,IGS-GRAB,Actual,SW,Water,,,Clayton,07060004,River/Stream,,42.74424922,-91.21535774
6,15220014,Howard Creek @ Mouth (HOW10),04/04/2012 14:50:00,TURKEYR,NIT-NO3-NO2,Inorganic nitrogen (nitrate and nitrite) (as N),Total,,8.9,mg/l,True,0.1,,,LAC10-107-04-1J,IGS-GRAB,Actual,SW,Water,,,Clayton,07060004,River/Stream,,42.9300546,-91.38292282
6,15220045,Turkey River @ Hwy. 13 (TR28),04/04/2012 14:22:00,TURKEYR,NIT-NO3-NO2,Inorganic nitrogen (nitrate and nitrite) (as N),Total,,4.8,mg/l,True,0.1,,,LAC10-107-04-1J,IGS-GRAB,Actual,SW,Water,,,Clayton,07060004,River/Stream,,42.84321539,-91.40058452
6,15220009,South Cedar Creek @ Lower Cedar Rd (CED10),04/04/2012 11:00:00,TURKEYR,NIT-NO3-NO2,Inorganic nitrogen (nitrate and nitrite) (as N),Total,,3.7,mg/l,True,0.1,,,LAC10-107-04-1J,IGS-GRAB,Actual,SW,Water,,,Clayton,07060004,River/Stream,,42.74424922,-91.21535774
6,15220015,Little Turkey River @ Highway 52 (LIT10),04/04/2012 10:00:00,TURKEYR,NIT-NO3-NO2,Inorganic nitrogen (nitrate and nitrite) (as N),Total,,3.7,mg/l,True,0.1,,,LAC10-107-04-1J,IGS-GRAB,Actual,SW,Water,,,Clayton,07060004,River/Stream,,42.6987021,-91.07371173
6,15220020,Turkey River @ Highway 52 (TR10),04/04/2012 09:45:00,TURKEYR,NIT-NO3-NO2,Inorganic nitrogen (nitrate and nitrite) (as N),Total,,4.8,mg/l,True,0.1,,,LAC10-107-04-1J,IGS-GRAB,Actual,SW,Water,,,Clayton,07060004,River/Stream,,42.70781335,-91.0757377
6,15220013,Hewett Creek @ Crystal Road (HEW20),04/04/2012 07:45:00,TURKEYR,NIT-NO3-NO2,Inorganic nitrogen (nitrate and nitrite) (as N),Total,,4.8,mg/l,True,0.1,,,LAC10-107-04-1J,IGS-GRAB,Actual,SW,Water,,,Clayton,07060004,River/Stream,,42.78586318,-91.51847775
6,15220010,Cox Creek @ Highway 13 (COX20),04/04/2012 07:15:00,TURKEYR,NIT-NO3-NO2,Inorganic nitrogen (nitrate and nitrite) (as N),Total,,4.2,mg/l,True,0.1,,,LAC10-107-04-1J,IGS-GRAB,Actual,SW,Water,,,Clayton,07060004,River/Stream,,42.76688423,-91.46209679
6,15220009,South Cedar Creek @ Lower Cedar Rd (CED10),09/05/2012 09:00:00,TURKEYR,NIT-NO3-NO2,Inorganic nitrogen (nitrate and nitrite) (as N),Total,,1.9,mg/l,True,0.1,,,LAC10-107-04-1J,IGS-GRAB,Actual,SW,Water,,,Clayton,07060004,River/Stream,,42.74424922,-91.21535774
6,15220010,Cox Creek @ Highway 13 (COX20),09/05/2012 07:50:00,TURKEYR,NIT-NO3-NO2,Inorganic nitrogen (nitrate and nitrite) (as N),Total,,1.6,mg/l,True,0.1,,,LAC10-107-04-1J,IGS-GRAB,Actual,SW,Water,,,Clayton,07060004,River/Stream,,42.76688423,-91.46209679
6,15220017,Roberts Creek @ Grape Rd (ROB10),07/02/2012 08:55:00,TURKEYR,NIT-NO3-NO2,Inorganic nitrogen (nitrate and nitrite) (as N),Total,,9,mg/l,True,0.1,,,LAC10-107-04-1J,IGS-GRAB,Actual,SW,Water,,,Clayton,07060004,River/Stream,,42.83952465,-91.37446914
6,15220011,Dry Mill Creek @ Grape Rd (DMI10),09/05/2012 13:03:00,TURKEYR,NIT-NO3-NO2,Inorganic nitrogen (nitrate and nitrite) (as N),Total,,3.2,mg/l,True,0.1,,,LAC10-107-04-1J,IGS-GRAB,Actual,SW,Water,,,Clayton,07060004,River/Stream,,42.84327492,-91.36969617
6,15220008,West Fork Sny Magill Creek  (SNWF),04/11/2000 15:00:00,SNY319,NIT-NO3-NO2,Inorganic nitrogen (nitrate and nitrite) (as N),Total,,3.8,mg/l,True,0.1,,,Unknown,SNY001,Actual,SW,Water,,,Clayton,07060003,River/Stream,,42.97628121,-91.23730654
6,15220008,West Fork Sny Magill Creek  (SNWF),03/14/2000 14:00:00,SNY319,NIT-NO3-NO2,Inorganic nitrogen (nitrate and nitrite) (as N),Total,,4,mg/l,True,0.1,,,Unknown,SNY001,Actual,SW,Water,,,Clayton,07060003,River/Stream,,42.97628121,-91.23730654
6,15220008,West Fork Sny Magill Creek  (SNWF),03/07/2000 13:20:00,SNY319,NIT-NO3-NO2,Inorganic nitrogen (nitrate and nitrite) (as N),Total,,3.8,mg/l,True,0.1,,,Unknown,SNY001,Actual,SW,Water,,,Clayton,07060003,River/Stream,,42.97628121,-91.23730654
6,15220008,West Fork Sny Magill Creek  (SNWF),02/29/2000 15:50:00,SNY319,NIT-NO3-NO2,Inorganic nitrogen (nitrate and nitrite) (as N),Total,,3.9,mg/l,True,0.1,,,Unknown,SNY001,Actual,SW,Water,,,Clayton,07060003,River/Stream,,42.97628121,-91.23730654
6,15220008,West Fork Sny Magill Creek  (SNWF),02/22/2000 15:05:00,SNY319,NIT-NO3-NO2,Inorganic nitrogen (nitrate and nitrite) (as N),Total,,3.7,mg/l,True,0.1,,,Unknown,SNY001,Actual,SW,Water,,,Clayton,07060003,River/Stream,,42.97628121,-91.23730654
6,15220008,West Fork Sny Magill Creek  (SNWF),01/25/2000 14:55:00,SNY319,NIT-NO3-NO2,Inorganic nitrogen (nitrate and nitrite) (as N),Total,,4.1,mg/l,True,0.1,,,Unknown,SNY001,Actual,SW,Water,,,Clayton,07060003,River/Stream,,42.97628121,-91.23730654
6,15220008,West Fork Sny Magill Creek  (SNWF),01/18/2000 14:05:00,SNY319,NIT-NO3-NO2,Inorganic nitrogen (nitrate and nitrite) (as N),Total,,4.6,mg/l,True,0.1,,,Unknown,SNY001,Actual,SW,Water,,,Clayton,07060003,River/Stream,,42.97628121,-91.23730654
6,15220008,West Fork Sny Magill Creek  (SNWF),01/11/2000 15:30:00,SNY319,NIT-NO3-NO2,Inorganic nitrogen (nitrate and nitrite) (as N),Total,,4.3,mg/l,True,0.1,,,Unknown,SNY001,Actual,SW,Water,,,Clayton,07060003,River/Stream,,42.97628121,-91.23730654
6,15220008,West Fork Sny Magill Creek  (SNWF),12/28/1999 14:50:00,SNY319,NIT-NO3-NO2,Inorganic nitrogen (nitrate and nitrite) (as N),Total,,4.2,mg/l,True,0.1,,,Unknown,SNY001,Actual,SW,Water,,,Clayton,07060003,River/Stream,,42.97628121,-91.23730654
6,15220008,West Fork Sny Magill Creek  (SNWF),12/21/1999 13:30:00,SNY319,NIT-NO3-NO2,Inorganic nitrogen (nitrate and nitrite) (as N),Total,,4.3,mg/l,True,0.1,,,Unknown,SNY001,Actual,SW,Water,,,Clayton,07060003,River/Stream,,42.97628121,-91.23730654
6,15220008,West Fork Sny Magill Creek  (SNWF),12/14/1999 13:35:00,SNY319,NIT-NO3-NO2,Inorganic nitrogen (nitrate and nitrite) (as N),Total,,4,mg/l,True,0.1,,,Unknown,SNY001,Actual,SW,Water,,,Clayton,07060003,River/Stream,,42.97628121,-91.23730654
6,15220008,West Fork Sny Magill Creek  (SNWF),11/16/1999 13:20:00,SNY319,NIT-NO3-NO2,Inorganic nitrogen (nitrate and nitrite) (as N),Total,,3.9,mg/l,True,0.1,,,Unknown,SNY001,Actual,SW,Water,,,Clayton,07060003,River/Stream,,42.97628121,-91.23730654
6,15220008,West Fork Sny Magill Creek  (SNWF),11/09/1999 13:35:00,SNY319,NIT-NO3-NO2,Inorganic nitrogen (nitrate and nitrite) (as N),Total,,3.8,mg/l,True,0.1,,,Unknown,SNY001,Actual,SW,Water,,,Clayton,07060003,River/Stream,,42.97628121,-91.23730654
6,15220008,West Fork Sny Magill Creek  (SNWF),11/02/1999 14:20:00,SNY319,NIT-NO3-NO2,Inorganic nitrogen (nitrate and nitrite) (as N),Total,,3.8,mg/l,True,0.1,,,Unknown,SNY001,Actual,SW,Water,,,Clayton,07060003,River/Stream,,42.97628121,-91.23730654
6,15220008,West Fork Sny Magill Creek  (SNWF),10/26/1999 14:25:00,SNY319,NIT-NO3-NO2,Inorganic nitrogen (nitrate and nitrite) (as N),Total,,3.7,mg/l,True,0.1,,,Unknown,SNY001,Actual,SW,Water,,,Clayton,07060003,River/Stream,,42.97628121,-91.23730654
6,15220008,West Fork Sny Magill Creek  (SNWF),08/17/1999 12:50:00,SNY319,NIT-NO3-NO2,Inorganic nitrogen (nitrate and nitrite) (as N),Total,,3.7,mg/l,True,0.1,,,Unknown,SNY001,Actual,SW,Water,,,Clayton,07060003,River/Stream,,42.97628121,-91.23730654
6,15220008,West Fork Sny Magill Creek  (SNWF),08/10/1999 12:55:00,SNY319,NIT-NO3-NO2,Inorganic nitrogen (nitrate and nitrite) (as N),Total,,3.8,mg/l,True,0.1,,,Unknown,SNY001,Actual,SW,Water,,,Clayton,07060003,River/Stream,,42.97628121,-91.23730654
6,15220008,West Fork Sny Magill Creek  (SNWF),08/03/1999 12:50:00,SNY319,NIT-NO3-NO2,Inorganic nitrogen (nitrate and nitrite) (as N),Total,,3.7,mg/l,True,0.1,,,Unknown,SNY001,Actual,SW,Water,,,Clayton,07060003,River/Stream,,42.97628121,-91.23730654
6,15220008,West Fork Sny Magill Creek  (SNWF),07/27/1999 14:50:00,SNY319,NIT-NO3-NO2,Inorganic nitrogen (nitrate and nitrite) (as N),Total,,3.7,mg/l,True,0.1,,,Unknown,SNY001,Actual,SW,Water,,,Clayton,07060003,River/Stream,,42.97628121,-91.23730654
6,15220008,West Fork Sny Magill Creek  (SNWF),07/20/1999 13:05:00,SNY319,NIT-NO3-NO2,Inorganic nitrogen (nitrate and nitrite) (as N),Total,,3.7,mg/l,True,0.1,,,Unknown,SNY001,Actual,SW,Water,,,Clayton,07060003,River/Stream,,42.97628121,-91.23730654
6,15220008,West Fork Sny Magill Creek  (SNWF),07/06/1999 13:50:00,SNY319,NIT-NO3-NO2,Inorganic nitrogen (nitrate and nitrite) (as N),Total,,3.8,mg/l,True,0.1,,,Unknown,SNY001,Actual,SW,Water,,,Clayton,07060003,River/Stream,,42.97628121,-91.23730654
6,15220008,West Fork Sny Magill Creek  (SNWF),05/18/1999 12:50:00,SNY319,NIT-NO3-NO2,Inorganic nitrogen (nitrate and nitrite) (as N),Total,,4.7,mg/l,True,0.1,,,Unknown,SNY001,Actual,SW,Water,,,Clayton,07060003,River/Stream,,42.97628121,-91.23730654
6,15220008,West Fork Sny Magill Creek  (SNWF),05/11/1999 12:45:00,SNY319,NIT-NO3-NO2,Inorganic nitrogen (nitrate and nitrite) (as N),Total,,3.7,mg/l,True,0.1,,,Unknown,SNY001,Actual,SW,Water,,,Clayton,07060003,River/Stream,,42.97628121,-91.23730654
6,15220008,West Fork Sny Magill Creek  (SNWF),05/04/1999 12:20:00,SNY319,NIT-NO3-NO2,Inorganic nitrogen (nitrate and nitrite) (as N),Total,,3.6,mg/l,True,0.1,,,Unknown,SNY001,Actual,SW,Water,,,Clayton,07060003,River/Stream,,42.97628121,-91.23730654
6,15220008,West Fork Sny Magill Creek  (SNWF),04/27/1999 14:10:00,SNY319,NIT-NO3-NO2,Inorganic nitrogen (nitrate and nitrite) (as N),Total,,3.8,mg/l,True,0.1,,,Unknown,SNY001,Actual,SW,Water,,,Clayton,07060003,River/Stream,,42.97628121,-91.23730654
6,15220008,West Fork Sny Magill Creek  (SNWF),04/20/1999 11:50:00,SNY319,NIT-NO3-NO2,Inorganic nitrogen (nitrate and nitrite) (as N),Total,,4,mg/l,True,0.1,,,Unknown,SNY001,Actual,SW,Water,,,Clayton,07060003,River/Stream,,42.97628121,-91.23730654
6,15220008,West Fork Sny Magill Creek  (SNWF),03/02/1999 12:50:00,SNY319,NIT-NO3-NO2,Inorganic nitrogen (nitrate and nitrite) (as N),Total,,4,mg/l,True,0.1,,,Unknown,SNY001,Actual,SW,Water,,,Clayton,07060003,River/Stream,,42.97628121,-91.23730654
6,15220008,West Fork Sny Magill Creek  (SNWF),02/23/1999 14:05:00,SNY319,NIT-NO3-NO2,Inorganic nitrogen (nitrate and nitrite) (as N),Total,,4.2,mg/l,True,0.1,,,Unknown,SNY001,Actual,SW,Water,,,Clayton,07060003,River/Stream,,42.97628121,-91.23730654
6,15220008,West Fork Sny Magill Creek  (SNWF),02/16/1999 12:30:00,SNY319,NIT-NO3-NO2,Inorganic nitrogen (nitrate and nitrite) (as N),Total,,4.2,mg/l,True,0.1,,,Unknown,SNY001,Actual,SW,Water,,,Clayton,07060003,River/Stream,,42.97628121,-91.23730654
6,15220017,Roberts Creek @ Grape Rd (ROB10),05/01/2013 10:15:00,TURKEYR,NIT-NO3-NO2,Inorganic nitrogen (nitrate and nitrite) (AS N),Total,,9.3,mg/l,True,0.1,,,LAC10-107-04-1J,UHL001,Actual,SW,Water,,,Clayton,07060004,River/Stream,,42.83952465,-91.37446914
6,15220020,Turkey River @ Highway 52 (TR10),05/01/2013 12:00:00,TURKEYR,NIT-NO3-NO2,Inorganic nitrogen (nitrate and nitrite) (AS N),Total,,9.3,mg/l,True,0.1,,,LAC10-107-04-1J,UHL001,Actual,SW,Water,,,Clayton,07060004,River/Stream,,42.70781335,-91.0757377
6,15220045,Turkey River @ Hwy. 13 (TR28),04/10/2013 11:25:00,TURKEYR,NIT-NO3-NO2,Inorganic nitrogen (nitrate and nitrite) (AS N),Total,,3.5,mg/l,True,0.1,,,LAC10-107-04-1J,UHL001,Actual,SW,Water,,,Clayton,07060004,River/Stream,,42.84321539,-91.40058452
6,15220013,Hewett Creek @ Crystal Road (HEW20),05/01/2013 07:20:00,TURKEYR,NIT-NO3-NO2,Inorganic nitrogen (nitrate and nitrite) (AS N),Total,,5,mg/l,True,0.1,,,LAC10-107-04-1J,UHL001,Actual,SW,Water,,,Clayton,07060004,River/Stream,,42.78586318,-91.51847775
6,15220012,Elk Creek @ Colesburg Rd/X3C (ELK10),05/01/2013 14:40:00,TURKEYR,NIT-NO3-NO2,Inorganic nitrogen (nitrate and nitrite) (AS N),Total,,4.3,mg/l,True,0.1,,,LAC10-107-04-1J,UHL001,Actual,SW,Water,,,Clayton,07060004,River/Stream,,42.73331715,-91.28009598
6,15220019,Roberts Creek @ Dalmation Ave (ROB50),04/10/2013 13:30:00,TURKEYR,NIT-NO3-NO2,Inorganic nitrogen (nitrate and nitrite) (AS N),Total,,7.7,mg/l,True,0.1,,,LAC10-107-04-1J,UHL001,Actual,SW,Water,,,Clayton,07060004,River/Stream,,42.95959549,-91.4562996
6,15220020,Turkey River @ Highway 52 (TR10),04/10/2013 10:02:00,TURKEYR,NIT-NO3-NO2,Inorganic nitrogen (nitrate and nitrite) (AS N),Total,,2.8,mg/l,True,0.1,,,LAC10-107-04-1J,UHL001,Actual,SW,Water,,,Clayton,07060004,River/Stream,,42.70781335,-91.0757377
6,15220014,Howard Creek @ Mouth (HOW10),04/10/2013 13:07:00,TURKEYR,NIT-NO3-NO2,Inorganic nitrogen (nitrate and nitrite) (AS N),Total,,9.4,mg/l,True,0.1,,,LAC10-107-04-1J,UHL001,Actual,SW,Water,,,Clayton,07060004,River/Stream,,42.9300546,-91.38292282
6,15220017,Roberts Creek @ Grape Rd (ROB10),04/10/2013 11:50:00,TURKEYR,NIT-NO3-NO2,Inorganic nitrogen (nitrate and nitrite) (AS N),Total,,7.4,mg/l,True,0.1,,,LAC10-107-04-1J,UHL001,Actual,SW,Water,,,Clayton,07060004,River/Stream,,42.83952465,-91.37446914
6,15220013,Hewett Creek @ Crystal Road (HEW20),04/10/2013 07:40:00,TURKEYR,NIT-NO3-NO2,Inorganic nitrogen (nitrate and nitrite) (AS N),Total,,3.1,mg/l,True,0.1,,,LAC10-107-04-1J,UHL001,Actual,SW,Water,,,Clayton,07060004,River/Stream,,42.78586318,-91.51847775
6,15220051,Unnamed Creek at 125th St (UNS25),04/10/2013 09:15:00,TURKEYR,NIT-NO3-NO2,Inorganic nitrogen (nitrate and nitrite) (AS N),Total,,9.1,mg/l,True,0.1,,,LAC10-107-04-1J,UHL001,Actual,SW,Water,,,Clayton,07060004,River/Stream,,43.04444686,-91.43104301
6,15220009,South Cedar Creek @ Lower Cedar Rd (CED10),04/10/2013 11:30:00,TURKEYR,NIT-NO3-NO2,Inorganic nitrogen (nitrate and nitrite) (AS N),Total,,5.3,mg/l,True,0.1,,,LAC10-107-04-1J,UHL001,Actual,SW,Water,,,Clayton,07060004,River/Stream,,42.74424922,-91.21535774
6,15220016,Mink Creek @ Aztec Road (MIN10),11/06/2013 08:10:00,TURKEYR,NIT-NO3-NO2,Inorganic nitrogen (nitrate and nitrite) (AS N),Total,,5.1,mg/l,True,0.1,,,LAC10-107-04-1J,UHL001,Actual,SW,Water,,,Clayton,07060004,River/Stream,,42.8441202,-91.59732742
6,15220034,Unnamed Trib. to Silver Crk. @ Dolphin Ave (SC03),04/10/2013 08:50:00,TURKEYR,NIT-NO3-NO2,Inorganic nitrogen (nitrate and nitrite) (AS N),Total,,7.4,mg/l,True,0.1,,,LAC10-107-04-1J,UHL001,Actual,SW,Water,,,Clayton,07060004,River/Stream,,43.0342002,-91.4587066
6,15220011,Dry Mill Creek @ Grape Rd (DMI10),11/06/2013 10:15:00,TURKEYR,NIT-NO3-NO2,Inorganic nitrogen (nitrate and nitrite) (AS N),Total,,6.2,mg/l,True,0.1,,,LAC10-107-04-1J,UHL001,Actual,SW,Water,,,Clayton,07060004,River/Stream,,42.84327492,-91.36969617
6,15220012,Elk Creek @ Colesburg Rd/X3C (ELK10),11/06/2013 12:30:00,TURKEYR,NIT-NO3-NO2,Inorganic nitrogen (nitrate and nitrite) (AS N),Total,,3.2,mg/l,True,0.1,,,LAC10-107-04-1J,UHL001,Actual,SW,Water,,,Clayton,07060004,River/Stream,,42.73331715,-91.28009598
6,15220045,Turkey River @ Hwy. 13 (TR28),10/16/2013 11:30:00,TURKEYR,NIT-NO3-NO2,Inorganic nitrogen (nitrate and nitrite) (AS N),Total,,6.8,mg/l,True,0.1,,,LAC10-107-04-1J,UHL001,Actual,SW,Water,,,Clayton,07060004,River/Stream,,42.84321539,-91.40058452
6,15220010,Cox Creek @ Highway 13 (COX20),11/06/2013 07:45:00,TURKEYR,NIT-NO3-NO2,Inorganic nitrogen (nitrate and nitrite) (AS N),Total,,3.9,mg/l,True,0.1,,,LAC10-107-04-1J,UHL001,Actual,SW,Water,,,Clayton,07060004,River/Stream,,42.76688423,-91.46209679
6,15220020,Turkey River @ Highway 52 (TR10),10/16/2013 10:20:00,TURKEYR,NIT-NO3-NO2,Inorganic nitrogen (nitrate and nitrite) (AS N),Total,,5,mg/l,True,0.1,,,LAC10-107-04-1J,UHL001,Actual,SW,Water,,,Clayton,07060004,River/Stream,,42.70781335,-91.0757377
6,15220017,Roberts Creek @ Grape Rd (ROB10),10/16/2013 11:10:00,TURKEYR,NIT-NO3-NO2,Inorganic nitrogen (nitrate and nitrite) (AS N),Total,,6,mg/l,True,0.1,,,LAC10-107-04-1J,UHL001,Actual,SW,Water,,,Clayton,07060004,River/Stream,,42.83952465,-91.37446914
6,15220019,Roberts Creek @ Dalmation Ave (ROB50),10/16/2013 10:10:00,TURKEYR,NIT-NO3-NO2,Inorganic nitrogen (nitrate and nitrite) (AS N),Total,,4.9,mg/l,True,0.1,,,LAC10-107-04-1J,UHL001,Actual,SW,Water,,,Clayton,07060004,River/Stream,,42.95959549,-91.4562996
6,15220012,Elk Creek @ Colesburg Rd/X3C (ELK10),10/16/2013 10:00:00,TURKEYR,NIT-NO3-NO2,Inorganic nitrogen (nitrate and nitrite) (AS N),Total,,3,mg/l,True,0.1,,,LAC10-107-04-1J,UHL001,Actual,SW,Water,,,Clayton,07060004,River/Stream,,42.73331715,-91.28009598
6,15220013,Hewett Creek @ Crystal Road (HEW20),10/16/2013 08:30:00,TURKEYR,NIT-NO3-NO2,Inorganic nitrogen (nitrate and nitrite) (AS N),Total,,4.7,mg/l,True,0.1,,,LAC10-107-04-1J,UHL001,Actual,SW,Water,,,Clayton,07060004,River/Stream,,42.78586318,-91.51847775
6,15220008,West Fork Sny Magill Creek  (SNWF),06/19/2001 13:15:00,SNY319,NIT-NO3-NO2,Inorganic nitrogen (nitrate and nitrite) (as N),Total,,3.8,mg/l,True,0.1,,,Unknown,SNY001,Actual,SW,Water,,,Clayton,07060003,River/Stream,,42.97628121,-91.23730654
6,15220008,West Fork Sny Magill Creek  (SNWF),06/12/2001 12:50:00,SNY319,NIT-NO3-NO2,Inorganic nitrogen (nitrate and nitrite) (as N),Total,,3.4,mg/l,True,0.1,,,Unknown,SNY001,Actual,SW,Water,,,Clayton,07060003,River/Stream,,42.97628121,-91.23730654
6,15220008,West Fork Sny Magill Creek  (SNWF),06/05/2001 12:55:00,SNY319,NIT-NO3-NO2,Inorganic nitrogen (nitrate and nitrite) (as N),Total,,3.6,mg/l,True,0.1,,,Unknown,SNY001,Actual,SW,Water,,,Clayton,07060003,River/Stream,,42.97628121,-91.23730654
6,15220008,West Fork Sny Magill Creek  (SNWF),05/08/2001 13:55:00,SNY319,NIT-NO3-NO2,Inorganic nitrogen (nitrate and nitrite) (as N),Total,,3.9,mg/l,True,0.1,,,Unknown,SNY001,Actual,SW,Water,,,Clayton,07060003,River/Stream,,42.97628121,-91.23730654
6,15220008,West Fork Sny Magill Creek  (SNWF),05/01/2001 12:40:00,SNY319,NIT-NO3-NO2,Inorganic nitrogen (nitrate and nitrite) (as N),Total,,3.5,mg/l,True,0.1,,,Unknown,SNY001,Actual,SW,Water,,,Clayton,07060003,River/Stream,,42.97628121,-91.23730654
6,15220008,West Fork Sny Magill Creek  (SNWF),04/24/2001 16:40:00,SNY319,NIT-NO3-NO2,Inorganic nitrogen (nitrate and nitrite) (as N),Total,,4,mg/l,True,0.1,,,Unknown,SNY001,Actual,SW,Water,,,Clayton,07060003,River/Stream,,42.97628121,-91.23730654
6,15220008,West Fork Sny Magill Creek  (SNWF),03/27/2001 14:40:00,SNY319,NIT-NO3-NO2,Inorganic nitrogen (nitrate and nitrite) (as N),Total,,4.1,mg/l,True,0.1,,,Unknown,SNY001,Actual,SW,Water,,,Clayton,07060003,River/Stream,,42.97628121,-91.23730654
6,15220008,West Fork Sny Magill Creek  (SNWF),03/20/2001 14:20:00,SNY319,NIT-NO3-NO2,Inorganic nitrogen (nitrate and nitrite) (as N),Total,,4,mg/l,True,0.1,,,Unknown,SNY001,Actual,SW,Water,,,Clayton,07060003,River/Stream,,42.97628121,-91.23730654
6,15220008,West Fork Sny Magill Creek  (SNWF),03/13/2001 12:55:00,SNY319,NIT-NO3-NO2,Inorganic nitrogen (nitrate and nitrite) (as N),Total,,4.3,mg/l,True,0.1,,,Unknown,SNY001,Actual,SW,Water,,,Clayton,07060003,River/Stream,,42.97628121,-91.23730654
6,15220008,West Fork Sny Magill Creek  (SNWF),03/06/2001 13:10:00,SNY319,NIT-NO3-NO2,Inorganic nitrogen (nitrate and nitrite) (as N),Total,,4.2,mg/l,True,0.1,,,Unknown,SNY001,Actual,SW,Water,,,Clayton,07060003,River/Stream,,42.97628121,-91.23730654
6,15220008,West Fork Sny Magill Creek  (SNWF),02/06/2001 12:50:00,SNY319,NIT-NO3-NO2,Inorganic nitrogen (nitrate and nitrite) (as N),Total,,4.4,mg/l,True,0.1,,,Unknown,SNY001,Actual,SW,Water,,,Clayton,07060003,River/Stream,,42.97628121,-91.23730654
6,15220008,West Fork Sny Magill Creek  (SNWF),01/23/2001 13:15:00,SNY319,NIT-NO3-NO2,Inorganic nitrogen (nitrate and nitrite) (as N),Total,,4.3,mg/l,True,0.1,,,Unknown,SNY001,Actual,SW,Water,,,Clayton,07060003,River/Stream,,42.97628121,-91.23730654
6,15220008,West Fork Sny Magill Creek  (SNWF),01/16/2001 12:45:00,SNY319,NIT-NO3-NO2,Inorganic nitrogen (nitrate and nitrite) (as N),Total,,4.2,mg/l,True,0.1,,,Unknown,SNY001,Actual,SW,Water,,,Clayton,07060003,River/Stream,,42.97628121,-91.23730654
6,15220008,West Fork Sny Magill Creek  (SNWF),12/26/2000 12:45:00,SNY319,NIT-NO3-NO2,Inorganic nitrogen (nitrate and nitrite) (as N),Total,,4.2,mg/l,True,0.1,,,Unknown,SNY001,Actual,SW,Water,,,Clayton,07060003,River/Stream,,42.97628121,-91.23730654
6,15220008,West Fork Sny Magill Creek  (SNWF),12/19/2000 15:10:00,SNY319,NIT-NO3-NO2,Inorganic nitrogen (nitrate and nitrite) (as N),Total,,4.2,mg/l,True,0.1,,,Unknown,SNY001,Actual,SW,Water,,,Clayton,07060003,River/Stream,,42.97628121,-91.23730654
6,15220008,West Fork Sny Magill Creek  (SNWF),11/21/2000 13:55:00,SNY319,NIT-NO3-NO2,Inorganic nitrogen (nitrate and nitrite) (as N),Total,,4.3,mg/l,True,0.1,,,Unknown,SNY001,Actual,SW,Water,,,Clayton,07060003,River/Stream,,42.97628121,-91.23730654
6,15220008,West Fork Sny Magill Creek  (SNWF),11/14/2000 13:05:00,SNY319,NIT-NO3-NO2,Inorganic nitrogen (nitrate and nitrite) (as N),Total,,4.2,mg/l,True,0.1,,,Unknown,SNY001,Actual,SW,Water,,,Clayton,07060003,River/Stream,,42.97628121,-91.23730654
6,15220008,West Fork Sny Magill Creek  (SNWF),11/07/2000 13:55:00,SNY319,NIT-NO3-NO2,Inorganic nitrogen (nitrate and nitrite) (as N),Total,,4.1,mg/l,True,0.1,,,Unknown,SNY001,Actual,SW,Water,,,Clayton,07060003,River/Stream,,42.97628121,-91.23730654
6,15220008,West Fork Sny Magill Creek  (SNWF),10/31/2000 14:45:00,SNY319,NIT-NO3-NO2,Inorganic nitrogen (nitrate and nitrite) (as N),Total,,3.9,mg/l,True,0.1,,,Unknown,SNY001,Actual,SW,Water,,,Clayton,07060003,River/Stream,,42.97628121,-91.23730654
6,15220008,West Fork Sny Magill Creek  (SNWF),10/03/2000 13:15:00,SNY319,NIT-NO3-NO2,Inorganic nitrogen (nitrate and nitrite) (as N),Total,,4,mg/l,True,0.1,,,Unknown,SNY001,Actual,SW,Water,,,Clayton,07060003,River/Stream,,42.97628121,-91.23730654
6,15220008,West Fork Sny Magill Creek  (SNWF),09/12/2000 13:50:00,SNY319,NIT-NO3-NO2,Inorganic nitrogen (nitrate and nitrite) (as N),Total,,3.7,mg/l,True,0.1,,,Unknown,SNY001,Actual,SW,Water,,,Clayton,07060003,River/Stream,,42.97628121,-91.23730654
6,15220008,West Fork Sny Magill Creek  (SNWF),09/05/2000 13:15:00,SNY319,NIT-NO3-NO2,Inorganic nitrogen (nitrate and nitrite) (as N),Total,,3.8,mg/l,True,0.1,,,Unknown,SNY001,Actual,SW,Water,,,Clayton,07060003,River/Stream,,42.97628121,-91.23730654
6,15220008,West Fork Sny Magill Creek  (SNWF),08/29/2000 15:50:00,SNY319,NIT-NO3-NO2,Inorganic nitrogen (nitrate and nitrite) (as N),Total,,3.5,mg/l,True,0.1,,,Unknown,SNY001,Actual,SW,Water,,,Clayton,07060003,River/Stream,,42.97628121,-91.23730654
6,15220008,West Fork Sny Magill Creek  (SNWF),08/22/2000 13:35:00,SNY319,NIT-NO3-NO2,Inorganic nitrogen (nitrate and nitrite) (as N),Total,,3.5,mg/l,True,0.1,,,Unknown,SNY001,Actual,SW,Water,,,Clayton,07060003,River/Stream,,42.97628121,-91.23730654
6,15220008,West Fork Sny Magill Creek  (SNWF),07/25/2000 15:05:00,SNY319,NIT-NO3-NO2,Inorganic nitrogen (nitrate and nitrite) (as N),Total,,3.7,mg/l,True,0.1,,,Unknown,SNY001,Actual,SW,Water,,,Clayton,07060003,River/Stream,,42.97628121,-91.23730654
6,15220008,West Fork Sny Magill Creek  (SNWF),07/18/2000 14:05:00,SNY319,NIT-NO3-NO2,Inorganic nitrogen (nitrate and nitrite) (as N),Total,,3.8,mg/l,True,0.1,,,Unknown,SNY001,Actual,SW,Water,,,Clayton,07060003,River/Stream,,42.97628121,-91.23730654
6,15220008,West Fork Sny Magill Creek  (SNWF),07/11/2000 13:30:00,SNY319,NIT-NO3-NO2,Inorganic nitrogen (nitrate and nitrite) (as N),Total,,3.5,mg/l,True,0.1,,,Unknown,SNY001,Actual,SW,Water,,,Clayton,07060003,River/Stream,,42.97628121,-91.23730654
6,15220008,West Fork Sny Magill Creek  (SNWF),06/13/2000 14:30:00,SNY319,NIT-NO3-NO2,Inorganic nitrogen (nitrate and nitrite) (as N),Total,,3.4,mg/l,True,0.1,,,Unknown,SNY001,Actual,SW,Water,,,Clayton,07060003,River/Stream,,42.97628121,-91.23730654
6,15220008,West Fork Sny Magill Creek  (SNWF),06/06/2000 13:15:00,SNY319,NIT-NO3-NO2,Inorganic nitrogen (nitrate and nitrite) (as N),Total,,3.8,mg/l,True,0.1,,,Unknown,SNY001,Actual,SW,Water,,,Clayton,07060003,River/Stream,,42.97628121,-91.23730654
6,15220008,West Fork Sny Magill Creek  (SNWF),05/30/2000 16:15:00,SNY319,NIT-NO3-NO2,Inorganic nitrogen (nitrate and nitrite) (as N),Total,,3.6,mg/l,True,0.1,,,Unknown,SNY001,Actual,SW,Water,,,Clayton,07060003,River/Stream,,42.97628121,-91.23730654
6,15220008,West Fork Sny Magill Creek  (SNWF),04/25/2000 15:50:00,SNY319,NIT-NO3-NO2,Inorganic nitrogen (nitrate and nitrite) (as N),Total,,3.6,mg/l,True,0.1,,,Unknown,SNY001,Actual,SW,Water,,,Clayton,07060003,River/Stream,,42.97628121,-91.23730654
6,15220008,West Fork Sny Magill Creek  (SNWF),04/18/2000 13:40:00,SNY319,NIT-NO3-NO2,Inorganic nitrogen (nitrate and nitrite) (as N),Total,,3.6,mg/l,True,0.1,,,Unknown,SNY001,Actual,SW,Water,,,Clayton,07060003,River/Stream,,42.97628121,-91.23730654
6,15220008,West Fork Sny Magill Creek  (SNWF),08/07/2001 12:30:00,SNY319,NIT-NO3-NO2,Inorganic nitrogen (nitrate and nitrite) (as N),Total,,3.9,mg/l,True,0.1,,,Unknown,SNY001,Actual,SW,Water,,,Clayton,07060003,River/Stream,,42.97628121,-91.23730654
6,15220008,West Fork Sny Magill Creek  (SNWF),07/31/2001 15:20:00,SNY319,NIT-NO3-NO2,Inorganic nitrogen (nitrate and nitrite) (as N),Total,,3.8,mg/l,True,0.1,,,Unknown,SNY001,Actual,SW,Water,,,Clayton,07060003,River/Stream,,42.97628121,-91.23730654
6,15220008,West Fork Sny Magill Creek  (SNWF),07/24/2001 13:00:00,SNY319,NIT-NO3-NO2,Inorganic nitrogen (nitrate and nitrite) (as N),Total,,3.9,mg/l,True,0.1,,,Unknown,SNY001,Actual,SW,Water,,,Clayton,07060003,River/Stream,,42.97628121,-91.23730654
6,15220008,West Fork Sny Magill Creek  (SNWF),07/17/2001 13:50:00,SNY319,NIT-NO3-NO2,Inorganic nitrogen (nitrate and nitrite) (as N),Total,,3.9,mg/l,True,0.1,,,Unknown,SNY001,Actual,SW,Water,,,Clayton,07060003,River/Stream,,42.97628121,-91.23730654
6,15220008,West Fork Sny Magill Creek  (SNWF),09/18/2001 12:10:00,SNY319,NIT-NO3-NO2,Inorganic nitrogen (nitrate and nitrite) (as N),Total,,3.7,mg/l,True,0.1,,,Unknown,SNY001,Actual,SW,Water,,,Clayton,07060003,River/Stream,,42.97628121,-91.23730654
6,15220008,West Fork Sny Magill Creek  (SNWF),09/11/2001 14:45:00,SNY319,NIT-NO3-NO2,Inorganic nitrogen (nitrate and nitrite) (as N),Total,,5.5,mg/l,True,0.1,,,Unknown,SNY001,Actual,SW,Water,,,Clayton,07060003,River/Stream,,42.97628121,-91.23730654
6,15220051,Unnamed Creek at 125th St (UNS25),05/01/2013 08:40:00,TURKEYR,NIT-NO3-NO2,Inorganic nitrogen (nitrate and nitrite) (AS N),Total,,9.5,mg/l,True,0.1,,,LAC10-107-04-1J,UHL001,Actual,SW,Water,,,Clayton,07060004,River/Stream,,43.04444686,-91.43104301
6,15220036,Turkey River @ Big Spring (TR01),09/29/1998 09:20:00,BSP,NIT-NO3-NO2,Inorganic nitrogen (nitrate and nitrite) (as N),Total,,5.3,mg/l,True,0.1,,,353.2,BSP,Actual,SW,Water,,,Clayton,07060004,River/Stream,,42.9095476,-91.4709184
6,15220036,Turkey River @ Big Spring (TR01),09/29/1998 09:20:00,BSP,NIT-NO3-NO2,Inorganic nitrogen (nitrate and nitrite) (as N),Total,,5,mg/l,True,0.2,,,353.2,BSP,Calculated,SW,Water,,Originally reported as Nitrate + Nitrite as NO3.,Clayton,07060004,River/Stream,,42.9095476,-91.4709184
6,15220027,Unnamed Trib. to Turkey R. @ Big Spring Rd. (HS03),09/29/1998 09:05:00,BSP,NIT-NO3-NO2,Inorganic nitrogen (nitrate and nitrite) (as N),Total,,6.8,mg/l,True,0.2,,,353.2,BSP,Calculated,SW,Water,,Originally reported as Nitrate + Nitrite as NO3.,Clayton,07060004,River/Stream,,42.9268507,-91.4687552
6,15220018,Roberts Creek @ 206th St/B65 (RC02/ROB30),09/15/1998 13:40:00,BSP,NIT-NO3-NO2,Inorganic nitrogen (nitrate and nitrite) (as N),Total,,6.3,mg/l,True,0.1,,,353.2,BSP,Actual,SW,Water,,,Clayton,07060004,River/Stream,,42.9304245,-91.38552335
6,15220036,Turkey River @ Big Spring (TR01),09/15/1998 09:55:00,BSP,NIT-NO3-NO2,Inorganic nitrogen (nitrate and nitrite) (as N),Total,,5.4,mg/l,True,0.2,,,353.2,BSP,Calculated,SW,Water,,Originally reported as Nitrate + Nitrite as NO3.,Clayton,07060004,River/Stream,,42.9095476,-91.4709184
6,15220028,Silver Creek @ Dogwood Ave (L23S),09/15/1998 10:50:00,BSP,NIT-NO3-NO2,Inorganic nitrogen (nitrate and nitrite) (as N),Total,,8.8,mg/l,True,0.1,,,353.2,BSP,Actual,SW,Water,,,Clayton,07060004,River/Stream,,43.0217763,-91.4894189
6,15220018,Roberts Creek @ 206th St/B65 (RC02/ROB30),09/08/1998 17:00:00,BSP,NIT-NO3-NO2,Inorganic nitrogen (nitrate and nitrite) (as N),Total,,5.6,mg/l,True,0.1,,,353.2,BSP,Actual,SW,Water,,,Clayton,07060004,River/Stream,,42.9304245,-91.38552335
6,15220036,Turkey River @ Big Spring (TR01),09/08/1998 12:05:00,BSP,NIT-NO3-NO2,Inorganic nitrogen (nitrate and nitrite) (as N),Total,,6.3,mg/l,True,0.2,,,353.2,BSP,Calculated,SW,Water,,Originally reported as Nitrate + Nitrite as NO3.,Clayton,07060004,River/Stream,,42.9095476,-91.4709184
6,15220040,L22T,09/15/1998 10:55:00,BSP,NIT-NO3-NO2,Inorganic nitrogen (nitrate and nitrite) (as N),Total,,14.4,mg/l,True,0.2,,,353.2,BSP,Calculated,GW,Water,,Originally reported as Nitrate + Nitrite as NO3.,Clayton,07060004,Facility Other,,43.0217187,-91.4893474
6,15220028,Silver Creek @ Dogwood Ave (L23S),09/08/1998 13:15:00,BSP,NIT-NO3-NO2,Inorganic nitrogen (nitrate and nitrite) (as N),Total,,9.4,mg/l,True,0.1,,,353.2,BSP,Actual,SW,Water,,,Clayton,07060004,River/Stream,,43.0217763,-91.4894189
6,15220040,L22T,09/08/1998 13:20:00,BSP,NIT-NO3-NO2,Inorganic nitrogen (nitrate and nitrite) (as N),Total,,14.9,mg/l,True,0.2,,,353.2,BSP,Calculated,GW,Water,,Originally reported as Nitrate + Nitrite as NO3.,Clayton,07060004,Facility Other,,43.0217187,-91.4893474
6,15220028,Silver Creek @ Dogwood Ave (L23S),08/25/1998 10:45:00,BSP,NIT-NO3-NO2,Inorganic nitrogen (nitrate and nitrite) (as N),Total,,10,mg/l,True,0.1,,,353.2,BSP,Actual,SW,Water,,,Clayton,07060004,River/Stream,,43.0217763,-91.4894189
6,15220031,Unnamed Trib. to Roberts Crk. @ Aspen Ave (RC13),08/25/1998 11:10:00,BSP,NIT-NO3-NO2,Inorganic nitrogen (nitrate and nitrite) (as N),Total,,5,mg/l,True,0.2,,,353.2,BSP,Calculated,SW,Water,,Originally reported as Nitrate + Nitrite as NO3.,Clayton,07060004,River/Stream,,43.0574767,-91.5781539
6,15220030,Roberts Creek @ 130th St (RC11),08/25/1998 11:05:00,BSP,NIT-NO3-NO2,Inorganic nitrogen (nitrate and nitrite) (as N),Total,,7.2,mg/l,True,0.2,,,353.2,BSP,Calculated,SW,Water,,Originally reported as Nitrate + Nitrite as NO3.,Clayton,07060004,River/Stream,,43.0365499,-91.537903
6,15220029,Roberts Creek @ 145th St (RC10),08/25/1998 11:00:00,BSP,NIT-NO3-NO2,Inorganic nitrogen (nitrate and nitrite) (as N),Total,,7,mg/l,True,0.2,,,353.2,BSP,Calculated,SW,Water,,Originally reported as Nitrate + Nitrite as NO3.,Clayton,07060004,River/Stream,,43.0159151,-91.512025
6,15220024,Roberts Creek @ 172nd St (F45),08/25/1998 10:00:00,BSP,NIT-NO3-NO2,Inorganic nitrogen (nitrate and nitrite) (as N),Total,,7.9,mg/l,True,0.2,,,353.2,BSP,Calculated,SW,Water,,Originally reported as Nitrate + Nitrite as NO3.,Clayton,07060004,River/Stream,,42.9750265,-91.4830196
6,15220025,Roberts Creek @ Essex Ave (F47),08/25/1998 15:15:00,BSP,NIT-NO3-NO2,Inorganic nitrogen (nitrate and nitrite) (as N),Total,,7.4,mg/l,True,0.2,,,353.2,BSP,Calculated,SW,Water,,Originally reported as Nitrate + Nitrite as NO3.,Clayton,07060004,River/Stream,,42.9590908,-91.4195205
6,15220036,Turkey River @ Big Spring (TR01),08/25/1998 09:30:00,BSP,NIT-NO3-NO2,Inorganic nitrogen (nitrate and nitrite) (as N),Total,,6.4,mg/l,True,0.1,,,353.2,BSP,Actual,SW,Water,,,Clayton,07060004,River/Stream,,42.9095476,-91.4709184
6,15220036,Turkey River @ Big Spring (TR01),08/25/1998 09:30:00,BSP,NIT-NO3-NO2,Inorganic nitrogen (nitrate and nitrite) (as N),Total,,5.6,mg/l,True,0.2,,,353.2,BSP,Calculated,SW,Water,,Originally reported as Nitrate + Nitrite as NO3.,Clayton,07060004,River/Stream,,42.9095476,-91.4709184
6,15220027,Unnamed Trib. to Turkey R. @ Big Spring Rd. (HS03),08/25/1998 09:15:00,BSP,NIT-NO3-NO2,Inorganic nitrogen (nitrate and nitrite) (as N),Total,,7.4,mg/l,True,0.2,,,353.2,BSP,Calculated,SW,Water,,Originally reported as Nitrate + Nitrite as NO3.,Clayton,07060004,River/Stream,,42.9268507,-91.4687552
6,15220018,Roberts Creek @ 206th St/B65 (RC02/ROB30),08/11/1998 14:45:00,BSP,NIT-NO3-NO2,Inorganic nitrogen (nitrate and nitrite) (as N),Total,,7,mg/l,True,0.1,,,353.2,BSP,Actual,SW,Water,,,Clayton,07060004,River/Stream,,42.9304245,-91.38552335
6,15220040,L22T,08/25/1998 10:40:00,BSP,NIT-NO3-NO2,Inorganic nitrogen (nitrate and nitrite) (as N),Total,,14.9,mg/l,True,0.2,,,353.2,BSP,Calculated,GW,Water,,Originally reported as Nitrate + Nitrite as NO3.,Clayton,07060004,Facility Other,,43.0217187,-91.4893474
6,15220028,Silver Creek @ Dogwood Ave (L23S),08/11/1998 11:25:00,BSP,NIT-NO3-NO2,Inorganic nitrogen (nitrate and nitrite) (as N),Total,,10,mg/l,True,0.1,,,353.2,BSP,Actual,SW,Water,,,Clayton,07060004,River/Stream,,43.0217763,-91.4894189
6,15220018,Roberts Creek @ 206th St/B65 (RC02/ROB30),08/04/1998 13:50:00,BSP,NIT-NO3-NO2,Inorganic nitrogen (nitrate and nitrite) (as N),Total,,7.2,mg/l,True,0.1,,,353.2,BSP,Actual,SW,Water,,,Clayton,07060004,River/Stream,,42.9304245,-91.38552335
6,15220036,Turkey River @ Big Spring (TR01),08/04/1998 10:10:00,BSP,NIT-NO3-NO2,Inorganic nitrogen (nitrate and nitrite) (as N),Total,,6.3,mg/l,True,0.2,,,353.2,BSP,Calculated,SW,Water,,Originally reported as Nitrate + Nitrite as NO3.,Clayton,07060004,River/Stream,,42.9095476,-91.4709184
6,15220040,L22T,08/11/1998 11:30:00,BSP,NIT-NO3-NO2,Inorganic nitrogen (nitrate and nitrite) (as N),Total,,15.1,mg/l,True,0.2,,,353.2,BSP,Calculated,GW,Water,,Originally reported as Nitrate + Nitrite as NO3.,Clayton,07060004,Facility Other,,43.0217187,-91.4893474
6,15220028,Silver Creek @ Dogwood Ave (L23S),08/04/1998 10:55:00,BSP,NIT-NO3-NO2,Inorganic nitrogen (nitrate and nitrite) (as N),Total,,11,mg/l,True,0.1,,,353.2,BSP,Actual,SW,Water,,,Clayton,07060004,River/Stream,,43.0217763,-91.4894189
6,15220028,Silver Creek @ Dogwood Ave (L23S),07/28/1998 10:35:00,BSP,NIT-NO3-NO2,Inorganic nitrogen (nitrate and nitrite) (as N),Total,,13,mg/l,True,0.1,,,353.2,BSP,Actual,SW,Water,,,Clayton,07060004,River/Stream,,43.0217763,-91.4894189
6,15220040,L22T,08/04/1998 11:00:00,BSP,NIT-NO3-NO2,Inorganic nitrogen (nitrate and nitrite) (as N),Total,,16.3,mg/l,True,0.2,,,353.2,BSP,Calculated,GW,Water,,Originally reported as Nitrate + Nitrite as NO3.,Clayton,07060004,Facility Other,,43.0217187,-91.4893474
6,15220036,Turkey River @ Big Spring (TR01),07/28/1998 09:20:00,BSP,NIT-NO3-NO2,Inorganic nitrogen (nitrate and nitrite) (as N),Total,,7,mg/l,True,0.1,,,353.2,BSP,Actual,SW,Water,,,Clayton,07060004,River/Stream,,42.9095476,-91.4709184
6,15220036,Turkey River @ Big Spring (TR01),07/28/1998 09:20:00,BSP,NIT-NO3-NO2,Inorganic nitrogen (nitrate and nitrite) (as N),Total,,6.5,mg/l,True,0.2,,,353.2,BSP,Calculated,SW,Water,,Originally reported as Nitrate + Nitrite as NO3.,Clayton,07060004,River/Stream,,42.9095476,-91.4709184
6,15220027,Unnamed Trib. to Turkey R. @ Big Spring Rd. (HS03),07/28/1998 09:10:00,BSP,NIT-NO3-NO2,Inorganic nitrogen (nitrate and nitrite) (as N),Total,,9.3,mg/l,True,0.2,,,353.2,BSP,Calculated,SW,Water,,Originally reported as Nitrate + Nitrite as NO3.,Clayton,07060004,River/Stream,,42.9268507,-91.4687552
6,15220018,Roberts Creek @ 206th St/B65 (RC02/ROB30),07/07/1998 14:40:00,BSP,NIT-NO3-NO2,Inorganic nitrogen (nitrate and nitrite) (as N),Total,,9.2,mg/l,True,0.1,,,353.2,BSP,Actual,SW,Water,,,Clayton,07060004,River/Stream,,42.9304245,-91.38552335
6,15220036,Turkey River @ Big Spring (TR01),07/07/1998 09:55:00,BSP,NIT-NO3-NO2,Inorganic nitrogen (nitrate and nitrite) (as N),Total,,9.5,mg/l,True,0.2,,,353.2,BSP,Calculated,SW,Water,,Originally reported as Nitrate + Nitrite as NO3.,Clayton,07060004,River/Stream,,42.9095476,-91.4709184
6,15220036,Turkey River @ Big Spring (TR01),07/21/1998 10:10:00,BSP,NIT-NO3-NO2,Inorganic nitrogen (nitrate and nitrite) (as N),Total,,6.8,mg/l,True,0.2,,,353.2,BSP,Calculated,SW,Water,,Originally reported as Nitrate + Nitrite as NO3.,Clayton,07060004,River/Stream,,42.9095476,-91.4709184
6,15220040,L22T,07/28/1998 10:40:00,BSP,NIT-NO3-NO2,Inorganic nitrogen (nitrate and nitrite) (as N),Total,,15.8,mg/l,True,0.2,,,353.2,BSP,Calculated,GW,Water,,Originally reported as Nitrate + Nitrite as NO3.,Clayton,07060004,Facility Other,,43.0217187,-91.4893474
6,15220028,Silver Creek @ Dogwood Ave (L23S),07/07/1998 11:05:00,BSP,NIT-NO3-NO2,Inorganic nitrogen (nitrate and nitrite) (as N),Total,,15,mg/l,True,0.1,,,353.2,BSP,Actual,SW,Water,,,Clayton,07060004,River/Stream,,43.0217763,-91.4894189
6,15220018,Roberts Creek @ 206th St/B65 (RC02/ROB30),06/23/1998 13:35:00,BSP,NIT-NO3-NO2,Inorganic nitrogen (nitrate and nitrite) (as N),Total,,15,mg/l,True,0.1,,,353.2,BSP,Actual,SW,Water,,,Clayton,07060004,River/Stream,,42.9304245,-91.38552335
6,15220036,Turkey River @ Big Spring (TR01),06/23/1998 09:55:00,BSP,NIT-NO3-NO2,Inorganic nitrogen (nitrate and nitrite) (as N),Total,,8.4,mg/l,True,0.2,,,353.2,BSP,Calculated,SW,Water,,Originally reported as Nitrate + Nitrite as NO3.,Clayton,07060004,River/Stream,,42.9095476,-91.4709184
6,15220018,Roberts Creek @ 206th St/B65 (RC02/ROB30),06/30/1998 15:35:00,BSP,NIT-NO3-NO2,Inorganic nitrogen (nitrate and nitrite) (as N),Total,,15,mg/l,True,0.1,,,353.2,BSP,Actual,SW,Water,,,Clayton,07060004,River/Stream,,42.9304245,-91.38552335
6,15220033,Silver Creek @ 155th St (SC01),06/30/1998 10:45:00,BSP,NIT-NO3-NO2,Inorganic nitrogen (nitrate and nitrite) (as N),Total,,17.4,mg/l,True,0.2,,,353.2,BSP,Calculated,SW,Water,,Originally reported as Nitrate + Nitrite as NO3.,Clayton,07060004,River/Stream,,43.0006333,-91.4484974
6,15220034,Unnamed Trib. to Silver Crk. @ Dolphin Ave (SC03),06/30/1998 10:55:00,BSP,NIT-NO3-NO2,Inorganic nitrogen (nitrate and nitrite) (as N),Total,,16.3,mg/l,True,0.2,,,353.2,BSP,Calculated,SW,Water,,Originally reported as Nitrate + Nitrite as NO3.,Clayton,07060004,River/Stream,,43.0342002,-91.4587066
6,15220035,Silver Creek @ 145th St (SC05),06/30/1998 10:50:00,BSP,NIT-NO3-NO2,Inorganic nitrogen (nitrate and nitrite) (as N),Total,,17.2,mg/l,True,0.2,,,353.2,BSP,Calculated,SW,Water,,Originally reported as Nitrate + Nitrite as NO3.,Clayton,07060004,River/Stream,,43.0136712,-91.4626953
6,15220026,Howard Creek @ Co. Rd. X28 (HC01),06/30/1998 15:25:00,BSP,NIT-NO3-NO2,Inorganic nitrogen (nitrate and nitrite) (as N),Total,,18.3,mg/l,True,0.2,,,353.2,BSP,Calculated,SW,Water,,Originally reported as Nitrate + Nitrite as NO3.,Clayton,07060004,River/Stream,,42.9622643,-91.3693639
6,15220040,L22T,07/07/1998 11:10:00,BSP,NIT-NO3-NO2,Inorganic nitrogen (nitrate and nitrite) (as N),Total,,19.6,mg/l,True,0.2,,,353.2,BSP,Calculated,GW,Water,,Originally reported as Nitrate + Nitrite as NO3.,Clayton,07060004,Facility Other,,43.0217187,-91.4893474
6,15220028,Silver Creek @ Dogwood Ave (L23S),06/23/1998 10:30:00,BSP,NIT-NO3-NO2,Inorganic nitrogen (nitrate and nitrite) (as N),Total,,16,mg/l,True,0.1,,,353.2,BSP,Actual,SW,Water,,,Clayton,07060004,River/Stream,,43.0217763,-91.4894189
6,15220028,Silver Creek @ Dogwood Ave (L23S),06/02/1998 10:50:00,BSP,NIT-NO3-NO2,Inorganic nitrogen (nitrate and nitrite) (as N),Total,,13,mg/l,True,0.1,,,353.2,BSP,Actual,SW,Water,,,Clayton,07060004,River/Stream,,43.0217763,-91.4894189
6,15220018,Roberts Creek @ 206th St/B65 (RC02/ROB30),06/02/1998 15:00:00,BSP,NIT-NO3-NO2,Inorganic nitrogen (nitrate and nitrite) (as N),Total,,10,mg/l,True,0.1,,,353.2,BSP,Actual,SW,Water,,,Clayton,07060004,River/Stream,,42.9304245,-91.38552335
6,15220036,Turkey River @ Big Spring (TR01),06/02/1998 10:00:00,BSP,NIT-NO3-NO2,Inorganic nitrogen (nitrate and nitrite) (as N),Total,,9.5,mg/l,True,0.2,,,353.2,BSP,Calculated,SW,Water,,Originally reported as Nitrate + Nitrite as NO3.,Clayton,07060004,River/Stream,,42.9095476,-91.4709184
6,15220036,Turkey River @ Big Spring (TR01),06/16/1998 09:50:00,BSP,NIT-NO3-NO2,Inorganic nitrogen (nitrate and nitrite) (as N),Total,,12.2,mg/l,True,0.2,,,353.2,BSP,Calculated,SW,Water,,Originally reported as Nitrate + Nitrite as NO3.,Clayton,07060004,River/Stream,,42.9095476,-91.4709184
6,15220040,L22T,06/23/1998 10:35:00,BSP,NIT-NO3-NO2,Inorganic nitrogen (nitrate and nitrite) (as N),Total,,20.8,mg/l,True,0.2,,,353.2,BSP,Calculated,GW,Water,,Originally reported as Nitrate + Nitrite as NO3.,Clayton,07060004,Facility Other,,43.0217187,-91.4893474
6,15220028,Silver Creek @ Dogwood Ave (L23S),05/19/1998 10:50:00,BSP,NIT-NO3-NO2,Inorganic nitrogen (nitrate and nitrite) (as N),Total,,12,mg/l,True,0.1,,,353.2,BSP,Actual,SW,Water,,,Clayton,07060004,River/Stream,,43.0217763,-91.4894189
6,15220028,Silver Creek @ Dogwood Ave (L23S),04/21/1998 10:50:00,BSP,NIT-NO3-NO2,Inorganic nitrogen (nitrate and nitrite) (as N),Total,,15,mg/l,True,0.1,,,353.2,BSP,Actual,SW,Water,,,Clayton,07060004,River/Stream,,43.0217763,-91.4894189
6,15220025,Roberts Creek @ Essex Ave (F47),04/28/1998 16:30:00,BSP,NIT-NO3-NO2,Inorganic nitrogen (nitrate and nitrite) (as N),Total,,11.5,mg/l,True,0.2,,,353.2,BSP,Calculated,SW,Water,,Originally reported as Nitrate + Nitrite as NO3.,Clayton,07060004,River/Stream,,42.9590908,-91.4195205
6,15220018,Roberts Creek @ 206th St/B65 (RC02/ROB30),05/19/1998 13:30:00,BSP,NIT-NO3-NO2,Inorganic nitrogen (nitrate and nitrite) (as N),Total,,9.2,mg/l,True,0.1,,,353.2,BSP,Actual,SW,Water,,,Clayton,07060004,River/Stream,,42.9304245,-91.38552335
6,15220036,Turkey River @ Big Spring (TR01),05/19/1998 09:50:00,BSP,NIT-NO3-NO2,Inorganic nitrogen (nitrate and nitrite) (as N),Total,,8.4,mg/l,True,0.2,,,353.2,BSP,Calculated,SW,Water,,Originally reported as Nitrate + Nitrite as NO3.,Clayton,07060004,River/Stream,,42.9095476,-91.4709184
6,15220027,Unnamed Trib. to Turkey R. @ Big Spring Rd. (HS03),05/26/1998 09:15:00,BSP,NIT-NO3-NO2,Inorganic nitrogen (nitrate and nitrite) (as N),Total,,10.4,mg/l,True,0.2,,,353.2,BSP,Calculated,SW,Water,,Originally reported as Nitrate + Nitrite as NO3.,Clayton,07060004,River/Stream,,42.9268507,-91.4687552
6,15220031,Unnamed Trib. to Roberts Crk. @ Aspen Ave (RC13),05/26/1998 11:05:00,BSP,NIT-NO3-NO2,Inorganic nitrogen (nitrate and nitrite) (as N),Total,,9.3,mg/l,True,0.2,,,353.2,BSP,Calculated,SW,Water,,Originally reported as Nitrate + Nitrite as NO3.,Clayton,07060004,River/Stream,,43.0574767,-91.5781539
6,15220030,Roberts Creek @ 130th St (RC11),05/26/1998 10:55:00,BSP,NIT-NO3-NO2,Inorganic nitrogen (nitrate and nitrite) (as N),Total,,9.9,mg/l,True,0.2,,,353.2,BSP,Calculated,SW,Water,,Originally reported as Nitrate + Nitrite as NO3.,Clayton,07060004,River/Stream,,43.0365499,-91.537903
6,15220029,Roberts Creek @ 145th St (RC10),05/26/1998 10:50:00,BSP,NIT-NO3-NO2,Inorganic nitrogen (nitrate and nitrite) (as N),Total,,8.8,mg/l,True,0.2,,,353.2,BSP,Calculated,SW,Water,,Originally reported as Nitrate + Nitrite as NO3.,Clayton,07060004,River/Stream,,43.0159151,-91.512025
6,15220024,Roberts Creek @ 172nd St (F45),05/26/1998 10:00:00,BSP,NIT-NO3-NO2,Inorganic nitrogen (nitrate and nitrite) (as N),Total,,9.7,mg/l,True,0.2,,,353.2,BSP,Calculated,SW,Water,,Originally reported as Nitrate + Nitrite as NO3.,Clayton,07060004,River/Stream,,42.9750265,-91.4830196
6,15220034,Unnamed Trib. to Silver Crk. @ Dolphin Ave (SC03),05/26/1998 10:25:00,BSP,NIT-NO3-NO2,Inorganic nitrogen (nitrate and nitrite) (as N),Total,,5.6,mg/l,True,0.2,,,353.2,BSP,Calculated,SW,Water,,Originally reported as Nitrate + Nitrite as NO3.,Clayton,07060004,River/Stream,,43.0342002,-91.4587066
6,15220035,Silver Creek @ 145th St (SC05),05/26/1998 10:20:00,BSP,NIT-NO3-NO2,Inorganic nitrogen (nitrate and nitrite) (as N),Total,,11.5,mg/l,True,0.2,,,353.2,BSP,Calculated,SW,Water,,Originally reported as Nitrate + Nitrite as NO3.,Clayton,07060004,River/Stream,,43.0136712,-91.4626953
6,15220026,Howard Creek @ Co. Rd. X28 (HC01),05/26/1998 14:00:00,BSP,NIT-NO3-NO2,Inorganic nitrogen (nitrate and nitrite) (as N),Total,,14.2,mg/l,True,0.2,,,353.2,BSP,Calculated,SW,Water,,Originally reported as Nitrate + Nitrite as NO3.,Clayton,07060004,River/Stream,,42.9622643,-91.3693639
6,15220040,L22T,06/02/1998 11:00:00,BSP,NIT-NO3-NO2,Inorganic nitrogen (nitrate and nitrite) (as N),Total,,15.8,mg/l,True,0.2,,,353.2,BSP,Calculated,GW,Water,,Originally reported as Nitrate + Nitrite as NO3.,Clayton,07060004,Facility Other,,43.0217187,-91.4893474
6,15220018,Roberts Creek @ 206th St/B65 (RC02/ROB30),04/28/1998 16:15:00,BSP,NIT-NO3-NO2,Inorganic nitrogen (nitrate and nitrite) (as N),Total,,11,mg/l,True,0.1,,,353.2,BSP,Actual,SW,Water,,,Clayton,07060004,River/Stream,,42.9304245,-91.38552335
6,15220033,Silver Creek @ 155th St (SC01),04/28/1998 11:10:00,BSP,NIT-NO3-NO2,Inorganic nitrogen (nitrate and nitrite) (as N),Total,,14.2,mg/l,True,0.2,,,353.2,BSP,Calculated,SW,Water,,Originally reported as Nitrate + Nitrite as NO3.,Clayton,07060004,River/Stream,,43.0006333,-91.4484974
6,15220027,Unnamed Trib. to Turkey R. @ Big Spring Rd. (HS03),04/28/1998 10:00:00,BSP,NIT-NO3-NO2,Inorganic nitrogen (nitrate and nitrite) (as N),Total,,9.5,mg/l,True,0.2,,,353.2,BSP,Calculated,SW,Water,,Originally reported as Nitrate + Nitrite as NO3.,Clayton,07060004,River/Stream,,42.9268507,-91.4687552
6,15220031,Unnamed Trib. to Roberts Crk. @ Aspen Ave (RC13),04/28/1998 12:15:00,BSP,NIT-NO3-NO2,Inorganic nitrogen (nitrate and nitrite) (as N),Total,,9.3,mg/l,True,0.2,,,353.2,BSP,Calculated,SW,Water,,Originally reported as Nitrate + Nitrite as NO3.,Clayton,07060004,River/Stream,,43.0574767,-91.5781539
6,15220030,Roberts Creek @ 130th St (RC11),04/28/1998 12:06:00,BSP,NIT-NO3-NO2,Inorganic nitrogen (nitrate and nitrite) (as N),Total,,10.4,mg/l,True,0.2,,,353.2,BSP,Calculated,SW,Water,,Originally reported as Nitrate + Nitrite as NO3.,Clayton,07060004,River/Stream,,43.0365499,-91.537903
6,15220029,Roberts Creek @ 145th St (RC10),04/28/1998 12:00:00,BSP,NIT-NO3-NO2,Inorganic nitrogen (nitrate and nitrite) (as N),Total,,9.7,mg/l,True,0.2,,,353.2,BSP,Calculated,SW,Water,,Originally reported as Nitrate + Nitrite as NO3.,Clayton,07060004,River/Stream,,43.0159151,-91.512025
6,15220024,Roberts Creek @ 172nd St (F45),04/28/1998 10:45:00,BSP,NIT-NO3-NO2,Inorganic nitrogen (nitrate and nitrite) (as N),Total,,10.6,mg/l,True,0.2,,,353.2,BSP,Calculated,SW,Water,,Originally reported as Nitrate + Nitrite as NO3.,Clayton,07060004,River/Stream,,42.9750265,-91.4830196
6,15220034,Unnamed Trib. to Silver Crk. @ Dolphin Ave (SC03),04/28/1998 11:25:00,BSP,NIT-NO3-NO2,Inorganic nitrogen (nitrate and nitrite) (as N),Total,,11.3,mg/l,True,0.2,,,353.2,BSP,Calculated,SW,Water,,Originally reported as Nitrate + Nitrite as NO3.,Clayton,07060004,River/Stream,,43.0342002,-91.4587066
6,15220035,Silver Creek @ 145th St (SC05),04/28/1998 11:20:00,BSP,NIT-NO3-NO2,Inorganic nitrogen (nitrate and nitrite) (as N),Total,,13.3,mg/l,True,0.2,,,353.2,BSP,Calculated,SW,Water,,Originally reported as Nitrate + Nitrite as NO3.,Clayton,07060004,River/Stream,,43.0136712,-91.4626953
6,15220028,Silver Creek @ Dogwood Ave (L23S),05/12/1998 10:45:00,BSP,NIT-NO3-NO2,Inorganic nitrogen (nitrate and nitrite) (as N),Total,,12,mg/l,True,0.1,,,353.2,BSP,Actual,SW,Water,,,Clayton,07060004,River/Stream,,43.0217763,-91.4894189
6,15220036,Turkey River @ Big Spring (TR01),05/12/1998 10:00:00,BSP,NIT-NO3-NO2,Inorganic nitrogen (nitrate and nitrite) (as N),Total,,9.7,mg/l,True,0.2,,,353.2,BSP,Calculated,SW,Water,,Originally reported as Nitrate + Nitrite as NO3.,Clayton,07060004,River/Stream,,42.9095476,-91.4709184
6,15220040,L22T,05/19/1998 10:55:00,BSP,NIT-NO3-NO2,Inorganic nitrogen (nitrate and nitrite) (as N),Total,,16,mg/l,True,0.2,,,353.2,BSP,Calculated,GW,Water,,Originally reported as Nitrate + Nitrite as NO3.,Clayton,07060004,Facility Other,,43.0217187,-91.4893474
6,15220018,Roberts Creek @ 206th St/B65 (RC02/ROB30),04/14/1998 14:10:00,BSP,NIT-NO3-NO2,Inorganic nitrogen (nitrate and nitrite) (as N),Total,,10,mg/l,True,0.1,,,353.2,BSP,Actual,SW,Water,,,Clayton,07060004,River/Stream,,42.9304245,-91.38552335
6,15220036,Turkey River @ Big Spring (TR01),04/14/1998 09:55:00,BSP,NIT-NO3-NO2,Inorganic nitrogen (nitrate and nitrite) (as N),Total,,7.9,mg/l,True,0.2,,,353.2,BSP,Calculated,SW,Water,,Originally reported as Nitrate + Nitrite as NO3.,Clayton,07060004,River/Stream,,42.9095476,-91.4709184
6,15220040,L22T,04/21/1998 11:00:00,BSP,NIT-NO3-NO2,Inorganic nitrogen (nitrate and nitrite) (as N),Total,,19.6,mg/l,True,0.2,,,353.2,BSP,Calculated,GW,Water,,Originally reported as Nitrate + Nitrite as NO3.,Clayton,07060004,Facility Other,,43.0217187,-91.4893474
6,15220028,Silver Creek @ Dogwood Ave (L23S),04/14/1998 10:35:00,BSP,NIT-NO3-NO2,Inorganic nitrogen (nitrate and nitrite) (as N),Total,,16,mg/l,True,0.1,,,353.2,BSP,Actual,SW,Water,,,Clayton,07060004,River/Stream,,43.0217763,-91.4894189
6,15220028,Silver Creek @ Dogwood Ave (L23S),03/31/1998 11:25:00,BSP,NIT-NO3-NO2,Inorganic nitrogen (nitrate and nitrite) (as N),Total,,13,mg/l,True,0.1,,,353.2,BSP,Actual,SW,Water,,,Clayton,07060004,River/Stream,,43.0217763,-91.4894189
6,15220025,Roberts Creek @ Essex Ave (F47),03/31/1998 15:35:00,BSP,NIT-NO3-NO2,Inorganic nitrogen (nitrate and nitrite) (as N),Total,,10.6,mg/l,True,0.2,,,353.2,BSP,Calculated,SW,Water,,Originally reported as Nitrate + Nitrite as NO3.,Clayton,07060004,River/Stream,,42.9590908,-91.4195205
6,15220018,Roberts Creek @ 206th St/B65 (RC02/ROB30),03/31/1998 15:25:00,BSP,NIT-NO3-NO2,Inorganic nitrogen (nitrate and nitrite) (as N),Total,,9.9,mg/l,True,0.1,,,353.2,BSP,Actual,SW,Water,,,Clayton,07060004,River/Stream,,42.9304245,-91.38552335
6,15220036,Turkey River @ Big Spring (TR01),04/07/1998 08:30:00,BSP,NIT-NO3-NO2,Inorganic nitrogen (nitrate and nitrite) (as N),Total,,9.7,mg/l,True,0.2,,,353.2,BSP,Calculated,SW,Water,,Originally reported as Nitrate + Nitrite as NO3.,Clayton,07060004,River/Stream,,42.9095476,-91.4709184
6,15220040,L22T,04/14/1998 10:40:00,BSP,NIT-NO3-NO2,Inorganic nitrogen (nitrate and nitrite) (as N),Total,,19.9,mg/l,True,0.2,,,353.2,BSP,Calculated,GW,Water,,Originally reported as Nitrate + Nitrite as NO3.,Clayton,07060004,Facility Other,,43.0217187,-91.4893474
6,15220036,Turkey River @ Big Spring (TR01),03/31/1998 09:25:00,BSP,NIT-NO3-NO2,Inorganic nitrogen (nitrate and nitrite) (as N),Total,,6.4,mg/l,True,0.1,,,353.2,BSP,Actual,SW,Water,,,Clayton,07060004,River/Stream,,42.9095476,-91.4709184
6,15220036,Turkey River @ Big Spring (TR01),03/31/1998 09:25:00,BSP,NIT-NO3-NO2,Inorganic nitrogen (nitrate and nitrite) (as N),Total,,6.3,mg/l,True,0.2,,,353.2,BSP,Calculated,SW,Water,,Originally reported as Nitrate + Nitrite as NO3.,Clayton,07060004,River/Stream,,42.9095476,-91.4709184
6,15220028,Silver Creek @ Dogwood Ave (L23S),03/17/1998 11:00:00,BSP,NIT-NO3-NO2,Inorganic nitrogen (nitrate and nitrite) (as N),Total,,14,mg/l,True,0.1,,,353.2,BSP,Actual,SW,Water,,,Clayton,07060004,River/Stream,,43.0217763,-91.4894189
6,15220040,L22T,03/31/1998 11:30:00,BSP,NIT-NO3-NO2,Inorganic nitrogen (nitrate and nitrite) (as N),Total,,13.5,mg/l,True,0.2,,,353.2,BSP,Calculated,GW,Water,,Originally reported as Nitrate + Nitrite as NO3.,Clayton,07060004,Facility Other,,43.0217187,-91.4893474
6,15220028,Silver Creek @ Dogwood Ave (L23S),03/10/1998 11:00:00,BSP,NIT-NO3-NO2,Inorganic nitrogen (nitrate and nitrite) (as N),Total,,13,mg/l,True,0.1,,,353.2,BSP,Actual,SW,Water,,,Clayton,07060004,River/Stream,,43.0217763,-91.4894189
6,15220036,Turkey River @ Big Spring (TR01),03/10/1998 10:05:00,BSP,NIT-NO3-NO2,Inorganic nitrogen (nitrate and nitrite) (as N),Total,,8.1,mg/l,True,0.2,,,353.2,BSP,Calculated,SW,Water,,Originally reported as Nitrate + Nitrite as NO3.,Clayton,07060004,River/Stream,,42.9095476,-91.4709184
6,15220040,L22T,03/17/1998 11:10:00,BSP,NIT-NO3-NO2,Inorganic nitrogen (nitrate and nitrite) (as N),Total,,13.5,mg/l,True,0.2,,,353.2,BSP,Calculated,GW,Water,,Originally reported as Nitrate + Nitrite as NO3.,Clayton,07060004,Facility Other,,43.0217187,-91.4893474
6,15220018,Roberts Creek @ 206th St/B65 (RC02/ROB30),03/10/1998 14:45:00,BSP,NIT-NO3-NO2,Inorganic nitrogen (nitrate and nitrite) (as N),Total,,11,mg/l,True,0.1,,,353.2,BSP,Actual,SW,Water,,,Clayton,07060004,River/Stream,,42.9304245,-91.38552335
6,15220028,Silver Creek @ Dogwood Ave (L23S),02/24/1998 10:20:00,BSP,NIT-NO3-NO2,Inorganic nitrogen (nitrate and nitrite) (as N),Total,,9.9,mg/l,True,0.1,,,353.2,BSP,Actual,SW,Water,,,Clayton,07060004,River/Stream,,43.0217763,-91.4894189
6,15220025,Roberts Creek @ Essex Ave (F47),02/24/1998 14:40:00,BSP,NIT-NO3-NO2,Inorganic nitrogen (nitrate and nitrite) (as N),Total,,7.2,mg/l,True,0.2,,,353.2,BSP,Calculated,SW,Water,,Originally reported as Nitrate + Nitrite as NO3.,Clayton,07060004,River/Stream,,42.9590908,-91.4195205
6,15220018,Roberts Creek @ 206th St/B65 (RC02/ROB30),02/24/1998 14:30:00,BSP,NIT-NO3-NO2,Inorganic nitrogen (nitrate and nitrite) (as N),Total,,7.8,mg/l,True,0.1,,,353.2,BSP,Actual,SW,Water,,,Clayton,07060004,River/Stream,,42.9304245,-91.38552335
6,15220036,Turkey River @ Big Spring (TR01),03/03/1998 10:05:00,BSP,NIT-NO3-NO2,Inorganic nitrogen (nitrate and nitrite) (as N),Total,,9.9,mg/l,True,0.2,,,353.2,BSP,Calculated,SW,Water,,Originally reported as Nitrate + Nitrite as NO3.,Clayton,07060004,River/Stream,,42.9095476,-91.4709184
6,15220040,L22T,03/10/1998 11:10:00,BSP,NIT-NO3-NO2,Inorganic nitrogen (nitrate and nitrite) (as N),Total,,15.8,mg/l,True,0.2,,,353.2,BSP,Calculated,GW,Water,,Originally reported as Nitrate + Nitrite as NO3.,Clayton,07060004,Facility Other,,43.0217187,-91.4893474
6,15220036,Turkey River @ Big Spring (TR01),02/24/1998 09:15:00,BSP,NIT-NO3-NO2,Inorganic nitrogen (nitrate and nitrite) (as N),Total,,7.7,mg/l,True,0.1,,,353.2,BSP,Actual,SW,Water,,,Clayton,07060004,River/Stream,,42.9095476,-91.4709184
6,15220036,Turkey River @ Big Spring (TR01),02/24/1998 09:15:00,BSP,NIT-NO3-NO2,Inorganic nitrogen (nitrate and nitrite) (as N),Total,,6.8,mg/l,True,0.2,,,353.2,BSP,Calculated,SW,Water,,Originally reported as Nitrate + Nitrite as NO3.,Clayton,07060004,River/Stream,,42.9095476,-91.4709184
6,15220040,L22T,02/24/1998 10:25:00,BSP,NIT-NO3-NO2,Inorganic nitrogen (nitrate and nitrite) (as N),Total,,13.1,mg/l,True,0.2,,,353.2,BSP,Calculated,GW,Water,,Originally reported as Nitrate + Nitrite as NO3.,Clayton,07060004,Facility Other,,43.0217187,-91.4893474
6,15220036,Turkey River @ Big Spring (TR01),02/03/1998 09:45:00,BSP,NIT-NO3-NO2,Inorganic nitrogen (nitrate and nitrite) (as N),Total,,8.1,mg/l,True,0.2,,,353.2,BSP,Calculated,SW,Water,,Originally reported as Nitrate + Nitrite as NO3.,Clayton,07060004,River/Stream,,42.9095476,-91.4709184
6,15220040,L22T,02/09/1998 10:35:00,BSP,NIT-NO3-NO2,Inorganic nitrogen (nitrate and nitrite) (as N),Total,,14,mg/l,True,0.2,,,353.2,BSP,Calculated,GW,Water,,Originally reported as Nitrate + Nitrite as NO3.,Clayton,07060004,Facility Other,,43.0217187,-91.4893474
6,15220028,Silver Creek @ Dogwood Ave (L23S),02/03/1998 10:25:00,BSP,NIT-NO3-NO2,Inorganic nitrogen (nitrate and nitrite) (as N),Total,,9.1,mg/l,True,0.1,,,353.2,BSP,Actual,SW,Water,,,Clayton,07060004,River/Stream,,43.0217763,-91.4894189
6,15220018,Roberts Creek @ 206th St/B65 (RC02/ROB30),02/03/1998 13:20:00,BSP,NIT-NO3-NO2,Inorganic nitrogen (nitrate and nitrite) (as N),Total,,6.7,mg/l,True,0.1,,,353.2,BSP,Actual,SW,Water,,,Clayton,07060004,River/Stream,,42.9304245,-91.38552335
6,15220036,Turkey River @ Big Spring (TR01),01/27/1998 09:05:00,BSP,NIT-NO3-NO2,Inorganic nitrogen (nitrate and nitrite) (as N),Total,,6.2,mg/l,True,0.1,,,353.2,BSP,Actual,SW,Water,,,Clayton,07060004,River/Stream,,42.9095476,-91.4709184
6,15220034,Unnamed Trib. to Silver Crk. @ Dolphin Ave (SC03),01/27/1998 10:20:00,BSP,NIT-NO3-NO2,Inorganic nitrogen (nitrate and nitrite) (as N),Total,,0.9,mg/l,True,0.2,,,353.2,BSP,Calculated,SW,Water,,Originally reported as Nitrate + Nitrite as NO3.,Clayton,07060004,River/Stream,,43.0342002,-91.4587066
6,15220035,Silver Creek @ 145th St (SC05),01/27/1998 10:15:00,BSP,NIT-NO3-NO2,Inorganic nitrogen (nitrate and nitrite) (as N),Total,,8.8,mg/l,True,0.2,,,353.2,BSP,Calculated,SW,Water,,Originally reported as Nitrate + Nitrite as NO3.,Clayton,07060004,River/Stream,,43.0136712,-91.4626953
6,15220026,Howard Creek @ Co. Rd. X28 (HC01),01/27/1998 14:40:00,BSP,NIT-NO3-NO2,Inorganic nitrogen (nitrate and nitrite) (as N),Total,,7.9,mg/l,True,0.2,,,353.2,BSP,Calculated,SW,Water,,Originally reported as Nitrate + Nitrite as NO3.,Clayton,07060004,River/Stream,,42.9622643,-91.3693639
6,15220040,L22T,02/03/1998 10:30:00,BSP,NIT-NO3-NO2,Inorganic nitrogen (nitrate and nitrite) (as N),Total,,14.2,mg/l,True,0.2,,,353.2,BSP,Calculated,GW,Water,,Originally reported as Nitrate + Nitrite as NO3.,Clayton,07060004,Facility Other,,43.0217187,-91.4893474
6,15220018,Roberts Creek @ 206th St/B65 (RC02/ROB30),01/20/1998 10:15:00,BSP,NIT-NO3-NO2,Inorganic nitrogen (nitrate and nitrite) (as N),Total,,8.2,mg/l,True,0.1,,,353.2,BSP,Actual,SW,Water,,,Clayton,07060004,River/Stream,,42.9304245,-91.38552335
6,15220036,Turkey River @ Big Spring (TR01),01/20/1998 10:35:00,BSP,NIT-NO3-NO2,Inorganic nitrogen (nitrate and nitrite) (as N),Total,,5.9,mg/l,True,0.2,,,353.2,BSP,Calculated,SW,Water,,Originally reported as Nitrate + Nitrite as NO3.,Clayton,07060004,River/Stream,,42.9095476,-91.4709184
6,15220040,L22T,01/27/1998 10:40:00,BSP,NIT-NO3-NO2,Inorganic nitrogen (nitrate and nitrite) (as N),Total,,14.2,mg/l,True,0.2,,,353.2,BSP,Calculated,GW,Water,,Originally reported as Nitrate + Nitrite as NO3.,Clayton,07060004,Facility Other,,43.0217187,-91.4893474
6,15220028,Silver Creek @ Dogwood Ave (L23S),01/06/1998 11:50:00,BSP,NIT-NO3-NO2,Inorganic nitrogen (nitrate and nitrite) (as N),Total,,8.7,mg/l,True,0.1,,,353.2,BSP,Actual,SW,Water,,,Clayton,07060004,River/Stream,,43.0217763,-91.4894189
6,15220028,Silver Creek @ Dogwood Ave (L23S),01/20/1998 11:20:00,BSP,NIT-NO3-NO2,Inorganic nitrogen (nitrate and nitrite) (as N),Total,,10,mg/l,True,0.1,,,353.2,BSP,Actual,SW,Water,,,Clayton,07060004,River/Stream,,43.0217763,-91.4894189
6,15220028,Silver Creek @ Dogwood Ave (L23S),12/23/1997 10:55:00,BSP,NIT-NO3-NO2,Inorganic nitrogen (nitrate and nitrite) (as N),Total,,10,mg/l,True,0.1,,,353.2,BSP,Actual,SW,Water,,,Clayton,07060004,River/Stream,,43.0217763,-91.4894189
6,15220018,Roberts Creek @ 206th St/B65 (RC02/ROB30),12/23/1997 13:45:00,BSP,NIT-NO3-NO2,Inorganic nitrogen (nitrate and nitrite) (as N),Total,,7.7,mg/l,True,0.1,,,353.2,BSP,Actual,SW,Water,,,Clayton,07060004,River/Stream,,42.9304245,-91.38552335
6,15220036,Turkey River @ Big Spring (TR01),12/23/1997 09:55:00,BSP,NIT-NO3-NO2,Inorganic nitrogen (nitrate and nitrite) (as N),Total,,8.4,mg/l,True,0.2,,,353.2,BSP,Calculated,SW,Water,,Originally reported as Nitrate + Nitrite as NO3.,Clayton,07060004,River/Stream,,42.9095476,-91.4709184
6,15220033,Silver Creek @ 155th St (SC01),12/30/1997 10:30:00,BSP,NIT-NO3-NO2,Inorganic nitrogen (nitrate and nitrite) (as N),Total,,8.6,mg/l,True,0.2,,,353.2,BSP,Calculated,SW,Water,,Originally reported as Nitrate + Nitrite as NO3.,Clayton,07060004,River/Stream,,43.0006333,-91.4484974
6,15220027,Unnamed Trib. to Turkey R. @ Big Spring Rd. (HS03),12/30/1997 09:30:00,BSP,NIT-NO3-NO2,Inorganic nitrogen (nitrate and nitrite) (as N),Total,,8.4,mg/l,True,0.2,,,353.2,BSP,Calculated,SW,Water,,Originally reported as Nitrate + Nitrite as NO3.,Clayton,07060004,River/Stream,,42.9268507,-91.4687552
6,15220031,Unnamed Trib. to Roberts Crk. @ Aspen Ave (RC13),12/30/1997 11:20:00,BSP,NIT-NO3-NO2,Inorganic nitrogen (nitrate and nitrite) (as N),Total,,7.4,mg/l,True,0.2,,,353.2,BSP,Calculated,SW,Water,,Originally reported as Nitrate + Nitrite as NO3.,Clayton,07060004,River/Stream,,43.0574767,-91.5781539
6,15220030,Roberts Creek @ 130th St (RC11),12/30/1997 11:15:00,BSP,NIT-NO3-NO2,Inorganic nitrogen (nitrate and nitrite) (as N),Total,,8.6,mg/l,True,0.2,,,353.2,BSP,Calculated,SW,Water,,Originally reported as Nitrate + Nitrite as NO3.,Clayton,07060004,River/Stream,,43.0365499,-91.537903
6,15220029,Roberts Creek @ 145th St (RC10),12/30/1997 11:10:00,BSP,NIT-NO3-NO2,Inorganic nitrogen (nitrate and nitrite) (as N),Total,,7.7,mg/l,True,0.2,,,353.2,BSP,Calculated,SW,Water,,Originally reported as Nitrate + Nitrite as NO3.,Clayton,07060004,River/Stream,,43.0159151,-91.512025
6,15220024,Roberts Creek @ 172nd St (F45),12/30/1997 10:15:00,BSP,NIT-NO3-NO2,Inorganic nitrogen (nitrate and nitrite) (as N),Total,,8.6,mg/l,True,0.2,,,353.2,BSP,Calculated,SW,Water,,Originally reported as Nitrate + Nitrite as NO3.,Clayton,07060004,River/Stream,,42.9750265,-91.4830196
6,15220034,Unnamed Trib. to Silver Crk. @ Dolphin Ave (SC03),12/30/1997 10:40:00,BSP,NIT-NO3-NO2,Inorganic nitrogen (nitrate and nitrite) (as N),Total,,1.1,mg/l,True,0.2,,,353.2,BSP,Calculated,SW,Water,,Originally reported as Nitrate + Nitrite as NO3.,Clayton,07060004,River/Stream,,43.0342002,-91.4587066
6,15220035,Silver Creek @ 145th St (SC05),12/30/1997 10:35:00,BSP,NIT-NO3-NO2,Inorganic nitrogen (nitrate and nitrite) (as N),Total,,10.4,mg/l,True,0.2,,,353.2,BSP,Calculated,SW,Water,,Originally reported as Nitrate + Nitrite as NO3.,Clayton,07060004,River/Stream,,43.0136712,-91.4626953
6,15220026,Howard Creek @ Co. Rd. X28 (HC01),12/30/1997 15:35:00,BSP,NIT-NO3-NO2,Inorganic nitrogen (nitrate and nitrite) (as N),Total,,9.3,mg/l,True,0.2,,,353.2,BSP,Calculated,SW,Water,,Originally reported as Nitrate + Nitrite as NO3.,Clayton,07060004,River/Stream,,42.9622643,-91.3693639
6,15220040,L22T,01/06/1998 11:55:00,BSP,NIT-NO3-NO2,Inorganic nitrogen (nitrate and nitrite) (as N),Total,,13.8,mg/l,True,0.2,,,353.2,BSP,Calculated,GW,Water,,Originally reported as Nitrate + Nitrite as NO3.,Clayton,07060004,Facility Other,,43.0217187,-91.4893474
6,15220018,Roberts Creek @ 206th St/B65 (RC02/ROB30),12/16/1997 13:40:00,BSP,NIT-NO3-NO2,Inorganic nitrogen (nitrate and nitrite) (as N),Total,,16,mg/l,True,0.1,,,353.2,BSP,Actual,SW,Water,,,Clayton,07060004,River/Stream,,42.9304245,-91.38552335
6,15220036,Turkey River @ Big Spring (TR01),12/16/1997 09:45:00,BSP,NIT-NO3-NO2,Inorganic nitrogen (nitrate and nitrite) (as N),Total,,9.3,mg/l,True,0.2,,,353.2,BSP,Calculated,SW,Water,,Originally reported as Nitrate + Nitrite as NO3.,Clayton,07060004,River/Stream,,42.9095476,-91.4709184
6,15220040,L22T,12/23/1997 11:00:00,BSP,NIT-NO3-NO2,Inorganic nitrogen (nitrate and nitrite) (as N),Total,,13.3,mg/l,True,0.2,,,353.2,BSP,Calculated,GW,Water,,Originally reported as Nitrate + Nitrite as NO3.,Clayton,07060004,Facility Other,,43.0217187,-91.4893474
6,15220028,Silver Creek @ Dogwood Ave (L23S),12/16/1997 10:30:00,BSP,NIT-NO3-NO2,Inorganic nitrogen (nitrate and nitrite) (as N),Total,,11,mg/l,True,0.1,,,353.2,BSP,Actual,SW,Water,,,Clayton,07060004,River/Stream,,43.0217763,-91.4894189
6,15220040,L22T,12/16/1997 10:35:00,BSP,NIT-NO3-NO2,Inorganic nitrogen (nitrate and nitrite) (as N),Total,,14.4,mg/l,True,0.2,,,353.2,BSP,Calculated,GW,Water,,Originally reported as Nitrate + Nitrite as NO3.,Clayton,07060004,Facility Other,,43.0217187,-91.4893474
6,15220018,Roberts Creek @ 206th St/B65 (RC02/ROB30),11/25/1997 14:00:00,BSP,NIT-NO3-NO2,Inorganic nitrogen (nitrate and nitrite) (as N),Total,,8.6,mg/l,True,0.1,,,353.2,BSP,Actual,SW,Water,,,Clayton,07060004,River/Stream,,42.9304245,-91.38552335
6,15220033,Silver Creek @ 155th St (SC01),11/25/1997 09:55:00,BSP,NIT-NO3-NO2,Inorganic nitrogen (nitrate and nitrite) (as N),Total,,12,mg/l,True,0.2,,,353.2,BSP,Calculated,SW,Water,,Originally reported as Nitrate + Nitrite as NO3.,Clayton,07060004,River/Stream,,43.0006333,-91.4484974
6,15220027,Unnamed Trib. to Turkey R. @ Big Spring Rd. (HS03),11/25/1997 08:55:00,BSP,NIT-NO3-NO2,Inorganic nitrogen (nitrate and nitrite) (as N),Total,,9,mg/l,True,0.2,,,353.2,BSP,Calculated,SW,Water,,Originally reported as Nitrate + Nitrite as NO3.,Clayton,07060004,River/Stream,,42.9268507,-91.4687552
6,15220031,Unnamed Trib. to Roberts Crk. @ Aspen Ave (RC13),11/25/1997 11:05:00,BSP,NIT-NO3-NO2,Inorganic nitrogen (nitrate and nitrite) (as N),Total,,7.9,mg/l,True,0.2,,,353.2,BSP,Calculated,SW,Water,,Originally reported as Nitrate + Nitrite as NO3.,Clayton,07060004,River/Stream,,43.0574767,-91.5781539
6,15220030,Roberts Creek @ 130th St (RC11),11/25/1997 11:00:00,BSP,NIT-NO3-NO2,Inorganic nitrogen (nitrate and nitrite) (as N),Total,,9,mg/l,True,0.2,,,353.2,BSP,Calculated,SW,Water,,Originally reported as Nitrate + Nitrite as NO3.,Clayton,07060004,River/Stream,,43.0365499,-91.537903
6,15220029,Roberts Creek @ 145th St (RC10),11/25/1997 10:50:00,BSP,NIT-NO3-NO2,Inorganic nitrogen (nitrate and nitrite) (as N),Total,,8.1,mg/l,True,0.2,,,353.2,BSP,Calculated,SW,Water,,Originally reported as Nitrate + Nitrite as NO3.,Clayton,07060004,River/Stream,,43.0159151,-91.512025
6,15220024,Roberts Creek @ 172nd St (F45),11/25/1997 09:40:00,BSP,NIT-NO3-NO2,Inorganic nitrogen (nitrate and nitrite) (as N),Total,,9.3,mg/l,True,0.2,,,353.2,BSP,Calculated,SW,Water,,Originally reported as Nitrate + Nitrite as NO3.,Clayton,07060004,River/Stream,,42.9750265,-91.4830196
6,15220034,Unnamed Trib. to Silver Crk. @ Dolphin Ave (SC03),11/25/1997 10:05:00,BSP,NIT-NO3-NO2,Inorganic nitrogen (nitrate and nitrite) (as N),Total,,9.5,mg/l,True,0.2,,,353.2,BSP,Calculated,SW,Water,,Originally reported as Nitrate + Nitrite as NO3.,Clayton,07060004,River/Stream,,43.0342002,-91.4587066
6,15220035,Silver Creek @ 145th St (SC05),11/25/1997 10:00:00,BSP,NIT-NO3-NO2,Inorganic nitrogen (nitrate and nitrite) (as N),Total,,11.5,mg/l,True,0.2,,,353.2,BSP,Calculated,SW,Water,,Originally reported as Nitrate + Nitrite as NO3.,Clayton,07060004,River/Stream,,43.0136712,-91.4626953
6,15220026,Howard Creek @ Co. Rd. X28 (HC01),11/25/1997 13:55:00,BSP,NIT-NO3-NO2,Inorganic nitrogen (nitrate and nitrite) (as N),Total,,7.9,mg/l,True,0.2,,,353.2,BSP,Calculated,SW,Water,,Originally reported as Nitrate + Nitrite as NO3.,Clayton,07060004,River/Stream,,42.9622643,-91.3693639
6,15220040,L22T,12/02/1997 12:00:00,BSP,NIT-NO3-NO2,Inorganic nitrogen (nitrate and nitrite) (as N),Total,,14.9,mg/l,True,0.2,,,353.2,BSP,Calculated,GW,Water,,Originally reported as Nitrate + Nitrite as NO3.,Clayton,07060004,Facility Other,,43.0217187,-91.4893474
6,15220018,Roberts Creek @ 206th St/B65 (RC02/ROB30),11/18/1997 10:30:00,BSP,NIT-NO3-NO2,Inorganic nitrogen (nitrate and nitrite) (as N),Total,,8.8,mg/l,True,0.1,,,353.2,BSP,Actual,SW,Water,,,Clayton,07060004,River/Stream,,42.9304245,-91.38552335
6,15220036,Turkey River @ Big Spring (TR01),11/18/1997 10:55:00,BSP,NIT-NO3-NO2,Inorganic nitrogen (nitrate and nitrite) (as N),Total,,9.5,mg/l,True,0.2,,,353.2,BSP,Calculated,SW,Water,,Originally reported as Nitrate + Nitrite as NO3.,Clayton,07060004,River/Stream,,42.9095476,-91.4709184
6,15220028,Silver Creek @ Dogwood Ave (L23S),11/18/1997 11:45:00,BSP,NIT-NO3-NO2,Inorganic nitrogen (nitrate and nitrite) (as N),Total,,11,mg/l,True,0.1,,,353.2,BSP,Actual,SW,Water,,,Clayton,07060004,River/Stream,,43.0217763,-91.4894189
6,15220028,Silver Creek @ Dogwood Ave (L23S),11/11/1997 10:25:00,BSP,NIT-NO3-NO2,Inorganic nitrogen (nitrate and nitrite) (as N),Total,,12,mg/l,True,0.1,,,353.2,BSP,Actual,SW,Water,,,Clayton,07060004,River/Stream,,43.0217763,-91.4894189
6,15220036,Turkey River @ Big Spring (TR01),11/11/1997 09:50:00,BSP,NIT-NO3-NO2,Inorganic nitrogen (nitrate and nitrite) (as N),Total,,6.8,mg/l,True,0.2,,,353.2,BSP,Calculated,SW,Water,,Originally reported as Nitrate + Nitrite as NO3.,Clayton,07060004,River/Stream,,42.9095476,-91.4709184
6,15220040,L22T,11/18/1997 11:50:00,BSP,NIT-NO3-NO2,Inorganic nitrogen (nitrate and nitrite) (as N),Total,,15.3,mg/l,True,0.2,,,353.2,BSP,Calculated,GW,Water,,Originally reported as Nitrate + Nitrite as NO3.,Clayton,07060004,Facility Other,,43.0217187,-91.4893474
6,15220018,Roberts Creek @ 206th St/B65 (RC02/ROB30),11/11/1997 13:10:00,BSP,NIT-NO3-NO2,Inorganic nitrogen (nitrate and nitrite) (as N),Total,,8.1,mg/l,True,0.1,,,353.2,BSP,Actual,SW,Water,,,Clayton,07060004,River/Stream,,42.9304245,-91.38552335
6,15220028,Silver Creek @ Dogwood Ave (L23S),10/27/1997 13:40:00,BSP,NIT-NO3-NO2,Inorganic nitrogen (nitrate and nitrite) (as N),Total,,14,mg/l,True,0.1,,,353.2,BSP,Actual,SW,Water,,,Clayton,07060004,River/Stream,,43.0217763,-91.4894189
6,15220025,Roberts Creek @ Essex Ave (F47),10/27/1997 12:30:00,BSP,NIT-NO3-NO2,Inorganic nitrogen (nitrate and nitrite) (as N),Total,,10.2,mg/l,True,0.2,,,353.2,BSP,Calculated,SW,Water,,Originally reported as Nitrate + Nitrite as NO3.,Clayton,07060004,River/Stream,,42.9590908,-91.4195205
6,15220018,Roberts Creek @ 206th St/B65 (RC02/ROB30),10/27/1997 12:45:00,BSP,NIT-NO3-NO2,Inorganic nitrogen (nitrate and nitrite) (as N),Total,,11,mg/l,True,0.1,,,353.2,BSP,Actual,SW,Water,,,Clayton,07060004,River/Stream,,42.9304245,-91.38552335
6,15220033,Silver Creek @ 155th St (SC01),10/27/1997 13:15:00,BSP,NIT-NO3-NO2,Inorganic nitrogen (nitrate and nitrite) (as N),Total,,11.7,mg/l,True,0.2,,,353.2,BSP,Calculated,SW,Water,,Originally reported as Nitrate + Nitrite as NO3.,Clayton,07060004,River/Stream,,43.0006333,-91.4484974
6,15220027,Unnamed Trib. to Turkey R. @ Big Spring Rd. (HS03),10/27/1997 10:20:00,BSP,NIT-NO3-NO2,Inorganic nitrogen (nitrate and nitrite) (as N),Total,,9,mg/l,True,0.2,,,353.2,BSP,Calculated,SW,Water,,Originally reported as Nitrate + Nitrite as NO3.,Clayton,07060004,River/Stream,,42.9268507,-91.4687552
6,15220031,Unnamed Trib. to Roberts Crk. @ Aspen Ave (RC13),10/27/1997 14:35:00,BSP,NIT-NO3-NO2,Inorganic nitrogen (nitrate and nitrite) (as N),Total,,8.8,mg/l,True,0.2,,,353.2,BSP,Calculated,SW,Water,,Originally reported as Nitrate + Nitrite as NO3.,Clayton,07060004,River/Stream,,43.0574767,-91.5781539
6,15220040,L22T,11/11/1997 10:30:00,BSP,NIT-NO3-NO2,Inorganic nitrogen (nitrate and nitrite) (as N),Total,,14.4,mg/l,True,0.2,,,353.2,BSP,Calculated,GW,Water,,Originally reported as Nitrate + Nitrite as NO3.,Clayton,07060004,Facility Other,,43.0217187,-91.4893474
6,15220036,Turkey River @ Big Spring (TR01),10/27/1997 10:30:00,BSP,NIT-NO3-NO2,Inorganic nitrogen (nitrate and nitrite) (as N),Total,,8.1,mg/l,True,0.1,,,353.2,BSP,Actual,SW,Water,,,Clayton,07060004,River/Stream,,42.9095476,-91.4709184
6,15220036,Turkey River @ Big Spring (TR01),10/27/1997 10:30:00,BSP,NIT-NO3-NO2,Inorganic nitrogen (nitrate and nitrite) (as N),Total,,7,mg/l,True,0.2,,,353.2,BSP,Calculated,SW,Water,,Originally reported as Nitrate + Nitrite as NO3.,Clayton,07060004,River/Stream,,42.9095476,-91.4709184
6,15220028,Silver Creek @ Dogwood Ave (L23S),10/14/1997 10:25:00,BSP,NIT-NO3-NO2,Inorganic nitrogen (nitrate and nitrite) (as N),Total,,17,mg/l,True,0.1,,,353.2,BSP,Actual,SW,Water,,,Clayton,07060004,River/Stream,,43.0217763,-91.4894189
6,15220036,Turkey River @ Big Spring (TR01),10/14/1997 09:40:00,BSP,NIT-NO3-NO2,Inorganic nitrogen (nitrate and nitrite) (as N),Total,,7.7,mg/l,True,0.2,,,353.2,BSP,Calculated,SW,Water,,Originally reported as Nitrate + Nitrite as NO3.,Clayton,07060004,River/Stream,,42.9095476,-91.4709184
6,15220018,Roberts Creek @ 206th St/B65 (RC02/ROB30),10/14/1997 13:35:00,BSP,NIT-NO3-NO2,Inorganic nitrogen (nitrate and nitrite) (as N),Total,,12,mg/l,True,0.1,,,353.2,BSP,Actual,SW,Water,,,Clayton,07060004,River/Stream,,42.9304245,-91.38552335
6,15220028,Silver Creek @ Dogwood Ave (L23S),10/07/1997 12:20:00,BSP,NIT-NO3-NO2,Inorganic nitrogen (nitrate and nitrite) (as N),Total,,9.9,mg/l,True,0.1,,,353.2,BSP,Actual,SW,Water,,,Clayton,07060004,River/Stream,,43.0217763,-91.4894189
6,15220018,Roberts Creek @ 206th St/B65 (RC02/ROB30),10/07/1997 14:05:00,BSP,NIT-NO3-NO2,Inorganic nitrogen (nitrate and nitrite) (as N),Total,,6.3,mg/l,True,0.1,,,353.2,BSP,Actual,SW,Water,,,Clayton,07060004,River/Stream,,42.9304245,-91.38552335
6,15220036,Turkey River @ Big Spring (TR01),10/07/1997 11:40:00,BSP,NIT-NO3-NO2,Inorganic nitrogen (nitrate and nitrite) (as N),Total,,5,mg/l,True,0.2,,,353.2,BSP,Calculated,SW,Water,,Originally reported as Nitrate + Nitrite as NO3.,Clayton,07060004,River/Stream,,42.9095476,-91.4709184
6,15220040,L22T,10/14/1997 10:30:00,BSP,NIT-NO3-NO2,Inorganic nitrogen (nitrate and nitrite) (as N),Total,,23,mg/l,True,0.2,,,353.2,BSP,Calculated,GW,Water,,Originally reported as Nitrate + Nitrite as NO3.,Clayton,07060004,Facility Other,,43.0217187,-91.4893474
6,15220028,Silver Creek @ Dogwood Ave (L23S),09/30/1997 10:10:00,BSP,NIT-NO3-NO2,Inorganic nitrogen (nitrate and nitrite) (as N),Total,,9.7,mg/l,True,0.1,,,353.2,BSP,Actual,SW,Water,,,Clayton,07060004,River/Stream,,43.0217763,-91.4894189
6,15220036,Turkey River @ Big Spring (TR01),09/30/1997 09:05:00,BSP,NIT-NO3-NO2,Inorganic nitrogen (nitrate and nitrite) (as N),Total,,9,mg/l,True,0.2,,,353.2,BSP,Calculated,SW,Water,,Originally reported as Nitrate + Nitrite as NO3.,Clayton,07060004,River/Stream,,42.9095476,-91.4709184
6,15220028,Silver Creek @ Dogwood Ave (L23S),09/09/1997 10:20:00,BSP,NIT-NO3-NO2,Inorganic nitrogen (nitrate and nitrite) (as N),Total,,9.6,mg/l,True,0.1,,,353.2,BSP,Actual,SW,Water,,,Clayton,07060004,River/Stream,,43.0217763,-91.4894189
6,15220036,Turkey River @ Big Spring (TR01),09/09/1997 09:50:00,BSP,NIT-NO3-NO2,Inorganic nitrogen (nitrate and nitrite) (as N),Total,,4.7,mg/l,True,0.2,,,353.2,BSP,Calculated,SW,Water,,Originally reported as Nitrate + Nitrite as NO3.,Clayton,07060004,River/Stream,,42.9095476,-91.4709184
6,15220040,L22T,09/16/1997 11:50:00,BSP,NIT-NO3-NO2,Inorganic nitrogen (nitrate and nitrite) (as N),Total,,16.5,mg/l,True,0.2,,,353.2,BSP,Calculated,GW,Water,,Originally reported as Nitrate + Nitrite as NO3.,Clayton,07060004,Facility Other,,43.0217187,-91.4893474
6,15220040,L22T,09/30/1997 10:15:00,BSP,NIT-NO3-NO2,Inorganic nitrogen (nitrate and nitrite) (as N),Total,,16.5,mg/l,True,0.2,,,353.2,BSP,Calculated,GW,Water,,Originally reported as Nitrate + Nitrite as NO3.,Clayton,07060004,Facility Other,,43.0217187,-91.4893474
6,15220036,Turkey River @ Big Spring (TR01),09/30/1997 09:05:00,BSP,NIT-NO3-NO2,Inorganic nitrogen (nitrate and nitrite) (as N),Total,,8.8,mg/l,True,0.1,,,353.2,BSP,Actual,SW,Water,,,Clayton,07060004,River/Stream,,42.9095476,-91.4709184
6,15220018,Roberts Creek @ 206th St/B65 (RC02/ROB30),09/09/1997 13:05:00,BSP,NIT-NO3-NO2,Inorganic nitrogen (nitrate and nitrite) (as N),Total,,5.2,mg/l,True,0.1,,,353.2,BSP,Actual,SW,Water,,,Clayton,07060004,River/Stream,,42.9304245,-91.38552335
6,15220028,Silver Creek @ Dogwood Ave (L23S),08/26/1997 10:30:00,BSP,NIT-NO3-NO2,Inorganic nitrogen (nitrate and nitrite) (as N),Total,,8.2,mg/l,True,0.1,,,353.2,BSP,Actual,SW,Water,,,Clayton,07060004,River/Stream,,43.0217763,-91.4894189
6,15220025,Roberts Creek @ Essex Ave (F47),08/26/1997 14:50:00,BSP,NIT-NO3-NO2,Inorganic nitrogen (nitrate and nitrite) (as N),Total,,5.9,mg/l,True,0.2,,,353.2,BSP,Calculated,SW,Water,,Originally reported as Nitrate + Nitrite as NO3.,Clayton,07060004,River/Stream,,42.9590908,-91.4195205
6,15220018,Roberts Creek @ 206th St/B65 (RC02/ROB30),08/26/1997 14:40:00,BSP,NIT-NO3-NO2,Inorganic nitrogen (nitrate and nitrite) (as N),Total,,5.3,mg/l,True,0.1,,,353.2,BSP,Actual,SW,Water,,,Clayton,07060004,River/Stream,,42.9304245,-91.38552335
6,15220033,Silver Creek @ 155th St (SC01),08/26/1997 10:10:00,BSP,NIT-NO3-NO2,Inorganic nitrogen (nitrate and nitrite) (as N),Total,,7.9,mg/l,True,0.2,,,353.2,BSP,Calculated,SW,Water,,Originally reported as Nitrate + Nitrite as NO3.,Clayton,07060004,River/Stream,,43.0006333,-91.4484974
6,15220036,Turkey River @ Big Spring (TR01),09/02/1997 09:45:00,BSP,NIT-NO3-NO2,Inorganic nitrogen (nitrate and nitrite) (as N),Total,,3.6,mg/l,True,0.2,,,353.2,BSP,Calculated,SW,Water,,Originally reported as Nitrate + Nitrite as NO3.,Clayton,07060004,River/Stream,,42.9095476,-91.4709184
6,15220040,L22T,09/09/1997 10:25:00,BSP,NIT-NO3-NO2,Inorganic nitrogen (nitrate and nitrite) (as N),Total,,14,mg/l,True,0.2,,,353.2,BSP,Calculated,GW,Water,,Originally reported as Nitrate + Nitrite as NO3.,Clayton,07060004,Facility Other,,43.0217187,-91.4893474
6,15220036,Turkey River @ Big Spring (TR01),08/26/1997 09:10:00,BSP,NIT-NO3-NO2,Inorganic nitrogen (nitrate and nitrite) (as N),Total,,3.6,mg/l,True,0.1,,,353.2,BSP,Actual,SW,Water,,,Clayton,07060004,River/Stream,,42.9095476,-91.4709184
6,15220036,Turkey River @ Big Spring (TR01),08/26/1997 09:10:00,BSP,NIT-NO3-NO2,Inorganic nitrogen (nitrate and nitrite) (as N),Total,,3.4,mg/l,True,0.2,,,353.2,BSP,Calculated,SW,Water,,Originally reported as Nitrate + Nitrite as NO3.,Clayton,07060004,River/Stream,,42.9095476,-91.4709184
6,15220018,Roberts Creek @ 206th St/B65 (RC02/ROB30),08/12/1997 13:30:00,BSP,NIT-NO3-NO2,Inorganic nitrogen (nitrate and nitrite) (as N),Total,,5.6,mg/l,True,0.1,,,353.2,BSP,Actual,SW,Water,,,Clayton,07060004,River/Stream,,42.9304245,-91.38552335
6,15220028,Silver Creek @ Dogwood Ave (L23S),08/12/1997 15:30:00,BSP,NIT-NO3-NO2,Inorganic nitrogen (nitrate and nitrite) (as N),Total,,7.1,mg/l,True,0.1,,,353.2,BSP,Actual,SW,Water,,,Clayton,07060004,River/Stream,,43.0217763,-91.4894189
6,15220036,Turkey River @ Big Spring (TR01),08/12/1997 15:00:00,BSP,NIT-NO3-NO2,Inorganic nitrogen (nitrate and nitrite) (as N),Total,,5.4,mg/l,True,0.2,,,353.2,BSP,Calculated,SW,Water,,Originally reported as Nitrate + Nitrite as NO3.,Clayton,07060004,River/Stream,,42.9095476,-91.4709184
6,15220040,L22T,08/26/1997 10:35:00,BSP,NIT-NO3-NO2,Inorganic nitrogen (nitrate and nitrite) (as N),Total,,15.6,mg/l,True,0.2,,,353.2,BSP,Calculated,GW,Water,,Originally reported as Nitrate + Nitrite as NO3.,Clayton,07060004,Facility Other,,43.0217187,-91.4893474
6,15220028,Silver Creek @ Dogwood Ave (L23S),08/05/1997 10:40:00,BSP,NIT-NO3-NO2,Inorganic nitrogen (nitrate and nitrite) (as N),Total,,9.9,mg/l,True,0.1,,,353.2,BSP,Actual,SW,Water,,,Clayton,07060004,River/Stream,,43.0217763,-91.4894189
6,15220036,Turkey River @ Big Spring (TR01),08/05/1997 10:00:00,BSP,NIT-NO3-NO2,Inorganic nitrogen (nitrate and nitrite) (as N),Total,,6.5,mg/l,True,0.2,,,353.2,BSP,Calculated,SW,Water,,Originally reported as Nitrate + Nitrite as NO3.,Clayton,07060004,River/Stream,,42.9095476,-91.4709184
6,15220040,L22T,08/12/1997 15:35:00,BSP,NIT-NO3-NO2,Inorganic nitrogen (nitrate and nitrite) (as N),Total,,16.7,mg/l,True,0.2,,,353.2,BSP,Calculated,GW,Water,,Originally reported as Nitrate + Nitrite as NO3.,Clayton,07060004,Facility Other,,43.0217187,-91.4893474
6,15220028,Silver Creek @ Dogwood Ave (L23S),07/28/1997 11:50:00,BSP,NIT-NO3-NO2,Inorganic nitrogen (nitrate and nitrite) (as N),Total,,18,mg/l,True,0.1,,,353.2,BSP,Actual,SW,Water,,,Clayton,07060004,River/Stream,,43.0217763,-91.4894189
6,15220025,Roberts Creek @ Essex Ave (F47),07/28/1997 17:20:00,BSP,NIT-NO3-NO2,Inorganic nitrogen (nitrate and nitrite) (as N),Total,,6.8,mg/l,True,0.2,,,353.2,BSP,Calculated,SW,Water,,Originally reported as Nitrate + Nitrite as NO3.,Clayton,07060004,River/Stream,,42.9590908,-91.4195205
6,15220018,Roberts Creek @ 206th St/B65 (RC02/ROB30),08/05/1997 13:35:00,BSP,NIT-NO3-NO2,Inorganic nitrogen (nitrate and nitrite) (as N),Total,,8.4,mg/l,True,0.1,,,353.2,BSP,Actual,SW,Water,,,Clayton,07060004,River/Stream,,42.9304245,-91.38552335
6,15220036,Turkey River @ Big Spring (TR01),07/28/1997 09:50:00,BSP,NIT-NO3-NO2,Inorganic nitrogen (nitrate and nitrite) (as N),Total,,3.4,mg/l,True,0.1,,,353.2,BSP,Actual,SW,Water,,,Clayton,07060004,River/Stream,,42.9095476,-91.4709184
6,15220036,Turkey River @ Big Spring (TR01),07/28/1997 09:50:00,BSP,NIT-NO3-NO2,Inorganic nitrogen (nitrate and nitrite) (as N),Total,,3.4,mg/l,True,0.2,,,353.2,BSP,Calculated,SW,Water,,Originally reported as Nitrate + Nitrite as NO3.,Clayton,07060004,River/Stream,,42.9095476,-91.4709184
6,15220040,L22T,07/28/1997 11:55:00,BSP,NIT-NO3-NO2,Inorganic nitrogen (nitrate and nitrite) (as N),Total,,14.4,mg/l,True,0.2,,,353.2,BSP,Calculated,GW,Water,,Originally reported as Nitrate + Nitrite as NO3.,Clayton,07060004,Facility Other,,43.0217187,-91.4893474
6,15220028,Silver Creek @ Dogwood Ave (L23S),07/08/1997 10:50:00,BSP,NIT-NO3-NO2,Inorganic nitrogen (nitrate and nitrite) (as N),Total,,11,mg/l,True,0.1,,,353.2,BSP,Actual,SW,Water,,,Clayton,07060004,River/Stream,,43.0217763,-91.4894189
6,15220036,Turkey River @ Big Spring (TR01),07/08/1997 10:00:00,BSP,NIT-NO3-NO2,Inorganic nitrogen (nitrate and nitrite) (as N),Total,,6.8,mg/l,True,0.2,,,353.2,BSP,Calculated,SW,Water,,Originally reported as Nitrate + Nitrite as NO3.,Clayton,07060004,River/Stream,,42.9095476,-91.4709184
6,15220040,L22T,07/15/1997 10:55:00,BSP,NIT-NO3-NO2,Inorganic nitrogen (nitrate and nitrite) (as N),Total,,17.6,mg/l,True,0.2,,,353.2,BSP,Calculated,GW,Water,,Originally reported as Nitrate + Nitrite as NO3.,Clayton,07060004,Facility Other,,43.0217187,-91.4893474
6,15220018,Roberts Creek @ 206th St/B65 (RC02/ROB30),07/08/1997 13:45:00,BSP,NIT-NO3-NO2,Inorganic nitrogen (nitrate and nitrite) (as N),Total,,10,mg/l,True,0.1,,,353.2,BSP,Actual,SW,Water,,,Clayton,07060004,River/Stream,,42.9304245,-91.38552335
6,15220028,Silver Creek @ Dogwood Ave (L23S),06/24/1997 10:55:00,BSP,NIT-NO3-NO2,Inorganic nitrogen (nitrate and nitrite) (as N),Total,,18,mg/l,True,0.1,,,353.2,BSP,Actual,SW,Water,,,Clayton,07060004,River/Stream,,43.0217763,-91.4894189
6,15220025,Roberts Creek @ Essex Ave (F47),06/24/1997 16:10:00,BSP,NIT-NO3-NO2,Inorganic nitrogen (nitrate and nitrite) (as N),Total,,12.2,mg/l,True,0.2,,,353.2,BSP,Calculated,SW,Water,,Originally reported as Nitrate + Nitrite as NO3.,Clayton,07060004,River/Stream,,42.9590908,-91.4195205
6,15220018,Roberts Creek @ 206th St/B65 (RC02/ROB30),06/24/1997 16:00:00,BSP,NIT-NO3-NO2,Inorganic nitrogen (nitrate and nitrite) (as N),Total,,8.5,mg/l,True,0.1,,,353.2,BSP,Actual,SW,Water,,,Clayton,07060004,River/Stream,,42.9304245,-91.38552335
6,15220033,Silver Creek @ 155th St (SC01),06/24/1997 10:25:00,BSP,NIT-NO3-NO2,Inorganic nitrogen (nitrate and nitrite) (as N),Total,,17.4,mg/l,True,0.2,,,353.2,BSP,Calculated,SW,Water,,Originally reported as Nitrate + Nitrite as NO3.,Clayton,07060004,River/Stream,,43.0006333,-91.4484974
6,15220036,Turkey River @ Big Spring (TR01),07/01/1997 10:00:00,BSP,NIT-NO3-NO2,Inorganic nitrogen (nitrate and nitrite) (as N),Total,,6.3,mg/l,True,0.2,,,353.2,BSP,Calculated,SW,Water,,Originally reported as Nitrate + Nitrite as NO3.,Clayton,07060004,River/Stream,,42.9095476,-91.4709184
6,15220040,L22T,07/08/1997 10:55:00,BSP,NIT-NO3-NO2,Inorganic nitrogen (nitrate and nitrite) (as N),Total,,16.7,mg/l,True,0.2,,,353.2,BSP,Calculated,GW,Water,,Originally reported as Nitrate + Nitrite as NO3.,Clayton,07060004,Facility Other,,43.0217187,-91.4893474
6,15220036,Turkey River @ Big Spring (TR01),06/24/1997 09:20:00,BSP,NIT-NO3-NO2,Inorganic nitrogen (nitrate and nitrite) (as N),Total,,6.2,mg/l,True,0.1,,,353.2,BSP,Actual,SW,Water,,,Clayton,07060004,River/Stream,,42.9095476,-91.4709184
6,15220036,Turkey River @ Big Spring (TR01),06/24/1997 09:20:00,BSP,NIT-NO3-NO2,Inorganic nitrogen (nitrate and nitrite) (as N),Total,,6.8,mg/l,True,0.2,,,353.2,BSP,Calculated,SW,Water,,Originally reported as Nitrate + Nitrite as NO3.,Clayton,07060004,River/Stream,,42.9095476,-91.4709184
6,15220018,Roberts Creek @ 206th St/B65 (RC02/ROB30),06/10/1997 13:40:00,BSP,NIT-NO3-NO2,Inorganic nitrogen (nitrate and nitrite) (as N),Total,,3.5,mg/l,True,0.1,,,353.2,BSP,Actual,SW,Water,,,Clayton,07060004,River/Stream,,42.9304245,-91.38552335
6,15220028,Silver Creek @ Dogwood Ave (L23S),06/10/1997 10:10:00,BSP,NIT-NO3-NO2,Inorganic nitrogen (nitrate and nitrite) (as N),Total,,8.2,mg/l,True,0.1,,,353.2,BSP,Actual,SW,Water,,,Clayton,07060004,River/Stream,,43.0217763,-91.4894189
6,15220036,Turkey River @ Big Spring (TR01),06/10/1997 09:25:00,BSP,NIT-NO3-NO2,Inorganic nitrogen (nitrate and nitrite) (as N),Total,,6.1,mg/l,True,0.2,,,353.2,BSP,Calculated,SW,Water,,Originally reported as Nitrate + Nitrite as NO3.,Clayton,07060004,River/Stream,,42.9095476,-91.4709184
6,15220040,L22T,06/24/1997 11:00:00,BSP,NIT-NO3-NO2,Inorganic nitrogen (nitrate and nitrite) (as N),Total,,18.1,mg/l,True,0.2,,,353.2,BSP,Calculated,GW,Water,,Originally reported as Nitrate + Nitrite as NO3.,Clayton,07060004,Facility Other,,43.0217187,-91.4893474
6,15220028,Silver Creek @ Dogwood Ave (L23S),06/03/1997 10:40:00,BSP,NIT-NO3-NO2,Inorganic nitrogen (nitrate and nitrite) (as N),Total,,8,mg/l,True,0.1,,,353.2,BSP,Actual,SW,Water,,,Clayton,07060004,River/Stream,,43.0217763,-91.4894189
6,15220036,Turkey River @ Big Spring (TR01),06/03/1997 09:55:00,BSP,NIT-NO3-NO2,Inorganic nitrogen (nitrate and nitrite) (as N),Total,,5.9,mg/l,True,0.2,,,353.2,BSP,Calculated,SW,Water,,Originally reported as Nitrate + Nitrite as NO3.,Clayton,07060004,River/Stream,,42.9095476,-91.4709184
6,15220040,L22T,06/10/1997 10:20:00,BSP,NIT-NO3-NO2,Inorganic nitrogen (nitrate and nitrite) (as N),Total,,16.9,mg/l,True,0.2,,,353.2,BSP,Calculated,GW,Water,,Originally reported as Nitrate + Nitrite as NO3.,Clayton,07060004,Facility Other,,43.0217187,-91.4893474
6,15220018,Roberts Creek @ 206th St/B65 (RC02/ROB30),05/26/1997 16:55:00,BSP,NIT-NO3-NO2,Inorganic nitrogen (nitrate and nitrite) (as N),Total,,5.6,mg/l,True,0.1,,,353.2,BSP,Actual,SW,Water,,,Clayton,07060004,River/Stream,,42.9304245,-91.38552335
6,15220028,Silver Creek @ Dogwood Ave (L23S),05/26/1997 11:00:00,BSP,NIT-NO3-NO2,Inorganic nitrogen (nitrate and nitrite) (as N),Total,,8.9,mg/l,True,0.1,,,353.2,BSP,Actual,SW,Water,,,Clayton,07060004,River/Stream,,43.0217763,-91.4894189
6,15220025,Roberts Creek @ Essex Ave (F47),05/26/1997 17:10:00,BSP,NIT-NO3-NO2,Inorganic nitrogen (nitrate and nitrite) (as N),Total,,5.4,mg/l,True,0.2,,,353.2,BSP,Calculated,SW,Water,,Originally reported as Nitrate + Nitrite as NO3.,Clayton,07060004,River/Stream,,42.9590908,-91.4195205
6,15220036,Turkey River @ Big Spring (TR01),05/26/1997 09:30:00,BSP,NIT-NO3-NO2,Inorganic nitrogen (nitrate and nitrite) (as N),Total,,5.9,mg/l,True,0.1,,,353.2,BSP,Actual,SW,Water,,,Clayton,07060004,River/Stream,,42.9095476,-91.4709184
6,15220036,Turkey River @ Big Spring (TR01),05/26/1997 09:30:00,BSP,NIT-NO3-NO2,Inorganic nitrogen (nitrate and nitrite) (as N),Total,,5.9,mg/l,True,0.2,,,353.2,BSP,Calculated,SW,Water,,Originally reported as Nitrate + Nitrite as NO3.,Clayton,07060004,River/Stream,,42.9095476,-91.4709184
6,15220018,Roberts Creek @ 206th St/B65 (RC02/ROB30),05/13/1997 14:00:00,BSP,NIT-NO3-NO2,Inorganic nitrogen (nitrate and nitrite) (as N),Total,,8.7,mg/l,True,0.1,,,353.2,BSP,Actual,SW,Water,,,Clayton,07060004,River/Stream,,42.9304245,-91.38552335
6,15220040,L22T,05/26/1997 11:05:00,BSP,NIT-NO3-NO2,Inorganic nitrogen (nitrate and nitrite) (as N),Total,,17.6,mg/l,True,0.2,,,353.2,BSP,Calculated,GW,Water,,Originally reported as Nitrate + Nitrite as NO3.,Clayton,07060004,Facility Other,,43.0217187,-91.4893474
6,15220028,Silver Creek @ Dogwood Ave (L23S),05/06/1997 10:40:00,BSP,NIT-NO3-NO2,Inorganic nitrogen (nitrate and nitrite) (as N),Total,,12,mg/l,True,0.1,,,353.2,BSP,Actual,SW,Water,,,Clayton,07060004,River/Stream,,43.0217763,-91.4894189
6,15220036,Turkey River @ Big Spring (TR01),05/06/1997 09:50:00,BSP,NIT-NO3-NO2,Inorganic nitrogen (nitrate and nitrite) (as N),Total,,10.2,mg/l,True,0.2,,,353.2,BSP,Calculated,SW,Water,,Originally reported as Nitrate + Nitrite as NO3.,Clayton,07060004,River/Stream,,42.9095476,-91.4709184
6,15220040,L22T,05/13/1997 10:40:00,BSP,NIT-NO3-NO2,Inorganic nitrogen (nitrate and nitrite) (as N),Total,,16.5,mg/l,True,0.2,,,353.2,BSP,Calculated,GW,Water,,Originally reported as Nitrate + Nitrite as NO3.,Clayton,07060004,Facility Other,,43.0217187,-91.4893474
6,15220018,Roberts Creek @ 206th St/B65 (RC02/ROB30),05/06/1997 15:20:00,BSP,NIT-NO3-NO2,Inorganic nitrogen (nitrate and nitrite) (as N),Total,,10,mg/l,True,0.1,,,353.2,BSP,Actual,SW,Water,,,Clayton,07060004,River/Stream,,42.9304245,-91.38552335
6,15220028,Silver Creek @ Dogwood Ave (L23S),04/29/1997 10:30:00,BSP,NIT-NO3-NO2,Inorganic nitrogen (nitrate and nitrite) (as N),Total,,7.6,mg/l,True,0.1,,,353.2,BSP,Actual,SW,Water,,,Clayton,07060004,River/Stream,,43.0217763,-91.4894189
6,15220040,L22T,05/06/1997 10:50:00,BSP,NIT-NO3-NO2,Inorganic nitrogen (nitrate and nitrite) (as N),Total,,19.2,mg/l,True,0.2,,,353.2,BSP,Calculated,GW,Water,,Originally reported as Nitrate + Nitrite as NO3.,Clayton,07060004,Facility Other,,43.0217187,-91.4893474
6,15220018,Roberts Creek @ 206th St/B65 (RC02/ROB30),09/29/1998 14:40:00,BSP,NIT-NO3-NO2,Inorganic nitrogen (nitrate and nitrite) (as N),Total,,5.8,mg/l,True,0.1,,,353.2,BSP,Actual,SW,Water,,,Clayton,07060004,River/Stream,,42.9304245,-91.38552335
6,15220036,Turkey River @ Big Spring (TR01),10/13/1998 10:00:00,BSP,NIT-NO3-NO2,Inorganic nitrogen (nitrate and nitrite) (as N),Total,,7.4,mg/l,True,0.2,,,353.2,BSP,Calculated,SW,Water,,Originally reported as Nitrate + Nitrite as NO3.,Clayton,07060004,River/Stream,,42.9095476,-91.4709184
6,15220040,L22T,10/20/1998 10:50:00,BSP,NIT-NO3-NO2,Inorganic nitrogen (nitrate and nitrite) (as N),Total,,13.5,mg/l,True,0.2,,,353.2,BSP,Calculated,GW,Water,,Originally reported as Nitrate + Nitrite as NO3.,Clayton,07060004,Facility Other,,43.0217187,-91.4893474
6,15220028,Silver Creek @ Dogwood Ave (L23S),10/20/1998 10:45:00,BSP,NIT-NO3-NO2,Inorganic nitrogen (nitrate and nitrite) (as N),Total,,9,mg/l,True,0.2,,,353.2,BSP,Calculated,SW,Water,,Originally reported as Nitrate + Nitrite as NO3.,Clayton,07060004,River/Stream,,43.0217763,-91.4894189
6,15220018,Roberts Creek @ 206th St/B65 (RC02/ROB30),10/20/1998 14:00:00,BSP,NIT-NO3-NO2,Inorganic nitrogen (nitrate and nitrite) (as N),Total,,5.6,mg/l,True,0.2,,,353.2,BSP,Calculated,SW,Water,,Originally reported as Nitrate + Nitrite as NO3.,Clayton,07060004,River/Stream,,42.9304245,-91.38552335
6,15220036,Turkey River @ Big Spring (TR01),10/20/1998 09:55:00,BSP,NIT-NO3-NO2,Inorganic nitrogen (nitrate and nitrite) (as N),Total,,7,mg/l,True,0.2,,,353.2,BSP,Calculated,SW,Water,,Originally reported as Nitrate + Nitrite as NO3.,Clayton,07060004,River/Stream,,42.9095476,-91.4709184
6,15220040,L22T,10/27/1998 10:45:00,BSP,NIT-NO3-NO2,Inorganic nitrogen (nitrate and nitrite) (as N),Total,,12.9,mg/l,True,0.2,,,353.2,BSP,Calculated,GW,Water,,Originally reported as Nitrate + Nitrite as NO3.,Clayton,07060004,Facility Other,,43.0217187,-91.4893474
6,15220028,Silver Creek @ Dogwood Ave (L23S),10/27/1998 10:35:00,BSP,NIT-NO3-NO2,Inorganic nitrogen (nitrate and nitrite) (as N),Total,,7,mg/l,True,0.2,,,353.2,BSP,Calculated,SW,Water,,Originally reported as Nitrate + Nitrite as NO3.,Clayton,07060004,River/Stream,,43.0217763,-91.4894189
6,15220018,Roberts Creek @ 206th St/B65 (RC02/ROB30),10/27/1998 14:20:00,BSP,NIT-NO3-NO2,Inorganic nitrogen (nitrate and nitrite) (as N),Total,,5.9,mg/l,True,0.2,,,353.2,BSP,Calculated,SW,Water,,Originally reported as Nitrate + Nitrite as NO3.,Clayton,07060004,River/Stream,,42.9304245,-91.38552335
6,15220036,Turkey River @ Big Spring (TR01),10/27/1998 09:30:00,BSP,NIT-NO3-NO2,Inorganic nitrogen (nitrate and nitrite) (as N),Total,,9.9,mg/l,True,0.2,,,353.2,BSP,Calculated,SW,Water,,Originally reported as Nitrate + Nitrite as NO3.,Clayton,07060004,River/Stream,,42.9095476,-91.4709184
6,15220040,L22T,11/03/1998 11:00:00,BSP,NIT-NO3-NO2,Inorganic nitrogen (nitrate and nitrite) (as N),Total,,13.5,mg/l,True,0.2,,,353.2,BSP,Calculated,GW,Water,,Originally reported as Nitrate + Nitrite as NO3.,Clayton,07060004,Facility Other,,43.0217187,-91.4893474
6,15220028,Silver Creek @ Dogwood Ave (L23S),11/03/1998 10:55:00,BSP,NIT-NO3-NO2,Inorganic nitrogen (nitrate and nitrite) (as N),Total,,9.9,mg/l,True,0.2,,,353.2,BSP,Calculated,SW,Water,,Originally reported as Nitrate + Nitrite as NO3.,Clayton,07060004,River/Stream,,43.0217763,-91.4894189
6,15220018,Roberts Creek @ 206th St/B65 (RC02/ROB30),11/03/1998 14:00:00,BSP,NIT-NO3-NO2,Inorganic nitrogen (nitrate and nitrite) (as N),Total,,7.4,mg/l,True,0.2,,,353.2,BSP,Calculated,SW,Water,,Originally reported as Nitrate + Nitrite as NO3.,Clayton,07060004,River/Stream,,42.9304245,-91.38552335
6,15220018,Roberts Creek @ 206th St/B65 (RC02/ROB30),11/24/1998 13:40:00,BSP,NIT-NO3-NO2,Inorganic nitrogen (nitrate and nitrite) (as N),Total,,8.6,mg/l,True,0.2,,,353.2,BSP,Calculated,SW,Water,,Originally reported as Nitrate + Nitrite as NO3.,Clayton,07060004,River/Stream,,42.9304245,-91.38552335
6,15220036,Turkey River @ Big Spring (TR01),11/24/1998 09:15:00,BSP,NIT-NO3-NO2,Inorganic nitrogen (nitrate and nitrite) (as N),Total,,8.6,mg/l,True,0.2,,,353.2,BSP,Calculated,SW,Water,,Originally reported as Nitrate + Nitrite as NO3.,Clayton,07060004,River/Stream,,42.9095476,-91.4709184
6,15220040,L22T,12/01/1998 11:10:00,BSP,NIT-NO3-NO2,Inorganic nitrogen (nitrate and nitrite) (as N),Total,,13.5,mg/l,True,0.2,,,353.2,BSP,Calculated,GW,Water,,Originally reported as Nitrate + Nitrite as NO3.,Clayton,07060004,Facility Other,,43.0217187,-91.4893474
6,15220028,Silver Creek @ Dogwood Ave (L23S),12/01/1998 11:05:00,BSP,NIT-NO3-NO2,Inorganic nitrogen (nitrate and nitrite) (as N),Total,,10.8,mg/l,True,0.2,,,353.2,BSP,Calculated,SW,Water,,Originally reported as Nitrate + Nitrite as NO3.,Clayton,07060004,River/Stream,,43.0217763,-91.4894189
6,15220018,Roberts Creek @ 206th St/B65 (RC02/ROB30),12/01/1998 14:55:00,BSP,NIT-NO3-NO2,Inorganic nitrogen (nitrate and nitrite) (as N),Total,,7.4,mg/l,True,0.2,,,353.2,BSP,Calculated,SW,Water,,Originally reported as Nitrate + Nitrite as NO3.,Clayton,07060004,River/Stream,,42.9304245,-91.38552335
6,15220036,Turkey River @ Big Spring (TR01),12/01/1998 09:50:00,BSP,NIT-NO3-NO2,Inorganic nitrogen (nitrate and nitrite) (as N),Total,,7.4,mg/l,True,0.2,,,353.2,BSP,Calculated,SW,Water,,Originally reported as Nitrate + Nitrite as NO3.,Clayton,07060004,River/Stream,,42.9095476,-91.4709184
6,15220040,L22T,12/08/1998 10:50:00,BSP,NIT-NO3-NO2,Inorganic nitrogen (nitrate and nitrite) (as N),Total,,14,mg/l,True,0.2,,,353.2,BSP,Calculated,GW,Water,,Originally reported as Nitrate + Nitrite as NO3.,Clayton,07060004,Facility Other,,43.0217187,-91.4893474
6,15220028,Silver Creek @ Dogwood Ave (L23S),12/08/1998 10:45:00,BSP,NIT-NO3-NO2,Inorganic nitrogen (nitrate and nitrite) (as N),Total,,11.5,mg/l,True,0.2,,,353.2,BSP,Calculated,SW,Water,,Originally reported as Nitrate + Nitrite as NO3.,Clayton,07060004,River/Stream,,43.0217763,-91.4894189
6,15220018,Roberts Creek @ 206th St/B65 (RC02/ROB30),12/08/1998 13:30:00,BSP,NIT-NO3-NO2,Inorganic nitrogen (nitrate and nitrite) (as N),Total,,7.4,mg/l,True,0.2,,,353.2,BSP,Calculated,SW,Water,,Originally reported as Nitrate + Nitrite as NO3.,Clayton,07060004,River/Stream,,42.9304245,-91.38552335
6,15220036,Turkey River @ Big Spring (TR01),12/08/1998 10:00:00,BSP,NIT-NO3-NO2,Inorganic nitrogen (nitrate and nitrite) (as N),Total,,7.7,mg/l,True,0.2,,,353.2,BSP,Calculated,SW,Water,,Originally reported as Nitrate + Nitrite as NO3.,Clayton,07060004,River/Stream,,42.9095476,-91.4709184
6,15220040,L22T,01/12/1999 11:15:00,BSP,NIT-NO3-NO2,Inorganic nitrogen (nitrate and nitrite) (as N),Total,,13.5,mg/l,True,0.2,,,353.2,BSP,Calculated,GW,Water,,Originally reported as Nitrate + Nitrite as NO3.,Clayton,07060004,Facility Other,,43.0217187,-91.4893474
6,15220028,Silver Creek @ Dogwood Ave (L23S),01/12/1999 11:05:00,BSP,NIT-NO3-NO2,Inorganic nitrogen (nitrate and nitrite) (as N),Total,,10.2,mg/l,True,0.2,,,353.2,BSP,Calculated,SW,Water,,Originally reported as Nitrate + Nitrite as NO3.,Clayton,07060004,River/Stream,,43.0217763,-91.4894189
6,15220018,Roberts Creek @ 206th St/B65 (RC02/ROB30),01/12/1999 14:30:00,BSP,NIT-NO3-NO2,Inorganic nitrogen (nitrate and nitrite) (as N),Total,,7.7,mg/l,True,0.2,,,353.2,BSP,Calculated,SW,Water,,Originally reported as Nitrate + Nitrite as NO3.,Clayton,07060004,River/Stream,,42.9304245,-91.38552335
6,15220036,Turkey River @ Big Spring (TR01),01/12/1999 10:00:00,BSP,NIT-NO3-NO2,Inorganic nitrogen (nitrate and nitrite) (as N),Total,,7.2,mg/l,True,0.2,,,353.2,BSP,Calculated,SW,Water,,Originally reported as Nitrate + Nitrite as NO3.,Clayton,07060004,River/Stream,,42.9095476,-91.4709184
6,15220040,L22T,01/19/1999 10:50:00,BSP,NIT-NO3-NO2,Inorganic nitrogen (nitrate and nitrite) (as N),Total,,12.9,mg/l,True,0.2,,,353.2,BSP,Calculated,GW,Water,,Originally reported as Nitrate + Nitrite as NO3.,Clayton,07060004,Facility Other,,43.0217187,-91.4893474
6,15220028,Silver Creek @ Dogwood Ave (L23S),01/19/1999 10:40:00,BSP,NIT-NO3-NO2,Inorganic nitrogen (nitrate and nitrite) (as N),Total,,9.7,mg/l,True,0.2,,,353.2,BSP,Calculated,SW,Water,,Originally reported as Nitrate + Nitrite as NO3.,Clayton,07060004,River/Stream,,43.0217763,-91.4894189
6,15220018,Roberts Creek @ 206th St/B65 (RC02/ROB30),01/19/1999 15:00:00,BSP,NIT-NO3-NO2,Inorganic nitrogen (nitrate and nitrite) (as N),Total,,7,mg/l,True,0.2,,,353.2,BSP,Calculated,SW,Water,,Originally reported as Nitrate + Nitrite as NO3.,Clayton,07060004,River/Stream,,42.9304245,-91.38552335
6,15220036,Turkey River @ Big Spring (TR01),01/19/1999 09:50:00,BSP,NIT-NO3-NO2,Inorganic nitrogen (nitrate and nitrite) (as N),Total,,6.5,mg/l,True,0.2,,,353.2,BSP,Calculated,SW,Water,,Originally reported as Nitrate + Nitrite as NO3.,Clayton,07060004,River/Stream,,42.9095476,-91.4709184
6,15220040,L22T,01/26/1999 11:00:00,BSP,NIT-NO3-NO2,Inorganic nitrogen (nitrate and nitrite) (as N),Total,,13.3,mg/l,True,0.2,,,353.2,BSP,Calculated,GW,Water,,Originally reported as Nitrate + Nitrite as NO3.,Clayton,07060004,Facility Other,,43.0217187,-91.4893474
6,15220028,Silver Creek @ Dogwood Ave (L23S),01/26/1999 10:50:00,BSP,NIT-NO3-NO2,Inorganic nitrogen (nitrate and nitrite) (as N),Total,,9.7,mg/l,True,0.2,,,353.2,BSP,Calculated,SW,Water,,Originally reported as Nitrate + Nitrite as NO3.,Clayton,07060004,River/Stream,,43.0217763,-91.4894189
6,15220028,Silver Creek @ Dogwood Ave (L23S),02/16/1999 10:25:00,BSP,NIT-NO3-NO2,Inorganic nitrogen (nitrate and nitrite) (as N),Total,,9.7,mg/l,True,0.2,,,353.2,BSP,Calculated,SW,Water,,Originally reported as Nitrate + Nitrite as NO3.,Clayton,07060004,River/Stream,,43.0217763,-91.4894189
6,15220018,Roberts Creek @ 206th St/B65 (RC02/ROB30),02/16/1999 12:55:00,BSP,NIT-NO3-NO2,Inorganic nitrogen (nitrate and nitrite) (as N),Total,,8.1,mg/l,True,0.2,,,353.2,BSP,Calculated,SW,Water,,Originally reported as Nitrate + Nitrite as NO3.,Clayton,07060004,River/Stream,,42.9304245,-91.38552335
6,15220036,Turkey River @ Big Spring (TR01),02/16/1999 09:45:00,BSP,NIT-NO3-NO2,Inorganic nitrogen (nitrate and nitrite) (as N),Total,,7.7,mg/l,True,0.2,,,353.2,BSP,Calculated,SW,Water,,Originally reported as Nitrate + Nitrite as NO3.,Clayton,07060004,River/Stream,,42.9095476,-91.4709184
6,15220040,L22T,02/23/1999 11:15:00,BSP,NIT-NO3-NO2,Inorganic nitrogen (nitrate and nitrite) (as N),Total,,12.9,mg/l,True,0.2,,,353.2,BSP,Calculated,GW,Water,,Originally reported as Nitrate + Nitrite as NO3.,Clayton,07060004,Facility Other,,43.0217187,-91.4893474
6,15220028,Silver Creek @ Dogwood Ave (L23S),02/23/1999 11:10:00,BSP,NIT-NO3-NO2,Inorganic nitrogen (nitrate and nitrite) (as N),Total,,11.1,mg/l,True,0.2,,,353.2,BSP,Calculated,SW,Water,,Originally reported as Nitrate + Nitrite as NO3.,Clayton,07060004,River/Stream,,43.0217763,-91.4894189
6,15220018,Roberts Creek @ 206th St/B65 (RC02/ROB30),02/23/1999 14:30:00,BSP,NIT-NO3-NO2,Inorganic nitrogen (nitrate and nitrite) (as N),Total,,8.8,mg/l,True,0.2,,,353.2,BSP,Calculated,SW,Water,,Originally reported as Nitrate + Nitrite as NO3.,Clayton,07060004,River/Stream,,42.9304245,-91.38552335
6,15220036,Turkey River @ Big Spring (TR01),02/23/1999 10:00:00,BSP,NIT-NO3-NO2,Inorganic nitrogen (nitrate and nitrite) (as N),Total,,7.2,mg/l,True,0.2,,,353.2,BSP,Calculated,SW,Water,,Originally reported as Nitrate + Nitrite as NO3.,Clayton,07060004,River/Stream,,42.9095476,-91.4709184
6,15220040,L22T,03/02/1999 10:40:00,BSP,NIT-NO3-NO2,Inorganic nitrogen (nitrate and nitrite) (as N),Total,,12.6,mg/l,True,0.2,,,353.2,BSP,Calculated,GW,Water,,Originally reported as Nitrate + Nitrite as NO3.,Clayton,07060004,Facility Other,,43.0217187,-91.4893474
6,15220028,Silver Creek @ Dogwood Ave (L23S),03/02/1999 10:35:00,BSP,NIT-NO3-NO2,Inorganic nitrogen (nitrate and nitrite) (as N),Total,,9.5,mg/l,True,0.2,,,353.2,BSP,Calculated,SW,Water,,Originally reported as Nitrate + Nitrite as NO3.,Clayton,07060004,River/Stream,,43.0217763,-91.4894189
6,15220018,Roberts Creek @ 206th St/B65 (RC02/ROB30),03/02/1999 13:15:00,BSP,NIT-NO3-NO2,Inorganic nitrogen (nitrate and nitrite) (as N),Total,,7,mg/l,True,0.2,,,353.2,BSP,Calculated,SW,Water,,Originally reported as Nitrate + Nitrite as NO3.,Clayton,07060004,River/Stream,,42.9304245,-91.38552335
6,15220036,Turkey River @ Big Spring (TR01),03/02/1999 09:45:00,BSP,NIT-NO3-NO2,Inorganic nitrogen (nitrate and nitrite) (as N),Total,,6.5,mg/l,True,0.2,,,353.2,BSP,Calculated,SW,Water,,Originally reported as Nitrate + Nitrite as NO3.,Clayton,07060004,River/Stream,,42.9095476,-91.4709184
6,15220028,Silver Creek @ Dogwood Ave (L23S),03/30/1999 10:55:00,BSP,NIT-NO3-NO2,Inorganic nitrogen (nitrate and nitrite) (as N),Total,,8.6,mg/l,True,0.2,,,353.2,BSP,Calculated,SW,Water,,Originally reported as Nitrate + Nitrite as NO3.,Clayton,07060004,River/Stream,,43.0217763,-91.4894189
6,15220018,Roberts Creek @ 206th St/B65 (RC02/ROB30),03/30/1999 14:45:00,BSP,NIT-NO3-NO2,Inorganic nitrogen (nitrate and nitrite) (as N),Total,,5.6,mg/l,True,0.2,,,353.2,BSP,Calculated,SW,Water,,Originally reported as Nitrate + Nitrite as NO3.,Clayton,07060004,River/Stream,,42.9304245,-91.38552335
6,15220036,Turkey River @ Big Spring (TR01),03/30/1999 10:00:00,BSP,NIT-NO3-NO2,Inorganic nitrogen (nitrate and nitrite) (as N),Total,,5.6,mg/l,True,0.2,,,353.2,BSP,Calculated,SW,Water,,Originally reported as Nitrate + Nitrite as NO3.,Clayton,07060004,River/Stream,,42.9095476,-91.4709184
6,15220040,L22T,04/06/1999 10:25:00,BSP,NIT-NO3-NO2,Inorganic nitrogen (nitrate and nitrite) (as N),Total,,11.3,mg/l,True,0.2,,,353.2,BSP,Calculated,GW,Water,,Originally reported as Nitrate + Nitrite as NO3.,Clayton,07060004,Facility Other,,43.0217187,-91.4893474
6,15220028,Silver Creek @ Dogwood Ave (L23S),04/06/1999 10:20:00,BSP,NIT-NO3-NO2,Inorganic nitrogen (nitrate and nitrite) (as N),Total,,8.6,mg/l,True,0.2,,,353.2,BSP,Calculated,SW,Water,,Originally reported as Nitrate + Nitrite as NO3.,Clayton,07060004,River/Stream,,43.0217763,-91.4894189
6,15220018,Roberts Creek @ 206th St/B65 (RC02/ROB30),04/06/1999 13:05:00,BSP,NIT-NO3-NO2,Inorganic nitrogen (nitrate and nitrite) (as N),Total,,4.5,mg/l,True,0.2,,,353.2,BSP,Calculated,SW,Water,,Originally reported as Nitrate + Nitrite as NO3.,Clayton,07060004,River/Stream,,42.9304245,-91.38552335
6,15220036,Turkey River @ Big Spring (TR01),04/06/1999 09:50:00,BSP,NIT-NO3-NO2,Inorganic nitrogen (nitrate and nitrite) (as N),Total,,5.2,mg/l,True,0.2,,,353.2,BSP,Calculated,SW,Water,,Originally reported as Nitrate + Nitrite as NO3.,Clayton,07060004,River/Stream,,42.9095476,-91.4709184
6,15220040,L22T,04/13/1999 11:05:00,BSP,NIT-NO3-NO2,Inorganic nitrogen (nitrate and nitrite) (as N),Total,,15.8,mg/l,True,0.2,,,353.2,BSP,Calculated,GW,Water,,Originally reported as Nitrate + Nitrite as NO3.,Clayton,07060004,Facility Other,,43.0217187,-91.4893474
6,15220028,Silver Creek @ Dogwood Ave (L23S),04/13/1999 11:00:00,BSP,NIT-NO3-NO2,Inorganic nitrogen (nitrate and nitrite) (as N),Total,,12.2,mg/l,True,0.2,,,353.2,BSP,Calculated,SW,Water,,Originally reported as Nitrate + Nitrite as NO3.,Clayton,07060004,River/Stream,,43.0217763,-91.4894189
6,15220018,Roberts Creek @ 206th St/B65 (RC02/ROB30),04/13/1999 13:45:00,BSP,NIT-NO3-NO2,Inorganic nitrogen (nitrate and nitrite) (as N),Total,,10.6,mg/l,True,0.2,,,353.2,BSP,Calculated,SW,Water,,Originally reported as Nitrate + Nitrite as NO3.,Clayton,07060004,River/Stream,,42.9304245,-91.38552335
6,15220036,Turkey River @ Big Spring (TR01),05/04/1999 09:10:00,BSP,NIT-NO3-NO2,Inorganic nitrogen (nitrate and nitrite) (as N),Total,,8.6,mg/l,True,0.2,,,353.2,BSP,Calculated,SW,Water,,Originally reported as Nitrate + Nitrite as NO3.,Clayton,07060004,River/Stream,,42.9095476,-91.4709184
6,15220040,L22T,05/11/1999 10:20:00,BSP,NIT-NO3-NO2,Inorganic nitrogen (nitrate and nitrite) (as N),Total,,16,mg/l,True,0.2,,,353.2,BSP,Calculated,GW,Water,,Originally reported as Nitrate + Nitrite as NO3.,Clayton,07060004,Facility Other,,43.0217187,-91.4893474
6,15220028,Silver Creek @ Dogwood Ave (L23S),05/11/1999 10:15:00,BSP,NIT-NO3-NO2,Inorganic nitrogen (nitrate and nitrite) (as N),Total,,12.6,mg/l,True,0.2,,,353.2,BSP,Calculated,SW,Water,,Originally reported as Nitrate + Nitrite as NO3.,Clayton,07060004,River/Stream,,43.0217763,-91.4894189
6,15220018,Roberts Creek @ 206th St/B65 (RC02/ROB30),05/11/1999 13:10:00,BSP,NIT-NO3-NO2,Inorganic nitrogen (nitrate and nitrite) (as N),Total,,9.7,mg/l,True,0.2,,,353.2,BSP,Calculated,SW,Water,,Originally reported as Nitrate + Nitrite as NO3.,Clayton,07060004,River/Stream,,42.9304245,-91.38552335
6,15220036,Turkey River @ Big Spring (TR01),05/11/1999 09:35:00,BSP,NIT-NO3-NO2,Inorganic nitrogen (nitrate and nitrite) (as N),Total,,8.1,mg/l,True,0.2,,,353.2,BSP,Calculated,SW,Water,,Originally reported as Nitrate + Nitrite as NO3.,Clayton,07060004,River/Stream,,42.9095476,-91.4709184
6,15220040,L22T,05/18/1999 10:25:00,BSP,NIT-NO3-NO2,Inorganic nitrogen (nitrate and nitrite) (as N),Total,,15.3,mg/l,True,0.2,,,353.2,BSP,Calculated,GW,Water,,Originally reported as Nitrate + Nitrite as NO3.,Clayton,07060004,Facility Other,,43.0217187,-91.4893474
6,15220028,Silver Creek @ Dogwood Ave (L23S),05/18/1999 10:20:00,BSP,NIT-NO3-NO2,Inorganic nitrogen (nitrate and nitrite) (as N),Total,,16.9,mg/l,True,0.2,,,353.2,BSP,Calculated,SW,Water,,Originally reported as Nitrate + Nitrite as NO3.,Clayton,07060004,River/Stream,,43.0217763,-91.4894189
6,15220018,Roberts Creek @ 206th St/B65 (RC02/ROB30),05/18/1999 13:30:00,BSP,NIT-NO3-NO2,Inorganic nitrogen (nitrate and nitrite) (as N),Total,,13.5,mg/l,True,0.2,,,353.2,BSP,Calculated,SW,Water,,Originally reported as Nitrate + Nitrite as NO3.,Clayton,07060004,River/Stream,,42.9304245,-91.38552335
6,15220036,Turkey River @ Big Spring (TR01),05/18/1999 09:30:00,BSP,NIT-NO3-NO2,Inorganic nitrogen (nitrate and nitrite) (as N),Total,,9,mg/l,True,0.2,,,353.2,BSP,Calculated,SW,Water,,Originally reported as Nitrate + Nitrite as NO3.,Clayton,07060004,River/Stream,,42.9095476,-91.4709184
6,15220040,L22T,05/25/1999 11:00:00,BSP,NIT-NO3-NO2,Inorganic nitrogen (nitrate and nitrite) (as N),Total,,19.4,mg/l,True,0.2,,,353.2,BSP,Calculated,GW,Water,,Originally reported as Nitrate + Nitrite as NO3.,Clayton,07060004,Facility Other,,43.0217187,-91.4893474
6,15220040,L22T,06/15/1999 10:35:00,BSP,NIT-NO3-NO2,Inorganic nitrogen (nitrate and nitrite) (as N),Total,,18.1,mg/l,True,0.2,,,353.2,BSP,Calculated,GW,Water,,Originally reported as Nitrate + Nitrite as NO3.,Clayton,07060004,Facility Other,,43.0217187,-91.4893474
6,15220028,Silver Creek @ Dogwood Ave (L23S),06/15/1999 10:30:00,BSP,NIT-NO3-NO2,Inorganic nitrogen (nitrate and nitrite) (as N),Total,,15.3,mg/l,True,0.2,,,353.2,BSP,Calculated,SW,Water,,Originally reported as Nitrate + Nitrite as NO3.,Clayton,07060004,River/Stream,,43.0217763,-91.4894189
6,15220018,Roberts Creek @ 206th St/B65 (RC02/ROB30),06/15/1999 13:25:00,BSP,NIT-NO3-NO2,Inorganic nitrogen (nitrate and nitrite) (as N),Total,,14,mg/l,True,0.2,,,353.2,BSP,Calculated,SW,Water,,Originally reported as Nitrate + Nitrite as NO3.,Clayton,07060004,River/Stream,,42.9304245,-91.38552335
6,15220036,Turkey River @ Big Spring (TR01),06/15/1999 09:50:00,BSP,NIT-NO3-NO2,Inorganic nitrogen (nitrate and nitrite) (as N),Total,,12.2,mg/l,True,0.2,,,353.2,BSP,Calculated,SW,Water,,Originally reported as Nitrate + Nitrite as NO3.,Clayton,07060004,River/Stream,,42.9095476,-91.4709184
6,15220040,L22T,06/22/1999 14:05:00,BSP,NIT-NO3-NO2,Inorganic nitrogen (nitrate and nitrite) (as N),Total,,16.5,mg/l,True,0.2,,,353.2,BSP,Calculated,GW,Water,,Originally reported as Nitrate + Nitrite as NO3.,Clayton,07060004,Facility Other,,43.0217187,-91.4893474
6,15220028,Silver Creek @ Dogwood Ave (L23S),06/22/1999 14:00:00,BSP,NIT-NO3-NO2,Inorganic nitrogen (nitrate and nitrite) (as N),Total,,13.8,mg/l,True,0.2,,,353.2,BSP,Calculated,SW,Water,,Originally reported as Nitrate + Nitrite as NO3.,Clayton,07060004,River/Stream,,43.0217763,-91.4894189
6,15220018,Roberts Creek @ 206th St/B65 (RC02/ROB30),06/22/1999 14:45:00,BSP,NIT-NO3-NO2,Inorganic nitrogen (nitrate and nitrite) (as N),Total,,11.1,mg/l,True,0.2,,,353.2,BSP,Calculated,SW,Water,,Originally reported as Nitrate + Nitrite as NO3.,Clayton,07060004,River/Stream,,42.9304245,-91.38552335
6,15220036,Turkey River @ Big Spring (TR01),06/22/1999 15:00:00,BSP,NIT-NO3-NO2,Inorganic nitrogen (nitrate and nitrite) (as N),Total,,9,mg/l,True,0.2,,,353.2,BSP,Calculated,SW,Water,,Originally reported as Nitrate + Nitrite as NO3.,Clayton,07060004,River/Stream,,42.9095476,-91.4709184
6,15220040,L22T,06/29/1999 11:10:00,BSP,NIT-NO3-NO2,Inorganic nitrogen (nitrate and nitrite) (as N),Total,,14.9,mg/l,True,0.2,,,353.2,BSP,Calculated,GW,Water,,Originally reported as Nitrate + Nitrite as NO3.,Clayton,07060004,Facility Other,,43.0217187,-91.4893474
6,15220028,Silver Creek @ Dogwood Ave (L23S),06/29/1999 11:00:00,BSP,NIT-NO3-NO2,Inorganic nitrogen (nitrate and nitrite) (as N),Total,,12.6,mg/l,True,0.2,,,353.2,BSP,Calculated,SW,Water,,Originally reported as Nitrate + Nitrite as NO3.,Clayton,07060004,River/Stream,,43.0217763,-91.4894189
6,15220018,Roberts Creek @ 206th St/B65 (RC02/ROB30),06/29/1999 15:05:00,BSP,NIT-NO3-NO2,Inorganic nitrogen (nitrate and nitrite) (as N),Total,,9,mg/l,True,0.2,,,353.2,BSP,Calculated,SW,Water,,Originally reported as Nitrate + Nitrite as NO3.,Clayton,07060004,River/Stream,,42.9304245,-91.38552335
6,15220036,Turkey River @ Big Spring (TR01),06/29/1999 09:50:00,BSP,NIT-NO3-NO2,Inorganic nitrogen (nitrate and nitrite) (as N),Total,,8.4,mg/l,True,0.2,,,353.2,BSP,Calculated,SW,Water,,Originally reported as Nitrate + Nitrite as NO3.,Clayton,07060004,River/Stream,,42.9095476,-91.4709184
6,15220040,L22T,07/27/1999 10:45:00,BSP,NIT-NO3-NO2,Inorganic nitrogen (nitrate and nitrite) (as N),Total,,14.4,mg/l,True,0.2,,,353.2,BSP,Calculated,GW,Water,,Originally reported as Nitrate + Nitrite as NO3.,Clayton,07060004,Facility Other,,43.0217187,-91.4893474
6,15220028,Silver Creek @ Dogwood Ave (L23S),07/27/1999 10:40:00,BSP,NIT-NO3-NO2,Inorganic nitrogen (nitrate and nitrite) (as N),Total,,12.2,mg/l,True,0.2,,,353.2,BSP,Calculated,SW,Water,,Originally reported as Nitrate + Nitrite as NO3.,Clayton,07060004,River/Stream,,43.0217763,-91.4894189
6,15220018,Roberts Creek @ 206th St/B65 (RC02/ROB30),07/27/1999 15:15:00,BSP,NIT-NO3-NO2,Inorganic nitrogen (nitrate and nitrite) (as N),Total,,7.9,mg/l,True,0.2,,,353.2,BSP,Calculated,SW,Water,,Originally reported as Nitrate + Nitrite as NO3.,Clayton,07060004,River/Stream,,42.9304245,-91.38552335
6,15220036,Turkey River @ Big Spring (TR01),07/27/1999 10:00:00,BSP,NIT-NO3-NO2,Inorganic nitrogen (nitrate and nitrite) (as N),Total,,7.2,mg/l,True,0.2,,,353.2,BSP,Calculated,SW,Water,,Originally reported as Nitrate + Nitrite as NO3.,Clayton,07060004,River/Stream,,42.9095476,-91.4709184
6,15220040,L22T,08/03/1999 10:40:00,BSP,NIT-NO3-NO2,Inorganic nitrogen (nitrate and nitrite) (as N),Total,,14.9,mg/l,True,0.2,,,353.2,BSP,Calculated,GW,Water,,Originally reported as Nitrate + Nitrite as NO3.,Clayton,07060004,Facility Other,,43.0217187,-91.4893474
6,15220028,Silver Creek @ Dogwood Ave (L23S),08/03/1999 10:35:00,BSP,NIT-NO3-NO2,Inorganic nitrogen (nitrate and nitrite) (as N),Total,,12.4,mg/l,True,0.2,,,353.2,BSP,Calculated,SW,Water,,Originally reported as Nitrate + Nitrite as NO3.,Clayton,07060004,River/Stream,,43.0217763,-91.4894189
6,15220018,Roberts Creek @ 206th St/B65 (RC02/ROB30),08/03/1999 13:15:00,BSP,NIT-NO3-NO2,Inorganic nitrogen (nitrate and nitrite) (as N),Total,,11.1,mg/l,True,0.2,,,353.2,BSP,Calculated,SW,Water,,Originally reported as Nitrate + Nitrite as NO3.,Clayton,07060004,River/Stream,,42.9304245,-91.38552335
6,15220036,Turkey River @ Big Spring (TR01),08/03/1999 09:45:00,BSP,NIT-NO3-NO2,Inorganic nitrogen (nitrate and nitrite) (as N),Total,,7.2,mg/l,True,0.2,,,353.2,BSP,Calculated,SW,Water,,Originally reported as Nitrate + Nitrite as NO3.,Clayton,07060004,River/Stream,,42.9095476,-91.4709184
6,15220040,L22T,08/10/1999 10:50:00,BSP,NIT-NO3-NO2,Inorganic nitrogen (nitrate and nitrite) (as N),Total,,15.1,mg/l,True,0.2,,,353.2,BSP,Calculated,GW,Water,,Originally reported as Nitrate + Nitrite as NO3.,Clayton,07060004,Facility Other,,43.0217187,-91.4893474
6,15220028,Silver Creek @ Dogwood Ave (L23S),08/10/1999 10:45:00,BSP,NIT-NO3-NO2,Inorganic nitrogen (nitrate and nitrite) (as N),Total,,12,mg/l,True,0.2,,,353.2,BSP,Calculated,SW,Water,,Originally reported as Nitrate + Nitrite as NO3.,Clayton,07060004,River/Stream,,43.0217763,-91.4894189
6,15220018,Roberts Creek @ 206th St/B65 (RC02/ROB30),08/31/1999 15:20:00,BSP,NIT-NO3-NO2,Inorganic nitrogen (nitrate and nitrite) (as N),Total,,8.8,mg/l,True,0.2,,,353.2,BSP,Calculated,SW,Water,,Originally reported as Nitrate + Nitrite as NO3.,Clayton,07060004,River/Stream,,42.9304245,-91.38552335
6,15220036,Turkey River @ Big Spring (TR01),08/31/1999 10:20:00,BSP,NIT-NO3-NO2,Inorganic nitrogen (nitrate and nitrite) (as N),Total,,7.7,mg/l,True,0.2,,,353.2,BSP,Calculated,SW,Water,,Originally reported as Nitrate + Nitrite as NO3.,Clayton,07060004,River/Stream,,42.9095476,-91.4709184
6,15220040,L22T,09/07/1999 12:25:00,BSP,NIT-NO3-NO2,Inorganic nitrogen (nitrate and nitrite) (as N),Total,,15.3,mg/l,True,0.2,,,353.2,BSP,Calculated,GW,Water,,Originally reported as Nitrate + Nitrite as NO3.,Clayton,07060004,Facility Other,,43.0217187,-91.4893474
6,15220028,Silver Creek @ Dogwood Ave (L23S),09/07/1999 12:20:00,BSP,NIT-NO3-NO2,Inorganic nitrogen (nitrate and nitrite) (as N),Total,,10.8,mg/l,True,0.2,,,353.2,BSP,Calculated,SW,Water,,Originally reported as Nitrate + Nitrite as NO3.,Clayton,07060004,River/Stream,,43.0217763,-91.4894189
6,15220018,Roberts Creek @ 206th St/B65 (RC02/ROB30),09/07/1999 14:45:00,BSP,NIT-NO3-NO2,Inorganic nitrogen (nitrate and nitrite) (as N),Total,,7.7,mg/l,True,0.2,,,353.2,BSP,Calculated,SW,Water,,Originally reported as Nitrate + Nitrite as NO3.,Clayton,07060004,River/Stream,,42.9304245,-91.38552335
6,15220036,Turkey River @ Big Spring (TR01),09/07/1999 11:40:00,BSP,NIT-NO3-NO2,Inorganic nitrogen (nitrate and nitrite) (as N),Total,,7,mg/l,True,0.2,,,353.2,BSP,Calculated,SW,Water,,Originally reported as Nitrate + Nitrite as NO3.,Clayton,07060004,River/Stream,,42.9095476,-91.4709184
6,15220040,L22T,09/14/1999 10:15:00,BSP,NIT-NO3-NO2,Inorganic nitrogen (nitrate and nitrite) (as N),Total,,14.7,mg/l,True,0.2,,,353.2,BSP,Calculated,GW,Water,,Originally reported as Nitrate + Nitrite as NO3.,Clayton,07060004,Facility Other,,43.0217187,-91.4893474
6,15220028,Silver Creek @ Dogwood Ave (L23S),09/14/1999 10:10:00,BSP,NIT-NO3-NO2,Inorganic nitrogen (nitrate and nitrite) (as N),Total,,10.4,mg/l,True,0.2,,,353.2,BSP,Calculated,SW,Water,,Originally reported as Nitrate + Nitrite as NO3.,Clayton,07060004,River/Stream,,43.0217763,-91.4894189
6,15220018,Roberts Creek @ 206th St/B65 (RC02/ROB30),09/14/1999 12:30:00,BSP,NIT-NO3-NO2,Inorganic nitrogen (nitrate and nitrite) (as N),Total,,7.4,mg/l,True,0.2,,,353.2,BSP,Calculated,SW,Water,,Originally reported as Nitrate + Nitrite as NO3.,Clayton,07060004,River/Stream,,42.9304245,-91.38552335
6,15220036,Turkey River @ Big Spring (TR01),09/14/1999 09:30:00,BSP,NIT-NO3-NO2,Inorganic nitrogen (nitrate and nitrite) (as N),Total,,6.5,mg/l,True,0.2,,,353.2,BSP,Calculated,SW,Water,,Originally reported as Nitrate + Nitrite as NO3.,Clayton,07060004,River/Stream,,42.9095476,-91.4709184
6,15220040,L22T,09/21/1999 11:25:00,BSP,NIT-NO3-NO2,Inorganic nitrogen (nitrate and nitrite) (as N),Total,,15.3,mg/l,True,0.2,,,353.2,BSP,Calculated,GW,Water,,Originally reported as Nitrate + Nitrite as NO3.,Clayton,07060004,Facility Other,,43.0217187,-91.4893474
6,15220028,Silver Creek @ Dogwood Ave (L23S),09/29/1998 10:40:00,BSP,NIT-NO3-NO2,Inorganic nitrogen (nitrate and nitrite) (as N),Total,,8.3,mg/l,True,0.1,,,353.2,BSP,Actual,SW,Water,,,Clayton,07060004,River/Stream,,43.0217763,-91.4894189
6,15220031,Unnamed Trib. to Roberts Crk. @ Aspen Ave (RC13),09/29/1998 11:10:00,BSP,NIT-NO3-NO2,Inorganic nitrogen (nitrate and nitrite) (as N),Total,,3.4,mg/l,True,0.2,,,353.2,BSP,Calculated,SW,Water,,Originally reported as Nitrate + Nitrite as NO3.,Clayton,07060004,River/Stream,,43.0574767,-91.5781539
6,15220030,Roberts Creek @ 130th St (RC11),09/29/1998 11:05:00,BSP,NIT-NO3-NO2,Inorganic nitrogen (nitrate and nitrite) (as N),Total,,6.8,mg/l,True,0.2,,,353.2,BSP,Calculated,SW,Water,,Originally reported as Nitrate + Nitrite as NO3.,Clayton,07060004,River/Stream,,43.0365499,-91.537903
6,15220029,Roberts Creek @ 145th St (RC10),09/29/1998 11:00:00,BSP,NIT-NO3-NO2,Inorganic nitrogen (nitrate and nitrite) (as N),Total,,5.9,mg/l,True,0.2,,,353.2,BSP,Calculated,SW,Water,,Originally reported as Nitrate + Nitrite as NO3.,Clayton,07060004,River/Stream,,43.0159151,-91.512025
6,15220024,Roberts Creek @ 172nd St (F45),09/29/1998 09:55:00,BSP,NIT-NO3-NO2,Inorganic nitrogen (nitrate and nitrite) (as N),Total,,6.8,mg/l,True,0.2,,,353.2,BSP,Calculated,SW,Water,,Originally reported as Nitrate + Nitrite as NO3.,Clayton,07060004,River/Stream,,42.9750265,-91.4830196
6,15220025,Roberts Creek @ Essex Ave (F47),09/29/1998 14:50:00,BSP,NIT-NO3-NO2,Inorganic nitrogen (nitrate and nitrite) (as N),Total,,5.6,mg/l,True,0.2,,,353.2,BSP,Calculated,SW,Water,,Originally reported as Nitrate + Nitrite as NO3.,Clayton,07060004,River/Stream,,42.9590908,-91.4195205
6,15220018,Roberts Creek @ 206th St/B65 (RC02/ROB30),10/12/1999 10:35:00,BSP,NIT-NO3-NO2,Inorganic nitrogen (nitrate and nitrite) (as N),Total,,6.6,mg/l,True,0.1,,,353.2,BSP,Actual,SW,Water,,,Clayton,07060004,River/Stream,,42.9304245,-91.38552335
6,15220018,Roberts Creek @ 206th St/B65 (RC02/ROB30),11/02/1999 11:20:00,BSP,NIT-NO3-NO2,Inorganic nitrogen (nitrate and nitrite) (as N),Total,,6,mg/l,True,0.1,,,353.2,BSP,Actual,SW,Water,,,Clayton,07060004,River/Stream,,42.9304245,-91.38552335
6,15220018,Roberts Creek @ 206th St/B65 (RC02/ROB30),11/23/1999 10:25:00,BSP,NIT-NO3-NO2,Inorganic nitrogen (nitrate and nitrite) (as N),Total,,6.1,mg/l,True,0.1,,,353.2,BSP,Actual,SW,Water,,,Clayton,07060004,River/Stream,,42.9304245,-91.38552335
6,15220018,Roberts Creek @ 206th St/B65 (RC02/ROB30),01/04/2000 09:55:00,BSP,NIT-NO3-NO2,Inorganic nitrogen (nitrate and nitrite) (as N),Total,,8,mg/l,True,0.1,,,353.2,BSP,Actual,SW,Water,,,Clayton,07060004,River/Stream,,42.9304245,-91.38552335
6,15220018,Roberts Creek @ 206th St/B65 (RC02/ROB30),12/14/1999 11:15:00,BSP,NIT-NO3-NO2,Inorganic nitrogen (nitrate and nitrite) (as N),Total,,7.8,mg/l,True,0.1,,,353.2,BSP,Actual,SW,Water,,,Clayton,07060004,River/Stream,,42.9304245,-91.38552335
6,15220018,Roberts Creek @ 206th St/B65 (RC02/ROB30),01/25/2000 11:15:00,BSP,NIT-NO3-NO2,Inorganic nitrogen (nitrate and nitrite) (as N),Total,,8.4,mg/l,True,0.1,,,353.2,BSP,Actual,SW,Water,,,Clayton,07060004,River/Stream,,42.9304245,-91.38552335
6,15220018,Roberts Creek @ 206th St/B65 (RC02/ROB30),02/01/2000 10:50:00,BSP,NIT-NO3-NO2,Inorganic nitrogen (nitrate and nitrite) (as N),Total,,8.7,mg/l,True,0.1,,,353.2,BSP,Actual,SW,Water,,,Clayton,07060004,River/Stream,,42.9304245,-91.38552335
6,15220018,Roberts Creek @ 206th St/B65 (RC02/ROB30),02/15/2000 11:20:00,BSP,NIT-NO3-NO2,Inorganic nitrogen (nitrate and nitrite) (as N),Total,,7.6,mg/l,True,0.1,,,353.2,BSP,Actual,SW,Water,,,Clayton,07060004,River/Stream,,42.9304245,-91.38552335
6,15220018,Roberts Creek @ 206th St/B65 (RC02/ROB30),02/22/2000 11:30:00,BSP,NIT-NO3-NO2,Inorganic nitrogen (nitrate and nitrite) (as N),Total,,7.6,mg/l,True,0.1,,,353.2,BSP,Actual,SW,Water,,,Clayton,07060004,River/Stream,,42.9304245,-91.38552335
6,15220018,Roberts Creek @ 206th St/B65 (RC02/ROB30),03/14/2000 11:20:00,BSP,NIT-NO3-NO2,Inorganic nitrogen (nitrate and nitrite) (as N),Total,,6.1,mg/l,True,0.1,,,353.2,BSP,Actual,SW,Water,,,Clayton,07060004,River/Stream,,42.9304245,-91.38552335
6,15220018,Roberts Creek @ 206th St/B65 (RC02/ROB30),04/04/2000 11:10:00,BSP,NIT-NO3-NO2,Inorganic nitrogen (nitrate and nitrite) (as N),Total,,4.8,mg/l,True,0.1,,,353.2,BSP,Actual,SW,Water,,,Clayton,07060004,River/Stream,,42.9304245,-91.38552335
6,15220018,Roberts Creek @ 206th St/B65 (RC02/ROB30),04/25/2000 11:55:00,BSP,NIT-NO3-NO2,Inorganic nitrogen (nitrate and nitrite) (as N),Total,,7.2,mg/l,True,0.1,,,353.2,BSP,Actual,SW,Water,,,Clayton,07060004,River/Stream,,42.9304245,-91.38552335
6,15220018,Roberts Creek @ 206th St/B65 (RC02/ROB30),06/06/2000 10:30:00,BSP,NIT-NO3-NO2,Inorganic nitrogen (nitrate and nitrite) (as N),Total,,15,mg/l,True,0.1,,,353.2,BSP,Actual,SW,Water,,,Clayton,07060004,River/Stream,,42.9304245,-91.38552335
6,15220018,Roberts Creek @ 206th St/B65 (RC02/ROB30),05/16/2000 10:45:00,BSP,NIT-NO3-NO2,Inorganic nitrogen (nitrate and nitrite) (as N),Total,,2.6,mg/l,True,0.1,,,353.2,BSP,Actual,SW,Water,,,Clayton,07060004,River/Stream,,42.9304245,-91.38552335
6,15220018,Roberts Creek @ 206th St/B65 (RC02/ROB30),07/18/2000 11:15:00,BSP,NIT-NO3-NO2,Inorganic nitrogen (nitrate and nitrite) (as N),Total,,13,mg/l,True,0.1,,,353.2,BSP,Actual,SW,Water,,,Clayton,07060004,River/Stream,,42.9304245,-91.38552335
6,15220018,Roberts Creek @ 206th St/B65 (RC02/ROB30),06/27/2000 11:35:00,BSP,NIT-NO3-NO2,Inorganic nitrogen (nitrate and nitrite) (as N),Total,,15,mg/l,True,0.1,,,353.2,BSP,Actual,SW,Water,,,Clayton,07060004,River/Stream,,42.9304245,-91.38552335
6,15220018,Roberts Creek @ 206th St/B65 (RC02/ROB30),08/08/2000 10:50:00,BSP,NIT-NO3-NO2,Inorganic nitrogen (nitrate and nitrite) (as N),Total,,7,mg/l,True,0.1,,,353.2,BSP,Actual,SW,Water,,,Clayton,07060004,River/Stream,,42.9304245,-91.38552335
6,15220018,Roberts Creek @ 206th St/B65 (RC02/ROB30),08/15/2000 11:30:00,BSP,NIT-NO3-NO2,Inorganic nitrogen (nitrate and nitrite) (as N),Total,,5.7,mg/l,True,0.1,,,353.2,BSP,Actual,SW,Water,,,Clayton,07060004,River/Stream,,42.9304245,-91.38552335
6,15220018,Roberts Creek @ 206th St/B65 (RC02/ROB30),08/29/2000 11:45:00,BSP,NIT-NO3-NO2,Inorganic nitrogen (nitrate and nitrite) (as N),Total,,6.9,mg/l,True,0.1,,,353.2,BSP,Actual,SW,Water,,,Clayton,07060004,River/Stream,,42.9304245,-91.38552335
6,15220018,Roberts Creek @ 206th St/B65 (RC02/ROB30),09/05/2000 10:40:00,BSP,NIT-NO3-NO2,Inorganic nitrogen (nitrate and nitrite) (as N),Total,,6.6,mg/l,True,0.1,,,353.2,BSP,Actual,SW,Water,,,Clayton,07060004,River/Stream,,42.9304245,-91.38552335
6,15220018,Roberts Creek @ 206th St/B65 (RC02/ROB30),10/10/2000 11:00:00,BSP,NIT-NO3-NO2,Inorganic nitrogen (nitrate and nitrite) (as N),Total,,4.8,mg/l,True,0.1,,,353.2,BSP,Actual,SW,Water,,,Clayton,07060004,River/Stream,,42.9304245,-91.38552335
6,15220018,Roberts Creek @ 206th St/B65 (RC02/ROB30),11/07/2000 11:25:00,BSP,NIT-NO3-NO2,Inorganic nitrogen (nitrate and nitrite) (as N),Total,,6.9,mg/l,True,0.1,,,353.2,BSP,Actual,SW,Water,,,Clayton,07060004,River/Stream,,42.9304245,-91.38552335
6,15220018,Roberts Creek @ 206th St/B65 (RC02/ROB30),09/26/2000 11:45:00,BSP,NIT-NO3-NO2,Inorganic nitrogen (nitrate and nitrite) (as N),Total,,6.2,mg/l,True,0.1,,,353.2,BSP,Actual,SW,Water,,,Clayton,07060004,River/Stream,,42.9304245,-91.38552335
6,15220018,Roberts Creek @ 206th St/B65 (RC02/ROB30),10/17/2000 10:50:00,BSP,NIT-NO3-NO2,Inorganic nitrogen (nitrate and nitrite) (as N),Total,,5.1,mg/l,True,0.1,,,353.2,BSP,Actual,SW,Water,,,Clayton,07060004,River/Stream,,42.9304245,-91.38552335
6,15220018,Roberts Creek @ 206th St/B65 (RC02/ROB30),12/19/2000 12:20:00,BSP,NIT-NO3-NO2,Inorganic nitrogen (nitrate and nitrite) (as N),Total,,8.8,mg/l,True,0.1,,,353.2,BSP,Actual,SW,Water,,,Clayton,07060004,River/Stream,,42.9304245,-91.38552335
6,15220018,Roberts Creek @ 206th St/B65 (RC02/ROB30),02/06/2001 10:45:00,BSP,NIT-NO3-NO2,Inorganic nitrogen (nitrate and nitrite) (as N),Total,,8.6,mg/l,True,0.1,,,353.2,BSP,Actual,SW,Water,,,Clayton,07060004,River/Stream,,42.9304245,-91.38552335
6,15220018,Roberts Creek @ 206th St/B65 (RC02/ROB30),01/30/2001 11:15:00,BSP,NIT-NO3-NO2,Inorganic nitrogen (nitrate and nitrite) (as N),Total,,8.6,mg/l,True,0.1,,,353.2,BSP,Actual,SW,Water,,,Clayton,07060004,River/Stream,,42.9304245,-91.38552335
6,15220018,Roberts Creek @ 206th St/B65 (RC02/ROB30),01/09/2001 11:00:00,BSP,NIT-NO3-NO2,Inorganic nitrogen (nitrate and nitrite) (as N),Total,,8,mg/l,True,0.1,,,353.2,BSP,Actual,SW,Water,,,Clayton,07060004,River/Stream,,42.9304245,-91.38552335
6,15220018,Roberts Creek @ 206th St/B65 (RC02/ROB30),11/28/2000 11:35:00,BSP,NIT-NO3-NO2,Inorganic nitrogen (nitrate and nitrite) (as N),Total,,8.6,mg/l,True,0.1,,,353.2,BSP,Actual,SW,Water,,,Clayton,07060004,River/Stream,,42.9304245,-91.38552335
6,15220018,Roberts Creek @ 206th St/B65 (RC02/ROB30),02/20/2001 10:55:00,BSP,NIT-NO3-NO2,Inorganic nitrogen (nitrate and nitrite) (as N),Total,,8,mg/l,True,0.1,,,353.2,BSP,Actual,SW,Water,,,Clayton,07060004,River/Stream,,42.9304245,-91.38552335
6,15220018,Roberts Creek @ 206th St/B65 (RC02/ROB30),03/13/2001 10:40:00,BSP,NIT-NO3-NO2,Inorganic nitrogen (nitrate and nitrite) (as N),Total,,7.1,mg/l,True,0.1,,,353.2,BSP,Actual,SW,Water,,,Clayton,07060004,River/Stream,,42.9304245,-91.38552335
6,15220018,Roberts Creek @ 206th St/B65 (RC02/ROB30),02/27/2001 11:20:00,BSP,NIT-NO3-NO2,Inorganic nitrogen (nitrate and nitrite) (as N),Total,,7.8,mg/l,True,0.1,,,353.2,BSP,Actual,SW,Water,,,Clayton,07060004,River/Stream,,42.9304245,-91.38552335
6,15220018,Roberts Creek @ 206th St/B65 (RC02/ROB30),03/20/2001 11:10:00,BSP,NIT-NO3-NO2,Inorganic nitrogen (nitrate and nitrite) (as N),Total,,8.5,mg/l,True,0.1,,,353.2,BSP,Actual,SW,Water,,,Clayton,07060004,River/Stream,,42.9304245,-91.38552335
6,15220018,Roberts Creek @ 206th St/B65 (RC02/ROB30),04/03/2001 11:00:00,BSP,NIT-NO3-NO2,Inorganic nitrogen (nitrate and nitrite) (as N),Total,,11,mg/l,True,0.1,,,353.2,BSP,Actual,SW,Water,,,Clayton,07060004,River/Stream,,42.9304245,-91.38552335
6,15220018,Roberts Creek @ 206th St/B65 (RC02/ROB30),05/01/2001 10:45:00,BSP,NIT-NO3-NO2,Inorganic nitrogen (nitrate and nitrite) (as N),Total,,10,mg/l,True,0.1,,,353.2,BSP,Actual,SW,Water,,,Clayton,07060004,River/Stream,,42.9304245,-91.38552335
6,15220018,Roberts Creek @ 206th St/B65 (RC02/ROB30),04/10/2001 11:05:00,BSP,NIT-NO3-NO2,Inorganic nitrogen (nitrate and nitrite) (as N),Total,,14,mg/l,True,0.1,,,353.2,BSP,Actual,SW,Water,,,Clayton,07060004,River/Stream,,42.9304245,-91.38552335
6,15220018,Roberts Creek @ 206th St/B65 (RC02/ROB30),05/22/2001 11:05:00,BSP,NIT-NO3-NO2,Inorganic nitrogen (nitrate and nitrite) (as N),Total,,13,mg/l,True,0.1,,,353.2,BSP,Actual,SW,Water,,,Clayton,07060004,River/Stream,,42.9304245,-91.38552335
6,15220018,Roberts Creek @ 206th St/B65 (RC02/ROB30),04/24/2001 12:45:00,BSP,NIT-NO3-NO2,Inorganic nitrogen (nitrate and nitrite) (as N),Total,,13,mg/l,True,0.1,,,353.2,BSP,Actual,SW,Water,,,Clayton,07060004,River/Stream,,42.9304245,-91.38552335
6,15220018,Roberts Creek @ 206th St/B65 (RC02/ROB30),06/12/2001 10:30:00,BSP,NIT-NO3-NO2,Inorganic nitrogen (nitrate and nitrite) (as N),Total,,8.8,mg/l,True,0.1,,,353.2,BSP,Actual,SW,Water,,,Clayton,07060004,River/Stream,,42.9304245,-91.38552335
6,15220018,Roberts Creek @ 206th St/B65 (RC02/ROB30),05/15/2001 10:30:00,BSP,NIT-NO3-NO2,Inorganic nitrogen (nitrate and nitrite) (as N),Total,,14,mg/l,True,0.1,,,353.2,BSP,Actual,SW,Water,,,Clayton,07060004,River/Stream,,42.9304245,-91.38552335
6,16220003,Turkey River - Garber - REMAP # 70,09/23/2003 09:30:00,REMAP,NIT-NO3-NO2,Inorganic nitrogen (nitrate and nitrite) (as N),Total,,2.9,mg/l,True,0.1,,,353.2,UHL001,Actual,SW,Water,,,Clayton,07060004,River/Stream,,42.738283,-91.265993
6,16220001,Roberts Creek,07/30/2002 14:10:00,REMAP,NIT-NO3-NO2,Inorganic nitrogen (nitrate and nitrite) (as N),Total,,7,mg/l,True,0.1,,,353.2,UHL001,Actual,SW,Water,,,Clayton,07060004,River/Stream,,42.963184,-91.461441
6,16220007,Volga River - Site 196,07/24/2006 10:35:00,REMAP,NIT-NO3-NO2,Inorganic nitrogen (nitrate and nitrite) (as N),Total,,5.4,mg/l,True,0.05,,,353.2,UHL001,Actual,SW,Water,,,Clayton,07060004,River/Stream,,42.754989,-91.363441
6,16220006,North Cedar Creek - Clayton # 159,07/19/2005 09:45:00,REMAP,NIT-NO3-NO2,Inorganic nitrogen (nitrate and nitrite) (as N),Total,,1.5,mg/l,True,0.05,,,353.2,UHL001,Actual,SW,Water,,,Clayton,07060003,River/Stream,,42.947107,-91.232895
6,16220006,North Cedar Creek - Clayton # 159,07/26/2005 10:30:00,REMAP,NIT-NO3-NO2,Inorganic nitrogen (nitrate and nitrite) (as N),Total,,1.3,mg/l,True,0.05,,,353.2,UHL001,Actual,SW,Water,,,Clayton,07060003,River/Stream,,42.947107,-91.232895
6,16220001,Roberts Creek,08/13/2002 09:45:00,REMAP,NIT-NO3-NO2,Inorganic nitrogen (nitrate and nitrite) (as N),Total,,5.4,mg/l,True,0.1,,,353.2,UHL001,Actual,SW,Water,,,Clayton,07060004,River/Stream,,42.963184,-91.461441
6,16220006,North Cedar Creek - Clayton # 159,07/05/2005 10:15:00,REMAP,NIT-NO3-NO2,Inorganic nitrogen (nitrate and nitrite) (as N),Total,,1.7,mg/l,True,0.05,,,353.2,UHL001,Actual,SW,Water,,,Clayton,07060003,River/Stream,,42.947107,-91.232895
6,15220021,Turkey River @ Elkader (TR30),05/04/2011 15:45:00,TURKEYR,NIT-NO3-NO2,Inorganic nitrogen (nitrate and nitrite) (as N),Total,,9.9,mg/l,True,0.1,,,353.2,IGS-GRAB,Actual,SW,Water,,,Clayton,07060004,River/Stream,,42.859771,-91.406681
6,15220015,Little Turkey River @ Highway 52 (LIT10),05/04/2011 13:15:00,TURKEYR,NIT-NO3-NO2,Inorganic nitrogen (nitrate and nitrite) (as N),Total,,4.2,mg/l,True,0.1,,,353.2,IGS-GRAB,Actual,SW,Water,,,Clayton,07060004,River/Stream,,42.6987021,-91.07371173
6,15220009,South Cedar Creek @ Lower Cedar Rd (CED10),05/04/2011 14:15:00,TURKEYR,NIT-NO3-NO2,Inorganic nitrogen (nitrate and nitrite) (as N),Total,,6.9,mg/l,True,0.1,,,353.2,IGS-GRAB,Actual,SW,Water,,,Clayton,07060004,River/Stream,,42.74424922,-91.21535774
6,15220012,Elk Creek @ Colesburg Rd/X3C (ELK10),05/04/2011 11:34:00,TURKEYR,NIT-NO3-NO2,Inorganic nitrogen (nitrate and nitrite) (as N),Total,,5.1,mg/l,True,0.1,,,353.2,IGS-GRAB,Actual,SW,Water,,,Clayton,07060004,River/Stream,,42.73331715,-91.28009598
6,15220013,Hewett Creek @ Crystal Road (HEW20),05/04/2011 08:00:00,TURKEYR,NIT-NO3-NO2,Inorganic nitrogen (nitrate and nitrite) (as N),Total,,5.2,mg/l,True,0.1,,,353.2,IGS-GRAB,Actual,SW,Water,,,Clayton,07060004,River/Stream,,42.78586318,-91.51847775
6,15220020,Turkey River @ Highway 52 (TR10),05/04/2011 12:45:00,TURKEYR,NIT-NO3-NO2,Inorganic nitrogen (nitrate and nitrite) (as N),Total,,8.8,mg/l,True,0.1,,,353.2,IGS-GRAB,Actual,SW,Water,,,Clayton,07060004,River/Stream,,42.70781335,-91.0757377
6,16220006,North Cedar Creek - Clayton # 159,09/24/2007 15:30:00,TMDL,NIT-NO3-NO2,Inorganic nitrogen (nitrate and nitrite) (as N),Total,,4,mg/l,True,0.05,,,353.2,UHL001,Actual,SW,Water,,,Clayton,07060003,River/Stream,,42.947107,-91.232895
6,16220001,Roberts Creek,08/11/2008 10:30:00,TMDL,NIT-NO3-NO2,Inorganic nitrogen (nitrate and nitrite) (as N),Total,,9,mg/l,True,0.05,,,353.2,UHL001,Actual,SW,Water,,,Clayton,07060004,River/Stream,,42.963184,-91.461441
6,16220001,Roberts Creek,07/28/2009 12:10:00,TMDL,NIT-NO3-NO2,Inorganic nitrogen (nitrate and nitrite) (as N),Total,,4.6,mg/l,True,0.05,,,353.2,UHL001,Actual,SW,Water,,,Clayton,07060004,River/Stream,,42.963184,-91.461441
6,16220001,Roberts Creek,08/12/2009 13:15:00,TMDL,NIT-NO3-NO2,Inorganic nitrogen (nitrate and nitrite) (as N),Total,,4.6,mg/l,True,0.05,,,353.2,UHL001,Actual,SW,Water,,,Clayton,07060004,River/Stream,,42.963184,-91.461441
6,15220016,Mink Creek @ Aztec Road (MIN10),10/05/2011 08:35:00,TURKEYR,NIT-NO3-NO2,Inorganic nitrogen (nitrate and nitrite) (as N),Total,,5.9,mg/l,True,0.1,,,353.2,IGS-GRAB,Actual,SW,Water,,,Clayton,07060004,River/Stream,,42.8441202,-91.59732742
6,15220012,Elk Creek @ Colesburg Rd/X3C (ELK10),10/05/2011 11:50:00,TURKEYR,NIT-NO3-NO2,Inorganic nitrogen (nitrate and nitrite) (as N),Total,,3.9,mg/l,True,0.1,,,353.2,IGS-GRAB,Actual,SW,Water,,,Clayton,07060004,River/Stream,,42.73331715,-91.28009598
6,15220013,Hewett Creek @ Crystal Road (HEW20),10/05/2011 07:40:00,TURKEYR,NIT-NO3-NO2,Inorganic nitrogen (nitrate and nitrite) (as N),Total,,5,mg/l,True,0.1,,,353.2,IGS-GRAB,Actual,SW,Water,,,Clayton,07060004,River/Stream,,42.78586318,-91.51847775
6,15220011,Dry Mill Creek @ Grape Rd (DMI10),10/05/2011 10:15:00,TURKEYR,NIT-NO3-NO2,Inorganic nitrogen (nitrate and nitrite) (as N),Total,,8.2,mg/l,True,0.1,,,353.2,IGS-GRAB,Actual,SW,Water,,,Clayton,07060004,River/Stream,,42.84327492,-91.36969617
6,15220020,Turkey River @ Highway 52 (TR10),09/07/2011 12:05:00,TURKEYR,NIT-NO3-NO2,Inorganic nitrogen (nitrate and nitrite) (as N),Total,,5,mg/l,True,0.1,,,353.2,IGS-GRAB,Actual,SW,Water,,,Clayton,07060004,River/Stream,,42.70781335,-91.0757377
6,15220009,South Cedar Creek @ Lower Cedar Rd (CED10),10/05/2011 12:30:00,TURKEYR,NIT-NO3-NO2,Inorganic nitrogen (nitrate and nitrite) (as N),Total,,3.2,mg/l,True,0.1,,,353.2,IGS-GRAB,Actual,SW,Water,,,Clayton,07060004,River/Stream,,42.74424922,-91.21535774
6,15220017,Roberts Creek @ Grape Rd (ROB10),09/07/2011 10:20:00,TURKEYR,NIT-NO3-NO2,Inorganic nitrogen (nitrate and nitrite) (as N),Total,,7.3,mg/l,True,0.1,,,353.2,IGS-GRAB,Actual,SW,Water,,,Clayton,07060004,River/Stream,,42.83952465,-91.37446914
6,15220019,Roberts Creek @ Dalmation Ave (ROB50),09/07/2011 08:30:00,TURKEYR,NIT-NO3-NO2,Inorganic nitrogen (nitrate and nitrite) (as N),Total,,5.7,mg/l,True,0.1,,,353.2,IGS-GRAB,Actual,SW,Water,,,Clayton,07060004,River/Stream,,42.95959549,-91.4562996
6,15220014,Howard Creek @ Mouth (HOW10),09/07/2011 09:20:00,TURKEYR,NIT-NO3-NO2,Inorganic nitrogen (nitrate and nitrite) (as N),Total,,6.4,mg/l,True,0.1,,,353.2,IGS-GRAB,Actual,SW,Water,,,Clayton,07060004,River/Stream,,42.9300546,-91.38292282
6,15220015,Little Turkey River @ Highway 52 (LIT10),09/07/2011 11:55:00,TURKEYR,NIT-NO3-NO2,Inorganic nitrogen (nitrate and nitrite) (as N),Total,,4,mg/l,True,0.1,,,353.2,IGS-GRAB,Actual,SW,Water,,,Clayton,07060004,River/Stream,,42.6987021,-91.07371173
6,15220021,Turkey River @ Elkader (TR30),08/03/2011 09:10:00,TURKEYR,NIT-NO3-NO2,Inorganic nitrogen (nitrate and nitrite) (as N),Total,,5.3,mg/l,True,0.1,,,353.2,IGS-GRAB,Actual,SW,Water,,,Clayton,07060004,River/Stream,,42.859771,-91.406681
6,15220010,Cox Creek @ Highway 13 (COX20),09/07/2011 07:30:00,TURKEYR,NIT-NO3-NO2,Inorganic nitrogen (nitrate and nitrite) (as N),Total,,4.2,mg/l,True,0.1,,,353.2,IGS-GRAB,Actual,SW,Water,,,Clayton,07060004,River/Stream,,42.76688423,-91.46209679
6,15220016,Mink Creek @ Aztec Road (MIN10),08/03/2011 08:20:00,TURKEYR,NIT-NO3-NO2,Inorganic nitrogen (nitrate and nitrite) (as N),Total,,6.3,mg/l,True,0.1,,,353.2,IGS-GRAB,Actual,SW,Water,,,Clayton,07060004,River/Stream,,42.8441202,-91.59732742
6,15220012,Elk Creek @ Colesburg Rd/X3C (ELK10),08/03/2011 10:50:00,TURKEYR,NIT-NO3-NO2,Inorganic nitrogen (nitrate and nitrite) (as N),Total,,5.4,mg/l,True,0.1,,,353.2,IGS-GRAB,Actual,SW,Water,,,Clayton,07060004,River/Stream,,42.73331715,-91.28009598
6,15220013,Hewett Creek @ Crystal Road (HEW20),08/03/2011 07:25:00,TURKEYR,NIT-NO3-NO2,Inorganic nitrogen (nitrate and nitrite) (as N),Total,,6,mg/l,True,0.1,,,353.2,IGS-GRAB,Actual,SW,Water,,,Clayton,07060004,River/Stream,,42.78586318,-91.51847775
6,15220009,South Cedar Creek @ Lower Cedar Rd (CED10),08/03/2011 12:00:00,TURKEYR,NIT-NO3-NO2,Inorganic nitrogen (nitrate and nitrite) (as N),Total,,4.8,mg/l,True,0.1,,,353.2,IGS-GRAB,Actual,SW,Water,,,Clayton,07060004,River/Stream,,42.74424922,-91.21535774
6,15220011,Dry Mill Creek @ Grape Rd (DMI10),08/03/2011 08:48:00,TURKEYR,NIT-NO3-NO2,Inorganic nitrogen (nitrate and nitrite) (as N),Total,,12,mg/l,True,0.1,,,353.2,IGS-GRAB,Actual,SW,Water,,,Clayton,07060004,River/Stream,,42.84327492,-91.36969617
6,15220011,Dry Mill Creek @ Grape Rd (DMI10),07/06/2011 13:45:00,TURKEYR,NIT-NO3-NO2,Inorganic nitrogen (nitrate and nitrite) (as N),Total,,11,mg/l,True,0.1,,,353.2,IGS-GRAB,Actual,SW,Water,,,Clayton,07060004,River/Stream,,42.84327492,-91.36969617
6,15220016,Mink Creek @ Aztec Road (MIN10),07/06/2011 08:30:00,TURKEYR,NIT-NO3-NO2,Inorganic nitrogen (nitrate and nitrite) (as N),Total,,6.1,mg/l,True,0.1,,,353.2,IGS-GRAB,Actual,SW,Water,,,Clayton,07060004,River/Stream,,42.8441202,-91.59732742
6,15220020,Turkey River @ Highway 52 (TR10),07/06/2011 10:45:00,TURKEYR,NIT-NO3-NO2,Inorganic nitrogen (nitrate and nitrite) (as N),Total,,6.1,mg/l,True,0.1,,,353.2,IGS-GRAB,Actual,SW,Water,,,Clayton,07060004,River/Stream,,42.70781335,-91.0757377
6,15220012,Elk Creek @ Colesburg Rd/X3C (ELK10),07/06/2011 11:38:00,TURKEYR,NIT-NO3-NO2,Inorganic nitrogen (nitrate and nitrite) (as N),Total,,3.9,mg/l,True,0.1,,,353.2,IGS-GRAB,Actual,SW,Water,,,Clayton,07060004,River/Stream,,42.73331715,-91.28009598
6,15220021,Turkey River @ Elkader (TR30),06/01/2011 09:35:00,TURKEYR,NIT-NO3-NO2,Inorganic nitrogen (nitrate and nitrite) (as N),Total,,11,mg/l,True,0.1,,,353.2,IGS-GRAB,Actual,SW,Water,,,Clayton,07060004,River/Stream,,42.859771,-91.406681
6,15220019,Roberts Creek @ Dalmation Ave (ROB50),06/01/2011 08:30:00,TURKEYR,NIT-NO3-NO2,Inorganic nitrogen (nitrate and nitrite) (as N),Total,,12,mg/l,True,0.1,,,353.2,IGS-GRAB,Actual,SW,Water,,,Clayton,07060004,River/Stream,,42.95959549,-91.4562996
6,15220012,Elk Creek @ Colesburg Rd/X3C (ELK10),06/01/2011 11:40:00,TURKEYR,NIT-NO3-NO2,Inorganic nitrogen (nitrate and nitrite) (as N),Total,,4.4,mg/l,True,0.1,,,353.2,IGS-GRAB,Actual,SW,Water,,,Clayton,07060004,River/Stream,,42.73331715,-91.28009598
6,15220020,Turkey River @ Highway 52 (TR10),06/01/2011 10:28:00,TURKEYR,NIT-NO3-NO2,Inorganic nitrogen (nitrate and nitrite) (as N),Total,,9.8,mg/l,True,0.1,,,353.2,IGS-GRAB,Actual,SW,Water,,,Clayton,07060004,River/Stream,,42.70781335,-91.0757377
6,15220015,Little Turkey River @ Highway 52 (LIT10),06/01/2011 10:48:00,TURKEYR,NIT-NO3-NO2,Inorganic nitrogen (nitrate and nitrite) (as N),Total,,4.1,mg/l,True,0.1,,,353.2,IGS-GRAB,Actual,SW,Water,,,Clayton,07060004,River/Stream,,42.6987021,-91.07371173
6,15220016,Mink Creek @ Aztec Road (MIN10),05/04/2011 09:00:00,TURKEYR,NIT-NO3-NO2,Inorganic nitrogen (nitrate and nitrite) (as N),Total,,5.8,mg/l,True,0.1,,,353.2,IGS-GRAB,Actual,SW,Water,,,Clayton,07060004,River/Stream,,42.8441202,-91.59732742
6,15220008,West Fork Sny Magill Creek  (SNWF),04/17/2001 14:00:00,SNY319,NIT-NO3-NO2,Inorganic nitrogen (nitrate and nitrite) (as N),Total,,4.2,mg/l,True,0.1,,,Unknown,SNY001,Actual,SW,Water,,,Clayton,07060003,River/Stream,,42.97628121,-91.23730654
6,15220008,West Fork Sny Magill Creek  (SNWF),04/10/2001 14:25:00,SNY319,NIT-NO3-NO2,Inorganic nitrogen (nitrate and nitrite) (as N),Total,,4.3,mg/l,True,0.1,,,Unknown,SNY001,Actual,SW,Water,,,Clayton,07060003,River/Stream,,42.97628121,-91.23730654
6,15220008,West Fork Sny Magill Creek  (SNWF),04/03/2001 14:15:00,SNY319,NIT-NO3-NO2,Inorganic nitrogen (nitrate and nitrite) (as N),Total,,4.2,mg/l,True,0.1,,,Unknown,SNY001,Actual,SW,Water,,,Clayton,07060003,River/Stream,,42.97628121,-91.23730654
6,15220008,West Fork Sny Magill Creek  (SNWF),02/27/2001 15:20:00,SNY319,NIT-NO3-NO2,Inorganic nitrogen (nitrate and nitrite) (as N),Total,,4.3,mg/l,True,0.1,,,Unknown,SNY001,Actual,SW,Water,,,Clayton,07060003,River/Stream,,42.97628121,-91.23730654
6,15220008,West Fork Sny Magill Creek  (SNWF),02/20/2001 13:40:00,SNY319,NIT-NO3-NO2,Inorganic nitrogen (nitrate and nitrite) (as N),Total,,4,mg/l,True,0.1,,,Unknown,SNY001,Actual,SW,Water,,,Clayton,07060003,River/Stream,,42.97628121,-91.23730654
6,15220008,West Fork Sny Magill Creek  (SNWF),02/13/2001 13:50:00,SNY319,NIT-NO3-NO2,Inorganic nitrogen (nitrate and nitrite) (as N),Total,,4.1,mg/l,True,0.1,,,Unknown,SNY001,Actual,SW,Water,,,Clayton,07060003,River/Stream,,42.97628121,-91.23730654
6,15220008,West Fork Sny Magill Creek  (SNWF),01/09/2001 13:10:00,SNY319,NIT-NO3-NO2,Inorganic nitrogen (nitrate and nitrite) (as N),Total,,4.3,mg/l,True,0.1,,,Unknown,SNY001,Actual,SW,Water,,,Clayton,07060003,River/Stream,,42.97628121,-91.23730654
6,15220008,West Fork Sny Magill Creek  (SNWF),01/02/2001 14:20:00,SNY319,NIT-NO3-NO2,Inorganic nitrogen (nitrate and nitrite) (as N),Total,,4.3,mg/l,True,0.1,,,Unknown,SNY001,Actual,SW,Water,,,Clayton,07060003,River/Stream,,42.97628121,-91.23730654
6,15220008,West Fork Sny Magill Creek  (SNWF),12/12/2000 14:20:00,SNY319,NIT-NO3-NO2,Inorganic nitrogen (nitrate and nitrite) (as N),Total,,4.3,mg/l,True,0.1,,,Unknown,SNY001,Actual,SW,Water,,,Clayton,07060003,River/Stream,,42.97628121,-91.23730654
6,15220008,West Fork Sny Magill Creek  (SNWF),12/05/2000 13:55:00,SNY319,NIT-NO3-NO2,Inorganic nitrogen (nitrate and nitrite) (as N),Total,,4.3,mg/l,True,0.1,,,Unknown,SNY001,Actual,SW,Water,,,Clayton,07060003,River/Stream,,42.97628121,-91.23730654
6,15220008,West Fork Sny Magill Creek  (SNWF),11/28/2000 15:05:00,SNY319,NIT-NO3-NO2,Inorganic nitrogen (nitrate and nitrite) (as N),Total,,4.2,mg/l,True,0.1,,,Unknown,SNY001,Actual,SW,Water,,,Clayton,07060003,River/Stream,,42.97628121,-91.23730654
6,15220008,West Fork Sny Magill Creek  (SNWF),10/24/2000 14:10:00,SNY319,NIT-NO3-NO2,Inorganic nitrogen (nitrate and nitrite) (as N),Total,,3.8,mg/l,True,0.1,,,Unknown,SNY001,Actual,SW,Water,,,Clayton,07060003,River/Stream,,42.97628121,-91.23730654
6,15220008,West Fork Sny Magill Creek  (SNWF),10/17/2000 13:10:00,SNY319,NIT-NO3-NO2,Inorganic nitrogen (nitrate and nitrite) (as N),Total,,3.9,mg/l,True,0.1,,,Unknown,SNY001,Actual,SW,Water,,,Clayton,07060003,River/Stream,,42.97628121,-91.23730654
6,15220008,West Fork Sny Magill Creek  (SNWF),09/26/2000 15:55:00,SNY319,NIT-NO3-NO2,Inorganic nitrogen (nitrate and nitrite) (as N),Total,,4,mg/l,True,0.1,,,Unknown,SNY001,Actual,SW,Water,,,Clayton,07060003,River/Stream,,42.97628121,-91.23730654
6,15220008,West Fork Sny Magill Creek  (SNWF),10/10/2000 13:40:00,SNY319,NIT-NO3-NO2,Inorganic nitrogen (nitrate and nitrite) (as N),Total,,4.2,mg/l,True,0.1,,,Unknown,SNY001,Actual,SW,Water,,,Clayton,07060003,River/Stream,,42.97628121,-91.23730654
6,15220008,West Fork Sny Magill Creek  (SNWF),09/19/2000 13:05:00,SNY319,NIT-NO3-NO2,Inorganic nitrogen (nitrate and nitrite) (as N),Total,,3.8,mg/l,True,0.1,,,Unknown,SNY001,Actual,SW,Water,,,Clayton,07060003,River/Stream,,42.97628121,-91.23730654
6,15220008,West Fork Sny Magill Creek  (SNWF),08/15/2000 14:20:00,SNY319,NIT-NO3-NO2,Inorganic nitrogen (nitrate and nitrite) (as N),Total,,3.5,mg/l,True,0.1,,,Unknown,SNY001,Actual,SW,Water,,,Clayton,07060003,River/Stream,,42.97628121,-91.23730654
6,15220008,West Fork Sny Magill Creek  (SNWF),08/21/2001 12:25:00,SNY319,NIT-NO3-NO2,Inorganic nitrogen (nitrate and nitrite) (as N),Total,,3.6,mg/l,True,0.1,,,Unknown,SNY001,Actual,SW,Water,,,Clayton,07060003,River/Stream,,42.97628121,-91.23730654
6,15220008,West Fork Sny Magill Creek  (SNWF),08/14/2001 14:45:00,SNY319,NIT-NO3-NO2,Inorganic nitrogen (nitrate and nitrite) (as N),Total,,3.8,mg/l,True,0.1,,,Unknown,SNY001,Actual,SW,Water,,,Clayton,07060003,River/Stream,,42.97628121,-91.23730654
6,15220008,West Fork Sny Magill Creek  (SNWF),07/10/2001 12:30:00,SNY319,NIT-NO3-NO2,Inorganic nitrogen (nitrate and nitrite) (as N),Total,,3.9,mg/l,True,0.1,,,Unknown,SNY001,Actual,SW,Water,,,Clayton,07060003,River/Stream,,42.97628121,-91.23730654
6,15220008,West Fork Sny Magill Creek  (SNWF),07/03/2001 12:10:00,SNY319,NIT-NO3-NO2,Inorganic nitrogen (nitrate and nitrite) (as N),Total,,3.9,mg/l,True,0.1,,,Unknown,SNY001,Actual,SW,Water,,,Clayton,07060003,River/Stream,,42.97628121,-91.23730654
6,15220008,West Fork Sny Magill Creek  (SNWF),06/26/2001 13:45:00,SNY319,NIT-NO3-NO2,Inorganic nitrogen (nitrate and nitrite) (as N),Total,,3.7,mg/l,True,0.1,,,Unknown,SNY001,Actual,SW,Water,,,Clayton,07060003,River/Stream,,42.97628121,-91.23730654
6,15220008,West Fork Sny Magill Creek  (SNWF),05/29/2001 13:40:00,SNY319,NIT-NO3-NO2,Inorganic nitrogen (nitrate and nitrite) (as N),Total,,3.7,mg/l,True,0.1,,,Unknown,SNY001,Actual,SW,Water,,,Clayton,07060003,River/Stream,,42.97628121,-91.23730654
6,15220008,West Fork Sny Magill Creek  (SNWF),05/22/2001 13:30:00,SNY319,NIT-NO3-NO2,Inorganic nitrogen (nitrate and nitrite) (as N),Total,,3.8,mg/l,True,0.1,,,Unknown,SNY001,Actual,SW,Water,,,Clayton,07060003,River/Stream,,42.97628121,-91.23730654
6,15220008,West Fork Sny Magill Creek  (SNWF),05/15/2001 12:25:00,SNY319,NIT-NO3-NO2,Inorganic nitrogen (nitrate and nitrite) (as N),Total,,3.8,mg/l,True,0.1,,,Unknown,SNY001,Actual,SW,Water,,,Clayton,07060003,River/Stream,,42.97628121,-91.23730654
6,15220008,West Fork Sny Magill Creek  (SNWF),09/25/2001 14:55:00,SNY319,NIT-NO3-NO2,Inorganic nitrogen (nitrate and nitrite) (as N),Total,,3.6,mg/l,True,0.1,,,Unknown,SNY001,Actual,SW,Water,,,Clayton,07060003,River/Stream,,42.97628121,-91.23730654
6,15220008,West Fork Sny Magill Creek  (SNWF),08/28/2001 15:00:00,SNY319,NIT-NO3-NO2,Inorganic nitrogen (nitrate and nitrite) (as N),Total,,3.7,mg/l,True,0.1,,,Unknown,SNY001,Actual,SW,Water,,,Clayton,07060003,River/Stream,,42.97628121,-91.23730654
6,15220004,Sny Magill Creek Site #1 (SN01),12/05/1995 13:30:00,SNY319,NIT-NO3-NO2,Inorganic nitrogen (nitrate and nitrite) (as N),Total,,2.3,mg/l,True,0.1,,,Unknown,SNY001,Actual,SW,Water,,,Clayton,07060003,River/Stream,,42.94880662,-91.18632674
6,15220004,Sny Magill Creek Site #1 (SN01),11/28/1995 13:50:00,SNY319,NIT-NO3-NO2,Inorganic nitrogen (nitrate and nitrite) (as N),Total,,2.4,mg/l,True,0.1,,,Unknown,SNY001,Actual,SW,Water,,,Clayton,07060003,River/Stream,,42.94880662,-91.18632674
6,15220004,Sny Magill Creek Site #1 (SN01),10/17/1995 14:30:00,SNY319,NIT-NO3-NO2,Inorganic nitrogen (nitrate and nitrite) (as N),Total,,1.9,mg/l,True,0.1,,,Unknown,SNY001,Actual,SW,Water,,,Clayton,07060003,River/Stream,,42.94880662,-91.18632674
6,15220008,West Fork Sny Magill Creek  (SNWF),08/08/2000 13:20:00,SNY319,NIT-NO3-NO2,Inorganic nitrogen (nitrate and nitrite) (as N),Total,,3.8,mg/l,True,0.1,,,Unknown,SNY001,Actual,SW,Water,,,Clayton,07060003,River/Stream,,42.97628121,-91.23730654
6,15220008,West Fork Sny Magill Creek  (SNWF),08/01/2000 15:00:00,SNY319,NIT-NO3-NO2,Inorganic nitrogen (nitrate and nitrite) (as N),Total,,3.8,mg/l,True,0.1,,,Unknown,SNY001,Actual,SW,Water,,,Clayton,07060003,River/Stream,,42.97628121,-91.23730654
6,15220008,West Fork Sny Magill Creek  (SNWF),07/04/2000 14:00:00,SNY319,NIT-NO3-NO2,Inorganic nitrogen (nitrate and nitrite) (as N),Total,,3.7,mg/l,True,0.1,,,Unknown,SNY001,Actual,SW,Water,,,Clayton,07060003,River/Stream,,42.97628121,-91.23730654
6,15220008,West Fork Sny Magill Creek  (SNWF),06/27/2000 16:00:00,SNY319,NIT-NO3-NO2,Inorganic nitrogen (nitrate and nitrite) (as N),Total,,3.6,mg/l,True,0.1,,,Unknown,SNY001,Actual,SW,Water,,,Clayton,07060003,River/Stream,,42.97628121,-91.23730654
6,15220008,West Fork Sny Magill Creek  (SNWF),06/20/2000 13:25:00,SNY319,NIT-NO3-NO2,Inorganic nitrogen (nitrate and nitrite) (as N),Total,,3.3,mg/l,True,0.1,,,Unknown,SNY001,Actual,SW,Water,,,Clayton,07060003,River/Stream,,42.97628121,-91.23730654
6,15220008,West Fork Sny Magill Creek  (SNWF),05/23/2000 14:10:00,SNY319,NIT-NO3-NO2,Inorganic nitrogen (nitrate and nitrite) (as N),Total,,3.9,mg/l,True,0.1,,,Unknown,SNY001,Actual,SW,Water,,,Clayton,07060003,River/Stream,,42.97628121,-91.23730654
6,15220008,West Fork Sny Magill Creek  (SNWF),05/16/2000 13:15:00,SNY319,NIT-NO3-NO2,Inorganic nitrogen (nitrate and nitrite) (as N),Total,,3.6,mg/l,True,0.1,,,Unknown,SNY001,Actual,SW,Water,,,Clayton,07060003,River/Stream,,42.97628121,-91.23730654
6,15220008,West Fork Sny Magill Creek  (SNWF),05/09/2000 14:15:00,SNY319,NIT-NO3-NO2,Inorganic nitrogen (nitrate and nitrite) (as N),Total,,3.8,mg/l,True,0.1,,,Unknown,SNY001,Actual,SW,Water,,,Clayton,07060003,River/Stream,,42.97628121,-91.23730654
6,15220008,West Fork Sny Magill Creek  (SNWF),04/04/2000 13:45:00,SNY319,NIT-NO3-NO2,Inorganic nitrogen (nitrate and nitrite) (as N),Total,,3.8,mg/l,True,0.1,,,Unknown,SNY001,Actual,SW,Water,,,Clayton,07060003,River/Stream,,42.97628121,-91.23730654
6,15220008,West Fork Sny Magill Creek  (SNWF),05/02/2000 14:10:00,SNY319,NIT-NO3-NO2,Inorganic nitrogen (nitrate and nitrite) (as N),Total,,3.5,mg/l,True,0.1,,,Unknown,SNY001,Actual,SW,Water,,,Clayton,07060003,River/Stream,,42.97628121,-91.23730654
6,15220008,West Fork Sny Magill Creek  (SNWF),03/28/2000 16:05:00,SNY319,NIT-NO3-NO2,Inorganic nitrogen (nitrate and nitrite) (as N),Total,,3.8,mg/l,True,0.1,,,Unknown,SNY001,Actual,SW,Water,,,Clayton,07060003,River/Stream,,42.97628121,-91.23730654
6,15220008,West Fork Sny Magill Creek  (SNWF),03/21/2000 13:30:00,SNY319,NIT-NO3-NO2,Inorganic nitrogen (nitrate and nitrite) (as N),Total,,3.8,mg/l,True,0.1,,,Unknown,SNY001,Actual,SW,Water,,,Clayton,07060003,River/Stream,,42.97628121,-91.23730654
6,15220008,West Fork Sny Magill Creek  (SNWF),02/15/2000 14:15:00,SNY319,NIT-NO3-NO2,Inorganic nitrogen (nitrate and nitrite) (as N),Total,,3.9,mg/l,True,0.1,,,Unknown,SNY001,Actual,SW,Water,,,Clayton,07060003,River/Stream,,42.97628121,-91.23730654
6,15220008,West Fork Sny Magill Creek  (SNWF),02/08/2000 14:50:00,SNY319,NIT-NO3-NO2,Inorganic nitrogen (nitrate and nitrite) (as N),Total,,4.1,mg/l,True,0.1,,,Unknown,SNY001,Actual,SW,Water,,,Clayton,07060003,River/Stream,,42.97628121,-91.23730654
6,15220008,West Fork Sny Magill Creek  (SNWF),01/04/2000 13:25:00,SNY319,NIT-NO3-NO2,Inorganic nitrogen (nitrate and nitrite) (as N),Total,,4.2,mg/l,True,0.1,,,Unknown,SNY001,Actual,SW,Water,,,Clayton,07060003,River/Stream,,42.97628121,-91.23730654
6,15220008,West Fork Sny Magill Creek  (SNWF),02/01/2000 14:00:00,SNY319,NIT-NO3-NO2,Inorganic nitrogen (nitrate and nitrite) (as N),Total,,4.2,mg/l,True,0.1,,,Unknown,SNY001,Actual,SW,Water,,,Clayton,07060003,River/Stream,,42.97628121,-91.23730654
6,15220008,West Fork Sny Magill Creek  (SNWF),12/07/1999 14:00:00,SNY319,NIT-NO3-NO2,Inorganic nitrogen (nitrate and nitrite) (as N),Total,,4.1,mg/l,True,0.1,,,Unknown,SNY001,Actual,SW,Water,,,Clayton,07060003,River/Stream,,42.97628121,-91.23730654
6,15220008,West Fork Sny Magill Creek  (SNWF),11/30/1999 14:50:00,SNY319,NIT-NO3-NO2,Inorganic nitrogen (nitrate and nitrite) (as N),Total,,4,mg/l,True,0.1,,,Unknown,SNY001,Actual,SW,Water,,,Clayton,07060003,River/Stream,,42.97628121,-91.23730654
6,15220008,West Fork Sny Magill Creek  (SNWF),11/23/1999 13:50:00,SNY319,NIT-NO3-NO2,Inorganic nitrogen (nitrate and nitrite) (as N),Total,,3.6,mg/l,True,0.1,,,Unknown,SNY001,Actual,SW,Water,,,Clayton,07060003,River/Stream,,42.97628121,-91.23730654
6,15220008,West Fork Sny Magill Creek  (SNWF),10/19/1999 13:45:00,SNY319,NIT-NO3-NO2,Inorganic nitrogen (nitrate and nitrite) (as N),Total,,3.8,mg/l,True,0.1,,,Unknown,SNY001,Actual,SW,Water,,,Clayton,07060003,River/Stream,,42.97628121,-91.23730654
6,15220008,West Fork Sny Magill Creek  (SNWF),10/12/1999 12:30:00,SNY319,NIT-NO3-NO2,Inorganic nitrogen (nitrate and nitrite) (as N),Total,,3.7,mg/l,True,0.1,,,Unknown,SNY001,Actual,SW,Water,,,Clayton,07060003,River/Stream,,42.97628121,-91.23730654
6,15220008,West Fork Sny Magill Creek  (SNWF),09/28/1999 13:50:00,SNY319,NIT-NO3-NO2,Inorganic nitrogen (nitrate and nitrite) (as N),Total,,3.8,mg/l,True,0.1,,,Unknown,SNY001,Actual,SW,Water,,,Clayton,07060003,River/Stream,,42.97628121,-91.23730654
6,15220008,West Fork Sny Magill Creek  (SNWF),10/05/1999 12:50:00,SNY319,NIT-NO3-NO2,Inorganic nitrogen (nitrate and nitrite) (as N),Total,,3.9,mg/l,True,0.1,,,Unknown,SNY001,Actual,SW,Water,,,Clayton,07060003,River/Stream,,42.97628121,-91.23730654
6,15220008,West Fork Sny Magill Creek  (SNWF),09/21/1999 14:25:00,SNY319,NIT-NO3-NO2,Inorganic nitrogen (nitrate and nitrite) (as N),Total,,3.9,mg/l,True,0.1,,,Unknown,SNY001,Actual,SW,Water,,,Clayton,07060003,River/Stream,,42.97628121,-91.23730654
6,15220008,West Fork Sny Magill Creek  (SNWF),09/07/1999 14:20:00,SNY319,NIT-NO3-NO2,Inorganic nitrogen (nitrate and nitrite) (as N),Total,,3.7,mg/l,True,0.1,,,Unknown,SNY001,Actual,SW,Water,,,Clayton,07060003,River/Stream,,42.97628121,-91.23730654
6,15220008,West Fork Sny Magill Creek  (SNWF),08/31/1999 14:50:00,SNY319,NIT-NO3-NO2,Inorganic nitrogen (nitrate and nitrite) (as N),Total,,3.7,mg/l,True,0.1,,,Unknown,SNY001,Actual,SW,Water,,,Clayton,07060003,River/Stream,,42.97628121,-91.23730654
6,15220008,West Fork Sny Magill Creek  (SNWF),08/24/1999 12:45:00,SNY319,NIT-NO3-NO2,Inorganic nitrogen (nitrate and nitrite) (as N),Total,,3.8,mg/l,True,0.1,,,Unknown,SNY001,Actual,SW,Water,,,Clayton,07060003,River/Stream,,42.97628121,-91.23730654
6,15220008,West Fork Sny Magill Creek  (SNWF),06/29/1999 14:40:00,SNY319,NIT-NO3-NO2,Inorganic nitrogen (nitrate and nitrite) (as N),Total,,3.9,mg/l,True,0.1,,,Unknown,SNY001,Actual,SW,Water,,,Clayton,07060003,River/Stream,,42.97628121,-91.23730654
6,15220008,West Fork Sny Magill Creek  (SNWF),06/22/1999 11:15:00,SNY319,NIT-NO3-NO2,Inorganic nitrogen (nitrate and nitrite) (as N),Total,,3.9,mg/l,True,0.1,,,Unknown,SNY001,Actual,SW,Water,,,Clayton,07060003,River/Stream,,42.97628121,-91.23730654
6,15220008,West Fork Sny Magill Creek  (SNWF),06/15/1999 13:00:00,SNY319,NIT-NO3-NO2,Inorganic nitrogen (nitrate and nitrite) (as N),Total,,4.1,mg/l,True,0.1,,,Unknown,SNY001,Actual,SW,Water,,,Clayton,07060003,River/Stream,,42.97628121,-91.23730654
6,15220008,West Fork Sny Magill Creek  (SNWF),06/08/1999 12:55:00,SNY319,NIT-NO3-NO2,Inorganic nitrogen (nitrate and nitrite) (as N),Total,,3.9,mg/l,True,0.1,,,Unknown,SNY001,Actual,SW,Water,,,Clayton,07060003,River/Stream,,42.97628121,-91.23730654
6,15220008,West Fork Sny Magill Creek  (SNWF),06/01/1999 13:05:00,SNY319,NIT-NO3-NO2,Inorganic nitrogen (nitrate and nitrite) (as N),Total,,3.9,mg/l,True,0.1,,,Unknown,SNY001,Actual,SW,Water,,,Clayton,07060003,River/Stream,,42.97628121,-91.23730654
6,15220008,West Fork Sny Magill Creek  (SNWF),05/25/1999 14:25:00,SNY319,NIT-NO3-NO2,Inorganic nitrogen (nitrate and nitrite) (as N),Total,,4.2,mg/l,True,0.1,,,Unknown,SNY001,Actual,SW,Water,,,Clayton,07060003,River/Stream,,42.97628121,-91.23730654
6,15220008,West Fork Sny Magill Creek  (SNWF),04/13/1999 13:20:00,SNY319,NIT-NO3-NO2,Inorganic nitrogen (nitrate and nitrite) (as N),Total,,4.2,mg/l,True,0.1,,,Unknown,SNY001,Actual,SW,Water,,,Clayton,07060003,River/Stream,,42.97628121,-91.23730654
6,15220008,West Fork Sny Magill Creek  (SNWF),04/06/1999 12:40:00,SNY319,NIT-NO3-NO2,Inorganic nitrogen (nitrate and nitrite) (as N),Total,,4.3,mg/l,True,0.1,,,Unknown,SNY001,Actual,SW,Water,,,Clayton,07060003,River/Stream,,42.97628121,-91.23730654
6,15220008,West Fork Sny Magill Creek  (SNWF),03/30/1999 14:25:00,SNY319,NIT-NO3-NO2,Inorganic nitrogen (nitrate and nitrite) (as N),Total,,3.8,mg/l,True,0.1,,,Unknown,SNY001,Actual,SW,Water,,,Clayton,07060003,River/Stream,,42.97628121,-91.23730654
6,15220008,West Fork Sny Magill Creek  (SNWF),03/23/1999 12:25:00,SNY319,NIT-NO3-NO2,Inorganic nitrogen (nitrate and nitrite) (as N),Total,,3.9,mg/l,True,0.1,,,Unknown,SNY001,Actual,SW,Water,,,Clayton,07060003,River/Stream,,42.97628121,-91.23730654
6,15220008,West Fork Sny Magill Creek  (SNWF),03/16/1999 12:30:00,SNY319,NIT-NO3-NO2,Inorganic nitrogen (nitrate and nitrite) (as N),Total,,3.9,mg/l,True,0.1,,,Unknown,SNY001,Actual,SW,Water,,,Clayton,07060003,River/Stream,,42.97628121,-91.23730654
6,15220008,West Fork Sny Magill Creek  (SNWF),03/09/1999 13:30:00,SNY319,NIT-NO3-NO2,Inorganic nitrogen (nitrate and nitrite) (as N),Total,,4.3,mg/l,True,0.1,,,Unknown,SNY001,Actual,SW,Water,,,Clayton,07060003,River/Stream,,42.97628121,-91.23730654
6,15220004,Sny Magill Creek Site #1 (SN01),09/04/2001 11:35:00,SNY319,NIT-NO3-NO2,Inorganic nitrogen (nitrate and nitrite) (as N),Total,,2.7,mg/l,True,0.1,,,Unknown,SNY001,Actual,SW,Water,,,Clayton,07060003,River/Stream,,42.94880662,-91.18632674
6,15220004,Sny Magill Creek Site #1 (SN01),08/28/2001 13:55:00,SNY319,NIT-NO3-NO2,Inorganic nitrogen (nitrate and nitrite) (as N),Total,,3.1,mg/l,True,0.1,,,Unknown,SNY001,Actual,SW,Water,,,Clayton,07060003,River/Stream,,42.94880662,-91.18632674
6,15220004,Sny Magill Creek Site #1 (SN01),10/25/1994 11:45:00,SNY319,NIT-NO3-NO2,Inorganic nitrogen (nitrate and nitrite) (as N),Total,,2.2,mg/l,True,0.1,,,Unknown,SNY001,Actual,SW,Water,,,Clayton,07060003,River/Stream,,42.94880662,-91.18632674
6,15220004,Sny Magill Creek Site #1 (SN01),11/15/1994 13:30:00,SNY319,NIT-NO3-NO2,Inorganic nitrogen (nitrate and nitrite) (as N),Total,,2.5,mg/l,True,0.1,,,Unknown,SNY001,Actual,SW,Water,,,Clayton,07060003,River/Stream,,42.94880662,-91.18632674
6,15220004,Sny Magill Creek Site #1 (SN01),11/22/1994 13:40:00,SNY319,NIT-NO3-NO2,Inorganic nitrogen (nitrate and nitrite) (as N),Total,,2.8,mg/l,True,0.1,,,Unknown,SNY001,Actual,SW,Water,,,Clayton,07060003,River/Stream,,42.94880662,-91.18632674
6,15220036,Turkey River @ Big Spring (TR01),04/29/1997 09:20:00,BSP,NIT-NO3-NO2,Inorganic nitrogen (nitrate and nitrite) (as N),Total,,5.8,mg/l,True,0.1,,,353.2,BSP,Actual,SW,Water,,,Clayton,07060004,River/Stream,,42.9095476,-91.4709184
6,15220036,Turkey River @ Big Spring (TR01),04/29/1997 09:20:00,BSP,NIT-NO3-NO2,Inorganic nitrogen (nitrate and nitrite) (as N),Total,,5.6,mg/l,True,0.2,,,353.2,BSP,Calculated,SW,Water,,Originally reported as Nitrate + Nitrite as NO3.,Clayton,07060004,River/Stream,,42.9095476,-91.4709184
6,15220018,Roberts Creek @ 206th St/B65 (RC02/ROB30),04/08/1997 12:40:00,BSP,NIT-NO3-NO2,Inorganic nitrogen (nitrate and nitrite) (as N),Total,,6.4,mg/l,True,0.1,,,353.2,BSP,Actual,SW,Water,,,Clayton,07060004,River/Stream,,42.9304245,-91.38552335
6,15220028,Silver Creek @ Dogwood Ave (L23S),04/08/1997 09:40:00,BSP,NIT-NO3-NO2,Inorganic nitrogen (nitrate and nitrite) (as N),Total,,9.4,mg/l,True,0.1,,,353.2,BSP,Actual,SW,Water,,,Clayton,07060004,River/Stream,,43.0217763,-91.4894189
6,15220036,Turkey River @ Big Spring (TR01),04/08/1997 09:05:00,BSP,NIT-NO3-NO2,Inorganic nitrogen (nitrate and nitrite) (as N),Total,,7.9,mg/l,True,0.2,,,353.2,BSP,Calculated,SW,Water,,Originally reported as Nitrate + Nitrite as NO3.,Clayton,07060004,River/Stream,,42.9095476,-91.4709184
6,15220040,L22T,04/15/1997 11:15:00,BSP,NIT-NO3-NO2,Inorganic nitrogen (nitrate and nitrite) (as N),Total,,14.2,mg/l,True,0.2,,,353.2,BSP,Calculated,GW,Water,,Originally reported as Nitrate + Nitrite as NO3.,Clayton,07060004,Facility Other,,43.0217187,-91.4893474
6,15220036,Turkey River @ Big Spring (TR01),04/22/1997 08:40:00,BSP,NIT-NO3-NO2,Inorganic nitrogen (nitrate and nitrite) (as N),Total,,6.8,mg/l,True,0.2,,,353.2,BSP,Calculated,SW,Water,,Originally reported as Nitrate + Nitrite as NO3.,Clayton,07060004,River/Stream,,42.9095476,-91.4709184
6,15220040,L22T,04/29/1997 10:35:00,BSP,NIT-NO3-NO2,Inorganic nitrogen (nitrate and nitrite) (as N),Total,,17.4,mg/l,True,0.2,,,353.2,BSP,Calculated,GW,Water,,Originally reported as Nitrate + Nitrite as NO3.,Clayton,07060004,Facility Other,,43.0217187,-91.4893474
6,15220018,Roberts Creek @ 206th St/B65 (RC02/ROB30),03/25/1997 14:15:00,BSP,NIT-NO3-NO2,Inorganic nitrogen (nitrate and nitrite) (as N),Total,,7.2,mg/l,True,0.1,,,353.2,BSP,Actual,SW,Water,,,Clayton,07060004,River/Stream,,42.9304245,-91.38552335
6,15220028,Silver Creek @ Dogwood Ave (L23S),04/01/1997 10:15:00,BSP,NIT-NO3-NO2,Inorganic nitrogen (nitrate and nitrite) (as N),Total,,9.8,mg/l,True,0.1,,,353.2,BSP,Actual,SW,Water,,,Clayton,07060004,River/Stream,,43.0217763,-91.4894189
6,15220036,Turkey River @ Big Spring (TR01),04/01/1997 09:25:00,BSP,NIT-NO3-NO2,Inorganic nitrogen (nitrate and nitrite) (as N),Total,,6.3,mg/l,True,0.2,,,353.2,BSP,Calculated,SW,Water,,Originally reported as Nitrate + Nitrite as NO3.,Clayton,07060004,River/Stream,,42.9095476,-91.4709184
6,15220040,L22T,04/08/1997 09:45:00,BSP,NIT-NO3-NO2,Inorganic nitrogen (nitrate and nitrite) (as N),Total,,18.1,mg/l,True,0.2,,,353.2,BSP,Calculated,GW,Water,,Originally reported as Nitrate + Nitrite as NO3.,Clayton,07060004,Facility Other,,43.0217187,-91.4893474
6,15220028,Silver Creek @ Dogwood Ave (L23S),03/25/1997 10:50:00,BSP,NIT-NO3-NO2,Inorganic nitrogen (nitrate and nitrite) (as N),Total,,9.5,mg/l,True,0.1,,,353.2,BSP,Actual,SW,Water,,,Clayton,07060004,River/Stream,,43.0217763,-91.4894189
6,15220025,Roberts Creek @ Essex Ave (F47),03/25/1997 15:05:00,BSP,NIT-NO3-NO2,Inorganic nitrogen (nitrate and nitrite) (as N),Total,,7,mg/l,True,0.2,,,353.2,BSP,Calculated,SW,Water,,Originally reported as Nitrate + Nitrite as NO3.,Clayton,07060004,River/Stream,,42.9590908,-91.4195205
6,15220036,Turkey River @ Big Spring (TR01),03/25/1997 09:20:00,BSP,NIT-NO3-NO2,Inorganic nitrogen (nitrate and nitrite) (as N),Total,,4,mg/l,True,0.1,,,353.2,BSP,Actual,SW,Water,,,Clayton,07060004,River/Stream,,42.9095476,-91.4709184
6,15220036,Turkey River @ Big Spring (TR01),03/25/1997 09:20:00,BSP,NIT-NO3-NO2,Inorganic nitrogen (nitrate and nitrite) (as N),Total,,3.8,mg/l,True,0.2,,,353.2,BSP,Calculated,SW,Water,,Originally reported as Nitrate + Nitrite as NO3.,Clayton,07060004,River/Stream,,42.9095476,-91.4709184
6,15220028,Silver Creek @ Dogwood Ave (L23S),03/11/1997 10:25:00,BSP,NIT-NO3-NO2,Inorganic nitrogen (nitrate and nitrite) (as N),Total,,6.7,mg/l,True,0.1,,,353.2,BSP,Actual,SW,Water,,,Clayton,07060004,River/Stream,,43.0217763,-91.4894189
6,15220040,L22T,03/25/1997 10:55:00,BSP,NIT-NO3-NO2,Inorganic nitrogen (nitrate and nitrite) (as N),Total,,14,mg/l,True,0.2,,,353.2,BSP,Calculated,GW,Water,,Originally reported as Nitrate + Nitrite as NO3.,Clayton,07060004,Facility Other,,43.0217187,-91.4893474
6,15220018,Roberts Creek @ 206th St/B65 (RC02/ROB30),03/11/1997 13:45:00,BSP,NIT-NO3-NO2,Inorganic nitrogen (nitrate and nitrite) (as N),Total,,4.5,mg/l,True,0.1,,,353.2,BSP,Actual,SW,Water,,,Clayton,07060004,River/Stream,,42.9304245,-91.38552335
6,15220028,Silver Creek @ Dogwood Ave (L23S),03/04/1997 10:40:00,BSP,NIT-NO3-NO2,Inorganic nitrogen (nitrate and nitrite) (as N),Total,,7,mg/l,True,0.1,,,353.2,BSP,Actual,SW,Water,,,Clayton,07060004,River/Stream,,43.0217763,-91.4894189
6,15220036,Turkey River @ Big Spring (TR01),03/04/1997 09:45:00,BSP,NIT-NO3-NO2,Inorganic nitrogen (nitrate and nitrite) (as N),Total,,2.9,mg/l,True,0.2,,,353.2,BSP,Calculated,SW,Water,,Originally reported as Nitrate + Nitrite as NO3.,Clayton,07060004,River/Stream,,42.9095476,-91.4709184
6,15220040,L22T,03/11/1997 10:30:00,BSP,NIT-NO3-NO2,Inorganic nitrogen (nitrate and nitrite) (as N),Total,,12.4,mg/l,True,0.2,,,353.2,BSP,Calculated,GW,Water,,Originally reported as Nitrate + Nitrite as NO3.,Clayton,07060004,Facility Other,,43.0217187,-91.4893474
6,15220018,Roberts Creek @ 206th St/B65 (RC02/ROB30),03/04/1997 14:35:00,BSP,NIT-NO3-NO2,Inorganic nitrogen (nitrate and nitrite) (as N),Total,,3,mg/l,True,0.1,,,353.2,BSP,Actual,SW,Water,,,Clayton,07060004,River/Stream,,42.9304245,-91.38552335
6,15220028,Silver Creek @ Dogwood Ave (L23S),02/25/1997 10:25:00,BSP,NIT-NO3-NO2,Inorganic nitrogen (nitrate and nitrite) (as N),Total,,9.2,mg/l,True,0.1,,,353.2,BSP,Actual,SW,Water,,,Clayton,07060004,River/Stream,,43.0217763,-91.4894189
6,15220025,Roberts Creek @ Essex Ave (F47),02/25/1997 15:00:00,BSP,NIT-NO3-NO2,Inorganic nitrogen (nitrate and nitrite) (as N),Total,,5.4,mg/l,True,0.2,,,353.2,BSP,Calculated,SW,Water,,Originally reported as Nitrate + Nitrite as NO3.,Clayton,07060004,River/Stream,,42.9590908,-91.4195205
6,15220036,Turkey River @ Big Spring (TR01),02/25/1997 09:10:00,BSP,NIT-NO3-NO2,Inorganic nitrogen (nitrate and nitrite) (as N),Total,,4.6,mg/l,True,0.1,,,353.2,BSP,Actual,SW,Water,,,Clayton,07060004,River/Stream,,42.9095476,-91.4709184
6,15220036,Turkey River @ Big Spring (TR01),02/25/1997 09:10:00,BSP,NIT-NO3-NO2,Inorganic nitrogen (nitrate and nitrite) (as N),Total,,4.5,mg/l,True,0.2,,,353.2,BSP,Calculated,SW,Water,,Originally reported as Nitrate + Nitrite as NO3.,Clayton,07060004,River/Stream,,42.9095476,-91.4709184
6,15220028,Silver Creek @ Dogwood Ave (L23S),02/11/1997 07:40:00,BSP,NIT-NO3-NO2,Inorganic nitrogen (nitrate and nitrite) (as N),Total,,8.5,mg/l,True,0.1,,,353.2,BSP,Actual,SW,Water,,,Clayton,07060004,River/Stream,,43.0217763,-91.4894189
6,15220040,L22T,02/25/1997 10:30:00,BSP,NIT-NO3-NO2,Inorganic nitrogen (nitrate and nitrite) (as N),Total,,14.4,mg/l,True,0.2,,,353.2,BSP,Calculated,GW,Water,,Originally reported as Nitrate + Nitrite as NO3.,Clayton,07060004,Facility Other,,43.0217187,-91.4893474
6,15220018,Roberts Creek @ 206th St/B65 (RC02/ROB30),02/11/1997 07:15:00,BSP,NIT-NO3-NO2,Inorganic nitrogen (nitrate and nitrite) (as N),Total,,6.1,mg/l,True,0.1,,,353.2,BSP,Actual,SW,Water,,,Clayton,07060004,River/Stream,,42.9304245,-91.38552335
6,15220018,Roberts Creek @ 206th St/B65 (RC02/ROB30),02/04/1997 10:30:00,BSP,NIT-NO3-NO2,Inorganic nitrogen (nitrate and nitrite) (as N),Total,,6.2,mg/l,True,0.1,,,353.2,BSP,Actual,SW,Water,,,Clayton,07060004,River/Stream,,42.9304245,-91.38552335
6,15220028,Silver Creek @ Dogwood Ave (L23S),02/04/1997 12:20:00,BSP,NIT-NO3-NO2,Inorganic nitrogen (nitrate and nitrite) (as N),Total,,8.1,mg/l,True,0.1,,,353.2,BSP,Actual,SW,Water,,,Clayton,07060004,River/Stream,,43.0217763,-91.4894189
6,15220036,Turkey River @ Big Spring (TR01),02/04/1997 11:00:00,BSP,NIT-NO3-NO2,Inorganic nitrogen (nitrate and nitrite) (as N),Total,,16.9,mg/l,True,0.2,,,353.2,BSP,Calculated,SW,Water,,Originally reported as Nitrate + Nitrite as NO3.,Clayton,07060004,River/Stream,,42.9095476,-91.4709184
6,15220040,L22T,02/11/1997 07:45:00,BSP,NIT-NO3-NO2,Inorganic nitrogen (nitrate and nitrite) (as N),Total,,16,mg/l,True,0.2,,,353.2,BSP,Calculated,GW,Water,,Originally reported as Nitrate + Nitrite as NO3.,Clayton,07060004,Facility Other,,43.0217187,-91.4893474
6,15220040,L22T,02/04/1997 12:30:00,BSP,NIT-NO3-NO2,Inorganic nitrogen (nitrate and nitrite) (as N),Total,,6.1,mg/l,True,0.2,,,353.2,BSP,Calculated,GW,Water,,Originally reported as Nitrate + Nitrite as NO3.,Clayton,07060004,Facility Other,,43.0217187,-91.4893474
6,15220028,Silver Creek @ Dogwood Ave (L23S),01/27/1997 11:30:00,BSP,NIT-NO3-NO2,Inorganic nitrogen (nitrate and nitrite) (as N),Total,,8.6,mg/l,True,0.1,,,353.2,BSP,Actual,SW,Water,,,Clayton,07060004,River/Stream,,43.0217763,-91.4894189
6,15220025,Roberts Creek @ Essex Ave (F47),01/27/1997 18:45:00,BSP,NIT-NO3-NO2,Inorganic nitrogen (nitrate and nitrite) (as N),Total,,6.5,mg/l,True,0.2,,,353.2,BSP,Calculated,SW,Water,,Originally reported as Nitrate + Nitrite as NO3.,Clayton,07060004,River/Stream,,42.9590908,-91.4195205
6,15220036,Turkey River @ Big Spring (TR01),01/27/1997 09:30:00,BSP,NIT-NO3-NO2,Inorganic nitrogen (nitrate and nitrite) (as N),Total,,6.5,mg/l,True,0.1,,,353.2,BSP,Actual,SW,Water,,,Clayton,07060004,River/Stream,,42.9095476,-91.4709184
6,15220036,Turkey River @ Big Spring (TR01),01/27/1997 09:30:00,BSP,NIT-NO3-NO2,Inorganic nitrogen (nitrate and nitrite) (as N),Total,,6.3,mg/l,True,0.2,,,353.2,BSP,Calculated,SW,Water,,Originally reported as Nitrate + Nitrite as NO3.,Clayton,07060004,River/Stream,,42.9095476,-91.4709184
6,15220018,Roberts Creek @ 206th St/B65 (RC02/ROB30),01/07/1997 10:00:00,BSP,NIT-NO3-NO2,Inorganic nitrogen (nitrate and nitrite) (as N),Total,,4.8,mg/l,True,0.1,,,353.2,BSP,Actual,SW,Water,,,Clayton,07060004,River/Stream,,42.9304245,-91.38552335
6,15220028,Silver Creek @ Dogwood Ave (L23S),01/07/1997 12:30:00,BSP,NIT-NO3-NO2,Inorganic nitrogen (nitrate and nitrite) (as N),Total,,7.9,mg/l,True,0.1,,,353.2,BSP,Actual,SW,Water,,,Clayton,07060004,River/Stream,,43.0217763,-91.4894189
6,15220036,Turkey River @ Big Spring (TR01),01/07/1997 10:25:00,BSP,NIT-NO3-NO2,Inorganic nitrogen (nitrate and nitrite) (as N),Total,,6.3,mg/l,True,0.2,,,353.2,BSP,Calculated,SW,Water,,Originally reported as Nitrate + Nitrite as NO3.,Clayton,07060004,River/Stream,,42.9095476,-91.4709184
6,15220040,L22T,01/14/1997 11:50:00,BSP,NIT-NO3-NO2,Inorganic nitrogen (nitrate and nitrite) (as N),Total,,16.7,mg/l,True,0.2,,,353.2,BSP,Calculated,GW,Water,,Originally reported as Nitrate + Nitrite as NO3.,Clayton,07060004,Facility Other,,43.0217187,-91.4893474
6,15220040,L22T,01/27/1997 11:35:00,BSP,NIT-NO3-NO2,Inorganic nitrogen (nitrate and nitrite) (as N),Total,,16,mg/l,True,0.2,,,353.2,BSP,Calculated,GW,Water,,Originally reported as Nitrate + Nitrite as NO3.,Clayton,07060004,Facility Other,,43.0217187,-91.4893474
6,15220026,Howard Creek @ Co. Rd. X28 (HC01),12/30/1996 16:00:00,BSP,NIT-NO3-NO2,Inorganic nitrogen (nitrate and nitrite) (as N),Total,,9,mg/l,True,0.2,,,353.2,BSP,Calculated,SW,Water,,Originally reported as Nitrate + Nitrite as NO3.,Clayton,07060004,River/Stream,,42.9622643,-91.3693639
6,15220040,L22T,01/07/1997 12:40:00,BSP,NIT-NO3-NO2,Inorganic nitrogen (nitrate and nitrite) (as N),Total,,14.7,mg/l,True,0.2,,,353.2,BSP,Calculated,GW,Water,,Originally reported as Nitrate + Nitrite as NO3.,Clayton,07060004,Facility Other,,43.0217187,-91.4893474
6,15220036,Turkey River @ Big Spring (TR01),12/30/1996 09:20:00,BSP,NIT-NO3-NO2,Inorganic nitrogen (nitrate and nitrite) (as N),Total,,8.4,mg/l,True,0.1,,,353.2,BSP,Actual,SW,Water,,,Clayton,07060004,River/Stream,,42.9095476,-91.4709184
6,15220036,Turkey River @ Big Spring (TR01),12/30/1996 09:20:00,BSP,NIT-NO3-NO2,Inorganic nitrogen (nitrate and nitrite) (as N),Total,,7.9,mg/l,True,0.2,,,353.2,BSP,Calculated,SW,Water,,Originally reported as Nitrate + Nitrite as NO3.,Clayton,07060004,River/Stream,,42.9095476,-91.4709184
6,15220028,Silver Creek @ Dogwood Ave (L23S),12/23/1996 10:25:00,BSP,NIT-NO3-NO2,Inorganic nitrogen (nitrate and nitrite) (as N),Total,,8.2,mg/l,True,0.1,,,353.2,BSP,Actual,SW,Water,,,Clayton,07060004,River/Stream,,43.0217763,-91.4894189
6,15220036,Turkey River @ Big Spring (TR01),12/23/1996 09:30:00,BSP,NIT-NO3-NO2,Inorganic nitrogen (nitrate and nitrite) (as N),Total,,9.7,mg/l,True,0.2,,,353.2,BSP,Calculated,SW,Water,,Originally reported as Nitrate + Nitrite as NO3.,Clayton,07060004,River/Stream,,42.9095476,-91.4709184
6,15220040,L22T,12/30/1996 11:10:00,BSP,NIT-NO3-NO2,Inorganic nitrogen (nitrate and nitrite) (as N),Total,,17.2,mg/l,True,0.2,,,353.2,BSP,Calculated,GW,Water,,Originally reported as Nitrate + Nitrite as NO3.,Clayton,07060004,Facility Other,,43.0217187,-91.4893474
6,15220028,Silver Creek @ Dogwood Ave (L23S),12/10/1996 10:50:00,BSP,NIT-NO3-NO2,Inorganic nitrogen (nitrate and nitrite) (as N),Total,,8.6,mg/l,True,0.1,,,353.2,BSP,Actual,SW,Water,,,Clayton,07060004,River/Stream,,43.0217763,-91.4894189
6,15220036,Turkey River @ Big Spring (TR01),12/10/1996 10:05:00,BSP,NIT-NO3-NO2,Inorganic nitrogen (nitrate and nitrite) (as N),Total,,7.7,mg/l,True,0.2,,,353.2,BSP,Calculated,SW,Water,,Originally reported as Nitrate + Nitrite as NO3.,Clayton,07060004,River/Stream,,42.9095476,-91.4709184
6,15220018,Roberts Creek @ 206th St/B65 (RC02/ROB30),12/10/1996 14:15:00,BSP,NIT-NO3-NO2,Inorganic nitrogen (nitrate and nitrite) (as N),Total,,5.7,mg/l,True,0.1,,,353.2,BSP,Actual,SW,Water,,,Clayton,07060004,River/Stream,,42.9304245,-91.38552335
6,15220028,Silver Creek @ Dogwood Ave (L23S),12/03/1996 09:50:00,BSP,NIT-NO3-NO2,Inorganic nitrogen (nitrate and nitrite) (as N),Total,,8.3,mg/l,True,0.1,,,353.2,BSP,Actual,SW,Water,,,Clayton,07060004,River/Stream,,43.0217763,-91.4894189
6,15220036,Turkey River @ Big Spring (TR01),12/03/1996 08:30:00,BSP,NIT-NO3-NO2,Inorganic nitrogen (nitrate and nitrite) (as N),Total,,7.7,mg/l,True,0.2,,,353.2,BSP,Calculated,SW,Water,,Originally reported as Nitrate + Nitrite as NO3.,Clayton,07060004,River/Stream,,42.9095476,-91.4709184
6,15220040,L22T,12/10/1996 10:55:00,BSP,NIT-NO3-NO2,Inorganic nitrogen (nitrate and nitrite) (as N),Total,,16.7,mg/l,True,0.2,,,353.2,BSP,Calculated,GW,Water,,Originally reported as Nitrate + Nitrite as NO3.,Clayton,07060004,Facility Other,,43.0217187,-91.4893474
6,15220018,Roberts Creek @ 206th St/B65 (RC02/ROB30),11/25/1996 12:15:00,BSP,NIT-NO3-NO2,Inorganic nitrogen (nitrate and nitrite) (as N),Total,,6.1,mg/l,True,0.1,,,353.2,BSP,Actual,SW,Water,,,Clayton,07060004,River/Stream,,42.9304245,-91.38552335
6,15220028,Silver Creek @ Dogwood Ave (L23S),11/25/1996 15:20:00,BSP,NIT-NO3-NO2,Inorganic nitrogen (nitrate and nitrite) (as N),Total,,9,mg/l,True,0.1,,,353.2,BSP,Actual,SW,Water,,,Clayton,07060004,River/Stream,,43.0217763,-91.4894189
6,15220025,Roberts Creek @ Essex Ave (F47),11/25/1996 14:10:00,BSP,NIT-NO3-NO2,Inorganic nitrogen (nitrate and nitrite) (as N),Total,,5.9,mg/l,True,0.2,,,353.2,BSP,Calculated,SW,Water,,Originally reported as Nitrate + Nitrite as NO3.,Clayton,07060004,River/Stream,,42.9590908,-91.4195205
6,15220036,Turkey River @ Big Spring (TR01),11/25/1996 12:40:00,BSP,NIT-NO3-NO2,Inorganic nitrogen (nitrate and nitrite) (as N),Total,,8.7,mg/l,True,0.1,,,353.2,BSP,Actual,SW,Water,,,Clayton,07060004,River/Stream,,42.9095476,-91.4709184
6,15220036,Turkey River @ Big Spring (TR01),11/25/1996 12:40:00,BSP,NIT-NO3-NO2,Inorganic nitrogen (nitrate and nitrite) (as N),Total,,9,mg/l,True,0.2,,,353.2,BSP,Calculated,SW,Water,,Originally reported as Nitrate + Nitrite as NO3.,Clayton,07060004,River/Stream,,42.9095476,-91.4709184
6,15220018,Roberts Creek @ 206th St/B65 (RC02/ROB30),11/12/1996 13:40:00,BSP,NIT-NO3-NO2,Inorganic nitrogen (nitrate and nitrite) (as N),Total,,5.1,mg/l,True,0.1,,,353.2,BSP,Actual,SW,Water,,,Clayton,07060004,River/Stream,,42.9304245,-91.38552335
6,15220040,L22T,11/25/1996 15:30:00,BSP,NIT-NO3-NO2,Inorganic nitrogen (nitrate and nitrite) (as N),Total,,15.6,mg/l,True,0.2,,,353.2,BSP,Calculated,GW,Water,,Originally reported as Nitrate + Nitrite as NO3.,Clayton,07060004,Facility Other,,43.0217187,-91.4893474
6,15220028,Silver Creek @ Dogwood Ave (L23S),11/05/1996 11:20:00,BSP,NIT-NO3-NO2,Inorganic nitrogen (nitrate and nitrite) (as N),Total,,8.3,mg/l,True,0.1,,,353.2,BSP,Actual,SW,Water,,,Clayton,07060004,River/Stream,,43.0217763,-91.4894189
6,15220036,Turkey River @ Big Spring (TR01),11/05/1996 10:15:00,BSP,NIT-NO3-NO2,Inorganic nitrogen (nitrate and nitrite) (as N),Total,,8.1,mg/l,True,0.2,,,353.2,BSP,Calculated,SW,Water,,Originally reported as Nitrate + Nitrite as NO3.,Clayton,07060004,River/Stream,,42.9095476,-91.4709184
6,15220040,L22T,11/12/1996 10:00:00,BSP,NIT-NO3-NO2,Inorganic nitrogen (nitrate and nitrite) (as N),Total,,16.7,mg/l,True,0.2,,,353.2,BSP,Calculated,GW,Water,,Originally reported as Nitrate + Nitrite as NO3.,Clayton,07060004,Facility Other,,43.0217187,-91.4893474
6,15220018,Roberts Creek @ 206th St/B65 (RC02/ROB30),11/05/1996 09:50:00,BSP,NIT-NO3-NO2,Inorganic nitrogen (nitrate and nitrite) (as N),Total,,4.8,mg/l,True,0.1,,,353.2,BSP,Actual,SW,Water,,,Clayton,07060004,River/Stream,,42.9304245,-91.38552335
6,15220028,Silver Creek @ Dogwood Ave (L23S),10/29/1996 10:45:00,BSP,NIT-NO3-NO2,Inorganic nitrogen (nitrate and nitrite) (as N),Total,,4.6,mg/l,True,0.1,,,353.2,BSP,Actual,SW,Water,,,Clayton,07060004,River/Stream,,43.0217763,-91.4894189
6,15220040,L22T,11/05/1996 11:30:00,BSP,NIT-NO3-NO2,Inorganic nitrogen (nitrate and nitrite) (as N),Total,,16.7,mg/l,True,0.2,,,353.2,BSP,Calculated,GW,Water,,Originally reported as Nitrate + Nitrite as NO3.,Clayton,07060004,Facility Other,,43.0217187,-91.4893474
6,15220036,Turkey River @ Big Spring (TR01),10/29/1996 09:25:00,BSP,NIT-NO3-NO2,Inorganic nitrogen (nitrate and nitrite) (as N),Total,,3.2,mg/l,True,0.1,,,353.2,BSP,Actual,SW,Water,,,Clayton,07060004,River/Stream,,42.9095476,-91.4709184
6,15220036,Turkey River @ Big Spring (TR01),10/29/1996 09:25:00,BSP,NIT-NO3-NO2,Inorganic nitrogen (nitrate and nitrite) (as N),Total,,3.2,mg/l,True,0.2,,,353.2,BSP,Calculated,SW,Water,,Originally reported as Nitrate + Nitrite as NO3.,Clayton,07060004,River/Stream,,42.9095476,-91.4709184
6,15220018,Roberts Creek @ 206th St/B65 (RC02/ROB30),10/08/1996 12:25:00,BSP,NIT-NO3-NO2,Inorganic nitrogen (nitrate and nitrite) (as N),Total,,1.9,mg/l,True,0.1,,,353.2,BSP,Actual,SW,Water,,,Clayton,07060004,River/Stream,,42.9304245,-91.38552335
6,15220028,Silver Creek @ Dogwood Ave (L23S),10/08/1996 10:55:00,BSP,NIT-NO3-NO2,Inorganic nitrogen (nitrate and nitrite) (as N),Total,,9.1,mg/l,True,0.1,,,353.2,BSP,Actual,SW,Water,,,Clayton,07060004,River/Stream,,43.0217763,-91.4894189
6,15220036,Turkey River @ Big Spring (TR01),10/08/1996 11:45:00,BSP,NIT-NO3-NO2,Inorganic nitrogen (nitrate and nitrite) (as N),Total,,5.9,mg/l,True,0.2,,,353.2,BSP,Calculated,SW,Water,,Originally reported as Nitrate + Nitrite as NO3.,Clayton,07060004,River/Stream,,42.9095476,-91.4709184
6,15220040,L22T,10/15/1996 09:50:00,BSP,NIT-NO3-NO2,Inorganic nitrogen (nitrate and nitrite) (as N),Total,,18.3,mg/l,True,0.2,,,353.2,BSP,Calculated,GW,Water,,Originally reported as Nitrate + Nitrite as NO3.,Clayton,07060004,Facility Other,,43.0217187,-91.4893474
6,15220036,Turkey River @ Big Spring (TR01),10/22/1996 08:30:00,BSP,NIT-NO3-NO2,Inorganic nitrogen (nitrate and nitrite) (as N),Total,,5.2,mg/l,True,0.2,,,353.2,BSP,Calculated,SW,Water,,Originally reported as Nitrate + Nitrite as NO3.,Clayton,07060004,River/Stream,,42.9095476,-91.4709184
6,15220040,L22T,10/29/1996 10:50:00,BSP,NIT-NO3-NO2,Inorganic nitrogen (nitrate and nitrite) (as N),Total,,14.2,mg/l,True,0.2,,,353.2,BSP,Calculated,GW,Water,,Originally reported as Nitrate + Nitrite as NO3.,Clayton,07060004,Facility Other,,43.0217187,-91.4893474
6,15220018,Roberts Creek @ 206th St/B65 (RC02/ROB30),09/24/1996 16:05:00,BSP,NIT-NO3-NO2,Inorganic nitrogen (nitrate and nitrite) (as N),Total,,2.7,mg/l,True,0.1,,,353.2,BSP,Actual,SW,Water,,,Clayton,07060004,River/Stream,,42.9304245,-91.38552335
6,15220028,Silver Creek @ Dogwood Ave (L23S),10/01/1996 09:30:00,BSP,NIT-NO3-NO2,Inorganic nitrogen (nitrate and nitrite) (as N),Total,,8,mg/l,True,0.1,,,353.2,BSP,Actual,SW,Water,,,Clayton,07060004,River/Stream,,43.0217763,-91.4894189
6,15220036,Turkey River @ Big Spring (TR01),10/01/1996 08:20:00,BSP,NIT-NO3-NO2,Inorganic nitrogen (nitrate and nitrite) (as N),Total,,6.8,mg/l,True,0.2,,,353.2,BSP,Calculated,SW,Water,,Originally reported as Nitrate + Nitrite as NO3.,Clayton,07060004,River/Stream,,42.9095476,-91.4709184
6,15220040,L22T,10/08/1996 11:00:00,BSP,NIT-NO3-NO2,Inorganic nitrogen (nitrate and nitrite) (as N),Total,,17.8,mg/l,True,0.2,,,353.2,BSP,Calculated,GW,Water,,Originally reported as Nitrate + Nitrite as NO3.,Clayton,07060004,Facility Other,,43.0217187,-91.4893474
6,15220028,Silver Creek @ Dogwood Ave (L23S),09/24/1996 11:00:00,BSP,NIT-NO3-NO2,Inorganic nitrogen (nitrate and nitrite) (as N),Total,,8.7,mg/l,True,0.1,,,353.2,BSP,Actual,SW,Water,,,Clayton,07060004,River/Stream,,43.0217763,-91.4894189
6,15220025,Roberts Creek @ Essex Ave (F47),09/24/1996 16:15:00,BSP,NIT-NO3-NO2,Inorganic nitrogen (nitrate and nitrite) (as N),Total,,3.8,mg/l,True,0.2,,,353.2,BSP,Calculated,SW,Water,,Originally reported as Nitrate + Nitrite as NO3.,Clayton,07060004,River/Stream,,42.9590908,-91.4195205
6,15220018,Roberts Creek @ 206th St/B65 (RC02/ROB30),09/03/1996 13:30:00,BSP,NIT-NO3-NO2,Inorganic nitrogen (nitrate and nitrite) (as N),Total,,2.7,mg/l,True,0.1,,,353.2,BSP,Actual,SW,Water,,,Clayton,07060004,River/Stream,,42.9304245,-91.38552335
6,15220018,Roberts Creek @ 206th St/B65 (RC02/ROB30),09/10/1996 14:00:00,BSP,NIT-NO3-NO2,Inorganic nitrogen (nitrate and nitrite) (as N),Total,,2.3,mg/l,True,0.1,,,353.2,BSP,Actual,SW,Water,,,Clayton,07060004,River/Stream,,42.9304245,-91.38552335
6,15220040,L22T,09/24/1996 11:05:00,BSP,NIT-NO3-NO2,Inorganic nitrogen (nitrate and nitrite) (as N),Total,,18.7,mg/l,True,0.2,,,353.2,BSP,Calculated,GW,Water,,Originally reported as Nitrate + Nitrite as NO3.,Clayton,07060004,Facility Other,,43.0217187,-91.4893474
6,15220036,Turkey River @ Big Spring (TR01),09/24/1996 09:20:00,BSP,NIT-NO3-NO2,Inorganic nitrogen (nitrate and nitrite) (as N),Total,,4.7,mg/l,True,0.2,,,353.2,BSP,Calculated,SW,Water,,Originally reported as Nitrate + Nitrite as NO3.,Clayton,07060004,River/Stream,,42.9095476,-91.4709184
6,15220028,Silver Creek @ Dogwood Ave (L23S),09/03/1996 09:10:00,BSP,NIT-NO3-NO2,Inorganic nitrogen (nitrate and nitrite) (as N),Total,,8,mg/l,True,0.1,,,353.2,BSP,Actual,SW,Water,,,Clayton,07060004,River/Stream,,43.0217763,-91.4894189
6,15220036,Turkey River @ Big Spring (TR01),09/03/1996 08:10:00,BSP,NIT-NO3-NO2,Inorganic nitrogen (nitrate and nitrite) (as N),Total,,6.5,mg/l,True,0.2,,,353.2,BSP,Calculated,SW,Water,,Originally reported as Nitrate + Nitrite as NO3.,Clayton,07060004,River/Stream,,42.9095476,-91.4709184
6,15220040,L22T,09/10/1996 10:10:00,BSP,NIT-NO3-NO2,Inorganic nitrogen (nitrate and nitrite) (as N),Total,,19.2,mg/l,True,0.2,,,353.2,BSP,Calculated,GW,Water,,Originally reported as Nitrate + Nitrite as NO3.,Clayton,07060004,Facility Other,,43.0217187,-91.4893474
6,15220028,Silver Creek @ Dogwood Ave (L23S),08/27/1996 10:35:00,BSP,NIT-NO3-NO2,Inorganic nitrogen (nitrate and nitrite) (as N),Total,,8.5,mg/l,True,0.1,,,353.2,BSP,Actual,SW,Water,,,Clayton,07060004,River/Stream,,43.0217763,-91.4894189
6,15220040,L22T,09/03/1996 09:20:00,BSP,NIT-NO3-NO2,Inorganic nitrogen (nitrate and nitrite) (as N),Total,,18.7,mg/l,True,0.2,,,353.2,BSP,Calculated,GW,Water,,Originally reported as Nitrate + Nitrite as NO3.,Clayton,07060004,Facility Other,,43.0217187,-91.4893474
6,15220028,Silver Creek @ Dogwood Ave (L23S),08/06/1996 11:50:00,BSP,NIT-NO3-NO2,Inorganic nitrogen (nitrate and nitrite) (as N),Total,,9.5,mg/l,True,0.1,,,353.2,BSP,Actual,SW,Water,,,Clayton,07060004,River/Stream,,43.0217763,-91.4894189
6,15220036,Turkey River @ Big Spring (TR01),08/06/1996 10:30:00,BSP,NIT-NO3-NO2,Inorganic nitrogen (nitrate and nitrite) (as N),Total,,8.4,mg/l,True,0.2,,,353.2,BSP,Calculated,SW,Water,,Originally reported as Nitrate + Nitrite as NO3.,Clayton,07060004,River/Stream,,42.9095476,-91.4709184
6,15220028,Silver Creek @ Dogwood Ave (L23S),08/20/1996 10:55:00,BSP,NIT-NO3-NO2,Inorganic nitrogen (nitrate and nitrite) (as N),Total,,7.7,mg/l,True,0.1,,,353.2,BSP,Actual,SW,Water,,,Clayton,07060004,River/Stream,,43.0217763,-91.4894189
6,15220036,Turkey River @ Big Spring (TR01),08/20/1996 10:00:00,BSP,NIT-NO3-NO2,Inorganic nitrogen (nitrate and nitrite) (as N),Total,,7.9,mg/l,True,0.2,,,353.2,BSP,Calculated,SW,Water,,Originally reported as Nitrate + Nitrite as NO3.,Clayton,07060004,River/Stream,,42.9095476,-91.4709184
6,15220040,L22T,08/27/1996 10:40:00,BSP,NIT-NO3-NO2,Inorganic nitrogen (nitrate and nitrite) (as N),Total,,18.1,mg/l,True,0.2,,,353.2,BSP,Calculated,GW,Water,,Originally reported as Nitrate + Nitrite as NO3.,Clayton,07060004,Facility Other,,43.0217187,-91.4893474
6,15220036,Turkey River @ Big Spring (TR01),08/27/1996 09:10:00,BSP,NIT-NO3-NO2,Inorganic nitrogen (nitrate and nitrite) (as N),Total,,2.9,mg/l,True,0.2,,,353.2,BSP,Calculated,SW,Water,,Originally reported as Nitrate + Nitrite as NO3.,Clayton,07060004,River/Stream,,42.9095476,-91.4709184
6,15220018,Roberts Creek @ 206th St/B65 (RC02/ROB30),08/06/1996 10:05:00,BSP,NIT-NO3-NO2,Inorganic nitrogen (nitrate and nitrite) (as N),Total,,4.9,mg/l,True,0.1,,,353.2,BSP,Actual,SW,Water,,,Clayton,07060004,River/Stream,,42.9304245,-91.38552335
6,15220018,Roberts Creek @ 206th St/B65 (RC02/ROB30),07/23/1996 13:20:00,BSP,NIT-NO3-NO2,Inorganic nitrogen (nitrate and nitrite) (as N),Total,,7,mg/l,True,0.1,,,353.2,BSP,Actual,SW,Water,,,Clayton,07060004,River/Stream,,42.9304245,-91.38552335
6,15220028,Silver Creek @ Dogwood Ave (L23S),07/23/1996 10:00:00,BSP,NIT-NO3-NO2,Inorganic nitrogen (nitrate and nitrite) (as N),Total,,12,mg/l,True,0.1,,,353.2,BSP,Actual,SW,Water,,,Clayton,07060004,River/Stream,,43.0217763,-91.4894189
6,15220036,Turkey River @ Big Spring (TR01),07/23/1996 09:00:00,BSP,NIT-NO3-NO2,Inorganic nitrogen (nitrate and nitrite) (as N),Total,,5.9,mg/l,True,0.2,,,353.2,BSP,Calculated,SW,Water,,Originally reported as Nitrate + Nitrite as NO3.,Clayton,07060004,River/Stream,,42.9095476,-91.4709184
6,15220029,Roberts Creek @ 145th St (RC10),07/30/1996 11:50:00,BSP,NIT-NO3-NO2,Inorganic nitrogen (nitrate and nitrite) (as N),Total,,6.8,mg/l,True,0.2,,,353.2,BSP,Calculated,SW,Water,,Originally reported as Nitrate + Nitrite as NO3.,Clayton,07060004,River/Stream,,43.0159151,-91.512025
6,15220024,Roberts Creek @ 172nd St (F45),07/30/1996 10:35:00,BSP,NIT-NO3-NO2,Inorganic nitrogen (nitrate and nitrite) (as N),Total,,7.4,mg/l,True,0.2,,,353.2,BSP,Calculated,SW,Water,,Originally reported as Nitrate + Nitrite as NO3.,Clayton,07060004,River/Stream,,42.9750265,-91.4830196
6,15220034,Unnamed Trib. to Silver Crk. @ Dolphin Ave (SC03),07/30/1996 11:05:00,BSP,NIT-NO3-NO2,Inorganic nitrogen (nitrate and nitrite) (as N),Total,,11.3,mg/l,True,0.2,,,353.2,BSP,Calculated,SW,Water,,Originally reported as Nitrate + Nitrite as NO3.,Clayton,07060004,River/Stream,,43.0342002,-91.4587066
6,15220035,Silver Creek @ 145th St (SC05),07/30/1996 11:00:00,BSP,NIT-NO3-NO2,Inorganic nitrogen (nitrate and nitrite) (as N),Total,,11.1,mg/l,True,0.2,,,353.2,BSP,Calculated,SW,Water,,Originally reported as Nitrate + Nitrite as NO3.,Clayton,07060004,River/Stream,,43.0136712,-91.4626953
6,15220026,Howard Creek @ Co. Rd. X28 (HC01),07/30/1996 15:40:00,BSP,NIT-NO3-NO2,Inorganic nitrogen (nitrate and nitrite) (as N),Total,,13.1,mg/l,True,0.2,,,353.2,BSP,Calculated,SW,Water,,Originally reported as Nitrate + Nitrite as NO3.,Clayton,07060004,River/Stream,,42.9622643,-91.3693639
6,15220040,L22T,08/06/1996 11:55:00,BSP,NIT-NO3-NO2,Inorganic nitrogen (nitrate and nitrite) (as N),Total,,19,mg/l,True,0.2,,,353.2,BSP,Calculated,GW,Water,,Originally reported as Nitrate + Nitrite as NO3.,Clayton,07060004,Facility Other,,43.0217187,-91.4893474
6,15220040,L22T,07/23/1996 10:15:00,BSP,NIT-NO3-NO2,Inorganic nitrogen (nitrate and nitrite) (as N),Total,,19.2,mg/l,True,0.2,,,353.2,BSP,Calculated,GW,Water,,Originally reported as Nitrate + Nitrite as NO3.,Clayton,07060004,Facility Other,,43.0217187,-91.4893474
6,15220018,Roberts Creek @ 206th St/B65 (RC02/ROB30),07/09/1996 14:55:00,BSP,NIT-NO3-NO2,Inorganic nitrogen (nitrate and nitrite) (as N),Total,,10,mg/l,True,0.1,,,353.2,BSP,Actual,SW,Water,,,Clayton,07060004,River/Stream,,42.9304245,-91.38552335
6,15220028,Silver Creek @ Dogwood Ave (L23S),07/02/1996 11:20:00,BSP,NIT-NO3-NO2,Inorganic nitrogen (nitrate and nitrite) (as N),Total,,14,mg/l,True,0.1,,,353.2,BSP,Actual,SW,Water,,,Clayton,07060004,River/Stream,,43.0217763,-91.4894189
6,15220036,Turkey River @ Big Spring (TR01),07/02/1996 10:10:00,BSP,NIT-NO3-NO2,Inorganic nitrogen (nitrate and nitrite) (as N),Total,,9.5,mg/l,True,0.2,,,353.2,BSP,Calculated,SW,Water,,Originally reported as Nitrate + Nitrite as NO3.,Clayton,07060004,River/Stream,,42.9095476,-91.4709184
6,15220040,L22T,07/09/1996 10:25:00,BSP,NIT-NO3-NO2,Inorganic nitrogen (nitrate and nitrite) (as N),Total,,20.8,mg/l,True,0.2,,,353.2,BSP,Calculated,GW,Water,,Originally reported as Nitrate + Nitrite as NO3.,Clayton,07060004,Facility Other,,43.0217187,-91.4893474
6,15220018,Roberts Creek @ 206th St/B65 (RC02/ROB30),07/02/1996 12:00:00,BSP,NIT-NO3-NO2,Inorganic nitrogen (nitrate and nitrite) (as N),Total,,13,mg/l,True,0.1,,,353.2,BSP,Actual,SW,Water,,,Clayton,07060004,River/Stream,,42.9304245,-91.38552335
6,15220028,Silver Creek @ Dogwood Ave (L23S),06/25/1996 11:10:00,BSP,NIT-NO3-NO2,Inorganic nitrogen (nitrate and nitrite) (as N),Total,,18,mg/l,True,0.1,,,353.2,BSP,Actual,SW,Water,,,Clayton,07060004,River/Stream,,43.0217763,-91.4894189
6,15220040,L22T,07/02/1996 11:30:00,BSP,NIT-NO3-NO2,Inorganic nitrogen (nitrate and nitrite) (as N),Total,,20.8,mg/l,True,0.2,,,353.2,BSP,Calculated,GW,Water,,Originally reported as Nitrate + Nitrite as NO3.,Clayton,07060004,Facility Other,,43.0217187,-91.4893474
6,15220028,Silver Creek @ Dogwood Ave (L23S),06/04/1996 11:00:00,BSP,NIT-NO3-NO2,Inorganic nitrogen (nitrate and nitrite) (as N),Total,,8.3,mg/l,True,0.1,,,353.2,BSP,Actual,SW,Water,,,Clayton,07060004,River/Stream,,43.0217763,-91.4894189
6,15220036,Turkey River @ Big Spring (TR01),06/04/1996 09:50:00,BSP,NIT-NO3-NO2,Inorganic nitrogen (nitrate and nitrite) (as N),Total,,8.6,mg/l,True,0.2,,,353.2,BSP,Calculated,SW,Water,,Originally reported as Nitrate + Nitrite as NO3.,Clayton,07060004,River/Stream,,42.9095476,-91.4709184
6,15220036,Turkey River @ Big Spring (TR01),06/18/1996 11:05:00,BSP,NIT-NO3-NO2,Inorganic nitrogen (nitrate and nitrite) (as N),Total,,10.8,mg/l,True,0.2,,,353.2,BSP,Calculated,SW,Water,,Originally reported as Nitrate + Nitrite as NO3.,Clayton,07060004,River/Stream,,42.9095476,-91.4709184
6,15220040,L22T,06/25/1996 11:15:00,BSP,NIT-NO3-NO2,Inorganic nitrogen (nitrate and nitrite) (as N),Total,,22.3,mg/l,True,0.2,,,353.2,BSP,Calculated,GW,Water,,Originally reported as Nitrate + Nitrite as NO3.,Clayton,07060004,Facility Other,,43.0217187,-91.4893474
6,15220036,Turkey River @ Big Spring (TR01),06/25/1996 09:30:00,BSP,NIT-NO3-NO2,Inorganic nitrogen (nitrate and nitrite) (as N),Total,,11.1,mg/l,True,0.2,,,353.2,BSP,Calculated,SW,Water,,Originally reported as Nitrate + Nitrite as NO3.,Clayton,07060004,River/Stream,,42.9095476,-91.4709184
6,15220018,Roberts Creek @ 206th St/B65 (RC02/ROB30),06/04/1996 14:50:00,BSP,NIT-NO3-NO2,Inorganic nitrogen (nitrate and nitrite) (as N),Total,,0.1,mg/l,False,0.1,,,353.2,BSP,Actual,SW,Water,,,Clayton,07060004,River/Stream,,42.9304245,-91.38552335
6,15220018,Roberts Creek @ 206th St/B65 (RC02/ROB30),05/21/1996 14:50:00,BSP,NIT-NO3-NO2,Inorganic nitrogen (nitrate and nitrite) (as N),Total,,1.5,mg/l,True,0.1,,,353.2,BSP,Actual,SW,Water,,,Clayton,07060004,River/Stream,,42.9304245,-91.38552335
6,15220018,Roberts Creek @ 206th St/B65 (RC02/ROB30),05/07/1996 15:20:00,BSP,NIT-NO3-NO2,Inorganic nitrogen (nitrate and nitrite) (as N),Total,,3.4,mg/l,True,0.1,,,353.2,BSP,Actual,SW,Water,,,Clayton,07060004,River/Stream,,42.9304245,-91.38552335
6,15220040,L22T,05/21/1996 10:45:00,BSP,NIT-NO3-NO2,Inorganic nitrogen (nitrate and nitrite) (as N),Total,,17.2,mg/l,True,0.2,,,353.2,BSP,Calculated,GW,Water,,Originally reported as Nitrate + Nitrite as NO3.,Clayton,07060004,Facility Other,,43.0217187,-91.4893474
6,15220018,Roberts Creek @ 206th St/B65 (RC02/ROB30),04/23/1996 10:25:00,BSP,NIT-NO3-NO2,Inorganic nitrogen (nitrate and nitrite) (as N),Total,,5.6,mg/l,True,0.1,,,353.2,BSP,Actual,SW,Water,,,Clayton,07060004,River/Stream,,42.9304245,-91.38552335
6,15220028,Silver Creek @ Dogwood Ave (L23S),05/21/1996 10:35:00,BSP,NIT-NO3-NO2,Inorganic nitrogen (nitrate and nitrite) (as N),Total,,6.4,mg/l,True,0.1,,,353.2,BSP,Actual,SW,Water,,,Clayton,07060004,River/Stream,,43.0217763,-91.4894189
6,15220036,Turkey River @ Big Spring (TR01),05/21/1996 09:45:00,BSP,NIT-NO3-NO2,Inorganic nitrogen (nitrate and nitrite) (as N),Total,,2.9,mg/l,True,0.2,,,353.2,BSP,Calculated,SW,Water,,Originally reported as Nitrate + Nitrite as NO3.,Clayton,07060004,River/Stream,,42.9095476,-91.4709184
6,15220040,L22T,05/28/1996 10:50:00,BSP,NIT-NO3-NO2,Inorganic nitrogen (nitrate and nitrite) (as N),Total,,26.9,mg/l,True,0.2,,,353.2,BSP,Calculated,GW,Water,,Originally reported as Nitrate + Nitrite as NO3.,Clayton,07060004,Facility Other,,43.0217187,-91.4893474
6,15220034,Unnamed Trib. to Silver Crk. @ Dolphin Ave (SC03),05/28/1996 10:35:00,BSP,NIT-NO3-NO2,Inorganic nitrogen (nitrate and nitrite) (as N),Total,,3.6,mg/l,True,0.2,,,353.2,BSP,Calculated,SW,Water,,Originally reported as Nitrate + Nitrite as NO3.,Clayton,07060004,River/Stream,,43.0342002,-91.4587066
6,15220035,Silver Creek @ 145th St (SC05),05/28/1996 10:30:00,BSP,NIT-NO3-NO2,Inorganic nitrogen (nitrate and nitrite) (as N),Total,,8.1,mg/l,True,0.2,,,353.2,BSP,Calculated,SW,Water,,Originally reported as Nitrate + Nitrite as NO3.,Clayton,07060004,River/Stream,,43.0136712,-91.4626953
6,15220026,Howard Creek @ Co. Rd. X28 (HC01),05/28/1996 14:45:00,BSP,NIT-NO3-NO2,Inorganic nitrogen (nitrate and nitrite) (as N),Total,,12,mg/l,True,0.2,,,353.2,BSP,Calculated,SW,Water,,Originally reported as Nitrate + Nitrite as NO3.,Clayton,07060004,River/Stream,,42.9622643,-91.3693639
6,15220040,L22T,06/04/1996 11:10:00,BSP,NIT-NO3-NO2,Inorganic nitrogen (nitrate and nitrite) (as N),Total,,17.2,mg/l,True,0.2,,,353.2,BSP,Calculated,GW,Water,,Originally reported as Nitrate + Nitrite as NO3.,Clayton,07060004,Facility Other,,43.0217187,-91.4893474
6,15220028,Silver Creek @ Dogwood Ave (L23S),04/23/1996 09:55:00,BSP,NIT-NO3-NO2,Inorganic nitrogen (nitrate and nitrite) (as N),Total,,7.7,mg/l,True,0.1,,,353.2,BSP,Actual,SW,Water,,,Clayton,07060004,River/Stream,,43.0217763,-91.4894189
6,15220036,Turkey River @ Big Spring (TR01),04/23/1996 09:20:00,BSP,NIT-NO3-NO2,Inorganic nitrogen (nitrate and nitrite) (as N),Total,,5,mg/l,True,0.2,,,353.2,BSP,Calculated,SW,Water,,Originally reported as Nitrate + Nitrite as NO3.,Clayton,07060004,River/Stream,,42.9095476,-91.4709184
6,15220033,Silver Creek @ 155th St (SC01),04/30/1996 10:05:00,BSP,NIT-NO3-NO2,Inorganic nitrogen (nitrate and nitrite) (as N),Total,,6.5,mg/l,True,0.2,,,353.2,BSP,Calculated,SW,Water,,Originally reported as Nitrate + Nitrite as NO3.,Clayton,07060004,River/Stream,,43.0006333,-91.4484974
6,15220027,Unnamed Trib. to Turkey R. @ Big Spring Rd. (HS03),04/30/1996 09:05:00,BSP,NIT-NO3-NO2,Inorganic nitrogen (nitrate and nitrite) (as N),Total,,5.2,mg/l,True,0.2,,,353.2,BSP,Calculated,SW,Water,,Originally reported as Nitrate + Nitrite as NO3.,Clayton,07060004,River/Stream,,42.9268507,-91.4687552
6,15220031,Unnamed Trib. to Roberts Crk. @ Aspen Ave (RC13),04/30/1996 10:45:00,BSP,NIT-NO3-NO2,Inorganic nitrogen (nitrate and nitrite) (as N),Total,,5.9,mg/l,True,0.2,,,353.2,BSP,Calculated,SW,Water,,Originally reported as Nitrate + Nitrite as NO3.,Clayton,07060004,River/Stream,,43.0574767,-91.5781539
6,15220030,Roberts Creek @ 130th St (RC11),04/30/1996 10:40:00,BSP,NIT-NO3-NO2,Inorganic nitrogen (nitrate and nitrite) (as N),Total,,5.4,mg/l,True,0.2,,,353.2,BSP,Calculated,SW,Water,,Originally reported as Nitrate + Nitrite as NO3.,Clayton,07060004,River/Stream,,43.0365499,-91.537903
6,15220029,Roberts Creek @ 145th St (RC10),04/30/1996 10:35:00,BSP,NIT-NO3-NO2,Inorganic nitrogen (nitrate and nitrite) (as N),Total,,4.7,mg/l,True,0.2,,,353.2,BSP,Calculated,SW,Water,,Originally reported as Nitrate + Nitrite as NO3.,Clayton,07060004,River/Stream,,43.0159151,-91.512025
6,15220024,Roberts Creek @ 172nd St (F45),04/30/1996 09:55:00,BSP,NIT-NO3-NO2,Inorganic nitrogen (nitrate and nitrite) (as N),Total,,5.6,mg/l,True,0.2,,,353.2,BSP,Calculated,SW,Water,,Originally reported as Nitrate + Nitrite as NO3.,Clayton,07060004,River/Stream,,42.9750265,-91.4830196
6,15220034,Unnamed Trib. to Silver Crk. @ Dolphin Ave (SC03),04/30/1996 10:15:00,BSP,NIT-NO3-NO2,Inorganic nitrogen (nitrate and nitrite) (as N),Total,,5.2,mg/l,True,0.2,,,353.2,BSP,Calculated,SW,Water,,Originally reported as Nitrate + Nitrite as NO3.,Clayton,07060004,River/Stream,,43.0342002,-91.4587066
6,15220035,Silver Creek @ 145th St (SC05),04/30/1996 10:10:00,BSP,NIT-NO3-NO2,Inorganic nitrogen (nitrate and nitrite) (as N),Total,,7.2,mg/l,True,0.2,,,353.2,BSP,Calculated,SW,Water,,Originally reported as Nitrate + Nitrite as NO3.,Clayton,07060004,River/Stream,,43.0136712,-91.4626953
6,15220026,Howard Creek @ Co. Rd. X28 (HC01),04/30/1996 14:35:00,BSP,NIT-NO3-NO2,Inorganic nitrogen (nitrate and nitrite) (as N),Total,,7.7,mg/l,True,0.2,,,353.2,BSP,Calculated,SW,Water,,Originally reported as Nitrate + Nitrite as NO3.,Clayton,07060004,River/Stream,,42.9622643,-91.3693639
6,15220040,L22T,05/07/1996 11:00:00,BSP,NIT-NO3-NO2,Inorganic nitrogen (nitrate and nitrite) (as N),Total,,18.1,mg/l,True,0.2,,,353.2,BSP,Calculated,GW,Water,,Originally reported as Nitrate + Nitrite as NO3.,Clayton,07060004,Facility Other,,43.0217187,-91.4893474
6,15220028,Silver Creek @ Dogwood Ave (L23S),04/16/1996 10:50:00,BSP,NIT-NO3-NO2,Inorganic nitrogen (nitrate and nitrite) (as N),Total,,7.6,mg/l,True,0.1,,,353.2,BSP,Actual,SW,Water,,,Clayton,07060004,River/Stream,,43.0217763,-91.4894189
6,15220036,Turkey River @ Big Spring (TR01),04/16/1996 09:50:00,BSP,NIT-NO3-NO2,Inorganic nitrogen (nitrate and nitrite) (as N),Total,,4.1,mg/l,True,0.2,,,353.2,BSP,Calculated,SW,Water,,Originally reported as Nitrate + Nitrite as NO3.,Clayton,07060004,River/Stream,,42.9095476,-91.4709184
6,15220040,L22T,04/23/1996 10:00:00,BSP,NIT-NO3-NO2,Inorganic nitrogen (nitrate and nitrite) (as N),Total,,16.7,mg/l,True,0.2,,,353.2,BSP,Calculated,GW,Water,,Originally reported as Nitrate + Nitrite as NO3.,Clayton,07060004,Facility Other,,43.0217187,-91.4893474
6,15220028,Silver Creek @ Dogwood Ave (L23S),04/02/1996 12:00:00,BSP,NIT-NO3-NO2,Inorganic nitrogen (nitrate and nitrite) (as N),Total,,8.6,mg/l,True,0.1,,,353.2,BSP,Actual,SW,Water,,,Clayton,07060004,River/Stream,,43.0217763,-91.4894189
6,15220036,Turkey River @ Big Spring (TR01),04/02/1996 10:30:00,BSP,NIT-NO3-NO2,Inorganic nitrogen (nitrate and nitrite) (as N),Total,,5,mg/l,True,0.2,,,353.2,BSP,Calculated,SW,Water,,Originally reported as Nitrate + Nitrite as NO3.,Clayton,07060004,River/Stream,,42.9095476,-91.4709184
6,15220018,Roberts Creek @ 206th St/B65 (RC02/ROB30),04/02/1996 11:40:00,BSP,NIT-NO3-NO2,Inorganic nitrogen (nitrate and nitrite) (as N),Total,,5.6,mg/l,True,0.1,,,353.2,BSP,Actual,SW,Water,,,Clayton,07060004,River/Stream,,42.9304245,-91.38552335
6,15220028,Silver Creek @ Dogwood Ave (L23S),03/19/1996 11:20:00,BSP,NIT-NO3-NO2,Inorganic nitrogen (nitrate and nitrite) (as N),Total,,8.9,mg/l,True,0.1,,,353.2,BSP,Actual,SW,Water,,,Clayton,07060004,River/Stream,,43.0217763,-91.4894189
6,15220036,Turkey River @ Big Spring (TR01),03/19/1996 10:30:00,BSP,NIT-NO3-NO2,Inorganic nitrogen (nitrate and nitrite) (as N),Total,,3.4,mg/l,True,0.2,,,353.2,BSP,Calculated,SW,Water,,Originally reported as Nitrate + Nitrite as NO3.,Clayton,07060004,River/Stream,,42.9095476,-91.4709184
6,15220029,Roberts Creek @ 145th St (RC10),03/25/1996 14:35:00,BSP,NIT-NO3-NO2,Inorganic nitrogen (nitrate and nitrite) (as N),Total,,8.1,mg/l,True,0.2,,,353.2,BSP,Calculated,SW,Water,,Originally reported as Nitrate + Nitrite as NO3.,Clayton,07060004,River/Stream,,43.0159151,-91.512025
6,15220024,Roberts Creek @ 172nd St (F45),03/25/1996 12:00:00,BSP,NIT-NO3-NO2,Inorganic nitrogen (nitrate and nitrite) (as N),Total,,8.1,mg/l,True,0.2,,,353.2,BSP,Calculated,SW,Water,,Originally reported as Nitrate + Nitrite as NO3.,Clayton,07060004,River/Stream,,42.9750265,-91.4830196
6,15220034,Unnamed Trib. to Silver Crk. @ Dolphin Ave (SC03),03/25/1996 13:25:00,BSP,NIT-NO3-NO2,Inorganic nitrogen (nitrate and nitrite) (as N),Total,,8.4,mg/l,True,0.2,,,353.2,BSP,Calculated,SW,Water,,Originally reported as Nitrate + Nitrite as NO3.,Clayton,07060004,River/Stream,,43.0342002,-91.4587066
6,15220035,Silver Creek @ 145th St (SC05),03/25/1996 13:20:00,BSP,NIT-NO3-NO2,Inorganic nitrogen (nitrate and nitrite) (as N),Total,,9.3,mg/l,True,0.2,,,353.2,BSP,Calculated,SW,Water,,Originally reported as Nitrate + Nitrite as NO3.,Clayton,07060004,River/Stream,,43.0136712,-91.4626953
6,15220026,Howard Creek @ Co. Rd. X28 (HC01),03/25/1996 12:45:00,BSP,NIT-NO3-NO2,Inorganic nitrogen (nitrate and nitrite) (as N),Total,,8.4,mg/l,True,0.2,,,353.2,BSP,Calculated,SW,Water,,Originally reported as Nitrate + Nitrite as NO3.,Clayton,07060004,River/Stream,,42.9622643,-91.3693639
6,15220040,L22T,04/02/1996 12:15:00,BSP,NIT-NO3-NO2,Inorganic nitrogen (nitrate and nitrite) (as N),Total,,16.5,mg/l,True,0.2,,,353.2,BSP,Calculated,GW,Water,,Originally reported as Nitrate + Nitrite as NO3.,Clayton,07060004,Facility Other,,43.0217187,-91.4893474
6,15220018,Roberts Creek @ 206th St/B65 (RC02/ROB30),03/19/1996 13:50:00,BSP,NIT-NO3-NO2,Inorganic nitrogen (nitrate and nitrite) (as N),Total,,4.1,mg/l,True,0.1,,,353.2,BSP,Actual,SW,Water,,,Clayton,07060004,River/Stream,,42.9304245,-91.38552335
6,15220018,Roberts Creek @ 206th St/B65 (RC02/ROB30),03/05/1996 15:50:00,BSP,NIT-NO3-NO2,Inorganic nitrogen (nitrate and nitrite) (as N),Total,,5.8,mg/l,True,0.1,,,353.2,BSP,Actual,SW,Water,,,Clayton,07060004,River/Stream,,42.9304245,-91.38552335
6,15220040,L22T,03/19/1996 11:30:00,BSP,NIT-NO3-NO2,Inorganic nitrogen (nitrate and nitrite) (as N),Total,,15.8,mg/l,True,0.2,,,353.2,BSP,Calculated,GW,Water,,Originally reported as Nitrate + Nitrite as NO3.,Clayton,07060004,Facility Other,,43.0217187,-91.4893474
6,15220018,Roberts Creek @ 206th St/B65 (RC02/ROB30),02/20/1996 11:20:00,BSP,NIT-NO3-NO2,Inorganic nitrogen (nitrate and nitrite) (as N),Total,,4.9,mg/l,True,0.1,,,353.2,BSP,Actual,SW,Water,,,Clayton,07060004,River/Stream,,42.9304245,-91.38552335
6,15220028,Silver Creek @ Dogwood Ave (L23S),01/30/1996 11:35:00,BSP,NIT-NO3-NO2,Inorganic nitrogen (nitrate and nitrite) (as N),Total,,9.3,mg/l,True,0.1,,,353.2,BSP,Actual,SW,Water,,,Clayton,07060004,River/Stream,,43.0217763,-91.4894189
6,15220028,Silver Creek @ Dogwood Ave (L23S),02/20/1996 11:45:00,BSP,NIT-NO3-NO2,Inorganic nitrogen (nitrate and nitrite) (as N),Total,,5.4,mg/l,True,0.1,,,353.2,BSP,Actual,SW,Water,,,Clayton,07060004,River/Stream,,43.0217763,-91.4894189
6,15220036,Turkey River @ Big Spring (TR01),02/20/1996 11:00:00,BSP,NIT-NO3-NO2,Inorganic nitrogen (nitrate and nitrite) (as N),Total,,4.5,mg/l,True,0.2,,,353.2,BSP,Calculated,SW,Water,,Originally reported as Nitrate + Nitrite as NO3.,Clayton,07060004,River/Stream,,42.9095476,-91.4709184
6,15220033,Silver Creek @ 155th St (SC01),02/27/1996 10:15:00,BSP,NIT-NO3-NO2,Inorganic nitrogen (nitrate and nitrite) (as N),Total,,5.6,mg/l,True,0.2,,,353.2,BSP,Calculated,SW,Water,,Originally reported as Nitrate + Nitrite as NO3.,Clayton,07060004,River/Stream,,43.0006333,-91.4484974
6,15220027,Unnamed Trib. to Turkey R. @ Big Spring Rd. (HS03),02/27/1996 09:05:00,BSP,NIT-NO3-NO2,Inorganic nitrogen (nitrate and nitrite) (as N),Total,,6.1,mg/l,True,0.2,,,353.2,BSP,Calculated,SW,Water,,Originally reported as Nitrate + Nitrite as NO3.,Clayton,07060004,River/Stream,,42.9268507,-91.4687552
6,15220031,Unnamed Trib. to Roberts Crk. @ Aspen Ave (RC13),02/27/1996 11:15:00,BSP,NIT-NO3-NO2,Inorganic nitrogen (nitrate and nitrite) (as N),Total,,5,mg/l,True,0.2,,,353.2,BSP,Calculated,SW,Water,,Originally reported as Nitrate + Nitrite as NO3.,Clayton,07060004,River/Stream,,43.0574767,-91.5781539
6,15220030,Roberts Creek @ 130th St (RC11),02/27/1996 11:05:00,BSP,NIT-NO3-NO2,Inorganic nitrogen (nitrate and nitrite) (as N),Total,,5,mg/l,True,0.2,,,353.2,BSP,Calculated,SW,Water,,Originally reported as Nitrate + Nitrite as NO3.,Clayton,07060004,River/Stream,,43.0365499,-91.537903
6,15220029,Roberts Creek @ 145th St (RC10),02/27/1996 11:00:00,BSP,NIT-NO3-NO2,Inorganic nitrogen (nitrate and nitrite) (as N),Total,,4.3,mg/l,True,0.2,,,353.2,BSP,Calculated,SW,Water,,Originally reported as Nitrate + Nitrite as NO3.,Clayton,07060004,River/Stream,,43.0159151,-91.512025
6,15220024,Roberts Creek @ 172nd St (F45),02/27/1996 10:00:00,BSP,NIT-NO3-NO2,Inorganic nitrogen (nitrate and nitrite) (as N),Total,,4.3,mg/l,True,0.2,,,353.2,BSP,Calculated,SW,Water,,Originally reported as Nitrate + Nitrite as NO3.,Clayton,07060004,River/Stream,,42.9750265,-91.4830196
6,15220034,Unnamed Trib. to Silver Crk. @ Dolphin Ave (SC03),02/27/1996 10:25:00,BSP,NIT-NO3-NO2,Inorganic nitrogen (nitrate and nitrite) (as N),Total,,7,mg/l,True,0.2,,,353.2,BSP,Calculated,SW,Water,,Originally reported as Nitrate + Nitrite as NO3.,Clayton,07060004,River/Stream,,43.0342002,-91.4587066
6,15220035,Silver Creek @ 145th St (SC05),02/27/1996 10:20:00,BSP,NIT-NO3-NO2,Inorganic nitrogen (nitrate and nitrite) (as N),Total,,6.5,mg/l,True,0.2,,,353.2,BSP,Calculated,SW,Water,,Originally reported as Nitrate + Nitrite as NO3.,Clayton,07060004,River/Stream,,43.0136712,-91.4626953
6,15220026,Howard Creek @ Co. Rd. X28 (HC01),02/27/1996 15:15:00,BSP,NIT-NO3-NO2,Inorganic nitrogen (nitrate and nitrite) (as N),Total,,6.8,mg/l,True,0.2,,,353.2,BSP,Calculated,SW,Water,,Originally reported as Nitrate + Nitrite as NO3.,Clayton,07060004,River/Stream,,42.9622643,-91.3693639
6,15220040,L22T,03/05/1996 11:55:00,BSP,NIT-NO3-NO2,Inorganic nitrogen (nitrate and nitrite) (as N),Total,,18.5,mg/l,True,0.2,,,353.2,BSP,Calculated,GW,Water,,Originally reported as Nitrate + Nitrite as NO3.,Clayton,07060004,Facility Other,,43.0217187,-91.4893474
6,15220028,Silver Creek @ Dogwood Ave (L23S),02/13/1996 10:35:00,BSP,NIT-NO3-NO2,Inorganic nitrogen (nitrate and nitrite) (as N),Total,,5.4,mg/l,True,0.1,,,353.2,BSP,Actual,SW,Water,,,Clayton,07060004,River/Stream,,43.0217763,-91.4894189
6,15220036,Turkey River @ Big Spring (TR01),02/13/1996 09:45:00,BSP,NIT-NO3-NO2,Inorganic nitrogen (nitrate and nitrite) (as N),Total,,4.5,mg/l,True,0.2,,,353.2,BSP,Calculated,SW,Water,,Originally reported as Nitrate + Nitrite as NO3.,Clayton,07060004,River/Stream,,42.9095476,-91.4709184
6,15220040,L22T,02/20/1996 11:55:00,BSP,NIT-NO3-NO2,Inorganic nitrogen (nitrate and nitrite) (as N),Total,,9.5,mg/l,True,0.2,,,353.2,BSP,Calculated,GW,Water,,Originally reported as Nitrate + Nitrite as NO3.,Clayton,07060004,Facility Other,,43.0217187,-91.4893474
6,15220018,Roberts Creek @ 206th St/B65 (RC02/ROB30),01/30/1996 18:00:00,BSP,NIT-NO3-NO2,Inorganic nitrogen (nitrate and nitrite) (as N),Total,,6.1,mg/l,True,0.1,,,353.2,BSP,Actual,SW,Water,,,Clayton,07060004,River/Stream,,42.9304245,-91.38552335
6,15220033,Silver Creek @ 155th St (SC01),01/30/1996 10:55:00,BSP,NIT-NO3-NO2,Inorganic nitrogen (nitrate and nitrite) (as N),Total,,8.8,mg/l,True,0.2,,,353.2,BSP,Calculated,SW,Water,,Originally reported as Nitrate + Nitrite as NO3.,Clayton,07060004,River/Stream,,43.0006333,-91.4484974
6,15220031,Unnamed Trib. to Roberts Crk. @ Aspen Ave (RC13),01/30/1996 12:55:00,BSP,NIT-NO3-NO2,Inorganic nitrogen (nitrate and nitrite) (as N),Total,,6.5,mg/l,True,0.2,,,353.2,BSP,Calculated,SW,Water,,Originally reported as Nitrate + Nitrite as NO3.,Clayton,07060004,River/Stream,,43.0574767,-91.5781539
6,15220030,Roberts Creek @ 130th St (RC11),01/30/1996 13:05:00,BSP,NIT-NO3-NO2,Inorganic nitrogen (nitrate and nitrite) (as N),Total,,11.7,mg/l,True,0.2,,,353.2,BSP,Calculated,SW,Water,,Originally reported as Nitrate + Nitrite as NO3.,Clayton,07060004,River/Stream,,43.0365499,-91.537903
6,15220024,Roberts Creek @ 172nd St (F45),01/30/1996 10:25:00,BSP,NIT-NO3-NO2,Inorganic nitrogen (nitrate and nitrite) (as N),Total,,7.9,mg/l,True,0.2,,,353.2,BSP,Calculated,SW,Water,,Originally reported as Nitrate + Nitrite as NO3.,Clayton,07060004,River/Stream,,42.9750265,-91.4830196
6,15220034,Unnamed Trib. to Silver Crk. @ Dolphin Ave (SC03),01/30/1996 11:10:00,BSP,NIT-NO3-NO2,Inorganic nitrogen (nitrate and nitrite) (as N),Total,,9.9,mg/l,True,0.2,,,353.2,BSP,Calculated,SW,Water,,Originally reported as Nitrate + Nitrite as NO3.,Clayton,07060004,River/Stream,,43.0342002,-91.4587066
6,15220028,Silver Creek @ Dogwood Ave (L23S),01/16/1996 11:35:00,BSP,NIT-NO3-NO2,Inorganic nitrogen (nitrate and nitrite) (as N),Total,,13,mg/l,True,0.1,,,353.2,BSP,Actual,SW,Water,,,Clayton,07060004,River/Stream,,43.0217763,-91.4894189
6,15220036,Turkey River @ Big Spring (TR01),01/16/1996 10:25:00,BSP,NIT-NO3-NO2,Inorganic nitrogen (nitrate and nitrite) (as N),Total,,7.2,mg/l,True,0.2,,,353.2,BSP,Calculated,SW,Water,,Originally reported as Nitrate + Nitrite as NO3.,Clayton,07060004,River/Stream,,42.9095476,-91.4709184
6,15220040,L22T,01/30/1996 11:40:00,BSP,NIT-NO3-NO2,Inorganic nitrogen (nitrate and nitrite) (as N),Total,,19,mg/l,True,0.2,,,353.2,BSP,Calculated,GW,Water,,Originally reported as Nitrate + Nitrite as NO3.,Clayton,07060004,Facility Other,,43.0217187,-91.4893474
6,15220036,Turkey River @ Big Spring (TR01),01/30/1996 09:30:00,BSP,NIT-NO3-NO2,Inorganic nitrogen (nitrate and nitrite) (as N),Total,,5.9,mg/l,True,0.2,,,353.2,BSP,Calculated,SW,Water,,Originally reported as Nitrate + Nitrite as NO3.,Clayton,07060004,River/Stream,,42.9095476,-91.4709184
6,15220018,Roberts Creek @ 206th St/B65 (RC02/ROB30),01/16/1996 11:15:00,BSP,NIT-NO3-NO2,Inorganic nitrogen (nitrate and nitrite) (as N),Total,,8.6,mg/l,True,0.1,,,353.2,BSP,Actual,SW,Water,,,Clayton,07060004,River/Stream,,42.9304245,-91.38552335
6,15220018,Roberts Creek @ 206th St/B65 (RC02/ROB30),12/19/1995 10:20:00,BSP,NIT-NO3-NO2,Inorganic nitrogen (nitrate and nitrite) (as N),Total,,7.6,mg/l,True,0.1,,,353.2,BSP,Actual,SW,Water,,,Clayton,07060004,River/Stream,,42.9304245,-91.38552335
6,15220025,Roberts Creek @ Essex Ave (F47),12/26/1995 09:50:00,BSP,NIT-NO3-NO2,Inorganic nitrogen (nitrate and nitrite) (as N),Total,,8.8,mg/l,True,0.2,,,353.2,BSP,Calculated,SW,Water,,Originally reported as Nitrate + Nitrite as NO3.,Clayton,07060004,River/Stream,,42.9590908,-91.4195205
6,15220028,Silver Creek @ Dogwood Ave (L23S),01/09/1996 10:55:00,BSP,NIT-NO3-NO2,Inorganic nitrogen (nitrate and nitrite) (as N),Total,,11,mg/l,True,0.1,,,353.2,BSP,Actual,SW,Water,,,Clayton,07060004,River/Stream,,43.0217763,-91.4894189
6,15220036,Turkey River @ Big Spring (TR01),01/09/1996 10:15:00,BSP,NIT-NO3-NO2,Inorganic nitrogen (nitrate and nitrite) (as N),Total,,7.4,mg/l,True,0.2,,,353.2,BSP,Calculated,SW,Water,,Originally reported as Nitrate + Nitrite as NO3.,Clayton,07060004,River/Stream,,42.9095476,-91.4709184
6,15220040,L22T,01/16/1996 11:45:00,BSP,NIT-NO3-NO2,Inorganic nitrogen (nitrate and nitrite) (as N),Total,,19.2,mg/l,True,0.2,,,353.2,BSP,Calculated,GW,Water,,Originally reported as Nitrate + Nitrite as NO3.,Clayton,07060004,Facility Other,,43.0217187,-91.4893474
6,15220028,Silver Creek @ Dogwood Ave (L23S),12/12/1995 10:50:00,BSP,NIT-NO3-NO2,Inorganic nitrogen (nitrate and nitrite) (as N),Total,,10,mg/l,True,0.1,,,353.2,BSP,Actual,SW,Water,,,Clayton,07060004,River/Stream,,43.0217763,-91.4894189
6,15220036,Turkey River @ Big Spring (TR01),12/12/1995 10:20:00,BSP,NIT-NO3-NO2,Inorganic nitrogen (nitrate and nitrite) (as N),Total,,9,mg/l,True,0.2,,,353.2,BSP,Calculated,SW,Water,,Originally reported as Nitrate + Nitrite as NO3.,Clayton,07060004,River/Stream,,42.9095476,-91.4709184
6,15220040,L22T,12/19/1995 10:50:00,BSP,NIT-NO3-NO2,Inorganic nitrogen (nitrate and nitrite) (as N),Total,,18.5,mg/l,True,0.2,,,353.2,BSP,Calculated,GW,Water,,Originally reported as Nitrate + Nitrite as NO3.,Clayton,07060004,Facility Other,,43.0217187,-91.4893474
6,15220018,Roberts Creek @ 206th St/B65 (RC02/ROB30),12/26/1995 15:10:00,BSP,NIT-NO3-NO2,Inorganic nitrogen (nitrate and nitrite) (as N),Total,,7.6,mg/l,True,0.1,,,353.2,BSP,Actual,SW,Water,,,Clayton,07060004,River/Stream,,42.9304245,-91.38552335
6,15220033,Silver Creek @ 155th St (SC01),12/26/1995 10:05:00,BSP,NIT-NO3-NO2,Inorganic nitrogen (nitrate and nitrite) (as N),Total,,10.4,mg/l,True,0.2,,,353.2,BSP,Calculated,SW,Water,,Originally reported as Nitrate + Nitrite as NO3.,Clayton,07060004,River/Stream,,43.0006333,-91.4484974
6,15220027,Unnamed Trib. to Turkey R. @ Big Spring Rd. (HS03),12/26/1995 09:10:00,BSP,NIT-NO3-NO2,Inorganic nitrogen (nitrate and nitrite) (as N),Total,,7.9,mg/l,True,0.2,,,353.2,BSP,Calculated,SW,Water,,Originally reported as Nitrate + Nitrite as NO3.,Clayton,07060004,River/Stream,,42.9268507,-91.4687552
6,15220031,Unnamed Trib. to Roberts Crk. @ Aspen Ave (RC13),12/26/1995 11:05:00,BSP,NIT-NO3-NO2,Inorganic nitrogen (nitrate and nitrite) (as N),Total,,8.6,mg/l,True,0.2,,,353.2,BSP,Calculated,SW,Water,,Originally reported as Nitrate + Nitrite as NO3.,Clayton,07060004,River/Stream,,43.0574767,-91.5781539
6,15220030,Roberts Creek @ 130th St (RC11),12/26/1995 11:00:00,BSP,NIT-NO3-NO2,Inorganic nitrogen (nitrate and nitrite) (as N),Total,,8.6,mg/l,True,0.2,,,353.2,BSP,Calculated,SW,Water,,Originally reported as Nitrate + Nitrite as NO3.,Clayton,07060004,River/Stream,,43.0365499,-91.537903
6,15220029,Roberts Creek @ 145th St (RC10),12/26/1995 10:55:00,BSP,NIT-NO3-NO2,Inorganic nitrogen (nitrate and nitrite) (as N),Total,,8.1,mg/l,True,0.2,,,353.2,BSP,Calculated,SW,Water,,Originally reported as Nitrate + Nitrite as NO3.,Clayton,07060004,River/Stream,,43.0159151,-91.512025
6,15220024,Roberts Creek @ 172nd St (F45),12/26/1995 15:20:00,BSP,NIT-NO3-NO2,Inorganic nitrogen (nitrate and nitrite) (as N),Total,,8.1,mg/l,True,0.2,,,353.2,BSP,Calculated,SW,Water,,Originally reported as Nitrate + Nitrite as NO3.,Clayton,07060004,River/Stream,,42.9750265,-91.4830196
6,15220034,Unnamed Trib. to Silver Crk. @ Dolphin Ave (SC03),12/26/1995 10:15:00,BSP,NIT-NO3-NO2,Inorganic nitrogen (nitrate and nitrite) (as N),Total,,19.9,mg/l,True,0.2,,,353.2,BSP,Calculated,SW,Water,,Originally reported as Nitrate + Nitrite as NO3.,Clayton,07060004,River/Stream,,43.0342002,-91.4587066
6,15220035,Silver Creek @ 145th St (SC05),12/26/1995 10:10:00,BSP,NIT-NO3-NO2,Inorganic nitrogen (nitrate and nitrite) (as N),Total,,9.9,mg/l,True,0.2,,,353.2,BSP,Calculated,SW,Water,,Originally reported as Nitrate + Nitrite as NO3.,Clayton,07060004,River/Stream,,43.0136712,-91.4626953
6,15220018,Roberts Creek @ 206th St/B65 (RC02/ROB30),01/09/1996 11:40:00,BSP,NIT-NO3-NO2,Inorganic nitrogen (nitrate and nitrite) (as N),Total,,8.9,mg/l,True,0.1,,,353.2,BSP,Actual,SW,Water,,,Clayton,07060004,River/Stream,,42.9304245,-91.38552335
6,15220018,Roberts Creek @ 206th St/B65 (RC02/ROB30),12/12/1995 16:25:00,BSP,NIT-NO3-NO2,Inorganic nitrogen (nitrate and nitrite) (as N),Total,,8.4,mg/l,True,0.1,,,353.2,BSP,Actual,SW,Water,,,Clayton,07060004,River/Stream,,42.9304245,-91.38552335
6,15220028,Silver Creek @ Dogwood Ave (L23S),11/28/1995 10:55:00,BSP,NIT-NO3-NO2,Inorganic nitrogen (nitrate and nitrite) (as N),Total,,9.6,mg/l,True,0.1,,,353.2,BSP,Actual,SW,Water,,,Clayton,07060004,River/Stream,,43.0217763,-91.4894189
6,15220025,Roberts Creek @ Essex Ave (F47),11/28/1995 16:00:00,BSP,NIT-NO3-NO2,Inorganic nitrogen (nitrate and nitrite) (as N),Total,,7.7,mg/l,True,0.2,,,353.2,BSP,Calculated,SW,Water,,Originally reported as Nitrate + Nitrite as NO3.,Clayton,07060004,River/Stream,,42.9590908,-91.4195205
6,15220018,Roberts Creek @ 206th St/B65 (RC02/ROB30),11/28/1995 15:45:00,BSP,NIT-NO3-NO2,Inorganic nitrogen (nitrate and nitrite) (as N),Total,,7.3,mg/l,True,0.1,,,353.2,BSP,Actual,SW,Water,,,Clayton,07060004,River/Stream,,42.9304245,-91.38552335
6,15220033,Silver Creek @ 155th St (SC01),11/28/1995 10:35:00,BSP,NIT-NO3-NO2,Inorganic nitrogen (nitrate and nitrite) (as N),Total,,9.7,mg/l,True,0.2,,,353.2,BSP,Calculated,SW,Water,,Originally reported as Nitrate + Nitrite as NO3.,Clayton,07060004,River/Stream,,43.0006333,-91.4484974
6,15220027,Unnamed Trib. to Turkey R. @ Big Spring Rd. (HS03),11/28/1995 09:20:00,BSP,NIT-NO3-NO2,Inorganic nitrogen (nitrate and nitrite) (as N),Total,,7.4,mg/l,True,0.2,,,353.2,BSP,Calculated,SW,Water,,Originally reported as Nitrate + Nitrite as NO3.,Clayton,07060004,River/Stream,,42.9268507,-91.4687552
6,15220040,L22T,12/12/1995 11:00:00,BSP,NIT-NO3-NO2,Inorganic nitrogen (nitrate and nitrite) (as N),Total,,18.5,mg/l,True,0.2,,,353.2,BSP,Calculated,GW,Water,,Originally reported as Nitrate + Nitrite as NO3.,Clayton,07060004,Facility Other,,43.0217187,-91.4893474
6,15220028,Silver Creek @ Dogwood Ave (L23S),11/14/1995 10:20:00,BSP,NIT-NO3-NO2,Inorganic nitrogen (nitrate and nitrite) (as N),Total,,10,mg/l,True,0.1,,,353.2,BSP,Actual,SW,Water,,,Clayton,07060004,River/Stream,,43.0217763,-91.4894189
6,15220036,Turkey River @ Big Spring (TR01),11/14/1995 09:30:00,BSP,NIT-NO3-NO2,Inorganic nitrogen (nitrate and nitrite) (as N),Total,,8.1,mg/l,True,0.2,,,353.2,BSP,Calculated,SW,Water,,Originally reported as Nitrate + Nitrite as NO3.,Clayton,07060004,River/Stream,,42.9095476,-91.4709184
6,15220040,L22T,11/28/1995 11:00:00,BSP,NIT-NO3-NO2,Inorganic nitrogen (nitrate and nitrite) (as N),Total,,18.7,mg/l,True,0.2,,,353.2,BSP,Calculated,GW,Water,,Originally reported as Nitrate + Nitrite as NO3.,Clayton,07060004,Facility Other,,43.0217187,-91.4893474
6,15220036,Turkey River @ Big Spring (TR01),11/28/1995 09:30:00,BSP,NIT-NO3-NO2,Inorganic nitrogen (nitrate and nitrite) (as N),Total,,8.4,mg/l,True,0.2,,,353.2,BSP,Calculated,SW,Water,,Originally reported as Nitrate + Nitrite as NO3.,Clayton,07060004,River/Stream,,42.9095476,-91.4709184
6,15220018,Roberts Creek @ 206th St/B65 (RC02/ROB30),11/14/1995 13:45:00,BSP,NIT-NO3-NO2,Inorganic nitrogen (nitrate and nitrite) (as N),Total,,9.2,mg/l,True,0.1,,,353.2,BSP,Actual,SW,Water,,,Clayton,07060004,River/Stream,,42.9304245,-91.38552335
6,15220018,Roberts Creek @ 206th St/B65 (RC02/ROB30),11/07/1995 11:00:00,BSP,NIT-NO3-NO2,Inorganic nitrogen (nitrate and nitrite) (as N),Total,,10,mg/l,True,0.1,,,353.2,BSP,Actual,SW,Water,,,Clayton,07060004,River/Stream,,42.9304245,-91.38552335
6,15220028,Silver Creek @ Dogwood Ave (L23S),11/07/1995 11:25:00,BSP,NIT-NO3-NO2,Inorganic nitrogen (nitrate and nitrite) (as N),Total,,9.9,mg/l,True,0.1,,,353.2,BSP,Actual,SW,Water,,,Clayton,07060004,River/Stream,,43.0217763,-91.4894189
6,15220036,Turkey River @ Big Spring (TR01),11/07/1995 10:00:00,BSP,NIT-NO3-NO2,Inorganic nitrogen (nitrate and nitrite) (as N),Total,,7.4,mg/l,True,0.2,,,353.2,BSP,Calculated,SW,Water,,Originally reported as Nitrate + Nitrite as NO3.,Clayton,07060004,River/Stream,,42.9095476,-91.4709184
6,15220040,L22T,11/14/1995 10:25:00,BSP,NIT-NO3-NO2,Inorganic nitrogen (nitrate and nitrite) (as N),Total,,19.2,mg/l,True,0.2,,,353.2,BSP,Calculated,GW,Water,,Originally reported as Nitrate + Nitrite as NO3.,Clayton,07060004,Facility Other,,43.0217187,-91.4893474
6,15220028,Silver Creek @ Dogwood Ave (L23S),10/30/1995 13:40:00,BSP,NIT-NO3-NO2,Inorganic nitrogen (nitrate and nitrite) (as N),Total,,9.3,mg/l,True,0.1,,,353.2,BSP,Actual,SW,Water,,,Clayton,07060004,River/Stream,,43.0217763,-91.4894189
6,15220018,Roberts Creek @ 206th St/B65 (RC02/ROB30),10/30/1995 12:35:00,BSP,NIT-NO3-NO2,Inorganic nitrogen (nitrate and nitrite) (as N),Total,,4.6,mg/l,True,0.1,,,353.2,BSP,Actual,SW,Water,,,Clayton,07060004,River/Stream,,42.9304245,-91.38552335
6,15220036,Turkey River @ Big Spring (TR01),10/30/1995 10:30:00,BSP,NIT-NO3-NO2,Inorganic nitrogen (nitrate and nitrite) (as N),Total,,9.7,mg/l,True,0.2,,,353.2,BSP,Calculated,SW,Water,,Originally reported as Nitrate + Nitrite as NO3.,Clayton,07060004,River/Stream,,42.9095476,-91.4709184
6,15220040,L22T,10/30/1995 13:50:00,BSP,NIT-NO3-NO2,Inorganic nitrogen (nitrate and nitrite) (as N),Total,,18.5,mg/l,True,0.2,,,353.2,BSP,Calculated,GW,Water,,Originally reported as Nitrate + Nitrite as NO3.,Clayton,07060004,Facility Other,,43.0217187,-91.4893474
6,15220028,Silver Creek @ Dogwood Ave (L23S),10/10/1995 10:55:00,BSP,NIT-NO3-NO2,Inorganic nitrogen (nitrate and nitrite) (as N),Total,,8.8,mg/l,True,0.1,,,353.2,BSP,Actual,SW,Water,,,Clayton,07060004,River/Stream,,43.0217763,-91.4894189
6,15220018,Roberts Creek @ 206th St/B65 (RC02/ROB30),10/10/1995 16:15:00,BSP,NIT-NO3-NO2,Inorganic nitrogen (nitrate and nitrite) (as N),Total,,5.5,mg/l,True,0.1,,,353.2,BSP,Actual,SW,Water,,,Clayton,07060004,River/Stream,,42.9304245,-91.38552335
6,15220040,L22T,10/10/1995 11:10:00,BSP,NIT-NO3-NO2,Inorganic nitrogen (nitrate and nitrite) (as N),Total,,18.1,mg/l,True,0.2,,,353.2,BSP,Calculated,GW,Water,,Originally reported as Nitrate + Nitrite as NO3.,Clayton,07060004,Facility Other,,43.0217187,-91.4893474
6,15220036,Turkey River @ Big Spring (TR01),10/10/1995 10:20:00,BSP,NIT-NO3-NO2,Inorganic nitrogen (nitrate and nitrite) (as N),Total,,8.1,mg/l,True,0.2,,,353.2,BSP,Calculated,SW,Water,,Originally reported as Nitrate + Nitrite as NO3.,Clayton,07060004,River/Stream,,42.9095476,-91.4709184
6,15220040,L22T,10/17/1995 12:10:00,BSP,NIT-NO3-NO2,Inorganic nitrogen (nitrate and nitrite) (as N),Total,,18.3,mg/l,True,0.2,,,353.2,BSP,Calculated,GW,Water,,Originally reported as Nitrate + Nitrite as NO3.,Clayton,07060004,Facility Other,,43.0217187,-91.4893474
6,15220028,Silver Creek @ Dogwood Ave (L23S),09/26/1995 10:50:00,BSP,NIT-NO3-NO2,Inorganic nitrogen (nitrate and nitrite) (as N),Total,,8.1,mg/l,True,0.1,,,353.2,BSP,Actual,SW,Water,,,Clayton,07060004,River/Stream,,43.0217763,-91.4894189
6,15220025,Roberts Creek @ Essex Ave (F47),09/26/1995 16:25:00,BSP,NIT-NO3-NO2,Inorganic nitrogen (nitrate and nitrite) (as N),Total,,5.4,mg/l,True,0.2,,,353.2,BSP,Calculated,SW,Water,,Originally reported as Nitrate + Nitrite as NO3.,Clayton,07060004,River/Stream,,42.9590908,-91.4195205
6,15220033,Silver Creek @ 155th St (SC01),09/26/1995 10:15:00,BSP,NIT-NO3-NO2,Inorganic nitrogen (nitrate and nitrite) (as N),Total,,9.3,mg/l,True,0.2,,,353.2,BSP,Calculated,SW,Water,,Originally reported as Nitrate + Nitrite as NO3.,Clayton,07060004,River/Stream,,43.0006333,-91.4484974
6,15220024,Roberts Creek @ 172nd St (F45),09/26/1995 10:05:00,BSP,NIT-NO3-NO2,Inorganic nitrogen (nitrate and nitrite) (as N),Total,,6.1,mg/l,True,0.2,,,353.2,BSP,Calculated,SW,Water,,Originally reported as Nitrate + Nitrite as NO3.,Clayton,07060004,River/Stream,,42.9750265,-91.4830196
6,15220027,Unnamed Trib. to Turkey R. @ Big Spring Rd. (HS03),09/26/1995 09:10:00,BSP,NIT-NO3-NO2,Inorganic nitrogen (nitrate and nitrite) (as N),Total,,5.4,mg/l,True,0.2,,,353.2,BSP,Calculated,SW,Water,,Originally reported as Nitrate + Nitrite as NO3.,Clayton,07060004,River/Stream,,42.9268507,-91.4687552
6,15220031,Unnamed Trib. to Roberts Crk. @ Aspen Ave (RC13),09/26/1995 11:20:00,BSP,NIT-NO3-NO2,Inorganic nitrogen (nitrate and nitrite) (as N),Total,,3.6,mg/l,True,0.2,,,353.2,BSP,Calculated,SW,Water,,Originally reported as Nitrate + Nitrite as NO3.,Clayton,07060004,River/Stream,,43.0574767,-91.5781539
6,15220038,BTLUE,09/26/1995 10:40:00,BSP,NIT-NO3-NO2,Inorganic nitrogen (nitrate and nitrite) (as N),Total,,14.7,mg/l,True,0.2,,,353.2,BSP,Calculated,GW,Water,,Originally reported as Nitrate + Nitrite as NO3.,Clayton,07060004,Facility Other,,43.044315,-91.4769171
6,15220036,Turkey River @ Big Spring (TR01),09/26/1995 09:20:00,BSP,NIT-NO3-NO2,Inorganic nitrogen (nitrate and nitrite) (as N),Total,,7,mg/l,True,0.2,,,353.2,BSP,Calculated,SW,Water,,Originally reported as Nitrate + Nitrite as NO3.,Clayton,07060004,River/Stream,,42.9095476,-91.4709184
6,15220018,Roberts Creek @ 206th St/B65 (RC02/ROB30),09/12/1995 14:10:00,BSP,NIT-NO3-NO2,Inorganic nitrogen (nitrate and nitrite) (as N),Total,,4.5,mg/l,True,0.1,,,353.2,BSP,Actual,SW,Water,,,Clayton,07060004,River/Stream,,42.9304245,-91.38552335
6,15220028,Silver Creek @ Dogwood Ave (L23S),09/12/1995 10:25:00,BSP,NIT-NO3-NO2,Inorganic nitrogen (nitrate and nitrite) (as N),Total,,8.7,mg/l,True,0.1,,,353.2,BSP,Actual,SW,Water,,,Clayton,07060004,River/Stream,,43.0217763,-91.4894189
6,15220038,BTLUE,09/12/1995 10:45:00,BSP,NIT-NO3-NO2,Inorganic nitrogen (nitrate and nitrite) (as N),Total,,14.2,mg/l,True,0.2,,,353.2,BSP,Calculated,GW,Water,,Originally reported as Nitrate + Nitrite as NO3.,Clayton,07060004,Facility Other,,43.044315,-91.4769171
6,15220036,Turkey River @ Big Spring (TR01),09/12/1995 09:55:00,BSP,NIT-NO3-NO2,Inorganic nitrogen (nitrate and nitrite) (as N),Total,,4.3,mg/l,True,0.2,,,353.2,BSP,Calculated,SW,Water,,Originally reported as Nitrate + Nitrite as NO3.,Clayton,07060004,River/Stream,,42.9095476,-91.4709184
6,15220040,L22T,09/19/1995 14:50:00,BSP,NIT-NO3-NO2,Inorganic nitrogen (nitrate and nitrite) (as N),Total,,18.5,mg/l,True,0.2,,,353.2,BSP,Calculated,GW,Water,,Originally reported as Nitrate + Nitrite as NO3.,Clayton,07060004,Facility Other,,43.0217187,-91.4893474
6,15220028,Silver Creek @ Dogwood Ave (L23S),09/05/1995 12:05:00,BSP,NIT-NO3-NO2,Inorganic nitrogen (nitrate and nitrite) (as N),Total,,6.5,mg/l,True,0.1,,,353.2,BSP,Actual,SW,Water,,,Clayton,07060004,River/Stream,,43.0217763,-91.4894189
6,15220040,L22T,09/12/1995 10:40:00,BSP,NIT-NO3-NO2,Inorganic nitrogen (nitrate and nitrite) (as N),Total,,18.3,mg/l,True,0.2,,,353.2,BSP,Calculated,GW,Water,,Originally reported as Nitrate + Nitrite as NO3.,Clayton,07060004,Facility Other,,43.0217187,-91.4893474
6,15220018,Roberts Creek @ 206th St/B65 (RC02/ROB30),09/05/1995 15:50:00,BSP,NIT-NO3-NO2,Inorganic nitrogen (nitrate and nitrite) (as N),Total,,2.4,mg/l,True,0.1,,,353.2,BSP,Actual,SW,Water,,,Clayton,07060004,River/Stream,,42.9304245,-91.38552335
6,15220018,Roberts Creek @ 206th St/B65 (RC02/ROB30),08/29/1995 17:05:00,BSP,NIT-NO3-NO2,Inorganic nitrogen (nitrate and nitrite) (as N),Total,,3,mg/l,True,0.1,,,353.2,BSP,Actual,SW,Water,,,Clayton,07060004,River/Stream,,42.9304245,-91.38552335
6,15220027,Unnamed Trib. to Turkey R. @ Big Spring Rd. (HS03),08/29/1995 09:15:00,BSP,NIT-NO3-NO2,Inorganic nitrogen (nitrate and nitrite) (as N),Total,,2.9,mg/l,True,0.2,,,353.2,BSP,Calculated,SW,Water,,Originally reported as Nitrate + Nitrite as NO3.,Clayton,07060004,River/Stream,,42.9268507,-91.4687552
6,15220031,Unnamed Trib. to Roberts Crk. @ Aspen Ave (RC13),08/29/1995 11:40:00,BSP,NIT-NO3-NO2,Inorganic nitrogen (nitrate and nitrite) (as N),Total,,6.3,mg/l,True,0.2,,,353.2,BSP,Calculated,SW,Water,,Originally reported as Nitrate + Nitrite as NO3.,Clayton,07060004,River/Stream,,43.0574767,-91.5781539
6,15220030,Roberts Creek @ 130th St (RC11),08/29/1995 11:35:00,BSP,NIT-NO3-NO2,Inorganic nitrogen (nitrate and nitrite) (as N),Total,,5.4,mg/l,True,0.2,,,353.2,BSP,Calculated,SW,Water,,Originally reported as Nitrate + Nitrite as NO3.,Clayton,07060004,River/Stream,,43.0365499,-91.537903
6,15220029,Roberts Creek @ 145th St (RC10),08/29/1995 11:30:00,BSP,NIT-NO3-NO2,Inorganic nitrogen (nitrate and nitrite) (as N),Total,,3.6,mg/l,True,0.2,,,353.2,BSP,Calculated,SW,Water,,Originally reported as Nitrate + Nitrite as NO3.,Clayton,07060004,River/Stream,,43.0159151,-91.512025
6,15220024,Roberts Creek @ 172nd St (F45),08/29/1995 10:15:00,BSP,NIT-NO3-NO2,Inorganic nitrogen (nitrate and nitrite) (as N),Total,,4.3,mg/l,True,0.2,,,353.2,BSP,Calculated,SW,Water,,Originally reported as Nitrate + Nitrite as NO3.,Clayton,07060004,River/Stream,,42.9750265,-91.4830196
6,15220034,Unnamed Trib. to Silver Crk. @ Dolphin Ave (SC03),08/29/1995 10:35:00,BSP,NIT-NO3-NO2,Inorganic nitrogen (nitrate and nitrite) (as N),Total,,6.5,mg/l,True,0.2,,,353.2,BSP,Calculated,SW,Water,,Originally reported as Nitrate + Nitrite as NO3.,Clayton,07060004,River/Stream,,43.0342002,-91.4587066
6,15220035,Silver Creek @ 145th St (SC05),08/29/1995 10:30:00,BSP,NIT-NO3-NO2,Inorganic nitrogen (nitrate and nitrite) (as N),Total,,6.3,mg/l,True,0.2,,,353.2,BSP,Calculated,SW,Water,,Originally reported as Nitrate + Nitrite as NO3.,Clayton,07060004,River/Stream,,43.0136712,-91.4626953
6,15220026,Howard Creek @ Co. Rd. X28 (HC01),08/29/1995 17:00:00,BSP,NIT-NO3-NO2,Inorganic nitrogen (nitrate and nitrite) (as N),Total,,4.5,mg/l,True,0.2,,,353.2,BSP,Calculated,SW,Water,,Originally reported as Nitrate + Nitrite as NO3.,Clayton,07060004,River/Stream,,42.9622643,-91.3693639
6,15220040,L22T,09/05/1995 12:15:00,BSP,NIT-NO3-NO2,Inorganic nitrogen (nitrate and nitrite) (as N),Total,,18.7,mg/l,True,0.2,,,353.2,BSP,Calculated,GW,Water,,Originally reported as Nitrate + Nitrite as NO3.,Clayton,07060004,Facility Other,,43.0217187,-91.4893474
6,15220020,Turkey River @ Highway 52 (TR10),11/02/2011 12:15:00,TURKEYR,NIT-NO3-NO2,Inorganic nitrogen (nitrate and nitrite) (as N),Total,,3.6,mg/l,True,0.1,,,353.2,IGS-GRAB,Actual,SW,Water,,,Clayton,07060004,River/Stream,,42.70781335,-91.0757377
6,15220028,Silver Creek @ Dogwood Ave (L23S),08/29/1995 11:00:00,BSP,NIT-NO3-NO2,Inorganic nitrogen (nitrate and nitrite) (as N),Total,,5.3,mg/l,True,0.1,,,353.2,BSP,Actual,SW,Water,,,Clayton,07060004,River/Stream,,43.0217763,-91.4894189
6,15220028,Silver Creek @ Dogwood Ave (L23S),08/08/1995 10:20:00,BSP,NIT-NO3-NO2,Inorganic nitrogen (nitrate and nitrite) (as N),Total,,7,mg/l,True,0.1,,,353.2,BSP,Actual,SW,Water,,,Clayton,07060004,River/Stream,,43.0217763,-91.4894189
6,15220028,Silver Creek @ Dogwood Ave (L23S),08/22/1995 11:00:00,BSP,NIT-NO3-NO2,Inorganic nitrogen (nitrate and nitrite) (as N),Total,,7.9,mg/l,True,0.1,,,353.2,BSP,Actual,SW,Water,,,Clayton,07060004,River/Stream,,43.0217763,-91.4894189
6,15220038,BTLUE,08/22/1995 12:00:00,BSP,NIT-NO3-NO2,Inorganic nitrogen (nitrate and nitrite) (as N),Total,,14.2,mg/l,True,0.2,,,353.2,BSP,Calculated,GW,Water,,Originally reported as Nitrate + Nitrite as NO3.,Clayton,07060004,Facility Other,,43.044315,-91.4769171
6,15220036,Turkey River @ Big Spring (TR01),08/22/1995 10:10:00,BSP,NIT-NO3-NO2,Inorganic nitrogen (nitrate and nitrite) (as N),Total,,4.1,mg/l,True,0.2,,,353.2,BSP,Calculated,SW,Water,,Originally reported as Nitrate + Nitrite as NO3.,Clayton,07060004,River/Stream,,42.9095476,-91.4709184
6,15220018,Roberts Creek @ 206th St/B65 (RC02/ROB30),08/08/1995 16:45:00,BSP,NIT-NO3-NO2,Inorganic nitrogen (nitrate and nitrite) (as N),Total,,4.8,mg/l,True,0.1,,,353.2,BSP,Actual,SW,Water,,,Clayton,07060004,River/Stream,,42.9304245,-91.38552335
6,15220040,L22T,08/08/1995 10:30:00,BSP,NIT-NO3-NO2,Inorganic nitrogen (nitrate and nitrite) (as N),Total,,18.3,mg/l,True,0.2,,,353.2,BSP,Calculated,GW,Water,,Originally reported as Nitrate + Nitrite as NO3.,Clayton,07060004,Facility Other,,43.0217187,-91.4893474
6,15220038,BTLUE,08/08/1995 11:50:00,BSP,NIT-NO3-NO2,Inorganic nitrogen (nitrate and nitrite) (as N),Total,,14.9,mg/l,True,0.2,,,353.2,BSP,Calculated,GW,Water,,Originally reported as Nitrate + Nitrite as NO3.,Clayton,07060004,Facility Other,,43.044315,-91.4769171
6,15220039,BTLUW,08/08/1995 12:00:00,BSP,NIT-NO3-NO2,Inorganic nitrogen (nitrate and nitrite) (as N),Total,,14.7,mg/l,True,0.2,,,353.2,BSP,Calculated,GW,Water,,Originally reported as Nitrate + Nitrite as NO3.,Clayton,07060004,Facility Other,,43.0443165,-91.4769577
6,15220036,Turkey River @ Big Spring (TR01),08/08/1995 10:00:00,BSP,NIT-NO3-NO2,Inorganic nitrogen (nitrate and nitrite) (as N),Total,,3.8,mg/l,True,0.2,,,353.2,BSP,Calculated,SW,Water,,Originally reported as Nitrate + Nitrite as NO3.,Clayton,07060004,River/Stream,,42.9095476,-91.4709184
6,15220018,Roberts Creek @ 206th St/B65 (RC02/ROB30),07/25/1995 13:40:00,BSP,NIT-NO3-NO2,Inorganic nitrogen (nitrate and nitrite) (as N),Total,,3.5,mg/l,True,0.1,,,353.2,BSP,Actual,SW,Water,,,Clayton,07060004,River/Stream,,42.9304245,-91.38552335
6,15220040,L22T,07/25/1995 12:00:00,BSP,NIT-NO3-NO2,Inorganic nitrogen (nitrate and nitrite) (as N),Total,,19.6,mg/l,True,0.2,,,353.2,BSP,Calculated,GW,Water,,Originally reported as Nitrate + Nitrite as NO3.,Clayton,07060004,Facility Other,,43.0217187,-91.4893474
6,15220038,BTLUE,07/25/1995 11:00:00,BSP,NIT-NO3-NO2,Inorganic nitrogen (nitrate and nitrite) (as N),Total,,15.6,mg/l,True,0.2,,,353.2,BSP,Calculated,GW,Water,,Originally reported as Nitrate + Nitrite as NO3.,Clayton,07060004,Facility Other,,43.044315,-91.4769171
6,15220036,Turkey River @ Big Spring (TR01),07/25/1995 09:20:00,BSP,NIT-NO3-NO2,Inorganic nitrogen (nitrate and nitrite) (as N),Total,,5.9,mg/l,True,0.2,,,353.2,BSP,Calculated,SW,Water,,Originally reported as Nitrate + Nitrite as NO3.,Clayton,07060004,River/Stream,,42.9095476,-91.4709184
6,15220025,Roberts Creek @ Essex Ave (F47),07/25/1995 12:30:00,BSP,NIT-NO3-NO2,Inorganic nitrogen (nitrate and nitrite) (as N),Total,,5,mg/l,True,0.2,,,353.2,BSP,Calculated,SW,Water,,Originally reported as Nitrate + Nitrite as NO3.,Clayton,07060004,River/Stream,,42.9590908,-91.4195205
6,15220040,L22T,08/01/1995 13:50:00,BSP,NIT-NO3-NO2,Inorganic nitrogen (nitrate and nitrite) (as N),Total,,19.2,mg/l,True,0.2,,,353.2,BSP,Calculated,GW,Water,,Originally reported as Nitrate + Nitrite as NO3.,Clayton,07060004,Facility Other,,43.0217187,-91.4893474
6,15220038,BTLUE,08/01/1995 11:20:00,BSP,NIT-NO3-NO2,Inorganic nitrogen (nitrate and nitrite) (as N),Total,,15.3,mg/l,True,0.2,,,353.2,BSP,Calculated,GW,Water,,Originally reported as Nitrate + Nitrite as NO3.,Clayton,07060004,Facility Other,,43.044315,-91.4769171
6,15220039,BTLUW,08/01/1995 11:30:00,BSP,NIT-NO3-NO2,Inorganic nitrogen (nitrate and nitrite) (as N),Total,,16.7,mg/l,True,0.2,,,353.2,BSP,Calculated,GW,Water,,Originally reported as Nitrate + Nitrite as NO3.,Clayton,07060004,Facility Other,,43.0443165,-91.4769577
6,15220036,Turkey River @ Big Spring (TR01),08/01/1995 10:45:00,BSP,NIT-NO3-NO2,Inorganic nitrogen (nitrate and nitrite) (as N),Total,,3.8,mg/l,True,0.2,,,353.2,BSP,Calculated,SW,Water,,Originally reported as Nitrate + Nitrite as NO3.,Clayton,07060004,River/Stream,,42.9095476,-91.4709184
6,15220018,Roberts Creek @ 206th St/B65 (RC02/ROB30),07/11/1995 13:30:00,BSP,NIT-NO3-NO2,Inorganic nitrogen (nitrate and nitrite) (as N),Total,,4.8,mg/l,True,0.1,,,353.2,BSP,Actual,SW,Water,,,Clayton,07060004,River/Stream,,42.9304245,-91.38552335
6,15220038,BTLUE,07/11/1995 12:00:00,BSP,NIT-NO3-NO2,Inorganic nitrogen (nitrate and nitrite) (as N),Total,,17.6,mg/l,True,0.2,,,353.2,BSP,Calculated,GW,Water,,Originally reported as Nitrate + Nitrite as NO3.,Clayton,07060004,Facility Other,,43.044315,-91.4769171
6,15220036,Turkey River @ Big Spring (TR01),07/11/1995 10:20:00,BSP,NIT-NO3-NO2,Inorganic nitrogen (nitrate and nitrite) (as N),Total,,6.3,mg/l,True,0.2,,,353.2,BSP,Calculated,SW,Water,,Originally reported as Nitrate + Nitrite as NO3.,Clayton,07060004,River/Stream,,42.9095476,-91.4709184
6,15220028,Silver Creek @ Dogwood Ave (L23S),07/11/1995 11:25:00,BSP,NIT-NO3-NO2,Inorganic nitrogen (nitrate and nitrite) (as N),Total,,9.8,mg/l,True,0.1,,,353.2,BSP,Actual,SW,Water,,,Clayton,07060004,River/Stream,,43.0217763,-91.4894189
6,15220028,Silver Creek @ Dogwood Ave (L23S),06/27/1995 11:00:00,BSP,NIT-NO3-NO2,Inorganic nitrogen (nitrate and nitrite) (as N),Total,,13,mg/l,True,0.1,,,353.2,BSP,Actual,SW,Water,,,Clayton,07060004,River/Stream,,43.0217763,-91.4894189
6,15220025,Roberts Creek @ Essex Ave (F47),06/27/1995 16:40:00,BSP,NIT-NO3-NO2,Inorganic nitrogen (nitrate and nitrite) (as N),Total,,7.2,mg/l,True,0.2,,,353.2,BSP,Calculated,SW,Water,,Originally reported as Nitrate + Nitrite as NO3.,Clayton,07060004,River/Stream,,42.9590908,-91.4195205
6,15220018,Roberts Creek @ 206th St/B65 (RC02/ROB30),06/27/1995 16:25:00,BSP,NIT-NO3-NO2,Inorganic nitrogen (nitrate and nitrite) (as N),Total,,6.5,mg/l,True,0.1,,,353.2,BSP,Actual,SW,Water,,,Clayton,07060004,River/Stream,,42.9304245,-91.38552335
6,15220040,L22T,07/05/1995 10:25:00,BSP,NIT-NO3-NO2,Inorganic nitrogen (nitrate and nitrite) (as N),Total,,19,mg/l,True,0.2,,,353.2,BSP,Calculated,GW,Water,,Originally reported as Nitrate + Nitrite as NO3.,Clayton,07060004,Facility Other,,43.0217187,-91.4893474
6,15220038,BTLUE,07/05/1995 11:15:00,BSP,NIT-NO3-NO2,Inorganic nitrogen (nitrate and nitrite) (as N),Total,,16.9,mg/l,True,0.2,,,353.2,BSP,Calculated,GW,Water,,Originally reported as Nitrate + Nitrite as NO3.,Clayton,07060004,Facility Other,,43.044315,-91.4769171
6,15220039,BTLUW,07/05/1995 11:25:00,BSP,NIT-NO3-NO2,Inorganic nitrogen (nitrate and nitrite) (as N),Total,,17.2,mg/l,True,0.2,,,353.2,BSP,Calculated,GW,Water,,Originally reported as Nitrate + Nitrite as NO3.,Clayton,07060004,Facility Other,,43.0443165,-91.4769577
6,15220036,Turkey River @ Big Spring (TR01),07/05/1995 09:45:00,BSP,NIT-NO3-NO2,Inorganic nitrogen (nitrate and nitrite) (as N),Total,,7,mg/l,True,0.2,,,353.2,BSP,Calculated,SW,Water,,Originally reported as Nitrate + Nitrite as NO3.,Clayton,07060004,River/Stream,,42.9095476,-91.4709184
6,15220040,L22T,07/11/1995 11:30:00,BSP,NIT-NO3-NO2,Inorganic nitrogen (nitrate and nitrite) (as N),Total,,20.3,mg/l,True,0.2,,,353.2,BSP,Calculated,GW,Water,,Originally reported as Nitrate + Nitrite as NO3.,Clayton,07060004,Facility Other,,43.0217187,-91.4893474
6,15220028,Silver Creek @ Dogwood Ave (L23S),06/13/1995 10:25:00,BSP,NIT-NO3-NO2,Inorganic nitrogen (nitrate and nitrite) (as N),Total,,13,mg/l,True,0.1,,,353.2,BSP,Actual,SW,Water,,,Clayton,07060004,River/Stream,,43.0217763,-91.4894189
6,15220028,Silver Creek @ Dogwood Ave (L23S),05/30/1995 10:45:00,BSP,NIT-NO3-NO2,Inorganic nitrogen (nitrate and nitrite) (as N),Total,,18,mg/l,True,0.1,,,353.2,BSP,Actual,SW,Water,,,Clayton,07060004,River/Stream,,43.0217763,-91.4894189
6,15220025,Roberts Creek @ Essex Ave (F47),05/30/1995 16:10:00,BSP,NIT-NO3-NO2,Inorganic nitrogen (nitrate and nitrite) (as N),Total,,14.4,mg/l,True,0.2,,,353.2,BSP,Calculated,SW,Water,,Originally reported as Nitrate + Nitrite as NO3.,Clayton,07060004,River/Stream,,42.9590908,-91.4195205
6,15220018,Roberts Creek @ 206th St/B65 (RC02/ROB30),06/13/1995 16:20:00,BSP,NIT-NO3-NO2,Inorganic nitrogen (nitrate and nitrite) (as N),Total,,8.6,mg/l,True,0.1,,,353.2,BSP,Actual,SW,Water,,,Clayton,07060004,River/Stream,,42.9304245,-91.38552335
6,15220040,L22T,06/13/1995 10:10:00,BSP,NIT-NO3-NO2,Inorganic nitrogen (nitrate and nitrite) (as N),Total,,21,mg/l,True,0.2,,,353.2,BSP,Calculated,GW,Water,,Originally reported as Nitrate + Nitrite as NO3.,Clayton,07060004,Facility Other,,43.0217187,-91.4893474
6,15220038,BTLUE,06/13/1995 10:55:00,BSP,NIT-NO3-NO2,Inorganic nitrogen (nitrate and nitrite) (as N),Total,,20.1,mg/l,True,0.2,,,353.2,BSP,Calculated,GW,Water,,Originally reported as Nitrate + Nitrite as NO3.,Clayton,07060004,Facility Other,,43.044315,-91.4769171
6,15220039,BTLUW,06/13/1995 11:10:00,BSP,NIT-NO3-NO2,Inorganic nitrogen (nitrate and nitrite) (as N),Total,,22.1,mg/l,True,0.2,,,353.2,BSP,Calculated,GW,Water,,Originally reported as Nitrate + Nitrite as NO3.,Clayton,07060004,Facility Other,,43.0443165,-91.4769577
6,15220036,Turkey River @ Big Spring (TR01),06/13/1995 09:40:00,BSP,NIT-NO3-NO2,Inorganic nitrogen (nitrate and nitrite) (as N),Total,,8.4,mg/l,True,0.2,,,353.2,BSP,Calculated,SW,Water,,Originally reported as Nitrate + Nitrite as NO3.,Clayton,07060004,River/Stream,,42.9095476,-91.4709184
6,15220038,BTLUE,06/27/1995 10:45:00,BSP,NIT-NO3-NO2,Inorganic nitrogen (nitrate and nitrite) (as N),Total,,17.8,mg/l,True,0.2,,,353.2,BSP,Calculated,GW,Water,,Originally reported as Nitrate + Nitrite as NO3.,Clayton,07060004,Facility Other,,43.044315,-91.4769171
6,15220039,BTLUW,06/27/1995 10:50:00,BSP,NIT-NO3-NO2,Inorganic nitrogen (nitrate and nitrite) (as N),Total,,19.9,mg/l,True,0.2,,,353.2,BSP,Calculated,GW,Water,,Originally reported as Nitrate + Nitrite as NO3.,Clayton,07060004,Facility Other,,43.0443165,-91.4769577
6,15220040,L22T,06/27/1995 10:55:00,BSP,NIT-NO3-NO2,Inorganic nitrogen (nitrate and nitrite) (as N),Total,,19.2,mg/l,True,0.2,,,353.2,BSP,Calculated,GW,Water,,Originally reported as Nitrate + Nitrite as NO3.,Clayton,07060004,Facility Other,,43.0217187,-91.4893474
6,15220036,Turkey River @ Big Spring (TR01),06/27/1995 09:15:00,BSP,NIT-NO3-NO2,Inorganic nitrogen (nitrate and nitrite) (as N),Total,,5.2,mg/l,True,0.2,,,353.2,BSP,Calculated,SW,Water,,Originally reported as Nitrate + Nitrite as NO3.,Clayton,07060004,River/Stream,,42.9095476,-91.4709184
6,15220018,Roberts Creek @ 206th St/B65 (RC02/ROB30),05/30/1995 16:00:00,BSP,NIT-NO3-NO2,Inorganic nitrogen (nitrate and nitrite) (as N),Total,,13,mg/l,True,0.1,,,353.2,BSP,Actual,SW,Water,,,Clayton,07060004,River/Stream,,42.9304245,-91.38552335
6,15220033,Silver Creek @ 155th St (SC01),05/30/1995 10:10:00,BSP,NIT-NO3-NO2,Inorganic nitrogen (nitrate and nitrite) (as N),Total,,18.1,mg/l,True,0.2,,,353.2,BSP,Calculated,SW,Water,,Originally reported as Nitrate + Nitrite as NO3.,Clayton,07060004,River/Stream,,43.0006333,-91.4484974
6,15220038,BTLUE,06/06/1995 11:50:00,BSP,NIT-NO3-NO2,Inorganic nitrogen (nitrate and nitrite) (as N),Total,,20.8,mg/l,True,0.2,,,353.2,BSP,Calculated,GW,Water,,Originally reported as Nitrate + Nitrite as NO3.,Clayton,07060004,Facility Other,,43.044315,-91.4769171
6,15220039,BTLUW,06/06/1995 12:05:00,BSP,NIT-NO3-NO2,Inorganic nitrogen (nitrate and nitrite) (as N),Total,,21.4,mg/l,True,0.2,,,353.2,BSP,Calculated,GW,Water,,Originally reported as Nitrate + Nitrite as NO3.,Clayton,07060004,Facility Other,,43.0443165,-91.4769577
6,15220036,Turkey River @ Big Spring (TR01),06/06/1995 10:00:00,BSP,NIT-NO3-NO2,Inorganic nitrogen (nitrate and nitrite) (as N),Total,,8.4,mg/l,True,0.2,,,353.2,BSP,Calculated,SW,Water,,Originally reported as Nitrate + Nitrite as NO3.,Clayton,07060004,River/Stream,,42.9095476,-91.4709184
6,15220018,Roberts Creek @ 206th St/B65 (RC02/ROB30),05/23/1995 10:15:00,BSP,NIT-NO3-NO2,Inorganic nitrogen (nitrate and nitrite) (as N),Total,,7.3,mg/l,True,0.1,,,353.2,BSP,Actual,SW,Water,,,Clayton,07060004,River/Stream,,42.9304245,-91.38552335
6,15220039,BTLUW,05/30/1995 10:35:00,BSP,NIT-NO3-NO2,Inorganic nitrogen (nitrate and nitrite) (as N),Total,,23.7,mg/l,True,0.2,,,353.2,BSP,Calculated,GW,Water,,Originally reported as Nitrate + Nitrite as NO3.,Clayton,07060004,Facility Other,,43.0443165,-91.4769577
6,15220040,L22T,05/30/1995 10:50:00,BSP,NIT-NO3-NO2,Inorganic nitrogen (nitrate and nitrite) (as N),Total,,22.8,mg/l,True,0.2,,,353.2,BSP,Calculated,GW,Water,,Originally reported as Nitrate + Nitrite as NO3.,Clayton,07060004,Facility Other,,43.0217187,-91.4893474
6,15220036,Turkey River @ Big Spring (TR01),05/30/1995 09:10:00,BSP,NIT-NO3-NO2,Inorganic nitrogen (nitrate and nitrite) (as N),Total,,8.4,mg/l,True,0.2,,,353.2,BSP,Calculated,SW,Water,,Originally reported as Nitrate + Nitrite as NO3.,Clayton,07060004,River/Stream,,42.9095476,-91.4709184
6,15220018,Roberts Creek @ 206th St/B65 (RC02/ROB30),05/16/1995 15:50:00,BSP,NIT-NO3-NO2,Inorganic nitrogen (nitrate and nitrite) (as N),Total,,8.5,mg/l,True,0.1,,,353.2,BSP,Actual,SW,Water,,,Clayton,07060004,River/Stream,,42.9304245,-91.38552335
6,15220040,L22T,05/16/1995 11:50:00,BSP,NIT-NO3-NO2,Inorganic nitrogen (nitrate and nitrite) (as N),Total,,19.9,mg/l,True,0.2,,,353.2,BSP,Calculated,GW,Water,,Originally reported as Nitrate + Nitrite as NO3.,Clayton,07060004,Facility Other,,43.0217187,-91.4893474
6,15220038,BTLUE,05/16/1995 10:45:00,BSP,NIT-NO3-NO2,Inorganic nitrogen (nitrate and nitrite) (as N),Total,,19.2,mg/l,True,0.2,,,353.2,BSP,Calculated,GW,Water,,Originally reported as Nitrate + Nitrite as NO3.,Clayton,07060004,Facility Other,,43.044315,-91.4769171
6,15220039,BTLUW,05/16/1995 10:55:00,BSP,NIT-NO3-NO2,Inorganic nitrogen (nitrate and nitrite) (as N),Total,,21.7,mg/l,True,0.2,,,353.2,BSP,Calculated,GW,Water,,Originally reported as Nitrate + Nitrite as NO3.,Clayton,07060004,Facility Other,,43.0443165,-91.4769577
6,15220036,Turkey River @ Big Spring (TR01),05/16/1995 10:15:00,BSP,NIT-NO3-NO2,Inorganic nitrogen (nitrate and nitrite) (as N),Total,,8.1,mg/l,True,0.2,,,353.2,BSP,Calculated,SW,Water,,Originally reported as Nitrate + Nitrite as NO3.,Clayton,07060004,River/Stream,,42.9095476,-91.4709184
6,15220028,Silver Creek @ Dogwood Ave (L23S),05/16/1995 12:00:00,BSP,NIT-NO3-NO2,Inorganic nitrogen (nitrate and nitrite) (as N),Total,,12,mg/l,True,0.1,,,353.2,BSP,Actual,SW,Water,,,Clayton,07060004,River/Stream,,43.0217763,-91.4894189
6,15220018,Roberts Creek @ 206th St/B65 (RC02/ROB30),05/02/1995 15:00:00,BSP,NIT-NO3-NO2,Inorganic nitrogen (nitrate and nitrite) (as N),Total,,8.7,mg/l,True,0.1,,,353.2,BSP,Actual,SW,Water,,,Clayton,07060004,River/Stream,,42.9304245,-91.38552335
6,15220040,L22T,05/02/1995 10:15:00,BSP,NIT-NO3-NO2,Inorganic nitrogen (nitrate and nitrite) (as N),Total,,19.9,mg/l,True,0.2,,,353.2,BSP,Calculated,GW,Water,,Originally reported as Nitrate + Nitrite as NO3.,Clayton,07060004,Facility Other,,43.0217187,-91.4893474
6,15220028,Silver Creek @ Dogwood Ave (L23S),05/02/1995 10:25:00,BSP,NIT-NO3-NO2,Inorganic nitrogen (nitrate and nitrite) (as N),Total,,13,mg/l,True,0.1,,,353.2,BSP,Actual,SW,Water,,,Clayton,07060004,River/Stream,,43.0217763,-91.4894189
6,15220028,Silver Creek @ Dogwood Ave (L23S),04/24/1995 16:20:00,BSP,NIT-NO3-NO2,Inorganic nitrogen (nitrate and nitrite) (as N),Total,,13,mg/l,True,0.1,,,353.2,BSP,Actual,SW,Water,,,Clayton,07060004,River/Stream,,43.0217763,-91.4894189
6,15220018,Roberts Creek @ 206th St/B65 (RC02/ROB30),04/18/1995 10:15:00,BSP,NIT-NO3-NO2,Inorganic nitrogen (nitrate and nitrite) (as N),Total,,10,mg/l,True,0.1,,,353.2,BSP,Actual,SW,Water,,,Clayton,07060004,River/Stream,,42.9304245,-91.38552335
6,15220040,L22T,04/18/1995 10:50:00,BSP,NIT-NO3-NO2,Inorganic nitrogen (nitrate and nitrite) (as N),Total,,14.7,mg/l,True,0.2,,,353.2,BSP,Calculated,GW,Water,,Originally reported as Nitrate + Nitrite as NO3.,Clayton,07060004,Facility Other,,43.0217187,-91.4893474
6,15220038,BTLUE,04/18/1995 11:50:00,BSP,NIT-NO3-NO2,Inorganic nitrogen (nitrate and nitrite) (as N),Total,,9.9,mg/l,True,0.2,,,353.2,BSP,Calculated,GW,Water,,Originally reported as Nitrate + Nitrite as NO3.,Clayton,07060004,Facility Other,,43.044315,-91.4769171
6,15220039,BTLUW,04/18/1995 12:00:00,BSP,NIT-NO3-NO2,Inorganic nitrogen (nitrate and nitrite) (as N),Total,,11.3,mg/l,True,0.2,,,353.2,BSP,Calculated,GW,Water,,Originally reported as Nitrate + Nitrite as NO3.,Clayton,07060004,Facility Other,,43.0443165,-91.4769577
6,15220036,Turkey River @ Big Spring (TR01),04/18/1995 09:50:00,BSP,NIT-NO3-NO2,Inorganic nitrogen (nitrate and nitrite) (as N),Total,,9.3,mg/l,True,0.2,,,353.2,BSP,Calculated,SW,Water,,Originally reported as Nitrate + Nitrite as NO3.,Clayton,07060004,River/Stream,,42.9095476,-91.4709184
6,15220018,Roberts Creek @ 206th St/B65 (RC02/ROB30),04/24/1995 12:35:00,BSP,NIT-NO3-NO2,Inorganic nitrogen (nitrate and nitrite) (as N),Total,,2.1,mg/l,True,0.1,,,353.2,BSP,Actual,SW,Water,,,Clayton,07060004,River/Stream,,42.9304245,-91.38552335
6,15220031,Unnamed Trib. to Roberts Crk. @ Aspen Ave (RC13),04/24/1995 13:40:00,BSP,NIT-NO3-NO2,Inorganic nitrogen (nitrate and nitrite) (as N),Total,,12.9,mg/l,True,0.2,,,353.2,BSP,Calculated,SW,Water,,Originally reported as Nitrate + Nitrite as NO3.,Clayton,07060004,River/Stream,,43.0574767,-91.5781539
6,15220030,Roberts Creek @ 130th St (RC11),04/24/1995 13:30:00,BSP,NIT-NO3-NO2,Inorganic nitrogen (nitrate and nitrite) (as N),Total,,11.3,mg/l,True,0.2,,,353.2,BSP,Calculated,SW,Water,,Originally reported as Nitrate + Nitrite as NO3.,Clayton,07060004,River/Stream,,43.0365499,-91.537903
6,15220029,Roberts Creek @ 145th St (RC10),04/24/1995 13:25:00,BSP,NIT-NO3-NO2,Inorganic nitrogen (nitrate and nitrite) (as N),Total,,10.4,mg/l,True,0.2,,,353.2,BSP,Calculated,SW,Water,,Originally reported as Nitrate + Nitrite as NO3.,Clayton,07060004,River/Stream,,43.0159151,-91.512025
6,15220024,Roberts Creek @ 172nd St (F45),04/24/1995 13:20:00,BSP,NIT-NO3-NO2,Inorganic nitrogen (nitrate and nitrite) (as N),Total,,10.8,mg/l,True,0.2,,,353.2,BSP,Calculated,SW,Water,,Originally reported as Nitrate + Nitrite as NO3.,Clayton,07060004,River/Stream,,42.9750265,-91.4830196
6,15220034,Unnamed Trib. to Silver Crk. @ Dolphin Ave (SC03),04/24/1995 14:55:00,BSP,NIT-NO3-NO2,Inorganic nitrogen (nitrate and nitrite) (as N),Total,,15.3,mg/l,True,0.2,,,353.2,BSP,Calculated,SW,Water,,Originally reported as Nitrate + Nitrite as NO3.,Clayton,07060004,River/Stream,,43.0342002,-91.4587066
6,15220035,Silver Creek @ 145th St (SC05),04/24/1995 16:45:00,BSP,NIT-NO3-NO2,Inorganic nitrogen (nitrate and nitrite) (as N),Total,,14.2,mg/l,True,0.2,,,353.2,BSP,Calculated,SW,Water,,Originally reported as Nitrate + Nitrite as NO3.,Clayton,07060004,River/Stream,,43.0136712,-91.4626953
6,15220026,Howard Creek @ Co. Rd. X28 (HC01),04/24/1995 12:50:00,BSP,NIT-NO3-NO2,Inorganic nitrogen (nitrate and nitrite) (as N),Total,,15.6,mg/l,True,0.2,,,353.2,BSP,Calculated,SW,Water,,Originally reported as Nitrate + Nitrite as NO3.,Clayton,07060004,River/Stream,,42.9622643,-91.3693639
6,15220018,Roberts Creek @ 206th St/B65 (RC02/ROB30),04/04/1995 15:15:00,BSP,NIT-NO3-NO2,Inorganic nitrogen (nitrate and nitrite) (as N),Total,,5.4,mg/l,True,0.1,,,353.2,BSP,Actual,SW,Water,,,Clayton,07060004,River/Stream,,42.9304245,-91.38552335
6,15220040,L22T,04/04/1995 11:00:00,BSP,NIT-NO3-NO2,Inorganic nitrogen (nitrate and nitrite) (as N),Total,,17.8,mg/l,True,0.2,,,353.2,BSP,Calculated,GW,Water,,Originally reported as Nitrate + Nitrite as NO3.,Clayton,07060004,Facility Other,,43.0217187,-91.4893474
6,15220038,BTLUE,04/04/1995 11:20:00,BSP,NIT-NO3-NO2,Inorganic nitrogen (nitrate and nitrite) (as N),Total,,14.2,mg/l,True,0.2,,,353.2,BSP,Calculated,GW,Water,,Originally reported as Nitrate + Nitrite as NO3.,Clayton,07060004,Facility Other,,43.044315,-91.4769171
6,15220039,BTLUW,04/04/1995 11:30:00,BSP,NIT-NO3-NO2,Inorganic nitrogen (nitrate and nitrite) (as N),Total,,12,mg/l,True,0.2,,,353.2,BSP,Calculated,GW,Water,,Originally reported as Nitrate + Nitrite as NO3.,Clayton,07060004,Facility Other,,43.0443165,-91.4769577
6,15220036,Turkey River @ Big Spring (TR01),04/04/1995 10:10:00,BSP,NIT-NO3-NO2,Inorganic nitrogen (nitrate and nitrite) (as N),Total,,7,mg/l,True,0.2,,,353.2,BSP,Calculated,SW,Water,,Originally reported as Nitrate + Nitrite as NO3.,Clayton,07060004,River/Stream,,42.9095476,-91.4709184
6,15220028,Silver Creek @ Dogwood Ave (L23S),04/04/1995 10:55:00,BSP,NIT-NO3-NO2,Inorganic nitrogen (nitrate and nitrite) (as N),Total,,9.2,mg/l,True,0.1,,,353.2,BSP,Actual,SW,Water,,,Clayton,07060004,River/Stream,,43.0217763,-91.4894189
6,15220028,Silver Creek @ Dogwood Ave (L23S),03/07/1995 11:30:00,BSP,NIT-NO3-NO2,Inorganic nitrogen (nitrate and nitrite) (as N),Total,,7.5,mg/l,True,0.1,,,353.2,BSP,Actual,SW,Water,,,Clayton,07060004,River/Stream,,43.0217763,-91.4894189
6,15220028,Silver Creek @ Dogwood Ave (L23S),03/21/1995 12:15:00,BSP,NIT-NO3-NO2,Inorganic nitrogen (nitrate and nitrite) (as N),Total,,8.2,mg/l,True,0.1,,,353.2,BSP,Actual,SW,Water,,,Clayton,07060004,River/Stream,,43.0217763,-91.4894189
6,15220038,BTLUE,03/21/1995 11:30:00,BSP,NIT-NO3-NO2,Inorganic nitrogen (nitrate and nitrite) (as N),Total,,17.8,mg/l,True,0.2,,,353.2,BSP,Calculated,GW,Water,,Originally reported as Nitrate + Nitrite as NO3.,Clayton,07060004,Facility Other,,43.044315,-91.4769171
6,15220039,BTLUW,03/21/1995 11:45:00,BSP,NIT-NO3-NO2,Inorganic nitrogen (nitrate and nitrite) (as N),Total,,16.3,mg/l,True,0.2,,,353.2,BSP,Calculated,GW,Water,,Originally reported as Nitrate + Nitrite as NO3.,Clayton,07060004,Facility Other,,43.0443165,-91.4769577
6,15220036,Turkey River @ Big Spring (TR01),03/21/1995 10:00:00,BSP,NIT-NO3-NO2,Inorganic nitrogen (nitrate and nitrite) (as N),Total,,5.2,mg/l,True,0.2,,,353.2,BSP,Calculated,SW,Water,,Originally reported as Nitrate + Nitrite as NO3.,Clayton,07060004,River/Stream,,42.9095476,-91.4709184
6,15220038,BTLUE,03/27/1995 13:00:00,BSP,NIT-NO3-NO2,Inorganic nitrogen (nitrate and nitrite) (as N),Total,,14.7,mg/l,True,0.2,,,353.2,BSP,Calculated,GW,Water,,Originally reported as Nitrate + Nitrite as NO3.,Clayton,07060004,Facility Other,,43.044315,-91.4769171
6,15220039,BTLUW,03/27/1995 12:15:00,BSP,NIT-NO3-NO2,Inorganic nitrogen (nitrate and nitrite) (as N),Total,,12.4,mg/l,True,0.2,,,353.2,BSP,Calculated,GW,Water,,Originally reported as Nitrate + Nitrite as NO3.,Clayton,07060004,Facility Other,,43.0443165,-91.4769577
6,15220024,Roberts Creek @ 172nd St (F45),03/27/1995 10:20:00,BSP,NIT-NO3-NO2,Inorganic nitrogen (nitrate and nitrite) (as N),Total,,6.8,mg/l,True,0.2,,,353.2,BSP,Calculated,SW,Water,,Originally reported as Nitrate + Nitrite as NO3.,Clayton,07060004,River/Stream,,42.9750265,-91.4830196
6,15220034,Unnamed Trib. to Silver Crk. @ Dolphin Ave (SC03),03/27/1995 11:45:00,BSP,NIT-NO3-NO2,Inorganic nitrogen (nitrate and nitrite) (as N),Total,,5.2,mg/l,True,0.2,,,353.2,BSP,Calculated,SW,Water,,Originally reported as Nitrate + Nitrite as NO3.,Clayton,07060004,River/Stream,,43.0342002,-91.4587066
6,15220035,Silver Creek @ 145th St (SC05),03/27/1995 11:40:00,BSP,NIT-NO3-NO2,Inorganic nitrogen (nitrate and nitrite) (as N),Total,,8.4,mg/l,True,0.2,,,353.2,BSP,Calculated,SW,Water,,Originally reported as Nitrate + Nitrite as NO3.,Clayton,07060004,River/Stream,,43.0136712,-91.4626953
6,15220026,Howard Creek @ Co. Rd. X28 (HC01),03/27/1995 11:05:00,BSP,NIT-NO3-NO2,Inorganic nitrogen (nitrate and nitrite) (as N),Total,,9.9,mg/l,True,0.2,,,353.2,BSP,Calculated,SW,Water,,Originally reported as Nitrate + Nitrite as NO3.,Clayton,07060004,River/Stream,,42.9622643,-91.3693639
6,15220018,Roberts Creek @ 206th St/B65 (RC02/ROB30),03/07/1995 14:40:00,BSP,NIT-NO3-NO2,Inorganic nitrogen (nitrate and nitrite) (as N),Total,,5.3,mg/l,True,0.1,,,353.2,BSP,Actual,SW,Water,,,Clayton,07060004,River/Stream,,42.9304245,-91.38552335
6,15220040,L22T,03/07/1995 11:15:00,BSP,NIT-NO3-NO2,Inorganic nitrogen (nitrate and nitrite) (as N),Total,,18.5,mg/l,True,0.2,,,353.2,BSP,Calculated,GW,Water,,Originally reported as Nitrate + Nitrite as NO3.,Clayton,07060004,Facility Other,,43.0217187,-91.4893474
6,15220038,BTLUE,03/07/1995 12:00:00,BSP,NIT-NO3-NO2,Inorganic nitrogen (nitrate and nitrite) (as N),Total,,13.8,mg/l,True,0.2,,,353.2,BSP,Calculated,GW,Water,,Originally reported as Nitrate + Nitrite as NO3.,Clayton,07060004,Facility Other,,43.044315,-91.4769171
6,15220036,Turkey River @ Big Spring (TR01),03/07/1995 10:30:00,BSP,NIT-NO3-NO2,Inorganic nitrogen (nitrate and nitrite) (as N),Total,,7.2,mg/l,True,0.2,,,353.2,BSP,Calculated,SW,Water,,Originally reported as Nitrate + Nitrite as NO3.,Clayton,07060004,River/Stream,,42.9095476,-91.4709184
6,15220028,Silver Creek @ Dogwood Ave (L23S),02/07/1995 11:30:00,BSP,NIT-NO3-NO2,Inorganic nitrogen (nitrate and nitrite) (as N),Total,,11,mg/l,True,0.1,,,353.2,BSP,Actual,SW,Water,,,Clayton,07060004,River/Stream,,43.0217763,-91.4894189
6,15220028,Silver Creek @ Dogwood Ave (L23S),01/30/1995 15:30:00,BSP,NIT-NO3-NO2,Inorganic nitrogen (nitrate and nitrite) (as N),Total,,10,mg/l,True,0.1,,,353.2,BSP,Actual,SW,Water,,,Clayton,07060004,River/Stream,,43.0217763,-91.4894189
6,15220018,Roberts Creek @ 206th St/B65 (RC02/ROB30),02/07/1995 15:40:00,BSP,NIT-NO3-NO2,Inorganic nitrogen (nitrate and nitrite) (as N),Total,,6.6,mg/l,True,0.1,,,353.2,BSP,Actual,SW,Water,,,Clayton,07060004,River/Stream,,42.9304245,-91.38552335
6,15220038,BTLUE,02/07/1995 13:05:00,BSP,NIT-NO3-NO2,Inorganic nitrogen (nitrate and nitrite) (as N),Total,,14,mg/l,True,0.2,,,353.2,BSP,Calculated,GW,Water,,Originally reported as Nitrate + Nitrite as NO3.,Clayton,07060004,Facility Other,,43.044315,-91.4769171
6,15220040,L22T,02/07/1995 11:20:00,BSP,NIT-NO3-NO2,Inorganic nitrogen (nitrate and nitrite) (as N),Total,,18.5,mg/l,True,0.2,,,353.2,BSP,Calculated,GW,Water,,Originally reported as Nitrate + Nitrite as NO3.,Clayton,07060004,Facility Other,,43.0217187,-91.4893474
6,15220036,Turkey River @ Big Spring (TR01),02/07/1995 10:45:00,BSP,NIT-NO3-NO2,Inorganic nitrogen (nitrate and nitrite) (as N),Total,,7.4,mg/l,True,0.2,,,353.2,BSP,Calculated,SW,Water,,Originally reported as Nitrate + Nitrite as NO3.,Clayton,07060004,River/Stream,,42.9095476,-91.4709184
6,15220040,L22T,02/21/1995 10:30:00,BSP,NIT-NO3-NO2,Inorganic nitrogen (nitrate and nitrite) (as N),Total,,15.6,mg/l,True,0.2,,,353.2,BSP,Calculated,GW,Water,,Originally reported as Nitrate + Nitrite as NO3.,Clayton,07060004,Facility Other,,43.0217187,-91.4893474
6,15220038,BTLUE,02/21/1995 11:45:00,BSP,NIT-NO3-NO2,Inorganic nitrogen (nitrate and nitrite) (as N),Total,,13.8,mg/l,True,0.2,,,353.2,BSP,Calculated,GW,Water,,Originally reported as Nitrate + Nitrite as NO3.,Clayton,07060004,Facility Other,,43.044315,-91.4769171
6,15220036,Turkey River @ Big Spring (TR01),02/21/1995 09:50:00,BSP,NIT-NO3-NO2,Inorganic nitrogen (nitrate and nitrite) (as N),Total,,5,mg/l,True,0.2,,,353.2,BSP,Calculated,SW,Water,,Originally reported as Nitrate + Nitrite as NO3.,Clayton,07060004,River/Stream,,42.9095476,-91.4709184
6,15220038,BTLUE,02/27/1995 14:10:00,BSP,NIT-NO3-NO2,Inorganic nitrogen (nitrate and nitrite) (as N),Total,,13.8,mg/l,True,0.2,,,353.2,BSP,Calculated,GW,Water,,Originally reported as Nitrate + Nitrite as NO3.,Clayton,07060004,Facility Other,,43.044315,-91.4769171
6,15220040,L22T,02/27/1995 13:20:00,BSP,NIT-NO3-NO2,Inorganic nitrogen (nitrate and nitrite) (as N),Total,,16.7,mg/l,True,0.2,,,353.2,BSP,Calculated,GW,Water,,Originally reported as Nitrate + Nitrite as NO3.,Clayton,07060004,Facility Other,,43.0217187,-91.4893474
6,15220036,Turkey River @ Big Spring (TR01),02/27/1995 10:25:00,BSP,NIT-NO3-NO2,Inorganic nitrogen (nitrate and nitrite) (as N),Total,,4.3,mg/l,True,0.2,,,353.2,BSP,Calculated,SW,Water,,Originally reported as Nitrate + Nitrite as NO3.,Clayton,07060004,River/Stream,,42.9095476,-91.4709184
6,15220034,Unnamed Trib. to Silver Crk. @ Dolphin Ave (SC03),02/27/1995 14:35:00,BSP,NIT-NO3-NO2,Inorganic nitrogen (nitrate and nitrite) (as N),Total,,4.1,mg/l,True,0.2,,,353.2,BSP,Calculated,SW,Water,,Originally reported as Nitrate + Nitrite as NO3.,Clayton,07060004,River/Stream,,43.0342002,-91.4587066
6,15220035,Silver Creek @ 145th St (SC05),02/27/1995 13:10:00,BSP,NIT-NO3-NO2,Inorganic nitrogen (nitrate and nitrite) (as N),Total,,8.8,mg/l,True,0.2,,,353.2,BSP,Calculated,SW,Water,,Originally reported as Nitrate + Nitrite as NO3.,Clayton,07060004,River/Stream,,43.0136712,-91.4626953
6,15220026,Howard Creek @ Co. Rd. X28 (HC01),02/27/1995 11:35:00,BSP,NIT-NO3-NO2,Inorganic nitrogen (nitrate and nitrite) (as N),Total,,9.5,mg/l,True,0.2,,,353.2,BSP,Calculated,SW,Water,,Originally reported as Nitrate + Nitrite as NO3.,Clayton,07060004,River/Stream,,42.9622643,-91.3693639
6,15220018,Roberts Creek @ 206th St/B65 (RC02/ROB30),01/30/1995 12:45:00,BSP,NIT-NO3-NO2,Inorganic nitrogen (nitrate and nitrite) (as N),Total,,4.4,mg/l,True,0.1,,,353.2,BSP,Actual,SW,Water,,,Clayton,07060004,River/Stream,,42.9304245,-91.38552335
6,15220034,Unnamed Trib. to Silver Crk. @ Dolphin Ave (SC03),01/30/1995 14:35:00,BSP,NIT-NO3-NO2,Inorganic nitrogen (nitrate and nitrite) (as N),Total,,2,mg/l,True,0.2,,,353.2,BSP,Calculated,SW,Water,,Originally reported as Nitrate + Nitrite as NO3.,Clayton,07060004,River/Stream,,43.0342002,-91.4587066
6,15220035,Silver Creek @ 145th St (SC05),01/30/1995 13:40:00,BSP,NIT-NO3-NO2,Inorganic nitrogen (nitrate and nitrite) (as N),Total,,9.9,mg/l,True,0.2,,,353.2,BSP,Calculated,SW,Water,,Originally reported as Nitrate + Nitrite as NO3.,Clayton,07060004,River/Stream,,43.0136712,-91.4626953
6,15220026,Howard Creek @ Co. Rd. X28 (HC01),01/30/1995 12:55:00,BSP,NIT-NO3-NO2,Inorganic nitrogen (nitrate and nitrite) (as N),Total,,9.5,mg/l,True,0.2,,,353.2,BSP,Calculated,SW,Water,,Originally reported as Nitrate + Nitrite as NO3.,Clayton,07060004,River/Stream,,42.9622643,-91.3693639
6,15220018,Roberts Creek @ 206th St/B65 (RC02/ROB30),01/24/1995 14:55:00,BSP,NIT-NO3-NO2,Inorganic nitrogen (nitrate and nitrite) (as N),Total,,6.8,mg/l,True,0.1,,,353.2,BSP,Actual,SW,Water,,,Clayton,07060004,River/Stream,,42.9304245,-91.38552335
6,15220038,BTLUE,01/24/1995 11:30:00,BSP,NIT-NO3-NO2,Inorganic nitrogen (nitrate and nitrite) (as N),Total,,14.7,mg/l,True,0.2,,,353.2,BSP,Calculated,GW,Water,,Originally reported as Nitrate + Nitrite as NO3.,Clayton,07060004,Facility Other,,43.044315,-91.4769171
6,15220036,Turkey River @ Big Spring (TR01),01/24/1995 09:50:00,BSP,NIT-NO3-NO2,Inorganic nitrogen (nitrate and nitrite) (as N),Total,,7.7,mg/l,True,0.2,,,353.2,BSP,Calculated,SW,Water,,Originally reported as Nitrate + Nitrite as NO3.,Clayton,07060004,River/Stream,,42.9095476,-91.4709184
6,15220018,Roberts Creek @ 206th St/B65 (RC02/ROB30),01/10/1995 14:40:00,BSP,NIT-NO3-NO2,Inorganic nitrogen (nitrate and nitrite) (as N),Total,,7.7,mg/l,True,0.1,,,353.2,BSP,Actual,SW,Water,,,Clayton,07060004,River/Stream,,42.9304245,-91.38552335
6,15220038,BTLUE,01/10/1995 11:20:00,BSP,NIT-NO3-NO2,Inorganic nitrogen (nitrate and nitrite) (as N),Total,,14.9,mg/l,True,0.2,,,353.2,BSP,Calculated,GW,Water,,Originally reported as Nitrate + Nitrite as NO3.,Clayton,07060004,Facility Other,,43.044315,-91.4769171
6,15220028,Silver Creek @ Dogwood Ave (L23S),01/24/1995 10:20:00,BSP,NIT-NO3-NO2,Inorganic nitrogen (nitrate and nitrite) (as N),Total,,11,mg/l,True,0.1,,,353.2,BSP,Actual,SW,Water,,,Clayton,07060004,River/Stream,,43.0217763,-91.4894189
6,15220028,Silver Creek @ Dogwood Ave (L23S),01/10/1995 10:50:00,BSP,NIT-NO3-NO2,Inorganic nitrogen (nitrate and nitrite) (as N),Total,,9,mg/l,True,0.1,,,353.2,BSP,Actual,SW,Water,,,Clayton,07060004,River/Stream,,43.0217763,-91.4894189
6,15220018,Roberts Creek @ 206th St/B65 (RC02/ROB30),12/26/1994 14:15:00,BSP,NIT-NO3-NO2,Inorganic nitrogen (nitrate and nitrite) (as N),Total,,6,mg/l,True,0.1,,,353.2,BSP,Actual,SW,Water,,,Clayton,07060004,River/Stream,,42.9304245,-91.38552335
6,15220028,Silver Creek @ Dogwood Ave (L23S),01/03/1995 12:45:00,BSP,NIT-NO3-NO2,Inorganic nitrogen (nitrate and nitrite) (as N),Total,,12,mg/l,True,0.1,,,353.2,BSP,Actual,SW,Water,,,Clayton,07060004,River/Stream,,43.0217763,-91.4894189
6,15220040,L22T,01/03/1995 12:30:00,BSP,NIT-NO3-NO2,Inorganic nitrogen (nitrate and nitrite) (as N),Total,,18.5,mg/l,True,0.2,,,353.2,BSP,Calculated,GW,Water,,Originally reported as Nitrate + Nitrite as NO3.,Clayton,07060004,Facility Other,,43.0217187,-91.4893474
6,15220038,BTLUE,01/03/1995 11:45:00,BSP,NIT-NO3-NO2,Inorganic nitrogen (nitrate and nitrite) (as N),Total,,14.7,mg/l,True,0.2,,,353.2,BSP,Calculated,GW,Water,,Originally reported as Nitrate + Nitrite as NO3.,Clayton,07060004,Facility Other,,43.044315,-91.4769171
6,15220036,Turkey River @ Big Spring (TR01),01/03/1995 10:20:00,BSP,NIT-NO3-NO2,Inorganic nitrogen (nitrate and nitrite) (as N),Total,,8.4,mg/l,True,0.2,,,353.2,BSP,Calculated,SW,Water,,Originally reported as Nitrate + Nitrite as NO3.,Clayton,07060004,River/Stream,,42.9095476,-91.4709184
6,15220040,L22T,01/10/1995 10:55:00,BSP,NIT-NO3-NO2,Inorganic nitrogen (nitrate and nitrite) (as N),Total,,19.2,mg/l,True,0.2,,,353.2,BSP,Calculated,GW,Water,,Originally reported as Nitrate + Nitrite as NO3.,Clayton,07060004,Facility Other,,43.0217187,-91.4893474
6,15220028,Silver Creek @ Dogwood Ave (L23S),12/26/1994 13:25:00,BSP,NIT-NO3-NO2,Inorganic nitrogen (nitrate and nitrite) (as N),Total,,9.9,mg/l,True,0.1,,,353.2,BSP,Actual,SW,Water,,,Clayton,07060004,River/Stream,,43.0217763,-91.4894189
6,15220025,Roberts Creek @ Essex Ave (F47),12/26/1994 14:00:00,BSP,NIT-NO3-NO2,Inorganic nitrogen (nitrate and nitrite) (as N),Total,,6.3,mg/l,True,0.2,,,353.2,BSP,Calculated,SW,Water,,Originally reported as Nitrate + Nitrite as NO3.,Clayton,07060004,River/Stream,,42.9590908,-91.4195205
6,15220028,Silver Creek @ Dogwood Ave (L23S),12/13/1994 10:50:00,BSP,NIT-NO3-NO2,Inorganic nitrogen (nitrate and nitrite) (as N),Total,,9.8,mg/l,True,0.1,,,353.2,BSP,Actual,SW,Water,,,Clayton,07060004,River/Stream,,43.0217763,-91.4894189
6,15220018,Roberts Creek @ 206th St/B65 (RC02/ROB30),12/13/1994 15:25:00,BSP,NIT-NO3-NO2,Inorganic nitrogen (nitrate and nitrite) (as N),Total,,6.9,mg/l,True,0.1,,,353.2,BSP,Actual,SW,Water,,,Clayton,07060004,River/Stream,,42.9304245,-91.38552335
6,15220040,L22T,12/13/1994 10:45:00,BSP,NIT-NO3-NO2,Inorganic nitrogen (nitrate and nitrite) (as N),Total,,18.7,mg/l,True,0.2,,,353.2,BSP,Calculated,GW,Water,,Originally reported as Nitrate + Nitrite as NO3.,Clayton,07060004,Facility Other,,43.0217187,-91.4893474
6,15220023,BTLU Flume,12/26/1994 13:10:00,BSP,NIT-NO3-NO2,Inorganic nitrogen (nitrate and nitrite) (as N),Total,,14.9,mg/l,True,0.2,,,353.2,BSP,Calculated,SW,Water,,Originally reported as Nitrate + Nitrite as NO3.,Clayton,07060004,River/Stream,,43.0443256,-91.4770557
6,15220040,L22T,12/26/1994 13:30:00,BSP,NIT-NO3-NO2,Inorganic nitrogen (nitrate and nitrite) (as N),Total,,19,mg/l,True,0.2,,,353.2,BSP,Calculated,GW,Water,,Originally reported as Nitrate + Nitrite as NO3.,Clayton,07060004,Facility Other,,43.0217187,-91.4893474
6,15220036,Turkey River @ Big Spring (TR01),12/26/1994 10:20:00,BSP,NIT-NO3-NO2,Inorganic nitrogen (nitrate and nitrite) (as N),Total,,5.9,mg/l,True,0.2,,,353.2,BSP,Calculated,SW,Water,,Originally reported as Nitrate + Nitrite as NO3.,Clayton,07060004,River/Stream,,42.9095476,-91.4709184
6,15220018,Roberts Creek @ 206th St/B65 (RC02/ROB30),12/06/1994 12:20:00,BSP,NIT-NO3-NO2,Inorganic nitrogen (nitrate and nitrite) (as N),Total,,5.8,mg/l,True,0.1,,,353.2,BSP,Actual,SW,Water,,,Clayton,07060004,River/Stream,,42.9304245,-91.38552335
6,15220038,BTLUE,12/06/1994 11:40:00,BSP,NIT-NO3-NO2,Inorganic nitrogen (nitrate and nitrite) (as N),Total,,15.6,mg/l,True,0.2,,,353.2,BSP,Calculated,GW,Water,,Originally reported as Nitrate + Nitrite as NO3.,Clayton,07060004,Facility Other,,43.044315,-91.4769171
6,15220036,Turkey River @ Big Spring (TR01),12/06/1994 10:35:00,BSP,NIT-NO3-NO2,Inorganic nitrogen (nitrate and nitrite) (as N),Total,,6.1,mg/l,True,0.2,,,353.2,BSP,Calculated,SW,Water,,Originally reported as Nitrate + Nitrite as NO3.,Clayton,07060004,River/Stream,,42.9095476,-91.4709184
6,15220028,Silver Creek @ Dogwood Ave (L23S),12/06/1994 11:00:00,BSP,NIT-NO3-NO2,Inorganic nitrogen (nitrate and nitrite) (as N),Total,,8.2,mg/l,True,0.1,,,353.2,BSP,Actual,SW,Water,,,Clayton,07060004,River/Stream,,43.0217763,-91.4894189
6,15220028,Silver Creek @ Dogwood Ave (L23S),11/28/1994 14:30:00,BSP,NIT-NO3-NO2,Inorganic nitrogen (nitrate and nitrite) (as N),Total,,7.7,mg/l,True,0.1,,,353.2,BSP,Actual,SW,Water,,,Clayton,07060004,River/Stream,,43.0217763,-91.4894189
6,15220018,Roberts Creek @ 206th St/B65 (RC02/ROB30),11/28/1994 12:05:00,BSP,NIT-NO3-NO2,Inorganic nitrogen (nitrate and nitrite) (as N),Total,,6.1,mg/l,True,0.1,,,353.2,BSP,Actual,SW,Water,,,Clayton,07060004,River/Stream,,42.9304245,-91.38552335
6,15220038,BTLUE,11/28/1994 14:55:00,BSP,NIT-NO3-NO2,Inorganic nitrogen (nitrate and nitrite) (as N),Total,,16.3,mg/l,True,0.2,,,353.2,BSP,Calculated,GW,Water,,Originally reported as Nitrate + Nitrite as NO3.,Clayton,07060004,Facility Other,,43.044315,-91.4769171
6,15220040,L22T,11/28/1994 14:20:00,BSP,NIT-NO3-NO2,Inorganic nitrogen (nitrate and nitrite) (as N),Total,,15.8,mg/l,True,0.2,,,353.2,BSP,Calculated,GW,Water,,Originally reported as Nitrate + Nitrite as NO3.,Clayton,07060004,Facility Other,,43.0217187,-91.4893474
6,15220028,Silver Creek @ Dogwood Ave (L23S),11/15/1994 11:10:00,BSP,NIT-NO3-NO2,Inorganic nitrogen (nitrate and nitrite) (as N),Total,,9.3,mg/l,True,0.1,,,353.2,BSP,Actual,SW,Water,,,Clayton,07060004,River/Stream,,43.0217763,-91.4894189
6,15220018,Roberts Creek @ 206th St/B65 (RC02/ROB30),11/08/1994 10:45:00,BSP,NIT-NO3-NO2,Inorganic nitrogen (nitrate and nitrite) (as N),Total,,4.4,mg/l,True,0.1,,,353.2,BSP,Actual,SW,Water,,,Clayton,07060004,River/Stream,,42.9304245,-91.38552335
6,15220040,L22T,11/08/1994 13:15:00,BSP,NIT-NO3-NO2,Inorganic nitrogen (nitrate and nitrite) (as N),Total,,19.4,mg/l,True,0.2,,,353.2,BSP,Calculated,GW,Water,,Originally reported as Nitrate + Nitrite as NO3.,Clayton,07060004,Facility Other,,43.0217187,-91.4893474
6,15220028,Silver Creek @ Dogwood Ave (L23S),11/08/1994 13:05:00,BSP,NIT-NO3-NO2,Inorganic nitrogen (nitrate and nitrite) (as N),Total,,9.7,mg/l,True,0.1,,,353.2,BSP,Actual,SW,Water,,,Clayton,07060004,River/Stream,,43.0217763,-91.4894189
6,15220038,BTLUE,11/08/1994 11:35:00,BSP,NIT-NO3-NO2,Inorganic nitrogen (nitrate and nitrite) (as N),Total,,15.1,mg/l,True,0.2,,,353.2,BSP,Calculated,GW,Water,,Originally reported as Nitrate + Nitrite as NO3.,Clayton,07060004,Facility Other,,43.044315,-91.4769171
6,15220036,Turkey River @ Big Spring (TR01),11/08/1994 10:10:00,BSP,NIT-NO3-NO2,Inorganic nitrogen (nitrate and nitrite) (as N),Total,,6.5,mg/l,True,0.2,,,353.2,BSP,Calculated,SW,Water,,Originally reported as Nitrate + Nitrite as NO3.,Clayton,07060004,River/Stream,,42.9095476,-91.4709184
6,15220040,L22T,11/15/1994 11:00:00,BSP,NIT-NO3-NO2,Inorganic nitrogen (nitrate and nitrite) (as N),Total,,18.7,mg/l,True,0.2,,,353.2,BSP,Calculated,GW,Water,,Originally reported as Nitrate + Nitrite as NO3.,Clayton,07060004,Facility Other,,43.0217187,-91.4893474
6,15220018,Roberts Creek @ 206th St/B65 (RC02/ROB30),10/25/1994 10:00:00,BSP,NIT-NO3-NO2,Inorganic nitrogen (nitrate and nitrite) (as N),Total,,4.3,mg/l,True,0.1,,,353.2,BSP,Actual,SW,Water,,,Clayton,07060004,River/Stream,,42.9304245,-91.38552335
6,15220024,Roberts Creek @ 172nd St (F45),10/25/1994 16:35:00,BSP,NIT-NO3-NO2,Inorganic nitrogen (nitrate and nitrite) (as N),Total,,5.9,mg/l,True,0.2,,,353.2,BSP,Calculated,SW,Water,,Originally reported as Nitrate + Nitrite as NO3.,Clayton,07060004,River/Stream,,42.9750265,-91.4830196
6,15220027,Unnamed Trib. to Turkey R. @ Big Spring Rd. (HS03),10/25/1994 09:05:00,BSP,NIT-NO3-NO2,Inorganic nitrogen (nitrate and nitrite) (as N),Total,,5.2,mg/l,True,0.2,,,353.2,BSP,Calculated,SW,Water,,Originally reported as Nitrate + Nitrite as NO3.,Clayton,07060004,River/Stream,,42.9268507,-91.4687552
6,15220031,Unnamed Trib. to Roberts Crk. @ Aspen Ave (RC13),10/25/1994 14:50:00,BSP,NIT-NO3-NO2,Inorganic nitrogen (nitrate and nitrite) (as N),Total,,5.9,mg/l,True,0.2,,,353.2,BSP,Calculated,SW,Water,,Originally reported as Nitrate + Nitrite as NO3.,Clayton,07060004,River/Stream,,43.0574767,-91.5781539
6,15220028,Silver Creek @ Dogwood Ave (L23S),10/25/1994 15:30:00,BSP,NIT-NO3-NO2,Inorganic nitrogen (nitrate and nitrite) (as N),Total,,9.6,mg/l,True,0.1,,,353.2,BSP,Actual,SW,Water,,,Clayton,07060004,River/Stream,,43.0217763,-91.4894189
6,15220025,Roberts Creek @ Essex Ave (F47),10/25/1994 16:45:00,BSP,NIT-NO3-NO2,Inorganic nitrogen (nitrate and nitrite) (as N),Total,,4.7,mg/l,True,0.2,,,353.2,BSP,Calculated,SW,Water,,Originally reported as Nitrate + Nitrite as NO3.,Clayton,07060004,River/Stream,,42.9590908,-91.4195205
6,15220028,Silver Creek @ Dogwood Ave (L23S),10/11/1994 12:20:00,BSP,NIT-NO3-NO2,Inorganic nitrogen (nitrate and nitrite) (as N),Total,,9.6,mg/l,True,0.1,,,353.2,BSP,Actual,SW,Water,,,Clayton,07060004,River/Stream,,43.0217763,-91.4894189
6,15220018,Roberts Creek @ 206th St/B65 (RC02/ROB30),10/11/1994 16:20:00,BSP,NIT-NO3-NO2,Inorganic nitrogen (nitrate and nitrite) (as N),Total,,4.4,mg/l,True,0.1,,,353.2,BSP,Actual,SW,Water,,,Clayton,07060004,River/Stream,,42.9304245,-91.38552335
6,15220038,BTLUE,10/11/1994 11:50:00,BSP,NIT-NO3-NO2,Inorganic nitrogen (nitrate and nitrite) (as N),Total,,14.9,mg/l,True,0.2,,,353.2,BSP,Calculated,GW,Water,,Originally reported as Nitrate + Nitrite as NO3.,Clayton,07060004,Facility Other,,43.044315,-91.4769171
6,15220036,Turkey River @ Big Spring (TR01),10/11/1994 10:05:00,BSP,NIT-NO3-NO2,Inorganic nitrogen (nitrate and nitrite) (as N),Total,,6.1,mg/l,True,0.2,,,353.2,BSP,Calculated,SW,Water,,Originally reported as Nitrate + Nitrite as NO3.,Clayton,07060004,River/Stream,,42.9095476,-91.4709184
6,15220040,L22T,10/25/1994 15:35:00,BSP,NIT-NO3-NO2,Inorganic nitrogen (nitrate and nitrite) (as N),Total,,19.4,mg/l,True,0.2,,,353.2,BSP,Calculated,GW,Water,,Originally reported as Nitrate + Nitrite as NO3.,Clayton,07060004,Facility Other,,43.0217187,-91.4893474
6,15220036,Turkey River @ Big Spring (TR01),10/25/1994 09:20:00,BSP,NIT-NO3-NO2,Inorganic nitrogen (nitrate and nitrite) (as N),Total,,6.8,mg/l,True,0.2,,,353.2,BSP,Calculated,SW,Water,,Originally reported as Nitrate + Nitrite as NO3.,Clayton,07060004,River/Stream,,42.9095476,-91.4709184
6,15220033,Silver Creek @ 155th St (SC01),09/27/1994 14:55:00,BSP,NIT-NO3-NO2,Inorganic nitrogen (nitrate and nitrite) (as N),Total,,6.3,mg/l,True,0.1,,,353.2,BSP,Actual,SW,Water,,,Clayton,07060004,River/Stream,,43.0006333,-91.4484974
6,15220040,L22T,10/04/1994 11:00:00,BSP,NIT-NO3-NO2,Inorganic nitrogen (nitrate and nitrite) (as N),Total,,17.6,mg/l,True,0.2,,,353.2,BSP,Calculated,GW,Water,,Originally reported as Nitrate + Nitrite as NO3.,Clayton,07060004,Facility Other,,43.0217187,-91.4893474
6,15220036,Turkey River @ Big Spring (TR01),10/04/1994 10:20:00,BSP,NIT-NO3-NO2,Inorganic nitrogen (nitrate and nitrite) (as N),Total,,5,mg/l,True,0.2,,,353.2,BSP,Calculated,SW,Water,,Originally reported as Nitrate + Nitrite as NO3.,Clayton,07060004,River/Stream,,42.9095476,-91.4709184
6,15220040,L22T,10/11/1994 12:15:00,BSP,NIT-NO3-NO2,Inorganic nitrogen (nitrate and nitrite) (as N),Total,,19.4,mg/l,True,0.2,,,353.2,BSP,Calculated,GW,Water,,Originally reported as Nitrate + Nitrite as NO3.,Clayton,07060004,Facility Other,,43.0217187,-91.4893474
6,15220018,Roberts Creek @ 206th St/B65 (RC02/ROB30),09/27/1994 15:45:00,BSP,NIT-NO3-NO2,Inorganic nitrogen (nitrate and nitrite) (as N),Total,,3.2,mg/l,True,0.1,,,353.2,BSP,Actual,SW,Water,,,Clayton,07060004,River/Stream,,42.9304245,-91.38552335
6,15220025,Roberts Creek @ Essex Ave (F47),09/27/1994 11:20:00,BSP,NIT-NO3-NO2,Inorganic nitrogen (nitrate and nitrite) (as N),Total,,4.5,mg/l,True,0.1,,,353.2,BSP,Actual,SW,Water,,,Clayton,07060004,River/Stream,,42.9590908,-91.4195205
6,15220018,Roberts Creek @ 206th St/B65 (RC02/ROB30),09/20/1994 14:50:00,BSP,NIT-NO3-NO2,Inorganic nitrogen (nitrate and nitrite) (as N),Total,,2.4,mg/l,True,0.1,,,353.2,BSP,Actual,SW,Water,,,Clayton,07060004,River/Stream,,42.9304245,-91.38552335
6,15220040,L22T,09/20/1994 15:55:00,BSP,NIT-NO3-NO2,Inorganic nitrogen (nitrate and nitrite) (as N),Total,,21,mg/l,True,0.1,,,353.2,BSP,Actual,GW,Water,,,Clayton,07060004,Facility Other,,43.0217187,-91.4893474
6,15220038,BTLUE,09/20/1994 15:30:00,BSP,NIT-NO3-NO2,Inorganic nitrogen (nitrate and nitrite) (as N),Total,,14,mg/l,True,0.1,,,353.2,BSP,Actual,GW,Water,,,Clayton,07060004,Facility Other,,43.044315,-91.4769171
6,15220025,Roberts Creek @ Essex Ave (F47),08/29/1994 14:40:00,BSP,NIT-NO3-NO2,Inorganic nitrogen (nitrate and nitrite) (as N),Total,,4.4,mg/l,True,0.1,,,353.2,BSP,Actual,SW,Water,,,Clayton,07060004,River/Stream,,42.9590908,-91.4195205
6,15220018,Roberts Creek @ 206th St/B65 (RC02/ROB30),09/13/1994 12:35:00,BSP,NIT-NO3-NO2,Inorganic nitrogen (nitrate and nitrite) (as N),Total,,3.6,mg/l,True,0.1,,,353.2,BSP,Actual,SW,Water,,,Clayton,07060004,River/Stream,,42.9304245,-91.38552335
6,15220028,Silver Creek @ Dogwood Ave (L23S),09/13/1994 09:45:00,BSP,NIT-NO3-NO2,Inorganic nitrogen (nitrate and nitrite) (as N),Total,,3.8,mg/l,True,0.2,,,353.2,BSP,Calculated,SW,Water,,Originally reported as Nitrate + Nitrite as NO3.,Clayton,07060004,River/Stream,,43.0217763,-91.4894189
6,15220036,Turkey River @ Big Spring (TR01),09/13/1994 09:15:00,BSP,NIT-NO3-NO2,Inorganic nitrogen (nitrate and nitrite) (as N),Total,,7.9,mg/l,True,0.2,,,353.2,BSP,Calculated,SW,Water,,Originally reported as Nitrate + Nitrite as NO3.,Clayton,07060004,River/Stream,,42.9095476,-91.4709184
6,15220036,Turkey River @ Big Spring (TR01),08/29/1994 10:45:00,BSP,NIT-NO3-NO2,Inorganic nitrogen (nitrate and nitrite) (as N),Total,,6.4,mg/l,True,0.1,,,353.2,BSP,Actual,SW,Water,,,Clayton,07060004,River/Stream,,42.9095476,-91.4709184
6,15220027,Unnamed Trib. to Turkey R. @ Big Spring Rd. (HS03),08/29/1994 10:25:00,BSP,NIT-NO3-NO2,Inorganic nitrogen (nitrate and nitrite) (as N),Total,,5.6,mg/l,True,0.2,,,353.2,BSP,Calculated,SW,Water,,Originally reported as Nitrate + Nitrite as NO3.,Clayton,07060004,River/Stream,,42.9268507,-91.4687552
6,15220031,Unnamed Trib. to Roberts Crk. @ Aspen Ave (RC13),08/29/1994 14:00:00,BSP,NIT-NO3-NO2,Inorganic nitrogen (nitrate and nitrite) (as N),Total,,4.1,mg/l,True,0.2,,,353.2,BSP,Calculated,SW,Water,,Originally reported as Nitrate + Nitrite as NO3.,Clayton,07060004,River/Stream,,43.0574767,-91.5781539
6,15220030,Roberts Creek @ 130th St (RC11),08/29/1994 13:55:00,BSP,NIT-NO3-NO2,Inorganic nitrogen (nitrate and nitrite) (as N),Total,,6.5,mg/l,True,0.2,,,353.2,BSP,Calculated,SW,Water,,Originally reported as Nitrate + Nitrite as NO3.,Clayton,07060004,River/Stream,,43.0365499,-91.537903
6,15220029,Roberts Creek @ 145th St (RC10),08/29/1994 13:45:00,BSP,NIT-NO3-NO2,Inorganic nitrogen (nitrate and nitrite) (as N),Total,,5,mg/l,True,0.2,,,353.2,BSP,Calculated,SW,Water,,Originally reported as Nitrate + Nitrite as NO3.,Clayton,07060004,River/Stream,,43.0159151,-91.512025
6,15220024,Roberts Creek @ 172nd St (F45),08/29/1994 11:50:00,BSP,NIT-NO3-NO2,Inorganic nitrogen (nitrate and nitrite) (as N),Total,,5.2,mg/l,True,0.2,,,353.2,BSP,Calculated,SW,Water,,Originally reported as Nitrate + Nitrite as NO3.,Clayton,07060004,River/Stream,,42.9750265,-91.4830196
6,15220034,Unnamed Trib. to Silver Crk. @ Dolphin Ave (SC03),08/29/1994 12:20:00,BSP,NIT-NO3-NO2,Inorganic nitrogen (nitrate and nitrite) (as N),Total,,12.2,mg/l,True,0.2,,,353.2,BSP,Calculated,SW,Water,,Originally reported as Nitrate + Nitrite as NO3.,Clayton,07060004,River/Stream,,43.0342002,-91.4587066
6,15220035,Silver Creek @ 145th St (SC05),08/29/1994 12:15:00,BSP,NIT-NO3-NO2,Inorganic nitrogen (nitrate and nitrite) (as N),Total,,8.4,mg/l,True,0.2,,,353.2,BSP,Calculated,SW,Water,,Originally reported as Nitrate + Nitrite as NO3.,Clayton,07060004,River/Stream,,43.0136712,-91.4626953
6,15220026,Howard Creek @ Co. Rd. X28 (HC01),08/29/1994 15:10:00,BSP,NIT-NO3-NO2,Inorganic nitrogen (nitrate and nitrite) (as N),Total,,9.3,mg/l,True,0.2,,,353.2,BSP,Calculated,SW,Water,,Originally reported as Nitrate + Nitrite as NO3.,Clayton,07060004,River/Stream,,42.9622643,-91.3693639
6,15220040,L22T,09/13/1994 09:50:00,BSP,NIT-NO3-NO2,Inorganic nitrogen (nitrate and nitrite) (as N),Total,,21,mg/l,True,0.1,,,353.2,BSP,Actual,GW,Water,,,Clayton,07060004,Facility Other,,43.0217187,-91.4893474
6,15220028,Silver Creek @ Dogwood Ave (L23S),08/23/1994 10:15:00,BSP,NIT-NO3-NO2,Inorganic nitrogen (nitrate and nitrite) (as N),Total,,9.1,mg/l,True,0.1,,,353.2,BSP,Actual,SW,Water,,,Clayton,07060004,River/Stream,,43.0217763,-91.4894189
6,15220036,Turkey River @ Big Spring (TR01),08/23/1994 09:50:00,BSP,NIT-NO3-NO2,Inorganic nitrogen (nitrate and nitrite) (as N),Total,,4.7,mg/l,True,0.2,,,353.2,BSP,Calculated,SW,Water,,Originally reported as Nitrate + Nitrite as NO3.,Clayton,07060004,River/Stream,,42.9095476,-91.4709184
6,15220018,Roberts Creek @ 206th St/B65 (RC02/ROB30),08/23/1994 14:45:00,BSP,NIT-NO3-NO2,Inorganic nitrogen (nitrate and nitrite) (as N),Total,,3.7,mg/l,True,0.1,,,353.2,BSP,Actual,SW,Water,,,Clayton,07060004,River/Stream,,42.9304245,-91.38552335
6,15220040,L22T,08/23/1994 10:40:00,BSP,NIT-NO3-NO2,Inorganic nitrogen (nitrate and nitrite) (as N),Total,,20,mg/l,True,0.1,,,353.2,BSP,Actual,GW,Water,,,Clayton,07060004,Facility Other,,43.0217187,-91.4893474
6,15220015,Little Turkey River @ Highway 52 (LIT10),11/02/2011 12:30:00,TURKEYR,NIT-NO3-NO2,Inorganic nitrogen (nitrate and nitrite) (as N),Total,,3.5,mg/l,True,0.1,,,353.2,IGS-GRAB,Actual,SW,Water,,,Clayton,07060004,River/Stream,,42.6987021,-91.07371173
6,15220019,Roberts Creek @ Dalmation Ave (ROB50),11/02/2011 12:35:00,TURKEYR,NIT-NO3-NO2,Inorganic nitrogen (nitrate and nitrite) (as N),Total,,4.8,mg/l,True,0.1,,,353.2,IGS-GRAB,Actual,SW,Water,,,Clayton,07060004,River/Stream,,42.95959549,-91.4562996
6,15220021,Turkey River @ Elkader (TR30),10/05/2011 09:50:00,TURKEYR,NIT-NO3-NO2,Inorganic nitrogen (nitrate and nitrite) (as N),Total,,4.7,mg/l,True,0.1,,,353.2,IGS-GRAB,Actual,SW,Water,,,Clayton,07060004,River/Stream,,42.859771,-91.406681
6,15220010,Cox Creek @ Highway 13 (COX20),11/02/2011 07:55:00,TURKEYR,NIT-NO3-NO2,Inorganic nitrogen (nitrate and nitrite) (as N),Total,,4,mg/l,True,0.1,,,353.2,IGS-GRAB,Actual,SW,Water,,,Clayton,07060004,River/Stream,,42.76688423,-91.46209679
6,16220003,Turkey River - Garber - REMAP # 70,10/02/2003 08:45:00,REMAP,NIT-NO3-NO2,Inorganic nitrogen (nitrate and nitrite) (as N),Total,,3.4,mg/l,True,0.1,,,353.2,UHL001,Actual,SW,Water,,,Clayton,07060004,River/Stream,,42.738283,-91.265993
6,16220004,Hewitt Creek - Volga # 133,09/09/2004 08:30:00,REMAP,NIT-NO3-NO2,Inorganic nitrogen (nitrate and nitrite) (as N),Total,,6.7,mg/l,True,0.05,,,353.2,UHL001,Actual,SW,Water,,,Clayton,07060004,River/Stream,,42.756825,-91.563285
6,16220002,Peck Creek - REMAP #229,09/10/2002 09:55:00,REMAP,NIT-NO3-NO2,Inorganic nitrogen (nitrate and nitrite) (as N),Total,,0.6,mg/l,True,0.1,,,353.2,UHL001,Actual,SW,Water,,,Clayton,07060004,River/Stream,,42.723821,-91.144286
6,16220002,Peck Creek - REMAP #229,08/26/2002 12:30:00,REMAP,NIT-NO3-NO2,Inorganic nitrogen (nitrate and nitrite) (as N),Total,,1.4,mg/l,True,0.1,,,353.2,UHL001,Actual,SW,Water,,,Clayton,07060004,River/Stream,,42.723821,-91.144286
6,16220002,Peck Creek - REMAP #229,08/07/2002 13:30:00,REMAP,NIT-NO3-NO2,Inorganic nitrogen (nitrate and nitrite) (as N),Total,,0.8,mg/l,True,0.1,,,353.2,UHL001,Actual,SW,Water,,,Clayton,07060004,River/Stream,,42.723821,-91.144286
6,16220005,Bear Creek - Edgewood # 155,07/26/2005 13:15:00,REMAP,NIT-NO3-NO2,Inorganic nitrogen (nitrate and nitrite) (as N),Total,,2.5,mg/l,True,0.05,,,353.2,UHL001,Actual,SW,Water,,,Clayton,07060004,River/Stream,,42.672969,-91.393914
6,16220006,North Cedar Creek - Clayton # 159,08/12/2008 13:15:00,TMDL,NIT-NO3-NO2,Inorganic nitrogen (nitrate and nitrite) (as N),Total,,3.6,mg/l,True,0.05,,,353.2,UHL001,Actual,SW,Water,,,Clayton,07060003,River/Stream,,42.947107,-91.232895
6,15220018,Roberts Creek @ 206th St/B65 (RC02/ROB30),05/04/2011 15:10:00,TURKEYR,NIT-NO3-NO2,Inorganic nitrogen (nitrate and nitrite) (as N),Total,,10,mg/l,True,0.1,,,353.2,IGS-GRAB,Actual,SW,Water,,,Clayton,07060004,River/Stream,,42.9304245,-91.38552335
6,15220014,Howard Creek @ Mouth (HOW10),05/04/2011 15:25:00,TURKEYR,NIT-NO3-NO2,Inorganic nitrogen (nitrate and nitrite) (as N),Total,,13,mg/l,True,0.1,,,353.2,IGS-GRAB,Actual,SW,Water,,,Clayton,07060004,River/Stream,,42.9300546,-91.38292282
6,15220017,Roberts Creek @ Grape Rd (ROB10),05/04/2011 16:00:00,TURKEYR,NIT-NO3-NO2,Inorganic nitrogen (nitrate and nitrite) (as N),Total,,11,mg/l,True,0.1,,,353.2,IGS-GRAB,Actual,SW,Water,,,Clayton,07060004,River/Stream,,42.83952465,-91.37446914
6,16220005,Bear Creek - Edgewood # 155,07/19/2005 12:30:00,REMAP,NIT-NO3-NO2,Inorganic nitrogen (nitrate and nitrite) (as N),Total,,3.2,mg/l,True,0.05,,,353.2,UHL001,Actual,SW,Water,,,Clayton,07060004,River/Stream,,42.672969,-91.393914
6,16220005,Bear Creek - Edgewood # 155,07/05/2005 13:30:00,REMAP,NIT-NO3-NO2,Inorganic nitrogen (nitrate and nitrite) (as N),Total,,3.2,mg/l,True,0.05,,,353.2,UHL001,Actual,SW,Water,,,Clayton,07060004,River/Stream,,42.672969,-91.393914
6,15220017,Roberts Creek @ Grape Rd (ROB10),07/06/2011 13:50:00,TURKEYR,NIT-NO3-NO2,Inorganic nitrogen (nitrate and nitrite) (as N),Total,,11,mg/l,True,0.1,,,353.2,IGS-GRAB,Actual,SW,Water,,,Clayton,07060004,River/Stream,,42.83952465,-91.37446914
6,15220013,Hewett Creek @ Crystal Road (HEW20),07/06/2011 07:40:00,TURKEYR,NIT-NO3-NO2,Inorganic nitrogen (nitrate and nitrite) (as N),Total,,4.7,mg/l,True,0.1,,,353.2,IGS-GRAB,Actual,SW,Water,,,Clayton,07060004,River/Stream,,42.78586318,-91.51847775
6,15220010,Cox Creek @ Highway 13 (COX20),07/06/2011 07:10:00,TURKEYR,NIT-NO3-NO2,Inorganic nitrogen (nitrate and nitrite) (as N),Total,,4.2,mg/l,True,0.1,,,353.2,IGS-GRAB,Actual,SW,Water,,,Clayton,07060004,River/Stream,,42.76688423,-91.46209679
6,15220015,Little Turkey River @ Highway 52 (LIT10),07/06/2011 11:10:00,TURKEYR,NIT-NO3-NO2,Inorganic nitrogen (nitrate and nitrite) (as N),Total,,3.6,mg/l,True,0.1,,,353.2,IGS-GRAB,Actual,SW,Water,,,Clayton,07060004,River/Stream,,42.6987021,-91.07371173
6,15220009,South Cedar Creek @ Lower Cedar Rd (CED10),07/06/2011 12:45:00,TURKEYR,NIT-NO3-NO2,Inorganic nitrogen (nitrate and nitrite) (as N),Total,,5,mg/l,True,0.1,,,353.2,IGS-GRAB,Actual,SW,Water,,,Clayton,07060004,River/Stream,,42.74424922,-91.21535774
6,15220014,Howard Creek @ Mouth (HOW10),06/01/2011 09:05:00,TURKEYR,NIT-NO3-NO2,Inorganic nitrogen (nitrate and nitrite) (as N),Total,,17,mg/l,True,0.1,,,353.2,IGS-GRAB,Actual,SW,Water,,,Clayton,07060004,River/Stream,,42.9300546,-91.38292282
6,15220017,Roberts Creek @ Grape Rd (ROB10),06/01/2011 09:50:00,TURKEYR,NIT-NO3-NO2,Inorganic nitrogen (nitrate and nitrite) (as N),Total,,12,mg/l,True,0.1,,,353.2,IGS-GRAB,Actual,SW,Water,,,Clayton,07060004,River/Stream,,42.83952465,-91.37446914
6,15220011,Dry Mill Creek @ Grape Rd (DMI10),06/01/2011 10:10:00,TURKEYR,NIT-NO3-NO2,Inorganic nitrogen (nitrate and nitrite) (as N),Total,,14,mg/l,True,0.1,,,353.2,IGS-GRAB,Actual,SW,Water,,,Clayton,07060004,River/Stream,,42.84327492,-91.36969617
6,15220016,Mink Creek @ Aztec Road (MIN10),06/01/2011 08:10:00,TURKEYR,NIT-NO3-NO2,Inorganic nitrogen (nitrate and nitrite) (as N),Total,,6.7,mg/l,True,0.1,,,353.2,IGS-GRAB,Actual,SW,Water,,,Clayton,07060004,River/Stream,,42.8441202,-91.59732742
6,15220013,Hewett Creek @ Crystal Road (HEW20),06/01/2011 08:00:00,TURKEYR,NIT-NO3-NO2,Inorganic nitrogen (nitrate and nitrite) (as N),Total,,5.1,mg/l,True,0.1,,,353.2,IGS-GRAB,Actual,SW,Water,,,Clayton,07060004,River/Stream,,42.78586318,-91.51847775
6,15220010,Cox Creek @ Highway 13 (COX20),06/01/2011 07:30:00,TURKEYR,NIT-NO3-NO2,Inorganic nitrogen (nitrate and nitrite) (as N),Total,,4.1,mg/l,True,0.1,,,353.2,IGS-GRAB,Actual,SW,Water,,,Clayton,07060004,River/Stream,,42.76688423,-91.46209679
6,15220009,South Cedar Creek @ Lower Cedar Rd (CED10),06/01/2011 12:16:00,TURKEYR,NIT-NO3-NO2,Inorganic nitrogen (nitrate and nitrite) (as N),Total,,5.6,mg/l,True,0.1,,,353.2,IGS-GRAB,Actual,SW,Water,,,Clayton,07060004,River/Stream,,42.74424922,-91.21535774
6,15220011,Dry Mill Creek @ Grape Rd (DMI10),05/04/2011 16:20:00,TURKEYR,NIT-NO3-NO2,Inorganic nitrogen (nitrate and nitrite) (as N),Total,,14,mg/l,True,0.1,,,353.2,IGS-GRAB,Actual,SW,Water,,,Clayton,07060004,River/Stream,,42.84327492,-91.36969617
6,15220010,Cox Creek @ Highway 13 (COX20),05/04/2011 07:10:00,TURKEYR,NIT-NO3-NO2,Inorganic nitrogen (nitrate and nitrite) (as N),Total,,4.4,mg/l,True,0.1,,,353.2,IGS-GRAB,Actual,SW,Water,,,Clayton,07060004,River/Stream,,42.76688423,-91.46209679
6,15220019,Roberts Creek @ Dalmation Ave (ROB50),05/04/2011 14:50:00,TURKEYR,NIT-NO3-NO2,Inorganic nitrogen (nitrate and nitrite) (as N),Total,,9.9,mg/l,True,0.1,,,353.2,IGS-GRAB,Actual,SW,Water,,,Clayton,07060004,River/Stream,,42.95959549,-91.4562996
6,15220014,Howard Creek @ Mouth (HOW10),08/03/2011 08:00:00,TURKEYR,NIT-NO3-NO2,Inorganic nitrogen (nitrate and nitrite) (as N),Total,,8.5,mg/l,True,0.1,,,353.2,IGS-GRAB,Actual,SW,Water,,,Clayton,07060004,River/Stream,,42.9300546,-91.38292282
6,15220010,Cox Creek @ Highway 13 (COX20),08/03/2011 07:10:00,TURKEYR,NIT-NO3-NO2,Inorganic nitrogen (nitrate and nitrite) (as N),Total,,5.9,mg/l,True,0.1,,,353.2,IGS-GRAB,Actual,SW,Water,,,Clayton,07060004,River/Stream,,42.76688423,-91.46209679
6,15220021,Turkey River @ Elkader (TR30),07/06/2011 13:05:00,TURKEYR,NIT-NO3-NO2,Inorganic nitrogen (nitrate and nitrite) (as N),Total,,7.9,mg/l,True,0.1,,,353.2,IGS-GRAB,Actual,SW,Water,,,Clayton,07060004,River/Stream,,42.859771,-91.406681
6,15220019,Roberts Creek @ Dalmation Ave (ROB50),07/06/2011 12:10:00,TURKEYR,NIT-NO3-NO2,Inorganic nitrogen (nitrate and nitrite) (as N),Total,,9,mg/l,True,0.1,,,353.2,IGS-GRAB,Actual,SW,Water,,,Clayton,07060004,River/Stream,,42.95959549,-91.4562996
6,15220014,Howard Creek @ Mouth (HOW10),07/06/2011 12:45:00,TURKEYR,NIT-NO3-NO2,Inorganic nitrogen (nitrate and nitrite) (as N),Total,,11,mg/l,True,0.1,,,353.2,IGS-GRAB,Actual,SW,Water,,,Clayton,07060004,River/Stream,,42.9300546,-91.38292282
6,15220011,Dry Mill Creek @ Grape Rd (DMI10),09/07/2011 10:00:00,TURKEYR,NIT-NO3-NO2,Inorganic nitrogen (nitrate and nitrite) (as N),Total,,8.9,mg/l,True,0.1,,,353.2,IGS-GRAB,Actual,SW,Water,,,Clayton,07060004,River/Stream,,42.84327492,-91.36969617
6,15220019,Roberts Creek @ Dalmation Ave (ROB50),08/03/2011 07:10:00,TURKEYR,NIT-NO3-NO2,Inorganic nitrogen (nitrate and nitrite) (as N),Total,,7.2,mg/l,True,0.1,,,353.2,IGS-GRAB,Actual,SW,Water,,,Clayton,07060004,River/Stream,,42.95959549,-91.4562996
6,15220020,Turkey River @ Highway 52 (TR10),08/03/2011 10:15:00,TURKEYR,NIT-NO3-NO2,Inorganic nitrogen (nitrate and nitrite) (as N),Total,,4.9,mg/l,True,0.1,,,353.2,IGS-GRAB,Actual,SW,Water,,,Clayton,07060004,River/Stream,,42.70781335,-91.0757377
6,15220015,Little Turkey River @ Highway 52 (LIT10),08/03/2011 10:45:00,TURKEYR,NIT-NO3-NO2,Inorganic nitrogen (nitrate and nitrite) (as N),Total,,4.3,mg/l,True,0.1,,,353.2,IGS-GRAB,Actual,SW,Water,,,Clayton,07060004,River/Stream,,42.6987021,-91.07371173
6,15220017,Roberts Creek @ Grape Rd (ROB10),08/03/2011 08:35:00,TURKEYR,NIT-NO3-NO2,Inorganic nitrogen (nitrate and nitrite) (as N),Total,,8.8,mg/l,True,0.1,,,353.2,IGS-GRAB,Actual,SW,Water,,,Clayton,07060004,River/Stream,,42.83952465,-91.37446914
6,15220019,Roberts Creek @ Dalmation Ave (ROB50),10/05/2011 08:56:00,TURKEYR,NIT-NO3-NO2,Inorganic nitrogen (nitrate and nitrite) (as N),Total,,5.2,mg/l,True,0.1,,,353.2,IGS-GRAB,Actual,SW,Water,,,Clayton,07060004,River/Stream,,42.95959549,-91.4562996
6,15220020,Turkey River @ Highway 52 (TR10),10/05/2011 10:40:00,TURKEYR,NIT-NO3-NO2,Inorganic nitrogen (nitrate and nitrite) (as N),Total,,3.7,mg/l,True,0.1,,,353.2,IGS-GRAB,Actual,SW,Water,,,Clayton,07060004,River/Stream,,42.70781335,-91.0757377
6,15220015,Little Turkey River @ Highway 52 (LIT10),10/05/2011 11:15:00,TURKEYR,NIT-NO3-NO2,Inorganic nitrogen (nitrate and nitrite) (as N),Total,,3.4,mg/l,True,0.1,,,353.2,IGS-GRAB,Actual,SW,Water,,,Clayton,07060004,River/Stream,,42.6987021,-91.07371173
6,15220017,Roberts Creek @ Grape Rd (ROB10),10/05/2011 10:06:00,TURKEYR,NIT-NO3-NO2,Inorganic nitrogen (nitrate and nitrite) (as N),Total,,5.7,mg/l,True,0.1,,,353.2,IGS-GRAB,Actual,SW,Water,,,Clayton,07060004,River/Stream,,42.83952465,-91.37446914
6,15220010,Cox Creek @ Highway 13 (COX20),10/05/2011 07:15:00,TURKEYR,NIT-NO3-NO2,Inorganic nitrogen (nitrate and nitrite) (as N),Total,,4.2,mg/l,True,0.1,,,353.2,IGS-GRAB,Actual,SW,Water,,,Clayton,07060004,River/Stream,,42.76688423,-91.46209679
6,15220014,Howard Creek @ Mouth (HOW10),10/05/2011 09:31:00,TURKEYR,NIT-NO3-NO2,Inorganic nitrogen (nitrate and nitrite) (as N),Total,,6.5,mg/l,True,0.1,,,353.2,IGS-GRAB,Actual,SW,Water,,,Clayton,07060004,River/Stream,,42.9300546,-91.38292282
6,15220013,Hewett Creek @ Crystal Road (HEW20),09/07/2011 08:00:00,TURKEYR,NIT-NO3-NO2,Inorganic nitrogen (nitrate and nitrite) (as N),Total,,5.5,mg/l,True,0.1,,,353.2,IGS-GRAB,Actual,SW,Water,,,Clayton,07060004,River/Stream,,42.78586318,-91.51847775
6,15220021,Turkey River @ Elkader (TR30),09/07/2011 09:45:00,TURKEYR,NIT-NO3-NO2,Inorganic nitrogen (nitrate and nitrite) (as N),Total,,4.9,mg/l,True,0.1,,,353.2,IGS-GRAB,Actual,SW,Water,,,Clayton,07060004,River/Stream,,42.859771,-91.406681
6,15220016,Mink Creek @ Aztec Road (MIN10),09/07/2011 09:15:00,TURKEYR,NIT-NO3-NO2,Inorganic nitrogen (nitrate and nitrite) (as N),Total,,5.8,mg/l,True,0.1,,,353.2,IGS-GRAB,Actual,SW,Water,,,Clayton,07060004,River/Stream,,42.8441202,-91.59732742
6,15220009,South Cedar Creek @ Lower Cedar Rd (CED10),09/07/2011 11:00:00,TURKEYR,NIT-NO3-NO2,Inorganic nitrogen (nitrate and nitrite) (as N),Total,,3.7,mg/l,True,0.1,,,353.2,IGS-GRAB,Actual,SW,Water,,,Clayton,07060004,River/Stream,,42.74424922,-91.21535774
6,15220012,Elk Creek @ Colesburg Rd/X3C (ELK10),09/07/2011 09:50:00,TURKEYR,NIT-NO3-NO2,Inorganic nitrogen (nitrate and nitrite) (as N),Total,,4.4,mg/l,True,0.1,,,353.2,IGS-GRAB,Actual,SW,Water,,,Clayton,07060004,River/Stream,,42.73331715,-91.28009598
6,15220018,Roberts Creek @ 206th St/B65 (RC02/ROB30),10/04/1994 12:45:00,BSP,NIT-NO3-NO2,Inorganic nitrogen (nitrate and nitrite) (as N),Total,,4.5,mg/l,True,0.1,,,353.2,BSP,Actual,SW,Water,,,Clayton,07060004,River/Stream,,42.9304245,-91.38552335
6,15220038,BTLUE,10/04/1994 11:40:00,BSP,NIT-NO3-NO2,Inorganic nitrogen (nitrate and nitrite) (as N),Total,,14,mg/l,True,0.2,,,353.2,BSP,Calculated,GW,Water,,Originally reported as Nitrate + Nitrite as NO3.,Clayton,07060004,Facility Other,,43.044315,-91.4769171
6,15220028,Silver Creek @ Dogwood Ave (L23S),10/04/1994 11:05:00,BSP,NIT-NO3-NO2,Inorganic nitrogen (nitrate and nitrite) (as N),Total,,7.8,mg/l,True,0.1,,,353.2,BSP,Actual,SW,Water,,,Clayton,07060004,River/Stream,,43.0217763,-91.4894189
6,15220036,Turkey River @ Big Spring (TR01),09/27/1994 10:35:00,BSP,NIT-NO3-NO2,Inorganic nitrogen (nitrate and nitrite) (as N),Total,,4.6,mg/l,True,0.1,,,353.2,BSP,Actual,SW,Water,,,Clayton,07060004,River/Stream,,42.9095476,-91.4709184
6,15220040,L22T,09/27/1994 14:10:00,BSP,NIT-NO3-NO2,Inorganic nitrogen (nitrate and nitrite) (as N),Total,,16,mg/l,True,0.1,,,353.2,BSP,Actual,GW,Water,,,Clayton,07060004,Facility Other,,43.0217187,-91.4893474
6,15220028,Silver Creek @ Dogwood Ave (L23S),09/27/1994 14:00:00,BSP,NIT-NO3-NO2,Inorganic nitrogen (nitrate and nitrite) (as N),Total,,7.3,mg/l,True,0.1,,,353.2,BSP,Actual,SW,Water,,,Clayton,07060004,River/Stream,,43.0217763,-91.4894189
6,15220027,Unnamed Trib. to Turkey R. @ Big Spring Rd. (HS03),09/27/1994 11:00:00,BSP,NIT-NO3-NO2,Inorganic nitrogen (nitrate and nitrite) (as N),Total,,5.9,mg/l,True,0.2,,,353.2,BSP,Calculated,SW,Water,,Originally reported as Nitrate + Nitrite as NO3.,Clayton,07060004,River/Stream,,42.9268507,-91.4687552
6,15220031,Unnamed Trib. to Roberts Crk. @ Aspen Ave (RC13),09/27/1994 12:10:00,BSP,NIT-NO3-NO2,Inorganic nitrogen (nitrate and nitrite) (as N),Total,,4.1,mg/l,True,0.2,,,353.2,BSP,Calculated,SW,Water,,Originally reported as Nitrate + Nitrite as NO3.,Clayton,07060004,River/Stream,,43.0574767,-91.5781539
6,15220030,Roberts Creek @ 130th St (RC11),09/27/1994 12:00:00,BSP,NIT-NO3-NO2,Inorganic nitrogen (nitrate and nitrite) (as N),Total,,5,mg/l,True,0.2,,,353.2,BSP,Calculated,SW,Water,,Originally reported as Nitrate + Nitrite as NO3.,Clayton,07060004,River/Stream,,43.0365499,-91.537903
6,15220029,Roberts Creek @ 145th St (RC10),09/27/1994 11:50:00,BSP,NIT-NO3-NO2,Inorganic nitrogen (nitrate and nitrite) (as N),Total,,4.3,mg/l,True,0.2,,,353.2,BSP,Calculated,SW,Water,,Originally reported as Nitrate + Nitrite as NO3.,Clayton,07060004,River/Stream,,43.0159151,-91.512025
6,15220024,Roberts Creek @ 172nd St (F45),09/27/1994 15:15:00,BSP,NIT-NO3-NO2,Inorganic nitrogen (nitrate and nitrite) (as N),Total,,4.1,mg/l,True,0.2,,,353.2,BSP,Calculated,SW,Water,,Originally reported as Nitrate + Nitrite as NO3.,Clayton,07060004,River/Stream,,42.9750265,-91.4830196
6,15220034,Unnamed Trib. to Silver Crk. @ Dolphin Ave (SC03),09/27/1994 15:00:00,BSP,NIT-NO3-NO2,Inorganic nitrogen (nitrate and nitrite) (as N),Total,,4.3,mg/l,True,0.2,,,353.2,BSP,Calculated,SW,Water,,Originally reported as Nitrate + Nitrite as NO3.,Clayton,07060004,River/Stream,,43.0342002,-91.4587066
6,15220035,Silver Creek @ 145th St (SC05),09/27/1994 14:45:00,BSP,NIT-NO3-NO2,Inorganic nitrogen (nitrate and nitrite) (as N),Total,,7.2,mg/l,True,0.2,,,353.2,BSP,Calculated,SW,Water,,Originally reported as Nitrate + Nitrite as NO3.,Clayton,07060004,River/Stream,,43.0136712,-91.4626953
6,15220026,Howard Creek @ Co. Rd. X28 (HC01),09/27/1994 16:00:00,BSP,NIT-NO3-NO2,Inorganic nitrogen (nitrate and nitrite) (as N),Total,,9.7,mg/l,True,0.2,,,353.2,BSP,Calculated,SW,Water,,Originally reported as Nitrate + Nitrite as NO3.,Clayton,07060004,River/Stream,,42.9622643,-91.3693639
6,15220038,BTLUE,09/27/1994 15:00:00,BSP,NIT-NO3-NO2,Inorganic nitrogen (nitrate and nitrite) (as N),Total,,16,mg/l,True,0.1,,,353.2,BSP,Actual,GW,Water,,,Clayton,07060004,Facility Other,,43.044315,-91.4769171
6,15220028,Silver Creek @ Dogwood Ave (L23S),09/20/1994 15:50:00,BSP,NIT-NO3-NO2,Inorganic nitrogen (nitrate and nitrite) (as N),Total,,8.1,mg/l,True,0.2,,,353.2,BSP,Calculated,SW,Water,,Originally reported as Nitrate + Nitrite as NO3.,Clayton,07060004,River/Stream,,43.0217763,-91.4894189
6,15220036,Turkey River @ Big Spring (TR01),09/20/1994 16:25:00,BSP,NIT-NO3-NO2,Inorganic nitrogen (nitrate and nitrite) (as N),Total,,4.5,mg/l,True,0.2,,,353.2,BSP,Calculated,SW,Water,,Originally reported as Nitrate + Nitrite as NO3.,Clayton,07060004,River/Stream,,42.9095476,-91.4709184
6,15220038,BTLUE,09/13/1994 10:05:00,BSP,NIT-NO3-NO2,Inorganic nitrogen (nitrate and nitrite) (as N),Total,,14,mg/l,True,0.1,,,353.2,BSP,Actual,GW,Water,,,Clayton,07060004,Facility Other,,43.044315,-91.4769171
6,15220040,L22T,09/06/1994 10:45:00,BSP,NIT-NO3-NO2,Inorganic nitrogen (nitrate and nitrite) (as N),Total,,21,mg/l,True,0.1,,,353.2,BSP,Actual,GW,Water,,,Clayton,07060004,Facility Other,,43.0217187,-91.4893474
6,15220018,Roberts Creek @ 206th St/B65 (RC02/ROB30),09/06/1994 17:20:00,BSP,NIT-NO3-NO2,Inorganic nitrogen (nitrate and nitrite) (as N),Total,,4.2,mg/l,True,0.1,,,353.2,BSP,Actual,SW,Water,,,Clayton,07060004,River/Stream,,42.9304245,-91.38552335
6,15220028,Silver Creek @ Dogwood Ave (L23S),09/06/1994 00:00:00,BSP,NIT-NO3-NO2,Inorganic nitrogen (nitrate and nitrite) (as N),Total,,9.5,mg/l,True,0.2,,,353.2,BSP,Calculated,SW,Water,,Originally reported as Nitrate + Nitrite as NO3.,Clayton,07060004,River/Stream,,43.0217763,-91.4894189
6,15220036,Turkey River @ Big Spring (TR01),09/06/1994 10:20:00,BSP,NIT-NO3-NO2,Inorganic nitrogen (nitrate and nitrite) (as N),Total,,4.1,mg/l,True,0.2,,,353.2,BSP,Calculated,SW,Water,,Originally reported as Nitrate + Nitrite as NO3.,Clayton,07060004,River/Stream,,42.9095476,-91.4709184
6,15220038,BTLUE,09/06/1994 11:10:00,BSP,NIT-NO3-NO2,Inorganic nitrogen (nitrate and nitrite) (as N),Total,,13,mg/l,True,0.1,,,353.2,BSP,Actual,GW,Water,,,Clayton,07060004,Facility Other,,43.044315,-91.4769171
6,15220018,Roberts Creek @ 206th St/B65 (RC02/ROB30),08/29/1994 15:00:00,BSP,NIT-NO3-NO2,Inorganic nitrogen (nitrate and nitrite) (as N),Total,,2.9,mg/l,True,0.1,,,353.2,BSP,Actual,SW,Water,,,Clayton,07060004,River/Stream,,42.9304245,-91.38552335
6,15220038,BTLUE,08/29/1994 12:40:00,BSP,NIT-NO3-NO2,Inorganic nitrogen (nitrate and nitrite) (as N),Total,,13,mg/l,True,0.1,,,353.2,BSP,Actual,GW,Water,,,Clayton,07060004,Facility Other,,43.044315,-91.4769171
6,15220040,L22T,08/29/1994 13:30:00,BSP,NIT-NO3-NO2,Inorganic nitrogen (nitrate and nitrite) (as N),Total,,22,mg/l,True,0.1,,,353.2,BSP,Actual,GW,Water,,,Clayton,07060004,Facility Other,,43.0217187,-91.4893474
6,15220038,BTLUE,08/23/1994 11:00:00,BSP,NIT-NO3-NO2,Inorganic nitrogen (nitrate and nitrite) (as N),Total,,14,mg/l,True,0.1,,,353.2,BSP,Actual,GW,Water,,,Clayton,07060004,Facility Other,,43.044315,-91.4769171
6,15220028,Silver Creek @ Dogwood Ave (L23S),08/29/1994 13:20:00,BSP,NIT-NO3-NO2,Inorganic nitrogen (nitrate and nitrite) (as N),Total,,9.6,mg/l,True,0.1,,,353.2,BSP,Actual,SW,Water,,,Clayton,07060004,River/Stream,,43.0217763,-91.4894189
6,15220040,L22T,08/16/1994 11:45:00,BSP,NIT-NO3-NO2,Inorganic nitrogen (nitrate and nitrite) (as N),Total,,23,mg/l,True,0.1,,,353.2,BSP,Actual,GW,Water,,,Clayton,07060004,Facility Other,,43.0217187,-91.4893474
6,15220018,Roberts Creek @ 206th St/B65 (RC02/ROB30),08/16/1994 10:20:00,BSP,NIT-NO3-NO2,Inorganic nitrogen (nitrate and nitrite) (as N),Total,,5.3,mg/l,True,0.1,,,353.2,BSP,Actual,SW,Water,,,Clayton,07060004,River/Stream,,42.9304245,-91.38552335
6,15220028,Silver Creek @ Dogwood Ave (L23S),08/16/1994 11:30:00,BSP,NIT-NO3-NO2,Inorganic nitrogen (nitrate and nitrite) (as N),Total,,9.5,mg/l,True,0.2,,,353.2,BSP,Calculated,SW,Water,,Originally reported as Nitrate + Nitrite as NO3.,Clayton,07060004,River/Stream,,43.0217763,-91.4894189
6,15220036,Turkey River @ Big Spring (TR01),08/16/1994 10:00:00,BSP,NIT-NO3-NO2,Inorganic nitrogen (nitrate and nitrite) (as N),Total,,4.3,mg/l,True,0.2,,,353.2,BSP,Calculated,SW,Water,,Originally reported as Nitrate + Nitrite as NO3.,Clayton,07060004,River/Stream,,42.9095476,-91.4709184
6,15220017,Roberts Creek @ Grape Rd (ROB10),11/02/2011 14:25:00,TURKEYR,NIT-NO3-NO2,Inorganic nitrogen (nitrate and nitrite) (as N),Total,,5.2,mg/l,True,0.1,,,353.2,IGS-GRAB,Actual,SW,Water,,,Clayton,07060004,River/Stream,,42.83952465,-91.37446914
6,15220038,BTLUE,08/16/1994 11:00:00,BSP,NIT-NO3-NO2,Inorganic nitrogen (nitrate and nitrite) (as N),Total,,16,mg/l,True,0.1,,,353.2,BSP,Actual,GW,Water,,,Clayton,07060004,Facility Other,,43.044315,-91.4769171
6,15220021,Turkey River @ Elkader (TR30),11/02/2011 14:40:00,TURKEYR,NIT-NO3-NO2,Inorganic nitrogen (nitrate and nitrite) (as N),Total,,4.6,mg/l,True,0.1,,,353.2,IGS-GRAB,Actual,SW,Water,,,Clayton,07060004,River/Stream,,42.859771,-91.406681
6,15220014,Howard Creek @ Mouth (HOW10),11/02/2011 13:15:00,TURKEYR,NIT-NO3-NO2,Inorganic nitrogen (nitrate and nitrite) (as N),Total,,6.6,mg/l,True,0.1,,,353.2,IGS-GRAB,Actual,SW,Water,,,Clayton,07060004,River/Stream,,42.9300546,-91.38292282
6,15220016,Mink Creek @ Aztec Road (MIN10),11/02/2011 08:20:00,TURKEYR,NIT-NO3-NO2,Inorganic nitrogen (nitrate and nitrite) (as N),Total,,5.8,mg/l,True,0.1,,,353.2,IGS-GRAB,Actual,SW,Water,,,Clayton,07060004,River/Stream,,42.8441202,-91.59732742
6,15220012,Elk Creek @ Colesburg Rd/X3C (ELK10),11/02/2011 12:30:00,TURKEYR,NIT-NO3-NO2,Inorganic nitrogen (nitrate and nitrite) (as N),Total,,4.1,mg/l,True,0.1,,,353.2,IGS-GRAB,Actual,SW,Water,,,Clayton,07060004,River/Stream,,42.73331715,-91.28009598
6,15220013,Hewett Creek @ Crystal Road (HEW20),11/02/2011 07:40:00,TURKEYR,NIT-NO3-NO2,Inorganic nitrogen (nitrate and nitrite) (as N),Total,,5,mg/l,True,0.1,,,353.2,IGS-GRAB,Actual,SW,Water,,,Clayton,07060004,River/Stream,,42.78586318,-91.51847775
6,15220009,South Cedar Creek @ Lower Cedar Rd (CED10),11/02/2011 13:15:00,TURKEYR,NIT-NO3-NO2,Inorganic nitrogen (nitrate and nitrite) (as N),Total,,3.1,mg/l,True,0.1,,,353.2,IGS-GRAB,Actual,SW,Water,,,Clayton,07060004,River/Stream,,42.74424922,-91.21535774
6,15220011,Dry Mill Creek @ Grape Rd (DMI10),11/02/2011 14:00:00,TURKEYR,NIT-NO3-NO2,Inorganic nitrogen (nitrate and nitrite) (as N),Total,,7.3,mg/l,True,0.1,,,353.2,IGS-GRAB,Actual,SW,Water,,,Clayton,07060004,River/Stream,,42.84327492,-91.36969617
6,15220028,Silver Creek @ Dogwood Ave (L23S),01/23/1996 11:15:00,BSP,NIT-NO3-NO2,Inorganic nitrogen (nitrate and nitrite) (as N),Total,,9.4,mg/l,True,0.1,,,353.2,BSP,Actual,SW,Water,,,Clayton,07060004,River/Stream,,43.0217763,-91.4894189
6,15220036,Turkey River @ Big Spring (TR01),01/23/1996 10:30:00,BSP,NIT-NO3-NO2,Inorganic nitrogen (nitrate and nitrite) (as N),Total,,6.8,mg/l,True,0.2,,,353.2,BSP,Calculated,SW,Water,,Originally reported as Nitrate + Nitrite as NO3.,Clayton,07060004,River/Stream,,42.9095476,-91.4709184
6,15220040,L22T,02/06/1996 10:45:00,BSP,NIT-NO3-NO2,Inorganic nitrogen (nitrate and nitrite) (as N),Total,,19,mg/l,True,0.2,,,353.2,BSP,Calculated,GW,Water,,Originally reported as Nitrate + Nitrite as NO3.,Clayton,07060004,Facility Other,,43.0217187,-91.4893474
6,15220028,Silver Creek @ Dogwood Ave (L23S),01/02/1996 10:50:00,BSP,NIT-NO3-NO2,Inorganic nitrogen (nitrate and nitrite) (as N),Total,,9.9,mg/l,True,0.1,,,353.2,BSP,Actual,SW,Water,,,Clayton,07060004,River/Stream,,43.0217763,-91.4894189
6,15220036,Turkey River @ Big Spring (TR01),01/02/1996 10:10:00,BSP,NIT-NO3-NO2,Inorganic nitrogen (nitrate and nitrite) (as N),Total,,9,mg/l,True,0.2,,,353.2,BSP,Calculated,SW,Water,,Originally reported as Nitrate + Nitrite as NO3.,Clayton,07060004,River/Stream,,42.9095476,-91.4709184
6,15220040,L22T,01/09/1996 11:05:00,BSP,NIT-NO3-NO2,Inorganic nitrogen (nitrate and nitrite) (as N),Total,,18.3,mg/l,True,0.2,,,353.2,BSP,Calculated,GW,Water,,Originally reported as Nitrate + Nitrite as NO3.,Clayton,07060004,Facility Other,,43.0217187,-91.4893474
6,15220018,Roberts Creek @ 206th St/B65 (RC02/ROB30),01/02/1996 15:30:00,BSP,NIT-NO3-NO2,Inorganic nitrogen (nitrate and nitrite) (as N),Total,,7.9,mg/l,True,0.1,,,353.2,BSP,Actual,SW,Water,,,Clayton,07060004,River/Stream,,42.9304245,-91.38552335
6,15220028,Silver Creek @ Dogwood Ave (L23S),12/05/1995 11:00:00,BSP,NIT-NO3-NO2,Inorganic nitrogen (nitrate and nitrite) (as N),Total,,8.9,mg/l,True,0.1,,,353.2,BSP,Actual,SW,Water,,,Clayton,07060004,River/Stream,,43.0217763,-91.4894189
6,15220036,Turkey River @ Big Spring (TR01),12/05/1995 10:00:00,BSP,NIT-NO3-NO2,Inorganic nitrogen (nitrate and nitrite) (as N),Total,,10.2,mg/l,True,0.2,,,353.2,BSP,Calculated,SW,Water,,Originally reported as Nitrate + Nitrite as NO3.,Clayton,07060004,River/Stream,,42.9095476,-91.4709184
6,15220028,Silver Creek @ Dogwood Ave (L23S),12/26/1995 10:30:00,BSP,NIT-NO3-NO2,Inorganic nitrogen (nitrate and nitrite) (as N),Total,,9.8,mg/l,True,0.1,,,353.2,BSP,Actual,SW,Water,,,Clayton,07060004,River/Stream,,43.0217763,-91.4894189
6,15220026,Howard Creek @ Co. Rd. X28 (HC01),12/26/1995 15:00:00,BSP,NIT-NO3-NO2,Inorganic nitrogen (nitrate and nitrite) (as N),Total,,9.9,mg/l,True,0.2,,,353.2,BSP,Calculated,SW,Water,,Originally reported as Nitrate + Nitrite as NO3.,Clayton,07060004,River/Stream,,42.9622643,-91.3693639
6,15220040,L22T,01/02/1996 11:00:00,BSP,NIT-NO3-NO2,Inorganic nitrogen (nitrate and nitrite) (as N),Total,,18.7,mg/l,True,0.2,,,353.2,BSP,Calculated,GW,Water,,Originally reported as Nitrate + Nitrite as NO3.,Clayton,07060004,Facility Other,,43.0217187,-91.4893474
6,15220028,Silver Creek @ Dogwood Ave (L23S),12/19/1995 10:40:00,BSP,NIT-NO3-NO2,Inorganic nitrogen (nitrate and nitrite) (as N),Total,,9.5,mg/l,True,0.1,,,353.2,BSP,Actual,SW,Water,,,Clayton,07060004,River/Stream,,43.0217763,-91.4894189
6,15220036,Turkey River @ Big Spring (TR01),12/19/1995 09:30:00,BSP,NIT-NO3-NO2,Inorganic nitrogen (nitrate and nitrite) (as N),Total,,6.8,mg/l,True,0.2,,,353.2,BSP,Calculated,SW,Water,,Originally reported as Nitrate + Nitrite as NO3.,Clayton,07060004,River/Stream,,42.9095476,-91.4709184
6,15220040,L22T,12/26/1995 10:35:00,BSP,NIT-NO3-NO2,Inorganic nitrogen (nitrate and nitrite) (as N),Total,,20.3,mg/l,True,0.2,,,353.2,BSP,Calculated,GW,Water,,Originally reported as Nitrate + Nitrite as NO3.,Clayton,07060004,Facility Other,,43.0217187,-91.4893474
6,15220036,Turkey River @ Big Spring (TR01),12/26/1995 09:15:00,BSP,NIT-NO3-NO2,Inorganic nitrogen (nitrate and nitrite) (as N),Total,,6.5,mg/l,True,0.2,,,353.2,BSP,Calculated,SW,Water,,Originally reported as Nitrate + Nitrite as NO3.,Clayton,07060004,River/Stream,,42.9095476,-91.4709184
6,15220018,Roberts Creek @ 206th St/B65 (RC02/ROB30),12/05/1995 15:30:00,BSP,NIT-NO3-NO2,Inorganic nitrogen (nitrate and nitrite) (as N),Total,,6.3,mg/l,True,0.1,,,353.2,BSP,Actual,SW,Water,,,Clayton,07060004,River/Stream,,42.9304245,-91.38552335
6,15220018,Roberts Creek @ 206th St/B65 (RC02/ROB30),11/21/1995 15:45:00,BSP,NIT-NO3-NO2,Inorganic nitrogen (nitrate and nitrite) (as N),Total,,7.6,mg/l,True,0.1,,,353.2,BSP,Actual,SW,Water,,,Clayton,07060004,River/Stream,,42.9304245,-91.38552335
6,15220028,Silver Creek @ Dogwood Ave (L23S),11/21/1995 11:00:00,BSP,NIT-NO3-NO2,Inorganic nitrogen (nitrate and nitrite) (as N),Total,,9.6,mg/l,True,0.1,,,353.2,BSP,Actual,SW,Water,,,Clayton,07060004,River/Stream,,43.0217763,-91.4894189
6,15220036,Turkey River @ Big Spring (TR01),11/21/1995 10:15:00,BSP,NIT-NO3-NO2,Inorganic nitrogen (nitrate and nitrite) (as N),Total,,10.6,mg/l,True,0.2,,,353.2,BSP,Calculated,SW,Water,,Originally reported as Nitrate + Nitrite as NO3.,Clayton,07060004,River/Stream,,42.9095476,-91.4709184
6,15220031,Unnamed Trib. to Roberts Crk. @ Aspen Ave (RC13),11/28/1995 11:20:00,BSP,NIT-NO3-NO2,Inorganic nitrogen (nitrate and nitrite) (as N),Total,,8.1,mg/l,True,0.2,,,353.2,BSP,Calculated,SW,Water,,Originally reported as Nitrate + Nitrite as NO3.,Clayton,07060004,River/Stream,,43.0574767,-91.5781539
6,15220030,Roberts Creek @ 130th St (RC11),11/28/1995 11:15:00,BSP,NIT-NO3-NO2,Inorganic nitrogen (nitrate and nitrite) (as N),Total,,7.4,mg/l,True,0.2,,,353.2,BSP,Calculated,SW,Water,,Originally reported as Nitrate + Nitrite as NO3.,Clayton,07060004,River/Stream,,43.0365499,-91.537903
6,15220029,Roberts Creek @ 145th St (RC10),11/28/1995 11:05:00,BSP,NIT-NO3-NO2,Inorganic nitrogen (nitrate and nitrite) (as N),Total,,8.4,mg/l,True,0.2,,,353.2,BSP,Calculated,SW,Water,,Originally reported as Nitrate + Nitrite as NO3.,Clayton,07060004,River/Stream,,43.0159151,-91.512025
6,15220024,Roberts Creek @ 172nd St (F45),11/28/1995 10:20:00,BSP,NIT-NO3-NO2,Inorganic nitrogen (nitrate and nitrite) (as N),Total,,8.4,mg/l,True,0.2,,,353.2,BSP,Calculated,SW,Water,,Originally reported as Nitrate + Nitrite as NO3.,Clayton,07060004,River/Stream,,42.9750265,-91.4830196
6,15220034,Unnamed Trib. to Silver Crk. @ Dolphin Ave (SC03),11/28/1995 10:45:00,BSP,NIT-NO3-NO2,Inorganic nitrogen (nitrate and nitrite) (as N),Total,,16.3,mg/l,True,0.2,,,353.2,BSP,Calculated,SW,Water,,Originally reported as Nitrate + Nitrite as NO3.,Clayton,07060004,River/Stream,,43.0342002,-91.4587066
6,15220035,Silver Creek @ 145th St (SC05),11/28/1995 10:40:00,BSP,NIT-NO3-NO2,Inorganic nitrogen (nitrate and nitrite) (as N),Total,,10.2,mg/l,True,0.2,,,353.2,BSP,Calculated,SW,Water,,Originally reported as Nitrate + Nitrite as NO3.,Clayton,07060004,River/Stream,,43.0136712,-91.4626953
6,15220026,Howard Creek @ Co. Rd. X28 (HC01),11/28/1995 15:55:00,BSP,NIT-NO3-NO2,Inorganic nitrogen (nitrate and nitrite) (as N),Total,,9.9,mg/l,True,0.2,,,353.2,BSP,Calculated,SW,Water,,Originally reported as Nitrate + Nitrite as NO3.,Clayton,07060004,River/Stream,,42.9622643,-91.3693639
6,15220040,L22T,12/05/1995 11:10:00,BSP,NIT-NO3-NO2,Inorganic nitrogen (nitrate and nitrite) (as N),Total,,19,mg/l,True,0.2,,,353.2,BSP,Calculated,GW,Water,,Originally reported as Nitrate + Nitrite as NO3.,Clayton,07060004,Facility Other,,43.0217187,-91.4893474
6,15220028,Silver Creek @ Dogwood Ave (L23S),10/24/1995 12:00:00,BSP,NIT-NO3-NO2,Inorganic nitrogen (nitrate and nitrite) (as N),Total,,8.8,mg/l,True,0.1,,,353.2,BSP,Actual,SW,Water,,,Clayton,07060004,River/Stream,,43.0217763,-91.4894189
6,15220036,Turkey River @ Big Spring (TR01),10/24/1995 11:20:00,BSP,NIT-NO3-NO2,Inorganic nitrogen (nitrate and nitrite) (as N),Total,,4.5,mg/l,True,0.2,,,353.2,BSP,Calculated,SW,Water,,Originally reported as Nitrate + Nitrite as NO3.,Clayton,07060004,River/Stream,,42.9095476,-91.4709184
6,15220033,Silver Creek @ 155th St (SC01),10/30/1995 13:10:00,BSP,NIT-NO3-NO2,Inorganic nitrogen (nitrate and nitrite) (as N),Total,,9,mg/l,True,0.2,,,353.2,BSP,Calculated,SW,Water,,Originally reported as Nitrate + Nitrite as NO3.,Clayton,07060004,River/Stream,,43.0006333,-91.4484974
6,15220027,Unnamed Trib. to Turkey R. @ Big Spring Rd. (HS03),10/30/1995 10:10:00,BSP,NIT-NO3-NO2,Inorganic nitrogen (nitrate and nitrite) (as N),Total,,5.6,mg/l,True,0.2,,,353.2,BSP,Calculated,SW,Water,,Originally reported as Nitrate + Nitrite as NO3.,Clayton,07060004,River/Stream,,42.9268507,-91.4687552
6,15220031,Unnamed Trib. to Roberts Crk. @ Aspen Ave (RC13),10/30/1995 14:30:00,BSP,NIT-NO3-NO2,Inorganic nitrogen (nitrate and nitrite) (as N),Total,,5.9,mg/l,True,0.2,,,353.2,BSP,Calculated,SW,Water,,Originally reported as Nitrate + Nitrite as NO3.,Clayton,07060004,River/Stream,,43.0574767,-91.5781539
6,15220030,Roberts Creek @ 130th St (RC11),10/30/1995 14:20:00,BSP,NIT-NO3-NO2,Inorganic nitrogen (nitrate and nitrite) (as N),Total,,6.8,mg/l,True,0.2,,,353.2,BSP,Calculated,SW,Water,,Originally reported as Nitrate + Nitrite as NO3.,Clayton,07060004,River/Stream,,43.0365499,-91.537903
6,15220029,Roberts Creek @ 145th St (RC10),10/30/1995 14:15:00,BSP,NIT-NO3-NO2,Inorganic nitrogen (nitrate and nitrite) (as N),Total,,5.9,mg/l,True,0.2,,,353.2,BSP,Calculated,SW,Water,,Originally reported as Nitrate + Nitrite as NO3.,Clayton,07060004,River/Stream,,43.0159151,-91.512025
6,15220024,Roberts Creek @ 172nd St (F45),10/30/1995 11:40:00,BSP,NIT-NO3-NO2,Inorganic nitrogen (nitrate and nitrite) (as N),Total,,6.1,mg/l,True,0.2,,,353.2,BSP,Calculated,SW,Water,,Originally reported as Nitrate + Nitrite as NO3.,Clayton,07060004,River/Stream,,42.9750265,-91.4830196
6,15220025,Roberts Creek @ Essex Ave (F47),10/30/1995 12:05:00,BSP,NIT-NO3-NO2,Inorganic nitrogen (nitrate and nitrite) (as N),Total,,5.6,mg/l,True,0.2,,,353.2,BSP,Calculated,SW,Water,,Originally reported as Nitrate + Nitrite as NO3.,Clayton,07060004,River/Stream,,42.9590908,-91.4195205
6,15220034,Unnamed Trib. to Silver Crk. @ Dolphin Ave (SC03),10/30/1995 13:25:00,BSP,NIT-NO3-NO2,Inorganic nitrogen (nitrate and nitrite) (as N),Total,,11.7,mg/l,True,0.2,,,353.2,BSP,Calculated,SW,Water,,Originally reported as Nitrate + Nitrite as NO3.,Clayton,07060004,River/Stream,,43.0342002,-91.4587066
6,15220035,Silver Creek @ 145th St (SC05),10/30/1995 13:20:00,BSP,NIT-NO3-NO2,Inorganic nitrogen (nitrate and nitrite) (as N),Total,,9,mg/l,True,0.2,,,353.2,BSP,Calculated,SW,Water,,Originally reported as Nitrate + Nitrite as NO3.,Clayton,07060004,River/Stream,,43.0136712,-91.4626953
6,15220026,Howard Creek @ Co. Rd. X28 (HC01),10/30/1995 12:45:00,BSP,NIT-NO3-NO2,Inorganic nitrogen (nitrate and nitrite) (as N),Total,,9,mg/l,True,0.2,,,353.2,BSP,Calculated,SW,Water,,Originally reported as Nitrate + Nitrite as NO3.,Clayton,07060004,River/Stream,,42.9622643,-91.3693639
6,15220040,L22T,11/07/1995 11:30:00,BSP,NIT-NO3-NO2,Inorganic nitrogen (nitrate and nitrite) (as N),Total,,18.3,mg/l,True,0.2,,,353.2,BSP,Calculated,GW,Water,,Originally reported as Nitrate + Nitrite as NO3.,Clayton,07060004,Facility Other,,43.0217187,-91.4893474
6,15220040,L22T,11/21/1995 11:15:00,BSP,NIT-NO3-NO2,Inorganic nitrogen (nitrate and nitrite) (as N),Total,,18.7,mg/l,True,0.2,,,353.2,BSP,Calculated,GW,Water,,Originally reported as Nitrate + Nitrite as NO3.,Clayton,07060004,Facility Other,,43.0217187,-91.4893474
6,15220018,Roberts Creek @ 206th St/B65 (RC02/ROB30),10/24/1995 11:05:00,BSP,NIT-NO3-NO2,Inorganic nitrogen (nitrate and nitrite) (as N),Total,,4.4,mg/l,True,0.1,,,353.2,BSP,Actual,SW,Water,,,Clayton,07060004,River/Stream,,42.9304245,-91.38552335
6,15220028,Silver Creek @ Dogwood Ave (L23S),10/03/1995 13:20:00,BSP,NIT-NO3-NO2,Inorganic nitrogen (nitrate and nitrite) (as N),Total,,8.4,mg/l,True,0.1,,,353.2,BSP,Actual,SW,Water,,,Clayton,07060004,River/Stream,,43.0217763,-91.4894189
6,15220028,Silver Creek @ Dogwood Ave (L23S),10/17/1995 12:00:00,BSP,NIT-NO3-NO2,Inorganic nitrogen (nitrate and nitrite) (as N),Total,,8.8,mg/l,True,0.1,,,353.2,BSP,Actual,SW,Water,,,Clayton,07060004,River/Stream,,43.0217763,-91.4894189
6,15220036,Turkey River @ Big Spring (TR01),10/17/1995 11:00:00,BSP,NIT-NO3-NO2,Inorganic nitrogen (nitrate and nitrite) (as N),Total,,7.7,mg/l,True,0.2,,,353.2,BSP,Calculated,SW,Water,,Originally reported as Nitrate + Nitrite as NO3.,Clayton,07060004,River/Stream,,42.9095476,-91.4709184
6,15220040,L22T,10/24/1995 12:05:00,BSP,NIT-NO3-NO2,Inorganic nitrogen (nitrate and nitrite) (as N),Total,,17.2,mg/l,True,0.2,,,353.2,BSP,Calculated,GW,Water,,Originally reported as Nitrate + Nitrite as NO3.,Clayton,07060004,Facility Other,,43.0217187,-91.4893474
6,15220018,Roberts Creek @ 206th St/B65 (RC02/ROB30),10/02/1995 13:00:00,BSP,NIT-NO3-NO2,Inorganic nitrogen (nitrate and nitrite) (as N),Total,,3.8,mg/l,True,0.1,,,353.2,BSP,Actual,SW,Water,,,Clayton,07060004,River/Stream,,42.9304245,-91.38552335
6,15220040,L22T,10/03/1995 13:30:00,BSP,NIT-NO3-NO2,Inorganic nitrogen (nitrate and nitrite) (as N),Total,,18.3,mg/l,True,0.2,,,353.2,BSP,Calculated,GW,Water,,Originally reported as Nitrate + Nitrite as NO3.,Clayton,07060004,Facility Other,,43.0217187,-91.4893474
6,15220018,Roberts Creek @ 206th St/B65 (RC02/ROB30),10/17/1995 16:15:00,BSP,NIT-NO3-NO2,Inorganic nitrogen (nitrate and nitrite) (as N),Total,,3.8,mg/l,True,0.1,,,353.2,BSP,Actual,SW,Water,,,Clayton,07060004,River/Stream,,42.9304245,-91.38552335
6,15220028,Silver Creek @ Dogwood Ave (L23S),09/19/1995 14:45:00,BSP,NIT-NO3-NO2,Inorganic nitrogen (nitrate and nitrite) (as N),Total,,7.2,mg/l,True,0.1,,,353.2,BSP,Actual,SW,Water,,,Clayton,07060004,River/Stream,,43.0217763,-91.4894189
6,15220038,BTLUE,09/19/1995 15:05:00,BSP,NIT-NO3-NO2,Inorganic nitrogen (nitrate and nitrite) (as N),Total,,14,mg/l,True,0.2,,,353.2,BSP,Calculated,GW,Water,,Originally reported as Nitrate + Nitrite as NO3.,Clayton,07060004,Facility Other,,43.044315,-91.4769171
6,15220036,Turkey River @ Big Spring (TR01),09/19/1995 10:20:00,BSP,NIT-NO3-NO2,Inorganic nitrogen (nitrate and nitrite) (as N),Total,,7.7,mg/l,True,0.2,,,353.2,BSP,Calculated,SW,Water,,Originally reported as Nitrate + Nitrite as NO3.,Clayton,07060004,River/Stream,,42.9095476,-91.4709184
6,15220040,L22T,09/26/1995 10:55:00,BSP,NIT-NO3-NO2,Inorganic nitrogen (nitrate and nitrite) (as N),Total,,18.5,mg/l,True,0.2,,,353.2,BSP,Calculated,GW,Water,,Originally reported as Nitrate + Nitrite as NO3.,Clayton,07060004,Facility Other,,43.0217187,-91.4893474
6,15220018,Roberts Creek @ 206th St/B65 (RC02/ROB30),09/26/1995 16:15:00,BSP,NIT-NO3-NO2,Inorganic nitrogen (nitrate and nitrite) (as N),Total,,4.4,mg/l,True,0.1,,,353.2,BSP,Actual,SW,Water,,,Clayton,07060004,River/Stream,,42.9304245,-91.38552335
6,15220030,Roberts Creek @ 130th St (RC11),09/26/1995 11:15:00,BSP,NIT-NO3-NO2,Inorganic nitrogen (nitrate and nitrite) (as N),Total,,6.1,mg/l,True,0.2,,,353.2,BSP,Calculated,SW,Water,,Originally reported as Nitrate + Nitrite as NO3.,Clayton,07060004,River/Stream,,43.0365499,-91.537903
6,15220029,Roberts Creek @ 145th St (RC10),09/26/1995 11:10:00,BSP,NIT-NO3-NO2,Inorganic nitrogen (nitrate and nitrite) (as N),Total,,5.6,mg/l,True,0.2,,,353.2,BSP,Calculated,SW,Water,,Originally reported as Nitrate + Nitrite as NO3.,Clayton,07060004,River/Stream,,43.0159151,-91.512025
6,15220034,Unnamed Trib. to Silver Crk. @ Dolphin Ave (SC03),09/26/1995 10:25:00,BSP,NIT-NO3-NO2,Inorganic nitrogen (nitrate and nitrite) (as N),Total,,11.7,mg/l,True,0.2,,,353.2,BSP,Calculated,SW,Water,,Originally reported as Nitrate + Nitrite as NO3.,Clayton,07060004,River/Stream,,43.0342002,-91.4587066
6,15220035,Silver Creek @ 145th St (SC05),09/26/1995 10:20:00,BSP,NIT-NO3-NO2,Inorganic nitrogen (nitrate and nitrite) (as N),Total,,8.6,mg/l,True,0.2,,,353.2,BSP,Calculated,SW,Water,,Originally reported as Nitrate + Nitrite as NO3.,Clayton,07060004,River/Stream,,43.0136712,-91.4626953
6,15220026,Howard Creek @ Co. Rd. X28 (HC01),09/26/1995 16:10:00,BSP,NIT-NO3-NO2,Inorganic nitrogen (nitrate and nitrite) (as N),Total,,9,mg/l,True,0.2,,,353.2,BSP,Calculated,SW,Water,,Originally reported as Nitrate + Nitrite as NO3.,Clayton,07060004,River/Stream,,42.9622643,-91.3693639
6,15220036,Turkey River @ Big Spring (TR01),10/03/1995 10:10:00,BSP,NIT-NO3-NO2,Inorganic nitrogen (nitrate and nitrite) (as N),Total,,6.8,mg/l,True,0.2,,,353.2,BSP,Calculated,SW,Water,,Originally reported as Nitrate + Nitrite as NO3.,Clayton,07060004,River/Stream,,42.9095476,-91.4709184
6,15220018,Roberts Creek @ 206th St/B65 (RC02/ROB30),08/22/1995 10:40:00,BSP,NIT-NO3-NO2,Inorganic nitrogen (nitrate and nitrite) (as N),Total,,0.1,mg/l,False,0.1,,,353.2,BSP,Actual,SW,Water,,,Clayton,07060004,River/Stream,,42.9304245,-91.38552335
6,15220040,L22T,08/29/1995 11:05:00,BSP,NIT-NO3-NO2,Inorganic nitrogen (nitrate and nitrite) (as N),Total,,17.8,mg/l,True,0.2,,,353.2,BSP,Calculated,GW,Water,,Originally reported as Nitrate + Nitrite as NO3.,Clayton,07060004,Facility Other,,43.0217187,-91.4893474
6,15220038,BTLUE,08/29/1995 10:45:00,BSP,NIT-NO3-NO2,Inorganic nitrogen (nitrate and nitrite) (as N),Total,,14.2,mg/l,True,0.2,,,353.2,BSP,Calculated,GW,Water,,Originally reported as Nitrate + Nitrite as NO3.,Clayton,07060004,Facility Other,,43.044315,-91.4769171
6,15220039,BTLUW,08/29/1995 10:50:00,BSP,NIT-NO3-NO2,Inorganic nitrogen (nitrate and nitrite) (as N),Total,,12.9,mg/l,True,0.2,,,353.2,BSP,Calculated,GW,Water,,Originally reported as Nitrate + Nitrite as NO3.,Clayton,07060004,Facility Other,,43.0443165,-91.4769577
6,15220036,Turkey River @ Big Spring (TR01),08/29/1995 09:20:00,BSP,NIT-NO3-NO2,Inorganic nitrogen (nitrate and nitrite) (as N),Total,,2.9,mg/l,True,0.2,,,353.2,BSP,Calculated,SW,Water,,Originally reported as Nitrate + Nitrite as NO3.,Clayton,07060004,River/Stream,,42.9095476,-91.4709184
6,15220025,Roberts Creek @ Essex Ave (F47),08/29/1995 17:15:00,BSP,NIT-NO3-NO2,Inorganic nitrogen (nitrate and nitrite) (as N),Total,,4.1,mg/l,True,0.2,,,353.2,BSP,Calculated,SW,Water,,Originally reported as Nitrate + Nitrite as NO3.,Clayton,07060004,River/Stream,,42.9590908,-91.4195205
6,15220033,Silver Creek @ 155th St (SC01),08/29/1995 10:25:00,BSP,NIT-NO3-NO2,Inorganic nitrogen (nitrate and nitrite) (as N),Total,,5.4,mg/l,True,0.2,,,353.2,BSP,Calculated,SW,Water,,Originally reported as Nitrate + Nitrite as NO3.,Clayton,07060004,River/Stream,,43.0006333,-91.4484974
6,15220038,BTLUE,09/05/1995 13:10:00,BSP,NIT-NO3-NO2,Inorganic nitrogen (nitrate and nitrite) (as N),Total,,14,mg/l,True,0.2,,,353.2,BSP,Calculated,GW,Water,,Originally reported as Nitrate + Nitrite as NO3.,Clayton,07060004,Facility Other,,43.044315,-91.4769171
6,15220036,Turkey River @ Big Spring (TR01),09/05/1995 10:50:00,BSP,NIT-NO3-NO2,Inorganic nitrogen (nitrate and nitrite) (as N),Total,,5.9,mg/l,True,0.2,,,353.2,BSP,Calculated,SW,Water,,Originally reported as Nitrate + Nitrite as NO3.,Clayton,07060004,River/Stream,,42.9095476,-91.4709184
6,15220018,Roberts Creek @ 206th St/B65 (RC02/ROB30),09/19/1995 17:10:00,BSP,NIT-NO3-NO2,Inorganic nitrogen (nitrate and nitrite) (as N),Total,,2.9,mg/l,True,0.1,,,353.2,BSP,Actual,SW,Water,,,Clayton,07060004,River/Stream,,42.9304245,-91.38552335
6,15220028,Silver Creek @ Dogwood Ave (L23S),08/15/1995 11:00:00,BSP,NIT-NO3-NO2,Inorganic nitrogen (nitrate and nitrite) (as N),Total,,7.7,mg/l,True,0.1,,,353.2,BSP,Actual,SW,Water,,,Clayton,07060004,River/Stream,,43.0217763,-91.4894189
6,15220038,BTLUE,08/15/1995 11:20:00,BSP,NIT-NO3-NO2,Inorganic nitrogen (nitrate and nitrite) (as N),Total,,14.2,mg/l,True,0.2,,,353.2,BSP,Calculated,GW,Water,,Originally reported as Nitrate + Nitrite as NO3.,Clayton,07060004,Facility Other,,43.044315,-91.4769171
6,15220036,Turkey River @ Big Spring (TR01),08/15/1995 10:20:00,BSP,NIT-NO3-NO2,Inorganic nitrogen (nitrate and nitrite) (as N),Total,,4.1,mg/l,True,0.2,,,353.2,BSP,Calculated,SW,Water,,Originally reported as Nitrate + Nitrite as NO3.,Clayton,07060004,River/Stream,,42.9095476,-91.4709184
6,15220040,L22T,08/22/1995 11:10:00,BSP,NIT-NO3-NO2,Inorganic nitrogen (nitrate and nitrite) (as N),Total,,19,mg/l,True,0.2,,,353.2,BSP,Calculated,GW,Water,,Originally reported as Nitrate + Nitrite as NO3.,Clayton,07060004,Facility Other,,43.0217187,-91.4893474
6,15220018,Roberts Creek @ 206th St/B65 (RC02/ROB30),08/15/1995 17:40:00,BSP,NIT-NO3-NO2,Inorganic nitrogen (nitrate and nitrite) (as N),Total,,4,mg/l,True,0.1,,,353.2,BSP,Actual,SW,Water,,,Clayton,07060004,River/Stream,,42.9304245,-91.38552335
6,15220018,Roberts Creek @ 206th St/B65 (RC02/ROB30),08/01/1995 10:10:00,BSP,NIT-NO3-NO2,Inorganic nitrogen (nitrate and nitrite) (as N),Total,,4.3,mg/l,True,0.1,,,353.2,BSP,Actual,SW,Water,,,Clayton,07060004,River/Stream,,42.9304245,-91.38552335
6,15220040,L22T,08/15/1995 10:45:00,BSP,NIT-NO3-NO2,Inorganic nitrogen (nitrate and nitrite) (as N),Total,,14.4,mg/l,True,0.2,,,353.2,BSP,Calculated,GW,Water,,Originally reported as Nitrate + Nitrite as NO3.,Clayton,07060004,Facility Other,,43.0217187,-91.4893474
6,15220028,Silver Creek @ Dogwood Ave (L23S),08/01/1995 13:25:00,BSP,NIT-NO3-NO2,Inorganic nitrogen (nitrate and nitrite) (as N),Total,,6.2,mg/l,True,0.1,,,353.2,BSP,Actual,SW,Water,,,Clayton,07060004,River/Stream,,43.0217763,-91.4894189
6,15220028,Silver Creek @ Dogwood Ave (L23S),07/18/1995 12:25:00,BSP,NIT-NO3-NO2,Inorganic nitrogen (nitrate and nitrite) (as N),Total,,9.1,mg/l,True,0.1,,,353.2,BSP,Actual,SW,Water,,,Clayton,07060004,River/Stream,,43.0217763,-91.4894189
6,15220018,Roberts Creek @ 206th St/B65 (RC02/ROB30),07/18/1995 11:00:00,BSP,NIT-NO3-NO2,Inorganic nitrogen (nitrate and nitrite) (as N),Total,,2.5,mg/l,True,0.1,,,353.2,BSP,Actual,SW,Water,,,Clayton,07060004,River/Stream,,42.9304245,-91.38552335
6,15220040,L22T,07/18/1995 12:40:00,BSP,NIT-NO3-NO2,Inorganic nitrogen (nitrate and nitrite) (as N),Total,,19.9,mg/l,True,0.2,,,353.2,BSP,Calculated,GW,Water,,Originally reported as Nitrate + Nitrite as NO3.,Clayton,07060004,Facility Other,,43.0217187,-91.4893474
6,15220038,BTLUE,07/18/1995 11:45:00,BSP,NIT-NO3-NO2,Inorganic nitrogen (nitrate and nitrite) (as N),Total,,16,mg/l,True,0.2,,,353.2,BSP,Calculated,GW,Water,,Originally reported as Nitrate + Nitrite as NO3.,Clayton,07060004,Facility Other,,43.044315,-91.4769171
6,15220036,Turkey River @ Big Spring (TR01),07/18/1995 10:45:00,BSP,NIT-NO3-NO2,Inorganic nitrogen (nitrate and nitrite) (as N),Total,,4.3,mg/l,True,0.2,,,353.2,BSP,Calculated,SW,Water,,Originally reported as Nitrate + Nitrite as NO3.,Clayton,07060004,River/Stream,,42.9095476,-91.4709184
6,15220028,Silver Creek @ Dogwood Ave (L23S),07/25/1995 11:50:00,BSP,NIT-NO3-NO2,Inorganic nitrogen (nitrate and nitrite) (as N),Total,,7.1,mg/l,True,0.1,,,353.2,BSP,Actual,SW,Water,,,Clayton,07060004,River/Stream,,43.0217763,-91.4894189
6,15220033,Silver Creek @ 155th St (SC01),07/25/1995 10:35:00,BSP,NIT-NO3-NO2,Inorganic nitrogen (nitrate and nitrite) (as N),Total,,9,mg/l,True,0.2,,,353.2,BSP,Calculated,SW,Water,,Originally reported as Nitrate + Nitrite as NO3.,Clayton,07060004,River/Stream,,43.0006333,-91.4484974
6,15220027,Unnamed Trib. to Turkey R. @ Big Spring Rd. (HS03),07/25/1995 09:15:00,BSP,NIT-NO3-NO2,Inorganic nitrogen (nitrate and nitrite) (as N),Total,,7,mg/l,True,0.2,,,353.2,BSP,Calculated,SW,Water,,Originally reported as Nitrate + Nitrite as NO3.,Clayton,07060004,River/Stream,,42.9268507,-91.4687552
6,15220031,Unnamed Trib. to Roberts Crk. @ Aspen Ave (RC13),07/25/1995 11:30:00,BSP,NIT-NO3-NO2,Inorganic nitrogen (nitrate and nitrite) (as N),Total,,4.3,mg/l,True,0.2,,,353.2,BSP,Calculated,SW,Water,,Originally reported as Nitrate + Nitrite as NO3.,Clayton,07060004,River/Stream,,43.0574767,-91.5781539
6,15220030,Roberts Creek @ 130th St (RC11),07/25/1995 11:35:00,BSP,NIT-NO3-NO2,Inorganic nitrogen (nitrate and nitrite) (as N),Total,,7,mg/l,True,0.2,,,353.2,BSP,Calculated,SW,Water,,Originally reported as Nitrate + Nitrite as NO3.,Clayton,07060004,River/Stream,,43.0365499,-91.537903
6,15220029,Roberts Creek @ 145th St (RC10),07/25/1995 11:45:00,BSP,NIT-NO3-NO2,Inorganic nitrogen (nitrate and nitrite) (as N),Total,,5.4,mg/l,True,0.2,,,353.2,BSP,Calculated,SW,Water,,Originally reported as Nitrate + Nitrite as NO3.,Clayton,07060004,River/Stream,,43.0159151,-91.512025
6,15220024,Roberts Creek @ 172nd St (F45),07/25/1995 10:20:00,BSP,NIT-NO3-NO2,Inorganic nitrogen (nitrate and nitrite) (as N),Total,,6.1,mg/l,True,0.2,,,353.2,BSP,Calculated,SW,Water,,Originally reported as Nitrate + Nitrite as NO3.,Clayton,07060004,River/Stream,,42.9750265,-91.4830196
6,15220034,Unnamed Trib. to Silver Crk. @ Dolphin Ave (SC03),07/25/1995 10:50:00,BSP,NIT-NO3-NO2,Inorganic nitrogen (nitrate and nitrite) (as N),Total,,0.7,mg/l,True,0.2,,,353.2,BSP,Calculated,SW,Water,,Originally reported as Nitrate + Nitrite as NO3.,Clayton,07060004,River/Stream,,43.0342002,-91.4587066
6,15220035,Silver Creek @ 145th St (SC05),07/25/1995 10:45:00,BSP,NIT-NO3-NO2,Inorganic nitrogen (nitrate and nitrite) (as N),Total,,9.7,mg/l,True,0.2,,,353.2,BSP,Calculated,SW,Water,,Originally reported as Nitrate + Nitrite as NO3.,Clayton,07060004,River/Stream,,43.0136712,-91.4626953
6,15220026,Howard Creek @ Co. Rd. X28 (HC01),07/25/1995 13:50:00,BSP,NIT-NO3-NO2,Inorganic nitrogen (nitrate and nitrite) (as N),Total,,10.6,mg/l,True,0.2,,,353.2,BSP,Calculated,SW,Water,,Originally reported as Nitrate + Nitrite as NO3.,Clayton,07060004,River/Stream,,42.9622643,-91.3693639
6,15220018,Roberts Creek @ 206th St/B65 (RC02/ROB30),07/05/1995 15:45:00,BSP,NIT-NO3-NO2,Inorganic nitrogen (nitrate and nitrite) (as N),Total,,6.5,mg/l,True,0.1,,,353.2,BSP,Actual,SW,Water,,,Clayton,07060004,River/Stream,,42.9304245,-91.38552335
6,15220028,Silver Creek @ Dogwood Ave (L23S),07/05/1995 10:40:00,BSP,NIT-NO3-NO2,Inorganic nitrogen (nitrate and nitrite) (as N),Total,,10,mg/l,True,0.1,,,353.2,BSP,Actual,SW,Water,,,Clayton,07060004,River/Stream,,43.0217763,-91.4894189
6,15220028,Silver Creek @ Dogwood Ave (L23S),06/20/1995 09:50:00,BSP,NIT-NO3-NO2,Inorganic nitrogen (nitrate and nitrite) (as N),Total,,11,mg/l,True,0.1,,,353.2,BSP,Actual,SW,Water,,,Clayton,07060004,River/Stream,,43.0217763,-91.4894189
6,15220018,Roberts Creek @ 206th St/B65 (RC02/ROB30),06/06/1995 14:20:00,BSP,NIT-NO3-NO2,Inorganic nitrogen (nitrate and nitrite) (as N),Total,,9.6,mg/l,True,0.1,,,353.2,BSP,Actual,SW,Water,,,Clayton,07060004,River/Stream,,42.9304245,-91.38552335
6,15220040,L22T,06/06/1995 11:00:00,BSP,NIT-NO3-NO2,Inorganic nitrogen (nitrate and nitrite) (as N),Total,,21.2,mg/l,True,0.2,,,353.2,BSP,Calculated,GW,Water,,Originally reported as Nitrate + Nitrite as NO3.,Clayton,07060004,Facility Other,,43.0217187,-91.4893474
6,15220028,Silver Creek @ Dogwood Ave (L23S),06/06/1995 10:50:00,BSP,NIT-NO3-NO2,Inorganic nitrogen (nitrate and nitrite) (as N),Total,,17,mg/l,True,0.1,,,353.2,BSP,Actual,SW,Water,,,Clayton,07060004,River/Stream,,43.0217763,-91.4894189
6,15220028,Silver Creek @ Dogwood Ave (L23S),05/09/1995 10:35:00,BSP,NIT-NO3-NO2,Inorganic nitrogen (nitrate and nitrite) (as N),Total,,11,mg/l,True,0.1,,,353.2,BSP,Actual,SW,Water,,,Clayton,07060004,River/Stream,,43.0217763,-91.4894189
6,15220018,Roberts Creek @ 206th St/B65 (RC02/ROB30),05/09/1995 11:45:00,BSP,NIT-NO3-NO2,Inorganic nitrogen (nitrate and nitrite) (as N),Total,,7.1,mg/l,True,0.1,,,353.2,BSP,Actual,SW,Water,,,Clayton,07060004,River/Stream,,42.9304245,-91.38552335
6,15220040,L22T,05/09/1995 10:40:00,BSP,NIT-NO3-NO2,Inorganic nitrogen (nitrate and nitrite) (as N),Total,,18.3,mg/l,True,0.2,,,353.2,BSP,Calculated,GW,Water,,Originally reported as Nitrate + Nitrite as NO3.,Clayton,07060004,Facility Other,,43.0217187,-91.4893474
6,15220038,BTLUE,05/09/1995 10:45:00,BSP,NIT-NO3-NO2,Inorganic nitrogen (nitrate and nitrite) (as N),Total,,19,mg/l,True,0.2,,,353.2,BSP,Calculated,GW,Water,,Originally reported as Nitrate + Nitrite as NO3.,Clayton,07060004,Facility Other,,43.044315,-91.4769171
6,15220039,BTLUW,05/09/1995 10:50:00,BSP,NIT-NO3-NO2,Inorganic nitrogen (nitrate and nitrite) (as N),Total,,21.4,mg/l,True,0.2,,,353.2,BSP,Calculated,GW,Water,,Originally reported as Nitrate + Nitrite as NO3.,Clayton,07060004,Facility Other,,43.0443165,-91.4769577
6,15220036,Turkey River @ Big Spring (TR01),05/09/1995 09:55:00,BSP,NIT-NO3-NO2,Inorganic nitrogen (nitrate and nitrite) (as N),Total,,8.4,mg/l,True,0.2,,,353.2,BSP,Calculated,SW,Water,,Originally reported as Nitrate + Nitrite as NO3.,Clayton,07060004,River/Stream,,42.9095476,-91.4709184
6,15220040,L22T,05/23/1995 10:50:00,BSP,NIT-NO3-NO2,Inorganic nitrogen (nitrate and nitrite) (as N),Total,,19.6,mg/l,True,0.2,,,353.2,BSP,Calculated,GW,Water,,Originally reported as Nitrate + Nitrite as NO3.,Clayton,07060004,Facility Other,,43.0217187,-91.4893474
6,15220018,Roberts Creek @ 206th St/B65 (RC02/ROB30),06/20/1995 14:50:00,BSP,NIT-NO3-NO2,Inorganic nitrogen (nitrate and nitrite) (as N),Total,,6.2,mg/l,True,0.1,,,353.2,BSP,Actual,SW,Water,,,Clayton,07060004,River/Stream,,42.9304245,-91.38552335
6,15220040,L22T,06/20/1995 10:20:00,BSP,NIT-NO3-NO2,Inorganic nitrogen (nitrate and nitrite) (as N),Total,,19.4,mg/l,True,0.2,,,353.2,BSP,Calculated,GW,Water,,Originally reported as Nitrate + Nitrite as NO3.,Clayton,07060004,Facility Other,,43.0217187,-91.4893474
6,15220038,BTLUE,06/20/1995 10:45:00,BSP,NIT-NO3-NO2,Inorganic nitrogen (nitrate and nitrite) (as N),Total,,18.3,mg/l,True,0.2,,,353.2,BSP,Calculated,GW,Water,,Originally reported as Nitrate + Nitrite as NO3.,Clayton,07060004,Facility Other,,43.044315,-91.4769171
6,15220039,BTLUW,06/20/1995 10:55:00,BSP,NIT-NO3-NO2,Inorganic nitrogen (nitrate and nitrite) (as N),Total,,20.8,mg/l,True,0.2,,,353.2,BSP,Calculated,GW,Water,,Originally reported as Nitrate + Nitrite as NO3.,Clayton,07060004,Facility Other,,43.0443165,-91.4769577
6,15220036,Turkey River @ Big Spring (TR01),06/20/1995 09:25:00,BSP,NIT-NO3-NO2,Inorganic nitrogen (nitrate and nitrite) (as N),Total,,5,mg/l,True,0.2,,,353.2,BSP,Calculated,SW,Water,,Originally reported as Nitrate + Nitrite as NO3.,Clayton,07060004,River/Stream,,42.9095476,-91.4709184
6,15220036,Turkey River @ Big Spring (TR01),05/23/1995 10:00:00,BSP,NIT-NO3-NO2,Inorganic nitrogen (nitrate and nitrite) (as N),Total,,6.5,mg/l,True,0.2,,,353.2,BSP,Calculated,SW,Water,,Originally reported as Nitrate + Nitrite as NO3.,Clayton,07060004,River/Stream,,42.9095476,-91.4709184
6,15220033,Silver Creek @ 155th St (SC01),06/27/1995 10:25:00,BSP,NIT-NO3-NO2,Inorganic nitrogen (nitrate and nitrite) (as N),Total,,10.6,mg/l,True,0.2,,,353.2,BSP,Calculated,SW,Water,,Originally reported as Nitrate + Nitrite as NO3.,Clayton,07060004,River/Stream,,43.0006333,-91.4484974
6,15220027,Unnamed Trib. to Turkey R. @ Big Spring Rd. (HS03),06/27/1995 09:15:00,BSP,NIT-NO3-NO2,Inorganic nitrogen (nitrate and nitrite) (as N),Total,,7.2,mg/l,True,0.2,,,353.2,BSP,Calculated,SW,Water,,Originally reported as Nitrate + Nitrite as NO3.,Clayton,07060004,River/Stream,,42.9268507,-91.4687552
6,15220031,Unnamed Trib. to Roberts Crk. @ Aspen Ave (RC13),06/27/1995 11:20:00,BSP,NIT-NO3-NO2,Inorganic nitrogen (nitrate and nitrite) (as N),Total,,7.7,mg/l,True,0.2,,,353.2,BSP,Calculated,SW,Water,,Originally reported as Nitrate + Nitrite as NO3.,Clayton,07060004,River/Stream,,43.0574767,-91.5781539
6,15220030,Roberts Creek @ 130th St (RC11),06/27/1995 11:15:00,BSP,NIT-NO3-NO2,Inorganic nitrogen (nitrate and nitrite) (as N),Total,,7.9,mg/l,True,0.2,,,353.2,BSP,Calculated,SW,Water,,Originally reported as Nitrate + Nitrite as NO3.,Clayton,07060004,River/Stream,,43.0365499,-91.537903
6,15220029,Roberts Creek @ 145th St (RC10),06/27/1995 11:10:00,BSP,NIT-NO3-NO2,Inorganic nitrogen (nitrate and nitrite) (as N),Total,,5.6,mg/l,True,0.2,,,353.2,BSP,Calculated,SW,Water,,Originally reported as Nitrate + Nitrite as NO3.,Clayton,07060004,River/Stream,,43.0159151,-91.512025
6,15220024,Roberts Creek @ 172nd St (F45),06/27/1995 10:10:00,BSP,NIT-NO3-NO2,Inorganic nitrogen (nitrate and nitrite) (as N),Total,,7.2,mg/l,True,0.2,,,353.2,BSP,Calculated,SW,Water,,Originally reported as Nitrate + Nitrite as NO3.,Clayton,07060004,River/Stream,,42.9750265,-91.4830196
6,15220034,Unnamed Trib. to Silver Crk. @ Dolphin Ave (SC03),06/27/1995 10:35:00,BSP,NIT-NO3-NO2,Inorganic nitrogen (nitrate and nitrite) (as N),Total,,0.7,mg/l,True,0.2,,,353.2,BSP,Calculated,SW,Water,,Originally reported as Nitrate + Nitrite as NO3.,Clayton,07060004,River/Stream,,43.0342002,-91.4587066
6,15220035,Silver Creek @ 145th St (SC05),06/27/1995 10:30:00,BSP,NIT-NO3-NO2,Inorganic nitrogen (nitrate and nitrite) (as N),Total,,11.7,mg/l,True,0.2,,,353.2,BSP,Calculated,SW,Water,,Originally reported as Nitrate + Nitrite as NO3.,Clayton,07060004,River/Stream,,43.0136712,-91.4626953
6,15220026,Howard Creek @ Co. Rd. X28 (HC01),06/27/1995 16:20:00,BSP,NIT-NO3-NO2,Inorganic nitrogen (nitrate and nitrite) (as N),Total,,12.2,mg/l,True,0.2,,,353.2,BSP,Calculated,SW,Water,,Originally reported as Nitrate + Nitrite as NO3.,Clayton,07060004,River/Stream,,42.9622643,-91.3693639
6,15220028,Silver Creek @ Dogwood Ave (L23S),05/23/1995 10:40:00,BSP,NIT-NO3-NO2,Inorganic nitrogen (nitrate and nitrite) (as N),Total,,11,mg/l,True,0.1,,,353.2,BSP,Actual,SW,Water,,,Clayton,07060004,River/Stream,,43.0217763,-91.4894189
6,15220038,BTLUE,05/23/1995 11:20:00,BSP,NIT-NO3-NO2,Inorganic nitrogen (nitrate and nitrite) (as N),Total,,17.8,mg/l,True,0.2,,,353.2,BSP,Calculated,GW,Water,,Originally reported as Nitrate + Nitrite as NO3.,Clayton,07060004,Facility Other,,43.044315,-91.4769171
6,15220039,BTLUW,05/23/1995 11:30:00,BSP,NIT-NO3-NO2,Inorganic nitrogen (nitrate and nitrite) (as N),Total,,20.3,mg/l,True,0.2,,,353.2,BSP,Calculated,GW,Water,,Originally reported as Nitrate + Nitrite as NO3.,Clayton,07060004,Facility Other,,43.0443165,-91.4769577
6,15220038,BTLUE,05/30/1995 10:30:00,BSP,NIT-NO3-NO2,Inorganic nitrogen (nitrate and nitrite) (as N),Total,,24.8,mg/l,True,0.2,,,353.2,BSP,Calculated,GW,Water,,Originally reported as Nitrate + Nitrite as NO3.,Clayton,07060004,Facility Other,,43.044315,-91.4769171
6,15220027,Unnamed Trib. to Turkey R. @ Big Spring Rd. (HS03),05/30/1995 09:00:00,BSP,NIT-NO3-NO2,Inorganic nitrogen (nitrate and nitrite) (as N),Total,,12,mg/l,True,0.2,,,353.2,BSP,Calculated,SW,Water,,Originally reported as Nitrate + Nitrite as NO3.,Clayton,07060004,River/Stream,,42.9268507,-91.4687552
6,15220031,Unnamed Trib. to Roberts Crk. @ Aspen Ave (RC13),05/30/1995 11:15:00,BSP,NIT-NO3-NO2,Inorganic nitrogen (nitrate and nitrite) (as N),Total,,16.5,mg/l,True,0.2,,,353.2,BSP,Calculated,SW,Water,,Originally reported as Nitrate + Nitrite as NO3.,Clayton,07060004,River/Stream,,43.0574767,-91.5781539
6,15220030,Roberts Creek @ 130th St (RC11),05/30/1995 11:10:00,BSP,NIT-NO3-NO2,Inorganic nitrogen (nitrate and nitrite) (as N),Total,,14.4,mg/l,True,0.2,,,353.2,BSP,Calculated,SW,Water,,Originally reported as Nitrate + Nitrite as NO3.,Clayton,07060004,River/Stream,,43.0365499,-91.537903
6,15220029,Roberts Creek @ 145th St (RC10),05/30/1995 11:00:00,BSP,NIT-NO3-NO2,Inorganic nitrogen (nitrate and nitrite) (as N),Total,,13.3,mg/l,True,0.2,,,353.2,BSP,Calculated,SW,Water,,Originally reported as Nitrate + Nitrite as NO3.,Clayton,07060004,River/Stream,,43.0159151,-91.512025
6,15220024,Roberts Creek @ 172nd St (F45),05/30/1995 10:00:00,BSP,NIT-NO3-NO2,Inorganic nitrogen (nitrate and nitrite) (as N),Total,,14,mg/l,True,0.2,,,353.2,BSP,Calculated,SW,Water,,Originally reported as Nitrate + Nitrite as NO3.,Clayton,07060004,River/Stream,,42.9750265,-91.4830196
6,15220034,Unnamed Trib. to Silver Crk. @ Dolphin Ave (SC03),05/30/1995 10:20:00,BSP,NIT-NO3-NO2,Inorganic nitrogen (nitrate and nitrite) (as N),Total,,9.7,mg/l,True,0.2,,,353.2,BSP,Calculated,SW,Water,,Originally reported as Nitrate + Nitrite as NO3.,Clayton,07060004,River/Stream,,43.0342002,-91.4587066
6,15220035,Silver Creek @ 145th St (SC05),05/30/1995 10:15:00,BSP,NIT-NO3-NO2,Inorganic nitrogen (nitrate and nitrite) (as N),Total,,18.5,mg/l,True,0.2,,,353.2,BSP,Calculated,SW,Water,,Originally reported as Nitrate + Nitrite as NO3.,Clayton,07060004,River/Stream,,43.0136712,-91.4626953
6,15220026,Howard Creek @ Co. Rd. X28 (HC01),05/30/1995 15:50:00,BSP,NIT-NO3-NO2,Inorganic nitrogen (nitrate and nitrite) (as N),Total,,16.9,mg/l,True,0.2,,,353.2,BSP,Calculated,SW,Water,,Originally reported as Nitrate + Nitrite as NO3.,Clayton,07060004,River/Stream,,42.9622643,-91.3693639
6,15220028,Silver Creek @ Dogwood Ave (L23S),04/18/1995 11:00:00,BSP,NIT-NO3-NO2,Inorganic nitrogen (nitrate and nitrite) (as N),Total,,9,mg/l,True,0.1,,,353.2,BSP,Actual,SW,Water,,,Clayton,07060004,River/Stream,,43.0217763,-91.4894189
6,15220038,BTLUE,04/24/1995 14:10:00,BSP,NIT-NO3-NO2,Inorganic nitrogen (nitrate and nitrite) (as N),Total,,19.6,mg/l,True,0.2,,,353.2,BSP,Calculated,GW,Water,,Originally reported as Nitrate + Nitrite as NO3.,Clayton,07060004,Facility Other,,43.044315,-91.4769171
6,15220039,BTLUW,04/24/1995 14:20:00,BSP,NIT-NO3-NO2,Inorganic nitrogen (nitrate and nitrite) (as N),Total,,21.9,mg/l,True,0.2,,,353.2,BSP,Calculated,GW,Water,,Originally reported as Nitrate + Nitrite as NO3.,Clayton,07060004,Facility Other,,43.0443165,-91.4769577
6,15220040,L22T,04/24/1995 16:30:00,BSP,NIT-NO3-NO2,Inorganic nitrogen (nitrate and nitrite) (as N),Total,,19.2,mg/l,True,0.2,,,353.2,BSP,Calculated,GW,Water,,Originally reported as Nitrate + Nitrite as NO3.,Clayton,07060004,Facility Other,,43.0217187,-91.4893474
6,15220036,Turkey River @ Big Spring (TR01),04/24/1995 11:40:00,BSP,NIT-NO3-NO2,Inorganic nitrogen (nitrate and nitrite) (as N),Total,,9.3,mg/l,True,0.2,,,353.2,BSP,Calculated,SW,Water,,Originally reported as Nitrate + Nitrite as NO3.,Clayton,07060004,River/Stream,,42.9095476,-91.4709184
6,15220025,Roberts Creek @ Essex Ave (F47),04/24/1995 12:20:00,BSP,NIT-NO3-NO2,Inorganic nitrogen (nitrate and nitrite) (as N),Total,,11.1,mg/l,True,0.2,,,353.2,BSP,Calculated,SW,Water,,Originally reported as Nitrate + Nitrite as NO3.,Clayton,07060004,River/Stream,,42.9590908,-91.4195205
6,15220033,Silver Creek @ 155th St (SC01),04/24/1995 17:00:00,BSP,NIT-NO3-NO2,Inorganic nitrogen (nitrate and nitrite) (as N),Total,,14.4,mg/l,True,0.2,,,353.2,BSP,Calculated,SW,Water,,Originally reported as Nitrate + Nitrite as NO3.,Clayton,07060004,River/Stream,,43.0006333,-91.4484974
6,15220027,Unnamed Trib. to Turkey R. @ Big Spring Rd. (HS03),04/24/1995 11:15:00,BSP,NIT-NO3-NO2,Inorganic nitrogen (nitrate and nitrite) (as N),Total,,9.9,mg/l,True,0.2,,,353.2,BSP,Calculated,SW,Water,,Originally reported as Nitrate + Nitrite as NO3.,Clayton,07060004,River/Stream,,42.9268507,-91.4687552
6,15220038,BTLUE,05/02/1995 11:15:00,BSP,NIT-NO3-NO2,Inorganic nitrogen (nitrate and nitrite) (as N),Total,,19,mg/l,True,0.2,,,353.2,BSP,Calculated,GW,Water,,Originally reported as Nitrate + Nitrite as NO3.,Clayton,07060004,Facility Other,,43.044315,-91.4769171
6,15220039,BTLUW,05/02/1995 11:25:00,BSP,NIT-NO3-NO2,Inorganic nitrogen (nitrate and nitrite) (as N),Total,,22.1,mg/l,True,0.2,,,353.2,BSP,Calculated,GW,Water,,Originally reported as Nitrate + Nitrite as NO3.,Clayton,07060004,Facility Other,,43.0443165,-91.4769577
6,15220036,Turkey River @ Big Spring (TR01),05/02/1995 09:45:00,BSP,NIT-NO3-NO2,Inorganic nitrogen (nitrate and nitrite) (as N),Total,,8.8,mg/l,True,0.2,,,353.2,BSP,Calculated,SW,Water,,Originally reported as Nitrate + Nitrite as NO3.,Clayton,07060004,River/Stream,,42.9095476,-91.4709184
6,15220018,Roberts Creek @ 206th St/B65 (RC02/ROB30),04/11/1995 14:40:00,BSP,NIT-NO3-NO2,Inorganic nitrogen (nitrate and nitrite) (as N),Total,,7.7,mg/l,True,0.1,,,353.2,BSP,Actual,SW,Water,,,Clayton,07060004,River/Stream,,42.9304245,-91.38552335
6,15220040,L22T,04/11/1995 10:45:00,BSP,NIT-NO3-NO2,Inorganic nitrogen (nitrate and nitrite) (as N),Total,,15.1,mg/l,True,0.2,,,353.2,BSP,Calculated,GW,Water,,Originally reported as Nitrate + Nitrite as NO3.,Clayton,07060004,Facility Other,,43.0217187,-91.4893474
6,15220038,BTLUE,04/11/1995 11:15:00,BSP,NIT-NO3-NO2,Inorganic nitrogen (nitrate and nitrite) (as N),Total,,19.6,mg/l,True,0.2,,,353.2,BSP,Calculated,GW,Water,,Originally reported as Nitrate + Nitrite as NO3.,Clayton,07060004,Facility Other,,43.044315,-91.4769171
6,15220039,BTLUW,04/11/1995 11:20:00,BSP,NIT-NO3-NO2,Inorganic nitrogen (nitrate and nitrite) (as N),Total,,11.3,mg/l,True,0.2,,,353.2,BSP,Calculated,GW,Water,,Originally reported as Nitrate + Nitrite as NO3.,Clayton,07060004,Facility Other,,43.0443165,-91.4769577
6,15220036,Turkey River @ Big Spring (TR01),04/11/1995 09:55:00,BSP,NIT-NO3-NO2,Inorganic nitrogen (nitrate and nitrite) (as N),Total,,7.9,mg/l,True,0.2,,,353.2,BSP,Calculated,SW,Water,,Originally reported as Nitrate + Nitrite as NO3.,Clayton,07060004,River/Stream,,42.9095476,-91.4709184
6,15220028,Silver Creek @ Dogwood Ave (L23S),04/11/1995 10:50:00,BSP,NIT-NO3-NO2,Inorganic nitrogen (nitrate and nitrite) (as N),Total,,9.3,mg/l,True,0.1,,,353.2,BSP,Actual,SW,Water,,,Clayton,07060004,River/Stream,,43.0217763,-91.4894189
6,15220028,Silver Creek @ Dogwood Ave (L23S),03/27/1995 13:45:00,BSP,NIT-NO3-NO2,Inorganic nitrogen (nitrate and nitrite) (as N),Total,,5.8,mg/l,True,0.1,,,353.2,BSP,Actual,SW,Water,,,Clayton,07060004,River/Stream,,43.0217763,-91.4894189
6,15220025,Roberts Creek @ Essex Ave (F47),03/27/1995 10:40:00,BSP,NIT-NO3-NO2,Inorganic nitrogen (nitrate and nitrite) (as N),Total,,6.1,mg/l,True,0.2,,,353.2,BSP,Calculated,SW,Water,,Originally reported as Nitrate + Nitrite as NO3.,Clayton,07060004,River/Stream,,42.9590908,-91.4195205
6,15220018,Roberts Creek @ 206th St/B65 (RC02/ROB30),03/27/1995 10:55:00,BSP,NIT-NO3-NO2,Inorganic nitrogen (nitrate and nitrite) (as N),Total,,2.8,mg/l,True,0.1,,,353.2,BSP,Actual,SW,Water,,,Clayton,07060004,River/Stream,,42.9304245,-91.38552335
6,15220033,Silver Creek @ 155th St (SC01),03/27/1995 11:30:00,BSP,NIT-NO3-NO2,Inorganic nitrogen (nitrate and nitrite) (as N),Total,,7.7,mg/l,True,0.2,,,353.2,BSP,Calculated,SW,Water,,Originally reported as Nitrate + Nitrite as NO3.,Clayton,07060004,River/Stream,,43.0006333,-91.4484974
6,15220027,Unnamed Trib. to Turkey R. @ Big Spring Rd. (HS03),03/27/1995 08:15:00,BSP,NIT-NO3-NO2,Inorganic nitrogen (nitrate and nitrite) (as N),Total,,6.3,mg/l,True,0.2,,,353.2,BSP,Calculated,SW,Water,,Originally reported as Nitrate + Nitrite as NO3.,Clayton,07060004,River/Stream,,42.9268507,-91.4687552
6,15220031,Unnamed Trib. to Roberts Crk. @ Aspen Ave (RC13),03/27/1995 14:30:00,BSP,NIT-NO3-NO2,Inorganic nitrogen (nitrate and nitrite) (as N),Total,,7.7,mg/l,True,0.2,,,353.2,BSP,Calculated,SW,Water,,Originally reported as Nitrate + Nitrite as NO3.,Clayton,07060004,River/Stream,,43.0574767,-91.5781539
6,15220030,Roberts Creek @ 130th St (RC11),03/27/1995 14:20:00,BSP,NIT-NO3-NO2,Inorganic nitrogen (nitrate and nitrite) (as N),Total,,6.3,mg/l,True,0.2,,,353.2,BSP,Calculated,SW,Water,,Originally reported as Nitrate + Nitrite as NO3.,Clayton,07060004,River/Stream,,43.0365499,-91.537903
6,15220029,Roberts Creek @ 145th St (RC10),03/27/1995 14:15:00,BSP,NIT-NO3-NO2,Inorganic nitrogen (nitrate and nitrite) (as N),Total,,6.3,mg/l,True,0.2,,,353.2,BSP,Calculated,SW,Water,,Originally reported as Nitrate + Nitrite as NO3.,Clayton,07060004,River/Stream,,43.0159151,-91.512025
6,15220018,Roberts Creek @ 206th St/B65 (RC02/ROB30),03/21/1995 11:00:00,BSP,NIT-NO3-NO2,Inorganic nitrogen (nitrate and nitrite) (as N),Total,,5.9,mg/l,True,0.1,,,353.2,BSP,Actual,SW,Water,,,Clayton,07060004,River/Stream,,42.9304245,-91.38552335
6,15220040,L22T,03/21/1995 12:30:00,BSP,NIT-NO3-NO2,Inorganic nitrogen (nitrate and nitrite) (as N),Total,,14.7,mg/l,True,0.2,,,353.2,BSP,Calculated,GW,Water,,Originally reported as Nitrate + Nitrite as NO3.,Clayton,07060004,Facility Other,,43.0217187,-91.4893474
6,15220040,L22T,03/27/1995 13:35:00,BSP,NIT-NO3-NO2,Inorganic nitrogen (nitrate and nitrite) (as N),Total,,15.6,mg/l,True,0.2,,,353.2,BSP,Calculated,GW,Water,,Originally reported as Nitrate + Nitrite as NO3.,Clayton,07060004,Facility Other,,43.0217187,-91.4893474
6,15220036,Turkey River @ Big Spring (TR01),03/27/1995 08:50:00,BSP,NIT-NO3-NO2,Inorganic nitrogen (nitrate and nitrite) (as N),Total,,7.7,mg/l,True,0.2,,,353.2,BSP,Calculated,SW,Water,,Originally reported as Nitrate + Nitrite as NO3.,Clayton,07060004,River/Stream,,42.9095476,-91.4709184
6,15220018,Roberts Creek @ 206th St/B65 (RC02/ROB30),03/14/1995 11:55:00,BSP,NIT-NO3-NO2,Inorganic nitrogen (nitrate and nitrite) (as N),Total,,3.9,mg/l,True,0.1,,,353.2,BSP,Actual,SW,Water,,,Clayton,07060004,River/Stream,,42.9304245,-91.38552335
6,15220038,BTLUE,03/14/1995 11:15:00,BSP,NIT-NO3-NO2,Inorganic nitrogen (nitrate and nitrite) (as N),Total,,15.8,mg/l,True,0.2,,,353.2,BSP,Calculated,GW,Water,,Originally reported as Nitrate + Nitrite as NO3.,Clayton,07060004,Facility Other,,43.044315,-91.4769171
6,15220039,BTLUW,03/14/1995 11:20:00,BSP,NIT-NO3-NO2,Inorganic nitrogen (nitrate and nitrite) (as N),Total,,22.1,mg/l,True,0.2,,,353.2,BSP,Calculated,GW,Water,,Originally reported as Nitrate + Nitrite as NO3.,Clayton,07060004,Facility Other,,43.0443165,-91.4769577
6,15220036,Turkey River @ Big Spring (TR01),03/14/1995 10:10:00,BSP,NIT-NO3-NO2,Inorganic nitrogen (nitrate and nitrite) (as N),Total,,2.3,mg/l,True,0.2,,,353.2,BSP,Calculated,SW,Water,,Originally reported as Nitrate + Nitrite as NO3.,Clayton,07060004,River/Stream,,42.9095476,-91.4709184
6,15220038,BTLUE,03/11/1995 12:30:00,BSP,NIT-NO3-NO2,Inorganic nitrogen (nitrate and nitrite) (as N),Total,,4.1,mg/l,True,0.2,,,353.2,BSP,Calculated,GW,Water,,Originally reported as Nitrate + Nitrite as NO3.,Clayton,07060004,Facility Other,,43.044315,-91.4769171
6,15220028,Silver Creek @ Dogwood Ave (L23S),03/14/1995 10:50:00,BSP,NIT-NO3-NO2,Inorganic nitrogen (nitrate and nitrite) (as N),Total,,10,mg/l,True,0.1,,,353.2,BSP,Actual,SW,Water,,,Clayton,07060004,River/Stream,,43.0217763,-91.4894189
6,15220028,Silver Creek @ Dogwood Ave (L23S),02/27/1995 13:15:00,BSP,NIT-NO3-NO2,Inorganic nitrogen (nitrate and nitrite) (as N),Total,,7.5,mg/l,True,0.1,,,353.2,BSP,Actual,SW,Water,,,Clayton,07060004,River/Stream,,43.0217763,-91.4894189
6,15220025,Roberts Creek @ Essex Ave (F47),02/27/1995 12:40:00,BSP,NIT-NO3-NO2,Inorganic nitrogen (nitrate and nitrite) (as N),Total,,4.7,mg/l,True,0.2,,,353.2,BSP,Calculated,SW,Water,,Originally reported as Nitrate + Nitrite as NO3.,Clayton,07060004,River/Stream,,42.9590908,-91.4195205
6,15220018,Roberts Creek @ 206th St/B65 (RC02/ROB30),02/27/1995 11:45:00,BSP,NIT-NO3-NO2,Inorganic nitrogen (nitrate and nitrite) (as N),Total,,3.9,mg/l,True,0.1,,,353.2,BSP,Actual,SW,Water,,,Clayton,07060004,River/Stream,,42.9304245,-91.38552335
6,15220033,Silver Creek @ 155th St (SC01),02/27/1995 13:05:00,BSP,NIT-NO3-NO2,Inorganic nitrogen (nitrate and nitrite) (as N),Total,,8.1,mg/l,True,0.2,,,353.2,BSP,Calculated,SW,Water,,Originally reported as Nitrate + Nitrite as NO3.,Clayton,07060004,River/Stream,,43.0006333,-91.4484974
6,15220027,Unnamed Trib. to Turkey R. @ Big Spring Rd. (HS03),02/27/1995 10:20:00,BSP,NIT-NO3-NO2,Inorganic nitrogen (nitrate and nitrite) (as N),Total,,6.8,mg/l,True,0.2,,,353.2,BSP,Calculated,SW,Water,,Originally reported as Nitrate + Nitrite as NO3.,Clayton,07060004,River/Stream,,42.9268507,-91.4687552
6,15220031,Unnamed Trib. to Roberts Crk. @ Aspen Ave (RC13),02/27/1995 13:55:00,BSP,NIT-NO3-NO2,Inorganic nitrogen (nitrate and nitrite) (as N),Total,,5.6,mg/l,True,0.2,,,353.2,BSP,Calculated,SW,Water,,Originally reported as Nitrate + Nitrite as NO3.,Clayton,07060004,River/Stream,,43.0574767,-91.5781539
6,15220030,Roberts Creek @ 130th St (RC11),02/27/1995 13:50:00,BSP,NIT-NO3-NO2,Inorganic nitrogen (nitrate and nitrite) (as N),Total,,6.3,mg/l,True,0.2,,,353.2,BSP,Calculated,SW,Water,,Originally reported as Nitrate + Nitrite as NO3.,Clayton,07060004,River/Stream,,43.0365499,-91.537903
6,15220029,Roberts Creek @ 145th St (RC10),02/27/1995 13:40:00,BSP,NIT-NO3-NO2,Inorganic nitrogen (nitrate and nitrite) (as N),Total,,5.2,mg/l,True,0.2,,,353.2,BSP,Calculated,SW,Water,,Originally reported as Nitrate + Nitrite as NO3.,Clayton,07060004,River/Stream,,43.0159151,-91.512025
6,15220024,Roberts Creek @ 172nd St (F45),02/27/1995 12:55:00,BSP,NIT-NO3-NO2,Inorganic nitrogen (nitrate and nitrite) (as N),Total,,5.6,mg/l,True,0.2,,,353.2,BSP,Calculated,SW,Water,,Originally reported as Nitrate + Nitrite as NO3.,Clayton,07060004,River/Stream,,42.9750265,-91.4830196
6,15220040,L22T,03/14/1995 10:55:00,BSP,NIT-NO3-NO2,Inorganic nitrogen (nitrate and nitrite) (as N),Total,,15.3,mg/l,True,0.2,,,353.2,BSP,Calculated,GW,Water,,Originally reported as Nitrate + Nitrite as NO3.,Clayton,07060004,Facility Other,,43.0217187,-91.4893474
6,15220018,Roberts Creek @ 206th St/B65 (RC02/ROB30),02/21/1995 15:45:00,BSP,NIT-NO3-NO2,Inorganic nitrogen (nitrate and nitrite) (as N),Total,,2.6,mg/l,True,0.1,,,353.2,BSP,Actual,SW,Water,,,Clayton,07060004,River/Stream,,42.9304245,-91.38552335
6,15220028,Silver Creek @ Dogwood Ave (L23S),02/21/1995 10:40:00,BSP,NIT-NO3-NO2,Inorganic nitrogen (nitrate and nitrite) (as N),Total,,6.3,mg/l,True,0.1,,,353.2,BSP,Actual,SW,Water,,,Clayton,07060004,River/Stream,,43.0217763,-91.4894189
6,15220018,Roberts Creek @ 206th St/B65 (RC02/ROB30),02/14/1995 15:00:00,BSP,NIT-NO3-NO2,Inorganic nitrogen (nitrate and nitrite) (as N),Total,,6.9,mg/l,True,0.1,,,353.2,BSP,Actual,SW,Water,,,Clayton,07060004,River/Stream,,42.9304245,-91.38552335
6,15220038,BTLUE,02/14/1995 11:00:00,BSP,NIT-NO3-NO2,Inorganic nitrogen (nitrate and nitrite) (as N),Total,,14.7,mg/l,True,0.2,,,353.2,BSP,Calculated,GW,Water,,Originally reported as Nitrate + Nitrite as NO3.,Clayton,07060004,Facility Other,,43.044315,-91.4769171
6,15220036,Turkey River @ Big Spring (TR01),02/14/1995 10:10:00,BSP,NIT-NO3-NO2,Inorganic nitrogen (nitrate and nitrite) (as N),Total,,8.8,mg/l,True,0.2,,,353.2,BSP,Calculated,SW,Water,,Originally reported as Nitrate + Nitrite as NO3.,Clayton,07060004,River/Stream,,42.9095476,-91.4709184
6,15220028,Silver Creek @ Dogwood Ave (L23S),02/14/1995 10:40:00,BSP,NIT-NO3-NO2,Inorganic nitrogen (nitrate and nitrite) (as N),Total,,10,mg/l,True,0.1,,,353.2,BSP,Actual,SW,Water,,,Clayton,07060004,River/Stream,,43.0217763,-91.4894189
6,15220018,Roberts Creek @ 206th St/B65 (RC02/ROB30),01/17/1995 15:15:00,BSP,NIT-NO3-NO2,Inorganic nitrogen (nitrate and nitrite) (as N),Total,,5.6,mg/l,True,0.1,,,353.2,BSP,Actual,SW,Water,,,Clayton,07060004,River/Stream,,42.9304245,-91.38552335
6,15220018,Roberts Creek @ 206th St/B65 (RC02/ROB30),01/03/1995 11:15:00,BSP,NIT-NO3-NO2,Inorganic nitrogen (nitrate and nitrite) (as N),Total,,6.7,mg/l,True,0.1,,,353.2,BSP,Actual,SW,Water,,,Clayton,07060004,River/Stream,,42.9304245,-91.38552335
6,15220036,Turkey River @ Big Spring (TR01),01/10/1995 10:20:00,BSP,NIT-NO3-NO2,Inorganic nitrogen (nitrate and nitrite) (as N),Total,,7.7,mg/l,True,0.2,,,353.2,BSP,Calculated,SW,Water,,Originally reported as Nitrate + Nitrite as NO3.,Clayton,07060004,River/Stream,,42.9095476,-91.4709184
6,15220040,L22T,01/17/1995 11:45:00,BSP,NIT-NO3-NO2,Inorganic nitrogen (nitrate and nitrite) (as N),Total,,19.4,mg/l,True,0.2,,,353.2,BSP,Calculated,GW,Water,,Originally reported as Nitrate + Nitrite as NO3.,Clayton,07060004,Facility Other,,43.0217187,-91.4893474
6,15220028,Silver Creek @ Dogwood Ave (L23S),01/17/1995 11:50:00,BSP,NIT-NO3-NO2,Inorganic nitrogen (nitrate and nitrite) (as N),Total,,7.5,mg/l,True,0.1,,,353.2,BSP,Actual,SW,Water,,,Clayton,07060004,River/Stream,,43.0217763,-91.4894189
6,15220038,BTLUE,01/17/1995 12:35:00,BSP,NIT-NO3-NO2,Inorganic nitrogen (nitrate and nitrite) (as N),Total,,14.9,mg/l,True,0.2,,,353.2,BSP,Calculated,GW,Water,,Originally reported as Nitrate + Nitrite as NO3.,Clayton,07060004,Facility Other,,43.044315,-91.4769171
6,15220036,Turkey River @ Big Spring (TR01),01/17/1995 10:45:00,BSP,NIT-NO3-NO2,Inorganic nitrogen (nitrate and nitrite) (as N),Total,,7,mg/l,True,0.2,,,353.2,BSP,Calculated,SW,Water,,Originally reported as Nitrate + Nitrite as NO3.,Clayton,07060004,River/Stream,,42.9095476,-91.4709184
6,15220040,L22T,01/24/1995 10:25:00,BSP,NIT-NO3-NO2,Inorganic nitrogen (nitrate and nitrite) (as N),Total,,19.2,mg/l,True,0.2,,,353.2,BSP,Calculated,GW,Water,,Originally reported as Nitrate + Nitrite as NO3.,Clayton,07060004,Facility Other,,43.0217187,-91.4893474
6,15220040,L22T,01/30/1995 15:40:00,BSP,NIT-NO3-NO2,Inorganic nitrogen (nitrate and nitrite) (as N),Total,,19.9,mg/l,True,0.2,,,353.2,BSP,Calculated,GW,Water,,Originally reported as Nitrate + Nitrite as NO3.,Clayton,07060004,Facility Other,,43.0217187,-91.4893474
6,15220036,Turkey River @ Big Spring (TR01),01/30/1995 10:30:00,BSP,NIT-NO3-NO2,Inorganic nitrogen (nitrate and nitrite) (as N),Total,,7.7,mg/l,True,0.2,,,353.2,BSP,Calculated,SW,Water,,Originally reported as Nitrate + Nitrite as NO3.,Clayton,07060004,River/Stream,,42.9095476,-91.4709184
6,15220025,Roberts Creek @ Essex Ave (F47),01/30/1995 12:20:00,BSP,NIT-NO3-NO2,Inorganic nitrogen (nitrate and nitrite) (as N),Total,,6.5,mg/l,True,0.2,,,353.2,BSP,Calculated,SW,Water,,Originally reported as Nitrate + Nitrite as NO3.,Clayton,07060004,River/Stream,,42.9590908,-91.4195205
6,15220033,Silver Creek @ 155th St (SC01),01/30/1995 13:20:00,BSP,NIT-NO3-NO2,Inorganic nitrogen (nitrate and nitrite) (as N),Total,,9.9,mg/l,True,0.2,,,353.2,BSP,Calculated,SW,Water,,Originally reported as Nitrate + Nitrite as NO3.,Clayton,07060004,River/Stream,,43.0006333,-91.4484974
6,15220038,BTLUE,01/30/1995 14:50:00,BSP,NIT-NO3-NO2,Inorganic nitrogen (nitrate and nitrite) (as N),Total,,14.9,mg/l,True,0.2,,,353.2,BSP,Calculated,GW,Water,,Originally reported as Nitrate + Nitrite as NO3.,Clayton,07060004,Facility Other,,43.044315,-91.4769171
6,15220027,Unnamed Trib. to Turkey R. @ Big Spring Rd. (HS03),01/30/1995 10:10:00,BSP,NIT-NO3-NO2,Inorganic nitrogen (nitrate and nitrite) (as N),Total,,7,mg/l,True,0.2,,,353.2,BSP,Calculated,SW,Water,,Originally reported as Nitrate + Nitrite as NO3.,Clayton,07060004,River/Stream,,42.9268507,-91.4687552
6,15220031,Unnamed Trib. to Roberts Crk. @ Aspen Ave (RC13),01/30/1995 16:25:00,BSP,NIT-NO3-NO2,Inorganic nitrogen (nitrate and nitrite) (as N),Total,,7.4,mg/l,True,0.2,,,353.2,BSP,Calculated,SW,Water,,Originally reported as Nitrate + Nitrite as NO3.,Clayton,07060004,River/Stream,,43.0574767,-91.5781539
6,15220030,Roberts Creek @ 130th St (RC11),01/30/1995 16:20:00,BSP,NIT-NO3-NO2,Inorganic nitrogen (nitrate and nitrite) (as N),Total,,7,mg/l,True,0.2,,,353.2,BSP,Calculated,SW,Water,,Originally reported as Nitrate + Nitrite as NO3.,Clayton,07060004,River/Stream,,43.0365499,-91.537903
6,15220029,Roberts Creek @ 145th St (RC10),01/30/1995 16:10:00,BSP,NIT-NO3-NO2,Inorganic nitrogen (nitrate and nitrite) (as N),Total,,6.5,mg/l,True,0.2,,,353.2,BSP,Calculated,SW,Water,,Originally reported as Nitrate + Nitrite as NO3.,Clayton,07060004,River/Stream,,43.0159151,-91.512025
6,15220024,Roberts Creek @ 172nd St (F45),01/30/1995 12:05:00,BSP,NIT-NO3-NO2,Inorganic nitrogen (nitrate and nitrite) (as N),Total,,6.5,mg/l,True,0.2,,,353.2,BSP,Calculated,SW,Water,,Originally reported as Nitrate + Nitrite as NO3.,Clayton,07060004,River/Stream,,42.9750265,-91.4830196
6,15220040,L22T,02/14/1995 10:45:00,BSP,NIT-NO3-NO2,Inorganic nitrogen (nitrate and nitrite) (as N),Total,,19.9,mg/l,True,0.2,,,353.2,BSP,Calculated,GW,Water,,Originally reported as Nitrate + Nitrite as NO3.,Clayton,07060004,Facility Other,,43.0217187,-91.4893474
6,15220018,Roberts Creek @ 206th St/B65 (RC02/ROB30),12/20/1994 14:00:00,BSP,NIT-NO3-NO2,Inorganic nitrogen (nitrate and nitrite) (as N),Total,,5.6,mg/l,True,0.1,,,353.2,BSP,Actual,SW,Water,,,Clayton,07060004,River/Stream,,42.9304245,-91.38552335
6,15220038,BTLUE,12/20/1994 11:30:00,BSP,NIT-NO3-NO2,Inorganic nitrogen (nitrate and nitrite) (as N),Total,,14.9,mg/l,True,0.2,,,353.2,BSP,Calculated,GW,Water,,Originally reported as Nitrate + Nitrite as NO3.,Clayton,07060004,Facility Other,,43.044315,-91.4769171
6,15220036,Turkey River @ Big Spring (TR01),12/20/1994 09:50:00,BSP,NIT-NO3-NO2,Inorganic nitrogen (nitrate and nitrite) (as N),Total,,6.3,mg/l,True,0.2,,,353.2,BSP,Calculated,SW,Water,,Originally reported as Nitrate + Nitrite as NO3.,Clayton,07060004,River/Stream,,42.9095476,-91.4709184
6,15220033,Silver Creek @ 155th St (SC01),12/26/1994 11:25:00,BSP,NIT-NO3-NO2,Inorganic nitrogen (nitrate and nitrite) (as N),Total,,9.3,mg/l,True,0.2,,,353.2,BSP,Calculated,SW,Water,,Originally reported as Nitrate + Nitrite as NO3.,Clayton,07060004,River/Stream,,43.0006333,-91.4484974
6,15220027,Unnamed Trib. to Turkey R. @ Big Spring Rd. (HS03),12/26/1994 10:00:00,BSP,NIT-NO3-NO2,Inorganic nitrogen (nitrate and nitrite) (as N),Total,,6.8,mg/l,True,0.2,,,353.2,BSP,Calculated,SW,Water,,Originally reported as Nitrate + Nitrite as NO3.,Clayton,07060004,River/Stream,,42.9268507,-91.4687552
6,15220031,Unnamed Trib. to Roberts Crk. @ Aspen Ave (RC13),12/26/1994 12:05:00,BSP,NIT-NO3-NO2,Inorganic nitrogen (nitrate and nitrite) (as N),Total,,7.2,mg/l,True,0.2,,,353.2,BSP,Calculated,SW,Water,,Originally reported as Nitrate + Nitrite as NO3.,Clayton,07060004,River/Stream,,43.0574767,-91.5781539
6,15220030,Roberts Creek @ 130th St (RC11),12/26/1994 11:50:00,BSP,NIT-NO3-NO2,Inorganic nitrogen (nitrate and nitrite) (as N),Total,,7.4,mg/l,True,0.2,,,353.2,BSP,Calculated,SW,Water,,Originally reported as Nitrate + Nitrite as NO3.,Clayton,07060004,River/Stream,,43.0365499,-91.537903
6,15220029,Roberts Creek @ 145th St (RC10),12/26/1994 11:45:00,BSP,NIT-NO3-NO2,Inorganic nitrogen (nitrate and nitrite) (as N),Total,,6.8,mg/l,True,0.2,,,353.2,BSP,Calculated,SW,Water,,Originally reported as Nitrate + Nitrite as NO3.,Clayton,07060004,River/Stream,,43.0159151,-91.512025
6,15220024,Roberts Creek @ 172nd St (F45),12/26/1994 10:55:00,BSP,NIT-NO3-NO2,Inorganic nitrogen (nitrate and nitrite) (as N),Total,,7,mg/l,True,0.2,,,353.2,BSP,Calculated,SW,Water,,Originally reported as Nitrate + Nitrite as NO3.,Clayton,07060004,River/Stream,,42.9750265,-91.4830196
6,15220034,Unnamed Trib. to Silver Crk. @ Dolphin Ave (SC03),12/26/1994 13:00:00,BSP,NIT-NO3-NO2,Inorganic nitrogen (nitrate and nitrite) (as N),Total,,5.6,mg/l,True,0.2,,,353.2,BSP,Calculated,SW,Water,,Originally reported as Nitrate + Nitrite as NO3.,Clayton,07060004,River/Stream,,43.0342002,-91.4587066
6,15220035,Silver Creek @ 145th St (SC05),12/26/1994 11:35:00,BSP,NIT-NO3-NO2,Inorganic nitrogen (nitrate and nitrite) (as N),Total,,9.3,mg/l,True,0.2,,,353.2,BSP,Calculated,SW,Water,,Originally reported as Nitrate + Nitrite as NO3.,Clayton,07060004,River/Stream,,43.0136712,-91.4626953
6,15220026,Howard Creek @ Co. Rd. X28 (HC01),12/26/1994 14:25:00,BSP,NIT-NO3-NO2,Inorganic nitrogen (nitrate and nitrite) (as N),Total,,10.4,mg/l,True,0.2,,,353.2,BSP,Calculated,SW,Water,,Originally reported as Nitrate + Nitrite as NO3.,Clayton,07060004,River/Stream,,42.9622643,-91.3693639
6,15220028,Silver Creek @ Dogwood Ave (L23S),12/20/1994 10:40:00,BSP,NIT-NO3-NO2,Inorganic nitrogen (nitrate and nitrite) (as N),Total,,9.5,mg/l,True,0.1,,,353.2,BSP,Actual,SW,Water,,,Clayton,07060004,River/Stream,,43.0217763,-91.4894189
6,15220028,Silver Creek @ Dogwood Ave (L23S),11/22/1994 10:30:00,BSP,NIT-NO3-NO2,Inorganic nitrogen (nitrate and nitrite) (as N),Total,,7.9,mg/l,True,0.1,,,353.2,BSP,Actual,SW,Water,,,Clayton,07060004,River/Stream,,43.0217763,-91.4894189
6,15220018,Roberts Creek @ 206th St/B65 (RC02/ROB30),11/15/1994 15:15:00,BSP,NIT-NO3-NO2,Inorganic nitrogen (nitrate and nitrite) (as N),Total,,4.6,mg/l,True,0.1,,,353.2,BSP,Actual,SW,Water,,,Clayton,07060004,River/Stream,,42.9304245,-91.38552335
6,15220038,BTLUE,11/15/1994 11:40:00,BSP,NIT-NO3-NO2,Inorganic nitrogen (nitrate and nitrite) (as N),Total,,14.7,mg/l,True,0.2,,,353.2,BSP,Calculated,GW,Water,,Originally reported as Nitrate + Nitrite as NO3.,Clayton,07060004,Facility Other,,43.044315,-91.4769171
6,15220036,Turkey River @ Big Spring (TR01),11/15/1994 10:35:00,BSP,NIT-NO3-NO2,Inorganic nitrogen (nitrate and nitrite) (as N),Total,,7.7,mg/l,True,0.2,,,353.2,BSP,Calculated,SW,Water,,Originally reported as Nitrate + Nitrite as NO3.,Clayton,07060004,River/Stream,,42.9095476,-91.4709184
6,15220018,Roberts Creek @ 206th St/B65 (RC02/ROB30),11/22/1994 15:00:00,BSP,NIT-NO3-NO2,Inorganic nitrogen (nitrate and nitrite) (as N),Total,,5,mg/l,True,0.1,,,353.2,BSP,Actual,SW,Water,,,Clayton,07060004,River/Stream,,42.9304245,-91.38552335
6,15220038,BTLUE,11/22/1994 11:10:00,BSP,NIT-NO3-NO2,Inorganic nitrogen (nitrate and nitrite) (as N),Total,,15.3,mg/l,True,0.2,,,353.2,BSP,Calculated,GW,Water,,Originally reported as Nitrate + Nitrite as NO3.,Clayton,07060004,Facility Other,,43.044315,-91.4769171
6,15220040,L22T,11/22/1994 10:35:00,BSP,NIT-NO3-NO2,Inorganic nitrogen (nitrate and nitrite) (as N),Total,,16,mg/l,True,0.2,,,353.2,BSP,Calculated,GW,Water,,Originally reported as Nitrate + Nitrite as NO3.,Clayton,07060004,Facility Other,,43.0217187,-91.4893474
6,15220036,Turkey River @ Big Spring (TR01),11/22/1994 10:00:00,BSP,NIT-NO3-NO2,Inorganic nitrogen (nitrate and nitrite) (as N),Total,,6.5,mg/l,True,0.2,,,353.2,BSP,Calculated,SW,Water,,Originally reported as Nitrate + Nitrite as NO3.,Clayton,07060004,River/Stream,,42.9095476,-91.4709184
6,15220036,Turkey River @ Big Spring (TR01),11/28/1994 10:35:00,BSP,NIT-NO3-NO2,Inorganic nitrogen (nitrate and nitrite) (as N),Total,,6.8,mg/l,True,0.2,,,353.2,BSP,Calculated,SW,Water,,Originally reported as Nitrate + Nitrite as NO3.,Clayton,07060004,River/Stream,,42.9095476,-91.4709184
6,15220025,Roberts Creek @ Essex Ave (F47),11/28/1994 12:55:00,BSP,NIT-NO3-NO2,Inorganic nitrogen (nitrate and nitrite) (as N),Total,,5.9,mg/l,True,0.2,,,353.2,BSP,Calculated,SW,Water,,Originally reported as Nitrate + Nitrite as NO3.,Clayton,07060004,River/Stream,,42.9590908,-91.4195205
6,15220033,Silver Creek @ 155th St (SC01),11/28/1994 13:15:00,BSP,NIT-NO3-NO2,Inorganic nitrogen (nitrate and nitrite) (as N),Total,,7.2,mg/l,True,0.2,,,353.2,BSP,Calculated,SW,Water,,Originally reported as Nitrate + Nitrite as NO3.,Clayton,07060004,River/Stream,,43.0006333,-91.4484974
6,15220027,Unnamed Trib. to Turkey R. @ Big Spring Rd. (HS03),11/28/1994 10:10:00,BSP,NIT-NO3-NO2,Inorganic nitrogen (nitrate and nitrite) (as N),Total,,5.2,mg/l,True,0.2,,,353.2,BSP,Calculated,SW,Water,,Originally reported as Nitrate + Nitrite as NO3.,Clayton,07060004,River/Stream,,42.9268507,-91.4687552
6,15220031,Unnamed Trib. to Roberts Crk. @ Aspen Ave (RC13),11/28/1994 17:00:00,BSP,NIT-NO3-NO2,Inorganic nitrogen (nitrate and nitrite) (as N),Total,,6.3,mg/l,True,0.2,,,353.2,BSP,Calculated,SW,Water,,Originally reported as Nitrate + Nitrite as NO3.,Clayton,07060004,River/Stream,,43.0574767,-91.5781539
6,15220030,Roberts Creek @ 130th St (RC11),11/28/1994 16:50:00,BSP,NIT-NO3-NO2,Inorganic nitrogen (nitrate and nitrite) (as N),Total,,6.1,mg/l,True,0.2,,,353.2,BSP,Calculated,SW,Water,,Originally reported as Nitrate + Nitrite as NO3.,Clayton,07060004,River/Stream,,43.0365499,-91.537903
6,15220029,Roberts Creek @ 145th St (RC10),11/28/1994 16:45:00,BSP,NIT-NO3-NO2,Inorganic nitrogen (nitrate and nitrite) (as N),Total,,5.6,mg/l,True,0.2,,,353.2,BSP,Calculated,SW,Water,,Originally reported as Nitrate + Nitrite as NO3.,Clayton,07060004,River/Stream,,43.0159151,-91.512025
6,15220024,Roberts Creek @ 172nd St (F45),11/28/1994 13:10:00,BSP,NIT-NO3-NO2,Inorganic nitrogen (nitrate and nitrite) (as N),Total,,6.3,mg/l,True,0.2,,,353.2,BSP,Calculated,SW,Water,,Originally reported as Nitrate + Nitrite as NO3.,Clayton,07060004,River/Stream,,42.9750265,-91.4830196
6,15220034,Unnamed Trib. to Silver Crk. @ Dolphin Ave (SC03),11/28/1994 13:25:00,BSP,NIT-NO3-NO2,Inorganic nitrogen (nitrate and nitrite) (as N),Total,,4.3,mg/l,True,0.2,,,353.2,BSP,Calculated,SW,Water,,Originally reported as Nitrate + Nitrite as NO3.,Clayton,07060004,River/Stream,,43.0342002,-91.4587066
6,15220035,Silver Creek @ 145th St (SC05),11/28/1994 13:20:00,BSP,NIT-NO3-NO2,Inorganic nitrogen (nitrate and nitrite) (as N),Total,,7.4,mg/l,True,0.2,,,353.2,BSP,Calculated,SW,Water,,Originally reported as Nitrate + Nitrite as NO3.,Clayton,07060004,River/Stream,,43.0136712,-91.4626953
6,15220026,Howard Creek @ Co. Rd. X28 (HC01),11/28/1994 12:15:00,BSP,NIT-NO3-NO2,Inorganic nitrogen (nitrate and nitrite) (as N),Total,,11.7,mg/l,True,0.2,,,353.2,BSP,Calculated,SW,Water,,Originally reported as Nitrate + Nitrite as NO3.,Clayton,07060004,River/Stream,,42.9622643,-91.3693639
6,15220040,L22T,12/06/1994 11:10:00,BSP,NIT-NO3-NO2,Inorganic nitrogen (nitrate and nitrite) (as N),Total,,19,mg/l,True,0.2,,,353.2,BSP,Calculated,GW,Water,,Originally reported as Nitrate + Nitrite as NO3.,Clayton,07060004,Facility Other,,43.0217187,-91.4893474
6,15220038,BTLUE,12/13/1994 11:20:00,BSP,NIT-NO3-NO2,Inorganic nitrogen (nitrate and nitrite) (as N),Total,,14.4,mg/l,True,0.2,,,353.2,BSP,Calculated,GW,Water,,Originally reported as Nitrate + Nitrite as NO3.,Clayton,07060004,Facility Other,,43.044315,-91.4769171
6,15220036,Turkey River @ Big Spring (TR01),12/13/1994 10:10:00,BSP,NIT-NO3-NO2,Inorganic nitrogen (nitrate and nitrite) (as N),Total,,8.1,mg/l,True,0.2,,,353.2,BSP,Calculated,SW,Water,,Originally reported as Nitrate + Nitrite as NO3.,Clayton,07060004,River/Stream,,42.9095476,-91.4709184
6,15220040,L22T,12/20/1994 10:45:00,BSP,NIT-NO3-NO2,Inorganic nitrogen (nitrate and nitrite) (as N),Total,,19,mg/l,True,0.2,,,353.2,BSP,Calculated,GW,Water,,Originally reported as Nitrate + Nitrite as NO3.,Clayton,07060004,Facility Other,,43.0217187,-91.4893474
6,15220018,Roberts Creek @ 206th St/B65 (RC02/ROB30),11/01/1994 12:00:00,BSP,NIT-NO3-NO2,Inorganic nitrogen (nitrate and nitrite) (as N),Total,,4.6,mg/l,True,0.1,,,353.2,BSP,Actual,SW,Water,,,Clayton,07060004,River/Stream,,42.9304245,-91.38552335
6,15220038,BTLUE,11/01/1994 11:15:00,BSP,NIT-NO3-NO2,Inorganic nitrogen (nitrate and nitrite) (as N),Total,,15.8,mg/l,True,0.2,,,353.2,BSP,Calculated,GW,Water,,Originally reported as Nitrate + Nitrite as NO3.,Clayton,07060004,Facility Other,,43.044315,-91.4769171
6,15220036,Turkey River @ Big Spring (TR01),11/01/1994 10:05:00,BSP,NIT-NO3-NO2,Inorganic nitrogen (nitrate and nitrite) (as N),Total,,6.3,mg/l,True,0.2,,,353.2,BSP,Calculated,SW,Water,,Originally reported as Nitrate + Nitrite as NO3.,Clayton,07060004,River/Stream,,42.9095476,-91.4709184
6,15220028,Silver Creek @ Dogwood Ave (L23S),11/01/1994 10:30:00,BSP,NIT-NO3-NO2,Inorganic nitrogen (nitrate and nitrite) (as N),Total,,9.8,mg/l,True,0.1,,,353.2,BSP,Actual,SW,Water,,,Clayton,07060004,River/Stream,,43.0217763,-91.4894189
6,15220018,Roberts Creek @ 206th St/B65 (RC02/ROB30),10/18/1994 11:30:00,BSP,NIT-NO3-NO2,Inorganic nitrogen (nitrate and nitrite) (as N),Total,,4.1,mg/l,True,0.1,,,353.2,BSP,Actual,SW,Water,,,Clayton,07060004,River/Stream,,42.9304245,-91.38552335
6,15220040,L22T,10/18/1994 12:50:00,BSP,NIT-NO3-NO2,Inorganic nitrogen (nitrate and nitrite) (as N),Total,,18.5,mg/l,True,0.2,,,353.2,BSP,Calculated,GW,Water,,Originally reported as Nitrate + Nitrite as NO3.,Clayton,07060004,Facility Other,,43.0217187,-91.4893474
6,15220028,Silver Creek @ Dogwood Ave (L23S),10/18/1994 12:40:00,BSP,NIT-NO3-NO2,Inorganic nitrogen (nitrate and nitrite) (as N),Total,,6.2,mg/l,True,0.1,,,353.2,BSP,Actual,SW,Water,,,Clayton,07060004,River/Stream,,43.0217763,-91.4894189
6,15220038,BTLUE,10/18/1994 12:15:00,BSP,NIT-NO3-NO2,Inorganic nitrogen (nitrate and nitrite) (as N),Total,,16,mg/l,True,0.2,,,353.2,BSP,Calculated,GW,Water,,Originally reported as Nitrate + Nitrite as NO3.,Clayton,07060004,Facility Other,,43.044315,-91.4769171
6,15220036,Turkey River @ Big Spring (TR01),10/18/1994 10:45:00,BSP,NIT-NO3-NO2,Inorganic nitrogen (nitrate and nitrite) (as N),Total,,6.1,mg/l,True,0.2,,,353.2,BSP,Calculated,SW,Water,,Originally reported as Nitrate + Nitrite as NO3.,Clayton,07060004,River/Stream,,42.9095476,-91.4709184
6,15220038,BTLUE,10/25/1994 15:55:00,BSP,NIT-NO3-NO2,Inorganic nitrogen (nitrate and nitrite) (as N),Total,,15.8,mg/l,True,0.2,,,353.2,BSP,Calculated,GW,Water,,Originally reported as Nitrate + Nitrite as NO3.,Clayton,07060004,Facility Other,,43.044315,-91.4769171
6,15220030,Roberts Creek @ 130th St (RC11),10/25/1994 14:55:00,BSP,NIT-NO3-NO2,Inorganic nitrogen (nitrate and nitrite) (as N),Total,,6.3,mg/l,True,0.2,,,353.2,BSP,Calculated,SW,Water,,Originally reported as Nitrate + Nitrite as NO3.,Clayton,07060004,River/Stream,,43.0365499,-91.537903
6,15220029,Roberts Creek @ 145th St (RC10),10/25/1994 15:25:00,BSP,NIT-NO3-NO2,Inorganic nitrogen (nitrate and nitrite) (as N),Total,,5.9,mg/l,True,0.2,,,353.2,BSP,Calculated,SW,Water,,Originally reported as Nitrate + Nitrite as NO3.,Clayton,07060004,River/Stream,,43.0159151,-91.512025
6,15220034,Unnamed Trib. to Silver Crk. @ Dolphin Ave (SC03),10/25/1994 16:05:00,BSP,NIT-NO3-NO2,Inorganic nitrogen (nitrate and nitrite) (as N),Total,,5.4,mg/l,True,0.2,,,353.2,BSP,Calculated,SW,Water,,Originally reported as Nitrate + Nitrite as NO3.,Clayton,07060004,River/Stream,,43.0342002,-91.4587066
6,15220035,Silver Creek @ 145th St (SC05),10/25/1994 16:10:00,BSP,NIT-NO3-NO2,Inorganic nitrogen (nitrate and nitrite) (as N),Total,,8.4,mg/l,True,0.2,,,353.2,BSP,Calculated,SW,Water,,Originally reported as Nitrate + Nitrite as NO3.,Clayton,07060004,River/Stream,,43.0136712,-91.4626953
6,15220026,Howard Creek @ Co. Rd. X28 (HC01),10/25/1994 10:05:00,BSP,NIT-NO3-NO2,Inorganic nitrogen (nitrate and nitrite) (as N),Total,,8.4,mg/l,True,0.2,,,353.2,BSP,Calculated,SW,Water,,Originally reported as Nitrate + Nitrite as NO3.,Clayton,07060004,River/Stream,,42.9622643,-91.3693639
6,15220018,Roberts Creek @ 206th St/B65 (RC02/ROB30),09/22/1998 10:00:00,BSP,NIT-NO3-NO2,Inorganic nitrogen (nitrate and nitrite) (as N),Total,,5.6,mg/l,True,0.1,,,353.2,BSP,Actual,SW,Water,,,Clayton,07060004,River/Stream,,42.9304245,-91.38552335
6,15220036,Turkey River @ Big Spring (TR01),09/22/1998 09:15:00,BSP,NIT-NO3-NO2,Inorganic nitrogen (nitrate and nitrite) (as N),Total,,7.2,mg/l,True,0.2,,,353.2,BSP,Calculated,SW,Water,,Originally reported as Nitrate + Nitrite as NO3.,Clayton,07060004,River/Stream,,42.9095476,-91.4709184
6,15220040,L22T,09/29/1998 10:45:00,BSP,NIT-NO3-NO2,Inorganic nitrogen (nitrate and nitrite) (as N),Total,,13.8,mg/l,True,0.2,,,353.2,BSP,Calculated,GW,Water,,Originally reported as Nitrate + Nitrite as NO3.,Clayton,07060004,Facility Other,,43.0217187,-91.4893474
6,15220033,Silver Creek @ 155th St (SC01),09/29/1998 10:20:00,BSP,NIT-NO3-NO2,Inorganic nitrogen (nitrate and nitrite) (as N),Total,,8.6,mg/l,True,0.2,,,353.2,BSP,Calculated,SW,Water,,Originally reported as Nitrate + Nitrite as NO3.,Clayton,07060004,River/Stream,,43.0006333,-91.4484974
6,15220034,Unnamed Trib. to Silver Crk. @ Dolphin Ave (SC03),09/29/1998 10:30:00,BSP,NIT-NO3-NO2,Inorganic nitrogen (nitrate and nitrite) (as N),Total,,6.8,mg/l,True,0.2,,,353.2,BSP,Calculated,SW,Water,,Originally reported as Nitrate + Nitrite as NO3.,Clayton,07060004,River/Stream,,43.0342002,-91.4587066
6,15220035,Silver Creek @ 145th St (SC05),09/29/1998 10:25:00,BSP,NIT-NO3-NO2,Inorganic nitrogen (nitrate and nitrite) (as N),Total,,9.3,mg/l,True,0.2,,,353.2,BSP,Calculated,SW,Water,,Originally reported as Nitrate + Nitrite as NO3.,Clayton,07060004,River/Stream,,43.0136712,-91.4626953
6,15220026,Howard Creek @ Co. Rd. X28 (HC01),09/29/1998 14:30:00,BSP,NIT-NO3-NO2,Inorganic nitrogen (nitrate and nitrite) (as N),Total,,10.4,mg/l,True,0.2,,,353.2,BSP,Calculated,SW,Water,,Originally reported as Nitrate + Nitrite as NO3.,Clayton,07060004,River/Stream,,42.9622643,-91.3693639
6,15220040,L22T,10/06/1998 10:50:00,BSP,NIT-NO3-NO2,Inorganic nitrogen (nitrate and nitrite) (as N),Total,,13.5,mg/l,True,0.2,,,353.2,BSP,Calculated,GW,Water,,Originally reported as Nitrate + Nitrite as NO3.,Clayton,07060004,Facility Other,,43.0217187,-91.4893474
6,15220028,Silver Creek @ Dogwood Ave (L23S),10/06/1998 10:45:00,BSP,NIT-NO3-NO2,Inorganic nitrogen (nitrate and nitrite) (as N),Total,,8.1,mg/l,True,0.2,,,353.2,BSP,Calculated,SW,Water,,Originally reported as Nitrate + Nitrite as NO3.,Clayton,07060004,River/Stream,,43.0217763,-91.4894189
6,15220018,Roberts Creek @ 206th St/B65 (RC02/ROB30),10/06/1998 13:55:00,BSP,NIT-NO3-NO2,Inorganic nitrogen (nitrate and nitrite) (as N),Total,,5.4,mg/l,True,0.2,,,353.2,BSP,Calculated,SW,Water,,Originally reported as Nitrate + Nitrite as NO3.,Clayton,07060004,River/Stream,,42.9304245,-91.38552335
6,15220036,Turkey River @ Big Spring (TR01),10/06/1998 10:00:00,BSP,NIT-NO3-NO2,Inorganic nitrogen (nitrate and nitrite) (as N),Total,,9.7,mg/l,True,0.2,,,353.2,BSP,Calculated,SW,Water,,Originally reported as Nitrate + Nitrite as NO3.,Clayton,07060004,River/Stream,,42.9095476,-91.4709184
6,15220040,L22T,10/13/1998 10:40:00,BSP,NIT-NO3-NO2,Inorganic nitrogen (nitrate and nitrite) (as N),Total,,14.4,mg/l,True,0.2,,,353.2,BSP,Calculated,GW,Water,,Originally reported as Nitrate + Nitrite as NO3.,Clayton,07060004,Facility Other,,43.0217187,-91.4893474
6,15220028,Silver Creek @ Dogwood Ave (L23S),10/13/1998 10:35:00,BSP,NIT-NO3-NO2,Inorganic nitrogen (nitrate and nitrite) (as N),Total,,9,mg/l,True,0.2,,,353.2,BSP,Calculated,SW,Water,,Originally reported as Nitrate + Nitrite as NO3.,Clayton,07060004,River/Stream,,43.0217763,-91.4894189
6,15220018,Roberts Creek @ 206th St/B65 (RC02/ROB30),10/13/1998 13:10:00,BSP,NIT-NO3-NO2,Inorganic nitrogen (nitrate and nitrite) (as N),Total,,6.5,mg/l,True,0.2,,,353.2,BSP,Calculated,SW,Water,,Originally reported as Nitrate + Nitrite as NO3.,Clayton,07060004,River/Stream,,42.9304245,-91.38552335
6,15220036,Turkey River @ Big Spring (TR01),11/03/1998 10:05:00,BSP,NIT-NO3-NO2,Inorganic nitrogen (nitrate and nitrite) (as N),Total,,8.4,mg/l,True,0.2,,,353.2,BSP,Calculated,SW,Water,,Originally reported as Nitrate + Nitrite as NO3.,Clayton,07060004,River/Stream,,42.9095476,-91.4709184
6,15220040,L22T,11/10/1998 11:40:00,BSP,NIT-NO3-NO2,Inorganic nitrogen (nitrate and nitrite) (as N),Total,,12.4,mg/l,True,0.2,,,353.2,BSP,Calculated,GW,Water,,Originally reported as Nitrate + Nitrite as NO3.,Clayton,07060004,Facility Other,,43.0217187,-91.4893474
6,15220028,Silver Creek @ Dogwood Ave (L23S),11/10/1998 11:35:00,BSP,NIT-NO3-NO2,Inorganic nitrogen (nitrate and nitrite) (as N),Total,,8.6,mg/l,True,0.2,,,353.2,BSP,Calculated,SW,Water,,Originally reported as Nitrate + Nitrite as NO3.,Clayton,07060004,River/Stream,,43.0217763,-91.4894189
6,15220018,Roberts Creek @ 206th St/B65 (RC02/ROB30),11/10/1998 14:25:00,BSP,NIT-NO3-NO2,Inorganic nitrogen (nitrate and nitrite) (as N),Total,,7.7,mg/l,True,0.2,,,353.2,BSP,Calculated,SW,Water,,Originally reported as Nitrate + Nitrite as NO3.,Clayton,07060004,River/Stream,,42.9304245,-91.38552335
6,15220036,Turkey River @ Big Spring (TR01),11/10/1998 10:20:00,BSP,NIT-NO3-NO2,Inorganic nitrogen (nitrate and nitrite) (as N),Total,,7.2,mg/l,True,0.2,,,353.2,BSP,Calculated,SW,Water,,Originally reported as Nitrate + Nitrite as NO3.,Clayton,07060004,River/Stream,,42.9095476,-91.4709184
6,15220040,L22T,11/17/1998 11:50:00,BSP,NIT-NO3-NO2,Inorganic nitrogen (nitrate and nitrite) (as N),Total,,13.3,mg/l,True,0.2,,,353.2,BSP,Calculated,GW,Water,,Originally reported as Nitrate + Nitrite as NO3.,Clayton,07060004,Facility Other,,43.0217187,-91.4893474
6,15220028,Silver Creek @ Dogwood Ave (L23S),11/17/1998 11:45:00,BSP,NIT-NO3-NO2,Inorganic nitrogen (nitrate and nitrite) (as N),Total,,10.6,mg/l,True,0.2,,,353.2,BSP,Calculated,SW,Water,,Originally reported as Nitrate + Nitrite as NO3.,Clayton,07060004,River/Stream,,43.0217763,-91.4894189
6,15220018,Roberts Creek @ 206th St/B65 (RC02/ROB30),11/17/1998 14:20:00,BSP,NIT-NO3-NO2,Inorganic nitrogen (nitrate and nitrite) (as N),Total,,8.6,mg/l,True,0.2,,,353.2,BSP,Calculated,SW,Water,,Originally reported as Nitrate + Nitrite as NO3.,Clayton,07060004,River/Stream,,42.9304245,-91.38552335
6,15220036,Turkey River @ Big Spring (TR01),11/17/1998 09:50:00,BSP,NIT-NO3-NO2,Inorganic nitrogen (nitrate and nitrite) (as N),Total,,8.6,mg/l,True,0.2,,,353.2,BSP,Calculated,SW,Water,,Originally reported as Nitrate + Nitrite as NO3.,Clayton,07060004,River/Stream,,42.9095476,-91.4709184
6,15220040,L22T,11/24/1998 10:10:00,BSP,NIT-NO3-NO2,Inorganic nitrogen (nitrate and nitrite) (as N),Total,,14,mg/l,True,0.2,,,353.2,BSP,Calculated,GW,Water,,Originally reported as Nitrate + Nitrite as NO3.,Clayton,07060004,Facility Other,,43.0217187,-91.4893474
6,15220028,Silver Creek @ Dogwood Ave (L23S),11/24/1998 10:05:00,BSP,NIT-NO3-NO2,Inorganic nitrogen (nitrate and nitrite) (as N),Total,,11.3,mg/l,True,0.2,,,353.2,BSP,Calculated,SW,Water,,Originally reported as Nitrate + Nitrite as NO3.,Clayton,07060004,River/Stream,,43.0217763,-91.4894189
6,15220040,L22T,12/15/1998 10:50:00,BSP,NIT-NO3-NO2,Inorganic nitrogen (nitrate and nitrite) (as N),Total,,13.5,mg/l,True,0.2,,,353.2,BSP,Calculated,GW,Water,,Originally reported as Nitrate + Nitrite as NO3.,Clayton,07060004,Facility Other,,43.0217187,-91.4893474
6,15220028,Silver Creek @ Dogwood Ave (L23S),12/15/1998 10:45:00,BSP,NIT-NO3-NO2,Inorganic nitrogen (nitrate and nitrite) (as N),Total,,10.8,mg/l,True,0.2,,,353.2,BSP,Calculated,SW,Water,,Originally reported as Nitrate + Nitrite as NO3.,Clayton,07060004,River/Stream,,43.0217763,-91.4894189
6,15220018,Roberts Creek @ 206th St/B65 (RC02/ROB30),12/15/1998 13:50:00,BSP,NIT-NO3-NO2,Inorganic nitrogen (nitrate and nitrite) (as N),Total,,7.7,mg/l,True,0.2,,,353.2,BSP,Calculated,SW,Water,,Originally reported as Nitrate + Nitrite as NO3.,Clayton,07060004,River/Stream,,42.9304245,-91.38552335
6,15220036,Turkey River @ Big Spring (TR01),12/15/1998 09:45:00,BSP,NIT-NO3-NO2,Inorganic nitrogen (nitrate and nitrite) (as N),Total,,7.2,mg/l,True,0.2,,,353.2,BSP,Calculated,SW,Water,,Originally reported as Nitrate + Nitrite as NO3.,Clayton,07060004,River/Stream,,42.9095476,-91.4709184
6,15220040,L22T,12/22/1998 10:20:00,BSP,NIT-NO3-NO2,Inorganic nitrogen (nitrate and nitrite) (as N),Total,,13.3,mg/l,True,0.2,,,353.2,BSP,Calculated,GW,Water,,Originally reported as Nitrate + Nitrite as NO3.,Clayton,07060004,Facility Other,,43.0217187,-91.4893474
6,15220028,Silver Creek @ Dogwood Ave (L23S),12/22/1998 10:15:00,BSP,NIT-NO3-NO2,Inorganic nitrogen (nitrate and nitrite) (as N),Total,,12.2,mg/l,True,0.2,,,353.2,BSP,Calculated,SW,Water,,Originally reported as Nitrate + Nitrite as NO3.,Clayton,07060004,River/Stream,,43.0217763,-91.4894189
6,15220018,Roberts Creek @ 206th St/B65 (RC02/ROB30),12/22/1998 13:25:00,BSP,NIT-NO3-NO2,Inorganic nitrogen (nitrate and nitrite) (as N),Total,,8.6,mg/l,True,0.2,,,353.2,BSP,Calculated,SW,Water,,Originally reported as Nitrate + Nitrite as NO3.,Clayton,07060004,River/Stream,,42.9304245,-91.38552335
6,15220036,Turkey River @ Big Spring (TR01),12/22/1998 09:40:00,BSP,NIT-NO3-NO2,Inorganic nitrogen (nitrate and nitrite) (as N),Total,,9,mg/l,True,0.2,,,353.2,BSP,Calculated,SW,Water,,Originally reported as Nitrate + Nitrite as NO3.,Clayton,07060004,River/Stream,,42.9095476,-91.4709184
6,15220040,L22T,12/29/1998 10:30:00,BSP,NIT-NO3-NO2,Inorganic nitrogen (nitrate and nitrite) (as N),Total,,14,mg/l,True,0.2,,,353.2,BSP,Calculated,GW,Water,,Originally reported as Nitrate + Nitrite as NO3.,Clayton,07060004,Facility Other,,43.0217187,-91.4893474
6,15220028,Silver Creek @ Dogwood Ave (L23S),12/29/1998 10:25:00,BSP,NIT-NO3-NO2,Inorganic nitrogen (nitrate and nitrite) (as N),Total,,10.8,mg/l,True,0.2,,,353.2,BSP,Calculated,SW,Water,,Originally reported as Nitrate + Nitrite as NO3.,Clayton,07060004,River/Stream,,43.0217763,-91.4894189
6,15220018,Roberts Creek @ 206th St/B65 (RC02/ROB30),12/29/1998 16:40:00,BSP,NIT-NO3-NO2,Inorganic nitrogen (nitrate and nitrite) (as N),Total,,9.5,mg/l,True,0.2,,,353.2,BSP,Calculated,SW,Water,,Originally reported as Nitrate + Nitrite as NO3.,Clayton,07060004,River/Stream,,42.9304245,-91.38552335
6,15220036,Turkey River @ Big Spring (TR01),12/29/1998 09:30:00,BSP,NIT-NO3-NO2,Inorganic nitrogen (nitrate and nitrite) (as N),Total,,7.9,mg/l,True,0.2,,,353.2,BSP,Calculated,SW,Water,,Originally reported as Nitrate + Nitrite as NO3.,Clayton,07060004,River/Stream,,42.9095476,-91.4709184
6,15220018,Roberts Creek @ 206th St/B65 (RC02/ROB30),01/26/1999 14:25:00,BSP,NIT-NO3-NO2,Inorganic nitrogen (nitrate and nitrite) (as N),Total,,7.2,mg/l,True,0.2,,,353.2,BSP,Calculated,SW,Water,,Originally reported as Nitrate + Nitrite as NO3.,Clayton,07060004,River/Stream,,42.9304245,-91.38552335
6,15220036,Turkey River @ Big Spring (TR01),01/26/1999 09:45:00,BSP,NIT-NO3-NO2,Inorganic nitrogen (nitrate and nitrite) (as N),Total,,6.8,mg/l,True,0.2,,,353.2,BSP,Calculated,SW,Water,,Originally reported as Nitrate + Nitrite as NO3.,Clayton,07060004,River/Stream,,42.9095476,-91.4709184
6,15220040,L22T,02/02/1999 11:00:00,BSP,NIT-NO3-NO2,Inorganic nitrogen (nitrate and nitrite) (as N),Total,,12.9,mg/l,True,0.2,,,353.2,BSP,Calculated,GW,Water,,Originally reported as Nitrate + Nitrite as NO3.,Clayton,07060004,Facility Other,,43.0217187,-91.4893474
6,15220028,Silver Creek @ Dogwood Ave (L23S),02/02/1999 10:55:00,BSP,NIT-NO3-NO2,Inorganic nitrogen (nitrate and nitrite) (as N),Total,,8.4,mg/l,True,0.2,,,353.2,BSP,Calculated,SW,Water,,Originally reported as Nitrate + Nitrite as NO3.,Clayton,07060004,River/Stream,,43.0217763,-91.4894189
6,15220018,Roberts Creek @ 206th St/B65 (RC02/ROB30),02/02/1999 13:45:00,BSP,NIT-NO3-NO2,Inorganic nitrogen (nitrate and nitrite) (as N),Total,,6.5,mg/l,True,0.2,,,353.2,BSP,Calculated,SW,Water,,Originally reported as Nitrate + Nitrite as NO3.,Clayton,07060004,River/Stream,,42.9304245,-91.38552335
6,15220036,Turkey River @ Big Spring (TR01),02/02/1999 09:55:00,BSP,NIT-NO3-NO2,Inorganic nitrogen (nitrate and nitrite) (as N),Total,,6.1,mg/l,True,0.2,,,353.2,BSP,Calculated,SW,Water,,Originally reported as Nitrate + Nitrite as NO3.,Clayton,07060004,River/Stream,,42.9095476,-91.4709184
6,15220040,L22T,02/09/1999 10:30:00,BSP,NIT-NO3-NO2,Inorganic nitrogen (nitrate and nitrite) (as N),Total,,6.5,mg/l,True,0.2,,,353.2,BSP,Calculated,GW,Water,,Originally reported as Nitrate + Nitrite as NO3.,Clayton,07060004,Facility Other,,43.0217187,-91.4893474
6,15220028,Silver Creek @ Dogwood Ave (L23S),02/09/1999 10:25:00,BSP,NIT-NO3-NO2,Inorganic nitrogen (nitrate and nitrite) (as N),Total,,5.2,mg/l,True,0.2,,,353.2,BSP,Calculated,SW,Water,,Originally reported as Nitrate + Nitrite as NO3.,Clayton,07060004,River/Stream,,43.0217763,-91.4894189
6,15220018,Roberts Creek @ 206th St/B65 (RC02/ROB30),02/09/1999 13:30:00,BSP,NIT-NO3-NO2,Inorganic nitrogen (nitrate and nitrite) (as N),Total,,5.4,mg/l,True,0.2,,,353.2,BSP,Calculated,SW,Water,,Originally reported as Nitrate + Nitrite as NO3.,Clayton,07060004,River/Stream,,42.9304245,-91.38552335
6,15220036,Turkey River @ Big Spring (TR01),02/09/1999 09:35:00,BSP,NIT-NO3-NO2,Inorganic nitrogen (nitrate and nitrite) (as N),Total,,5.4,mg/l,True,0.2,,,353.2,BSP,Calculated,SW,Water,,Originally reported as Nitrate + Nitrite as NO3.,Clayton,07060004,River/Stream,,42.9095476,-91.4709184
6,15220040,L22T,02/16/1999 10:30:00,BSP,NIT-NO3-NO2,Inorganic nitrogen (nitrate and nitrite) (as N),Total,,12.4,mg/l,True,0.2,,,353.2,BSP,Calculated,GW,Water,,Originally reported as Nitrate + Nitrite as NO3.,Clayton,07060004,Facility Other,,43.0217187,-91.4893474
6,15220040,L22T,03/09/1999 11:20:00,BSP,NIT-NO3-NO2,Inorganic nitrogen (nitrate and nitrite) (as N),Total,,13.8,mg/l,True,0.2,,,353.2,BSP,Calculated,GW,Water,,Originally reported as Nitrate + Nitrite as NO3.,Clayton,07060004,Facility Other,,43.0217187,-91.4893474
6,15220028,Silver Creek @ Dogwood Ave (L23S),03/09/1999 11:15:00,BSP,NIT-NO3-NO2,Inorganic nitrogen (nitrate and nitrite) (as N),Total,,10.6,mg/l,True,0.2,,,353.2,BSP,Calculated,SW,Water,,Originally reported as Nitrate + Nitrite as NO3.,Clayton,07060004,River/Stream,,43.0217763,-91.4894189
6,15220018,Roberts Creek @ 206th St/B65 (RC02/ROB30),03/09/1999 14:00:00,BSP,NIT-NO3-NO2,Inorganic nitrogen (nitrate and nitrite) (as N),Total,,8.4,mg/l,True,0.2,,,353.2,BSP,Calculated,SW,Water,,Originally reported as Nitrate + Nitrite as NO3.,Clayton,07060004,River/Stream,,42.9304245,-91.38552335
6,15220036,Turkey River @ Big Spring (TR01),03/09/1999 10:35:00,BSP,NIT-NO3-NO2,Inorganic nitrogen (nitrate and nitrite) (as N),Total,,7.2,mg/l,True,0.2,,,353.2,BSP,Calculated,SW,Water,,Originally reported as Nitrate + Nitrite as NO3.,Clayton,07060004,River/Stream,,42.9095476,-91.4709184
6,15220040,L22T,03/16/1999 10:30:00,BSP,NIT-NO3-NO2,Inorganic nitrogen (nitrate and nitrite) (as N),Total,,13.5,mg/l,True,0.2,,,353.2,BSP,Calculated,GW,Water,,Originally reported as Nitrate + Nitrite as NO3.,Clayton,07060004,Facility Other,,43.0217187,-91.4893474
6,15220028,Silver Creek @ Dogwood Ave (L23S),03/16/1999 10:25:00,BSP,NIT-NO3-NO2,Inorganic nitrogen (nitrate and nitrite) (as N),Total,,9.3,mg/l,True,0.2,,,353.2,BSP,Calculated,SW,Water,,Originally reported as Nitrate + Nitrite as NO3.,Clayton,07060004,River/Stream,,43.0217763,-91.4894189
6,15220018,Roberts Creek @ 206th St/B65 (RC02/ROB30),03/16/1999 13:00:00,BSP,NIT-NO3-NO2,Inorganic nitrogen (nitrate and nitrite) (as N),Total,,6.1,mg/l,True,0.2,,,353.2,BSP,Calculated,SW,Water,,Originally reported as Nitrate + Nitrite as NO3.,Clayton,07060004,River/Stream,,42.9304245,-91.38552335
6,15220036,Turkey River @ Big Spring (TR01),03/16/1999 09:50:00,BSP,NIT-NO3-NO2,Inorganic nitrogen (nitrate and nitrite) (as N),Total,,6.5,mg/l,True,0.2,,,353.2,BSP,Calculated,SW,Water,,Originally reported as Nitrate + Nitrite as NO3.,Clayton,07060004,River/Stream,,42.9095476,-91.4709184
6,15220040,L22T,03/22/1999 10:35:00,BSP,NIT-NO3-NO2,Inorganic nitrogen (nitrate and nitrite) (as N),Total,,13.8,mg/l,True,0.2,,,353.2,BSP,Calculated,GW,Water,,Originally reported as Nitrate + Nitrite as NO3.,Clayton,07060004,Facility Other,,43.0217187,-91.4893474
6,15220028,Silver Creek @ Dogwood Ave (L23S),03/22/1999 10:30:00,BSP,NIT-NO3-NO2,Inorganic nitrogen (nitrate and nitrite) (as N),Total,,9.3,mg/l,True,0.2,,,353.2,BSP,Calculated,SW,Water,,Originally reported as Nitrate + Nitrite as NO3.,Clayton,07060004,River/Stream,,43.0217763,-91.4894189
6,15220018,Roberts Creek @ 206th St/B65 (RC02/ROB30),03/22/1999 12:55:00,BSP,NIT-NO3-NO2,Inorganic nitrogen (nitrate and nitrite) (as N),Total,,5.9,mg/l,True,0.2,,,353.2,BSP,Calculated,SW,Water,,Originally reported as Nitrate + Nitrite as NO3.,Clayton,07060004,River/Stream,,42.9304245,-91.38552335
6,15220036,Turkey River @ Big Spring (TR01),03/22/1999 09:50:00,BSP,NIT-NO3-NO2,Inorganic nitrogen (nitrate and nitrite) (as N),Total,,6.1,mg/l,True,0.2,,,353.2,BSP,Calculated,SW,Water,,Originally reported as Nitrate + Nitrite as NO3.,Clayton,07060004,River/Stream,,42.9095476,-91.4709184
6,15220040,L22T,03/30/1999 11:00:00,BSP,NIT-NO3-NO2,Inorganic nitrogen (nitrate and nitrite) (as N),Total,,12.9,mg/l,True,0.2,,,353.2,BSP,Calculated,GW,Water,,Originally reported as Nitrate + Nitrite as NO3.,Clayton,07060004,Facility Other,,43.0217187,-91.4893474
6,15220036,Turkey River @ Big Spring (TR01),04/13/1999 10:00:00,BSP,NIT-NO3-NO2,Inorganic nitrogen (nitrate and nitrite) (as N),Total,,9.5,mg/l,True,0.2,,,353.2,BSP,Calculated,SW,Water,,Originally reported as Nitrate + Nitrite as NO3.,Clayton,07060004,River/Stream,,42.9095476,-91.4709184
6,15220040,L22T,04/20/1999 09:55:00,BSP,NIT-NO3-NO2,Inorganic nitrogen (nitrate and nitrite) (as N),Total,,14.2,mg/l,True,0.2,,,353.2,BSP,Calculated,GW,Water,,Originally reported as Nitrate + Nitrite as NO3.,Clayton,07060004,Facility Other,,43.0217187,-91.4893474
6,15220028,Silver Creek @ Dogwood Ave (L23S),04/20/1999 09:50:00,BSP,NIT-NO3-NO2,Inorganic nitrogen (nitrate and nitrite) (as N),Total,,11.3,mg/l,True,0.2,,,353.2,BSP,Calculated,SW,Water,,Originally reported as Nitrate + Nitrite as NO3.,Clayton,07060004,River/Stream,,43.0217763,-91.4894189
6,15220018,Roberts Creek @ 206th St/B65 (RC02/ROB30),04/20/1999 12:15:00,BSP,NIT-NO3-NO2,Inorganic nitrogen (nitrate and nitrite) (as N),Total,,8.6,mg/l,True,0.2,,,353.2,BSP,Calculated,SW,Water,,Originally reported as Nitrate + Nitrite as NO3.,Clayton,07060004,River/Stream,,42.9304245,-91.38552335
6,15220036,Turkey River @ Big Spring (TR01),04/20/1999 09:15:00,BSP,NIT-NO3-NO2,Inorganic nitrogen (nitrate and nitrite) (as N),Total,,7.9,mg/l,True,0.2,,,353.2,BSP,Calculated,SW,Water,,Originally reported as Nitrate + Nitrite as NO3.,Clayton,07060004,River/Stream,,42.9095476,-91.4709184
6,15220040,L22T,04/27/1999 10:50:00,BSP,NIT-NO3-NO2,Inorganic nitrogen (nitrate and nitrite) (as N),Total,,18.3,mg/l,True,0.2,,,353.2,BSP,Calculated,GW,Water,,Originally reported as Nitrate + Nitrite as NO3.,Clayton,07060004,Facility Other,,43.0217187,-91.4893474
6,15220028,Silver Creek @ Dogwood Ave (L23S),04/27/1999 10:45:00,BSP,NIT-NO3-NO2,Inorganic nitrogen (nitrate and nitrite) (as N),Total,,14.2,mg/l,True,0.2,,,353.2,BSP,Calculated,SW,Water,,Originally reported as Nitrate + Nitrite as NO3.,Clayton,07060004,River/Stream,,43.0217763,-91.4894189
6,15220018,Roberts Creek @ 206th St/B65 (RC02/ROB30),04/27/1999 14:40:00,BSP,NIT-NO3-NO2,Inorganic nitrogen (nitrate and nitrite) (as N),Total,,12.2,mg/l,True,0.2,,,353.2,BSP,Calculated,SW,Water,,Originally reported as Nitrate + Nitrite as NO3.,Clayton,07060004,River/Stream,,42.9304245,-91.38552335
6,15220036,Turkey River @ Big Spring (TR01),04/27/1999 09:35:00,BSP,NIT-NO3-NO2,Inorganic nitrogen (nitrate and nitrite) (as N),Total,,9.9,mg/l,True,0.2,,,353.2,BSP,Calculated,SW,Water,,Originally reported as Nitrate + Nitrite as NO3.,Clayton,07060004,River/Stream,,42.9095476,-91.4709184
6,15220040,L22T,05/04/1999 09:55:00,BSP,NIT-NO3-NO2,Inorganic nitrogen (nitrate and nitrite) (as N),Total,,18.1,mg/l,True,0.2,,,353.2,BSP,Calculated,GW,Water,,Originally reported as Nitrate + Nitrite as NO3.,Clayton,07060004,Facility Other,,43.0217187,-91.4893474
6,15220028,Silver Creek @ Dogwood Ave (L23S),05/04/1999 09:50:00,BSP,NIT-NO3-NO2,Inorganic nitrogen (nitrate and nitrite) (as N),Total,,13.8,mg/l,True,0.2,,,353.2,BSP,Calculated,SW,Water,,Originally reported as Nitrate + Nitrite as NO3.,Clayton,07060004,River/Stream,,43.0217763,-91.4894189
6,15220018,Roberts Creek @ 206th St/B65 (RC02/ROB30),05/04/1999 12:50:00,BSP,NIT-NO3-NO2,Inorganic nitrogen (nitrate and nitrite) (as N),Total,,11.3,mg/l,True,0.2,,,353.2,BSP,Calculated,SW,Water,,Originally reported as Nitrate + Nitrite as NO3.,Clayton,07060004,River/Stream,,42.9304245,-91.38552335
6,15220028,Silver Creek @ Dogwood Ave (L23S),05/25/1999 10:55:00,BSP,NIT-NO3-NO2,Inorganic nitrogen (nitrate and nitrite) (as N),Total,,14,mg/l,True,0.2,,,353.2,BSP,Calculated,SW,Water,,Originally reported as Nitrate + Nitrite as NO3.,Clayton,07060004,River/Stream,,43.0217763,-91.4894189
6,15220018,Roberts Creek @ 206th St/B65 (RC02/ROB30),05/25/1999 14:55:00,BSP,NIT-NO3-NO2,Inorganic nitrogen (nitrate and nitrite) (as N),Total,,16,mg/l,True,0.2,,,353.2,BSP,Calculated,SW,Water,,Originally reported as Nitrate + Nitrite as NO3.,Clayton,07060004,River/Stream,,42.9304245,-91.38552335
6,15220036,Turkey River @ Big Spring (TR01),05/25/1999 09:50:00,BSP,NIT-NO3-NO2,Inorganic nitrogen (nitrate and nitrite) (as N),Total,,11.5,mg/l,True,0.2,,,353.2,BSP,Calculated,SW,Water,,Originally reported as Nitrate + Nitrite as NO3.,Clayton,07060004,River/Stream,,42.9095476,-91.4709184
6,15220040,L22T,06/01/1999 11:05:00,BSP,NIT-NO3-NO2,Inorganic nitrogen (nitrate and nitrite) (as N),Total,,17.2,mg/l,True,0.2,,,353.2,BSP,Calculated,GW,Water,,Originally reported as Nitrate + Nitrite as NO3.,Clayton,07060004,Facility Other,,43.0217187,-91.4893474
6,15220028,Silver Creek @ Dogwood Ave (L23S),06/01/1999 11:00:00,BSP,NIT-NO3-NO2,Inorganic nitrogen (nitrate and nitrite) (as N),Total,,14.2,mg/l,True,0.2,,,353.2,BSP,Calculated,SW,Water,,Originally reported as Nitrate + Nitrite as NO3.,Clayton,07060004,River/Stream,,43.0217763,-91.4894189
6,15220018,Roberts Creek @ 206th St/B65 (RC02/ROB30),06/01/1999 13:30:00,BSP,NIT-NO3-NO2,Inorganic nitrogen (nitrate and nitrite) (as N),Total,,12.2,mg/l,True,0.2,,,353.2,BSP,Calculated,SW,Water,,Originally reported as Nitrate + Nitrite as NO3.,Clayton,07060004,River/Stream,,42.9304245,-91.38552335
6,15220036,Turkey River @ Big Spring (TR01),06/01/1999 10:15:00,BSP,NIT-NO3-NO2,Inorganic nitrogen (nitrate and nitrite) (as N),Total,,9.7,mg/l,True,0.2,,,353.2,BSP,Calculated,SW,Water,,Originally reported as Nitrate + Nitrite as NO3.,Clayton,07060004,River/Stream,,42.9095476,-91.4709184
6,15220040,L22T,06/08/1999 10:40:00,BSP,NIT-NO3-NO2,Inorganic nitrogen (nitrate and nitrite) (as N),Total,,18.7,mg/l,True,0.2,,,353.2,BSP,Calculated,GW,Water,,Originally reported as Nitrate + Nitrite as NO3.,Clayton,07060004,Facility Other,,43.0217187,-91.4893474
6,15220028,Silver Creek @ Dogwood Ave (L23S),06/08/1999 10:35:00,BSP,NIT-NO3-NO2,Inorganic nitrogen (nitrate and nitrite) (as N),Total,,16.3,mg/l,True,0.2,,,353.2,BSP,Calculated,SW,Water,,Originally reported as Nitrate + Nitrite as NO3.,Clayton,07060004,River/Stream,,43.0217763,-91.4894189
6,15220018,Roberts Creek @ 206th St/B65 (RC02/ROB30),06/08/1999 13:30:00,BSP,NIT-NO3-NO2,Inorganic nitrogen (nitrate and nitrite) (as N),Total,,14,mg/l,True,0.2,,,353.2,BSP,Calculated,SW,Water,,Originally reported as Nitrate + Nitrite as NO3.,Clayton,07060004,River/Stream,,42.9304245,-91.38552335
6,15220036,Turkey River @ Big Spring (TR01),06/08/1999 09:50:00,BSP,NIT-NO3-NO2,Inorganic nitrogen (nitrate and nitrite) (as N),Total,,11.5,mg/l,True,0.2,,,353.2,BSP,Calculated,SW,Water,,Originally reported as Nitrate + Nitrite as NO3.,Clayton,07060004,River/Stream,,42.9095476,-91.4709184
6,15220040,L22T,07/06/1999 10:45:00,BSP,NIT-NO3-NO2,Inorganic nitrogen (nitrate and nitrite) (as N),Total,,15.3,mg/l,True,0.2,,,353.2,BSP,Calculated,GW,Water,,Originally reported as Nitrate + Nitrite as NO3.,Clayton,07060004,Facility Other,,43.0217187,-91.4893474
6,15220028,Silver Creek @ Dogwood Ave (L23S),07/06/1999 10:40:00,BSP,NIT-NO3-NO2,Inorganic nitrogen (nitrate and nitrite) (as N),Total,,10.6,mg/l,True,0.2,,,353.2,BSP,Calculated,SW,Water,,Originally reported as Nitrate + Nitrite as NO3.,Clayton,07060004,River/Stream,,43.0217763,-91.4894189
6,15220018,Roberts Creek @ 206th St/B65 (RC02/ROB30),07/06/1999 14:25:00,BSP,NIT-NO3-NO2,Inorganic nitrogen (nitrate and nitrite) (as N),Total,,8.4,mg/l,True,0.2,,,353.2,BSP,Calculated,SW,Water,,Originally reported as Nitrate + Nitrite as NO3.,Clayton,07060004,River/Stream,,42.9304245,-91.38552335
6,15220036,Turkey River @ Big Spring (TR01),07/06/1999 09:55:00,BSP,NIT-NO3-NO2,Inorganic nitrogen (nitrate and nitrite) (as N),Total,,7.4,mg/l,True,0.2,,,353.2,BSP,Calculated,SW,Water,,Originally reported as Nitrate + Nitrite as NO3.,Clayton,07060004,River/Stream,,42.9095476,-91.4709184
6,15220040,L22T,07/13/1999 11:50:00,BSP,NIT-NO3-NO2,Inorganic nitrogen (nitrate and nitrite) (as N),Total,,15.6,mg/l,True,0.2,,,353.2,BSP,Calculated,GW,Water,,Originally reported as Nitrate + Nitrite as NO3.,Clayton,07060004,Facility Other,,43.0217187,-91.4893474
6,15220028,Silver Creek @ Dogwood Ave (L23S),07/13/1999 11:45:00,BSP,NIT-NO3-NO2,Inorganic nitrogen (nitrate and nitrite) (as N),Total,,13.1,mg/l,True,0.2,,,353.2,BSP,Calculated,SW,Water,,Originally reported as Nitrate + Nitrite as NO3.,Clayton,07060004,River/Stream,,43.0217763,-91.4894189
6,15220018,Roberts Creek @ 206th St/B65 (RC02/ROB30),07/13/1999 14:30:00,BSP,NIT-NO3-NO2,Inorganic nitrogen (nitrate and nitrite) (as N),Total,,8.4,mg/l,True,0.2,,,353.2,BSP,Calculated,SW,Water,,Originally reported as Nitrate + Nitrite as NO3.,Clayton,07060004,River/Stream,,42.9304245,-91.38552335
6,15220036,Turkey River @ Big Spring (TR01),07/13/1999 10:30:00,BSP,NIT-NO3-NO2,Inorganic nitrogen (nitrate and nitrite) (as N),Total,,7.2,mg/l,True,0.2,,,353.2,BSP,Calculated,SW,Water,,Originally reported as Nitrate + Nitrite as NO3.,Clayton,07060004,River/Stream,,42.9095476,-91.4709184
6,15220040,L22T,07/20/1999 10:35:00,BSP,NIT-NO3-NO2,Inorganic nitrogen (nitrate and nitrite) (as N),Total,,14,mg/l,True,0.2,,,353.2,BSP,Calculated,GW,Water,,Originally reported as Nitrate + Nitrite as NO3.,Clayton,07060004,Facility Other,,43.0217187,-91.4893474
6,15220028,Silver Creek @ Dogwood Ave (L23S),07/20/1999 10:30:00,BSP,NIT-NO3-NO2,Inorganic nitrogen (nitrate and nitrite) (as N),Total,,11.5,mg/l,True,0.2,,,353.2,BSP,Calculated,SW,Water,,Originally reported as Nitrate + Nitrite as NO3.,Clayton,07060004,River/Stream,,43.0217763,-91.4894189
6,15220018,Roberts Creek @ 206th St/B65 (RC02/ROB30),07/20/1999 13:35:00,BSP,NIT-NO3-NO2,Inorganic nitrogen (nitrate and nitrite) (as N),Total,,5.2,mg/l,True,0.2,,,353.2,BSP,Calculated,SW,Water,,Originally reported as Nitrate + Nitrite as NO3.,Clayton,07060004,River/Stream,,42.9304245,-91.38552335
6,15220036,Turkey River @ Big Spring (TR01),07/20/1999 09:45:00,BSP,NIT-NO3-NO2,Inorganic nitrogen (nitrate and nitrite) (as N),Total,,5,mg/l,True,0.2,,,353.2,BSP,Calculated,SW,Water,,Originally reported as Nitrate + Nitrite as NO3.,Clayton,07060004,River/Stream,,42.9095476,-91.4709184
6,15220018,Roberts Creek @ 206th St/B65 (RC02/ROB30),08/10/1999 13:20:00,BSP,NIT-NO3-NO2,Inorganic nitrogen (nitrate and nitrite) (as N),Total,,9.3,mg/l,True,0.2,,,353.2,BSP,Calculated,SW,Water,,Originally reported as Nitrate + Nitrite as NO3.,Clayton,07060004,River/Stream,,42.9304245,-91.38552335
6,15220036,Turkey River @ Big Spring (TR01),08/10/1999 09:50:00,BSP,NIT-NO3-NO2,Inorganic nitrogen (nitrate and nitrite) (as N),Total,,8.1,mg/l,True,0.2,,,353.2,BSP,Calculated,SW,Water,,Originally reported as Nitrate + Nitrite as NO3.,Clayton,07060004,River/Stream,,42.9095476,-91.4709184
6,15220040,L22T,08/17/1999 10:25:00,BSP,NIT-NO3-NO2,Inorganic nitrogen (nitrate and nitrite) (as N),Total,,15.1,mg/l,True,0.2,,,353.2,BSP,Calculated,GW,Water,,Originally reported as Nitrate + Nitrite as NO3.,Clayton,07060004,Facility Other,,43.0217187,-91.4893474
6,15220028,Silver Creek @ Dogwood Ave (L23S),08/17/1999 10:20:00,BSP,NIT-NO3-NO2,Inorganic nitrogen (nitrate and nitrite) (as N),Total,,11.7,mg/l,True,0.2,,,353.2,BSP,Calculated,SW,Water,,Originally reported as Nitrate + Nitrite as NO3.,Clayton,07060004,River/Stream,,43.0217763,-91.4894189
6,15220018,Roberts Creek @ 206th St/B65 (RC02/ROB30),08/17/1999 13:10:00,BSP,NIT-NO3-NO2,Inorganic nitrogen (nitrate and nitrite) (as N),Total,,7.9,mg/l,True,0.2,,,353.2,BSP,Calculated,SW,Water,,Originally reported as Nitrate + Nitrite as NO3.,Clayton,07060004,River/Stream,,42.9304245,-91.38552335
6,15220036,Turkey River @ Big Spring (TR01),08/17/1999 09:40:00,BSP,NIT-NO3-NO2,Inorganic nitrogen (nitrate and nitrite) (as N),Total,,8.1,mg/l,True,0.2,,,353.2,BSP,Calculated,SW,Water,,Originally reported as Nitrate + Nitrite as NO3.,Clayton,07060004,River/Stream,,42.9095476,-91.4709184
6,15220040,L22T,08/24/1999 10:50:00,BSP,NIT-NO3-NO2,Inorganic nitrogen (nitrate and nitrite) (as N),Total,,13.8,mg/l,True,0.2,,,353.2,BSP,Calculated,GW,Water,,Originally reported as Nitrate + Nitrite as NO3.,Clayton,07060004,Facility Other,,43.0217187,-91.4893474
6,15220028,Silver Creek @ Dogwood Ave (L23S),08/24/1999 10:45:00,BSP,NIT-NO3-NO2,Inorganic nitrogen (nitrate and nitrite) (as N),Total,,9.9,mg/l,True,0.2,,,353.2,BSP,Calculated,SW,Water,,Originally reported as Nitrate + Nitrite as NO3.,Clayton,07060004,River/Stream,,43.0217763,-91.4894189
6,15220018,Roberts Creek @ 206th St/B65 (RC02/ROB30),08/24/1999 13:10:00,BSP,NIT-NO3-NO2,Inorganic nitrogen (nitrate and nitrite) (as N),Total,,4.1,mg/l,True,0.2,,,353.2,BSP,Calculated,SW,Water,,Originally reported as Nitrate + Nitrite as NO3.,Clayton,07060004,River/Stream,,42.9304245,-91.38552335
6,15220036,Turkey River @ Big Spring (TR01),08/24/1999 09:50:00,BSP,NIT-NO3-NO2,Inorganic nitrogen (nitrate and nitrite) (as N),Total,,6.8,mg/l,True,0.2,,,353.2,BSP,Calculated,SW,Water,,Originally reported as Nitrate + Nitrite as NO3.,Clayton,07060004,River/Stream,,42.9095476,-91.4709184
6,15220040,L22T,08/31/1999 11:30:00,BSP,NIT-NO3-NO2,Inorganic nitrogen (nitrate and nitrite) (as N),Total,,14.9,mg/l,True,0.2,,,353.2,BSP,Calculated,GW,Water,,Originally reported as Nitrate + Nitrite as NO3.,Clayton,07060004,Facility Other,,43.0217187,-91.4893474
6,15220028,Silver Creek @ Dogwood Ave (L23S),08/31/1999 11:25:00,BSP,NIT-NO3-NO2,Inorganic nitrogen (nitrate and nitrite) (as N),Total,,10.8,mg/l,True,0.2,,,353.2,BSP,Calculated,SW,Water,,Originally reported as Nitrate + Nitrite as NO3.,Clayton,07060004,River/Stream,,43.0217763,-91.4894189
6,15220028,Silver Creek @ Dogwood Ave (L23S),09/21/1999 11:20:00,BSP,NIT-NO3-NO2,Inorganic nitrogen (nitrate and nitrite) (as N),Total,,10.8,mg/l,True,0.2,,,353.2,BSP,Calculated,SW,Water,,Originally reported as Nitrate + Nitrite as NO3.,Clayton,07060004,River/Stream,,43.0217763,-91.4894189
6,15220018,Roberts Creek @ 206th St/B65 (RC02/ROB30),09/21/1999 14:20:00,BSP,NIT-NO3-NO2,Inorganic nitrogen (nitrate and nitrite) (as N),Total,,7.2,mg/l,True,0.2,,,353.2,BSP,Calculated,SW,Water,,Originally reported as Nitrate + Nitrite as NO3.,Clayton,07060004,River/Stream,,42.9304245,-91.38552335
6,15220036,Turkey River @ Big Spring (TR01),09/21/1999 10:30:00,BSP,NIT-NO3-NO2,Inorganic nitrogen (nitrate and nitrite) (as N),Total,,7,mg/l,True,0.2,,,353.2,BSP,Calculated,SW,Water,,Originally reported as Nitrate + Nitrite as NO3.,Clayton,07060004,River/Stream,,42.9095476,-91.4709184
6,15220040,L22T,09/28/1999 10:50:00,BSP,NIT-NO3-NO2,Inorganic nitrogen (nitrate and nitrite) (as N),Total,,15.1,mg/l,True,0.2,,,353.2,BSP,Calculated,GW,Water,,Originally reported as Nitrate + Nitrite as NO3.,Clayton,07060004,Facility Other,,43.0217187,-91.4893474
6,15220028,Silver Creek @ Dogwood Ave (L23S),09/28/1999 10:45:00,BSP,NIT-NO3-NO2,Inorganic nitrogen (nitrate and nitrite) (as N),Total,,9.7,mg/l,True,0.2,,,353.2,BSP,Calculated,SW,Water,,Originally reported as Nitrate + Nitrite as NO3.,Clayton,07060004,River/Stream,,43.0217763,-91.4894189
6,15220018,Roberts Creek @ 206th St/B65 (RC02/ROB30),09/28/1999 14:15:00,BSP,NIT-NO3-NO2,Inorganic nitrogen (nitrate and nitrite) (as N),Total,,6.8,mg/l,True,0.2,,,353.2,BSP,Calculated,SW,Water,,Originally reported as Nitrate + Nitrite as NO3.,Clayton,07060004,River/Stream,,42.9304245,-91.38552335
6,15220036,Turkey River @ Big Spring (TR01),09/28/1999 09:35:00,BSP,NIT-NO3-NO2,Inorganic nitrogen (nitrate and nitrite) (as N),Total,,6.5,mg/l,True,0.2,,,353.2,BSP,Calculated,SW,Water,,Originally reported as Nitrate + Nitrite as NO3.,Clayton,07060004,River/Stream,,42.9095476,-91.4709184
6,15220028,Silver Creek @ Dogwood Ave (L23S),06/09/1998 11:00:00,BSP,NIT-NO3-NO2,Inorganic nitrogen (nitrate and nitrite) (as N),Total,,8.6,mg/l,True,0.1,,,353.2,BSP,Actual,SW,Water,,,Clayton,07060004,River/Stream,,43.0217763,-91.4894189
6,15220036,Turkey River @ Big Spring (TR01),06/09/1998 10:10:00,BSP,NIT-NO3-NO2,Inorganic nitrogen (nitrate and nitrite) (as N),Total,,8.8,mg/l,True,0.2,,,353.2,BSP,Calculated,SW,Water,,Originally reported as Nitrate + Nitrite as NO3.,Clayton,07060004,River/Stream,,42.9095476,-91.4709184
6,15220040,L22T,06/16/1998 10:45:00,BSP,NIT-NO3-NO2,Inorganic nitrogen (nitrate and nitrite) (as N),Total,,21.2,mg/l,True,0.2,,,353.2,BSP,Calculated,GW,Water,,Originally reported as Nitrate + Nitrite as NO3.,Clayton,07060004,Facility Other,,43.0217187,-91.4893474
6,15220018,Roberts Creek @ 206th St/B65 (RC02/ROB30),05/26/1998 14:10:00,BSP,NIT-NO3-NO2,Inorganic nitrogen (nitrate and nitrite) (as N),Total,,9.1,mg/l,True,0.1,,,353.2,BSP,Actual,SW,Water,,,Clayton,07060004,River/Stream,,42.9304245,-91.38552335
6,15220033,Silver Creek @ 155th St (SC01),05/26/1998 10:15:00,BSP,NIT-NO3-NO2,Inorganic nitrogen (nitrate and nitrite) (as N),Total,,11.7,mg/l,True,0.2,,,353.2,BSP,Calculated,SW,Water,,Originally reported as Nitrate + Nitrite as NO3.,Clayton,07060004,River/Stream,,43.0006333,-91.4484974
6,15220040,L22T,06/09/1998 11:05:00,BSP,NIT-NO3-NO2,Inorganic nitrogen (nitrate and nitrite) (as N),Total,,19,mg/l,True,0.2,,,353.2,BSP,Calculated,GW,Water,,Originally reported as Nitrate + Nitrite as NO3.,Clayton,07060004,Facility Other,,43.0217187,-91.4893474
6,15220028,Silver Creek @ Dogwood Ave (L23S),05/26/1998 10:35:00,BSP,NIT-NO3-NO2,Inorganic nitrogen (nitrate and nitrite) (as N),Total,,12,mg/l,True,0.1,,,353.2,BSP,Actual,SW,Water,,,Clayton,07060004,River/Stream,,43.0217763,-91.4894189
6,15220025,Roberts Creek @ Essex Ave (F47),05/26/1998 14:20:00,BSP,NIT-NO3-NO2,Inorganic nitrogen (nitrate and nitrite) (as N),Total,,9.9,mg/l,True,0.2,,,353.2,BSP,Calculated,SW,Water,,Originally reported as Nitrate + Nitrite as NO3.,Clayton,07060004,River/Stream,,42.9590908,-91.4195205
6,15220036,Turkey River @ Big Spring (TR01),05/26/1998 09:20:00,BSP,NIT-NO3-NO2,Inorganic nitrogen (nitrate and nitrite) (as N),Total,,11,mg/l,True,0.1,,,353.2,BSP,Actual,SW,Water,,,Clayton,07060004,River/Stream,,42.9095476,-91.4709184
6,15220036,Turkey River @ Big Spring (TR01),05/26/1998 09:20:00,BSP,NIT-NO3-NO2,Inorganic nitrogen (nitrate and nitrite) (as N),Total,,10.4,mg/l,True,0.2,,,353.2,BSP,Calculated,SW,Water,,Originally reported as Nitrate + Nitrite as NO3.,Clayton,07060004,River/Stream,,42.9095476,-91.4709184
6,15220040,L22T,05/26/1998 10:40:00,BSP,NIT-NO3-NO2,Inorganic nitrogen (nitrate and nitrite) (as N),Total,,15.3,mg/l,True,0.2,,,353.2,BSP,Calculated,GW,Water,,Originally reported as Nitrate + Nitrite as NO3.,Clayton,07060004,Facility Other,,43.0217187,-91.4893474
6,15220018,Roberts Creek @ 206th St/B65 (RC02/ROB30),05/12/1998 14:10:00,BSP,NIT-NO3-NO2,Inorganic nitrogen (nitrate and nitrite) (as N),Total,,9.9,mg/l,True,0.1,,,353.2,BSP,Actual,SW,Water,,,Clayton,07060004,River/Stream,,42.9304245,-91.38552335
6,15220018,Roberts Creek @ 206th St/B65 (RC02/ROB30),05/05/1998 15:20:00,BSP,NIT-NO3-NO2,Inorganic nitrogen (nitrate and nitrite) (as N),Total,,10,mg/l,True,0.1,,,353.2,BSP,Actual,SW,Water,,,Clayton,07060004,River/Stream,,42.9304245,-91.38552335
6,15220036,Turkey River @ Big Spring (TR01),05/05/1998 09:40:00,BSP,NIT-NO3-NO2,Inorganic nitrogen (nitrate and nitrite) (as N),Total,,8.1,mg/l,True,0.2,,,353.2,BSP,Calculated,SW,Water,,Originally reported as Nitrate + Nitrite as NO3.,Clayton,07060004,River/Stream,,42.9095476,-91.4709184
6,15220040,L22T,05/12/1998 10:50:00,BSP,NIT-NO3-NO2,Inorganic nitrogen (nitrate and nitrite) (as N),Total,,17.8,mg/l,True,0.2,,,353.2,BSP,Calculated,GW,Water,,Originally reported as Nitrate + Nitrite as NO3.,Clayton,07060004,Facility Other,,43.0217187,-91.4893474
6,15220028,Silver Creek @ Dogwood Ave (L23S),05/05/1998 12:50:00,BSP,NIT-NO3-NO2,Inorganic nitrogen (nitrate and nitrite) (as N),Total,,13,mg/l,True,0.1,,,353.2,BSP,Actual,SW,Water,,,Clayton,07060004,River/Stream,,43.0217763,-91.4894189
6,15220036,Turkey River @ Big Spring (TR01),04/28/1998 10:05:00,BSP,NIT-NO3-NO2,Inorganic nitrogen (nitrate and nitrite) (as N),Total,,9,mg/l,True,0.1,,,353.2,BSP,Actual,SW,Water,,,Clayton,07060004,River/Stream,,42.9095476,-91.4709184
6,15220036,Turkey River @ Big Spring (TR01),04/28/1998 10:05:00,BSP,NIT-NO3-NO2,Inorganic nitrogen (nitrate and nitrite) (as N),Total,,8.4,mg/l,True,0.2,,,353.2,BSP,Calculated,SW,Water,,Originally reported as Nitrate + Nitrite as NO3.,Clayton,07060004,River/Stream,,42.9095476,-91.4709184
6,15220028,Silver Creek @ Dogwood Ave (L23S),04/28/1998 11:45:00,BSP,NIT-NO3-NO2,Inorganic nitrogen (nitrate and nitrite) (as N),Total,,14,mg/l,True,0.1,,,353.2,BSP,Actual,SW,Water,,,Clayton,07060004,River/Stream,,43.0217763,-91.4894189
6,15220026,Howard Creek @ Co. Rd. X28 (HC01),04/28/1998 16:10:00,BSP,NIT-NO3-NO2,Inorganic nitrogen (nitrate and nitrite) (as N),Total,,16.3,mg/l,True,0.2,,,353.2,BSP,Calculated,SW,Water,,Originally reported as Nitrate + Nitrite as NO3.,Clayton,07060004,River/Stream,,42.9622643,-91.3693639
6,15220040,L22T,05/05/1998 12:55:00,BSP,NIT-NO3-NO2,Inorganic nitrogen (nitrate and nitrite) (as N),Total,,17.4,mg/l,True,0.2,,,353.2,BSP,Calculated,GW,Water,,Originally reported as Nitrate + Nitrite as NO3.,Clayton,07060004,Facility Other,,43.0217187,-91.4893474
6,15220018,Roberts Creek @ 206th St/B65 (RC02/ROB30),04/21/1998 10:30:00,BSP,NIT-NO3-NO2,Inorganic nitrogen (nitrate and nitrite) (as N),Total,,13,mg/l,True,0.1,,,353.2,BSP,Actual,SW,Water,,,Clayton,07060004,River/Stream,,42.9304245,-91.38552335
6,15220036,Turkey River @ Big Spring (TR01),04/21/1998 09:50:00,BSP,NIT-NO3-NO2,Inorganic nitrogen (nitrate and nitrite) (as N),Total,,9.5,mg/l,True,0.2,,,353.2,BSP,Calculated,SW,Water,,Originally reported as Nitrate + Nitrite as NO3.,Clayton,07060004,River/Stream,,42.9095476,-91.4709184
6,15220040,L22T,04/28/1998 11:45:00,BSP,NIT-NO3-NO2,Inorganic nitrogen (nitrate and nitrite) (as N),Total,,18.1,mg/l,True,0.2,,,353.2,BSP,Calculated,GW,Water,,Originally reported as Nitrate + Nitrite as NO3.,Clayton,07060004,Facility Other,,43.0217187,-91.4893474
6,15220018,Roberts Creek @ 206th St/B65 (RC02/ROB30),04/07/1998 10:00:00,BSP,NIT-NO3-NO2,Inorganic nitrogen (nitrate and nitrite) (as N),Total,,15,mg/l,True,0.1,,,353.2,BSP,Actual,SW,Water,,,Clayton,07060004,River/Stream,,42.9304245,-91.38552335
6,15220028,Silver Creek @ Dogwood Ave (L23S),04/07/1998 10:20:00,BSP,NIT-NO3-NO2,Inorganic nitrogen (nitrate and nitrite) (as N),Total,,18,mg/l,True,0.1,,,353.2,BSP,Actual,SW,Water,,,Clayton,07060004,River/Stream,,43.0217763,-91.4894189
6,15220028,Silver Creek @ Dogwood Ave (L23S),03/24/1998 10:40:00,BSP,NIT-NO3-NO2,Inorganic nitrogen (nitrate and nitrite) (as N),Total,,16,mg/l,True,0.1,,,353.2,BSP,Actual,SW,Water,,,Clayton,07060004,River/Stream,,43.0217763,-91.4894189
6,15220018,Roberts Creek @ 206th St/B65 (RC02/ROB30),03/03/1998 15:15:00,BSP,NIT-NO3-NO2,Inorganic nitrogen (nitrate and nitrite) (as N),Total,,12,mg/l,True,0.1,,,353.2,BSP,Actual,SW,Water,,,Clayton,07060004,River/Stream,,42.9304245,-91.38552335
6,15220018,Roberts Creek @ 206th St/B65 (RC02/ROB30),03/24/1998 13:45:00,BSP,NIT-NO3-NO2,Inorganic nitrogen (nitrate and nitrite) (as N),Total,,12,mg/l,True,0.1,,,353.2,BSP,Actual,SW,Water,,,Clayton,07060004,River/Stream,,42.9304245,-91.38552335
6,15220036,Turkey River @ Big Spring (TR01),03/24/1998 09:50:00,BSP,NIT-NO3-NO2,Inorganic nitrogen (nitrate and nitrite) (as N),Total,,9.7,mg/l,True,0.2,,,353.2,BSP,Calculated,SW,Water,,Originally reported as Nitrate + Nitrite as NO3.,Clayton,07060004,River/Stream,,42.9095476,-91.4709184
6,15220033,Silver Creek @ 155th St (SC01),03/31/1998 11:00:00,BSP,NIT-NO3-NO2,Inorganic nitrogen (nitrate and nitrite) (as N),Total,,14.2,mg/l,True,0.2,,,353.2,BSP,Calculated,SW,Water,,Originally reported as Nitrate + Nitrite as NO3.,Clayton,07060004,River/Stream,,43.0006333,-91.4484974
6,15220027,Unnamed Trib. to Turkey R. @ Big Spring Rd. (HS03),03/31/1998 09:20:00,BSP,NIT-NO3-NO2,Inorganic nitrogen (nitrate and nitrite) (as N),Total,,10.6,mg/l,True,0.2,,,353.2,BSP,Calculated,SW,Water,,Originally reported as Nitrate + Nitrite as NO3.,Clayton,07060004,River/Stream,,42.9268507,-91.4687552
6,15220031,Unnamed Trib. to Roberts Crk. @ Aspen Ave (RC13),03/31/1998 11:50:00,BSP,NIT-NO3-NO2,Inorganic nitrogen (nitrate and nitrite) (as N),Total,,5.4,mg/l,True,0.2,,,353.2,BSP,Calculated,SW,Water,,Originally reported as Nitrate + Nitrite as NO3.,Clayton,07060004,River/Stream,,43.0574767,-91.5781539
6,15220030,Roberts Creek @ 130th St (RC11),03/31/1998 11:45:00,BSP,NIT-NO3-NO2,Inorganic nitrogen (nitrate and nitrite) (as N),Total,,9.5,mg/l,True,0.2,,,353.2,BSP,Calculated,SW,Water,,Originally reported as Nitrate + Nitrite as NO3.,Clayton,07060004,River/Stream,,43.0365499,-91.537903
6,15220029,Roberts Creek @ 145th St (RC10),03/31/1998 11:40:00,BSP,NIT-NO3-NO2,Inorganic nitrogen (nitrate and nitrite) (as N),Total,,8.6,mg/l,True,0.2,,,353.2,BSP,Calculated,SW,Water,,Originally reported as Nitrate + Nitrite as NO3.,Clayton,07060004,River/Stream,,43.0159151,-91.512025
6,15220024,Roberts Creek @ 172nd St (F45),03/31/1998 10:50:00,BSP,NIT-NO3-NO2,Inorganic nitrogen (nitrate and nitrite) (as N),Total,,9.9,mg/l,True,0.2,,,353.2,BSP,Calculated,SW,Water,,Originally reported as Nitrate + Nitrite as NO3.,Clayton,07060004,River/Stream,,42.9750265,-91.4830196
6,15220034,Unnamed Trib. to Silver Crk. @ Dolphin Ave (SC03),03/31/1998 11:15:00,BSP,NIT-NO3-NO2,Inorganic nitrogen (nitrate and nitrite) (as N),Total,,14.4,mg/l,True,0.2,,,353.2,BSP,Calculated,SW,Water,,Originally reported as Nitrate + Nitrite as NO3.,Clayton,07060004,River/Stream,,43.0342002,-91.4587066
6,15220035,Silver Creek @ 145th St (SC05),03/31/1998 11:10:00,BSP,NIT-NO3-NO2,Inorganic nitrogen (nitrate and nitrite) (as N),Total,,13.5,mg/l,True,0.2,,,353.2,BSP,Calculated,SW,Water,,Originally reported as Nitrate + Nitrite as NO3.,Clayton,07060004,River/Stream,,43.0136712,-91.4626953
6,15220026,Howard Creek @ Co. Rd. X28 (HC01),03/31/1998 13:15:00,BSP,NIT-NO3-NO2,Inorganic nitrogen (nitrate and nitrite) (as N),Total,,13.3,mg/l,True,0.2,,,353.2,BSP,Calculated,SW,Water,,Originally reported as Nitrate + Nitrite as NO3.,Clayton,07060004,River/Stream,,42.9622643,-91.3693639
6,15220040,L22T,04/07/1998 10:30:00,BSP,NIT-NO3-NO2,Inorganic nitrogen (nitrate and nitrite) (as N),Total,,21.9,mg/l,True,0.2,,,353.2,BSP,Calculated,GW,Water,,Originally reported as Nitrate + Nitrite as NO3.,Clayton,07060004,Facility Other,,43.0217187,-91.4893474
6,15220018,Roberts Creek @ 206th St/B65 (RC02/ROB30),03/17/1998 14:25:00,BSP,NIT-NO3-NO2,Inorganic nitrogen (nitrate and nitrite) (as N),Total,,11,mg/l,True,0.1,,,353.2,BSP,Actual,SW,Water,,,Clayton,07060004,River/Stream,,42.9304245,-91.38552335
6,15220036,Turkey River @ Big Spring (TR01),03/17/1998 10:10:00,BSP,NIT-NO3-NO2,Inorganic nitrogen (nitrate and nitrite) (as N),Total,,7.7,mg/l,True,0.2,,,353.2,BSP,Calculated,SW,Water,,Originally reported as Nitrate + Nitrite as NO3.,Clayton,07060004,River/Stream,,42.9095476,-91.4709184
6,15220040,L22T,03/24/1998 10:50:00,BSP,NIT-NO3-NO2,Inorganic nitrogen (nitrate and nitrite) (as N),Total,,20.8,mg/l,True,0.2,,,353.2,BSP,Calculated,GW,Water,,Originally reported as Nitrate + Nitrite as NO3.,Clayton,07060004,Facility Other,,43.0217187,-91.4893474
6,15220028,Silver Creek @ Dogwood Ave (L23S),03/03/1998 10:50:00,BSP,NIT-NO3-NO2,Inorganic nitrogen (nitrate and nitrite) (as N),Total,,14,mg/l,True,0.1,,,353.2,BSP,Actual,SW,Water,,,Clayton,07060004,River/Stream,,43.0217763,-91.4894189
6,15220028,Silver Creek @ Dogwood Ave (L23S),01/27/1998 10:35:00,BSP,NIT-NO3-NO2,Inorganic nitrogen (nitrate and nitrite) (as N),Total,,9.5,mg/l,True,0.1,,,353.2,BSP,Actual,SW,Water,,,Clayton,07060004,River/Stream,,43.0217763,-91.4894189
6,15220025,Roberts Creek @ Essex Ave (F47),01/27/1998 14:55:00,BSP,NIT-NO3-NO2,Inorganic nitrogen (nitrate and nitrite) (as N),Total,,6.8,mg/l,True,0.2,,,353.2,BSP,Calculated,SW,Water,,Originally reported as Nitrate + Nitrite as NO3.,Clayton,07060004,River/Stream,,42.9590908,-91.4195205
6,15220018,Roberts Creek @ 206th St/B65 (RC02/ROB30),02/17/1998 10:30:00,BSP,NIT-NO3-NO2,Inorganic nitrogen (nitrate and nitrite) (as N),Total,,3.6,mg/l,True,0.1,,,353.2,BSP,Actual,SW,Water,,,Clayton,07060004,River/Stream,,42.9304245,-91.38552335
6,15220036,Turkey River @ Big Spring (TR01),02/17/1998 10:55:00,BSP,NIT-NO3-NO2,Inorganic nitrogen (nitrate and nitrite) (as N),Total,,4.1,mg/l,True,0.2,,,353.2,BSP,Calculated,SW,Water,,Originally reported as Nitrate + Nitrite as NO3.,Clayton,07060004,River/Stream,,42.9095476,-91.4709184
6,15220033,Silver Creek @ 155th St (SC01),02/24/1998 10:00:00,BSP,NIT-NO3-NO2,Inorganic nitrogen (nitrate and nitrite) (as N),Total,,7.9,mg/l,True,0.2,,,353.2,BSP,Calculated,SW,Water,,Originally reported as Nitrate + Nitrite as NO3.,Clayton,07060004,River/Stream,,43.0006333,-91.4484974
6,15220027,Unnamed Trib. to Turkey R. @ Big Spring Rd. (HS03),02/24/1998 09:10:00,BSP,NIT-NO3-NO2,Inorganic nitrogen (nitrate and nitrite) (as N),Total,,7.2,mg/l,True,0.2,,,353.2,BSP,Calculated,SW,Water,,Originally reported as Nitrate + Nitrite as NO3.,Clayton,07060004,River/Stream,,42.9268507,-91.4687552
6,15220031,Unnamed Trib. to Roberts Crk. @ Aspen Ave (RC13),02/24/1998 10:50:00,BSP,NIT-NO3-NO2,Inorganic nitrogen (nitrate and nitrite) (as N),Total,,8.1,mg/l,True,0.2,,,353.2,BSP,Calculated,SW,Water,,Originally reported as Nitrate + Nitrite as NO3.,Clayton,07060004,River/Stream,,43.0574767,-91.5781539
6,15220030,Roberts Creek @ 130th St (RC11),02/24/1998 10:40:00,BSP,NIT-NO3-NO2,Inorganic nitrogen (nitrate and nitrite) (as N),Total,,7.4,mg/l,True,0.2,,,353.2,BSP,Calculated,SW,Water,,Originally reported as Nitrate + Nitrite as NO3.,Clayton,07060004,River/Stream,,43.0365499,-91.537903
6,15220029,Roberts Creek @ 145th St (RC10),02/24/1998 10:35:00,BSP,NIT-NO3-NO2,Inorganic nitrogen (nitrate and nitrite) (as N),Total,,6.5,mg/l,True,0.2,,,353.2,BSP,Calculated,SW,Water,,Originally reported as Nitrate + Nitrite as NO3.,Clayton,07060004,River/Stream,,43.0159151,-91.512025
6,15220024,Roberts Creek @ 172nd St (F45),02/24/1998 09:50:00,BSP,NIT-NO3-NO2,Inorganic nitrogen (nitrate and nitrite) (as N),Total,,7,mg/l,True,0.2,,,353.2,BSP,Calculated,SW,Water,,Originally reported as Nitrate + Nitrite as NO3.,Clayton,07060004,River/Stream,,42.9750265,-91.4830196
6,15220034,Unnamed Trib. to Silver Crk. @ Dolphin Ave (SC03),02/24/1998 10:10:00,BSP,NIT-NO3-NO2,Inorganic nitrogen (nitrate and nitrite) (as N),Total,,2.7,mg/l,True,0.2,,,353.2,BSP,Calculated,SW,Water,,Originally reported as Nitrate + Nitrite as NO3.,Clayton,07060004,River/Stream,,43.0342002,-91.4587066
6,15220035,Silver Creek @ 145th St (SC05),02/24/1998 10:05:00,BSP,NIT-NO3-NO2,Inorganic nitrogen (nitrate and nitrite) (as N),Total,,9.3,mg/l,True,0.2,,,353.2,BSP,Calculated,SW,Water,,Originally reported as Nitrate + Nitrite as NO3.,Clayton,07060004,River/Stream,,43.0136712,-91.4626953
6,15220026,Howard Creek @ Co. Rd. X28 (HC01),02/24/1998 14:25:00,BSP,NIT-NO3-NO2,Inorganic nitrogen (nitrate and nitrite) (as N),Total,,8.8,mg/l,True,0.2,,,353.2,BSP,Calculated,SW,Water,,Originally reported as Nitrate + Nitrite as NO3.,Clayton,07060004,River/Stream,,42.9622643,-91.3693639
6,15220040,L22T,03/03/1998 11:00:00,BSP,NIT-NO3-NO2,Inorganic nitrogen (nitrate and nitrite) (as N),Total,,17.4,mg/l,True,0.2,,,353.2,BSP,Calculated,GW,Water,,Originally reported as Nitrate + Nitrite as NO3.,Clayton,07060004,Facility Other,,43.0217187,-91.4893474
6,15220028,Silver Creek @ Dogwood Ave (L23S),02/09/1998 10:30:00,BSP,NIT-NO3-NO2,Inorganic nitrogen (nitrate and nitrite) (as N),Total,,11,mg/l,True,0.1,,,353.2,BSP,Actual,SW,Water,,,Clayton,07060004,River/Stream,,43.0217763,-91.4894189
6,15220036,Turkey River @ Big Spring (TR01),02/09/1998 09:15:00,BSP,NIT-NO3-NO2,Inorganic nitrogen (nitrate and nitrite) (as N),Total,,5.6,mg/l,True,0.2,,,353.2,BSP,Calculated,SW,Water,,Originally reported as Nitrate + Nitrite as NO3.,Clayton,07060004,River/Stream,,42.9095476,-91.4709184
6,15220040,L22T,02/17/1998 11:50:00,BSP,NIT-NO3-NO2,Inorganic nitrogen (nitrate and nitrite) (as N),Total,,11.7,mg/l,True,0.2,,,353.2,BSP,Calculated,GW,Water,,Originally reported as Nitrate + Nitrite as NO3.,Clayton,07060004,Facility Other,,43.0217187,-91.4893474
6,15220028,Silver Creek @ Dogwood Ave (L23S),02/17/1998 11:40:00,BSP,NIT-NO3-NO2,Inorganic nitrogen (nitrate and nitrite) (as N),Total,,8.7,mg/l,True,0.1,,,353.2,BSP,Actual,SW,Water,,,Clayton,07060004,River/Stream,,43.0217763,-91.4894189
6,15220036,Turkey River @ Big Spring (TR01),01/27/1998 09:05:00,BSP,NIT-NO3-NO2,Inorganic nitrogen (nitrate and nitrite) (as N),Total,,5.4,mg/l,True,0.2,,,353.2,BSP,Calculated,SW,Water,,Originally reported as Nitrate + Nitrite as NO3.,Clayton,07060004,River/Stream,,42.9095476,-91.4709184
6,15220018,Roberts Creek @ 206th St/B65 (RC02/ROB30),01/13/1998 13:25:00,BSP,NIT-NO3-NO2,Inorganic nitrogen (nitrate and nitrite) (as N),Total,,11,mg/l,True,0.1,,,353.2,BSP,Actual,SW,Water,,,Clayton,07060004,River/Stream,,42.9304245,-91.38552335
6,15220018,Roberts Creek @ 206th St/B65 (RC02/ROB30),01/27/1998 14:45:00,BSP,NIT-NO3-NO2,Inorganic nitrogen (nitrate and nitrite) (as N),Total,,7.5,mg/l,True,0.1,,,353.2,BSP,Actual,SW,Water,,,Clayton,07060004,River/Stream,,42.9304245,-91.38552335
6,15220033,Silver Creek @ 155th St (SC01),01/27/1998 10:10:00,BSP,NIT-NO3-NO2,Inorganic nitrogen (nitrate and nitrite) (as N),Total,,6.8,mg/l,True,0.2,,,353.2,BSP,Calculated,SW,Water,,Originally reported as Nitrate + Nitrite as NO3.,Clayton,07060004,River/Stream,,43.0006333,-91.4484974
6,15220027,Unnamed Trib. to Turkey R. @ Big Spring Rd. (HS03),01/27/1998 09:00:00,BSP,NIT-NO3-NO2,Inorganic nitrogen (nitrate and nitrite) (as N),Total,,7.4,mg/l,True,0.2,,,353.2,BSP,Calculated,SW,Water,,Originally reported as Nitrate + Nitrite as NO3.,Clayton,07060004,River/Stream,,42.9268507,-91.4687552
6,15220031,Unnamed Trib. to Roberts Crk. @ Aspen Ave (RC13),01/27/1998 11:10:00,BSP,NIT-NO3-NO2,Inorganic nitrogen (nitrate and nitrite) (as N),Total,,6.3,mg/l,True,0.2,,,353.2,BSP,Calculated,SW,Water,,Originally reported as Nitrate + Nitrite as NO3.,Clayton,07060004,River/Stream,,43.0574767,-91.5781539
6,15220030,Roberts Creek @ 130th St (RC11),01/27/1998 11:05:00,BSP,NIT-NO3-NO2,Inorganic nitrogen (nitrate and nitrite) (as N),Total,,6.5,mg/l,True,0.2,,,353.2,BSP,Calculated,SW,Water,,Originally reported as Nitrate + Nitrite as NO3.,Clayton,07060004,River/Stream,,43.0365499,-91.537903
6,15220029,Roberts Creek @ 145th St (RC10),01/27/1998 11:00:00,BSP,NIT-NO3-NO2,Inorganic nitrogen (nitrate and nitrite) (as N),Total,,6.8,mg/l,True,0.2,,,353.2,BSP,Calculated,SW,Water,,Originally reported as Nitrate + Nitrite as NO3.,Clayton,07060004,River/Stream,,43.0159151,-91.512025
6,15220024,Roberts Creek @ 172nd St (F45),01/27/1998 10:00:00,BSP,NIT-NO3-NO2,Inorganic nitrogen (nitrate and nitrite) (as N),Total,,7,mg/l,True,0.2,,,353.2,BSP,Calculated,SW,Water,,Originally reported as Nitrate + Nitrite as NO3.,Clayton,07060004,River/Stream,,42.9750265,-91.4830196
6,15220018,Roberts Creek @ 206th St/B65 (RC02/ROB30),02/09/1998 13:50:00,BSP,NIT-NO3-NO2,Inorganic nitrogen (nitrate and nitrite) (as N),Total,,7.4,mg/l,True,0.1,,,353.2,BSP,Actual,SW,Water,,,Clayton,07060004,River/Stream,,42.9304245,-91.38552335
6,15220028,Silver Creek @ Dogwood Ave (L23S),01/13/1998 10:10:00,BSP,NIT-NO3-NO2,Inorganic nitrogen (nitrate and nitrite) (as N),Total,,12,mg/l,True,0.1,,,353.2,BSP,Actual,SW,Water,,,Clayton,07060004,River/Stream,,43.0217763,-91.4894189
6,15220036,Turkey River @ Big Spring (TR01),01/13/1998 09:35:00,BSP,NIT-NO3-NO2,Inorganic nitrogen (nitrate and nitrite) (as N),Total,,6.5,mg/l,True,0.2,,,353.2,BSP,Calculated,SW,Water,,Originally reported as Nitrate + Nitrite as NO3.,Clayton,07060004,River/Stream,,42.9095476,-91.4709184
6,15220040,L22T,01/20/1998 11:30:00,BSP,NIT-NO3-NO2,Inorganic nitrogen (nitrate and nitrite) (as N),Total,,14.4,mg/l,True,0.2,,,353.2,BSP,Calculated,GW,Water,,Originally reported as Nitrate + Nitrite as NO3.,Clayton,07060004,Facility Other,,43.0217187,-91.4893474
6,15220018,Roberts Creek @ 206th St/B65 (RC02/ROB30),01/06/1998 10:40:00,BSP,NIT-NO3-NO2,Inorganic nitrogen (nitrate and nitrite) (as N),Total,,6.7,mg/l,True,0.1,,,353.2,BSP,Actual,SW,Water,,,Clayton,07060004,River/Stream,,42.9304245,-91.38552335
6,15220036,Turkey River @ Big Spring (TR01),01/06/1998 11:00:00,BSP,NIT-NO3-NO2,Inorganic nitrogen (nitrate and nitrite) (as N),Total,,9.5,mg/l,True,0.2,,,353.2,BSP,Calculated,SW,Water,,Originally reported as Nitrate + Nitrite as NO3.,Clayton,07060004,River/Stream,,42.9095476,-91.4709184
6,15220040,L22T,01/13/1998 10:15:00,BSP,NIT-NO3-NO2,Inorganic nitrogen (nitrate and nitrite) (as N),Total,,14,mg/l,True,0.2,,,353.2,BSP,Calculated,GW,Water,,Originally reported as Nitrate + Nitrite as NO3.,Clayton,07060004,Facility Other,,43.0217187,-91.4893474
6,15220018,Roberts Creek @ 206th St/B65 (RC02/ROB30),12/30/1997 15:45:00,BSP,NIT-NO3-NO2,Inorganic nitrogen (nitrate and nitrite) (as N),Total,,9,mg/l,True,0.1,,,353.2,BSP,Actual,SW,Water,,,Clayton,07060004,River/Stream,,42.9304245,-91.38552335
6,15220028,Silver Creek @ Dogwood Ave (L23S),12/30/1997 10:55:00,BSP,NIT-NO3-NO2,Inorganic nitrogen (nitrate and nitrite) (as N),Total,,11,mg/l,True,0.1,,,353.2,BSP,Actual,SW,Water,,,Clayton,07060004,River/Stream,,43.0217763,-91.4894189
6,15220025,Roberts Creek @ Essex Ave (F47),12/30/1997 16:00:00,BSP,NIT-NO3-NO2,Inorganic nitrogen (nitrate and nitrite) (as N),Total,,8.1,mg/l,True,0.2,,,353.2,BSP,Calculated,SW,Water,,Originally reported as Nitrate + Nitrite as NO3.,Clayton,07060004,River/Stream,,42.9590908,-91.4195205
6,15220036,Turkey River @ Big Spring (TR01),12/30/1997 09:40:00,BSP,NIT-NO3-NO2,Inorganic nitrogen (nitrate and nitrite) (as N),Total,,10,mg/l,True,0.1,,,353.2,BSP,Actual,SW,Water,,,Clayton,07060004,River/Stream,,42.9095476,-91.4709184
6,15220036,Turkey River @ Big Spring (TR01),12/30/1997 09:40:00,BSP,NIT-NO3-NO2,Inorganic nitrogen (nitrate and nitrite) (as N),Total,,9,mg/l,True,0.2,,,353.2,BSP,Calculated,SW,Water,,Originally reported as Nitrate + Nitrite as NO3.,Clayton,07060004,River/Stream,,42.9095476,-91.4709184
6,15220018,Roberts Creek @ 206th St/B65 (RC02/ROB30),12/09/1997 13:45:00,BSP,NIT-NO3-NO2,Inorganic nitrogen (nitrate and nitrite) (as N),Total,,8,mg/l,True,0.1,,,353.2,BSP,Actual,SW,Water,,,Clayton,07060004,River/Stream,,42.9304245,-91.38552335
6,15220028,Silver Creek @ Dogwood Ave (L23S),12/09/1997 10:40:00,BSP,NIT-NO3-NO2,Inorganic nitrogen (nitrate and nitrite) (as N),Total,,11,mg/l,True,0.1,,,353.2,BSP,Actual,SW,Water,,,Clayton,07060004,River/Stream,,43.0217763,-91.4894189
6,15220036,Turkey River @ Big Spring (TR01),12/09/1997 10:00:00,BSP,NIT-NO3-NO2,Inorganic nitrogen (nitrate and nitrite) (as N),Total,,6.3,mg/l,True,0.2,,,353.2,BSP,Calculated,SW,Water,,Originally reported as Nitrate + Nitrite as NO3.,Clayton,07060004,River/Stream,,42.9095476,-91.4709184
6,15220040,L22T,12/30/1997 10:50:00,BSP,NIT-NO3-NO2,Inorganic nitrogen (nitrate and nitrite) (as N),Total,,14.4,mg/l,True,0.2,,,353.2,BSP,Calculated,GW,Water,,Originally reported as Nitrate + Nitrite as NO3.,Clayton,07060004,Facility Other,,43.0217187,-91.4893474
6,15220018,Roberts Creek @ 206th St/B65 (RC02/ROB30),12/02/1997 10:50:00,BSP,NIT-NO3-NO2,Inorganic nitrogen (nitrate and nitrite) (as N),Total,,8.3,mg/l,True,0.1,,,353.2,BSP,Actual,SW,Water,,,Clayton,07060004,River/Stream,,42.9304245,-91.38552335
6,15220036,Turkey River @ Big Spring (TR01),12/02/1997 11:10:00,BSP,NIT-NO3-NO2,Inorganic nitrogen (nitrate and nitrite) (as N),Total,,8.8,mg/l,True,0.2,,,353.2,BSP,Calculated,SW,Water,,Originally reported as Nitrate + Nitrite as NO3.,Clayton,07060004,River/Stream,,42.9095476,-91.4709184
6,15220040,L22T,12/09/1997 10:45:00,BSP,NIT-NO3-NO2,Inorganic nitrogen (nitrate and nitrite) (as N),Total,,15.1,mg/l,True,0.2,,,353.2,BSP,Calculated,GW,Water,,Originally reported as Nitrate + Nitrite as NO3.,Clayton,07060004,Facility Other,,43.0217187,-91.4893474
6,15220028,Silver Creek @ Dogwood Ave (L23S),11/25/1997 10:30:00,BSP,NIT-NO3-NO2,Inorganic nitrogen (nitrate and nitrite) (as N),Total,,12,mg/l,True,0.1,,,353.2,BSP,Actual,SW,Water,,,Clayton,07060004,River/Stream,,43.0217763,-91.4894189
6,15220025,Roberts Creek @ Essex Ave (F47),11/25/1997 14:15:00,BSP,NIT-NO3-NO2,Inorganic nitrogen (nitrate and nitrite) (as N),Total,,8.6,mg/l,True,0.2,,,353.2,BSP,Calculated,SW,Water,,Originally reported as Nitrate + Nitrite as NO3.,Clayton,07060004,River/Stream,,42.9590908,-91.4195205
6,15220028,Silver Creek @ Dogwood Ave (L23S),12/02/1997 11:50:00,BSP,NIT-NO3-NO2,Inorganic nitrogen (nitrate and nitrite) (as N),Total,,10.4,mg/l,True,0.1,,,353.2,BSP,Actual,SW,Water,,,Clayton,07060004,River/Stream,,43.0217763,-91.4894189
6,15220036,Turkey River @ Big Spring (TR01),11/25/1997 09:00:00,BSP,NIT-NO3-NO2,Inorganic nitrogen (nitrate and nitrite) (as N),Total,,8.5,mg/l,True,0.1,,,353.2,BSP,Actual,SW,Water,,,Clayton,07060004,River/Stream,,42.9095476,-91.4709184
6,15220036,Turkey River @ Big Spring (TR01),11/25/1997 09:00:00,BSP,NIT-NO3-NO2,Inorganic nitrogen (nitrate and nitrite) (as N),Total,,8.1,mg/l,True,0.2,,,353.2,BSP,Calculated,SW,Water,,Originally reported as Nitrate + Nitrite as NO3.,Clayton,07060004,River/Stream,,42.9095476,-91.4709184
6,15220028,Silver Creek @ Dogwood Ave (L23S),11/04/1997 11:10:00,BSP,NIT-NO3-NO2,Inorganic nitrogen (nitrate and nitrite) (as N),Total,,12,mg/l,True,0.1,,,353.2,BSP,Actual,SW,Water,,,Clayton,07060004,River/Stream,,43.0217763,-91.4894189
6,15220018,Roberts Creek @ 206th St/B65 (RC02/ROB30),11/04/1997 15:25:00,BSP,NIT-NO3-NO2,Inorganic nitrogen (nitrate and nitrite) (as N),Total,,9.9,mg/l,True,0.1,,,353.2,BSP,Actual,SW,Water,,,Clayton,07060004,River/Stream,,42.9304245,-91.38552335
6,15220036,Turkey River @ Big Spring (TR01),11/04/1997 09:45:00,BSP,NIT-NO3-NO2,Inorganic nitrogen (nitrate and nitrite) (as N),Total,,6.8,mg/l,True,0.2,,,353.2,BSP,Calculated,SW,Water,,Originally reported as Nitrate + Nitrite as NO3.,Clayton,07060004,River/Stream,,42.9095476,-91.4709184
6,15220040,L22T,11/25/1997 10:35:00,BSP,NIT-NO3-NO2,Inorganic nitrogen (nitrate and nitrite) (as N),Total,,15.3,mg/l,True,0.2,,,353.2,BSP,Calculated,GW,Water,,Originally reported as Nitrate + Nitrite as NO3.,Clayton,07060004,Facility Other,,43.0217187,-91.4893474
6,15220028,Silver Creek @ Dogwood Ave (L23S),10/21/1997 10:05:00,BSP,NIT-NO3-NO2,Inorganic nitrogen (nitrate and nitrite) (as N),Total,,15,mg/l,True,0.1,,,353.2,BSP,Actual,SW,Water,,,Clayton,07060004,River/Stream,,43.0217763,-91.4894189
6,15220018,Roberts Creek @ 206th St/B65 (RC02/ROB30),09/23/1997 13:50:00,BSP,NIT-NO3-NO2,Inorganic nitrogen (nitrate and nitrite) (as N),Total,,8.2,mg/l,True,0.1,,,353.2,BSP,Actual,SW,Water,,,Clayton,07060004,River/Stream,,42.9304245,-91.38552335
6,15220018,Roberts Creek @ 206th St/B65 (RC02/ROB30),10/21/1997 12:35:00,BSP,NIT-NO3-NO2,Inorganic nitrogen (nitrate and nitrite) (as N),Total,,12,mg/l,True,0.1,,,353.2,BSP,Actual,SW,Water,,,Clayton,07060004,River/Stream,,42.9304245,-91.38552335
6,15220036,Turkey River @ Big Spring (TR01),10/21/1997 09:30:00,BSP,NIT-NO3-NO2,Inorganic nitrogen (nitrate and nitrite) (as N),Total,,9,mg/l,True,0.2,,,353.2,BSP,Calculated,SW,Water,,Originally reported as Nitrate + Nitrite as NO3.,Clayton,07060004,River/Stream,,42.9095476,-91.4709184
6,15220040,L22T,10/27/1997 13:50:00,BSP,NIT-NO3-NO2,Inorganic nitrogen (nitrate and nitrite) (as N),Total,,0.2,mg/l,False,0.2,,,353.2,BSP,Calculated,GW,Water,,Originally reported as Nitrate + Nitrite as NO3.,Clayton,07060004,Facility Other,,43.0217187,-91.4893474
6,15220030,Roberts Creek @ 130th St (RC11),10/27/1997 14:25:00,BSP,NIT-NO3-NO2,Inorganic nitrogen (nitrate and nitrite) (as N),Total,,9.9,mg/l,True,0.2,,,353.2,BSP,Calculated,SW,Water,,Originally reported as Nitrate + Nitrite as NO3.,Clayton,07060004,River/Stream,,43.0365499,-91.537903
6,15220029,Roberts Creek @ 145th St (RC10),10/27/1997 14:20:00,BSP,NIT-NO3-NO2,Inorganic nitrogen (nitrate and nitrite) (as N),Total,,9.7,mg/l,True,0.2,,,353.2,BSP,Calculated,SW,Water,,Originally reported as Nitrate + Nitrite as NO3.,Clayton,07060004,River/Stream,,43.0159151,-91.512025
6,15220024,Roberts Creek @ 172nd St (F45),10/27/1997 12:05:00,BSP,NIT-NO3-NO2,Inorganic nitrogen (nitrate and nitrite) (as N),Total,,10.2,mg/l,True,0.2,,,353.2,BSP,Calculated,SW,Water,,Originally reported as Nitrate + Nitrite as NO3.,Clayton,07060004,River/Stream,,42.9750265,-91.4830196
6,15220034,Unnamed Trib. to Silver Crk. @ Dolphin Ave (SC03),10/27/1997 13:25:00,BSP,NIT-NO3-NO2,Inorganic nitrogen (nitrate and nitrite) (as N),Total,,2.5,mg/l,True,0.2,,,353.2,BSP,Calculated,SW,Water,,Originally reported as Nitrate + Nitrite as NO3.,Clayton,07060004,River/Stream,,43.0342002,-91.4587066
6,15220035,Silver Creek @ 145th St (SC05),10/27/1997 13:20:00,BSP,NIT-NO3-NO2,Inorganic nitrogen (nitrate and nitrite) (as N),Total,,12.2,mg/l,True,0.2,,,353.2,BSP,Calculated,SW,Water,,Originally reported as Nitrate + Nitrite as NO3.,Clayton,07060004,River/Stream,,43.0136712,-91.4626953
6,15220026,Howard Creek @ Co. Rd. X28 (HC01),10/27/1997 12:50:00,BSP,NIT-NO3-NO2,Inorganic nitrogen (nitrate and nitrite) (as N),Total,,9.9,mg/l,True,0.2,,,353.2,BSP,Calculated,SW,Water,,Originally reported as Nitrate + Nitrite as NO3.,Clayton,07060004,River/Stream,,42.9622643,-91.3693639
6,15220040,L22T,11/04/1997 11:15:00,BSP,NIT-NO3-NO2,Inorganic nitrogen (nitrate and nitrite) (as N),Total,,15.3,mg/l,True,0.2,,,353.2,BSP,Calculated,GW,Water,,Originally reported as Nitrate + Nitrite as NO3.,Clayton,07060004,Facility Other,,43.0217187,-91.4893474
6,15220018,Roberts Creek @ 206th St/B65 (RC02/ROB30),09/30/1997 14:10:00,BSP,NIT-NO3-NO2,Inorganic nitrogen (nitrate and nitrite) (as N),Total,,7.7,mg/l,True,0.1,,,353.2,BSP,Actual,SW,Water,,,Clayton,07060004,River/Stream,,42.9304245,-91.38552335
6,15220033,Silver Creek @ 155th St (SC01),09/30/1997 09:55:00,BSP,NIT-NO3-NO2,Inorganic nitrogen (nitrate and nitrite) (as N),Total,,9,mg/l,True,0.2,,,353.2,BSP,Calculated,SW,Water,,Originally reported as Nitrate + Nitrite as NO3.,Clayton,07060004,River/Stream,,43.0006333,-91.4484974
6,15220027,Unnamed Trib. to Turkey R. @ Big Spring Rd. (HS03),09/30/1997 09:00:00,BSP,NIT-NO3-NO2,Inorganic nitrogen (nitrate and nitrite) (as N),Total,,8.6,mg/l,True,0.2,,,353.2,BSP,Calculated,SW,Water,,Originally reported as Nitrate + Nitrite as NO3.,Clayton,07060004,River/Stream,,42.9268507,-91.4687552
6,15220031,Unnamed Trib. to Roberts Crk. @ Aspen Ave (RC13),09/30/1997 10:35:00,BSP,NIT-NO3-NO2,Inorganic nitrogen (nitrate and nitrite) (as N),Total,,9.5,mg/l,True,0.2,,,353.2,BSP,Calculated,SW,Water,,Originally reported as Nitrate + Nitrite as NO3.,Clayton,07060004,River/Stream,,43.0574767,-91.5781539
6,15220030,Roberts Creek @ 130th St (RC11),09/30/1997 10:30:00,BSP,NIT-NO3-NO2,Inorganic nitrogen (nitrate and nitrite) (as N),Total,,9.5,mg/l,True,0.2,,,353.2,BSP,Calculated,SW,Water,,Originally reported as Nitrate + Nitrite as NO3.,Clayton,07060004,River/Stream,,43.0365499,-91.537903
6,15220029,Roberts Creek @ 145th St (RC10),09/30/1997 10:25:00,BSP,NIT-NO3-NO2,Inorganic nitrogen (nitrate and nitrite) (as N),Total,,8.6,mg/l,True,0.2,,,353.2,BSP,Calculated,SW,Water,,Originally reported as Nitrate + Nitrite as NO3.,Clayton,07060004,River/Stream,,43.0159151,-91.512025
6,15220024,Roberts Creek @ 172nd St (F45),09/30/1997 09:40:00,BSP,NIT-NO3-NO2,Inorganic nitrogen (nitrate and nitrite) (as N),Total,,9,mg/l,True,0.2,,,353.2,BSP,Calculated,SW,Water,,Originally reported as Nitrate + Nitrite as NO3.,Clayton,07060004,River/Stream,,42.9750265,-91.4830196
6,15220034,Unnamed Trib. to Silver Crk. @ Dolphin Ave (SC03),09/30/1997 10:05:00,BSP,NIT-NO3-NO2,Inorganic nitrogen (nitrate and nitrite) (as N),Total,,2.3,mg/l,True,0.2,,,353.2,BSP,Calculated,SW,Water,,Originally reported as Nitrate + Nitrite as NO3.,Clayton,07060004,River/Stream,,43.0342002,-91.4587066
6,15220035,Silver Creek @ 145th St (SC05),09/30/1997 10:00:00,BSP,NIT-NO3-NO2,Inorganic nitrogen (nitrate and nitrite) (as N),Total,,10.2,mg/l,True,0.2,,,353.2,BSP,Calculated,SW,Water,,Originally reported as Nitrate + Nitrite as NO3.,Clayton,07060004,River/Stream,,43.0136712,-91.4626953
6,15220026,Howard Creek @ Co. Rd. X28 (HC01),09/30/1997 14:05:00,BSP,NIT-NO3-NO2,Inorganic nitrogen (nitrate and nitrite) (as N),Total,,8.6,mg/l,True,0.2,,,353.2,BSP,Calculated,SW,Water,,Originally reported as Nitrate + Nitrite as NO3.,Clayton,07060004,River/Stream,,42.9622643,-91.3693639
6,15220040,L22T,10/07/1997 12:25:00,BSP,NIT-NO3-NO2,Inorganic nitrogen (nitrate and nitrite) (as N),Total,,17.6,mg/l,True,0.2,,,353.2,BSP,Calculated,GW,Water,,Originally reported as Nitrate + Nitrite as NO3.,Clayton,07060004,Facility Other,,43.0217187,-91.4893474
6,15220040,L22T,10/21/1997 10:10:00,BSP,NIT-NO3-NO2,Inorganic nitrogen (nitrate and nitrite) (as N),Total,,18.3,mg/l,True,0.2,,,353.2,BSP,Calculated,GW,Water,,Originally reported as Nitrate + Nitrite as NO3.,Clayton,07060004,Facility Other,,43.0217187,-91.4893474
6,15220028,Silver Creek @ Dogwood Ave (L23S),09/23/1997 10:30:00,BSP,NIT-NO3-NO2,Inorganic nitrogen (nitrate and nitrite) (as N),Total,,7.8,mg/l,True,0.1,,,353.2,BSP,Actual,SW,Water,,,Clayton,07060004,River/Stream,,43.0217763,-91.4894189
6,15220036,Turkey River @ Big Spring (TR01),09/23/1997 09:40:00,BSP,NIT-NO3-NO2,Inorganic nitrogen (nitrate and nitrite) (as N),Total,,7.7,mg/l,True,0.2,,,353.2,BSP,Calculated,SW,Water,,Originally reported as Nitrate + Nitrite as NO3.,Clayton,07060004,River/Stream,,42.9095476,-91.4709184
6,15220025,Roberts Creek @ Essex Ave (F47),09/30/1997 14:20:00,BSP,NIT-NO3-NO2,Inorganic nitrogen (nitrate and nitrite) (as N),Total,,8.6,mg/l,True,0.2,,,353.2,BSP,Calculated,SW,Water,,Originally reported as Nitrate + Nitrite as NO3.,Clayton,07060004,River/Stream,,42.9590908,-91.4195205
6,15220028,Silver Creek @ Dogwood Ave (L23S),09/16/1997 11:40:00,BSP,NIT-NO3-NO2,Inorganic nitrogen (nitrate and nitrite) (as N),Total,,8.5,mg/l,True,0.1,,,353.2,BSP,Actual,SW,Water,,,Clayton,07060004,River/Stream,,43.0217763,-91.4894189
6,15220036,Turkey River @ Big Spring (TR01),09/16/1997 10:40:00,BSP,NIT-NO3-NO2,Inorganic nitrogen (nitrate and nitrite) (as N),Total,,10.2,mg/l,True,0.2,,,353.2,BSP,Calculated,SW,Water,,Originally reported as Nitrate + Nitrite as NO3.,Clayton,07060004,River/Stream,,42.9095476,-91.4709184
6,15220040,L22T,09/23/1997 10:35:00,BSP,NIT-NO3-NO2,Inorganic nitrogen (nitrate and nitrite) (as N),Total,,12.9,mg/l,True,0.2,,,353.2,BSP,Calculated,GW,Water,,Originally reported as Nitrate + Nitrite as NO3.,Clayton,07060004,Facility Other,,43.0217187,-91.4893474
6,15220018,Roberts Creek @ 206th St/B65 (RC02/ROB30),09/16/1997 10:20:00,BSP,NIT-NO3-NO2,Inorganic nitrogen (nitrate and nitrite) (as N),Total,,8.1,mg/l,True,0.1,,,353.2,BSP,Actual,SW,Water,,,Clayton,07060004,River/Stream,,42.9304245,-91.38552335
6,15220028,Silver Creek @ Dogwood Ave (L23S),09/02/1997 10:30:00,BSP,NIT-NO3-NO2,Inorganic nitrogen (nitrate and nitrite) (as N),Total,,7.5,mg/l,True,0.1,,,353.2,BSP,Actual,SW,Water,,,Clayton,07060004,River/Stream,,43.0217763,-91.4894189
6,15220018,Roberts Creek @ 206th St/B65 (RC02/ROB30),09/02/1997 13:20:00,BSP,NIT-NO3-NO2,Inorganic nitrogen (nitrate and nitrite) (as N),Total,,7.9,mg/l,True,0.1,,,353.2,BSP,Actual,SW,Water,,,Clayton,07060004,River/Stream,,42.9304245,-91.38552335
6,15220018,Roberts Creek @ 206th St/B65 (RC02/ROB30),08/19/1997 10:00:00,BSP,NIT-NO3-NO2,Inorganic nitrogen (nitrate and nitrite) (as N),Total,,5.6,mg/l,True,0.1,,,353.2,BSP,Actual,SW,Water,,,Clayton,07060004,River/Stream,,42.9304245,-91.38552335
6,15220028,Silver Creek @ Dogwood Ave (L23S),08/19/1997 11:10:00,BSP,NIT-NO3-NO2,Inorganic nitrogen (nitrate and nitrite) (as N),Total,,9.2,mg/l,True,0.1,,,353.2,BSP,Actual,SW,Water,,,Clayton,07060004,River/Stream,,43.0217763,-91.4894189
6,15220036,Turkey River @ Big Spring (TR01),08/19/1997 10:20:00,BSP,NIT-NO3-NO2,Inorganic nitrogen (nitrate and nitrite) (as N),Total,,10.4,mg/l,True,0.2,,,353.2,BSP,Calculated,SW,Water,,Originally reported as Nitrate + Nitrite as NO3.,Clayton,07060004,River/Stream,,42.9095476,-91.4709184
6,15220027,Unnamed Trib. to Turkey R. @ Big Spring Rd. (HS03),08/26/1997 09:00:00,BSP,NIT-NO3-NO2,Inorganic nitrogen (nitrate and nitrite) (as N),Total,,7.7,mg/l,True,0.2,,,353.2,BSP,Calculated,SW,Water,,Originally reported as Nitrate + Nitrite as NO3.,Clayton,07060004,River/Stream,,42.9268507,-91.4687552
6,15220031,Unnamed Trib. to Roberts Crk. @ Aspen Ave (RC13),08/26/1997 10:50:00,BSP,NIT-NO3-NO2,Inorganic nitrogen (nitrate and nitrite) (as N),Total,,7,mg/l,True,0.2,,,353.2,BSP,Calculated,SW,Water,,Originally reported as Nitrate + Nitrite as NO3.,Clayton,07060004,River/Stream,,43.0574767,-91.5781539
6,15220030,Roberts Creek @ 130th St (RC11),08/26/1997 10:45:00,BSP,NIT-NO3-NO2,Inorganic nitrogen (nitrate and nitrite) (as N),Total,,6.8,mg/l,True,0.2,,,353.2,BSP,Calculated,SW,Water,,Originally reported as Nitrate + Nitrite as NO3.,Clayton,07060004,River/Stream,,43.0365499,-91.537903
6,15220029,Roberts Creek @ 145th St (RC10),08/26/1997 10:40:00,BSP,NIT-NO3-NO2,Inorganic nitrogen (nitrate and nitrite) (as N),Total,,6.1,mg/l,True,0.2,,,353.2,BSP,Calculated,SW,Water,,Originally reported as Nitrate + Nitrite as NO3.,Clayton,07060004,River/Stream,,43.0159151,-91.512025
6,15220024,Roberts Creek @ 172nd St (F45),08/26/1997 09:55:00,BSP,NIT-NO3-NO2,Inorganic nitrogen (nitrate and nitrite) (as N),Total,,7,mg/l,True,0.2,,,353.2,BSP,Calculated,SW,Water,,Originally reported as Nitrate + Nitrite as NO3.,Clayton,07060004,River/Stream,,42.9750265,-91.4830196
6,15220034,Unnamed Trib. to Silver Crk. @ Dolphin Ave (SC03),08/26/1997 10:20:00,BSP,NIT-NO3-NO2,Inorganic nitrogen (nitrate and nitrite) (as N),Total,,0.9,mg/l,True,0.2,,,353.2,BSP,Calculated,SW,Water,,Originally reported as Nitrate + Nitrite as NO3.,Clayton,07060004,River/Stream,,43.0342002,-91.4587066
6,15220035,Silver Creek @ 145th St (SC05),08/26/1997 10:15:00,BSP,NIT-NO3-NO2,Inorganic nitrogen (nitrate and nitrite) (as N),Total,,8.8,mg/l,True,0.2,,,353.2,BSP,Calculated,SW,Water,,Originally reported as Nitrate + Nitrite as NO3.,Clayton,07060004,River/Stream,,43.0136712,-91.4626953
6,15220026,Howard Creek @ Co. Rd. X28 (HC01),08/26/1997 14:35:00,BSP,NIT-NO3-NO2,Inorganic nitrogen (nitrate and nitrite) (as N),Total,,9.3,mg/l,True,0.2,,,353.2,BSP,Calculated,SW,Water,,Originally reported as Nitrate + Nitrite as NO3.,Clayton,07060004,River/Stream,,42.9622643,-91.3693639
6,15220040,L22T,09/02/1997 10:35:00,BSP,NIT-NO3-NO2,Inorganic nitrogen (nitrate and nitrite) (as N),Total,,15.8,mg/l,True,0.2,,,353.2,BSP,Calculated,GW,Water,,Originally reported as Nitrate + Nitrite as NO3.,Clayton,07060004,Facility Other,,43.0217187,-91.4893474
6,15220040,L22T,08/19/1997 11:20:00,BSP,NIT-NO3-NO2,Inorganic nitrogen (nitrate and nitrite) (as N),Total,,17.2,mg/l,True,0.2,,,353.2,BSP,Calculated,GW,Water,,Originally reported as Nitrate + Nitrite as NO3.,Clayton,07060004,Facility Other,,43.0217187,-91.4893474
6,15220028,Silver Creek @ Dogwood Ave (L23S),07/22/1997 10:00:00,BSP,NIT-NO3-NO2,Inorganic nitrogen (nitrate and nitrite) (as N),Total,,9.8,mg/l,True,0.1,,,353.2,BSP,Actual,SW,Water,,,Clayton,07060004,River/Stream,,43.0217763,-91.4894189
6,15220036,Turkey River @ Big Spring (TR01),07/22/1997 09:15:00,BSP,NIT-NO3-NO2,Inorganic nitrogen (nitrate and nitrite) (as N),Total,,10.6,mg/l,True,0.2,,,353.2,BSP,Calculated,SW,Water,,Originally reported as Nitrate + Nitrite as NO3.,Clayton,07060004,River/Stream,,42.9095476,-91.4709184
6,15220018,Roberts Creek @ 206th St/B65 (RC02/ROB30),07/22/1997 13:45:00,BSP,NIT-NO3-NO2,Inorganic nitrogen (nitrate and nitrite) (as N),Total,,7.6,mg/l,True,0.1,,,353.2,BSP,Actual,SW,Water,,,Clayton,07060004,River/Stream,,42.9304245,-91.38552335
6,15220028,Silver Creek @ Dogwood Ave (L23S),07/01/1997 10:30:00,BSP,NIT-NO3-NO2,Inorganic nitrogen (nitrate and nitrite) (as N),Total,,13,mg/l,True,0.1,,,353.2,BSP,Actual,SW,Water,,,Clayton,07060004,River/Stream,,43.0217763,-91.4894189
6,15220018,Roberts Creek @ 206th St/B65 (RC02/ROB30),07/15/1997 14:10:00,BSP,NIT-NO3-NO2,Inorganic nitrogen (nitrate and nitrite) (as N),Total,,13,mg/l,True,0.1,,,353.2,BSP,Actual,SW,Water,,,Clayton,07060004,River/Stream,,42.9304245,-91.38552335
6,15220018,Roberts Creek @ 206th St/B65 (RC02/ROB30),07/28/1997 17:05:00,BSP,NIT-NO3-NO2,Inorganic nitrogen (nitrate and nitrite) (as N),Total,,7.1,mg/l,True,0.1,,,353.2,BSP,Actual,SW,Water,,,Clayton,07060004,River/Stream,,42.9304245,-91.38552335
6,15220033,Silver Creek @ 155th St (SC01),07/28/1997 11:15:00,BSP,NIT-NO3-NO2,Inorganic nitrogen (nitrate and nitrite) (as N),Total,,9.3,mg/l,True,0.2,,,353.2,BSP,Calculated,SW,Water,,Originally reported as Nitrate + Nitrite as NO3.,Clayton,07060004,River/Stream,,43.0006333,-91.4484974
6,15220027,Unnamed Trib. to Turkey R. @ Big Spring Rd. (HS03),07/28/1997 09:45:00,BSP,NIT-NO3-NO2,Inorganic nitrogen (nitrate and nitrite) (as N),Total,,9.9,mg/l,True,0.2,,,353.2,BSP,Calculated,SW,Water,,Originally reported as Nitrate + Nitrite as NO3.,Clayton,07060004,River/Stream,,42.9268507,-91.4687552
6,15220031,Unnamed Trib. to Roberts Crk. @ Aspen Ave (RC13),07/28/1997 12:20:00,BSP,NIT-NO3-NO2,Inorganic nitrogen (nitrate and nitrite) (as N),Total,,10.4,mg/l,True,0.2,,,353.2,BSP,Calculated,SW,Water,,Originally reported as Nitrate + Nitrite as NO3.,Clayton,07060004,River/Stream,,43.0574767,-91.5781539
6,15220030,Roberts Creek @ 130th St (RC11),07/28/1997 12:15:00,BSP,NIT-NO3-NO2,Inorganic nitrogen (nitrate and nitrite) (as N),Total,,9.3,mg/l,True,0.2,,,353.2,BSP,Calculated,SW,Water,,Originally reported as Nitrate + Nitrite as NO3.,Clayton,07060004,River/Stream,,43.0365499,-91.537903
6,15220029,Roberts Creek @ 145th St (RC10),07/28/1997 12:05:00,BSP,NIT-NO3-NO2,Inorganic nitrogen (nitrate and nitrite) (as N),Total,,8.6,mg/l,True,0.2,,,353.2,BSP,Calculated,SW,Water,,Originally reported as Nitrate + Nitrite as NO3.,Clayton,07060004,River/Stream,,43.0159151,-91.512025
6,15220024,Roberts Creek @ 172nd St (F45),07/28/1997 11:00:00,BSP,NIT-NO3-NO2,Inorganic nitrogen (nitrate and nitrite) (as N),Total,,7.9,mg/l,True,0.2,,,353.2,BSP,Calculated,SW,Water,,Originally reported as Nitrate + Nitrite as NO3.,Clayton,07060004,River/Stream,,42.9750265,-91.4830196
6,15220034,Unnamed Trib. to Silver Crk. @ Dolphin Ave (SC03),07/28/1997 11:25:00,BSP,NIT-NO3-NO2,Inorganic nitrogen (nitrate and nitrite) (as N),Total,,2.3,mg/l,True,0.2,,,353.2,BSP,Calculated,SW,Water,,Originally reported as Nitrate + Nitrite as NO3.,Clayton,07060004,River/Stream,,43.0342002,-91.4587066
6,15220035,Silver Creek @ 145th St (SC05),07/28/1997 11:20:00,BSP,NIT-NO3-NO2,Inorganic nitrogen (nitrate and nitrite) (as N),Total,,9.3,mg/l,True,0.2,,,353.2,BSP,Calculated,SW,Water,,Originally reported as Nitrate + Nitrite as NO3.,Clayton,07060004,River/Stream,,43.0136712,-91.4626953
6,15220026,Howard Creek @ Co. Rd. X28 (HC01),07/28/1997 17:00:00,BSP,NIT-NO3-NO2,Inorganic nitrogen (nitrate and nitrite) (as N),Total,,14,mg/l,True,0.2,,,353.2,BSP,Calculated,SW,Water,,Originally reported as Nitrate + Nitrite as NO3.,Clayton,07060004,River/Stream,,42.9622643,-91.3693639
6,15220040,L22T,08/05/1997 10:45:00,BSP,NIT-NO3-NO2,Inorganic nitrogen (nitrate and nitrite) (as N),Total,,17.2,mg/l,True,0.2,,,353.2,BSP,Calculated,GW,Water,,Originally reported as Nitrate + Nitrite as NO3.,Clayton,07060004,Facility Other,,43.0217187,-91.4893474
6,15220028,Silver Creek @ Dogwood Ave (L23S),07/15/1997 10:45:00,BSP,NIT-NO3-NO2,Inorganic nitrogen (nitrate and nitrite) (as N),Total,,8.2,mg/l,True,0.1,,,353.2,BSP,Actual,SW,Water,,,Clayton,07060004,River/Stream,,43.0217763,-91.4894189
6,15220036,Turkey River @ Big Spring (TR01),07/15/1997 09:50:00,BSP,NIT-NO3-NO2,Inorganic nitrogen (nitrate and nitrite) (as N),Total,,9.3,mg/l,True,0.2,,,353.2,BSP,Calculated,SW,Water,,Originally reported as Nitrate + Nitrite as NO3.,Clayton,07060004,River/Stream,,42.9095476,-91.4709184
6,15220040,L22T,07/22/1997 10:10:00,BSP,NIT-NO3-NO2,Inorganic nitrogen (nitrate and nitrite) (as N),Total,,15.6,mg/l,True,0.2,,,353.2,BSP,Calculated,GW,Water,,Originally reported as Nitrate + Nitrite as NO3.,Clayton,07060004,Facility Other,,43.0217187,-91.4893474
6,15220018,Roberts Creek @ 206th St/B65 (RC02/ROB30),07/01/1997 13:00:00,BSP,NIT-NO3-NO2,Inorganic nitrogen (nitrate and nitrite) (as N),Total,,4.8,mg/l,True,0.1,,,353.2,BSP,Actual,SW,Water,,,Clayton,07060004,River/Stream,,42.9304245,-91.38552335
6,15220018,Roberts Creek @ 206th St/B65 (RC02/ROB30),06/17/1997 15:30:00,BSP,NIT-NO3-NO2,Inorganic nitrogen (nitrate and nitrite) (as N),Total,,5.6,mg/l,True,0.1,,,353.2,BSP,Actual,SW,Water,,,Clayton,07060004,River/Stream,,42.9304245,-91.38552335
6,15220028,Silver Creek @ Dogwood Ave (L23S),06/17/1997 10:50:00,BSP,NIT-NO3-NO2,Inorganic nitrogen (nitrate and nitrite) (as N),Total,,11,mg/l,True,0.1,,,353.2,BSP,Actual,SW,Water,,,Clayton,07060004,River/Stream,,43.0217763,-91.4894189
6,15220036,Turkey River @ Big Spring (TR01),06/17/1997 09:50:00,BSP,NIT-NO3-NO2,Inorganic nitrogen (nitrate and nitrite) (as N),Total,,5,mg/l,True,0.2,,,353.2,BSP,Calculated,SW,Water,,Originally reported as Nitrate + Nitrite as NO3.,Clayton,07060004,River/Stream,,42.9095476,-91.4709184
6,15220027,Unnamed Trib. to Turkey R. @ Big Spring Rd. (HS03),06/24/1997 09:15:00,BSP,NIT-NO3-NO2,Inorganic nitrogen (nitrate and nitrite) (as N),Total,,14.4,mg/l,True,0.2,,,353.2,BSP,Calculated,SW,Water,,Originally reported as Nitrate + Nitrite as NO3.,Clayton,07060004,River/Stream,,42.9268507,-91.4687552
6,15220031,Unnamed Trib. to Roberts Crk. @ Aspen Ave (RC13),06/24/1997 11:20:00,BSP,NIT-NO3-NO2,Inorganic nitrogen (nitrate and nitrite) (as N),Total,,14.9,mg/l,True,0.2,,,353.2,BSP,Calculated,SW,Water,,Originally reported as Nitrate + Nitrite as NO3.,Clayton,07060004,River/Stream,,43.0574767,-91.5781539
6,15220030,Roberts Creek @ 130th St (RC11),06/24/1997 11:15:00,BSP,NIT-NO3-NO2,Inorganic nitrogen (nitrate and nitrite) (as N),Total,,12.6,mg/l,True,0.2,,,353.2,BSP,Calculated,SW,Water,,Originally reported as Nitrate + Nitrite as NO3.,Clayton,07060004,River/Stream,,43.0365499,-91.537903
6,15220029,Roberts Creek @ 145th St (RC10),06/24/1997 11:10:00,BSP,NIT-NO3-NO2,Inorganic nitrogen (nitrate and nitrite) (as N),Total,,12,mg/l,True,0.2,,,353.2,BSP,Calculated,SW,Water,,Originally reported as Nitrate + Nitrite as NO3.,Clayton,07060004,River/Stream,,43.0159151,-91.512025
6,15220024,Roberts Creek @ 172nd St (F45),06/24/1997 10:05:00,BSP,NIT-NO3-NO2,Inorganic nitrogen (nitrate and nitrite) (as N),Total,,12.4,mg/l,True,0.2,,,353.2,BSP,Calculated,SW,Water,,Originally reported as Nitrate + Nitrite as NO3.,Clayton,07060004,River/Stream,,42.9750265,-91.4830196
6,15220034,Unnamed Trib. to Silver Crk. @ Dolphin Ave (SC03),06/24/1997 10:35:00,BSP,NIT-NO3-NO2,Inorganic nitrogen (nitrate and nitrite) (as N),Total,,1.4,mg/l,True,0.2,,,353.2,BSP,Calculated,SW,Water,,Originally reported as Nitrate + Nitrite as NO3.,Clayton,07060004,River/Stream,,43.0342002,-91.4587066
6,15220035,Silver Creek @ 145th St (SC05),06/24/1997 10:30:00,BSP,NIT-NO3-NO2,Inorganic nitrogen (nitrate and nitrite) (as N),Total,,18.7,mg/l,True,0.2,,,353.2,BSP,Calculated,SW,Water,,Originally reported as Nitrate + Nitrite as NO3.,Clayton,07060004,River/Stream,,43.0136712,-91.4626953
6,15220026,Howard Creek @ Co. Rd. X28 (HC01),06/24/1997 15:55:00,BSP,NIT-NO3-NO2,Inorganic nitrogen (nitrate and nitrite) (as N),Total,,19.2,mg/l,True,0.2,,,353.2,BSP,Calculated,SW,Water,,Originally reported as Nitrate + Nitrite as NO3.,Clayton,07060004,River/Stream,,42.9622643,-91.3693639
6,15220040,L22T,07/01/1997 10:35:00,BSP,NIT-NO3-NO2,Inorganic nitrogen (nitrate and nitrite) (as N),Total,,17.2,mg/l,True,0.2,,,353.2,BSP,Calculated,GW,Water,,Originally reported as Nitrate + Nitrite as NO3.,Clayton,07060004,Facility Other,,43.0217187,-91.4893474
6,15220018,Roberts Creek @ 206th St/B65 (RC02/ROB30),06/03/1997 14:50:00,BSP,NIT-NO3-NO2,Inorganic nitrogen (nitrate and nitrite) (as N),Total,,4.2,mg/l,True,0.1,,,353.2,BSP,Actual,SW,Water,,,Clayton,07060004,River/Stream,,42.9304245,-91.38552335
6,15220040,L22T,06/17/1997 11:00:00,BSP,NIT-NO3-NO2,Inorganic nitrogen (nitrate and nitrite) (as N),Total,,16.7,mg/l,True,0.2,,,353.2,BSP,Calculated,GW,Water,,Originally reported as Nitrate + Nitrite as NO3.,Clayton,07060004,Facility Other,,43.0217187,-91.4893474
6,15220018,Roberts Creek @ 206th St/B65 (RC02/ROB30),05/20/1997 13:55:00,BSP,NIT-NO3-NO2,Inorganic nitrogen (nitrate and nitrite) (as N),Total,,6.5,mg/l,True,0.1,,,353.2,BSP,Actual,SW,Water,,,Clayton,07060004,River/Stream,,42.9304245,-91.38552335
6,15220028,Silver Creek @ Dogwood Ave (L23S),05/13/1997 10:30:00,BSP,NIT-NO3-NO2,Inorganic nitrogen (nitrate and nitrite) (as N),Total,,11,mg/l,True,0.1,,,353.2,BSP,Actual,SW,Water,,,Clayton,07060004,River/Stream,,43.0217763,-91.4894189
6,15220036,Turkey River @ Big Spring (TR01),05/13/1997 09:40:00,BSP,NIT-NO3-NO2,Inorganic nitrogen (nitrate and nitrite) (as N),Total,,7.9,mg/l,True,0.2,,,353.2,BSP,Calculated,SW,Water,,Originally reported as Nitrate + Nitrite as NO3.,Clayton,07060004,River/Stream,,42.9095476,-91.4709184
6,15220040,L22T,05/20/1997 10:30:00,BSP,NIT-NO3-NO2,Inorganic nitrogen (nitrate and nitrite) (as N),Total,,16.3,mg/l,True,0.2,,,353.2,BSP,Calculated,GW,Water,,Originally reported as Nitrate + Nitrite as NO3.,Clayton,07060004,Facility Other,,43.0217187,-91.4893474
6,15220028,Silver Creek @ Dogwood Ave (L23S),05/20/1997 10:20:00,BSP,NIT-NO3-NO2,Inorganic nitrogen (nitrate and nitrite) (as N),Total,,9.5,mg/l,True,0.1,,,353.2,BSP,Actual,SW,Water,,,Clayton,07060004,River/Stream,,43.0217763,-91.4894189
6,15220036,Turkey River @ Big Spring (TR01),05/20/1997 09:35:00,BSP,NIT-NO3-NO2,Inorganic nitrogen (nitrate and nitrite) (as N),Total,,6.1,mg/l,True,0.2,,,353.2,BSP,Calculated,SW,Water,,Originally reported as Nitrate + Nitrite as NO3.,Clayton,07060004,River/Stream,,42.9095476,-91.4709184
6,15220033,Silver Creek @ 155th St (SC01),05/26/1997 10:35:00,BSP,NIT-NO3-NO2,Inorganic nitrogen (nitrate and nitrite) (as N),Total,,7.4,mg/l,True,0.2,,,353.2,BSP,Calculated,SW,Water,,Originally reported as Nitrate + Nitrite as NO3.,Clayton,07060004,River/Stream,,43.0006333,-91.4484974
6,15220027,Unnamed Trib. to Turkey R. @ Big Spring Rd. (HS03),05/26/1997 09:20:00,BSP,NIT-NO3-NO2,Inorganic nitrogen (nitrate and nitrite) (as N),Total,,8.4,mg/l,True,0.2,,,353.2,BSP,Calculated,SW,Water,,Originally reported as Nitrate + Nitrite as NO3.,Clayton,07060004,River/Stream,,42.9268507,-91.4687552
6,15220031,Unnamed Trib. to Roberts Crk. @ Aspen Ave (RC13),05/26/1997 11:40:00,BSP,NIT-NO3-NO2,Inorganic nitrogen (nitrate and nitrite) (as N),Total,,9.3,mg/l,True,0.2,,,353.2,BSP,Calculated,SW,Water,,Originally reported as Nitrate + Nitrite as NO3.,Clayton,07060004,River/Stream,,43.0574767,-91.5781539
6,15220030,Roberts Creek @ 130th St (RC11),05/26/1997 11:35:00,BSP,NIT-NO3-NO2,Inorganic nitrogen (nitrate and nitrite) (as N),Total,,7.7,mg/l,True,0.2,,,353.2,BSP,Calculated,SW,Water,,Originally reported as Nitrate + Nitrite as NO3.,Clayton,07060004,River/Stream,,43.0365499,-91.537903
6,15220029,Roberts Creek @ 145th St (RC10),05/26/1997 11:30:00,BSP,NIT-NO3-NO2,Inorganic nitrogen (nitrate and nitrite) (as N),Total,,6.8,mg/l,True,0.2,,,353.2,BSP,Calculated,SW,Water,,Originally reported as Nitrate + Nitrite as NO3.,Clayton,07060004,River/Stream,,43.0159151,-91.512025
6,15220024,Roberts Creek @ 172nd St (F45),05/26/1997 10:20:00,BSP,NIT-NO3-NO2,Inorganic nitrogen (nitrate and nitrite) (as N),Total,,6.8,mg/l,True,0.2,,,353.2,BSP,Calculated,SW,Water,,Originally reported as Nitrate + Nitrite as NO3.,Clayton,07060004,River/Stream,,42.9750265,-91.4830196
6,15220034,Unnamed Trib. to Silver Crk. @ Dolphin Ave (SC03),05/26/1997 10:50:00,BSP,NIT-NO3-NO2,Inorganic nitrogen (nitrate and nitrite) (as N),Total,,4.3,mg/l,True,0.2,,,353.2,BSP,Calculated,SW,Water,,Originally reported as Nitrate + Nitrite as NO3.,Clayton,07060004,River/Stream,,43.0342002,-91.4587066
6,15220035,Silver Creek @ 145th St (SC05),05/26/1997 10:45:00,BSP,NIT-NO3-NO2,Inorganic nitrogen (nitrate and nitrite) (as N),Total,,8.8,mg/l,True,0.2,,,353.2,BSP,Calculated,SW,Water,,Originally reported as Nitrate + Nitrite as NO3.,Clayton,07060004,River/Stream,,43.0136712,-91.4626953
6,15220026,Howard Creek @ Co. Rd. X28 (HC01),05/26/1997 16:50:00,BSP,NIT-NO3-NO2,Inorganic nitrogen (nitrate and nitrite) (as N),Total,,8.4,mg/l,True,0.2,,,353.2,BSP,Calculated,SW,Water,,Originally reported as Nitrate + Nitrite as NO3.,Clayton,07060004,River/Stream,,42.9622643,-91.3693639
6,15220040,L22T,06/03/1997 10:45:00,BSP,NIT-NO3-NO2,Inorganic nitrogen (nitrate and nitrite) (as N),Total,,16.5,mg/l,True,0.2,,,353.2,BSP,Calculated,GW,Water,,Originally reported as Nitrate + Nitrite as NO3.,Clayton,07060004,Facility Other,,43.0217187,-91.4893474
6,15220018,Roberts Creek @ 206th St/B65 (RC02/ROB30),04/29/1997 15:40:00,BSP,NIT-NO3-NO2,Inorganic nitrogen (nitrate and nitrite) (as N),Total,,4.4,mg/l,True,0.1,,,353.2,BSP,Actual,SW,Water,,,Clayton,07060004,River/Stream,,42.9304245,-91.38552335
6,15220033,Silver Creek @ 155th St (SC01),04/29/1997 10:10:00,BSP,NIT-NO3-NO2,Inorganic nitrogen (nitrate and nitrite) (as N),Total,,6.3,mg/l,True,0.2,,,353.2,BSP,Calculated,SW,Water,,Originally reported as Nitrate + Nitrite as NO3.,Clayton,07060004,River/Stream,,43.0006333,-91.4484974
6,15220027,Unnamed Trib. to Turkey R. @ Big Spring Rd. (HS03),04/29/1997 09:15:00,BSP,NIT-NO3-NO2,Inorganic nitrogen (nitrate and nitrite) (as N),Total,,6.1,mg/l,True,0.2,,,353.2,BSP,Calculated,SW,Water,,Originally reported as Nitrate + Nitrite as NO3.,Clayton,07060004,River/Stream,,42.9268507,-91.4687552
6,15220031,Unnamed Trib. to Roberts Crk. @ Aspen Ave (RC13),04/29/1997 11:00:00,BSP,NIT-NO3-NO2,Inorganic nitrogen (nitrate and nitrite) (as N),Total,,5.9,mg/l,True,0.2,,,353.2,BSP,Calculated,SW,Water,,Originally reported as Nitrate + Nitrite as NO3.,Clayton,07060004,River/Stream,,43.0574767,-91.5781539
6,15220030,Roberts Creek @ 130th St (RC11),04/29/1997 10:55:00,BSP,NIT-NO3-NO2,Inorganic nitrogen (nitrate and nitrite) (as N),Total,,5.4,mg/l,True,0.2,,,353.2,BSP,Calculated,SW,Water,,Originally reported as Nitrate + Nitrite as NO3.,Clayton,07060004,River/Stream,,43.0365499,-91.537903
6,15220029,Roberts Creek @ 145th St (RC10),04/29/1997 10:50:00,BSP,NIT-NO3-NO2,Inorganic nitrogen (nitrate and nitrite) (as N),Total,,4.7,mg/l,True,0.2,,,353.2,BSP,Calculated,SW,Water,,Originally reported as Nitrate + Nitrite as NO3.,Clayton,07060004,River/Stream,,43.0159151,-91.512025
6,15220024,Roberts Creek @ 172nd St (F45),04/29/1997 09:55:00,BSP,NIT-NO3-NO2,Inorganic nitrogen (nitrate and nitrite) (as N),Total,,5.6,mg/l,True,0.2,,,353.2,BSP,Calculated,SW,Water,,Originally reported as Nitrate + Nitrite as NO3.,Clayton,07060004,River/Stream,,42.9750265,-91.4830196
6,15220034,Unnamed Trib. to Silver Crk. @ Dolphin Ave (SC03),04/29/1997 10:20:00,BSP,NIT-NO3-NO2,Inorganic nitrogen (nitrate and nitrite) (as N),Total,,5.9,mg/l,True,0.2,,,353.2,BSP,Calculated,SW,Water,,Originally reported as Nitrate + Nitrite as NO3.,Clayton,07060004,River/Stream,,43.0342002,-91.4587066
6,15220035,Silver Creek @ 145th St (SC05),04/29/1997 10:15:00,BSP,NIT-NO3-NO2,Inorganic nitrogen (nitrate and nitrite) (as N),Total,,7.2,mg/l,True,0.2,,,353.2,BSP,Calculated,SW,Water,,Originally reported as Nitrate + Nitrite as NO3.,Clayton,07060004,River/Stream,,43.0136712,-91.4626953
6,15220026,Howard Creek @ Co. Rd. X28 (HC01),04/29/1997 15:35:00,BSP,NIT-NO3-NO2,Inorganic nitrogen (nitrate and nitrite) (as N),Total,,5.9,mg/l,True,0.2,,,353.2,BSP,Calculated,SW,Water,,Originally reported as Nitrate + Nitrite as NO3.,Clayton,07060004,River/Stream,,42.9622643,-91.3693639
6,15220028,Silver Creek @ Dogwood Ave (L23S),04/22/1997 09:50:00,BSP,NIT-NO3-NO2,Inorganic nitrogen (nitrate and nitrite) (as N),Total,,8.2,mg/l,True,0.1,,,353.2,BSP,Actual,SW,Water,,,Clayton,07060004,River/Stream,,43.0217763,-91.4894189
6,15220025,Roberts Creek @ Essex Ave (F47),04/29/1997 15:50:00,BSP,NIT-NO3-NO2,Inorganic nitrogen (nitrate and nitrite) (as N),Total,,6.3,mg/l,True,0.2,,,353.2,BSP,Calculated,SW,Water,,Originally reported as Nitrate + Nitrite as NO3.,Clayton,07060004,River/Stream,,42.9590908,-91.4195205
6,15220018,Roberts Creek @ 206th St/B65 (RC02/ROB30),04/22/1997 13:40:00,BSP,NIT-NO3-NO2,Inorganic nitrogen (nitrate and nitrite) (as N),Total,,5.1,mg/l,True,0.1,,,353.2,BSP,Actual,SW,Water,,,Clayton,07060004,River/Stream,,42.9304245,-91.38552335
6,15220028,Silver Creek @ Dogwood Ave (L23S),04/15/1997 11:10:00,BSP,NIT-NO3-NO2,Inorganic nitrogen (nitrate and nitrite) (as N),Total,,9.1,mg/l,True,0.1,,,353.2,BSP,Actual,SW,Water,,,Clayton,07060004,River/Stream,,43.0217763,-91.4894189
6,15220036,Turkey River @ Big Spring (TR01),04/15/1997 09:55:00,BSP,NIT-NO3-NO2,Inorganic nitrogen (nitrate and nitrite) (as N),Total,,7.9,mg/l,True,0.2,,,353.2,BSP,Calculated,SW,Water,,Originally reported as Nitrate + Nitrite as NO3.,Clayton,07060004,River/Stream,,42.9095476,-91.4709184
6,15220040,L22T,04/22/1997 09:55:00,BSP,NIT-NO3-NO2,Inorganic nitrogen (nitrate and nitrite) (as N),Total,,11.3,mg/l,True,0.2,,,353.2,BSP,Calculated,GW,Water,,Originally reported as Nitrate + Nitrite as NO3.,Clayton,07060004,Facility Other,,43.0217187,-91.4893474
6,15220018,Roberts Creek @ 206th St/B65 (RC02/ROB30),04/15/1997 15:20:00,BSP,NIT-NO3-NO2,Inorganic nitrogen (nitrate and nitrite) (as N),Total,,5.7,mg/l,True,0.1,,,353.2,BSP,Actual,SW,Water,,,Clayton,07060004,River/Stream,,42.9304245,-91.38552335
6,15220018,Roberts Creek @ 206th St/B65 (RC02/ROB30),04/01/1997 14:00:00,BSP,NIT-NO3-NO2,Inorganic nitrogen (nitrate and nitrite) (as N),Total,,7.9,mg/l,True,0.1,,,353.2,BSP,Actual,SW,Water,,,Clayton,07060004,River/Stream,,42.9304245,-91.38552335
6,15220018,Roberts Creek @ 206th St/B65 (RC02/ROB30),03/18/1997 14:20:00,BSP,NIT-NO3-NO2,Inorganic nitrogen (nitrate and nitrite) (as N),Total,,2.2,mg/l,True,0.1,,,353.2,BSP,Actual,SW,Water,,,Clayton,07060004,River/Stream,,42.9304245,-91.38552335
6,15220018,Roberts Creek @ 206th St/B65 (RC02/ROB30),02/18/1997 15:20:00,BSP,NIT-NO3-NO2,Inorganic nitrogen (nitrate and nitrite) (as N),Total,,2.2,mg/l,True,0.1,,,353.2,BSP,Actual,SW,Water,,,Clayton,07060004,River/Stream,,42.9304245,-91.38552335
6,15220028,Silver Creek @ Dogwood Ave (L23S),03/18/1997 10:40:00,BSP,NIT-NO3-NO2,Inorganic nitrogen (nitrate and nitrite) (as N),Total,,5.9,mg/l,True,0.1,,,353.2,BSP,Actual,SW,Water,,,Clayton,07060004,River/Stream,,43.0217763,-91.4894189
6,15220036,Turkey River @ Big Spring (TR01),03/18/1997 09:50:00,BSP,NIT-NO3-NO2,Inorganic nitrogen (nitrate and nitrite) (as N),Total,,3.6,mg/l,True,0.2,,,353.2,BSP,Calculated,SW,Water,,Originally reported as Nitrate + Nitrite as NO3.,Clayton,07060004,River/Stream,,42.9095476,-91.4709184
6,15220033,Silver Creek @ 155th St (SC01),03/25/1997 10:25:00,BSP,NIT-NO3-NO2,Inorganic nitrogen (nitrate and nitrite) (as N),Total,,8.6,mg/l,True,0.2,,,353.2,BSP,Calculated,SW,Water,,Originally reported as Nitrate + Nitrite as NO3.,Clayton,07060004,River/Stream,,43.0006333,-91.4484974
6,15220024,Roberts Creek @ 172nd St (F45),03/25/1997 10:15:00,BSP,NIT-NO3-NO2,Inorganic nitrogen (nitrate and nitrite) (as N),Total,,6.8,mg/l,True,0.2,,,353.2,BSP,Calculated,SW,Water,,Originally reported as Nitrate + Nitrite as NO3.,Clayton,07060004,River/Stream,,42.9750265,-91.4830196
6,15220027,Unnamed Trib. to Turkey R. @ Big Spring Rd. (HS03),03/25/1997 09:10:00,BSP,NIT-NO3-NO2,Inorganic nitrogen (nitrate and nitrite) (as N),Total,,6.8,mg/l,True,0.2,,,353.2,BSP,Calculated,SW,Water,,Originally reported as Nitrate + Nitrite as NO3.,Clayton,07060004,River/Stream,,42.9268507,-91.4687552
6,15220031,Unnamed Trib. to Roberts Crk. @ Aspen Ave (RC13),03/25/1997 11:15:00,BSP,NIT-NO3-NO2,Inorganic nitrogen (nitrate and nitrite) (as N),Total,,6.8,mg/l,True,0.2,,,353.2,BSP,Calculated,SW,Water,,Originally reported as Nitrate + Nitrite as NO3.,Clayton,07060004,River/Stream,,43.0574767,-91.5781539
6,15220030,Roberts Creek @ 130th St (RC11),03/25/1997 11:10:00,BSP,NIT-NO3-NO2,Inorganic nitrogen (nitrate and nitrite) (as N),Total,,6.8,mg/l,True,0.2,,,353.2,BSP,Calculated,SW,Water,,Originally reported as Nitrate + Nitrite as NO3.,Clayton,07060004,River/Stream,,43.0365499,-91.537903
6,15220029,Roberts Creek @ 145th St (RC10),03/25/1997 11:05:00,BSP,NIT-NO3-NO2,Inorganic nitrogen (nitrate and nitrite) (as N),Total,,6.1,mg/l,True,0.2,,,353.2,BSP,Calculated,SW,Water,,Originally reported as Nitrate + Nitrite as NO3.,Clayton,07060004,River/Stream,,43.0159151,-91.512025
6,15220034,Unnamed Trib. to Silver Crk. @ Dolphin Ave (SC03),03/25/1997 10:40:00,BSP,NIT-NO3-NO2,Inorganic nitrogen (nitrate and nitrite) (as N),Total,,10.4,mg/l,True,0.2,,,353.2,BSP,Calculated,SW,Water,,Originally reported as Nitrate + Nitrite as NO3.,Clayton,07060004,River/Stream,,43.0342002,-91.4587066
6,15220035,Silver Creek @ 145th St (SC05),03/25/1997 10:35:00,BSP,NIT-NO3-NO2,Inorganic nitrogen (nitrate and nitrite) (as N),Total,,9.3,mg/l,True,0.2,,,353.2,BSP,Calculated,SW,Water,,Originally reported as Nitrate + Nitrite as NO3.,Clayton,07060004,River/Stream,,43.0136712,-91.4626953
6,15220026,Howard Creek @ Co. Rd. X28 (HC01),03/25/1997 14:50:00,BSP,NIT-NO3-NO2,Inorganic nitrogen (nitrate and nitrite) (as N),Total,,9.5,mg/l,True,0.2,,,353.2,BSP,Calculated,SW,Water,,Originally reported as Nitrate + Nitrite as NO3.,Clayton,07060004,River/Stream,,42.9622643,-91.3693639
6,15220040,L22T,04/01/1997 10:20:00,BSP,NIT-NO3-NO2,Inorganic nitrogen (nitrate and nitrite) (as N),Total,,15.6,mg/l,True,0.2,,,353.2,BSP,Calculated,GW,Water,,Originally reported as Nitrate + Nitrite as NO3.,Clayton,07060004,Facility Other,,43.0217187,-91.4893474
6,15220018,Roberts Creek @ 206th St/B65 (RC02/ROB30),02/25/1997 14:45:00,BSP,NIT-NO3-NO2,Inorganic nitrogen (nitrate and nitrite) (as N),Total,,4.3,mg/l,True,0.1,,,353.2,BSP,Actual,SW,Water,,,Clayton,07060004,River/Stream,,42.9304245,-91.38552335
6,15220033,Silver Creek @ 155th St (SC01),02/25/1997 10:00:00,BSP,NIT-NO3-NO2,Inorganic nitrogen (nitrate and nitrite) (as N),Total,,7.2,mg/l,True,0.2,,,353.2,BSP,Calculated,SW,Water,,Originally reported as Nitrate + Nitrite as NO3.,Clayton,07060004,River/Stream,,43.0006333,-91.4484974
6,15220024,Roberts Creek @ 172nd St (F45),02/25/1997 09:50:00,BSP,NIT-NO3-NO2,Inorganic nitrogen (nitrate and nitrite) (as N),Total,,6.1,mg/l,True,0.2,,,353.2,BSP,Calculated,SW,Water,,Originally reported as Nitrate + Nitrite as NO3.,Clayton,07060004,River/Stream,,42.9750265,-91.4830196
6,15220027,Unnamed Trib. to Turkey R. @ Big Spring Rd. (HS03),02/25/1997 09:05:00,BSP,NIT-NO3-NO2,Inorganic nitrogen (nitrate and nitrite) (as N),Total,,7.4,mg/l,True,0.2,,,353.2,BSP,Calculated,SW,Water,,Originally reported as Nitrate + Nitrite as NO3.,Clayton,07060004,River/Stream,,42.9268507,-91.4687552
6,15220031,Unnamed Trib. to Roberts Crk. @ Aspen Ave (RC13),02/25/1997 11:00:00,BSP,NIT-NO3-NO2,Inorganic nitrogen (nitrate and nitrite) (as N),Total,,5.9,mg/l,True,0.2,,,353.2,BSP,Calculated,SW,Water,,Originally reported as Nitrate + Nitrite as NO3.,Clayton,07060004,River/Stream,,43.0574767,-91.5781539
6,15220030,Roberts Creek @ 130th St (RC11),02/25/1997 10:50:00,BSP,NIT-NO3-NO2,Inorganic nitrogen (nitrate and nitrite) (as N),Total,,5.9,mg/l,True,0.2,,,353.2,BSP,Calculated,SW,Water,,Originally reported as Nitrate + Nitrite as NO3.,Clayton,07060004,River/Stream,,43.0365499,-91.537903
6,15220029,Roberts Creek @ 145th St (RC10),02/25/1997 10:45:00,BSP,NIT-NO3-NO2,Inorganic nitrogen (nitrate and nitrite) (as N),Total,,5.4,mg/l,True,0.2,,,353.2,BSP,Calculated,SW,Water,,Originally reported as Nitrate + Nitrite as NO3.,Clayton,07060004,River/Stream,,43.0159151,-91.512025
6,15220034,Unnamed Trib. to Silver Crk. @ Dolphin Ave (SC03),02/25/1997 10:15:00,BSP,NIT-NO3-NO2,Inorganic nitrogen (nitrate and nitrite) (as N),Total,,7.4,mg/l,True,0.2,,,353.2,BSP,Calculated,SW,Water,,Originally reported as Nitrate + Nitrite as NO3.,Clayton,07060004,River/Stream,,43.0342002,-91.4587066
6,15220035,Silver Creek @ 145th St (SC05),02/25/1997 10:10:00,BSP,NIT-NO3-NO2,Inorganic nitrogen (nitrate and nitrite) (as N),Total,,8.4,mg/l,True,0.2,,,353.2,BSP,Calculated,SW,Water,,Originally reported as Nitrate + Nitrite as NO3.,Clayton,07060004,River/Stream,,43.0136712,-91.4626953
6,15220026,Howard Creek @ Co. Rd. X28 (HC01),02/25/1997 14:40:00,BSP,NIT-NO3-NO2,Inorganic nitrogen (nitrate and nitrite) (as N),Total,,7.2,mg/l,True,0.2,,,353.2,BSP,Calculated,SW,Water,,Originally reported as Nitrate + Nitrite as NO3.,Clayton,07060004,River/Stream,,42.9622643,-91.3693639
6,15220040,L22T,03/04/1997 10:45:00,BSP,NIT-NO3-NO2,Inorganic nitrogen (nitrate and nitrite) (as N),Total,,12.4,mg/l,True,0.2,,,353.2,BSP,Calculated,GW,Water,,Originally reported as Nitrate + Nitrite as NO3.,Clayton,07060004,Facility Other,,43.0217187,-91.4893474
6,15220036,Turkey River @ Big Spring (TR01),03/11/1997 09:20:00,BSP,NIT-NO3-NO2,Inorganic nitrogen (nitrate and nitrite) (as N),Total,,1.6,mg/l,True,0.2,,,353.2,BSP,Calculated,SW,Water,,Originally reported as Nitrate + Nitrite as NO3.,Clayton,07060004,River/Stream,,42.9095476,-91.4709184
6,15220040,L22T,03/18/1997 10:50:00,BSP,NIT-NO3-NO2,Inorganic nitrogen (nitrate and nitrite) (as N),Total,,7.9,mg/l,True,0.2,,,353.2,BSP,Calculated,GW,Water,,Originally reported as Nitrate + Nitrite as NO3.,Clayton,07060004,Facility Other,,43.0217187,-91.4893474
6,15220028,Silver Creek @ Dogwood Ave (L23S),02/18/1997 10:20:00,BSP,NIT-NO3-NO2,Inorganic nitrogen (nitrate and nitrite) (as N),Total,,0.9,mg/l,True,0.1,,,353.2,BSP,Actual,SW,Water,,,Clayton,07060004,River/Stream,,43.0217763,-91.4894189
6,15220036,Turkey River @ Big Spring (TR01),02/18/1997 09:25:00,BSP,NIT-NO3-NO2,Inorganic nitrogen (nitrate and nitrite) (as N),Total,,2.7,mg/l,True,0.2,,,353.2,BSP,Calculated,SW,Water,,Originally reported as Nitrate + Nitrite as NO3.,Clayton,07060004,River/Stream,,42.9095476,-91.4709184
6,15220036,Turkey River @ Big Spring (TR01),02/18/1997 16:50:00,BSP,NIT-NO3-NO2,Inorganic nitrogen (nitrate and nitrite) (as N),Total,,5.2,mg/l,True,0.2,,,353.2,BSP,Calculated,SW,Water,,Originally reported as Nitrate + Nitrite as NO3.,Clayton,07060004,River/Stream,,42.9095476,-91.4709184
6,15220018,Roberts Creek @ 206th St/B65 (RC02/ROB30),01/21/1997 11:50:00,BSP,NIT-NO3-NO2,Inorganic nitrogen (nitrate and nitrite) (as N),Total,,7.6,mg/l,True,0.1,,,353.2,BSP,Actual,SW,Water,,,Clayton,07060004,River/Stream,,42.9304245,-91.38552335
6,15220018,Roberts Creek @ 206th St/B65 (RC02/ROB30),01/14/1997 17:00:00,BSP,NIT-NO3-NO2,Inorganic nitrogen (nitrate and nitrite) (as N),Total,,7.8,mg/l,True,0.1,,,353.2,BSP,Actual,SW,Water,,,Clayton,07060004,River/Stream,,42.9304245,-91.38552335
6,15220028,Silver Creek @ Dogwood Ave (L23S),01/21/1997 11:05:00,BSP,NIT-NO3-NO2,Inorganic nitrogen (nitrate and nitrite) (as N),Total,,9,mg/l,True,0.1,,,353.2,BSP,Actual,SW,Water,,,Clayton,07060004,River/Stream,,43.0217763,-91.4894189
6,15220036,Turkey River @ Big Spring (TR01),01/21/1997 10:25:00,BSP,NIT-NO3-NO2,Inorganic nitrogen (nitrate and nitrite) (as N),Total,,7.7,mg/l,True,0.2,,,353.2,BSP,Calculated,SW,Water,,Originally reported as Nitrate + Nitrite as NO3.,Clayton,07060004,River/Stream,,42.9095476,-91.4709184
6,15220018,Roberts Creek @ 206th St/B65 (RC02/ROB30),01/27/1997 18:30:00,BSP,NIT-NO3-NO2,Inorganic nitrogen (nitrate and nitrite) (as N),Total,,4.9,mg/l,True,0.1,,,353.2,BSP,Actual,SW,Water,,,Clayton,07060004,River/Stream,,42.9304245,-91.38552335
6,15220033,Silver Creek @ 155th St (SC01),01/27/1997 10:55:00,BSP,NIT-NO3-NO2,Inorganic nitrogen (nitrate and nitrite) (as N),Total,,8.1,mg/l,True,0.2,,,353.2,BSP,Calculated,SW,Water,,Originally reported as Nitrate + Nitrite as NO3.,Clayton,07060004,River/Stream,,43.0006333,-91.4484974
6,15220024,Roberts Creek @ 172nd St (F45),01/27/1997 10:30:00,BSP,NIT-NO3-NO2,Inorganic nitrogen (nitrate and nitrite) (as N),Total,,7,mg/l,True,0.2,,,353.2,BSP,Calculated,SW,Water,,Originally reported as Nitrate + Nitrite as NO3.,Clayton,07060004,River/Stream,,42.9750265,-91.4830196
6,15220027,Unnamed Trib. to Turkey R. @ Big Spring Rd. (HS03),01/27/1997 09:20:00,BSP,NIT-NO3-NO2,Inorganic nitrogen (nitrate and nitrite) (as N),Total,,8.1,mg/l,True,0.2,,,353.2,BSP,Calculated,SW,Water,,Originally reported as Nitrate + Nitrite as NO3.,Clayton,07060004,River/Stream,,42.9268507,-91.4687552
6,15220031,Unnamed Trib. to Roberts Crk. @ Aspen Ave (RC13),01/27/1997 12:30:00,BSP,NIT-NO3-NO2,Inorganic nitrogen (nitrate and nitrite) (as N),Total,,6.8,mg/l,True,0.2,,,353.2,BSP,Calculated,SW,Water,,Originally reported as Nitrate + Nitrite as NO3.,Clayton,07060004,River/Stream,,43.0574767,-91.5781539
6,15220030,Roberts Creek @ 130th St (RC11),01/27/1997 12:20:00,BSP,NIT-NO3-NO2,Inorganic nitrogen (nitrate and nitrite) (as N),Total,,7.7,mg/l,True,0.2,,,353.2,BSP,Calculated,SW,Water,,Originally reported as Nitrate + Nitrite as NO3.,Clayton,07060004,River/Stream,,43.0365499,-91.537903
6,15220029,Roberts Creek @ 145th St (RC10),01/27/1997 12:10:00,BSP,NIT-NO3-NO2,Inorganic nitrogen (nitrate and nitrite) (as N),Total,,6.8,mg/l,True,0.2,,,353.2,BSP,Calculated,SW,Water,,Originally reported as Nitrate + Nitrite as NO3.,Clayton,07060004,River/Stream,,43.0159151,-91.512025
6,15220034,Unnamed Trib. to Silver Crk. @ Dolphin Ave (SC03),01/27/1997 11:10:00,BSP,NIT-NO3-NO2,Inorganic nitrogen (nitrate and nitrite) (as N),Total,,4.3,mg/l,True,0.2,,,353.2,BSP,Calculated,SW,Water,,Originally reported as Nitrate + Nitrite as NO3.,Clayton,07060004,River/Stream,,43.0342002,-91.4587066
6,15220035,Silver Creek @ 145th St (SC05),01/27/1997 11:00:00,BSP,NIT-NO3-NO2,Inorganic nitrogen (nitrate and nitrite) (as N),Total,,8.8,mg/l,True,0.2,,,353.2,BSP,Calculated,SW,Water,,Originally reported as Nitrate + Nitrite as NO3.,Clayton,07060004,River/Stream,,43.0136712,-91.4626953
6,15220026,Howard Creek @ Co. Rd. X28 (HC01),01/27/1997 18:20:00,BSP,NIT-NO3-NO2,Inorganic nitrogen (nitrate and nitrite) (as N),Total,,9.3,mg/l,True,0.2,,,353.2,BSP,Calculated,SW,Water,,Originally reported as Nitrate + Nitrite as NO3.,Clayton,07060004,River/Stream,,42.9622643,-91.3693639
6,15220036,Turkey River @ Big Spring (TR01),02/11/1997 08:15:00,BSP,NIT-NO3-NO2,Inorganic nitrogen (nitrate and nitrite) (as N),Total,,5.6,mg/l,True,0.2,,,353.2,BSP,Calculated,SW,Water,,Originally reported as Nitrate + Nitrite as NO3.,Clayton,07060004,River/Stream,,42.9095476,-91.4709184
6,15220040,L22T,02/18/1997 10:30:00,BSP,NIT-NO3-NO2,Inorganic nitrogen (nitrate and nitrite) (as N),Total,,1.8,mg/l,True,0.2,,,353.2,BSP,Calculated,GW,Water,,Originally reported as Nitrate + Nitrite as NO3.,Clayton,07060004,Facility Other,,43.0217187,-91.4893474
6,15220028,Silver Creek @ Dogwood Ave (L23S),01/14/1997 11:40:00,BSP,NIT-NO3-NO2,Inorganic nitrogen (nitrate and nitrite) (as N),Total,,10,mg/l,True,0.1,,,353.2,BSP,Actual,SW,Water,,,Clayton,07060004,River/Stream,,43.0217763,-91.4894189
6,15220036,Turkey River @ Big Spring (TR01),01/14/1997 10:00:00,BSP,NIT-NO3-NO2,Inorganic nitrogen (nitrate and nitrite) (as N),Total,,8.6,mg/l,True,0.2,,,353.2,BSP,Calculated,SW,Water,,Originally reported as Nitrate + Nitrite as NO3.,Clayton,07060004,River/Stream,,42.9095476,-91.4709184
6,15220040,L22T,01/21/1997 11:10:00,BSP,NIT-NO3-NO2,Inorganic nitrogen (nitrate and nitrite) (as N),Total,,17.6,mg/l,True,0.2,,,353.2,BSP,Calculated,GW,Water,,Originally reported as Nitrate + Nitrite as NO3.,Clayton,07060004,Facility Other,,43.0217187,-91.4893474
6,15220018,Roberts Creek @ 206th St/B65 (RC02/ROB30),12/23/1996 13:30:00,BSP,NIT-NO3-NO2,Inorganic nitrogen (nitrate and nitrite) (as N),Total,,7.9,mg/l,True,0.1,,,353.2,BSP,Actual,SW,Water,,,Clayton,07060004,River/Stream,,42.9304245,-91.38552335
6,15220028,Silver Creek @ Dogwood Ave (L23S),12/30/1996 11:05:00,BSP,NIT-NO3-NO2,Inorganic nitrogen (nitrate and nitrite) (as N),Total,,9.7,mg/l,True,0.1,,,353.2,BSP,Actual,SW,Water,,,Clayton,07060004,River/Stream,,43.0217763,-91.4894189
6,15220025,Roberts Creek @ Essex Ave (F47),12/30/1996 16:20:00,BSP,NIT-NO3-NO2,Inorganic nitrogen (nitrate and nitrite) (as N),Total,,6.8,mg/l,True,0.2,,,353.2,BSP,Calculated,SW,Water,,Originally reported as Nitrate + Nitrite as NO3.,Clayton,07060004,River/Stream,,42.9590908,-91.4195205
6,15220018,Roberts Creek @ 206th St/B65 (RC02/ROB30),12/30/1996 16:10:00,BSP,NIT-NO3-NO2,Inorganic nitrogen (nitrate and nitrite) (as N),Total,,7.5,mg/l,True,0.1,,,353.2,BSP,Actual,SW,Water,,,Clayton,07060004,River/Stream,,42.9304245,-91.38552335
6,15220033,Silver Creek @ 155th St (SC01),12/30/1996 10:35:00,BSP,NIT-NO3-NO2,Inorganic nitrogen (nitrate and nitrite) (as N),Total,,8.8,mg/l,True,0.2,,,353.2,BSP,Calculated,SW,Water,,Originally reported as Nitrate + Nitrite as NO3.,Clayton,07060004,River/Stream,,43.0006333,-91.4484974
6,15220027,Unnamed Trib. to Turkey R. @ Big Spring Rd. (HS03),12/30/1996 09:15:00,BSP,NIT-NO3-NO2,Inorganic nitrogen (nitrate and nitrite) (as N),Total,,7,mg/l,True,0.2,,,353.2,BSP,Calculated,SW,Water,,Originally reported as Nitrate + Nitrite as NO3.,Clayton,07060004,River/Stream,,42.9268507,-91.4687552
6,15220031,Unnamed Trib. to Roberts Crk. @ Aspen Ave (RC13),12/30/1996 11:35:00,BSP,NIT-NO3-NO2,Inorganic nitrogen (nitrate and nitrite) (as N),Total,,6.3,mg/l,True,0.2,,,353.2,BSP,Calculated,SW,Water,,Originally reported as Nitrate + Nitrite as NO3.,Clayton,07060004,River/Stream,,43.0574767,-91.5781539
6,15220030,Roberts Creek @ 130th St (RC11),12/30/1996 11:30:00,BSP,NIT-NO3-NO2,Inorganic nitrogen (nitrate and nitrite) (as N),Total,,7.2,mg/l,True,0.2,,,353.2,BSP,Calculated,SW,Water,,Originally reported as Nitrate + Nitrite as NO3.,Clayton,07060004,River/Stream,,43.0365499,-91.537903
6,15220029,Roberts Creek @ 145th St (RC10),12/30/1996 11:25:00,BSP,NIT-NO3-NO2,Inorganic nitrogen (nitrate and nitrite) (as N),Total,,6.3,mg/l,True,0.2,,,353.2,BSP,Calculated,SW,Water,,Originally reported as Nitrate + Nitrite as NO3.,Clayton,07060004,River/Stream,,43.0159151,-91.512025
6,15220024,Roberts Creek @ 172nd St (F45),12/30/1996 10:20:00,BSP,NIT-NO3-NO2,Inorganic nitrogen (nitrate and nitrite) (as N),Total,,7.2,mg/l,True,0.2,,,353.2,BSP,Calculated,SW,Water,,Originally reported as Nitrate + Nitrite as NO3.,Clayton,07060004,River/Stream,,42.9750265,-91.4830196
6,15220034,Unnamed Trib. to Silver Crk. @ Dolphin Ave (SC03),12/30/1996 10:50:00,BSP,NIT-NO3-NO2,Inorganic nitrogen (nitrate and nitrite) (as N),Total,,6.1,mg/l,True,0.2,,,353.2,BSP,Calculated,SW,Water,,Originally reported as Nitrate + Nitrite as NO3.,Clayton,07060004,River/Stream,,43.0342002,-91.4587066
6,15220035,Silver Creek @ 145th St (SC05),12/30/1996 10:40:00,BSP,NIT-NO3-NO2,Inorganic nitrogen (nitrate and nitrite) (as N),Total,,9.5,mg/l,True,0.2,,,353.2,BSP,Calculated,SW,Water,,Originally reported as Nitrate + Nitrite as NO3.,Clayton,07060004,River/Stream,,43.0136712,-91.4626953
6,15220028,Silver Creek @ Dogwood Ave (L23S),12/17/1996 09:35:00,BSP,NIT-NO3-NO2,Inorganic nitrogen (nitrate and nitrite) (as N),Total,,8.5,mg/l,True,0.1,,,353.2,BSP,Actual,SW,Water,,,Clayton,07060004,River/Stream,,43.0217763,-91.4894189
6,15220036,Turkey River @ Big Spring (TR01),12/17/1996 08:55:00,BSP,NIT-NO3-NO2,Inorganic nitrogen (nitrate and nitrite) (as N),Total,,6.8,mg/l,True,0.2,,,353.2,BSP,Calculated,SW,Water,,Originally reported as Nitrate + Nitrite as NO3.,Clayton,07060004,River/Stream,,42.9095476,-91.4709184
6,15220040,L22T,12/23/1996 10:30:00,BSP,NIT-NO3-NO2,Inorganic nitrogen (nitrate and nitrite) (as N),Total,,16.5,mg/l,True,0.2,,,353.2,BSP,Calculated,GW,Water,,Originally reported as Nitrate + Nitrite as NO3.,Clayton,07060004,Facility Other,,43.0217187,-91.4893474
6,15220018,Roberts Creek @ 206th St/B65 (RC02/ROB30),12/17/1996 13:00:00,BSP,NIT-NO3-NO2,Inorganic nitrogen (nitrate and nitrite) (as N),Total,,5.7,mg/l,True,0.1,,,353.2,BSP,Actual,SW,Water,,,Clayton,07060004,River/Stream,,42.9304245,-91.38552335
6,15220018,Roberts Creek @ 206th St/B65 (RC02/ROB30),12/03/1996 13:30:00,BSP,NIT-NO3-NO2,Inorganic nitrogen (nitrate and nitrite) (as N),Total,,5.5,mg/l,True,0.1,,,353.2,BSP,Actual,SW,Water,,,Clayton,07060004,River/Stream,,42.9304245,-91.38552335
6,15220040,L22T,12/17/1996 09:40:00,BSP,NIT-NO3-NO2,Inorganic nitrogen (nitrate and nitrite) (as N),Total,,15.3,mg/l,True,0.2,,,353.2,BSP,Calculated,GW,Water,,Originally reported as Nitrate + Nitrite as NO3.,Clayton,07060004,Facility Other,,43.0217187,-91.4893474
6,15220028,Silver Creek @ Dogwood Ave (L23S),11/19/1996 11:15:00,BSP,NIT-NO3-NO2,Inorganic nitrogen (nitrate and nitrite) (as N),Total,,8.4,mg/l,True,0.1,,,353.2,BSP,Actual,SW,Water,,,Clayton,07060004,River/Stream,,43.0217763,-91.4894189
6,15220036,Turkey River @ Big Spring (TR01),11/19/1996 10:10:00,BSP,NIT-NO3-NO2,Inorganic nitrogen (nitrate and nitrite) (as N),Total,,6.1,mg/l,True,0.2,,,353.2,BSP,Calculated,SW,Water,,Originally reported as Nitrate + Nitrite as NO3.,Clayton,07060004,River/Stream,,42.9095476,-91.4709184
6,15220033,Silver Creek @ 155th St (SC01),11/25/1996 14:45:00,BSP,NIT-NO3-NO2,Inorganic nitrogen (nitrate and nitrite) (as N),Total,,9,mg/l,True,0.2,,,353.2,BSP,Calculated,SW,Water,,Originally reported as Nitrate + Nitrite as NO3.,Clayton,07060004,River/Stream,,43.0006333,-91.4484974
6,15220024,Roberts Creek @ 172nd St (F45),11/25/1996 13:45:00,BSP,NIT-NO3-NO2,Inorganic nitrogen (nitrate and nitrite) (as N),Total,,6.1,mg/l,True,0.2,,,353.2,BSP,Calculated,SW,Water,,Originally reported as Nitrate + Nitrite as NO3.,Clayton,07060004,River/Stream,,42.9750265,-91.4830196
6,15220027,Unnamed Trib. to Turkey R. @ Big Spring Rd. (HS03),11/25/1996 12:30:00,BSP,NIT-NO3-NO2,Inorganic nitrogen (nitrate and nitrite) (as N),Total,,6.3,mg/l,True,0.2,,,353.2,BSP,Calculated,SW,Water,,Originally reported as Nitrate + Nitrite as NO3.,Clayton,07060004,River/Stream,,42.9268507,-91.4687552
6,15220031,Unnamed Trib. to Roberts Crk. @ Aspen Ave (RC13),11/25/1996 16:40:00,BSP,NIT-NO3-NO2,Inorganic nitrogen (nitrate and nitrite) (as N),Total,,5,mg/l,True,0.2,,,353.2,BSP,Calculated,SW,Water,,Originally reported as Nitrate + Nitrite as NO3.,Clayton,07060004,River/Stream,,43.0574767,-91.5781539
6,15220030,Roberts Creek @ 130th St (RC11),11/25/1996 16:30:00,BSP,NIT-NO3-NO2,Inorganic nitrogen (nitrate and nitrite) (as N),Total,,6.8,mg/l,True,0.2,,,353.2,BSP,Calculated,SW,Water,,Originally reported as Nitrate + Nitrite as NO3.,Clayton,07060004,River/Stream,,43.0365499,-91.537903
6,15220029,Roberts Creek @ 145th St (RC10),11/25/1996 16:15:00,BSP,NIT-NO3-NO2,Inorganic nitrogen (nitrate and nitrite) (as N),Total,,5.6,mg/l,True,0.2,,,353.2,BSP,Calculated,SW,Water,,Originally reported as Nitrate + Nitrite as NO3.,Clayton,07060004,River/Stream,,43.0159151,-91.512025
6,15220034,Unnamed Trib. to Silver Crk. @ Dolphin Ave (SC03),11/25/1996 15:05:00,BSP,NIT-NO3-NO2,Inorganic nitrogen (nitrate and nitrite) (as N),Total,,4.5,mg/l,True,0.2,,,353.2,BSP,Calculated,SW,Water,,Originally reported as Nitrate + Nitrite as NO3.,Clayton,07060004,River/Stream,,43.0342002,-91.4587066
6,15220035,Silver Creek @ 145th St (SC05),11/25/1996 14:55:00,BSP,NIT-NO3-NO2,Inorganic nitrogen (nitrate and nitrite) (as N),Total,,9.3,mg/l,True,0.2,,,353.2,BSP,Calculated,SW,Water,,Originally reported as Nitrate + Nitrite as NO3.,Clayton,07060004,River/Stream,,43.0136712,-91.4626953
6,15220026,Howard Creek @ Co. Rd. X28 (HC01),11/25/1996 14:20:00,BSP,NIT-NO3-NO2,Inorganic nitrogen (nitrate and nitrite) (as N),Total,,8.1,mg/l,True,0.2,,,353.2,BSP,Calculated,SW,Water,,Originally reported as Nitrate + Nitrite as NO3.,Clayton,07060004,River/Stream,,42.9622643,-91.3693639
6,15220040,L22T,12/03/1996 10:00:00,BSP,NIT-NO3-NO2,Inorganic nitrogen (nitrate and nitrite) (as N),Total,,14.2,mg/l,True,0.2,,,353.2,BSP,Calculated,GW,Water,,Originally reported as Nitrate + Nitrite as NO3.,Clayton,07060004,Facility Other,,43.0217187,-91.4893474
6,15220018,Roberts Creek @ 206th St/B65 (RC02/ROB30),11/19/1996 09:50:00,BSP,NIT-NO3-NO2,Inorganic nitrogen (nitrate and nitrite) (as N),Total,,4.4,mg/l,True,0.1,,,353.2,BSP,Actual,SW,Water,,,Clayton,07060004,River/Stream,,42.9304245,-91.38552335
6,15220028,Silver Creek @ Dogwood Ave (L23S),10/22/1996 09:40:00,BSP,NIT-NO3-NO2,Inorganic nitrogen (nitrate and nitrite) (as N),Total,,7.7,mg/l,True,0.1,,,353.2,BSP,Actual,SW,Water,,,Clayton,07060004,River/Stream,,43.0217763,-91.4894189
6,15220025,Roberts Creek @ Essex Ave (F47),10/29/1996 16:10:00,BSP,NIT-NO3-NO2,Inorganic nitrogen (nitrate and nitrite) (as N),Total,,3.4,mg/l,True,0.2,,,353.2,BSP,Calculated,SW,Water,,Originally reported as Nitrate + Nitrite as NO3.,Clayton,07060004,River/Stream,,42.9590908,-91.4195205
6,15220028,Silver Creek @ Dogwood Ave (L23S),11/12/1996 09:55:00,BSP,NIT-NO3-NO2,Inorganic nitrogen (nitrate and nitrite) (as N),Total,,11,mg/l,True,0.1,,,353.2,BSP,Actual,SW,Water,,,Clayton,07060004,River/Stream,,43.0217763,-91.4894189
6,15220036,Turkey River @ Big Spring (TR01),11/12/1996 09:20:00,BSP,NIT-NO3-NO2,Inorganic nitrogen (nitrate and nitrite) (as N),Total,,6.8,mg/l,True,0.2,,,353.2,BSP,Calculated,SW,Water,,Originally reported as Nitrate + Nitrite as NO3.,Clayton,07060004,River/Stream,,42.9095476,-91.4709184
6,15220040,L22T,11/19/1996 11:25:00,BSP,NIT-NO3-NO2,Inorganic nitrogen (nitrate and nitrite) (as N),Total,,14.9,mg/l,True,0.2,,,353.2,BSP,Calculated,GW,Water,,Originally reported as Nitrate + Nitrite as NO3.,Clayton,07060004,Facility Other,,43.0217187,-91.4893474
6,15220018,Roberts Creek @ 206th St/B65 (RC02/ROB30),10/29/1996 15:50:00,BSP,NIT-NO3-NO2,Inorganic nitrogen (nitrate and nitrite) (as N),Total,,2.9,mg/l,True,0.1,,,353.2,BSP,Actual,SW,Water,,,Clayton,07060004,River/Stream,,42.9304245,-91.38552335
6,15220033,Silver Creek @ 155th St (SC01),10/29/1996 10:20:00,BSP,NIT-NO3-NO2,Inorganic nitrogen (nitrate and nitrite) (as N),Total,,6.3,mg/l,True,0.2,,,353.2,BSP,Calculated,SW,Water,,Originally reported as Nitrate + Nitrite as NO3.,Clayton,07060004,River/Stream,,43.0006333,-91.4484974
6,15220027,Unnamed Trib. to Turkey R. @ Big Spring Rd. (HS03),10/29/1996 09:20:00,BSP,NIT-NO3-NO2,Inorganic nitrogen (nitrate and nitrite) (as N),Total,,4.7,mg/l,True,0.2,,,353.2,BSP,Calculated,SW,Water,,Originally reported as Nitrate + Nitrite as NO3.,Clayton,07060004,River/Stream,,42.9268507,-91.4687552
6,15220031,Unnamed Trib. to Roberts Crk. @ Aspen Ave (RC13),10/29/1996 11:15:00,BSP,NIT-NO3-NO2,Inorganic nitrogen (nitrate and nitrite) (as N),Total,,3.6,mg/l,True,0.2,,,353.2,BSP,Calculated,SW,Water,,Originally reported as Nitrate + Nitrite as NO3.,Clayton,07060004,River/Stream,,43.0574767,-91.5781539
6,15220030,Roberts Creek @ 130th St (RC11),10/29/1996 11:10:00,BSP,NIT-NO3-NO2,Inorganic nitrogen (nitrate and nitrite) (as N),Total,,5,mg/l,True,0.2,,,353.2,BSP,Calculated,SW,Water,,Originally reported as Nitrate + Nitrite as NO3.,Clayton,07060004,River/Stream,,43.0365499,-91.537903
6,15220029,Roberts Creek @ 145th St (RC10),10/29/1996 11:00:00,BSP,NIT-NO3-NO2,Inorganic nitrogen (nitrate and nitrite) (as N),Total,,3.8,mg/l,True,0.2,,,353.2,BSP,Calculated,SW,Water,,Originally reported as Nitrate + Nitrite as NO3.,Clayton,07060004,River/Stream,,43.0159151,-91.512025
6,15220024,Roberts Creek @ 172nd St (F45),10/29/1996 10:10:00,BSP,NIT-NO3-NO2,Inorganic nitrogen (nitrate and nitrite) (as N),Total,,4.3,mg/l,True,0.2,,,353.2,BSP,Calculated,SW,Water,,Originally reported as Nitrate + Nitrite as NO3.,Clayton,07060004,River/Stream,,42.9750265,-91.4830196
6,15220034,Unnamed Trib. to Silver Crk. @ Dolphin Ave (SC03),10/29/1996 10:35:00,BSP,NIT-NO3-NO2,Inorganic nitrogen (nitrate and nitrite) (as N),Total,,4.3,mg/l,True,0.2,,,353.2,BSP,Calculated,SW,Water,,Originally reported as Nitrate + Nitrite as NO3.,Clayton,07060004,River/Stream,,43.0342002,-91.4587066
6,15220035,Silver Creek @ 145th St (SC05),10/29/1996 10:30:00,BSP,NIT-NO3-NO2,Inorganic nitrogen (nitrate and nitrite) (as N),Total,,7.7,mg/l,True,0.2,,,353.2,BSP,Calculated,SW,Water,,Originally reported as Nitrate + Nitrite as NO3.,Clayton,07060004,River/Stream,,43.0136712,-91.4626953
6,15220026,Howard Creek @ Co. Rd. X28 (HC01),10/29/1996 15:45:00,BSP,NIT-NO3-NO2,Inorganic nitrogen (nitrate and nitrite) (as N),Total,,7.4,mg/l,True,0.2,,,353.2,BSP,Calculated,SW,Water,,Originally reported as Nitrate + Nitrite as NO3.,Clayton,07060004,River/Stream,,42.9622643,-91.3693639
6,15220018,Roberts Creek @ 206th St/B65 (RC02/ROB30),10/22/1996 13:55:00,BSP,NIT-NO3-NO2,Inorganic nitrogen (nitrate and nitrite) (as N),Total,,2,mg/l,True,0.1,,,353.2,BSP,Actual,SW,Water,,,Clayton,07060004,River/Stream,,42.9304245,-91.38552335
6,15220018,Roberts Creek @ 206th St/B65 (RC02/ROB30),10/15/1996 12:45:00,BSP,NIT-NO3-NO2,Inorganic nitrogen (nitrate and nitrite) (as N),Total,,5,mg/l,True,0.1,,,353.2,BSP,Actual,SW,Water,,,Clayton,07060004,River/Stream,,42.9304245,-91.38552335
6,15220028,Silver Creek @ Dogwood Ave (L23S),10/15/1996 09:45:00,BSP,NIT-NO3-NO2,Inorganic nitrogen (nitrate and nitrite) (as N),Total,,8.6,mg/l,True,0.1,,,353.2,BSP,Actual,SW,Water,,,Clayton,07060004,River/Stream,,43.0217763,-91.4894189
6,15220036,Turkey River @ Big Spring (TR01),10/15/1996 08:55:00,BSP,NIT-NO3-NO2,Inorganic nitrogen (nitrate and nitrite) (as N),Total,,5.2,mg/l,True,0.2,,,353.2,BSP,Calculated,SW,Water,,Originally reported as Nitrate + Nitrite as NO3.,Clayton,07060004,River/Stream,,42.9095476,-91.4709184
6,15220040,L22T,10/22/1996 09:50:00,BSP,NIT-NO3-NO2,Inorganic nitrogen (nitrate and nitrite) (as N),Total,,17.2,mg/l,True,0.2,,,353.2,BSP,Calculated,GW,Water,,Originally reported as Nitrate + Nitrite as NO3.,Clayton,07060004,Facility Other,,43.0217187,-91.4893474
6,15220018,Roberts Creek @ 206th St/B65 (RC02/ROB30),10/01/1996 15:15:00,BSP,NIT-NO3-NO2,Inorganic nitrogen (nitrate and nitrite) (as N),Total,,3.8,mg/l,True,0.1,,,353.2,BSP,Actual,SW,Water,,,Clayton,07060004,River/Stream,,42.9304245,-91.38552335
6,15220018,Roberts Creek @ 206th St/B65 (RC02/ROB30),09/17/1996 14:10:00,BSP,NIT-NO3-NO2,Inorganic nitrogen (nitrate and nitrite) (as N),Total,,2.1,mg/l,True,0.1,,,353.2,BSP,Actual,SW,Water,,,Clayton,07060004,River/Stream,,42.9304245,-91.38552335
6,15220028,Silver Creek @ Dogwood Ave (L23S),09/10/1996 10:05:00,BSP,NIT-NO3-NO2,Inorganic nitrogen (nitrate and nitrite) (as N),Total,,7.5,mg/l,True,0.1,,,353.2,BSP,Actual,SW,Water,,,Clayton,07060004,River/Stream,,43.0217763,-91.4894189
6,15220036,Turkey River @ Big Spring (TR01),09/10/1996 09:15:00,BSP,NIT-NO3-NO2,Inorganic nitrogen (nitrate and nitrite) (as N),Total,,4.7,mg/l,True,0.2,,,353.2,BSP,Calculated,SW,Water,,Originally reported as Nitrate + Nitrite as NO3.,Clayton,07060004,River/Stream,,42.9095476,-91.4709184
6,15220040,L22T,09/17/1996 09:10:00,BSP,NIT-NO3-NO2,Inorganic nitrogen (nitrate and nitrite) (as N),Total,,17.8,mg/l,True,0.2,,,353.2,BSP,Calculated,GW,Water,,Originally reported as Nitrate + Nitrite as NO3.,Clayton,07060004,Facility Other,,43.0217187,-91.4893474
6,15220028,Silver Creek @ Dogwood Ave (L23S),09/17/1996 09:00:00,BSP,NIT-NO3-NO2,Inorganic nitrogen (nitrate and nitrite) (as N),Total,,8.8,mg/l,True,0.1,,,353.2,BSP,Actual,SW,Water,,,Clayton,07060004,River/Stream,,43.0217763,-91.4894189
6,15220036,Turkey River @ Big Spring (TR01),09/17/1996 08:10:00,BSP,NIT-NO3-NO2,Inorganic nitrogen (nitrate and nitrite) (as N),Total,,6.1,mg/l,True,0.2,,,353.2,BSP,Calculated,SW,Water,,Originally reported as Nitrate + Nitrite as NO3.,Clayton,07060004,River/Stream,,42.9095476,-91.4709184
6,15220033,Silver Creek @ 155th St (SC01),09/24/1996 10:40:00,BSP,NIT-NO3-NO2,Inorganic nitrogen (nitrate and nitrite) (as N),Total,,7.9,mg/l,True,0.2,,,353.2,BSP,Calculated,SW,Water,,Originally reported as Nitrate + Nitrite as NO3.,Clayton,07060004,River/Stream,,43.0006333,-91.4484974
6,15220024,Roberts Creek @ 172nd St (F45),09/24/1996 10:20:00,BSP,NIT-NO3-NO2,Inorganic nitrogen (nitrate and nitrite) (as N),Total,,5,mg/l,True,0.2,,,353.2,BSP,Calculated,SW,Water,,Originally reported as Nitrate + Nitrite as NO3.,Clayton,07060004,River/Stream,,42.9750265,-91.4830196
6,15220027,Unnamed Trib. to Turkey R. @ Big Spring Rd. (HS03),09/24/1996 09:15:00,BSP,NIT-NO3-NO2,Inorganic nitrogen (nitrate and nitrite) (as N),Total,,6.1,mg/l,True,0.2,,,353.2,BSP,Calculated,SW,Water,,Originally reported as Nitrate + Nitrite as NO3.,Clayton,07060004,River/Stream,,42.9268507,-91.4687552
6,15220031,Unnamed Trib. to Roberts Crk. @ Aspen Ave (RC13),09/24/1996 11:25:00,BSP,NIT-NO3-NO2,Inorganic nitrogen (nitrate and nitrite) (as N),Total,,0.2,mg/l,False,0.2,,,353.2,BSP,Calculated,SW,Water,,Originally reported as Nitrate + Nitrite as NO3.,Clayton,07060004,River/Stream,,43.0574767,-91.5781539
6,15220030,Roberts Creek @ 130th St (RC11),09/24/1996 11:20:00,BSP,NIT-NO3-NO2,Inorganic nitrogen (nitrate and nitrite) (as N),Total,,6.1,mg/l,True,0.2,,,353.2,BSP,Calculated,SW,Water,,Originally reported as Nitrate + Nitrite as NO3.,Clayton,07060004,River/Stream,,43.0365499,-91.537903
6,15220029,Roberts Creek @ 145th St (RC10),09/24/1996 11:15:00,BSP,NIT-NO3-NO2,Inorganic nitrogen (nitrate and nitrite) (as N),Total,,4.7,mg/l,True,0.2,,,353.2,BSP,Calculated,SW,Water,,Originally reported as Nitrate + Nitrite as NO3.,Clayton,07060004,River/Stream,,43.0159151,-91.512025
6,15220035,Silver Creek @ 145th St (SC05),09/24/1996 10:45:00,BSP,NIT-NO3-NO2,Inorganic nitrogen (nitrate and nitrite) (as N),Total,,8.8,mg/l,True,0.2,,,353.2,BSP,Calculated,SW,Water,,Originally reported as Nitrate + Nitrite as NO3.,Clayton,07060004,River/Stream,,43.0136712,-91.4626953
6,15220026,Howard Creek @ Co. Rd. X28 (HC01),09/24/1996 16:00:00,BSP,NIT-NO3-NO2,Inorganic nitrogen (nitrate and nitrite) (as N),Total,,9.7,mg/l,True,0.2,,,353.2,BSP,Calculated,SW,Water,,Originally reported as Nitrate + Nitrite as NO3.,Clayton,07060004,River/Stream,,42.9622643,-91.3693639
6,15220040,L22T,10/01/1996 09:40:00,BSP,NIT-NO3-NO2,Inorganic nitrogen (nitrate and nitrite) (as N),Total,,18.5,mg/l,True,0.2,,,353.2,BSP,Calculated,GW,Water,,Originally reported as Nitrate + Nitrite as NO3.,Clayton,07060004,Facility Other,,43.0217187,-91.4893474
6,15220018,Roberts Creek @ 206th St/B65 (RC02/ROB30),08/27/1996 16:45:00,BSP,NIT-NO3-NO2,Inorganic nitrogen (nitrate and nitrite) (as N),Total,,2.8,mg/l,True,0.1,,,353.2,BSP,Actual,SW,Water,,,Clayton,07060004,River/Stream,,42.9304245,-91.38552335
6,15220033,Silver Creek @ 155th St (SC01),08/27/1996 10:05:00,BSP,NIT-NO3-NO2,Inorganic nitrogen (nitrate and nitrite) (as N),Total,,7.7,mg/l,True,0.2,,,353.2,BSP,Calculated,SW,Water,,Originally reported as Nitrate + Nitrite as NO3.,Clayton,07060004,River/Stream,,43.0006333,-91.4484974
6,15220027,Unnamed Trib. to Turkey R. @ Big Spring Rd. (HS03),08/27/1996 09:05:00,BSP,NIT-NO3-NO2,Inorganic nitrogen (nitrate and nitrite) (as N),Total,,6.3,mg/l,True,0.2,,,353.2,BSP,Calculated,SW,Water,,Originally reported as Nitrate + Nitrite as NO3.,Clayton,07060004,River/Stream,,42.9268507,-91.4687552
6,15220031,Unnamed Trib. to Roberts Crk. @ Aspen Ave (RC13),08/27/1996 11:15:00,BSP,NIT-NO3-NO2,Inorganic nitrogen (nitrate and nitrite) (as N),Total,,1.8,mg/l,True,0.2,,,353.2,BSP,Calculated,SW,Water,,Originally reported as Nitrate + Nitrite as NO3.,Clayton,07060004,River/Stream,,43.0574767,-91.5781539
6,15220030,Roberts Creek @ 130th St (RC11),08/27/1996 11:10:00,BSP,NIT-NO3-NO2,Inorganic nitrogen (nitrate and nitrite) (as N),Total,,5.9,mg/l,True,0.2,,,353.2,BSP,Calculated,SW,Water,,Originally reported as Nitrate + Nitrite as NO3.,Clayton,07060004,River/Stream,,43.0365499,-91.537903
6,15220029,Roberts Creek @ 145th St (RC10),08/27/1996 11:00:00,BSP,NIT-NO3-NO2,Inorganic nitrogen (nitrate and nitrite) (as N),Total,,5.2,mg/l,True,0.2,,,353.2,BSP,Calculated,SW,Water,,Originally reported as Nitrate + Nitrite as NO3.,Clayton,07060004,River/Stream,,43.0159151,-91.512025
6,15220024,Roberts Creek @ 172nd St (F45),08/27/1996 09:55:00,BSP,NIT-NO3-NO2,Inorganic nitrogen (nitrate and nitrite) (as N),Total,,5.4,mg/l,True,0.2,,,353.2,BSP,Calculated,SW,Water,,Originally reported as Nitrate + Nitrite as NO3.,Clayton,07060004,River/Stream,,42.9750265,-91.4830196
6,15220035,Silver Creek @ 145th St (SC05),08/27/1996 10:15:00,BSP,NIT-NO3-NO2,Inorganic nitrogen (nitrate and nitrite) (as N),Total,,8.4,mg/l,True,0.2,,,353.2,BSP,Calculated,SW,Water,,Originally reported as Nitrate + Nitrite as NO3.,Clayton,07060004,River/Stream,,43.0136712,-91.4626953
6,15220026,Howard Creek @ Co. Rd. X28 (HC01),08/27/1996 16:40:00,BSP,NIT-NO3-NO2,Inorganic nitrogen (nitrate and nitrite) (as N),Total,,9.7,mg/l,True,0.2,,,353.2,BSP,Calculated,SW,Water,,Originally reported as Nitrate + Nitrite as NO3.,Clayton,07060004,River/Stream,,42.9622643,-91.3693639
6,15220018,Roberts Creek @ 206th St/B65 (RC02/ROB30),08/20/1996 17:30:00,BSP,NIT-NO3-NO2,Inorganic nitrogen (nitrate and nitrite) (as N),Total,,3.9,mg/l,True,0.1,,,353.2,BSP,Actual,SW,Water,,,Clayton,07060004,River/Stream,,42.9304245,-91.38552335
6,15220025,Roberts Creek @ Essex Ave (F47),08/27/1996 17:00:00,BSP,NIT-NO3-NO2,Inorganic nitrogen (nitrate and nitrite) (as N),Total,,4.5,mg/l,True,0.2,,,353.2,BSP,Calculated,SW,Water,,Originally reported as Nitrate + Nitrite as NO3.,Clayton,07060004,River/Stream,,42.9590908,-91.4195205
6,15220018,Roberts Creek @ 206th St/B65 (RC02/ROB30),08/13/1996 14:00:00,BSP,NIT-NO3-NO2,Inorganic nitrogen (nitrate and nitrite) (as N),Total,,3.7,mg/l,True,0.1,,,353.2,BSP,Actual,SW,Water,,,Clayton,07060004,River/Stream,,42.9304245,-91.38552335
6,15220028,Silver Creek @ Dogwood Ave (L23S),08/13/1996 10:10:00,BSP,NIT-NO3-NO2,Inorganic nitrogen (nitrate and nitrite) (as N),Total,,9.8,mg/l,True,0.1,,,353.2,BSP,Actual,SW,Water,,,Clayton,07060004,River/Stream,,43.0217763,-91.4894189
6,15220036,Turkey River @ Big Spring (TR01),08/13/1996 09:20:00,BSP,NIT-NO3-NO2,Inorganic nitrogen (nitrate and nitrite) (as N),Total,,7.4,mg/l,True,0.2,,,353.2,BSP,Calculated,SW,Water,,Originally reported as Nitrate + Nitrite as NO3.,Clayton,07060004,River/Stream,,42.9095476,-91.4709184
6,15220040,L22T,08/20/1996 11:10:00,BSP,NIT-NO3-NO2,Inorganic nitrogen (nitrate and nitrite) (as N),Total,,18.3,mg/l,True,0.2,,,353.2,BSP,Calculated,GW,Water,,Originally reported as Nitrate + Nitrite as NO3.,Clayton,07060004,Facility Other,,43.0217187,-91.4893474
6,15220018,Roberts Creek @ 206th St/B65 (RC02/ROB30),07/30/1996 15:45:00,BSP,NIT-NO3-NO2,Inorganic nitrogen (nitrate and nitrite) (as N),Total,,5.7,mg/l,True,0.1,,,353.2,BSP,Actual,SW,Water,,,Clayton,07060004,River/Stream,,42.9304245,-91.38552335
6,15220033,Silver Creek @ 155th St (SC01),07/30/1996 10:55:00,BSP,NIT-NO3-NO2,Inorganic nitrogen (nitrate and nitrite) (as N),Total,,10.6,mg/l,True,0.2,,,353.2,BSP,Calculated,SW,Water,,Originally reported as Nitrate + Nitrite as NO3.,Clayton,07060004,River/Stream,,43.0006333,-91.4484974
6,15220027,Unnamed Trib. to Turkey R. @ Big Spring Rd. (HS03),07/30/1996 09:50:00,BSP,NIT-NO3-NO2,Inorganic nitrogen (nitrate and nitrite) (as N),Total,,7.9,mg/l,True,0.2,,,353.2,BSP,Calculated,SW,Water,,Originally reported as Nitrate + Nitrite as NO3.,Clayton,07060004,River/Stream,,42.9268507,-91.4687552
6,15220031,Unnamed Trib. to Roberts Crk. @ Aspen Ave (RC13),07/30/1996 12:05:00,BSP,NIT-NO3-NO2,Inorganic nitrogen (nitrate and nitrite) (as N),Total,,6.1,mg/l,True,0.2,,,353.2,BSP,Calculated,SW,Water,,Originally reported as Nitrate + Nitrite as NO3.,Clayton,07060004,River/Stream,,43.0574767,-91.5781539
6,15220030,Roberts Creek @ 130th St (RC11),07/30/1996 11:55:00,BSP,NIT-NO3-NO2,Inorganic nitrogen (nitrate and nitrite) (as N),Total,,7,mg/l,True,0.2,,,353.2,BSP,Calculated,SW,Water,,Originally reported as Nitrate + Nitrite as NO3.,Clayton,07060004,River/Stream,,43.0365499,-91.537903
6,15220040,L22T,08/13/1996 10:15:00,BSP,NIT-NO3-NO2,Inorganic nitrogen (nitrate and nitrite) (as N),Total,,18.3,mg/l,True,0.2,,,353.2,BSP,Calculated,GW,Water,,Originally reported as Nitrate + Nitrite as NO3.,Clayton,07060004,Facility Other,,43.0217187,-91.4893474
6,15220028,Silver Creek @ Dogwood Ave (L23S),07/30/1996 11:30:00,BSP,NIT-NO3-NO2,Inorganic nitrogen (nitrate and nitrite) (as N),Total,,11,mg/l,True,0.1,,,353.2,BSP,Actual,SW,Water,,,Clayton,07060004,River/Stream,,43.0217763,-91.4894189
6,15220025,Roberts Creek @ Essex Ave (F47),07/30/1996 16:00:00,BSP,NIT-NO3-NO2,Inorganic nitrogen (nitrate and nitrite) (as N),Total,,6.5,mg/l,True,0.2,,,353.2,BSP,Calculated,SW,Water,,Originally reported as Nitrate + Nitrite as NO3.,Clayton,07060004,River/Stream,,42.9590908,-91.4195205
6,15220028,Silver Creek @ Dogwood Ave (L23S),06/18/1996 12:45:00,BSP,NIT-NO3-NO2,Inorganic nitrogen (nitrate and nitrite) (as N),Total,,24,mg/l,True,0.1,,,353.2,BSP,Actual,SW,Water,,,Clayton,07060004,River/Stream,,43.0217763,-91.4894189
6,15220025,Roberts Creek @ Essex Ave (F47),06/25/1996 17:30:00,BSP,NIT-NO3-NO2,Inorganic nitrogen (nitrate and nitrite) (as N),Total,,14.9,mg/l,True,0.2,,,353.2,BSP,Calculated,SW,Water,,Originally reported as Nitrate + Nitrite as NO3.,Clayton,07060004,River/Stream,,42.9590908,-91.4195205
6,15220028,Silver Creek @ Dogwood Ave (L23S),07/16/1996 11:45:00,BSP,NIT-NO3-NO2,Inorganic nitrogen (nitrate and nitrite) (as N),Total,,13,mg/l,True,0.1,,,353.2,BSP,Actual,SW,Water,,,Clayton,07060004,River/Stream,,43.0217763,-91.4894189
6,15220036,Turkey River @ Big Spring (TR01),07/16/1996 11:00:00,BSP,NIT-NO3-NO2,Inorganic nitrogen (nitrate and nitrite) (as N),Total,,5,mg/l,True,0.2,,,353.2,BSP,Calculated,SW,Water,,Originally reported as Nitrate + Nitrite as NO3.,Clayton,07060004,River/Stream,,42.9095476,-91.4709184
6,15220040,L22T,07/30/1996 11:35:00,BSP,NIT-NO3-NO2,Inorganic nitrogen (nitrate and nitrite) (as N),Total,,19,mg/l,True,0.2,,,353.2,BSP,Calculated,GW,Water,,Originally reported as Nitrate + Nitrite as NO3.,Clayton,07060004,Facility Other,,43.0217187,-91.4893474
6,15220036,Turkey River @ Big Spring (TR01),07/30/1996 10:00:00,BSP,NIT-NO3-NO2,Inorganic nitrogen (nitrate and nitrite) (as N),Total,,8.4,mg/l,True,0.2,,,353.2,BSP,Calculated,SW,Water,,Originally reported as Nitrate + Nitrite as NO3.,Clayton,07060004,River/Stream,,42.9095476,-91.4709184
6,15220018,Roberts Creek @ 206th St/B65 (RC02/ROB30),06/25/1996 17:05:00,BSP,NIT-NO3-NO2,Inorganic nitrogen (nitrate and nitrite) (as N),Total,,15,mg/l,True,0.1,,,353.2,BSP,Actual,SW,Water,,,Clayton,07060004,River/Stream,,42.9304245,-91.38552335
6,15220033,Silver Creek @ 155th St (SC01),06/25/1996 10:45:00,BSP,NIT-NO3-NO2,Inorganic nitrogen (nitrate and nitrite) (as N),Total,,18.1,mg/l,True,0.2,,,353.2,BSP,Calculated,SW,Water,,Originally reported as Nitrate + Nitrite as NO3.,Clayton,07060004,River/Stream,,43.0006333,-91.4484974
6,15220027,Unnamed Trib. to Turkey R. @ Big Spring Rd. (HS03),06/25/1996 09:15:00,BSP,NIT-NO3-NO2,Inorganic nitrogen (nitrate and nitrite) (as N),Total,,13.1,mg/l,True,0.2,,,353.2,BSP,Calculated,SW,Water,,Originally reported as Nitrate + Nitrite as NO3.,Clayton,07060004,River/Stream,,42.9268507,-91.4687552
6,15220031,Unnamed Trib. to Roberts Crk. @ Aspen Ave (RC13),06/25/1996 12:00:00,BSP,NIT-NO3-NO2,Inorganic nitrogen (nitrate and nitrite) (as N),Total,,15.1,mg/l,True,0.2,,,353.2,BSP,Calculated,SW,Water,,Originally reported as Nitrate + Nitrite as NO3.,Clayton,07060004,River/Stream,,43.0574767,-91.5781539
6,15220030,Roberts Creek @ 130th St (RC11),06/25/1996 11:50:00,BSP,NIT-NO3-NO2,Inorganic nitrogen (nitrate and nitrite) (as N),Total,,14,mg/l,True,0.2,,,353.2,BSP,Calculated,SW,Water,,Originally reported as Nitrate + Nitrite as NO3.,Clayton,07060004,River/Stream,,43.0365499,-91.537903
6,15220029,Roberts Creek @ 145th St (RC10),06/25/1996 11:40:00,BSP,NIT-NO3-NO2,Inorganic nitrogen (nitrate and nitrite) (as N),Total,,12.6,mg/l,True,0.2,,,353.2,BSP,Calculated,SW,Water,,Originally reported as Nitrate + Nitrite as NO3.,Clayton,07060004,River/Stream,,43.0159151,-91.512025
6,15220024,Roberts Creek @ 172nd St (F45),06/25/1996 10:30:00,BSP,NIT-NO3-NO2,Inorganic nitrogen (nitrate and nitrite) (as N),Total,,13.5,mg/l,True,0.2,,,353.2,BSP,Calculated,SW,Water,,Originally reported as Nitrate + Nitrite as NO3.,Clayton,07060004,River/Stream,,42.9750265,-91.4830196
6,15220034,Unnamed Trib. to Silver Crk. @ Dolphin Ave (SC03),06/25/1996 11:00:00,BSP,NIT-NO3-NO2,Inorganic nitrogen (nitrate and nitrite) (as N),Total,,16,mg/l,True,0.2,,,353.2,BSP,Calculated,SW,Water,,Originally reported as Nitrate + Nitrite as NO3.,Clayton,07060004,River/Stream,,43.0342002,-91.4587066
6,15220035,Silver Creek @ 145th St (SC05),06/25/1996 10:55:00,BSP,NIT-NO3-NO2,Inorganic nitrogen (nitrate and nitrite) (as N),Total,,18.3,mg/l,True,0.2,,,353.2,BSP,Calculated,SW,Water,,Originally reported as Nitrate + Nitrite as NO3.,Clayton,07060004,River/Stream,,43.0136712,-91.4626953
6,15220026,Howard Creek @ Co. Rd. X28 (HC01),06/25/1996 17:00:00,BSP,NIT-NO3-NO2,Inorganic nitrogen (nitrate and nitrite) (as N),Total,,20.5,mg/l,True,0.2,,,353.2,BSP,Calculated,SW,Water,,Originally reported as Nitrate + Nitrite as NO3.,Clayton,07060004,River/Stream,,42.9622643,-91.3693639
6,15220028,Silver Creek @ Dogwood Ave (L23S),07/09/1996 10:20:00,BSP,NIT-NO3-NO2,Inorganic nitrogen (nitrate and nitrite) (as N),Total,,15,mg/l,True,0.1,,,353.2,BSP,Actual,SW,Water,,,Clayton,07060004,River/Stream,,43.0217763,-91.4894189
6,15220036,Turkey River @ Big Spring (TR01),07/09/1996 09:15:00,BSP,NIT-NO3-NO2,Inorganic nitrogen (nitrate and nitrite) (as N),Total,,7.7,mg/l,True,0.2,,,353.2,BSP,Calculated,SW,Water,,Originally reported as Nitrate + Nitrite as NO3.,Clayton,07060004,River/Stream,,42.9095476,-91.4709184
6,15220040,L22T,07/16/1996 12:00:00,BSP,NIT-NO3-NO2,Inorganic nitrogen (nitrate and nitrite) (as N),Total,,19.2,mg/l,True,0.2,,,353.2,BSP,Calculated,GW,Water,,Originally reported as Nitrate + Nitrite as NO3.,Clayton,07060004,Facility Other,,43.0217187,-91.4893474
6,15220018,Roberts Creek @ 206th St/B65 (RC02/ROB30),06/18/1996 12:15:00,BSP,NIT-NO3-NO2,Inorganic nitrogen (nitrate and nitrite) (as N),Total,,16,mg/l,True,0.1,,,353.2,BSP,Actual,SW,Water,,,Clayton,07060004,River/Stream,,42.9304245,-91.38552335
6,15220018,Roberts Creek @ 206th St/B65 (RC02/ROB30),06/11/1996 13:00:00,BSP,NIT-NO3-NO2,Inorganic nitrogen (nitrate and nitrite) (as N),Total,,11,mg/l,True,0.1,,,353.2,BSP,Actual,SW,Water,,,Clayton,07060004,River/Stream,,42.9304245,-91.38552335
6,15220028,Silver Creek @ Dogwood Ave (L23S),06/11/1996 10:05:00,BSP,NIT-NO3-NO2,Inorganic nitrogen (nitrate and nitrite) (as N),Total,,15,mg/l,True,0.1,,,353.2,BSP,Actual,SW,Water,,,Clayton,07060004,River/Stream,,43.0217763,-91.4894189
6,15220036,Turkey River @ Big Spring (TR01),06/11/1996 09:30:00,BSP,NIT-NO3-NO2,Inorganic nitrogen (nitrate and nitrite) (as N),Total,,11.1,mg/l,True,0.2,,,353.2,BSP,Calculated,SW,Water,,Originally reported as Nitrate + Nitrite as NO3.,Clayton,07060004,River/Stream,,42.9095476,-91.4709184
6,15220040,L22T,06/18/1996 13:00:00,BSP,NIT-NO3-NO2,Inorganic nitrogen (nitrate and nitrite) (as N),Total,,22.8,mg/l,True,0.2,,,353.2,BSP,Calculated,GW,Water,,Originally reported as Nitrate + Nitrite as NO3.,Clayton,07060004,Facility Other,,43.0217187,-91.4893474
6,15220018,Roberts Creek @ 206th St/B65 (RC02/ROB30),05/28/1996 14:50:00,BSP,NIT-NO3-NO2,Inorganic nitrogen (nitrate and nitrite) (as N),Total,,3.1,mg/l,True,0.1,,,353.2,BSP,Actual,SW,Water,,,Clayton,07060004,River/Stream,,42.9304245,-91.38552335
6,15220033,Silver Creek @ 155th St (SC01),05/28/1996 10:25:00,BSP,NIT-NO3-NO2,Inorganic nitrogen (nitrate and nitrite) (as N),Total,,5.9,mg/l,True,0.2,,,353.2,BSP,Calculated,SW,Water,,Originally reported as Nitrate + Nitrite as NO3.,Clayton,07060004,River/Stream,,43.0006333,-91.4484974
6,15220027,Unnamed Trib. to Turkey R. @ Big Spring Rd. (HS03),05/28/1996 09:15:00,BSP,NIT-NO3-NO2,Inorganic nitrogen (nitrate and nitrite) (as N),Total,,5.6,mg/l,True,0.2,,,353.2,BSP,Calculated,SW,Water,,Originally reported as Nitrate + Nitrite as NO3.,Clayton,07060004,River/Stream,,42.9268507,-91.4687552
6,15220031,Unnamed Trib. to Roberts Crk. @ Aspen Ave (RC13),05/28/1996 11:15:00,BSP,NIT-NO3-NO2,Inorganic nitrogen (nitrate and nitrite) (as N),Total,,8.8,mg/l,True,0.2,,,353.2,BSP,Calculated,SW,Water,,Originally reported as Nitrate + Nitrite as NO3.,Clayton,07060004,River/Stream,,43.0574767,-91.5781539
6,15220030,Roberts Creek @ 130th St (RC11),05/28/1996 11:10:00,BSP,NIT-NO3-NO2,Inorganic nitrogen (nitrate and nitrite) (as N),Total,,4.3,mg/l,True,0.2,,,353.2,BSP,Calculated,SW,Water,,Originally reported as Nitrate + Nitrite as NO3.,Clayton,07060004,River/Stream,,43.0365499,-91.537903
6,15220029,Roberts Creek @ 145th St (RC10),05/28/1996 11:00:00,BSP,NIT-NO3-NO2,Inorganic nitrogen (nitrate and nitrite) (as N),Total,,3.4,mg/l,True,0.2,,,353.2,BSP,Calculated,SW,Water,,Originally reported as Nitrate + Nitrite as NO3.,Clayton,07060004,River/Stream,,43.0159151,-91.512025
6,15220024,Roberts Creek @ 172nd St (F45),05/28/1996 10:15:00,BSP,NIT-NO3-NO2,Inorganic nitrogen (nitrate and nitrite) (as N),Total,,5.2,mg/l,True,0.2,,,353.2,BSP,Calculated,SW,Water,,Originally reported as Nitrate + Nitrite as NO3.,Clayton,07060004,River/Stream,,42.9750265,-91.4830196
6,15220040,L22T,06/11/1996 10:15:00,BSP,NIT-NO3-NO2,Inorganic nitrogen (nitrate and nitrite) (as N),Total,,19.9,mg/l,True,0.2,,,353.2,BSP,Calculated,GW,Water,,Originally reported as Nitrate + Nitrite as NO3.,Clayton,07060004,Facility Other,,43.0217187,-91.4893474
6,15220028,Silver Creek @ Dogwood Ave (L23S),05/28/1996 10:45:00,BSP,NIT-NO3-NO2,Inorganic nitrogen (nitrate and nitrite) (as N),Total,,8.5,mg/l,True,0.1,,,353.2,BSP,Actual,SW,Water,,,Clayton,07060004,River/Stream,,43.0217763,-91.4894189
6,15220025,Roberts Creek @ Essex Ave (F47),05/28/1996 15:00:00,BSP,NIT-NO3-NO2,Inorganic nitrogen (nitrate and nitrite) (as N),Total,,4.3,mg/l,True,0.2,,,353.2,BSP,Calculated,SW,Water,,Originally reported as Nitrate + Nitrite as NO3.,Clayton,07060004,River/Stream,,42.9590908,-91.4195205
6,15220018,Roberts Creek @ 206th St/B65 (RC02/ROB30),05/14/1996 13:40:00,BSP,NIT-NO3-NO2,Inorganic nitrogen (nitrate and nitrite) (as N),Total,,2.4,mg/l,True,0.1,,,353.2,BSP,Actual,SW,Water,,,Clayton,07060004,River/Stream,,42.9304245,-91.38552335
6,15220028,Silver Creek @ Dogwood Ave (L23S),05/14/1996 10:10:00,BSP,NIT-NO3-NO2,Inorganic nitrogen (nitrate and nitrite) (as N),Total,,7.2,mg/l,True,0.1,,,353.2,BSP,Actual,SW,Water,,,Clayton,07060004,River/Stream,,43.0217763,-91.4894189
6,15220036,Turkey River @ Big Spring (TR01),05/14/1996 09:30:00,BSP,NIT-NO3-NO2,Inorganic nitrogen (nitrate and nitrite) (as N),Total,,4.1,mg/l,True,0.2,,,353.2,BSP,Calculated,SW,Water,,Originally reported as Nitrate + Nitrite as NO3.,Clayton,07060004,River/Stream,,42.9095476,-91.4709184
6,15220036,Turkey River @ Big Spring (TR01),05/28/1996 09:25:00,BSP,NIT-NO3-NO2,Inorganic nitrogen (nitrate and nitrite) (as N),Total,,3.4,mg/l,True,0.2,,,353.2,BSP,Calculated,SW,Water,,Originally reported as Nitrate + Nitrite as NO3.,Clayton,07060004,River/Stream,,42.9095476,-91.4709184
6,15220028,Silver Creek @ Dogwood Ave (L23S),05/07/1996 10:50:00,BSP,NIT-NO3-NO2,Inorganic nitrogen (nitrate and nitrite) (as N),Total,,7.6,mg/l,True,0.1,,,353.2,BSP,Actual,SW,Water,,,Clayton,07060004,River/Stream,,43.0217763,-91.4894189
6,15220036,Turkey River @ Big Spring (TR01),05/07/1996 10:00:00,BSP,NIT-NO3-NO2,Inorganic nitrogen (nitrate and nitrite) (as N),Total,,5.2,mg/l,True,0.2,,,353.2,BSP,Calculated,SW,Water,,Originally reported as Nitrate + Nitrite as NO3.,Clayton,07060004,River/Stream,,42.9095476,-91.4709184
6,15220040,L22T,05/14/1996 10:15:00,BSP,NIT-NO3-NO2,Inorganic nitrogen (nitrate and nitrite) (as N),Total,,18.1,mg/l,True,0.2,,,353.2,BSP,Calculated,GW,Water,,Originally reported as Nitrate + Nitrite as NO3.,Clayton,07060004,Facility Other,,43.0217187,-91.4893474
6,15220018,Roberts Creek @ 206th St/B65 (RC02/ROB30),04/30/1996 14:40:00,BSP,NIT-NO3-NO2,Inorganic nitrogen (nitrate and nitrite) (as N),Total,,4.1,mg/l,True,0.1,,,353.2,BSP,Actual,SW,Water,,,Clayton,07060004,River/Stream,,42.9304245,-91.38552335
6,15220028,Silver Creek @ Dogwood Ave (L23S),04/30/1996 10:25:00,BSP,NIT-NO3-NO2,Inorganic nitrogen (nitrate and nitrite) (as N),Total,,7.5,mg/l,True,0.1,,,353.2,BSP,Actual,SW,Water,,,Clayton,07060004,River/Stream,,43.0217763,-91.4894189
6,15220025,Roberts Creek @ Essex Ave (F47),04/30/1996 14:50:00,BSP,NIT-NO3-NO2,Inorganic nitrogen (nitrate and nitrite) (as N),Total,,5,mg/l,True,0.2,,,353.2,BSP,Calculated,SW,Water,,Originally reported as Nitrate + Nitrite as NO3.,Clayton,07060004,River/Stream,,42.9590908,-91.4195205
6,15220040,L22T,04/30/1996 10:30:00,BSP,NIT-NO3-NO2,Inorganic nitrogen (nitrate and nitrite) (as N),Total,,16.7,mg/l,True,0.2,,,353.2,BSP,Calculated,GW,Water,,Originally reported as Nitrate + Nitrite as NO3.,Clayton,07060004,Facility Other,,43.0217187,-91.4893474
6,15220036,Turkey River @ Big Spring (TR01),04/30/1996 09:15:00,BSP,NIT-NO3-NO2,Inorganic nitrogen (nitrate and nitrite) (as N),Total,,4.5,mg/l,True,0.2,,,353.2,BSP,Calculated,SW,Water,,Originally reported as Nitrate + Nitrite as NO3.,Clayton,07060004,River/Stream,,42.9095476,-91.4709184
6,15220018,Roberts Creek @ 206th St/B65 (RC02/ROB30),04/09/1996 14:30:00,BSP,NIT-NO3-NO2,Inorganic nitrogen (nitrate and nitrite) (as N),Total,,5,mg/l,True,0.1,,,353.2,BSP,Actual,SW,Water,,,Clayton,07060004,River/Stream,,42.9304245,-91.38552335
6,15220028,Silver Creek @ Dogwood Ave (L23S),04/09/1996 13:15:00,BSP,NIT-NO3-NO2,Inorganic nitrogen (nitrate and nitrite) (as N),Total,,8.1,mg/l,True,0.1,,,353.2,BSP,Actual,SW,Water,,,Clayton,07060004,River/Stream,,43.0217763,-91.4894189
6,15220036,Turkey River @ Big Spring (TR01),04/09/1996 13:20:00,BSP,NIT-NO3-NO2,Inorganic nitrogen (nitrate and nitrite) (as N),Total,,5,mg/l,True,0.2,,,353.2,BSP,Calculated,SW,Water,,Originally reported as Nitrate + Nitrite as NO3.,Clayton,07060004,River/Stream,,42.9095476,-91.4709184
6,15220040,L22T,04/16/1996 11:00:00,BSP,NIT-NO3-NO2,Inorganic nitrogen (nitrate and nitrite) (as N),Total,,16.9,mg/l,True,0.2,,,353.2,BSP,Calculated,GW,Water,,Originally reported as Nitrate + Nitrite as NO3.,Clayton,07060004,Facility Other,,43.0217187,-91.4893474
6,15220018,Roberts Creek @ 206th St/B65 (RC02/ROB30),04/16/1996 15:10:00,BSP,NIT-NO3-NO2,Inorganic nitrogen (nitrate and nitrite) (as N),Total,,3.9,mg/l,True,0.1,,,353.2,BSP,Actual,SW,Water,,,Clayton,07060004,River/Stream,,42.9304245,-91.38552335
6,15220018,Roberts Creek @ 206th St/B65 (RC02/ROB30),03/25/1996 12:40:00,BSP,NIT-NO3-NO2,Inorganic nitrogen (nitrate and nitrite) (as N),Total,,5.8,mg/l,True,0.1,,,353.2,BSP,Actual,SW,Water,,,Clayton,07060004,River/Stream,,42.9304245,-91.38552335
6,15220033,Silver Creek @ 155th St (SC01),03/25/1996 13:10:00,BSP,NIT-NO3-NO2,Inorganic nitrogen (nitrate and nitrite) (as N),Total,,10.2,mg/l,True,0.2,,,353.2,BSP,Calculated,SW,Water,,Originally reported as Nitrate + Nitrite as NO3.,Clayton,07060004,River/Stream,,43.0006333,-91.4484974
6,15220027,Unnamed Trib. to Turkey R. @ Big Spring Rd. (HS03),03/25/1996 10:20:00,BSP,NIT-NO3-NO2,Inorganic nitrogen (nitrate and nitrite) (as N),Total,,6.8,mg/l,True,0.2,,,353.2,BSP,Calculated,SW,Water,,Originally reported as Nitrate + Nitrite as NO3.,Clayton,07060004,River/Stream,,42.9268507,-91.4687552
6,15220031,Unnamed Trib. to Roberts Crk. @ Aspen Ave (RC13),03/25/1996 14:50:00,BSP,NIT-NO3-NO2,Inorganic nitrogen (nitrate and nitrite) (as N),Total,,7.7,mg/l,True,0.2,,,353.2,BSP,Calculated,SW,Water,,Originally reported as Nitrate + Nitrite as NO3.,Clayton,07060004,River/Stream,,43.0574767,-91.5781539
6,15220030,Roberts Creek @ 130th St (RC11),03/25/1996 14:45:00,BSP,NIT-NO3-NO2,Inorganic nitrogen (nitrate and nitrite) (as N),Total,,8.4,mg/l,True,0.2,,,353.2,BSP,Calculated,SW,Water,,Originally reported as Nitrate + Nitrite as NO3.,Clayton,07060004,River/Stream,,43.0365499,-91.537903
6,15220040,L22T,04/09/1996 13:20:00,BSP,NIT-NO3-NO2,Inorganic nitrogen (nitrate and nitrite) (as N),Total,,17.6,mg/l,True,0.2,,,353.2,BSP,Calculated,GW,Water,,Originally reported as Nitrate + Nitrite as NO3.,Clayton,07060004,Facility Other,,43.0217187,-91.4893474
6,15220028,Silver Creek @ Dogwood Ave (L23S),03/25/1996 13:45:00,BSP,NIT-NO3-NO2,Inorganic nitrogen (nitrate and nitrite) (as N),Total,,0.1,mg/l,False,0.1,,,353.2,BSP,Actual,SW,Water,,,Clayton,07060004,River/Stream,,43.0217763,-91.4894189
6,15220025,Roberts Creek @ Essex Ave (F47),03/25/1996 12:20:00,BSP,NIT-NO3-NO2,Inorganic nitrogen (nitrate and nitrite) (as N),Total,,7,mg/l,True,0.2,,,353.2,BSP,Calculated,SW,Water,,Originally reported as Nitrate + Nitrite as NO3.,Clayton,07060004,River/Stream,,42.9590908,-91.4195205
6,15220018,Roberts Creek @ 206th St/B65 (RC02/ROB30),03/12/1996 11:35:00,BSP,NIT-NO3-NO2,Inorganic nitrogen (nitrate and nitrite) (as N),Total,,3.9,mg/l,True,0.1,,,353.2,BSP,Actual,SW,Water,,,Clayton,07060004,River/Stream,,42.9304245,-91.38552335
6,15220028,Silver Creek @ Dogwood Ave (L23S),03/12/1996 11:00:00,BSP,NIT-NO3-NO2,Inorganic nitrogen (nitrate and nitrite) (as N),Total,,3.2,mg/l,True,0.1,,,353.2,BSP,Actual,SW,Water,,,Clayton,07060004,River/Stream,,43.0217763,-91.4894189
6,15220036,Turkey River @ Big Spring (TR01),03/12/1996 10:00:00,BSP,NIT-NO3-NO2,Inorganic nitrogen (nitrate and nitrite) (as N),Total,,4.3,mg/l,True,0.2,,,353.2,BSP,Calculated,SW,Water,,Originally reported as Nitrate + Nitrite as NO3.,Clayton,07060004,River/Stream,,42.9095476,-91.4709184
6,15220040,L22T,03/25/1996 13:55:00,BSP,NIT-NO3-NO2,Inorganic nitrogen (nitrate and nitrite) (as N),Total,,14.2,mg/l,True,0.2,,,353.2,BSP,Calculated,GW,Water,,Originally reported as Nitrate + Nitrite as NO3.,Clayton,07060004,Facility Other,,43.0217187,-91.4893474
6,15220036,Turkey River @ Big Spring (TR01),03/25/1996 10:45:00,BSP,NIT-NO3-NO2,Inorganic nitrogen (nitrate and nitrite) (as N),Total,,4.7,mg/l,True,0.2,,,353.2,BSP,Calculated,SW,Water,,Originally reported as Nitrate + Nitrite as NO3.,Clayton,07060004,River/Stream,,42.9095476,-91.4709184
6,15220028,Silver Creek @ Dogwood Ave (L23S),03/05/1996 11:45:00,BSP,NIT-NO3-NO2,Inorganic nitrogen (nitrate and nitrite) (as N),Total,,9.9,mg/l,True,0.1,,,353.2,BSP,Actual,SW,Water,,,Clayton,07060004,River/Stream,,43.0217763,-91.4894189
6,15220036,Turkey River @ Big Spring (TR01),03/05/1996 09:40:00,BSP,NIT-NO3-NO2,Inorganic nitrogen (nitrate and nitrite) (as N),Total,,4.5,mg/l,True,0.2,,,353.2,BSP,Calculated,SW,Water,,Originally reported as Nitrate + Nitrite as NO3.,Clayton,07060004,River/Stream,,42.9095476,-91.4709184
6,15220040,L22T,03/12/1996 11:05:00,BSP,NIT-NO3-NO2,Inorganic nitrogen (nitrate and nitrite) (as N),Total,,6.8,mg/l,True,0.2,,,353.2,BSP,Calculated,GW,Water,,Originally reported as Nitrate + Nitrite as NO3.,Clayton,07060004,Facility Other,,43.0217187,-91.4893474
6,15220018,Roberts Creek @ 206th St/B65 (RC02/ROB30),02/27/1996 15:20:00,BSP,NIT-NO3-NO2,Inorganic nitrogen (nitrate and nitrite) (as N),Total,,2.8,mg/l,True,0.1,,,353.2,BSP,Actual,SW,Water,,,Clayton,07060004,River/Stream,,42.9304245,-91.38552335
6,15220028,Silver Creek @ Dogwood Ave (L23S),02/27/1996 10:35:00,BSP,NIT-NO3-NO2,Inorganic nitrogen (nitrate and nitrite) (as N),Total,,7.7,mg/l,True,0.1,,,353.2,BSP,Actual,SW,Water,,,Clayton,07060004,River/Stream,,43.0217763,-91.4894189
6,15220025,Roberts Creek @ Essex Ave (F47),02/27/1996 15:30:00,BSP,NIT-NO3-NO2,Inorganic nitrogen (nitrate and nitrite) (as N),Total,,3.6,mg/l,True,0.2,,,353.2,BSP,Calculated,SW,Water,,Originally reported as Nitrate + Nitrite as NO3.,Clayton,07060004,River/Stream,,42.9590908,-91.4195205
6,15220018,Roberts Creek @ 206th St/B65 (RC02/ROB30),02/13/1996 14:45:00,BSP,NIT-NO3-NO2,Inorganic nitrogen (nitrate and nitrite) (as N),Total,,3.5,mg/l,True,0.1,,,353.2,BSP,Actual,SW,Water,,,Clayton,07060004,River/Stream,,42.9304245,-91.38552335
6,15220040,L22T,02/27/1996 10:40:00,BSP,NIT-NO3-NO2,Inorganic nitrogen (nitrate and nitrite) (as N),Total,,9.9,mg/l,True,0.2,,,353.2,BSP,Calculated,GW,Water,,Originally reported as Nitrate + Nitrite as NO3.,Clayton,07060004,Facility Other,,43.0217187,-91.4893474
6,15220036,Turkey River @ Big Spring (TR01),02/27/1996 09:15:00,BSP,NIT-NO3-NO2,Inorganic nitrogen (nitrate and nitrite) (as N),Total,,2.5,mg/l,True,0.2,,,353.2,BSP,Calculated,SW,Water,,Originally reported as Nitrate + Nitrite as NO3.,Clayton,07060004,River/Stream,,42.9095476,-91.4709184
6,15220028,Silver Creek @ Dogwood Ave (L23S),02/06/1996 10:30:00,BSP,NIT-NO3-NO2,Inorganic nitrogen (nitrate and nitrite) (as N),Total,,10,mg/l,True,0.1,,,353.2,BSP,Actual,SW,Water,,,Clayton,07060004,River/Stream,,43.0217763,-91.4894189
6,15220036,Turkey River @ Big Spring (TR01),02/06/1996 09:15:00,BSP,NIT-NO3-NO2,Inorganic nitrogen (nitrate and nitrite) (as N),Total,,5.4,mg/l,True,0.2,,,353.2,BSP,Calculated,SW,Water,,Originally reported as Nitrate + Nitrite as NO3.,Clayton,07060004,River/Stream,,42.9095476,-91.4709184
6,15220040,L22T,02/13/1996 10:40:00,BSP,NIT-NO3-NO2,Inorganic nitrogen (nitrate and nitrite) (as N),Total,,13.8,mg/l,True,0.2,,,353.2,BSP,Calculated,GW,Water,,Originally reported as Nitrate + Nitrite as NO3.,Clayton,07060004,Facility Other,,43.0217187,-91.4893474
6,15220018,Roberts Creek @ 206th St/B65 (RC02/ROB30),02/06/1996 10:00:00,BSP,NIT-NO3-NO2,Inorganic nitrogen (nitrate and nitrite) (as N),Total,,6.8,mg/l,True,0.1,,,353.2,BSP,Actual,SW,Water,,,Clayton,07060004,River/Stream,,42.9304245,-91.38552335
6,15220040,L22T,01/23/1996 11:20:00,BSP,NIT-NO3-NO2,Inorganic nitrogen (nitrate and nitrite) (as N),Total,,17.6,mg/l,True,0.2,,,353.2,BSP,Calculated,GW,Water,,Originally reported as Nitrate + Nitrite as NO3.,Clayton,07060004,Facility Other,,43.0217187,-91.4893474
6,15220018,Roberts Creek @ 206th St/B65 (RC02/ROB30),01/23/1996 16:35:00,BSP,NIT-NO3-NO2,Inorganic nitrogen (nitrate and nitrite) (as N),Total,,6.6,mg/l,True,0.1,,,353.2,BSP,Actual,SW,Water,,,Clayton,07060004,River/Stream,,42.9304245,-91.38552335
6,15220009,South Cedar Creek @ Lower Cedar Rd (CED10),09/03/2014 11:35:00,TURKEYR,NIT-NO3-NO2,Inorganic nitrogen (nitrate and nitrite) (AS N),Total,,2.9,mg/l,True,0.1,,,LAC10-107-04-1J,UHL001,Actual,SW,Water,,,Clayton,07060004,River/Stream,,42.74424922,-91.21535774
6,15220020,Turkey River @ Highway 52 (TR10),10/01/2014 12:15:00,TURKEYR,NIT-NO3-NO2,Inorganic nitrogen (nitrate and nitrite) (AS N),Total,,4.3,mg/l,True,0.1,,,LAC10-107-04-1J,UHL001,Actual,SW,Water,,,Clayton,07060004,River/Stream,,42.70781335,-91.0757377
6,15220051,Unnamed Creek at 125th St (UNS25),10/01/2014 09:30:00,TURKEYR,NIT-NO3-NO2,Inorganic nitrogen (nitrate and nitrite) (AS N),Total,,23,mg/l,True,0.1,,,LAC10-107-04-1J,UHL001,Actual,SW,Water,,,Clayton,07060004,River/Stream,,43.04444686,-91.43104301
6,15220010,Cox Creek @ Highway 13 (COX20),09/03/2014 07:30:00,TURKEYR,NIT-NO3-NO2,Inorganic nitrogen (nitrate and nitrite) (AS N),Total,,3.1,mg/l,True,0.1,,,LAC10-107-04-1J,UHL001,Actual,SW,Water,,,Clayton,07060004,River/Stream,,42.76688423,-91.46209679
6,15220011,Dry Mill Creek @ Grape Rd (DMI10),09/03/2014 14:05:00,TURKEYR,NIT-NO3-NO2,Inorganic nitrogen (nitrate and nitrite) (AS N),Total,,8.5,mg/l,True,0.1,,,LAC10-107-04-1J,UHL001,Actual,SW,Water,,,Clayton,07060004,River/Stream,,42.84327492,-91.36969617
6,15220012,Elk Creek @ Colesburg Rd/X3C (ELK10),09/03/2014 11:43:00,TURKEYR,NIT-NO3-NO2,Inorganic nitrogen (nitrate and nitrite) (AS N),Total,,3.1,mg/l,True,0.1,,,LAC10-107-04-1J,UHL001,Actual,SW,Water,,,Clayton,07060004,River/Stream,,42.73331715,-91.28009598
6,15220013,Hewett Creek @ Crystal Road (HEW20),09/03/2014 07:50:00,TURKEYR,NIT-NO3-NO2,Inorganic nitrogen (nitrate and nitrite) (AS N),Total,,4,mg/l,True,0.1,,,LAC10-107-04-1J,UHL001,Actual,SW,Water,,,Clayton,07060004,River/Stream,,42.78586318,-91.51847775
6,15220014,Howard Creek @ Mouth (HOW10),09/03/2014 10:45:00,TURKEYR,NIT-NO3-NO2,Inorganic nitrogen (nitrate and nitrite) (AS N),Total,,6.4,mg/l,True,0.1,,,LAC10-107-04-1J,UHL001,Actual,SW,Water,,,Clayton,07060004,River/Stream,,42.9300546,-91.38292282
6,15220015,Little Turkey River @ Highway 52 (LIT10),09/03/2014 10:45:00,TURKEYR,NIT-NO3-NO2,Inorganic nitrogen (nitrate and nitrite) (AS N),Total,,2.7,mg/l,True,0.1,,,LAC10-107-04-1J,UHL001,Actual,SW,Water,,,Clayton,07060004,River/Stream,,42.6987021,-91.07371173
6,15220016,Mink Creek @ Aztec Road (MIN10),09/03/2014 08:15:00,TURKEYR,NIT-NO3-NO2,Inorganic nitrogen (nitrate and nitrite) (AS N),Total,,4.5,mg/l,True,0.1,,,LAC10-107-04-1J,UHL001,Actual,SW,Water,,,Clayton,07060004,River/Stream,,42.8441202,-91.59732742
6,15220017,Roberts Creek @ Grape Rd (ROB10),09/03/2014 14:15:00,TURKEYR,NIT-NO3-NO2,Inorganic nitrogen (nitrate and nitrite) (AS N),Total,,5.3,mg/l,True,0.1,,,LAC10-107-04-1J,UHL001,Actual,SW,Water,,,Clayton,07060004,River/Stream,,42.83952465,-91.37446914
6,15220019,Roberts Creek @ Dalmation Ave (ROB50),09/03/2014 10:15:00,TURKEYR,NIT-NO3-NO2,Inorganic nitrogen (nitrate and nitrite) (AS N),Total,,5.4,mg/l,True,0.1,,,LAC10-107-04-1J,UHL001,Actual,SW,Water,,,Clayton,07060004,River/Stream,,42.95959549,-91.4562996
6,15220020,Turkey River @ Highway 52 (TR10),09/03/2014 10:25:00,TURKEYR,NIT-NO3-NO2,Inorganic nitrogen (nitrate and nitrite) (AS N),Total,,4.3,mg/l,True,0.1,,,LAC10-107-04-1J,UHL001,Actual,SW,Water,,,Clayton,07060004,River/Stream,,42.70781335,-91.0757377
6,15220051,Unnamed Creek at 125th St (UNS25),09/03/2014 08:35:00,TURKEYR,NIT-NO3-NO2,Inorganic nitrogen (nitrate and nitrite) (AS N),Total,,1,mg/l,True,0.1,,,LAC10-107-04-1J,UHL001,Actual,SW,Water,,,Clayton,07060004,River/Stream,,43.04444686,-91.43104301
6,15220045,Turkey River @ Hwy. 13 (TR28),10/01/2014 14:00:00,TURKEYR,NIT-NO3-NO2,Inorganic nitrogen (nitrate and nitrite) (AS N),Total,,5.9,mg/l,True,0.1,,,LAC10-107-04-1J,UHL001,Actual,SW,Water,,,Clayton,07060004,River/Stream,,42.84321539,-91.40058452
6,15220045,Turkey River @ Hwy. 13 (TR28),09/03/2014 13:35:00,TURKEYR,NIT-NO3-NO2,Inorganic nitrogen (nitrate and nitrite) (AS N),Total,,5.3,mg/l,True,0.1,,,LAC10-107-04-1J,UHL001,Actual,SW,Water,,,Clayton,07060004,River/Stream,,42.84321539,-91.40058452
6,15220045,Turkey River @ Hwy. 13 (TR28),05/07/2014 10:15:00,TURKEYR,NIT-NO3-NO2,Inorganic nitrogen (nitrate and nitrite) (AS N),Total,,12,mg/l,True,0.1,,,LAC10-107-04-1J,UHL001,Actual,SW,Water,,,Clayton,07060004,River/Stream,,42.84321539,-91.40058452
6,15220045,Turkey River @ Hwy. 13 (TR28),11/05/2014 11:00:00,TURKEYR,NIT-NO3-NO2,Inorganic nitrogen (nitrate and nitrite) (AS N),Total,,7.2,mg/l,True,0.1,,,LAC10-107-04-1J,UHL001,Actual,SW,Water,,,Clayton,07060004,River/Stream,,42.84321539,-91.40058452
6,15220009,South Cedar Creek @ Lower Cedar Rd (CED10),10/01/2014 11:00:00,TURKEYR,NIT-NO3-NO2,Inorganic nitrogen (nitrate and nitrite) (AS N),Total,,2.6,mg/l,True,0.1,,,LAC10-107-04-1J,UHL001,Actual,SW,Water,,,Clayton,07060004,River/Stream,,42.74424922,-91.21535774
6,15220010,Cox Creek @ Highway 13 (COX20),10/01/2014 09:00:00,TURKEYR,NIT-NO3-NO2,Inorganic nitrogen (nitrate and nitrite) (AS N),Total,,3.1,mg/l,True,0.1,,,LAC10-107-04-1J,UHL001,Actual,SW,Water,,,Clayton,07060004,River/Stream,,42.76688423,-91.46209679
6,15220016,Mink Creek @ Aztec Road (MIN10),11/05/2014 07:50:00,TURKEYR,NIT-NO3-NO2,Inorganic nitrogen (nitrate and nitrite) (AS N),Total,,5.1,mg/l,True,0.1,,,LAC10-107-04-1J,UHL001,Actual,SW,Water,,,Clayton,07060004,River/Stream,,42.8441202,-91.59732742
6,15220017,Roberts Creek @ Grape Rd (ROB10),11/05/2014 10:35:00,TURKEYR,NIT-NO3-NO2,Inorganic nitrogen (nitrate and nitrite) (AS N),Total,,5.8,mg/l,True,0.1,,,LAC10-107-04-1J,UHL001,Actual,SW,Water,,,Clayton,07060004,River/Stream,,42.83952465,-91.37446914
6,15220019,Roberts Creek @ Dalmation Ave (ROB50),11/05/2014 09:45:00,TURKEYR,NIT-NO3-NO2,Inorganic nitrogen (nitrate and nitrite) (AS N),Total,,6.9,mg/l,True,0.1,,,LAC10-107-04-1J,UHL001,Actual,SW,Water,,,Clayton,07060004,River/Stream,,42.95959549,-91.4562996
6,15220051,Unnamed Creek at 125th St (UNS25),11/05/2014 09:05:00,TURKEYR,NIT-NO3-NO2,Inorganic nitrogen (nitrate and nitrite) (AS N),Total,,15,mg/l,True,0.1,,,LAC10-107-04-1J,UHL001,Actual,SW,Water,,,Clayton,07060004,River/Stream,,43.04444686,-91.43104301
6,15220011,Dry Mill Creek @ Grape Rd (DMI10),10/01/2014 14:15:00,TURKEYR,NIT-NO3-NO2,Inorganic nitrogen (nitrate and nitrite) (AS N),Total,,8,mg/l,True,0.1,,,LAC10-107-04-1J,UHL001,Actual,SW,Water,,,Clayton,07060004,River/Stream,,42.84327492,-91.36969617
6,15220012,Elk Creek @ Colesburg Rd/X3C (ELK10),10/01/2014 10:27:00,TURKEYR,NIT-NO3-NO2,Inorganic nitrogen (nitrate and nitrite) (AS N),Total,,2.6,mg/l,True,0.1,,,LAC10-107-04-1J,UHL001,Actual,SW,Water,,,Clayton,07060004,River/Stream,,42.73331715,-91.28009598
6,15220013,Hewett Creek @ Crystal Road (HEW20),10/01/2014 08:30:00,TURKEYR,NIT-NO3-NO2,Inorganic nitrogen (nitrate and nitrite) (AS N),Total,,4.5,mg/l,True,0.1,,,LAC10-107-04-1J,UHL001,Actual,SW,Water,,,Clayton,07060004,River/Stream,,42.78586318,-91.51847775
6,15220014,Howard Creek @ Mouth (HOW10),10/01/2014 13:20:00,TURKEYR,NIT-NO3-NO2,Inorganic nitrogen (nitrate and nitrite) (AS N),Total,,6.3,mg/l,True,0.1,,,LAC10-107-04-1J,UHL001,Actual,SW,Water,,,Clayton,07060004,River/Stream,,42.9300546,-91.38292282
6,15220015,Little Turkey River @ Highway 52 (LIT10),10/01/2014 12:00:00,TURKEYR,NIT-NO3-NO2,Inorganic nitrogen (nitrate and nitrite) (AS N),Total,,2.7,mg/l,True,0.1,,,LAC10-107-04-1J,UHL001,Actual,SW,Water,,,Clayton,07060004,River/Stream,,42.6987021,-91.07371173
6,15220016,Mink Creek @ Aztec Road (MIN10),10/01/2014 08:10:00,TURKEYR,NIT-NO3-NO2,Inorganic nitrogen (nitrate and nitrite) (AS N),Total,,5,mg/l,True,0.1,,,LAC10-107-04-1J,UHL001,Actual,SW,Water,,,Clayton,07060004,River/Stream,,42.8441202,-91.59732742
6,15220017,Roberts Creek @ Grape Rd (ROB10),10/01/2014 14:10:00,TURKEYR,NIT-NO3-NO2,Inorganic nitrogen (nitrate and nitrite) (AS N),Total,,5.6,mg/l,True,0.1,,,LAC10-107-04-1J,UHL001,Actual,SW,Water,,,Clayton,07060004,River/Stream,,42.83952465,-91.37446914
6,15220019,Roberts Creek @ Dalmation Ave (ROB50),10/01/2014 10:10:00,TURKEYR,NIT-NO3-NO2,Inorganic nitrogen (nitrate and nitrite) (AS N),Total,,5.5,mg/l,True,0.1,,,LAC10-107-04-1J,UHL001,Actual,SW,Water,,,Clayton,07060004,River/Stream,,42.95959549,-91.4562996
6,15220051,Unnamed Creek at 125th St (UNS25),05/07/2014 08:50:00,TURKEYR,NIT-NO3-NO2,Inorganic nitrogen (nitrate and nitrite) (AS N),Total,,11,mg/l,True,0.1,,,LAC10-107-04-1J,UHL001,Actual,SW,Water,,,Clayton,07060004,River/Stream,,43.04444686,-91.43104301
6,15220020,Turkey River @ Highway 52 (TR10),05/07/2014 11:20:00,TURKEYR,NIT-NO3-NO2,Inorganic nitrogen (nitrate and nitrite) (AS N),Total,,11,mg/l,True,0.1,,,LAC10-107-04-1J,UHL001,Actual,SW,Water,,,Clayton,07060004,River/Stream,,42.70781335,-91.0757377
6,15220034,Unnamed Trib. to Silver Crk. @ Dolphin Ave (SC03),05/07/2014 09:05:00,TURKEYR,NIT-NO3-NO2,Inorganic nitrogen (nitrate and nitrite) (AS N),Total,,12,mg/l,True,0.1,,,LAC10-107-04-1J,UHL001,Actual,SW,Water,,,Clayton,07060004,River/Stream,,43.0342002,-91.4587066
6,15220010,Cox Creek @ Highway 13 (COX20),11/05/2014 08:10:00,TURKEYR,NIT-NO3-NO2,Inorganic nitrogen (nitrate and nitrite) (AS N),Total,,3.5,mg/l,True,0.1,,,LAC10-107-04-1J,UHL001,Actual,SW,Water,,,Clayton,07060004,River/Stream,,42.76688423,-91.46209679
6,15220011,Dry Mill Creek @ Grape Rd (DMI10),11/05/2014 10:25:00,TURKEYR,NIT-NO3-NO2,Inorganic nitrogen (nitrate and nitrite) (AS N),Total,,8,mg/l,True,0.1,,,LAC10-107-04-1J,UHL001,Actual,SW,Water,,,Clayton,07060004,River/Stream,,42.84327492,-91.36969617
6,15220012,Elk Creek @ Colesburg Rd/X3C (ELK10),11/05/2014 11:50:00,TURKEYR,NIT-NO3-NO2,Inorganic nitrogen (nitrate and nitrite) (AS N),Total,,3.4,mg/l,True,0.1,,,LAC10-107-04-1J,UHL001,Actual,SW,Water,,,Clayton,07060004,River/Stream,,42.73331715,-91.28009598
6,15220013,Hewett Creek @ Crystal Road (HEW20),11/05/2014 08:25:00,TURKEYR,NIT-NO3-NO2,Inorganic nitrogen (nitrate and nitrite) (AS N),Total,,4.7,mg/l,True,0.1,,,LAC10-107-04-1J,UHL001,Actual,SW,Water,,,Clayton,07060004,River/Stream,,42.78586318,-91.51847775
6,15220011,Dry Mill Creek @ Grape Rd (DMI10),05/07/2014 09:40:00,TURKEYR,NIT-NO3-NO2,Inorganic nitrogen (nitrate and nitrite) (AS N),Total,,9.3,mg/l,True,0.1,,,LAC10-107-04-1J,UHL001,Actual,SW,Water,,,Clayton,07060004,River/Stream,,42.84327492,-91.36969617
6,15220012,Elk Creek @ Colesburg Rd/X3C (ELK10),05/07/2014 08:45:00,TURKEYR,NIT-NO3-NO2,Inorganic nitrogen (nitrate and nitrite) (AS N),Total,,3.9,mg/l,True,0.1,,,LAC10-107-04-1J,UHL001,Actual,SW,Water,,,Clayton,07060004,River/Stream,,42.73331715,-91.28009598
6,15220013,Hewett Creek @ Crystal Road (HEW20),05/07/2014 07:55:00,TURKEYR,NIT-NO3-NO2,Inorganic nitrogen (nitrate and nitrite) (AS N),Total,,4.9,mg/l,True,0.1,,,LAC10-107-04-1J,UHL001,Actual,SW,Water,,,Clayton,07060004,River/Stream,,42.78586318,-91.51847775
6,15220014,Howard Creek @ Mouth (HOW10),05/07/2014 09:10:00,TURKEYR,NIT-NO3-NO2,Inorganic nitrogen (nitrate and nitrite) (AS N),Total,,9.8,mg/l,True,0.1,,,LAC10-107-04-1J,UHL001,Actual,SW,Water,,,Clayton,07060004,River/Stream,,42.9300546,-91.38292282
6,15220015,Little Turkey River @ Highway 52 (LIT10),05/07/2014 11:45:00,TURKEYR,NIT-NO3-NO2,Inorganic nitrogen (nitrate and nitrite) (AS N),Total,,3.6,mg/l,True,0.1,,,LAC10-107-04-1J,UHL001,Actual,SW,Water,,,Clayton,07060004,River/Stream,,42.6987021,-91.07371173
6,15220016,Mink Creek @ Aztec Road (MIN10),05/07/2014 08:10:00,TURKEYR,NIT-NO3-NO2,Inorganic nitrogen (nitrate and nitrite) (AS N),Total,,4.1,mg/l,True,0.1,,,LAC10-107-04-1J,UHL001,Actual,SW,Water,,,Clayton,07060004,River/Stream,,42.8441202,-91.59732742
6,15220017,Roberts Creek @ Grape Rd (ROB10),05/07/2014 09:55:00,TURKEYR,NIT-NO3-NO2,Inorganic nitrogen (nitrate and nitrite) (AS N),Total,,9.1,mg/l,True,0.1,,,LAC10-107-04-1J,UHL001,Actual,SW,Water,,,Clayton,07060004,River/Stream,,42.83952465,-91.37446914
6,15220019,Roberts Creek @ Dalmation Ave (ROB50),05/07/2014 08:50:00,TURKEYR,NIT-NO3-NO2,Inorganic nitrogen (nitrate and nitrite) (AS N),Total,,9.5,mg/l,True,0.1,,,LAC10-107-04-1J,UHL001,Actual,SW,Water,,,Clayton,07060004,River/Stream,,42.95959549,-91.4562996
6,15220045,Turkey River @ Hwy. 13 (TR28),07/09/2014 10:40:00,TURKEYR,NIT-NO3-NO2,Inorganic nitrogen (nitrate and nitrite) (AS N),Total,,12,mg/l,True,0.1,,,LAC10-107-04-1J,UHL001,Actual,SW,Water,,,Clayton,07060004,River/Stream,,42.84321539,-91.40058452
6,15220045,Turkey River @ Hwy. 13 (TR28),06/04/2014 10:20:00,TURKEYR,NIT-NO3-NO2,Inorganic nitrogen (nitrate and nitrite) (AS N),Total,,7.3,mg/l,True,0.1,,,LAC10-107-04-1J,UHL001,Actual,SW,Water,,,Clayton,07060004,River/Stream,,42.84321539,-91.40058452
6,15220009,South Cedar Creek @ Lower Cedar Rd (CED10),05/07/2014 10:30:00,TURKEYR,NIT-NO3-NO2,Inorganic nitrogen (nitrate and nitrite) (AS N),Total,,2.7,mg/l,True,0.1,,,LAC10-107-04-1J,UHL001,Actual,SW,Water,,,Clayton,07060004,River/Stream,,42.74424922,-91.21535774
6,15220010,Cox Creek @ Highway 13 (COX20),05/07/2014 07:40:00,TURKEYR,NIT-NO3-NO2,Inorganic nitrogen (nitrate and nitrite) (AS N),Total,,4.3,mg/l,True,0.1,,,LAC10-107-04-1J,UHL001,Actual,SW,Water,,,Clayton,07060004,River/Stream,,42.76688423,-91.46209679
6,15220019,Roberts Creek @ Dalmation Ave (ROB50),06/04/2014 09:25:00,TURKEYR,NIT-NO3-NO2,Inorganic nitrogen (nitrate and nitrite) (AS N),Total,,7.3,mg/l,True,0.1,,,LAC10-107-04-1J,UHL001,Actual,SW,Water,,,Clayton,07060004,River/Stream,,42.95959549,-91.4562996
6,15220020,Turkey River @ Highway 52 (TR10),06/04/2014 11:05:00,TURKEYR,NIT-NO3-NO2,Inorganic nitrogen (nitrate and nitrite) (AS N),Total,,5.9,mg/l,True,0.1,,,LAC10-107-04-1J,UHL001,Actual,SW,Water,,,Clayton,07060004,River/Stream,,42.70781335,-91.0757377
6,15220034,Unnamed Trib. to Silver Crk. @ Dolphin Ave (SC03),06/04/2014 09:30:00,TURKEYR,NIT-NO3-NO2,Inorganic nitrogen (nitrate and nitrite) (AS N),Total,,11,mg/l,True,0.1,,,LAC10-107-04-1J,UHL001,Actual,SW,Water,,,Clayton,07060004,River/Stream,,43.0342002,-91.4587066
6,15220051,Unnamed Creek at 125th St (UNS25),06/04/2014 09:05:00,TURKEYR,NIT-NO3-NO2,Inorganic nitrogen (nitrate and nitrite) (AS N),Total,,11,mg/l,True,0.1,,,LAC10-107-04-1J,UHL001,Actual,SW,Water,,,Clayton,07060004,River/Stream,,43.04444686,-91.43104301
6,15220010,Cox Creek @ Highway 13 (COX20),06/04/2014 07:30:00,TURKEYR,NIT-NO3-NO2,Inorganic nitrogen (nitrate and nitrite) (AS N),Total,,3.3,mg/l,True,0.1,,,LAC10-107-04-1J,UHL001,Actual,SW,Water,,,Clayton,07060004,River/Stream,,42.76688423,-91.46209679
6,15220011,Dry Mill Creek @ Grape Rd (DMI10),06/04/2014 10:35:00,TURKEYR,NIT-NO3-NO2,Inorganic nitrogen (nitrate and nitrite) (AS N),Total,,8.9,mg/l,True,0.1,,,LAC10-107-04-1J,UHL001,Actual,SW,Water,,,Clayton,07060004,River/Stream,,42.84327492,-91.36969617
6,15220012,Elk Creek @ Colesburg Rd/X3C (ELK10),06/04/2014 12:18:00,TURKEYR,NIT-NO3-NO2,Inorganic nitrogen (nitrate and nitrite) (AS N),Total,,2.5,mg/l,True,0.1,,,LAC10-107-04-1J,UHL001,Actual,SW,Water,,,Clayton,07060004,River/Stream,,42.73331715,-91.28009598
6,15220013,Hewett Creek @ Crystal Road (HEW20),06/04/2014 07:50:00,TURKEYR,NIT-NO3-NO2,Inorganic nitrogen (nitrate and nitrite) (AS N),Total,,4.4,mg/l,True,0.1,,,LAC10-107-04-1J,UHL001,Actual,SW,Water,,,Clayton,07060004,River/Stream,,42.78586318,-91.51847775
6,15220014,Howard Creek @ Mouth (HOW10),06/04/2014 09:50:00,TURKEYR,NIT-NO3-NO2,Inorganic nitrogen (nitrate and nitrite) (AS N),Total,,7.8,mg/l,True,0.1,,,LAC10-107-04-1J,UHL001,Actual,SW,Water,,,Clayton,07060004,River/Stream,,42.9300546,-91.38292282
6,15220015,Little Turkey River @ Highway 52 (LIT10),06/04/2014 11:30:00,TURKEYR,NIT-NO3-NO2,Inorganic nitrogen (nitrate and nitrite) (AS N),Total,,2.6,mg/l,True,0.1,,,LAC10-107-04-1J,UHL001,Actual,SW,Water,,,Clayton,07060004,River/Stream,,42.6987021,-91.07371173
6,15220016,Mink Creek @ Aztec Road (MIN10),06/04/2014 07:45:00,TURKEYR,NIT-NO3-NO2,Inorganic nitrogen (nitrate and nitrite) (AS N),Total,,3.8,mg/l,True,0.1,,,LAC10-107-04-1J,UHL001,Actual,SW,Water,,,Clayton,07060004,River/Stream,,42.8441202,-91.59732742
6,15220017,Roberts Creek @ Grape Rd (ROB10),06/04/2014 10:45:00,TURKEYR,NIT-NO3-NO2,Inorganic nitrogen (nitrate and nitrite) (AS N),Total,,7.2,mg/l,True,0.1,,,LAC10-107-04-1J,UHL001,Actual,SW,Water,,,Clayton,07060004,River/Stream,,42.83952465,-91.37446914
6,16220006,North Cedar Creek - Clayton # 159,07/13/2005 00:00:00,LEGACYREMAP,NIT-NO3-NO2,Inorganic nitrogen (nitrate and nitrite) (AS N),Total,,1.5,mg/l,True,0.05,,,353.2,UHL001,Actual,SW,Water,,,Clayton,07060003,River/Stream,,42.947107,-91.232895
6,16220005,Bear Creek - Edgewood # 155,07/12/2005 00:00:00,LEGACYREMAP,NIT-NO3-NO2,Inorganic nitrogen (nitrate and nitrite) (AS N),Total,,3.1,mg/l,True,0.05,,,353.2,UHL001,Actual,SW,Water,,,Clayton,07060004,River/Stream,,42.672969,-91.393914
6,16220004,Hewitt Creek - Volga # 133,09/01/2004 00:00:00,LEGACYREMAP,NIT-NO3-NO2,Inorganic nitrogen (nitrate and nitrite) (AS N),Total,,6.6,mg/l,True,0.1,,,353.2,UHL001,Actual,SW,Water,,,Clayton,07060004,River/Stream,,42.756825,-91.563285
6,16220003,Turkey River - Garber - REMAP # 70,10/02/2003 00:00:00,LEGACYREMAP,NIT-NO3-NO2,Inorganic nitrogen (nitrate and nitrite) (AS N),Total,,3.2,mg/l,True,0.1,,,353.2,UHL001,Actual,SW,Water,,,Clayton,07060004,River/Stream,,42.738283,-91.265993
6,16220002,Peck Creek - REMAP #229,09/25/2002 00:00:00,LEGACYREMAP,NIT-NO3-NO2,Inorganic nitrogen (nitrate and nitrite) (AS N),Total,,0.8,mg/l,True,0.1,,,353.2,UHL001,Actual,SW,Water,,,Clayton,07060004,River/Stream,,42.723821,-91.144286
6,16220006,North Cedar Creek - Clayton # 159,09/15/2015 09:30:00,AMBBIO,NIT-NO3-NO2,Inorganic nitrogen (nitrate and nitrite) (AS N),Total,,1.5,mg/l,True,0.1,,,LAC10-107-04-1J,UHL001,Actual,SW,Water,,,Clayton,07060003,River/Stream,,42.947107,-91.232895
6,16220001,Roberts Creek,07/31/2002 00:00:00,LEGACYREMAP,NIT-NO3-NO2,Inorganic nitrogen (nitrate and nitrite) (AS N),Total,,7.6,mg/l,True,0.1,,,353.2,UHL001,Actual,SW,Water,,,Clayton,07060004,River/Stream,,42.963184,-91.461441
6,16220006,North Cedar Creek - Clayton # 159,08/19/2015 10:45:00,AMBBIO,NIT-NO3-NO2,Inorganic nitrogen (nitrate and nitrite) (AS N),Total,,4.7,mg/l,True,0.1,,,LAC10-107-04-1J,UHL001,Actual,SW,Water,,,Clayton,07060003,River/Stream,,42.947107,-91.232895
6,16220006,North Cedar Creek - Clayton # 159,09/02/2015 10:00:00,AMBBIO,NIT-NO3-NO2,Inorganic nitrogen (nitrate and nitrite) (AS N),Total,,1.7,mg/l,True,0.1,,,LAC10-107-04-1J,UHL001,Actual,SW,Water,,,Clayton,07060003,River/Stream,,42.947107,-91.232895
6,16220006,North Cedar Creek - Clayton # 159,08/05/2015 10:00:00,AMBBIO,NIT-NO3-NO2,Inorganic nitrogen (nitrate and nitrite) (AS N),Total,,18,mg/l,True,0.1,,,LAC10-107-04-1J,UHL001,Actual,SW,Water,,,Clayton,07060003,River/Stream,,42.947107,-91.232895
6,16220006,North Cedar Creek - Clayton # 159,07/07/2015 12:00:00,AMBBIO,NIT-NO3-NO2,Inorganic nitrogen (nitrate and nitrite) (AS N),Total,,3,mg/l,True,0.1,,,LAC10-107-04-1J,UHL001,Actual,SW,Water,,,Clayton,07060003,River/Stream,,42.947107,-91.232895
6,16220006,North Cedar Creek - Clayton # 159,07/22/2015 12:15:00,AMBBIO,NIT-NO3-NO2,Inorganic nitrogen (nitrate and nitrite) (AS N),Total,,2.3,mg/l,True,0.1,,,LAC10-107-04-1J,UHL001,Actual,SW,Water,,,Clayton,07060003,River/Stream,,42.947107,-91.232895
6,15220009,South Cedar Creek @ Lower Cedar Rd (CED10),06/04/2014 12:45:00,TURKEYR,NIT-NO3-NO2,Inorganic nitrogen (nitrate and nitrite) (AS N),Total,,3.2,mg/l,True,0.1,,,LAC10-107-04-1J,UHL001,Actual,SW,Water,,,Clayton,07060004,River/Stream,,42.74424922,-91.21535774
6,15220034,Unnamed Trib. to Silver Crk. @ Dolphin Ave (SC03),07/09/2014 09:00:00,TURKEYR,NIT-NO3-NO2,Inorganic nitrogen (nitrate and nitrite) (AS N),Total,,12,mg/l,True,0.1,,,LAC10-107-04-1J,UHL001,Actual,SW,Water,,,Clayton,07060004,River/Stream,,43.0342002,-91.4587066
6,15220051,Unnamed Creek at 125th St (UNS25),07/09/2014 08:40:00,TURKEYR,NIT-NO3-NO2,Inorganic nitrogen (nitrate and nitrite) (AS N),Total,,13,mg/l,True,0.1,,,LAC10-107-04-1J,UHL001,Actual,SW,Water,,,Clayton,07060004,River/Stream,,43.04444686,-91.43104301
6,15220016,Mink Creek @ Aztec Road (MIN10),07/09/2014 09:10:00,TURKEYR,NIT-NO3-NO2,Inorganic nitrogen (nitrate and nitrite) (AS N),Total,,7.3,mg/l,True,0.1,,,LAC10-107-04-1J,UHL001,Actual,SW,Water,,,Clayton,07060004,River/Stream,,42.8441202,-91.59732742
6,15220017,Roberts Creek @ Grape Rd (ROB10),07/09/2014 10:20:00,TURKEYR,NIT-NO3-NO2,Inorganic nitrogen (nitrate and nitrite) (AS N),Total,,14,mg/l,True,0.1,,,LAC10-107-04-1J,UHL001,Actual,SW,Water,,,Clayton,07060004,River/Stream,,42.83952465,-91.37446914
6,15220019,Roberts Creek @ Dalmation Ave (ROB50),07/09/2014 11:30:00,TURKEYR,NIT-NO3-NO2,Inorganic nitrogen (nitrate and nitrite) (AS N),Total,,13,mg/l,True,0.1,,,LAC10-107-04-1J,UHL001,Actual,SW,Water,,,Clayton,07060004,River/Stream,,42.95959549,-91.4562996
6,15220020,Turkey River @ Highway 52 (TR10),07/09/2014 10:35:00,TURKEYR,NIT-NO3-NO2,Inorganic nitrogen (nitrate and nitrite) (AS N),Total,,12,mg/l,True,0.1,,,LAC10-107-04-1J,UHL001,Actual,SW,Water,,,Clayton,07060004,River/Stream,,42.70781335,-91.0757377
6,15220009,South Cedar Creek @ Lower Cedar Rd (CED10),07/09/2014 11:45:00,TURKEYR,NIT-NO3-NO2,Inorganic nitrogen (nitrate and nitrite) (AS N),Total,,7.3,mg/l,True,0.1,,,LAC10-107-04-1J,UHL001,Actual,SW,Water,,,Clayton,07060004,River/Stream,,42.74424922,-91.21535774
6,15220010,Cox Creek @ Highway 13 (COX20),07/09/2014 06:45:00,TURKEYR,NIT-NO3-NO2,Inorganic nitrogen (nitrate and nitrite) (AS N),Total,,6.1,mg/l,True,0.1,,,LAC10-107-04-1J,UHL001,Actual,SW,Water,,,Clayton,07060004,River/Stream,,42.76688423,-91.46209679
6,15220011,Dry Mill Creek @ Grape Rd (DMI10),07/09/2014 10:10:00,TURKEYR,NIT-NO3-NO2,Inorganic nitrogen (nitrate and nitrite) (AS N),Total,,15,mg/l,True,0.1,,,LAC10-107-04-1J,UHL001,Actual,SW,Water,,,Clayton,07060004,River/Stream,,42.84327492,-91.36969617
6,15220012,Elk Creek @ Colesburg Rd/X3C (ELK10),07/09/2014 10:26:00,TURKEYR,NIT-NO3-NO2,Inorganic nitrogen (nitrate and nitrite) (AS N),Total,,5.8,mg/l,True,0.1,,,LAC10-107-04-1J,UHL001,Actual,SW,Water,,,Clayton,07060004,River/Stream,,42.73331715,-91.28009598
6,15220013,Hewett Creek @ Crystal Road (HEW20),07/09/2014 07:05:00,TURKEYR,NIT-NO3-NO2,Inorganic nitrogen (nitrate and nitrite) (AS N),Total,,6.9,mg/l,True,0.1,,,LAC10-107-04-1J,UHL001,Actual,SW,Water,,,Clayton,07060004,River/Stream,,42.78586318,-91.51847775
6,15220014,Howard Creek @ Mouth (HOW10),07/09/2014 09:40:00,TURKEYR,NIT-NO3-NO2,Inorganic nitrogen (nitrate and nitrite) (AS N),Total,,14,mg/l,True,0.1,,,LAC10-107-04-1J,UHL001,Actual,SW,Water,,,Clayton,07060004,River/Stream,,42.9300546,-91.38292282
6,15220015,Little Turkey River @ Highway 52 (LIT10),07/09/2014 10:55:00,TURKEYR,NIT-NO3-NO2,Inorganic nitrogen (nitrate and nitrite) (AS N),Total,,5.7,mg/l,True,0.1,,,LAC10-107-04-1J,UHL001,Actual,SW,Water,,,Clayton,07060004,River/Stream,,42.6987021,-91.07371173
6,15220034,Unnamed Trib. to Silver Crk. @ Dolphin Ave (SC03),04/02/2014 10:05:00,TURKEYR,NIT-NO3-NO2,Inorganic nitrogen (nitrate and nitrite) (AS N),Total,,13,mg/l,True,0.1,,,LAC10-107-04-1J,UHL001,Actual,SW,Water,,,Clayton,07060004,River/Stream,,43.0342002,-91.4587066
6,15220051,Unnamed Creek at 125th St (UNS25),04/02/2014 09:50:00,TURKEYR,NIT-NO3-NO2,Inorganic nitrogen (nitrate and nitrite) (AS N),Total,,8.4,mg/l,True,0.1,,,LAC10-107-04-1J,UHL001,Actual,SW,Water,,,Clayton,07060004,River/Stream,,43.04444686,-91.43104301
6,15220009,South Cedar Creek @ Lower Cedar Rd (CED10),08/06/2014 11:17:00,TURKEYR,NIT-NO3-NO2,Inorganic nitrogen (nitrate and nitrite) (AS N),Total,,3.1,mg/l,True,0.1,,,LAC10-107-04-1J,UHL001,Actual,SW,Water,,,Clayton,07060004,River/Stream,,42.74424922,-91.21535774
6,15220010,Cox Creek @ Highway 13 (COX20),08/06/2014 07:45:00,TURKEYR,NIT-NO3-NO2,Inorganic nitrogen (nitrate and nitrite) (AS N),Total,,4.3,mg/l,True,0.1,,,LAC10-107-04-1J,UHL001,Actual,SW,Water,,,Clayton,07060004,River/Stream,,42.76688423,-91.46209679
6,15220011,Dry Mill Creek @ Grape Rd (DMI10),08/06/2014 13:40:00,TURKEYR,NIT-NO3-NO2,Inorganic nitrogen (nitrate and nitrite) (AS N),Total,,12,mg/l,True,0.1,,,LAC10-107-04-1J,UHL001,Actual,SW,Water,,,Clayton,07060004,River/Stream,,42.84327492,-91.36969617
6,15220012,Elk Creek @ Colesburg Rd/X3C (ELK10),08/06/2014 11:40:00,TURKEYR,NIT-NO3-NO2,Inorganic nitrogen (nitrate and nitrite) (AS N),Total,,3.3,mg/l,True,0.1,,,LAC10-107-04-1J,UHL001,Actual,SW,Water,,,Clayton,07060004,River/Stream,,42.73331715,-91.28009598
6,15220013,Hewett Creek @ Crystal Road (HEW20),08/06/2014 08:10:00,TURKEYR,NIT-NO3-NO2,Inorganic nitrogen (nitrate and nitrite) (AS N),Total,,5,mg/l,True,0.1,,,LAC10-107-04-1J,UHL001,Actual,SW,Water,,,Clayton,07060004,River/Stream,,42.78586318,-91.51847775
6,15220014,Howard Creek @ Mouth (HOW10),08/06/2014 10:50:00,TURKEYR,NIT-NO3-NO2,Inorganic nitrogen (nitrate and nitrite) (AS N),Total,,9.1,mg/l,True,0.1,,,LAC10-107-04-1J,UHL001,Actual,SW,Water,,,Clayton,07060004,River/Stream,,42.9300546,-91.38292282
6,15220015,Little Turkey River @ Highway 52 (LIT10),08/06/2014 10:13:00,TURKEYR,NIT-NO3-NO2,Inorganic nitrogen (nitrate and nitrite) (AS N),Total,,3.1,mg/l,True,0.1,,,LAC10-107-04-1J,UHL001,Actual,SW,Water,,,Clayton,07060004,River/Stream,,42.6987021,-91.07371173
6,15220016,Mink Creek @ Aztec Road (MIN10),08/06/2014 08:15:00,TURKEYR,NIT-NO3-NO2,Inorganic nitrogen (nitrate and nitrite) (AS N),Total,,5.4,mg/l,True,0.1,,,LAC10-107-04-1J,UHL001,Actual,SW,Water,,,Clayton,07060004,River/Stream,,42.8441202,-91.59732742
6,15220017,Roberts Creek @ Grape Rd (ROB10),08/06/2014 13:55:00,TURKEYR,NIT-NO3-NO2,Inorganic nitrogen (nitrate and nitrite) (AS N),Total,,8.4,mg/l,True,0.1,,,LAC10-107-04-1J,UHL001,Actual,SW,Water,,,Clayton,07060004,River/Stream,,42.83952465,-91.37446914
6,15220019,Roberts Creek @ Dalmation Ave (ROB50),08/06/2014 10:30:00,TURKEYR,NIT-NO3-NO2,Inorganic nitrogen (nitrate and nitrite) (AS N),Total,,8,mg/l,True,0.1,,,LAC10-107-04-1J,UHL001,Actual,SW,Water,,,Clayton,07060004,River/Stream,,42.95959549,-91.4562996
6,15220020,Turkey River @ Highway 52 (TR10),08/06/2014 09:53:00,TURKEYR,NIT-NO3-NO2,Inorganic nitrogen (nitrate and nitrite) (AS N),Total,,5.3,mg/l,True,0.1,,,LAC10-107-04-1J,UHL001,Actual,SW,Water,,,Clayton,07060004,River/Stream,,42.70781335,-91.0757377
6,15220051,Unnamed Creek at 125th St (UNS25),08/06/2014 09:00:00,TURKEYR,NIT-NO3-NO2,Inorganic nitrogen (nitrate and nitrite) (AS N),Total,,16,mg/l,True,0.1,,,LAC10-107-04-1J,UHL001,Actual,SW,Water,,,Clayton,07060004,River/Stream,,43.04444686,-91.43104301
6,15220045,Turkey River @ Hwy. 13 (TR28),04/02/2014 11:05:00,TURKEYR,NIT-NO3-NO2,Inorganic nitrogen (nitrate and nitrite) (AS N),Total,,3.2,mg/l,True,0.1,,,LAC10-107-04-1J,UHL001,Actual,SW,Water,,,Clayton,07060004,River/Stream,,42.84321539,-91.40058452
6,15220045,Turkey River @ Hwy. 13 (TR28),08/06/2014 13:25:00,TURKEYR,NIT-NO3-NO2,Inorganic nitrogen (nitrate and nitrite) (AS N),Total,,7,mg/l,True,0.1,,,LAC10-107-04-1J,UHL001,Actual,SW,Water,,,Clayton,07060004,River/Stream,,42.84321539,-91.40058452
6,15220009,South Cedar Creek @ Lower Cedar Rd (CED10),04/02/2014 12:05:00,TURKEYR,NIT-NO3-NO2,Inorganic nitrogen (nitrate and nitrite) (AS N),Total,,3.7,mg/l,True,0.1,,,LAC10-107-04-1J,UHL001,Actual,SW,Water,,,Clayton,07060004,River/Stream,,42.74424922,-91.21535774
6,15220010,Cox Creek @ Highway 13 (COX20),04/02/2014 09:05:00,TURKEYR,NIT-NO3-NO2,Inorganic nitrogen (nitrate and nitrite) (AS N),Total,,3.9,mg/l,True,0.1,,,LAC10-107-04-1J,UHL001,Actual,SW,Water,,,Clayton,07060004,River/Stream,,42.76688423,-91.46209679
6,15220011,Dry Mill Creek @ Grape Rd (DMI10),04/02/2014 10:20:00,TURKEYR,NIT-NO3-NO2,Inorganic nitrogen (nitrate and nitrite) (AS N),Total,,6.6,mg/l,True,0.1,,,LAC10-107-04-1J,UHL001,Actual,SW,Water,,,Clayton,07060004,River/Stream,,42.84327492,-91.36969617
6,15220047,Pine Creek near Horseshoe Road (Pine Creek 2),05/07/2014 12:10:00,STLSBRNC,NIT-NO3-NO2,Inorganic nitrogen (nitrate and nitrite) (AS N),Total,,6.2,mg/l,True,0.1,,,LAC10-107-04-1J,UHL001,Actual,SW,Water,,,Clayton,07060004,River/Stream,,42.66556336,-91.25165507
6,15220048,Brownfield Creek near Horseshoe Road (Pine Creek 3),05/07/2014 12:00:00,STLSBRNC,NIT-NO3-NO2,Inorganic nitrogen (nitrate and nitrite) (AS N),Total,,9.8,mg/l,True,0.1,,,LAC10-107-04-1J,UHL001,Actual,SW,Water,,,Clayton,07060004,River/Stream,,42.6580697,-91.24980316
6,15220049,Pine Creek near 400th St. (Pine Creek 4),05/07/2014 12:30:00,STLSBRNC,NIT-NO3-NO2,Inorganic nitrogen (nitrate and nitrite) (AS N),Total,,15,mg/l,True,0.1,,,LAC10-107-04-1J,UHL001,Actual,SW,Water,,,Clayton,07060004,River/Stream,,42.64623736,-91.2241035
6,15220046,Pine Creek near Horseshoe Road (Pine Creek 1),05/07/2014 11:45:00,STLSBRNC,NIT-NO3-NO2,Inorganic nitrogen (nitrate and nitrite) (AS N),Total,,6.1,mg/l,True,0.1,,,LAC10-107-04-1J,UHL001,Actual,SW,Water,,,Clayton,07060004,River/Stream,,42.66871242,-91.27821784
6,15220050,Steeles Branch near Horseshoe Road (Steeles Branch 1),05/07/2014 11:20:00,STLSBRNC,NIT-NO3-NO2,Inorganic nitrogen (nitrate and nitrite) (AS N),Total,,4.7,mg/l,True,0.1,,,LAC10-107-04-1J,UHL001,Actual,SW,Water,,,Clayton,07060004,River/Stream,,42.66774323,-91.28444356
6,15220012,Elk Creek @ Colesburg Rd/X3C (ELK10),04/02/2014 11:50:00,TURKEYR,NIT-NO3-NO2,Inorganic nitrogen (nitrate and nitrite) (AS N),Total,,4.4,mg/l,True,0.1,,,LAC10-107-04-1J,UHL001,Actual,SW,Water,,,Clayton,07060004,River/Stream,,42.73331715,-91.28009598
6,15220013,Hewett Creek @ Crystal Road (HEW20),04/02/2014 08:44:00,TURKEYR,NIT-NO3-NO2,Inorganic nitrogen (nitrate and nitrite) (AS N),Total,,4.1,mg/l,True,0.1,,,LAC10-107-04-1J,UHL001,Actual,SW,Water,,,Clayton,07060004,River/Stream,,42.78586318,-91.51847775
6,15220014,Howard Creek @ Mouth (HOW10),04/02/2014 09:45:00,TURKEYR,NIT-NO3-NO2,Inorganic nitrogen (nitrate and nitrite) (AS N),Total,,6,mg/l,True,0.1,,,LAC10-107-04-1J,UHL001,Actual,SW,Water,,,Clayton,07060004,River/Stream,,42.9300546,-91.38292282
6,15220015,Little Turkey River @ Highway 52 (LIT10),04/02/2014 11:20:00,TURKEYR,NIT-NO3-NO2,Inorganic nitrogen (nitrate and nitrite) (AS N),Total,,4,mg/l,True,0.1,,,LAC10-107-04-1J,UHL001,Actual,SW,Water,,,Clayton,07060004,River/Stream,,42.6987021,-91.07371173
6,15220016,Mink Creek @ Aztec Road (MIN10),04/02/2014 07:40:00,TURKEYR,NIT-NO3-NO2,Inorganic nitrogen (nitrate and nitrite) (AS N),Total,,4.4,mg/l,True,0.1,,,LAC10-107-04-1J,UHL001,Actual,SW,Water,,,Clayton,07060004,River/Stream,,42.8441202,-91.59732742
6,15220017,Roberts Creek @ Grape Rd (ROB10),04/02/2014 10:45:00,TURKEYR,NIT-NO3-NO2,Inorganic nitrogen (nitrate and nitrite) (AS N),Total,,5.2,mg/l,True,0.1,,,LAC10-107-04-1J,UHL001,Actual,SW,Water,,,Clayton,07060004,River/Stream,,42.83952465,-91.37446914
6,15220019,Roberts Creek @ Dalmation Ave (ROB50),04/02/2014 09:15:00,TURKEYR,NIT-NO3-NO2,Inorganic nitrogen (nitrate and nitrite) (AS N),Total,,5,mg/l,True,0.1,,,LAC10-107-04-1J,UHL001,Actual,SW,Water,,,Clayton,07060004,River/Stream,,42.95959549,-91.4562996
6,15220020,Turkey River @ Highway 52 (TR10),04/02/2014 11:00:00,TURKEYR,NIT-NO3-NO2,Inorganic nitrogen (nitrate and nitrite) (AS N),Total,,3.4,mg/l,True,0.1,,,LAC10-107-04-1J,UHL001,Actual,SW,Water,,,Clayton,07060004,River/Stream,,42.70781335,-91.0757377
6,15220049,Pine Creek near 400th St. (Pine Creek 4),06/30/2014 12:45:00,STLSBRNC,NIT-NO3-NO2,Inorganic nitrogen (nitrate and nitrite) (AS N),Total,,17,mg/l,True,0.1,,,LAC10-107-04-1J,UHL001,Actual,SW,Water,,,Clayton,07060004,River/Stream,,42.64623736,-91.2241035
6,15220046,Pine Creek near Horseshoe Road (Pine Creek 1),06/30/2014 11:45:00,STLSBRNC,NIT-NO3-NO2,Inorganic nitrogen (nitrate and nitrite) (AS N),Total,,8.7,mg/l,True,0.1,,,LAC10-107-04-1J,UHL001,Actual,SW,Water,,,Clayton,07060004,River/Stream,,42.66871242,-91.27821784
6,15220050,Steeles Branch near Horseshoe Road (Steeles Branch 1),06/30/2014 11:30:00,STLSBRNC,NIT-NO3-NO2,Inorganic nitrogen (nitrate and nitrite) (AS N),Total,,21,mg/l,True,0.1,,,LAC10-107-04-1J,UHL001,Actual,SW,Water,,,Clayton,07060004,River/Stream,,42.66774323,-91.28444356
6,15220047,Pine Creek near Horseshoe Road (Pine Creek 2),06/30/2014 12:03:00,STLSBRNC,NIT-NO3-NO2,Inorganic nitrogen (nitrate and nitrite) (AS N),Total,,8.2,mg/l,True,0.1,,,LAC10-107-04-1J,UHL001,Actual,SW,Water,,,Clayton,07060004,River/Stream,,42.66556336,-91.25165507
6,15220048,Brownfield Creek near Horseshoe Road (Pine Creek 3),06/30/2014 12:20:00,STLSBRNC,NIT-NO3-NO2,Inorganic nitrogen (nitrate and nitrite) (AS N),Total,,11,mg/l,True,0.1,,,LAC10-107-04-1J,UHL001,Actual,SW,Water,,,Clayton,07060004,River/Stream,,42.6580697,-91.24980316
6,15220049,Pine Creek near 400th St. (Pine Creek 4),08/05/2014 11:45:00,STLSBRNC,NIT-NO3-NO2,Inorganic nitrogen (nitrate and nitrite) (AS N),Total,,12,mg/l,True,0.1,,,LAC10-107-04-1J,UHL001,Actual,SW,Water,,,Clayton,07060004,River/Stream,,42.64623736,-91.2241035
6,15220046,Pine Creek near Horseshoe Road (Pine Creek 1),08/05/2014 11:00:00,STLSBRNC,NIT-NO3-NO2,Inorganic nitrogen (nitrate and nitrite) (AS N),Total,,5.7,mg/l,True,0.1,,,LAC10-107-04-1J,UHL001,Actual,SW,Water,,,Clayton,07060004,River/Stream,,42.66871242,-91.27821784
6,15220050,Steeles Branch near Horseshoe Road (Steeles Branch 1),08/05/2014 10:45:00,STLSBRNC,NIT-NO3-NO2,Inorganic nitrogen (nitrate and nitrite) (AS N),Total,,3.7,mg/l,True,0.1,,,LAC10-107-04-1J,UHL001,Actual,SW,Water,,,Clayton,07060004,River/Stream,,42.66774323,-91.28444356
6,15220047,Pine Creek near Horseshoe Road (Pine Creek 2),06/04/2014 11:20:00,STLSBRNC,NIT-NO3-NO2,Inorganic nitrogen (nitrate and nitrite) (AS N),Total,,5.5,mg/l,True,0.1,,,LAC10-107-04-1J,UHL001,Actual,SW,Water,,,Clayton,07060004,River/Stream,,42.66556336,-91.25165507
6,15220048,Brownfield Creek near Horseshoe Road (Pine Creek 3),06/04/2014 11:10:00,STLSBRNC,NIT-NO3-NO2,Inorganic nitrogen (nitrate and nitrite) (AS N),Total,,8.7,mg/l,True,0.1,,,LAC10-107-04-1J,UHL001,Actual,SW,Water,,,Clayton,07060004,River/Stream,,42.6580697,-91.24980316
6,15220049,Pine Creek near 400th St. (Pine Creek 4),06/04/2014 11:45:00,STLSBRNC,NIT-NO3-NO2,Inorganic nitrogen (nitrate and nitrite) (AS N),Total,,14,mg/l,True,0.1,,,LAC10-107-04-1J,UHL001,Actual,SW,Water,,,Clayton,07060004,River/Stream,,42.64623736,-91.2241035
6,15220046,Pine Creek near Horseshoe Road (Pine Creek 1),06/04/2014 10:45:00,STLSBRNC,NIT-NO3-NO2,Inorganic nitrogen (nitrate and nitrite) (AS N),Total,,4.9,mg/l,True,0.1,,,LAC10-107-04-1J,UHL001,Actual,SW,Water,,,Clayton,07060004,River/Stream,,42.66871242,-91.27821784
6,15220050,Steeles Branch near Horseshoe Road (Steeles Branch 1),06/04/2014 10:30:00,STLSBRNC,NIT-NO3-NO2,Inorganic nitrogen (nitrate and nitrite) (AS N),Total,,2.5,mg/l,True,0.1,,,LAC10-107-04-1J,UHL001,Actual,SW,Water,,,Clayton,07060004,River/Stream,,42.66774323,-91.28444356
6,15220047,Pine Creek near Horseshoe Road (Pine Creek 2),08/05/2014 11:30:00,STLSBRNC,NIT-NO3-NO2,Inorganic nitrogen (nitrate and nitrite) (AS N),Total,,6.7,mg/l,True,0.1,,,LAC10-107-04-1J,UHL001,Actual,SW,Water,,,Clayton,07060004,River/Stream,,42.66556336,-91.25165507
6,15220048,Brownfield Creek near Horseshoe Road (Pine Creek 3),08/05/2014 11:15:00,STLSBRNC,NIT-NO3-NO2,Inorganic nitrogen (nitrate and nitrite) (AS N),Total,,9.1,mg/l,True,0.1,,,LAC10-107-04-1J,UHL001,Actual,SW,Water,,,Clayton,07060004,River/Stream,,42.6580697,-91.24980316
6,15220047,Pine Creek near Horseshoe Road (Pine Creek 2),04/09/2014 12:30:00,STLSBRNC,NIT-NO3-NO2,Inorganic nitrogen (nitrate and nitrite) (AS N),Total,,5.2,mg/l,True,0.1,,,LAC10-107-04-1J,UHL001,Actual,SW,Water,,,Clayton,07060004,River/Stream,,42.66556336,-91.25165507
6,15220048,Brownfield Creek near Horseshoe Road (Pine Creek 3),04/09/2014 12:15:00,STLSBRNC,NIT-NO3-NO2,Inorganic nitrogen (nitrate and nitrite) (AS N),Total,,6.6,mg/l,True,0.1,,,LAC10-107-04-1J,UHL001,Actual,SW,Water,,,Clayton,07060004,River/Stream,,42.6580697,-91.24980316
6,15220049,Pine Creek near 400th St. (Pine Creek 4),04/09/2014 12:45:00,STLSBRNC,NIT-NO3-NO2,Inorganic nitrogen (nitrate and nitrite) (AS N),Total,,9.3,mg/l,True,0.1,,,LAC10-107-04-1J,UHL001,Actual,SW,Water,,,Clayton,07060004,River/Stream,,42.64623736,-91.2241035
6,15220046,Pine Creek near Horseshoe Road (Pine Creek 1),04/09/2014 11:40:00,STLSBRNC,NIT-NO3-NO2,Inorganic nitrogen (nitrate and nitrite) (AS N),Total,,4.7,mg/l,True,0.1,,,LAC10-107-04-1J,UHL001,Actual,SW,Water,,,Clayton,07060004,River/Stream,,42.66871242,-91.27821784
6,15220050,Steeles Branch near Horseshoe Road (Steeles Branch 1),04/09/2014 11:00:00,STLSBRNC,NIT-NO3-NO2,Inorganic nitrogen (nitrate and nitrite) (AS N),Total,,4,mg/l,True,0.1,,,LAC10-107-04-1J,UHL001,Actual,SW,Water,,,Clayton,07060004,River/Stream,,42.66774323,-91.28444356
6,15220018,Roberts Creek @ 206th St/B65 (RC02/ROB30),07/17/2001 10:50:00,BSP,NIT-NO3-NO2,Inorganic nitrogen (nitrate and nitrite) (as N),Total,,4.3,mg/l,True,0.1,,,353.2,BSP,Actual,SW,Water,,,Clayton,07060004,River/Stream,,42.9304245,-91.38552335
6,15220018,Roberts Creek @ 206th St/B65 (RC02/ROB30),07/10/2001 10:25:00,BSP,NIT-NO3-NO2,Inorganic nitrogen (nitrate and nitrite) (as N),Total,,6.8,mg/l,True,0.1,,,353.2,BSP,Actual,SW,Water,,,Clayton,07060004,River/Stream,,42.9304245,-91.38552335
6,15220018,Roberts Creek @ 206th St/B65 (RC02/ROB30),06/26/2001 10:45:00,BSP,NIT-NO3-NO2,Inorganic nitrogen (nitrate and nitrite) (as N),Total,,11,mg/l,True,0.1,,,353.2,BSP,Actual,SW,Water,,,Clayton,07060004,River/Stream,,42.9304245,-91.38552335
6,15220034,Unnamed Trib. to Silver Crk. @ Dolphin Ave (SC03),05/01/2013 09:00:00,TURKEYR,NIT-NO3-NO2,Inorganic nitrogen (nitrate and nitrite) (AS N),Total,,7.9,mg/l,True,0.1,,,LAC10-107-04-1J,UHL001,Actual,SW,Water,,,Clayton,07060004,River/Stream,,43.0342002,-91.4587066
6,15220018,Roberts Creek @ 206th St/B65 (RC02/ROB30),01/16/2001 10:55:00,BSP,NIT-NO3-NO2,Inorganic nitrogen (nitrate and nitrite) (as N),Total,,7.4,mg/l,True,0.1,,,353.2,BSP,Actual,SW,Water,,,Clayton,07060004,River/Stream,,42.9304245,-91.38552335
6,15220019,Roberts Creek @ Dalmation Ave (ROB50),05/01/2013 12:50:00,TURKEYR,NIT-NO3-NO2,Inorganic nitrogen (nitrate and nitrite) (AS N),Total,,8.3,mg/l,True,0.1,,,LAC10-107-04-1J,UHL001,Actual,SW,Water,,,Clayton,07060004,River/Stream,,42.95959549,-91.4562996
6,15220045,Turkey River @ Hwy. 13 (TR28),05/01/2013 10:15:00,TURKEYR,NIT-NO3-NO2,Inorganic nitrogen (nitrate and nitrite) (AS N),Total,,11,mg/l,True,0.1,,,LAC10-107-04-1J,UHL001,Actual,SW,Water,,,Clayton,07060004,River/Stream,,42.84321539,-91.40058452
6,15220018,Roberts Creek @ 206th St/B65 (RC02/ROB30),01/23/2001 11:00:00,BSP,NIT-NO3-NO2,Inorganic nitrogen (nitrate and nitrite) (as N),Total,,8.9,mg/l,True,0.1,,,353.2,BSP,Actual,SW,Water,,,Clayton,07060004,River/Stream,,42.9304245,-91.38552335
6,15220018,Roberts Creek @ 206th St/B65 (RC02/ROB30),05/08/2001 11:35:00,BSP,NIT-NO3-NO2,Inorganic nitrogen (nitrate and nitrite) (as N),Total,,15,mg/l,True,0.1,,,353.2,BSP,Actual,SW,Water,,,Clayton,07060004,River/Stream,,42.9304245,-91.38552335
6,15220018,Roberts Creek @ 206th St/B65 (RC02/ROB30),05/29/2001 10:45:00,BSP,NIT-NO3-NO2,Inorganic nitrogen (nitrate and nitrite) (as N),Total,,11,mg/l,True,0.1,,,353.2,BSP,Actual,SW,Water,,,Clayton,07060004,River/Stream,,42.9304245,-91.38552335
6,15220018,Roberts Creek @ 206th St/B65 (RC02/ROB30),06/19/2001 10:55:00,BSP,NIT-NO3-NO2,Inorganic nitrogen (nitrate and nitrite) (as N),Total,,12,mg/l,True,0.1,,,353.2,BSP,Actual,SW,Water,,,Clayton,07060004,River/Stream,,42.9304245,-91.38552335
6,15220018,Roberts Creek @ 206th St/B65 (RC02/ROB30),06/05/2001 10:55:00,BSP,NIT-NO3-NO2,Inorganic nitrogen (nitrate and nitrite) (as N),Total,,9.7,mg/l,True,0.1,,,353.2,BSP,Actual,SW,Water,,,Clayton,07060004,River/Stream,,42.9304245,-91.38552335
6,15220015,Little Turkey River @ Highway 52 (LIT10),05/01/2013 12:30:00,TURKEYR,NIT-NO3-NO2,Inorganic nitrogen (nitrate and nitrite) (AS N),Total,,3.7,mg/l,True,0.1,,,LAC10-107-04-1J,UHL001,Actual,SW,Water,,,Clayton,07060004,River/Stream,,42.6987021,-91.07371173
6,15220016,Mink Creek @ Aztec Road (MIN10),05/01/2013 08:40:00,TURKEYR,NIT-NO3-NO2,Inorganic nitrogen (nitrate and nitrite) (AS N),Total,,4.1,mg/l,True,0.1,,,LAC10-107-04-1J,UHL001,Actual,SW,Water,,,Clayton,07060004,River/Stream,,42.8441202,-91.59732742
6,15220011,Dry Mill Creek @ Grape Rd (DMI10),05/01/2013 09:55:00,TURKEYR,NIT-NO3-NO2,Inorganic nitrogen (nitrate and nitrite) (AS N),Total,,12,mg/l,True,0.1,,,LAC10-107-04-1J,UHL001,Actual,SW,Water,,,Clayton,07060004,River/Stream,,42.84327492,-91.36969617
6,15220014,Howard Creek @ Mouth (HOW10),05/01/2013 13:05:00,TURKEYR,NIT-NO3-NO2,Inorganic nitrogen (nitrate and nitrite) (AS N),Total,,9.3,mg/l,True,0.1,,,LAC10-107-04-1J,UHL001,Actual,SW,Water,,,Clayton,07060004,River/Stream,,42.9300546,-91.38292282
6,15220009,South Cedar Creek @ Lower Cedar Rd (CED10),05/01/2013 13:30:00,TURKEYR,NIT-NO3-NO2,Inorganic nitrogen (nitrate and nitrite) (AS N),Total,,5.3,mg/l,True,0.1,,,LAC10-107-04-1J,UHL001,Actual,SW,Water,,,Clayton,07060004,River/Stream,,42.74424922,-91.21535774
6,15220010,Cox Creek @ Highway 13 (COX20),05/01/2013 07:00:00,TURKEYR,NIT-NO3-NO2,Inorganic nitrogen (nitrate and nitrite) (AS N),Total,,4.8,mg/l,True,0.1,,,LAC10-107-04-1J,UHL001,Actual,SW,Water,,,Clayton,07060004,River/Stream,,42.76688423,-91.46209679
6,15220015,Little Turkey River @ Highway 52 (LIT10),04/10/2013 10:15:00,TURKEYR,NIT-NO3-NO2,Inorganic nitrogen (nitrate and nitrite) (AS N),Total,,5,mg/l,True,0.1,,,LAC10-107-04-1J,UHL001,Actual,SW,Water,,,Clayton,07060004,River/Stream,,42.6987021,-91.07371173
6,15220016,Mink Creek @ Aztec Road (MIN10),04/10/2013 08:40:00,TURKEYR,NIT-NO3-NO2,Inorganic nitrogen (nitrate and nitrite) (AS N),Total,,3.6,mg/l,True,0.1,,,LAC10-107-04-1J,UHL001,Actual,SW,Water,,,Clayton,07060004,River/Stream,,42.8441202,-91.59732742
6,15220011,Dry Mill Creek @ Grape Rd (DMI10),04/10/2013 11:40:00,TURKEYR,NIT-NO3-NO2,Inorganic nitrogen (nitrate and nitrite) (AS N),Total,,9.8,mg/l,True,0.1,,,LAC10-107-04-1J,UHL001,Actual,SW,Water,,,Clayton,07060004,River/Stream,,42.84327492,-91.36969617
6,15220012,Elk Creek @ Colesburg Rd/X3C (ELK10),04/10/2013 10:45:00,TURKEYR,NIT-NO3-NO2,Inorganic nitrogen (nitrate and nitrite) (AS N),Total,,4,mg/l,True,0.1,,,LAC10-107-04-1J,UHL001,Actual,SW,Water,,,Clayton,07060004,River/Stream,,42.73331715,-91.28009598
6,15220045,Turkey River @ Hwy. 13 (TR28),11/06/2013 09:58:00,TURKEYR,NIT-NO3-NO2,Inorganic nitrogen (nitrate and nitrite) (AS N),Total,,6.8,mg/l,True,0.1,,,LAC10-107-04-1J,UHL001,Actual,SW,Water,,,Clayton,07060004,River/Stream,,42.84321539,-91.40058452
6,15220010,Cox Creek @ Highway 13 (COX20),04/10/2013 07:15:00,TURKEYR,NIT-NO3-NO2,Inorganic nitrogen (nitrate and nitrite) (AS N),Total,,3.2,mg/l,True,0.1,,,LAC10-107-04-1J,UHL001,Actual,SW,Water,,,Clayton,07060004,River/Stream,,42.76688423,-91.46209679
6,15220019,Roberts Creek @ Dalmation Ave (ROB50),11/06/2013 09:17:00,TURKEYR,NIT-NO3-NO2,Inorganic nitrogen (nitrate and nitrite) (AS N),Total,,0.1,mg/l,False,0.1,,,LAC10-107-04-1J,UHL001,Actual,SW,Water,,,Clayton,07060004,River/Stream,,42.95959549,-91.4562996
6,15220020,Turkey River @ Highway 52 (TR10),11/06/2013 10:20:00,TURKEYR,NIT-NO3-NO2,Inorganic nitrogen (nitrate and nitrite) (AS N),Total,,5,mg/l,True,0.1,,,LAC10-107-04-1J,UHL001,Actual,SW,Water,,,Clayton,07060004,River/Stream,,42.70781335,-91.0757377
6,15220017,Roberts Creek @ Grape Rd (ROB10),11/06/2013 10:26:00,TURKEYR,NIT-NO3-NO2,Inorganic nitrogen (nitrate and nitrite) (AS N),Total,,0.1,mg/l,False,0.1,,,LAC10-107-04-1J,UHL001,Actual,SW,Water,,,Clayton,07060004,River/Stream,,42.83952465,-91.37446914
6,15220014,Howard Creek @ Mouth (HOW10),11/06/2013 09:35:00,TURKEYR,NIT-NO3-NO2,Inorganic nitrogen (nitrate and nitrite) (AS N),Total,,5.6,mg/l,True,0.1,,,LAC10-107-04-1J,UHL001,Actual,SW,Water,,,Clayton,07060004,River/Stream,,42.9300546,-91.38292282
6,15220015,Little Turkey River @ Highway 52 (LIT10),11/06/2013 10:45:00,TURKEYR,NIT-NO3-NO2,Inorganic nitrogen (nitrate and nitrite) (AS N),Total,,3.1,mg/l,True,0.1,,,LAC10-107-04-1J,UHL001,Actual,SW,Water,,,Clayton,07060004,River/Stream,,42.6987021,-91.07371173
6,15220009,South Cedar Creek @ Lower Cedar Rd (CED10),11/06/2013 11:20:00,TURKEYR,NIT-NO3-NO2,Inorganic nitrogen (nitrate and nitrite) (AS N),Total,,2.5,mg/l,True,0.1,,,LAC10-107-04-1J,UHL001,Actual,SW,Water,,,Clayton,07060004,River/Stream,,42.74424922,-91.21535774
6,15220013,Hewett Creek @ Crystal Road (HEW20),11/06/2013 08:00:00,TURKEYR,NIT-NO3-NO2,Inorganic nitrogen (nitrate and nitrite) (AS N),Total,,4.3,mg/l,True,0.1,,,LAC10-107-04-1J,UHL001,Actual,SW,Water,,,Clayton,07060004,River/Stream,,42.78586318,-91.51847775
6,15220016,Mink Creek @ Aztec Road (MIN10),10/16/2013 08:00:00,TURKEYR,NIT-NO3-NO2,Inorganic nitrogen (nitrate and nitrite) (AS N),Total,,5.2,mg/l,True,0.1,,,LAC10-107-04-1J,UHL001,Actual,SW,Water,,,Clayton,07060004,River/Stream,,42.8441202,-91.59732742
6,15220051,Unnamed Creek at 125th St (UNS25),11/06/2013 09:10:00,TURKEYR,NIT-NO3-NO2,Inorganic nitrogen (nitrate and nitrite) (AS N),Total,,7,mg/l,True,0.1,,,LAC10-107-04-1J,UHL001,Actual,SW,Water,,,Clayton,07060004,River/Stream,,43.04444686,-91.43104301
6,15220018,Roberts Creek @ 206th St/B65 (RC02/ROB30),07/04/2000 11:10:00,BSP,NIT-NO3-NO2,Inorganic nitrogen (nitrate and nitrite) (as N),Total,,9.2,mg/l,True,0.1,,,353.2,BSP,Actual,SW,Water,,,Clayton,07060004,River/Stream,,42.9304245,-91.38552335
6,15220018,Roberts Creek @ 206th St/B65 (RC02/ROB30),06/20/2000 10:40:00,BSP,NIT-NO3-NO2,Inorganic nitrogen (nitrate and nitrite) (as N),Total,,14,mg/l,True,0.1,,,353.2,BSP,Actual,SW,Water,,,Clayton,07060004,River/Stream,,42.9304245,-91.38552335
6,15220018,Roberts Creek @ 206th St/B65 (RC02/ROB30),06/13/2000 11:40:00,BSP,NIT-NO3-NO2,Inorganic nitrogen (nitrate and nitrite) (as N),Total,,14,mg/l,True,0.1,,,353.2,BSP,Actual,SW,Water,,,Clayton,07060004,River/Stream,,42.9304245,-91.38552335
6,15220018,Roberts Creek @ 206th St/B65 (RC02/ROB30),07/11/2000 10:50:00,BSP,NIT-NO3-NO2,Inorganic nitrogen (nitrate and nitrite) (as N),Total,,12,mg/l,True,0.1,,,353.2,BSP,Actual,SW,Water,,,Clayton,07060004,River/Stream,,42.9304245,-91.38552335
6,15220018,Roberts Creek @ 206th St/B65 (RC02/ROB30),07/25/2000 10:50:00,BSP,NIT-NO3-NO2,Inorganic nitrogen (nitrate and nitrite) (as N),Total,,9.9,mg/l,True,0.1,,,353.2,BSP,Actual,SW,Water,,,Clayton,07060004,River/Stream,,42.9304245,-91.38552335
6,15220018,Roberts Creek @ 206th St/B65 (RC02/ROB30),05/09/2000 11:25:00,BSP,NIT-NO3-NO2,Inorganic nitrogen (nitrate and nitrite) (as N),Total,,1.5,mg/l,True,0.1,,,353.2,BSP,Actual,SW,Water,,,Clayton,07060004,River/Stream,,42.9304245,-91.38552335
6,15220018,Roberts Creek @ 206th St/B65 (RC02/ROB30),05/23/2000 11:00:00,BSP,NIT-NO3-NO2,Inorganic nitrogen (nitrate and nitrite) (as N),Total,,14,mg/l,True,0.1,,,353.2,BSP,Actual,SW,Water,,,Clayton,07060004,River/Stream,,42.9304245,-91.38552335
6,15220018,Roberts Creek @ 206th St/B65 (RC02/ROB30),05/30/2000 11:50:00,BSP,NIT-NO3-NO2,Inorganic nitrogen (nitrate and nitrite) (as N),Total,,13,mg/l,True,0.1,,,353.2,BSP,Actual,SW,Water,,,Clayton,07060004,River/Stream,,42.9304245,-91.38552335
6,15220018,Roberts Creek @ 206th St/B65 (RC02/ROB30),10/03/2000 11:00:00,BSP,NIT-NO3-NO2,Inorganic nitrogen (nitrate and nitrite) (as N),Total,,4.7,mg/l,True,0.1,,,353.2,BSP,Actual,SW,Water,,,Clayton,07060004,River/Stream,,42.9304245,-91.38552335
6,15220018,Roberts Creek @ 206th St/B65 (RC02/ROB30),08/01/2000 12:10:00,BSP,NIT-NO3-NO2,Inorganic nitrogen (nitrate and nitrite) (as N),Total,,8.1,mg/l,True,0.1,,,353.2,BSP,Actual,SW,Water,,,Clayton,07060004,River/Stream,,42.9304245,-91.38552335
6,15220018,Roberts Creek @ 206th St/B65 (RC02/ROB30),10/24/2000 11:45:00,BSP,NIT-NO3-NO2,Inorganic nitrogen (nitrate and nitrite) (as N),Total,,3.3,mg/l,True,0.1,,,353.2,BSP,Actual,SW,Water,,,Clayton,07060004,River/Stream,,42.9304245,-91.38552335
6,15220018,Roberts Creek @ 206th St/B65 (RC02/ROB30),10/31/2000 11:10:00,BSP,NIT-NO3-NO2,Inorganic nitrogen (nitrate and nitrite) (as N),Total,,3.3,mg/l,True,0.1,,,353.2,BSP,Actual,SW,Water,,,Clayton,07060004,River/Stream,,42.9304245,-91.38552335
6,15220018,Roberts Creek @ 206th St/B65 (RC02/ROB30),11/14/2000 11:00:00,BSP,NIT-NO3-NO2,Inorganic nitrogen (nitrate and nitrite) (as N),Total,,9.8,mg/l,True,0.1,,,353.2,BSP,Actual,SW,Water,,,Clayton,07060004,River/Stream,,42.9304245,-91.38552335
6,15220018,Roberts Creek @ 206th St/B65 (RC02/ROB30),11/21/2000 11:25:00,BSP,NIT-NO3-NO2,Inorganic nitrogen (nitrate and nitrite) (as N),Total,,9.1,mg/l,True,0.1,,,353.2,BSP,Actual,SW,Water,,,Clayton,07060004,River/Stream,,42.9304245,-91.38552335
6,15220018,Roberts Creek @ 206th St/B65 (RC02/ROB30),12/05/2000 10:55:00,BSP,NIT-NO3-NO2,Inorganic nitrogen (nitrate and nitrite) (as N),Total,,8,mg/l,True,0.1,,,353.2,BSP,Actual,SW,Water,,,Clayton,07060004,River/Stream,,42.9304245,-91.38552335
6,15220018,Roberts Creek @ 206th St/B65 (RC02/ROB30),12/12/2000 11:10:00,BSP,NIT-NO3-NO2,Inorganic nitrogen (nitrate and nitrite) (as N),Total,,9.4,mg/l,True,0.1,,,353.2,BSP,Actual,SW,Water,,,Clayton,07060004,River/Stream,,42.9304245,-91.38552335
6,15220018,Roberts Creek @ 206th St/B65 (RC02/ROB30),12/26/2000 08:30:00,BSP,NIT-NO3-NO2,Inorganic nitrogen (nitrate and nitrite) (as N),Total,,8.5,mg/l,True,0.1,,,353.2,BSP,Actual,SW,Water,,,Clayton,07060004,River/Stream,,42.9304245,-91.38552335
6,15220018,Roberts Creek @ 206th St/B65 (RC02/ROB30),01/02/2001 11:10:00,BSP,NIT-NO3-NO2,Inorganic nitrogen (nitrate and nitrite) (as N),Total,,8.2,mg/l,True,0.1,,,353.2,BSP,Actual,SW,Water,,,Clayton,07060004,River/Stream,,42.9304245,-91.38552335
6,15220018,Roberts Creek @ 206th St/B65 (RC02/ROB30),02/13/2001 11:40:00,BSP,NIT-NO3-NO2,Inorganic nitrogen (nitrate and nitrite) (as N),Total,,7.7,mg/l,True,0.1,,,353.2,BSP,Actual,SW,Water,,,Clayton,07060004,River/Stream,,42.9304245,-91.38552335
6,15220018,Roberts Creek @ 206th St/B65 (RC02/ROB30),03/06/2001 11:00:00,BSP,NIT-NO3-NO2,Inorganic nitrogen (nitrate and nitrite) (as N),Total,,7.5,mg/l,True,0.1,,,353.2,BSP,Actual,SW,Water,,,Clayton,07060004,River/Stream,,42.9304245,-91.38552335
6,15220018,Roberts Creek @ 206th St/B65 (RC02/ROB30),03/27/2001 11:05:00,BSP,NIT-NO3-NO2,Inorganic nitrogen (nitrate and nitrite) (as N),Total,,15,mg/l,True,0.1,,,353.2,BSP,Actual,SW,Water,,,Clayton,07060004,River/Stream,,42.9304245,-91.38552335
6,15220018,Roberts Creek @ 206th St/B65 (RC02/ROB30),04/17/2001 11:20:00,BSP,NIT-NO3-NO2,Inorganic nitrogen (nitrate and nitrite) (as N),Total,,15,mg/l,True,0.1,,,353.2,BSP,Actual,SW,Water,,,Clayton,07060004,River/Stream,,42.9304245,-91.38552335
6,15220018,Roberts Creek @ 206th St/B65 (RC02/ROB30),08/07/2001 10:30:00,BSP,NIT-NO3-NO2,Inorganic nitrogen (nitrate and nitrite) (as N),Total,,3.2,mg/l,True,0.1,,,353.2,BSP,Actual,SW,Water,,,Clayton,07060004,River/Stream,,42.9304245,-91.38552335
6,15220018,Roberts Creek @ 206th St/B65 (RC02/ROB30),08/21/2001 10:25:00,BSP,NIT-NO3-NO2,Inorganic nitrogen (nitrate and nitrite) (as N),Total,,4.1,mg/l,True,0.1,,,353.2,BSP,Actual,SW,Water,,,Clayton,07060004,River/Stream,,42.9304245,-91.38552335
6,15220018,Roberts Creek @ 206th St/B65 (RC02/ROB30),07/31/2001 12:10:00,BSP,NIT-NO3-NO2,Inorganic nitrogen (nitrate and nitrite) (as N),Total,,3,mg/l,True,0.1,,,353.2,BSP,Actual,SW,Water,,,Clayton,07060004,River/Stream,,42.9304245,-91.38552335
6,15220018,Roberts Creek @ 206th St/B65 (RC02/ROB30),09/18/2001 10:20:00,BSP,NIT-NO3-NO2,Inorganic nitrogen (nitrate and nitrite) (as N),Total,,4.4,mg/l,True,0.1,,,353.2,BSP,Actual,SW,Water,,,Clayton,07060004,River/Stream,,42.9304245,-91.38552335
6,15220018,Roberts Creek @ 206th St/B65 (RC02/ROB30),08/28/2001 11:45:00,BSP,NIT-NO3-NO2,Inorganic nitrogen (nitrate and nitrite) (as N),Total,,2.9,mg/l,True,0.1,,,353.2,BSP,Actual,SW,Water,,,Clayton,07060004,River/Stream,,42.9304245,-91.38552335
6,15220046,Pine Creek near Horseshoe Road (Pine Creek 1),05/31/2012 15:00:00,STLSBRNC,NIT-NO3-NO2,Inorganic nitrogen (nitrate and nitrite) (as N),Total,,5.8,mg/l,True,0.1,,,LAC10-107-04-1J,IGS-GRAB,Actual,SW,Water,,,Clayton,07060004,River/Stream,,42.66871242,-91.27821784
6,15220046,Pine Creek near Horseshoe Road (Pine Creek 1),07/31/2012 10:15:00,STLSBRNC,NIT-NO3-NO2,Inorganic nitrogen (nitrate and nitrite) (as N),Total,,4.3,mg/l,True,0.1,,,LAC10-107-04-1J,IGS-GRAB,Actual,SW,Water,,,Clayton,07060004,River/Stream,,42.66871242,-91.27821784
6,15220046,Pine Creek near Horseshoe Road (Pine Creek 1),09/12/2012 10:30:00,STLSBRNC,NIT-NO3-NO2,Inorganic nitrogen (nitrate and nitrite) (as N),Total,,4.4,mg/l,True,0.1,,,LAC10-107-04-1J,IGS-GRAB,Actual,SW,Water,,,Clayton,07060004,River/Stream,,42.66871242,-91.27821784
6,15220018,Roberts Creek @ 206th St/B65 (RC02/ROB30),07/28/1998 15:10:00,BSP,NIT-NO3-NO2,Inorganic nitrogen (nitrate and nitrite) (as N),Total,,9,mg/l,True,0.1,,,353.2,BSP,Actual,SW,Water,,,Clayton,07060004,River/Stream,,42.9304245,-91.38552335
6,15220033,Silver Creek @ 155th St (SC01),07/28/1998 10:15:00,BSP,NIT-NO3-NO2,Inorganic nitrogen (nitrate and nitrite) (as N),Total,,11.7,mg/l,True,0.2,,,353.2,BSP,Calculated,SW,Water,,Originally reported as Nitrate + Nitrite as NO3.,Clayton,07060004,River/Stream,,43.0006333,-91.4484974
6,15220034,Unnamed Trib. to Silver Crk. @ Dolphin Ave (SC03),07/28/1998 10:25:00,BSP,NIT-NO3-NO2,Inorganic nitrogen (nitrate and nitrite) (as N),Total,,2.3,mg/l,True,0.2,,,353.2,BSP,Calculated,SW,Water,,Originally reported as Nitrate + Nitrite as NO3.,Clayton,07060004,River/Stream,,43.0342002,-91.4587066
6,15220035,Silver Creek @ 145th St (SC05),07/28/1998 10:20:00,BSP,NIT-NO3-NO2,Inorganic nitrogen (nitrate and nitrite) (as N),Total,,12.2,mg/l,True,0.2,,,353.2,BSP,Calculated,SW,Water,,Originally reported as Nitrate + Nitrite as NO3.,Clayton,07060004,River/Stream,,43.0136712,-91.4626953
6,15220026,Howard Creek @ Co. Rd. X28 (HC01),07/28/1998 15:00:00,BSP,NIT-NO3-NO2,Inorganic nitrogen (nitrate and nitrite) (as N),Total,,13.3,mg/l,True,0.2,,,353.2,BSP,Calculated,SW,Water,,Originally reported as Nitrate + Nitrite as NO3.,Clayton,07060004,River/Stream,,42.9622643,-91.3693639
6,15220036,Turkey River @ Big Spring (TR01),08/11/1998 10:45:00,BSP,NIT-NO3-NO2,Inorganic nitrogen (nitrate and nitrite) (as N),Total,,4.7,mg/l,True,0.2,,,353.2,BSP,Calculated,SW,Water,,Originally reported as Nitrate + Nitrite as NO3.,Clayton,07060004,River/Stream,,42.9095476,-91.4709184
6,15220040,L22T,08/18/1998 10:55:00,BSP,NIT-NO3-NO2,Inorganic nitrogen (nitrate and nitrite) (as N),Total,,14.4,mg/l,True,0.2,,,353.2,BSP,Calculated,GW,Water,,Originally reported as Nitrate + Nitrite as NO3.,Clayton,07060004,Facility Other,,43.0217187,-91.4893474
6,15220028,Silver Creek @ Dogwood Ave (L23S),07/14/1998 10:40:00,BSP,NIT-NO3-NO2,Inorganic nitrogen (nitrate and nitrite) (as N),Total,,14,mg/l,True,0.1,,,353.2,BSP,Actual,SW,Water,,,Clayton,07060004,River/Stream,,43.0217763,-91.4894189
6,15220036,Turkey River @ Big Spring (TR01),07/14/1998 09:40:00,BSP,NIT-NO3-NO2,Inorganic nitrogen (nitrate and nitrite) (as N),Total,,9,mg/l,True,0.2,,,353.2,BSP,Calculated,SW,Water,,Originally reported as Nitrate + Nitrite as NO3.,Clayton,07060004,River/Stream,,42.9095476,-91.4709184
6,15220040,L22T,07/21/1998 11:00:00,BSP,NIT-NO3-NO2,Inorganic nitrogen (nitrate and nitrite) (as N),Total,,15.1,mg/l,True,0.2,,,353.2,BSP,Calculated,GW,Water,,Originally reported as Nitrate + Nitrite as NO3.,Clayton,07060004,Facility Other,,43.0217187,-91.4893474
6,15220018,Roberts Creek @ 206th St/B65 (RC02/ROB30),07/14/1998 14:10:00,BSP,NIT-NO3-NO2,Inorganic nitrogen (nitrate and nitrite) (as N),Total,,12,mg/l,True,0.1,,,353.2,BSP,Actual,SW,Water,,,Clayton,07060004,River/Stream,,42.9304245,-91.38552335
6,15220018,Roberts Creek @ 206th St/B65 (RC02/ROB30),06/16/1998 14:05:00,BSP,NIT-NO3-NO2,Inorganic nitrogen (nitrate and nitrite) (as N),Total,,15,mg/l,True,0.1,,,353.2,BSP,Actual,SW,Water,,,Clayton,07060004,River/Stream,,42.9304245,-91.38552335
6,15220040,L22T,06/30/1998 11:15:00,BSP,NIT-NO3-NO2,Inorganic nitrogen (nitrate and nitrite) (as N),Total,,20.8,mg/l,True,0.2,,,353.2,BSP,Calculated,GW,Water,,Originally reported as Nitrate + Nitrite as NO3.,Clayton,07060004,Facility Other,,43.0217187,-91.4893474
6,15220028,Silver Creek @ Dogwood Ave (L23S),06/30/1998 11:10:00,BSP,NIT-NO3-NO2,Inorganic nitrogen (nitrate and nitrite) (as N),Total,,18,mg/l,True,0.1,,,353.2,BSP,Actual,SW,Water,,,Clayton,07060004,River/Stream,,43.0217763,-91.4894189
6,15220031,Unnamed Trib. to Roberts Crk. @ Aspen Ave (RC13),06/30/1998 11:50:00,BSP,NIT-NO3-NO2,Inorganic nitrogen (nitrate and nitrite) (as N),Total,,12.6,mg/l,True,0.2,,,353.2,BSP,Calculated,SW,Water,,Originally reported as Nitrate + Nitrite as NO3.,Clayton,07060004,River/Stream,,43.0574767,-91.5781539
6,15220030,Roberts Creek @ 130th St (RC11),06/30/1998 11:40:00,BSP,NIT-NO3-NO2,Inorganic nitrogen (nitrate and nitrite) (as N),Total,,13.5,mg/l,True,0.2,,,353.2,BSP,Calculated,SW,Water,,Originally reported as Nitrate + Nitrite as NO3.,Clayton,07060004,River/Stream,,43.0365499,-91.537903
6,15220029,Roberts Creek @ 145th St (RC10),06/30/1998 11:35:00,BSP,NIT-NO3-NO2,Inorganic nitrogen (nitrate and nitrite) (as N),Total,,12.6,mg/l,True,0.2,,,353.2,BSP,Calculated,SW,Water,,Originally reported as Nitrate + Nitrite as NO3.,Clayton,07060004,River/Stream,,43.0159151,-91.512025
6,15220024,Roberts Creek @ 172nd St (F45),06/30/1998 10:25:00,BSP,NIT-NO3-NO2,Inorganic nitrogen (nitrate and nitrite) (as N),Total,,13.5,mg/l,True,0.2,,,353.2,BSP,Calculated,SW,Water,,Originally reported as Nitrate + Nitrite as NO3.,Clayton,07060004,River/Stream,,42.9750265,-91.4830196
6,15220025,Roberts Creek @ Essex Ave (F47),06/30/1998 15:50:00,BSP,NIT-NO3-NO2,Inorganic nitrogen (nitrate and nitrite) (as N),Total,,14.7,mg/l,True,0.2,,,353.2,BSP,Calculated,SW,Water,,Originally reported as Nitrate + Nitrite as NO3.,Clayton,07060004,River/Stream,,42.9590908,-91.4195205
6,15220040,L22T,07/14/1998 10:50:00,BSP,NIT-NO3-NO2,Inorganic nitrogen (nitrate and nitrite) (as N),Total,,17.8,mg/l,True,0.2,,,353.2,BSP,Calculated,GW,Water,,Originally reported as Nitrate + Nitrite as NO3.,Clayton,07060004,Facility Other,,43.0217187,-91.4893474
6,15220036,Turkey River @ Big Spring (TR01),06/30/1998 09:25:00,BSP,NIT-NO3-NO2,Inorganic nitrogen (nitrate and nitrite) (as N),Total,,4.6,mg/l,True,0.1,,,353.2,BSP,Actual,SW,Water,,,Clayton,07060004,River/Stream,,42.9095476,-91.4709184
6,15220036,Turkey River @ Big Spring (TR01),06/30/1998 09:25:00,BSP,NIT-NO3-NO2,Inorganic nitrogen (nitrate and nitrite) (as N),Total,,4.5,mg/l,True,0.2,,,353.2,BSP,Calculated,SW,Water,,Originally reported as Nitrate + Nitrite as NO3.,Clayton,07060004,River/Stream,,42.9095476,-91.4709184
6,15220027,Unnamed Trib. to Turkey R. @ Big Spring Rd. (HS03),06/30/1998 09:15:00,BSP,NIT-NO3-NO2,Inorganic nitrogen (nitrate and nitrite) (as N),Total,,11.7,mg/l,True,0.2,,,353.2,BSP,Calculated,SW,Water,,Originally reported as Nitrate + Nitrite as NO3.,Clayton,07060004,River/Stream,,42.9268507,-91.4687552
6,15220028,Silver Creek @ Dogwood Ave (L23S),06/16/1998 10:40:00,BSP,NIT-NO3-NO2,Inorganic nitrogen (nitrate and nitrite) (as N),Total,,16,mg/l,True,0.1,,,353.2,BSP,Actual,SW,Water,,,Clayton,07060004,River/Stream,,43.0217763,-91.4894189
6,15220018,Roberts Creek @ 206th St/B65 (RC02/ROB30),06/09/1998 14:20:00,BSP,NIT-NO3-NO2,Inorganic nitrogen (nitrate and nitrite) (as N),Total,,8.4,mg/l,True,0.1,,,353.2,BSP,Actual,SW,Water,,,Clayton,07060004,River/Stream,,42.9304245,-91.38552335
6,15220018,Roberts Creek @ 206th St/B65 (RC02/ROB30),08/18/1998 13:45:00,BSP,NIT-NO3-NO2,Inorganic nitrogen (nitrate and nitrite) (as N),Total,,7.2,mg/l,True,0.1,,,353.2,BSP,Actual,SW,Water,,,Clayton,07060004,River/Stream,,42.9304245,-91.38552335
6,15220036,Turkey River @ Big Spring (TR01),08/18/1998 10:10:00,BSP,NIT-NO3-NO2,Inorganic nitrogen (nitrate and nitrite) (as N),Total,,4.5,mg/l,True,0.2,,,353.2,BSP,Calculated,SW,Water,,Originally reported as Nitrate + Nitrite as NO3.,Clayton,07060004,River/Stream,,42.9095476,-91.4709184
6,15220018,Roberts Creek @ 206th St/B65 (RC02/ROB30),08/25/1998 15:00:00,BSP,NIT-NO3-NO2,Inorganic nitrogen (nitrate and nitrite) (as N),Total,,7,mg/l,True,0.1,,,353.2,BSP,Actual,SW,Water,,,Clayton,07060004,River/Stream,,42.9304245,-91.38552335
6,15220033,Silver Creek @ 155th St (SC01),08/25/1998 10:20:00,BSP,NIT-NO3-NO2,Inorganic nitrogen (nitrate and nitrite) (as N),Total,,9.5,mg/l,True,0.2,,,353.2,BSP,Calculated,SW,Water,,Originally reported as Nitrate + Nitrite as NO3.,Clayton,07060004,River/Stream,,43.0006333,-91.4484974
6,15220034,Unnamed Trib. to Silver Crk. @ Dolphin Ave (SC03),08/25/1998 10:30:00,BSP,NIT-NO3-NO2,Inorganic nitrogen (nitrate and nitrite) (as N),Total,,8.4,mg/l,True,0.2,,,353.2,BSP,Calculated,SW,Water,,Originally reported as Nitrate + Nitrite as NO3.,Clayton,07060004,River/Stream,,43.0342002,-91.4587066
6,15220035,Silver Creek @ 145th St (SC05),08/25/1998 10:25:00,BSP,NIT-NO3-NO2,Inorganic nitrogen (nitrate and nitrite) (as N),Total,,10.2,mg/l,True,0.2,,,353.2,BSP,Calculated,SW,Water,,Originally reported as Nitrate + Nitrite as NO3.,Clayton,07060004,River/Stream,,43.0136712,-91.4626953
6,15220026,Howard Creek @ Co. Rd. X28 (HC01),08/25/1998 14:55:00,BSP,NIT-NO3-NO2,Inorganic nitrogen (nitrate and nitrite) (as N),Total,,12.4,mg/l,True,0.2,,,353.2,BSP,Calculated,SW,Water,,Originally reported as Nitrate + Nitrite as NO3.,Clayton,07060004,River/Stream,,42.9622643,-91.3693639
6,15220040,L22T,09/01/1998 10:35:00,BSP,NIT-NO3-NO2,Inorganic nitrogen (nitrate and nitrite) (as N),Total,,14.9,mg/l,True,0.2,,,353.2,BSP,Calculated,GW,Water,,Originally reported as Nitrate + Nitrite as NO3.,Clayton,07060004,Facility Other,,43.0217187,-91.4893474
6,15220028,Silver Creek @ Dogwood Ave (L23S),08/18/1998 10:50:00,BSP,NIT-NO3-NO2,Inorganic nitrogen (nitrate and nitrite) (as N),Total,,10,mg/l,True,0.1,,,353.2,BSP,Actual,SW,Water,,,Clayton,07060004,River/Stream,,43.0217763,-91.4894189
6,15220028,Silver Creek @ Dogwood Ave (L23S),07/21/1998 10:50:00,BSP,NIT-NO3-NO2,Inorganic nitrogen (nitrate and nitrite) (as N),Total,,13,mg/l,True,0.1,,,353.2,BSP,Actual,SW,Water,,,Clayton,07060004,River/Stream,,43.0217763,-91.4894189
6,15220018,Roberts Creek @ 206th St/B65 (RC02/ROB30),07/21/1998 14:05:00,BSP,NIT-NO3-NO2,Inorganic nitrogen (nitrate and nitrite) (as N),Total,,9.9,mg/l,True,0.1,,,353.2,BSP,Actual,SW,Water,,,Clayton,07060004,River/Stream,,42.9304245,-91.38552335
6,15220031,Unnamed Trib. to Roberts Crk. @ Aspen Ave (RC13),07/28/1998 11:20:00,BSP,NIT-NO3-NO2,Inorganic nitrogen (nitrate and nitrite) (as N),Total,,7,mg/l,True,0.2,,,353.2,BSP,Calculated,SW,Water,,Originally reported as Nitrate + Nitrite as NO3.,Clayton,07060004,River/Stream,,43.0574767,-91.5781539
6,15220030,Roberts Creek @ 130th St (RC11),07/28/1998 11:15:00,BSP,NIT-NO3-NO2,Inorganic nitrogen (nitrate and nitrite) (as N),Total,,9.5,mg/l,True,0.2,,,353.2,BSP,Calculated,SW,Water,,Originally reported as Nitrate + Nitrite as NO3.,Clayton,07060004,River/Stream,,43.0365499,-91.537903
6,15220029,Roberts Creek @ 145th St (RC10),07/28/1998 11:10:00,BSP,NIT-NO3-NO2,Inorganic nitrogen (nitrate and nitrite) (as N),Total,,9,mg/l,True,0.2,,,353.2,BSP,Calculated,SW,Water,,Originally reported as Nitrate + Nitrite as NO3.,Clayton,07060004,River/Stream,,43.0159151,-91.512025
6,15220024,Roberts Creek @ 172nd St (F45),07/28/1998 10:05:00,BSP,NIT-NO3-NO2,Inorganic nitrogen (nitrate and nitrite) (as N),Total,,9.9,mg/l,True,0.2,,,353.2,BSP,Calculated,SW,Water,,Originally reported as Nitrate + Nitrite as NO3.,Clayton,07060004,River/Stream,,42.9750265,-91.4830196
6,15220025,Roberts Creek @ Essex Ave (F47),07/28/1998 15:20:00,BSP,NIT-NO3-NO2,Inorganic nitrogen (nitrate and nitrite) (as N),Total,,9.3,mg/l,True,0.2,,,353.2,BSP,Calculated,SW,Water,,Originally reported as Nitrate + Nitrite as NO3.,Clayton,07060004,River/Stream,,42.9590908,-91.4195205
6,15220028,Silver Creek @ Dogwood Ave (L23S),09/22/1998 10:25:00,BSP,NIT-NO3-NO2,Inorganic nitrogen (nitrate and nitrite) (as N),Total,,9.8,mg/l,True,0.1,,,353.2,BSP,Actual,SW,Water,,,Clayton,07060004,River/Stream,,43.0217763,-91.4894189
6,15220028,Silver Creek @ Dogwood Ave (L23S),09/01/1998 10:30:00,BSP,NIT-NO3-NO2,Inorganic nitrogen (nitrate and nitrite) (as N),Total,,9.5,mg/l,True,0.1,,,353.2,BSP,Actual,SW,Water,,,Clayton,07060004,River/Stream,,43.0217763,-91.4894189
6,15220018,Roberts Creek @ 206th St/B65 (RC02/ROB30),09/01/1998 14:10:00,BSP,NIT-NO3-NO2,Inorganic nitrogen (nitrate and nitrite) (as N),Total,,5.7,mg/l,True,0.1,,,353.2,BSP,Actual,SW,Water,,,Clayton,07060004,River/Stream,,42.9304245,-91.38552335
6,15220036,Turkey River @ Big Spring (TR01),09/01/1998 09:50:00,BSP,NIT-NO3-NO2,Inorganic nitrogen (nitrate and nitrite) (as N),Total,,6.1,mg/l,True,0.2,,,353.2,BSP,Calculated,SW,Water,,Originally reported as Nitrate + Nitrite as NO3.,Clayton,07060004,River/Stream,,42.9095476,-91.4709184
6,15220040,L22T,09/22/1998 10:30:00,BSP,NIT-NO3-NO2,Inorganic nitrogen (nitrate and nitrite) (as N),Total,,14.4,mg/l,True,0.2,,,353.2,BSP,Calculated,GW,Water,,Originally reported as Nitrate + Nitrite as NO3.,Clayton,07060004,Facility Other,,43.0217187,-91.4893474
6,15220018,Roberts Creek @ 206th St/B65 (RC02/ROB30),10/19/1999 11:45:00,BSP,NIT-NO3-NO2,Inorganic nitrogen (nitrate and nitrite) (as N),Total,,5.6,mg/l,True,0.1,,,353.2,BSP,Actual,SW,Water,,,Clayton,07060004,River/Stream,,42.9304245,-91.38552335
6,15220018,Roberts Creek @ 206th St/B65 (RC02/ROB30),10/05/1999 13:15:00,BSP,NIT-NO3-NO2,Inorganic nitrogen (nitrate and nitrite) (as N),Total,,6.7,mg/l,True,0.1,,,353.2,BSP,Actual,SW,Water,,,Clayton,07060004,River/Stream,,42.9304245,-91.38552335
6,15220018,Roberts Creek @ 206th St/B65 (RC02/ROB30),10/26/1999 11:05:00,BSP,NIT-NO3-NO2,Inorganic nitrogen (nitrate and nitrite) (as N),Total,,6.4,mg/l,True,0.1,,,353.2,BSP,Actual,SW,Water,,,Clayton,07060004,River/Stream,,42.9304245,-91.38552335
6,15220018,Roberts Creek @ 206th St/B65 (RC02/ROB30),11/16/1999 10:55:00,BSP,NIT-NO3-NO2,Inorganic nitrogen (nitrate and nitrite) (as N),Total,,6.1,mg/l,True,0.1,,,353.2,BSP,Actual,SW,Water,,,Clayton,07060004,River/Stream,,42.9304245,-91.38552335
6,15220018,Roberts Creek @ 206th St/B65 (RC02/ROB30),11/09/1999 11:40:00,BSP,NIT-NO3-NO2,Inorganic nitrogen (nitrate and nitrite) (as N),Total,,6.4,mg/l,True,0.1,,,353.2,BSP,Actual,SW,Water,,,Clayton,07060004,River/Stream,,42.9304245,-91.38552335
6,15220018,Roberts Creek @ 206th St/B65 (RC02/ROB30),11/30/1999 11:50:00,BSP,NIT-NO3-NO2,Inorganic nitrogen (nitrate and nitrite) (as N),Total,,6.7,mg/l,True,0.1,,,353.2,BSP,Actual,SW,Water,,,Clayton,07060004,River/Stream,,42.9304245,-91.38552335
6,15220018,Roberts Creek @ 206th St/B65 (RC02/ROB30),12/07/1999 11:20:00,BSP,NIT-NO3-NO2,Inorganic nitrogen (nitrate and nitrite) (as N),Total,,7,mg/l,True,0.1,,,353.2,BSP,Actual,SW,Water,,,Clayton,07060004,River/Stream,,42.9304245,-91.38552335
6,15220018,Roberts Creek @ 206th St/B65 (RC02/ROB30),12/28/1999 12:00:00,BSP,NIT-NO3-NO2,Inorganic nitrogen (nitrate and nitrite) (as N),Total,,10,mg/l,True,0.1,,,353.2,BSP,Actual,SW,Water,,,Clayton,07060004,River/Stream,,42.9304245,-91.38552335
6,15220018,Roberts Creek @ 206th St/B65 (RC02/ROB30),12/21/1999 11:05:00,BSP,NIT-NO3-NO2,Inorganic nitrogen (nitrate and nitrite) (as N),Total,,10,mg/l,True,0.1,,,353.2,BSP,Actual,SW,Water,,,Clayton,07060004,River/Stream,,42.9304245,-91.38552335
6,15220018,Roberts Creek @ 206th St/B65 (RC02/ROB30),01/18/2000 11:10:00,BSP,NIT-NO3-NO2,Inorganic nitrogen (nitrate and nitrite) (as N),Total,,8.1,mg/l,True,0.1,,,353.2,BSP,Actual,SW,Water,,,Clayton,07060004,River/Stream,,42.9304245,-91.38552335
6,15220018,Roberts Creek @ 206th St/B65 (RC02/ROB30),07/16/1996 10:30:00,BSP,NIT-NO3-NO2,Inorganic nitrogen (nitrate and nitrite) (as N),Total,,8.4,mg/l,True,0.1,,,353.2,BSP,Actual,SW,Water,,,Clayton,07060004,River/Stream,,42.9304245,-91.38552335
6,15220018,Roberts Creek @ 206th St/B65 (RC02/ROB30),01/11/2000 11:45:00,BSP,NIT-NO3-NO2,Inorganic nitrogen (nitrate and nitrite) (as N),Total,,8.1,mg/l,True,0.1,,,353.2,BSP,Actual,SW,Water,,,Clayton,07060004,River/Stream,,42.9304245,-91.38552335
6,15220018,Roberts Creek @ 206th St/B65 (RC02/ROB30),03/21/2000 11:00:00,BSP,NIT-NO3-NO2,Inorganic nitrogen (nitrate and nitrite) (as N),Total,,5.9,mg/l,True,0.1,,,353.2,BSP,Actual,SW,Water,,,Clayton,07060004,River/Stream,,42.9304245,-91.38552335
6,15220018,Roberts Creek @ 206th St/B65 (RC02/ROB30),03/07/2000 10:20:00,BSP,NIT-NO3-NO2,Inorganic nitrogen (nitrate and nitrite) (as N),Total,,7.8,mg/l,True,0.1,,,353.2,BSP,Actual,SW,Water,,,Clayton,07060004,River/Stream,,42.9304245,-91.38552335
6,15220018,Roberts Creek @ 206th St/B65 (RC02/ROB30),02/29/2000 11:20:00,BSP,NIT-NO3-NO2,Inorganic nitrogen (nitrate and nitrite) (as N),Total,,7.7,mg/l,True,0.1,,,353.2,BSP,Actual,SW,Water,,,Clayton,07060004,River/Stream,,42.9304245,-91.38552335
6,15220018,Roberts Creek @ 206th St/B65 (RC02/ROB30),02/08/2000 11:10:00,BSP,NIT-NO3-NO2,Inorganic nitrogen (nitrate and nitrite) (as N),Total,,8.2,mg/l,True,0.1,,,353.2,BSP,Actual,SW,Water,,,Clayton,07060004,River/Stream,,42.9304245,-91.38552335
6,15220018,Roberts Creek @ 206th St/B65 (RC02/ROB30),03/28/2000 12:00:00,BSP,NIT-NO3-NO2,Inorganic nitrogen (nitrate and nitrite) (as N),Total,,5.4,mg/l,True,0.1,,,353.2,BSP,Actual,SW,Water,,,Clayton,07060004,River/Stream,,42.9304245,-91.38552335
6,15220018,Roberts Creek @ 206th St/B65 (RC02/ROB30),04/11/2000 12:15:00,BSP,NIT-NO3-NO2,Inorganic nitrogen (nitrate and nitrite) (as N),Total,,4.8,mg/l,True,0.1,,,353.2,BSP,Actual,SW,Water,,,Clayton,07060004,River/Stream,,42.9304245,-91.38552335
6,15220018,Roberts Creek @ 206th St/B65 (RC02/ROB30),05/02/2000 15:10:00,BSP,NIT-NO3-NO2,Inorganic nitrogen (nitrate and nitrite) (as N),Total,,4.2,mg/l,True,0.1,,,353.2,BSP,Actual,SW,Water,,,Clayton,07060004,River/Stream,,42.9304245,-91.38552335
6,15220018,Roberts Creek @ 206th St/B65 (RC02/ROB30),04/18/2000 10:30:00,BSP,NIT-NO3-NO2,Inorganic nitrogen (nitrate and nitrite) (as N),Total,,3.7,mg/l,True,0.1,,,353.2,BSP,Actual,SW,Water,,,Clayton,07060004,River/Stream,,42.9304245,-91.38552335
6,15220014,Howard Creek @ Mouth (HOW10),10/16/2013 10:30:00,TURKEYR,NIT-NO3-NO2,Inorganic nitrogen (nitrate and nitrite) (AS N),Total,,5.7,mg/l,True,0.1,,,LAC10-107-04-1J,UHL001,Actual,SW,Water,,,Clayton,07060004,River/Stream,,42.9300546,-91.38292282
6,15220015,Little Turkey River @ Highway 52 (LIT10),10/16/2013 10:00:00,TURKEYR,NIT-NO3-NO2,Inorganic nitrogen (nitrate and nitrite) (AS N),Total,,2.7,mg/l,True,0.1,,,LAC10-107-04-1J,UHL001,Actual,SW,Water,,,Clayton,07060004,River/Stream,,42.6987021,-91.07371173
6,15220010,Cox Creek @ Highway 13 (COX20),10/16/2013 08:15:00,TURKEYR,NIT-NO3-NO2,Inorganic nitrogen (nitrate and nitrite) (AS N),Total,,3.8,mg/l,True,0.1,,,LAC10-107-04-1J,UHL001,Actual,SW,Water,,,Clayton,07060004,River/Stream,,42.76688423,-91.46209679
6,15220011,Dry Mill Creek @ Grape Rd (DMI10),10/16/2013 10:55:00,TURKEYR,NIT-NO3-NO2,Inorganic nitrogen (nitrate and nitrite) (AS N),Total,,7,mg/l,True,0.1,,,LAC10-107-04-1J,UHL001,Actual,SW,Water,,,Clayton,07060004,River/Stream,,42.84327492,-91.36969617
6,15220051,Unnamed Creek at 125th St (UNS25),10/16/2013 09:40:00,TURKEYR,NIT-NO3-NO2,Inorganic nitrogen (nitrate and nitrite) (AS N),Total,,7,mg/l,True,0.1,,,LAC10-107-04-1J,UHL001,Actual,SW,Water,,,Clayton,07060004,River/Stream,,43.04444686,-91.43104301
6,15220009,South Cedar Creek @ Lower Cedar Rd (CED10),10/16/2013 09:30:00,TURKEYR,NIT-NO3-NO2,Inorganic nitrogen (nitrate and nitrite) (AS N),Total,,2.4,mg/l,True,0.1,,,LAC10-107-04-1J,UHL001,Actual,SW,Water,,,Clayton,07060004,River/Stream,,42.74424922,-91.21535774
6,15220019,Roberts Creek @ Dalmation Ave (ROB50),09/04/2013 10:50:00,TURKEYR,NIT-NO3-NO2,Inorganic nitrogen (nitrate and nitrite) (AS N),Total,,6.5,mg/l,True,0.1,,,LAC10-107-04-1J,UHL001,Actual,SW,Water,,,Clayton,07060004,River/Stream,,42.95959549,-91.4562996
6,15220045,Turkey River @ Hwy. 13 (TR28),09/04/2013 09:50:00,TURKEYR,NIT-NO3-NO2,Inorganic nitrogen (nitrate and nitrite) (AS N),Total,,5.8,mg/l,True,0.1,,,LAC10-107-04-1J,UHL001,Actual,SW,Water,,,Clayton,07060004,River/Stream,,42.84321539,-91.40058452
6,15220015,Little Turkey River @ Highway 52 (LIT10),09/04/2013 13:20:00,TURKEYR,NIT-NO3-NO2,Inorganic nitrogen (nitrate and nitrite) (AS N),Total,,2.7,mg/l,True,0.1,,,LAC10-107-04-1J,UHL001,Actual,SW,Water,,,Clayton,07060004,River/Stream,,42.6987021,-91.07371173
6,15220016,Mink Creek @ Aztec Road (MIN10),09/04/2013 07:55:00,TURKEYR,NIT-NO3-NO2,Inorganic nitrogen (nitrate and nitrite) (AS N),Total,,5.4,mg/l,True,0.1,,,LAC10-107-04-1J,UHL001,Actual,SW,Water,,,Clayton,07060004,River/Stream,,42.8441202,-91.59732742
6,15220011,Dry Mill Creek @ Grape Rd (DMI10),09/04/2013 09:15:00,TURKEYR,NIT-NO3-NO2,Inorganic nitrogen (nitrate and nitrite) (AS N),Total,,9,mg/l,True,0.1,,,LAC10-107-04-1J,UHL001,Actual,SW,Water,,,Clayton,07060004,River/Stream,,42.84327492,-91.36969617
6,15220012,Elk Creek @ Colesburg Rd/X3C (ELK10),09/04/2013 11:30:00,TURKEYR,NIT-NO3-NO2,Inorganic nitrogen (nitrate and nitrite) (AS N),Total,,3,mg/l,True,0.1,,,LAC10-107-04-1J,UHL001,Actual,SW,Water,,,Clayton,07060004,River/Stream,,42.73331715,-91.28009598
6,15220009,South Cedar Creek @ Lower Cedar Rd (CED10),09/04/2013 14:30:00,TURKEYR,NIT-NO3-NO2,Inorganic nitrogen (nitrate and nitrite) (AS N),Total,,2.7,mg/l,True,0.1,,,LAC10-107-04-1J,UHL001,Actual,SW,Water,,,Clayton,07060004,River/Stream,,42.74424922,-91.21535774
6,15220010,Cox Creek @ Highway 13 (COX20),09/04/2013 07:30:00,TURKEYR,NIT-NO3-NO2,Inorganic nitrogen (nitrate and nitrite) (AS N),Total,,4.8,mg/l,True,0.1,,,LAC10-107-04-1J,UHL001,Actual,SW,Water,,,Clayton,07060004,River/Stream,,42.76688423,-91.46209679
6,15220045,Turkey River @ Hwy. 13 (TR28),08/07/2013 09:26:00,TURKEYR,NIT-NO3-NO2,Inorganic nitrogen (nitrate and nitrite) (AS N),Total,,6.3,mg/l,True,0.1,,,LAC10-107-04-1J,UHL001,Actual,SW,Water,,,Clayton,07060004,River/Stream,,42.84321539,-91.40058452
6,15220051,Unnamed Creek at 125th St (UNS25),09/04/2013 08:30:00,TURKEYR,NIT-NO3-NO2,Inorganic nitrogen (nitrate and nitrite) (AS N),Total,,3.2,mg/l,True,0.1,,,LAC10-107-04-1J,UHL001,Actual,SW,Water,,,Clayton,07060004,River/Stream,,43.04444686,-91.43104301
6,15220019,Roberts Creek @ Dalmation Ave (ROB50),08/07/2013 09:00:00,TURKEYR,NIT-NO3-NO2,Inorganic nitrogen (nitrate and nitrite) (AS N),Total,,7.1,mg/l,True,0.1,,,LAC10-107-04-1J,UHL001,Actual,SW,Water,,,Clayton,07060004,River/Stream,,42.95959549,-91.4562996
6,15220020,Turkey River @ Highway 52 (TR10),08/07/2013 09:00:00,TURKEYR,NIT-NO3-NO2,Inorganic nitrogen (nitrate and nitrite) (AS N),Total,,5.6,mg/l,True,0.1,,,LAC10-107-04-1J,UHL001,Actual,SW,Water,,,Clayton,07060004,River/Stream,,42.70781335,-91.0757377
6,15220014,Howard Creek @ Mouth (HOW10),08/07/2013 10:30:00,TURKEYR,NIT-NO3-NO2,Inorganic nitrogen (nitrate and nitrite) (AS N),Total,,8.6,mg/l,True,0.1,,,LAC10-107-04-1J,UHL001,Actual,SW,Water,,,Clayton,07060004,River/Stream,,42.9300546,-91.38292282
6,15220017,Roberts Creek @ Grape Rd (ROB10),08/07/2013 09:55:00,TURKEYR,NIT-NO3-NO2,Inorganic nitrogen (nitrate and nitrite) (AS N),Total,,7.7,mg/l,True,0.1,,,LAC10-107-04-1J,UHL001,Actual,SW,Water,,,Clayton,07060004,River/Stream,,42.83952465,-91.37446914
6,15220045,Turkey River @ Hwy. 13 (TR28),07/10/2013 14:30:00,TURKEYR,NIT-NO3-NO2,Inorganic nitrogen (nitrate and nitrite) (AS N),Total,,8.8,mg/l,True,0.1,,,LAC10-107-04-1J,UHL001,Actual,SW,Water,,,Clayton,07060004,River/Stream,,42.84321539,-91.40058452
6,15220051,Unnamed Creek at 125th St (UNS25),08/07/2013 09:30:00,TURKEYR,NIT-NO3-NO2,Inorganic nitrogen (nitrate and nitrite) (AS N),Total,,5.1,mg/l,True,0.1,,,LAC10-107-04-1J,UHL001,Actual,SW,Water,,,Clayton,07060004,River/Stream,,43.04444686,-91.43104301
6,15220013,Hewett Creek @ Crystal Road (HEW20),08/07/2013 08:00:00,TURKEYR,NIT-NO3-NO2,Inorganic nitrogen (nitrate and nitrite) (AS N),Total,,4.8,mg/l,True,0.1,,,LAC10-107-04-1J,UHL001,Actual,SW,Water,,,Clayton,07060004,River/Stream,,42.78586318,-91.51847775
6,15220019,Roberts Creek @ Dalmation Ave (ROB50),07/10/2013 11:05:00,TURKEYR,NIT-NO3-NO2,Inorganic nitrogen (nitrate and nitrite) (AS N),Total,,11,mg/l,True,0.1,,,LAC10-107-04-1J,UHL001,Actual,SW,Water,,,Clayton,07060004,River/Stream,,42.95959549,-91.4562996
6,15220020,Turkey River @ Highway 52 (TR10),07/10/2013 10:20:00,TURKEYR,NIT-NO3-NO2,Inorganic nitrogen (nitrate and nitrite) (AS N),Total,,7.5,mg/l,True,0.1,,,LAC10-107-04-1J,UHL001,Actual,SW,Water,,,Clayton,07060004,River/Stream,,42.70781335,-91.0757377
6,15220015,Little Turkey River @ Highway 52 (LIT10),07/10/2013 10:45:00,TURKEYR,NIT-NO3-NO2,Inorganic nitrogen (nitrate and nitrite) (AS N),Total,,4.2,mg/l,True,0.1,,,LAC10-107-04-1J,UHL001,Actual,SW,Water,,,Clayton,07060004,River/Stream,,42.6987021,-91.07371173
6,15220016,Mink Creek @ Aztec Road (MIN10),07/10/2013 08:20:00,TURKEYR,NIT-NO3-NO2,Inorganic nitrogen (nitrate and nitrite) (AS N),Total,,6,mg/l,True,0.1,,,LAC10-107-04-1J,UHL001,Actual,SW,Water,,,Clayton,07060004,River/Stream,,42.8441202,-91.59732742
6,15220010,Cox Creek @ Highway 13 (COX20),07/10/2013 09:10:00,TURKEYR,NIT-NO3-NO2,Inorganic nitrogen (nitrate and nitrite) (AS N),Total,,5,mg/l,True,0.1,,,LAC10-107-04-1J,UHL001,Actual,SW,Water,,,Clayton,07060004,River/Stream,,42.76688423,-91.46209679
6,15220014,Howard Creek @ Mouth (HOW10),07/10/2013 15:10:00,TURKEYR,NIT-NO3-NO2,Inorganic nitrogen (nitrate and nitrite) (AS N),Total,,14,mg/l,True,0.1,,,LAC10-107-04-1J,UHL001,Actual,SW,Water,,,Clayton,07060004,River/Stream,,42.9300546,-91.38292282
6,15220011,Dry Mill Creek @ Grape Rd (DMI10),07/10/2013 14:40:00,TURKEYR,NIT-NO3-NO2,Inorganic nitrogen (nitrate and nitrite) (AS N),Total,,14,mg/l,True,0.1,,,LAC10-107-04-1J,UHL001,Actual,SW,Water,,,Clayton,07060004,River/Stream,,42.84327492,-91.36969617
6,15220013,Hewett Creek @ Crystal Road (HEW20),07/10/2013 08:50:00,TURKEYR,NIT-NO3-NO2,Inorganic nitrogen (nitrate and nitrite) (AS N),Total,,5.5,mg/l,True,0.1,,,LAC10-107-04-1J,UHL001,Actual,SW,Water,,,Clayton,07060004,River/Stream,,42.78586318,-91.51847775
6,15220034,Unnamed Trib. to Silver Crk. @ Dolphin Ave (SC03),07/10/2013 10:10:00,TURKEYR,NIT-NO3-NO2,Inorganic nitrogen (nitrate and nitrite) (AS N),Total,,13,mg/l,True,0.1,,,LAC10-107-04-1J,UHL001,Actual,SW,Water,,,Clayton,07060004,River/Stream,,43.0342002,-91.4587066
6,15220009,South Cedar Creek @ Lower Cedar Rd (CED10),07/10/2013 12:10:00,TURKEYR,NIT-NO3-NO2,Inorganic nitrogen (nitrate and nitrite) (AS N),Total,,5.7,mg/l,True,0.1,,,LAC10-107-04-1J,UHL001,Actual,SW,Water,,,Clayton,07060004,River/Stream,,42.74424922,-91.21535774
6,15220045,Turkey River @ Hwy. 13 (TR28),06/05/2013 10:55:00,TURKEYR,NIT-NO3-NO2,Inorganic nitrogen (nitrate and nitrite) (AS N),Total,,13,mg/l,True,0.1,,,LAC10-107-04-1J,UHL001,Actual,SW,Water,,,Clayton,07060004,River/Stream,,42.84321539,-91.40058452
6,15220051,Unnamed Creek at 125th St (UNS25),07/10/2013 09:50:00,TURKEYR,NIT-NO3-NO2,Inorganic nitrogen (nitrate and nitrite) (AS N),Total,,11,mg/l,True,0.1,,,LAC10-107-04-1J,UHL001,Actual,SW,Water,,,Clayton,07060004,River/Stream,,43.04444686,-91.43104301
6,15220017,Roberts Creek @ Grape Rd (ROB10),06/05/2013 11:20:00,TURKEYR,NIT-NO3-NO2,Inorganic nitrogen (nitrate and nitrite) (AS N),Total,,15,mg/l,True,0.1,,,LAC10-107-04-1J,UHL001,Actual,SW,Water,,,Clayton,07060004,River/Stream,,42.83952465,-91.37446914
6,15220019,Roberts Creek @ Dalmation Ave (ROB50),06/05/2013 09:10:00,TURKEYR,NIT-NO3-NO2,Inorganic nitrogen (nitrate and nitrite) (AS N),Total,,14,mg/l,True,0.1,,,LAC10-107-04-1J,UHL001,Actual,SW,Water,,,Clayton,07060004,River/Stream,,42.95959549,-91.4562996
6,15220014,Howard Creek @ Mouth (HOW10),06/05/2013 09:35:00,TURKEYR,NIT-NO3-NO2,Inorganic nitrogen (nitrate and nitrite) (AS N),Total,,16,mg/l,True,0.1,,,LAC10-107-04-1J,UHL001,Actual,SW,Water,,,Clayton,07060004,River/Stream,,42.9300546,-91.38292282
6,15220015,Little Turkey River @ Highway 52 (LIT10),06/05/2013 09:45:00,TURKEYR,NIT-NO3-NO2,Inorganic nitrogen (nitrate and nitrite) (AS N),Total,,5.6,mg/l,True,0.1,,,LAC10-107-04-1J,UHL001,Actual,SW,Water,,,Clayton,07060004,River/Stream,,42.6987021,-91.07371173
6,15220010,Cox Creek @ Highway 13 (COX20),06/05/2013 07:45:00,TURKEYR,NIT-NO3-NO2,Inorganic nitrogen (nitrate and nitrite) (AS N),Total,,5.6,mg/l,True,0.1,,,LAC10-107-04-1J,UHL001,Actual,SW,Water,,,Clayton,07060004,River/Stream,,42.76688423,-91.46209679
6,15220011,Dry Mill Creek @ Grape Rd (DMI10),06/05/2013 11:10:00,TURKEYR,NIT-NO3-NO2,Inorganic nitrogen (nitrate and nitrite) (AS N),Total,,17,mg/l,True,0.1,,,LAC10-107-04-1J,UHL001,Actual,SW,Water,,,Clayton,07060004,River/Stream,,42.84327492,-91.36969617
6,15220050,Steeles Branch near Horseshoe Road (Steeles Branch 1),05/01/2013 10:00:00,STLSBRNC,NIT-NO3-NO2,Inorganic nitrogen (nitrate and nitrite) (AS N),Total,,5.1,mg/l,True,0.1,,,LAC10-107-04-1J,UHL001,Actual,SW,Water,,,Clayton,07060004,River/Stream,,42.66774323,-91.28444356
6,15220046,Pine Creek near Horseshoe Road (Pine Creek 1),12/05/2012 11:20:00,STLSBRNC,NIT-NO3-NO2,Inorganic nitrogen (nitrate and nitrite) (as N),Total,,7.2,mg/l,True,0.1,,,LAC10-107-04-1J,IGS-GRAB,Actual,SW,Water,,,Clayton,07060004,River/Stream,,42.66871242,-91.27821784
6,15220009,South Cedar Creek @ Lower Cedar Rd (CED10),06/05/2013 10:35:00,TURKEYR,NIT-NO3-NO2,Inorganic nitrogen (nitrate and nitrite) (AS N),Total,,9,mg/l,True,0.1,,,LAC10-107-04-1J,UHL001,Actual,SW,Water,,,Clayton,07060004,River/Stream,,42.74424922,-91.21535774
6,15220050,Steeles Branch near Horseshoe Road (Steeles Branch 1),09/04/2013 10:30:00,STLSBRNC,NIT-NO3-NO2,Inorganic nitrogen (nitrate and nitrite) (AS N),Total,,1.9,mg/l,True,0.1,,,LAC10-107-04-1J,UHL001,Actual,SW,Water,,,Clayton,07060004,River/Stream,,42.66774323,-91.28444356
6,15220046,Pine Creek near Horseshoe Road (Pine Creek 1),05/01/2013 10:15:00,STLSBRNC,NIT-NO3-NO2,Inorganic nitrogen (nitrate and nitrite) (AS N),Total,,6.8,mg/l,True,0.1,,,LAC10-107-04-1J,UHL001,Actual,SW,Water,,,Clayton,07060004,River/Stream,,42.66871242,-91.27821784
6,15220047,Pine Creek near Horseshoe Road (Pine Creek 2),05/01/2013 10:35:00,STLSBRNC,NIT-NO3-NO2,Inorganic nitrogen (nitrate and nitrite) (AS N),Total,,6.6,mg/l,True,0.1,,,LAC10-107-04-1J,UHL001,Actual,SW,Water,,,Clayton,07060004,River/Stream,,42.66556336,-91.25165507
6,15220048,Brownfield Creek near Horseshoe Road (Pine Creek 3),05/01/2013 10:25:00,STLSBRNC,NIT-NO3-NO2,Inorganic nitrogen (nitrate and nitrite) (AS N),Total,,9.2,mg/l,True,0.1,,,LAC10-107-04-1J,UHL001,Actual,SW,Water,,,Clayton,07060004,River/Stream,,42.6580697,-91.24980316
6,15220049,Pine Creek near 400th St. (Pine Creek 4),05/01/2013 11:00:00,STLSBRNC,NIT-NO3-NO2,Inorganic nitrogen (nitrate and nitrite) (AS N),Total,,13,mg/l,True,0.1,,,LAC10-107-04-1J,UHL001,Actual,SW,Water,,,Clayton,07060004,River/Stream,,42.64623736,-91.2241035
6,15220017,Roberts Creek @ Grape Rd (ROB10),11/07/2012 13:00:00,TURKEYR,NIT-NO3-NO2,Inorganic nitrogen (nitrate and nitrite) (as N),Total,,4.5,mg/l,True,0.1,,,LAC10-107-04-1J,IGS-GRAB,Actual,SW,Water,,,Clayton,07060004,River/Stream,,42.83952465,-91.37446914
6,15220049,Pine Creek near 400th St. (Pine Creek 4),08/07/2013 11:20:00,STLSBRNC,NIT-NO3-NO2,Inorganic nitrogen (nitrate and nitrite) (AS N),Total,,12,mg/l,True,0.1,,,LAC10-107-04-1J,UHL001,Actual,SW,Water,,,Clayton,07060004,River/Stream,,42.64623736,-91.2241035
6,15220012,Elk Creek @ Colesburg Rd/X3C (ELK10),11/07/2012 13:00:00,TURKEYR,NIT-NO3-NO2,Inorganic nitrogen (nitrate and nitrite) (as N),Total,,2.9,mg/l,True,0.1,,,LAC10-107-04-1J,IGS-GRAB,Actual,SW,Water,,,Clayton,07060004,River/Stream,,42.73331715,-91.28009598
6,15220011,Dry Mill Creek @ Grape Rd (DMI10),11/07/2012 12:45:00,TURKEYR,NIT-NO3-NO2,Inorganic nitrogen (nitrate and nitrite) (as N),Total,,5.4,mg/l,True,0.1,,,LAC10-107-04-1J,IGS-GRAB,Actual,SW,Water,,,Clayton,07060004,River/Stream,,42.84327492,-91.36969617
6,15220050,Steeles Branch near Horseshoe Road (Steeles Branch 1),08/07/2013 10:30:00,STLSBRNC,NIT-NO3-NO2,Inorganic nitrogen (nitrate and nitrite) (AS N),Total,,4,mg/l,True,0.1,,,LAC10-107-04-1J,UHL001,Actual,SW,Water,,,Clayton,07060004,River/Stream,,42.66774323,-91.28444356
6,15220046,Pine Creek near Horseshoe Road (Pine Creek 1),09/04/2013 10:45:00,STLSBRNC,NIT-NO3-NO2,Inorganic nitrogen (nitrate and nitrite) (AS N),Total,,6,mg/l,True,0.1,,,LAC10-107-04-1J,UHL001,Actual,SW,Water,,,Clayton,07060004,River/Stream,,42.66871242,-91.27821784
6,15220047,Pine Creek near Horseshoe Road (Pine Creek 2),09/04/2013 11:10:00,STLSBRNC,NIT-NO3-NO2,Inorganic nitrogen (nitrate and nitrite) (AS N),Total,,6.4,mg/l,True,0.1,,,LAC10-107-04-1J,UHL001,Actual,SW,Water,,,Clayton,07060004,River/Stream,,42.66556336,-91.25165507
6,15220048,Brownfield Creek near Horseshoe Road (Pine Creek 3),09/04/2013 11:00:00,STLSBRNC,NIT-NO3-NO2,Inorganic nitrogen (nitrate and nitrite) (AS N),Total,,8.8,mg/l,True,0.1,,,LAC10-107-04-1J,UHL001,Actual,SW,Water,,,Clayton,07060004,River/Stream,,42.6580697,-91.24980316
6,15220045,Turkey River @ Hwy. 13 (TR28),11/07/2012 13:15:00,TURKEYR,NIT-NO3-NO2,Inorganic nitrogen (nitrate and nitrite) (as N),Total,,3.7,mg/l,True,0.1,,,LAC10-107-04-1J,IGS-GRAB,Actual,SW,Water,,,Clayton,07060004,River/Stream,,42.84321539,-91.40058452
6,15220046,Pine Creek near Horseshoe Road (Pine Creek 1),06/28/2013 10:15:00,STLSBRNC,NIT-NO3-NO2,Inorganic nitrogen (nitrate and nitrite) (AS N),Total,,8.6,mg/l,True,0.1,,,LAC10-107-04-1J,UHL001,Actual,SW,Water,,,Clayton,07060004,River/Stream,,42.66871242,-91.27821784
6,15220047,Pine Creek near Horseshoe Road (Pine Creek 2),06/28/2013 10:30:00,STLSBRNC,NIT-NO3-NO2,Inorganic nitrogen (nitrate and nitrite) (AS N),Total,,9.7,mg/l,True,0.1,,,LAC10-107-04-1J,UHL001,Actual,SW,Water,,,Clayton,07060004,River/Stream,,42.66556336,-91.25165507
6,15220048,Brownfield Creek near Horseshoe Road (Pine Creek 3),06/28/2013 10:20:00,STLSBRNC,NIT-NO3-NO2,Inorganic nitrogen (nitrate and nitrite) (AS N),Total,,12,mg/l,True,0.1,,,LAC10-107-04-1J,UHL001,Actual,SW,Water,,,Clayton,07060004,River/Stream,,42.6580697,-91.24980316
6,15220050,Steeles Branch near Horseshoe Road (Steeles Branch 1),06/28/2013 10:00:00,STLSBRNC,NIT-NO3-NO2,Inorganic nitrogen (nitrate and nitrite) (AS N),Total,,7.4,mg/l,True,0.1,,,LAC10-107-04-1J,UHL001,Actual,SW,Water,,,Clayton,07060004,River/Stream,,42.66774323,-91.28444356
6,15220049,Pine Creek near 400th St. (Pine Creek 4),06/28/2013 10:45:00,STLSBRNC,NIT-NO3-NO2,Inorganic nitrogen (nitrate and nitrite) (AS N),Total,,23,mg/l,True,0.1,,,LAC10-107-04-1J,UHL001,Actual,SW,Water,,,Clayton,07060004,River/Stream,,42.64623736,-91.2241035
6,15220046,Pine Creek near Horseshoe Road (Pine Creek 1),07/03/2013 09:25:00,STLSBRNC,NIT-NO3-NO2,Inorganic nitrogen (nitrate and nitrite) (AS N),Total,,8.8,mg/l,True,0.1,,,LAC10-107-04-1J,UHL001,Actual,SW,Water,,,Clayton,07060004,River/Stream,,42.66871242,-91.27821784
6,15220016,Mink Creek @ Aztec Road (MIN10),11/07/2012 08:15:00,TURKEYR,NIT-NO3-NO2,Inorganic nitrogen (nitrate and nitrite) (as N),Total,,4.8,mg/l,True,0.1,,,LAC10-107-04-1J,IGS-GRAB,Actual,SW,Water,,,Clayton,07060004,River/Stream,,42.8441202,-91.59732742
6,15220014,Howard Creek @ Mouth (HOW10),11/07/2012 12:20:00,TURKEYR,NIT-NO3-NO2,Inorganic nitrogen (nitrate and nitrite) (as N),Total,,3.3,mg/l,True,0.1,,,LAC10-107-04-1J,IGS-GRAB,Actual,SW,Water,,,Clayton,07060004,River/Stream,,42.9300546,-91.38292282
6,15220013,Hewett Creek @ Crystal Road (HEW20),11/07/2012 08:00:00,TURKEYR,NIT-NO3-NO2,Inorganic nitrogen (nitrate and nitrite) (as N),Total,,3.8,mg/l,True,0.1,,,LAC10-107-04-1J,IGS-GRAB,Actual,SW,Water,,,Clayton,07060004,River/Stream,,42.78586318,-91.51847775
6,15220011,Dry Mill Creek @ Grape Rd (DMI10),10/03/2012 14:20:00,TURKEYR,NIT-NO3-NO2,Inorganic nitrogen (nitrate and nitrite) (as N),Total,,6.2,mg/l,True,0.1,,,LAC10-107-04-1J,IGS-GRAB,Actual,SW,Water,,,Clayton,07060004,River/Stream,,42.84327492,-91.36969617
6,15220045,Turkey River @ Hwy. 13 (TR28),10/03/2012 14:05:00,TURKEYR,NIT-NO3-NO2,Inorganic nitrogen (nitrate and nitrite) (as N),Total,,2.7,mg/l,True,0.1,,,LAC10-107-04-1J,IGS-GRAB,Actual,SW,Water,,,Clayton,07060004,River/Stream,,42.84321539,-91.40058452
6,15220020,Turkey River @ Highway 52 (TR10),10/03/2012 11:30:00,TURKEYR,NIT-NO3-NO2,Inorganic nitrogen (nitrate and nitrite) (as N),Total,,1.9,mg/l,True,0.1,,,LAC10-107-04-1J,IGS-GRAB,Actual,SW,Water,,,Clayton,07060004,River/Stream,,42.70781335,-91.0757377
6,15220019,Roberts Creek @ Dalmation Ave (ROB50),10/03/2012 10:15:00,TURKEYR,NIT-NO3-NO2,Inorganic nitrogen (nitrate and nitrite) (as N),Total,,2.6,mg/l,True,0.1,,,LAC10-107-04-1J,IGS-GRAB,Actual,SW,Water,,,Clayton,07060004,River/Stream,,42.95959549,-91.4562996
6,15220014,Howard Creek @ Mouth (HOW10),09/05/2012 14:10:00,TURKEYR,NIT-NO3-NO2,Inorganic nitrogen (nitrate and nitrite) (as N),Total,,2.7,mg/l,True,0.1,,,LAC10-107-04-1J,IGS-GRAB,Actual,SW,Water,,,Clayton,07060004,River/Stream,,42.9300546,-91.38292282
6,15220045,Turkey River @ Hwy. 13 (TR28),09/05/2012 13:36:00,TURKEYR,NIT-NO3-NO2,Inorganic nitrogen (nitrate and nitrite) (as N),Total,,2.2,mg/l,True,0.1,,,LAC10-107-04-1J,IGS-GRAB,Actual,SW,Water,,,Clayton,07060004,River/Stream,,42.84321539,-91.40058452
6,15220017,Roberts Creek @ Grape Rd (ROB10),08/01/2012 15:15:00,TURKEYR,NIT-NO3-NO2,Inorganic nitrogen (nitrate and nitrite) (as N),Total,,4.8,mg/l,True,0.1,,,LAC10-107-04-1J,IGS-GRAB,Actual,SW,Water,,,Clayton,07060004,River/Stream,,42.83952465,-91.37446914
6,15220011,Dry Mill Creek @ Grape Rd (DMI10),08/01/2012 15:00:00,TURKEYR,NIT-NO3-NO2,Inorganic nitrogen (nitrate and nitrite) (as N),Total,,7.5,mg/l,True,0.1,,,LAC10-107-04-1J,IGS-GRAB,Actual,SW,Water,,,Clayton,07060004,River/Stream,,42.84327492,-91.36969617
6,15220045,Turkey River @ Hwy. 13 (TR28),08/01/2012 14:40:00,TURKEYR,NIT-NO3-NO2,Inorganic nitrogen (nitrate and nitrite) (as N),Total,,2,mg/l,True,0.1,,,LAC10-107-04-1J,IGS-GRAB,Actual,SW,Water,,,Clayton,07060004,River/Stream,,42.84321539,-91.40058452
6,15220014,Howard Creek @ Mouth (HOW10),08/01/2012 13:30:00,TURKEYR,NIT-NO3-NO2,Inorganic nitrogen (nitrate and nitrite) (as N),Total,,4.6,mg/l,True,0.1,,,LAC10-107-04-1J,IGS-GRAB,Actual,SW,Water,,,Clayton,07060004,River/Stream,,42.9300546,-91.38292282
6,15220016,Mink Creek @ Aztec Road (MIN10),08/01/2012 08:10:00,TURKEYR,NIT-NO3-NO2,Inorganic nitrogen (nitrate and nitrite) (as N),Total,,4.9,mg/l,True,0.1,,,LAC10-107-04-1J,IGS-GRAB,Actual,SW,Water,,,Clayton,07060004,River/Stream,,42.8441202,-91.59732742
6,15220010,Cox Creek @ Highway 13 (COX20),08/01/2012 07:45:00,TURKEYR,NIT-NO3-NO2,Inorganic nitrogen (nitrate and nitrite) (as N),Total,,2.1,mg/l,True,0.1,,,LAC10-107-04-1J,IGS-GRAB,Actual,SW,Water,,,Clayton,07060004,River/Stream,,42.76688423,-91.46209679
6,15220009,South Cedar Creek @ Lower Cedar Rd (CED10),07/02/2012 11:20:00,TURKEYR,NIT-NO3-NO2,Inorganic nitrogen (nitrate and nitrite) (as N),Total,,3.1,mg/l,True,0.1,,,LAC10-107-04-1J,IGS-GRAB,Actual,SW,Water,,,Clayton,07060004,River/Stream,,42.74424922,-91.21535774
6,15220020,Turkey River @ Highway 52 (TR10),07/02/2012 10:15:00,TURKEYR,NIT-NO3-NO2,Inorganic nitrogen (nitrate and nitrite) (as N),Total,,3.7,mg/l,True,0.1,,,LAC10-107-04-1J,IGS-GRAB,Actual,SW,Water,,,Clayton,07060004,River/Stream,,42.70781335,-91.0757377
6,15220012,Elk Creek @ Colesburg Rd/X3C (ELK10),07/02/2012 10:14:00,TURKEYR,NIT-NO3-NO2,Inorganic nitrogen (nitrate and nitrite) (as N),Total,,2.5,mg/l,True,0.1,,,LAC10-107-04-1J,IGS-GRAB,Actual,SW,Water,,,Clayton,07060004,River/Stream,,42.73331715,-91.28009598
6,15220014,Howard Creek @ Mouth (HOW10),07/02/2012 08:24:00,TURKEYR,NIT-NO3-NO2,Inorganic nitrogen (nitrate and nitrite) (as N),Total,,7.7,mg/l,True,0.1,,,LAC10-107-04-1J,IGS-GRAB,Actual,SW,Water,,,Clayton,07060004,River/Stream,,42.9300546,-91.38292282
6,15220011,Dry Mill Creek @ Grape Rd (DMI10),06/06/2012 12:55:00,TURKEYR,NIT-NO3-NO2,Inorganic nitrogen (nitrate and nitrite) (as N),Total,,15,mg/l,True,0.1,,,LAC10-107-04-1J,IGS-GRAB,Actual,SW,Water,,,Clayton,07060004,River/Stream,,42.84327492,-91.36969617
6,15220009,South Cedar Creek @ Lower Cedar Rd (CED10),06/06/2012 12:50:00,TURKEYR,NIT-NO3-NO2,Inorganic nitrogen (nitrate and nitrite) (as N),Total,,5,mg/l,True,0.1,,,LAC10-107-04-1J,IGS-GRAB,Actual,SW,Water,,,Clayton,07060004,River/Stream,,42.74424922,-91.21535774
6,15220045,Turkey River @ Hwy. 13 (TR28),06/06/2012 12:35:00,TURKEYR,NIT-NO3-NO2,Inorganic nitrogen (nitrate and nitrite) (as N),Total,,9.4,mg/l,True,0.1,,,LAC10-107-04-1J,IGS-GRAB,Actual,SW,Water,,,Clayton,07060004,River/Stream,,42.84321539,-91.40058452
6,15220016,Mink Creek @ Aztec Road (MIN10),06/06/2012 08:50:00,TURKEYR,NIT-NO3-NO2,Inorganic nitrogen (nitrate and nitrite) (as N),Total,,6.9,mg/l,True,0.1,,,LAC10-107-04-1J,IGS-GRAB,Actual,SW,Water,,,Clayton,07060004,River/Stream,,42.8441202,-91.59732742
6,15220012,Elk Creek @ Colesburg Rd/X3C (ELK10),06/06/2012 08:06:00,TURKEYR,NIT-NO3-NO2,Inorganic nitrogen (nitrate and nitrite) (as N),Total,,3.5,mg/l,True,0.1,,,LAC10-107-04-1J,IGS-GRAB,Actual,SW,Water,,,Clayton,07060004,River/Stream,,42.73331715,-91.28009598
6,15220013,Hewett Creek @ Crystal Road (HEW20),06/06/2012 07:40:00,TURKEYR,NIT-NO3-NO2,Inorganic nitrogen (nitrate and nitrite) (as N),Total,,4.8,mg/l,True,0.1,,,LAC10-107-04-1J,IGS-GRAB,Actual,SW,Water,,,Clayton,07060004,River/Stream,,42.78586318,-91.51847775
6,15220045,Turkey River @ Hwy. 13 (TR28),05/02/2012 14:15:00,TURKEYR,NIT-NO3-NO2,Inorganic nitrogen (nitrate and nitrite) (as N),Total,,8.4,mg/l,True,0.1,,,LAC10-107-04-1J,IGS-GRAB,Actual,SW,Water,,,Clayton,07060004,River/Stream,,42.84321539,-91.40058452
6,15220010,Cox Creek @ Highway 13 (COX20),06/06/2012 07:15:00,TURKEYR,NIT-NO3-NO2,Inorganic nitrogen (nitrate and nitrite) (as N),Total,,3.4,mg/l,True,0.1,,,LAC10-107-04-1J,IGS-GRAB,Actual,SW,Water,,,Clayton,07060004,River/Stream,,42.76688423,-91.46209679
6,15220019,Roberts Creek @ Dalmation Ave (ROB50),05/02/2012 12:35:00,TURKEYR,NIT-NO3-NO2,Inorganic nitrogen (nitrate and nitrite) (as N),Total,,7.2,mg/l,True,0.1,,,LAC10-107-04-1J,IGS-GRAB,Actual,SW,Water,,,Clayton,07060004,River/Stream,,42.95959549,-91.4562996
6,15220010,Cox Creek @ Highway 13 (COX20),05/02/2012 08:15:00,TURKEYR,NIT-NO3-NO2,Inorganic nitrogen (nitrate and nitrite) (as N),Total,,2.8,mg/l,True,0.1,,,LAC10-107-04-1J,IGS-GRAB,Actual,SW,Water,,,Clayton,07060004,River/Stream,,42.76688423,-91.46209679
6,15220017,Roberts Creek @ Grape Rd (ROB10),04/04/2012 13:40:00,TURKEYR,NIT-NO3-NO2,Inorganic nitrogen (nitrate and nitrite) (as N),Total,,6.8,mg/l,True,0.1,,,LAC10-107-04-1J,IGS-GRAB,Actual,SW,Water,,,Clayton,07060004,River/Stream,,42.83952465,-91.37446914
6,15220011,Dry Mill Creek @ Grape Rd (DMI10),04/04/2012 13:30:00,TURKEYR,NIT-NO3-NO2,Inorganic nitrogen (nitrate and nitrite) (as N),Total,,11,mg/l,True,0.1,,,LAC10-107-04-1J,IGS-GRAB,Actual,SW,Water,,,Clayton,07060004,River/Stream,,42.84327492,-91.36969617
6,15220012,Elk Creek @ Colesburg Rd/X3C (ELK10),04/04/2012 11:30:00,TURKEYR,NIT-NO3-NO2,Inorganic nitrogen (nitrate and nitrite) (as N),Total,,4.1,mg/l,True,0.1,,,LAC10-107-04-1J,IGS-GRAB,Actual,SW,Water,,,Clayton,07060004,River/Stream,,42.73331715,-91.28009598
6,15220016,Mink Creek @ Aztec Road (MIN10),04/04/2012 08:25:00,TURKEYR,NIT-NO3-NO2,Inorganic nitrogen (nitrate and nitrite) (as N),Total,,4.4,mg/l,True,0.1,,,LAC10-107-04-1J,IGS-GRAB,Actual,SW,Water,,,Clayton,07060004,River/Stream,,42.8441202,-91.59732742
6,15220014,Howard Creek @ Mouth (HOW10),05/02/2012 13:15:00,TURKEYR,NIT-NO3-NO2,Inorganic nitrogen (nitrate and nitrite) (as N),Total,,8.1,mg/l,True,0.1,,,LAC10-107-04-1J,IGS-GRAB,Actual,SW,Water,,,Clayton,07060004,River/Stream,,42.9300546,-91.38292282
6,15220011,Dry Mill Creek @ Grape Rd (DMI10),05/02/2012 15:00:00,TURKEYR,NIT-NO3-NO2,Inorganic nitrogen (nitrate and nitrite) (as N),Total,,12,mg/l,True,0.1,,,LAC10-107-04-1J,IGS-GRAB,Actual,SW,Water,,,Clayton,07060004,River/Stream,,42.84327492,-91.36969617
6,15220010,Cox Creek @ Highway 13 (COX20),07/02/2012 07:15:00,TURKEYR,NIT-NO3-NO2,Inorganic nitrogen (nitrate and nitrite) (as N),Total,,2.4,mg/l,True,0.1,,,LAC10-107-04-1J,IGS-GRAB,Actual,SW,Water,,,Clayton,07060004,River/Stream,,42.76688423,-91.46209679
6,15220013,Hewett Creek @ Crystal Road (HEW20),07/02/2012 07:40:00,TURKEYR,NIT-NO3-NO2,Inorganic nitrogen (nitrate and nitrite) (as N),Total,,3.5,mg/l,True,0.1,,,LAC10-107-04-1J,IGS-GRAB,Actual,SW,Water,,,Clayton,07060004,River/Stream,,42.78586318,-91.51847775
6,15220016,Mink Creek @ Aztec Road (MIN10),05/02/2012 09:00:00,TURKEYR,NIT-NO3-NO2,Inorganic nitrogen (nitrate and nitrite) (as N),Total,,3.9,mg/l,True,0.1,,,LAC10-107-04-1J,IGS-GRAB,Actual,SW,Water,,,Clayton,07060004,River/Stream,,42.8441202,-91.59732742
6,15220019,Roberts Creek @ Dalmation Ave (ROB50),09/05/2012 14:50:00,TURKEYR,NIT-NO3-NO2,Inorganic nitrogen (nitrate and nitrite) (as N),Total,,2.3,mg/l,True,0.1,,,LAC10-107-04-1J,IGS-GRAB,Actual,SW,Water,,,Clayton,07060004,River/Stream,,42.95959549,-91.4562996
6,15220020,Turkey River @ Highway 52 (TR10),09/05/2012 10:10:00,TURKEYR,NIT-NO3-NO2,Inorganic nitrogen (nitrate and nitrite) (as N),Total,,1.3,mg/l,True,0.1,,,LAC10-107-04-1J,IGS-GRAB,Actual,SW,Water,,,Clayton,07060004,River/Stream,,42.70781335,-91.0757377
6,15220012,Elk Creek @ Colesburg Rd/X3C (ELK10),09/05/2012 09:52:00,TURKEYR,NIT-NO3-NO2,Inorganic nitrogen (nitrate and nitrite) (as N),Total,,1.8,mg/l,True,0.1,,,LAC10-107-04-1J,IGS-GRAB,Actual,SW,Water,,,Clayton,07060004,River/Stream,,42.73331715,-91.28009598
6,15220013,Hewett Creek @ Crystal Road (HEW20),09/05/2012 08:20:00,TURKEYR,NIT-NO3-NO2,Inorganic nitrogen (nitrate and nitrite) (as N),Total,,3.2,mg/l,True,0.1,,,LAC10-107-04-1J,IGS-GRAB,Actual,SW,Water,,,Clayton,07060004,River/Stream,,42.78586318,-91.51847775
6,15220019,Roberts Creek @ Dalmation Ave (ROB50),07/02/2012 07:40:00,TURKEYR,NIT-NO3-NO2,Inorganic nitrogen (nitrate and nitrite) (as N),Total,,5.6,mg/l,True,0.1,,,LAC10-107-04-1J,IGS-GRAB,Actual,SW,Water,,,Clayton,07060004,River/Stream,,42.95959549,-91.4562996
6,15220017,Roberts Creek @ Grape Rd (ROB10),05/02/2012 14:50:00,TURKEYR,NIT-NO3-NO2,Inorganic nitrogen (nitrate and nitrite) (as N),Total,,8.5,mg/l,True,0.1,,,LAC10-107-04-1J,IGS-GRAB,Actual,SW,Water,,,Clayton,07060004,River/Stream,,42.83952465,-91.37446914
6,15220016,Mink Creek @ Aztec Road (MIN10),07/02/2012 08:15:00,TURKEYR,NIT-NO3-NO2,Inorganic nitrogen (nitrate and nitrite) (as N),Total,,5.6,mg/l,True,0.1,,,LAC10-107-04-1J,IGS-GRAB,Actual,SW,Water,,,Clayton,07060004,River/Stream,,42.8441202,-91.59732742
6,15220049,Pine Creek near 400th St. (Pine Creek 4),05/31/2012 14:15:00,STLSBRNC,NIT-NO3-NO2,Inorganic nitrogen (nitrate and nitrite) (as N),Total,,13,mg/l,True,0.1,,,LAC10-107-04-1J,IGS-GRAB,Actual,SW,Water,,,Clayton,07060004,River/Stream,,42.64623736,-91.2241035
6,15220048,Brownfield Creek near Horseshoe Road (Pine Creek 3),05/31/2012 14:30:00,STLSBRNC,NIT-NO3-NO2,Inorganic nitrogen (nitrate and nitrite) (as N),Total,,10,mg/l,True,0.1,,,LAC10-107-04-1J,IGS-GRAB,Actual,SW,Water,,,Clayton,07060004,River/Stream,,42.6580697,-91.24980316
6,15220048,Brownfield Creek near Horseshoe Road (Pine Creek 3),07/31/2012 09:30:00,STLSBRNC,NIT-NO3-NO2,Inorganic nitrogen (nitrate and nitrite) (as N),Total,,8.4,mg/l,True,0.1,,,LAC10-107-04-1J,IGS-GRAB,Actual,SW,Water,,,Clayton,07060004,River/Stream,,42.6580697,-91.24980316
6,15220048,Brownfield Creek near Horseshoe Road (Pine Creek 3),09/12/2012 10:00:00,STLSBRNC,NIT-NO3-NO2,Inorganic nitrogen (nitrate and nitrite) (as N),Total,,8.3,mg/l,True,0.1,,,LAC10-107-04-1J,IGS-GRAB,Actual,SW,Water,,,Clayton,07060004,River/Stream,,42.6580697,-91.24980316
6,15220048,Brownfield Creek near Horseshoe Road (Pine Creek 3),10/15/2012 12:10:00,STLSBRNC,NIT-NO3-NO2,Inorganic nitrogen (nitrate and nitrite) (as N),Total,,7.6,mg/l,True,0.1,,,LAC10-107-04-1J,IGS-GRAB,Actual,SW,Water,,,Clayton,07060004,River/Stream,,42.6580697,-91.24980316
6,10220003,Bloody Run Creek Site #1 (BR01),09/03/1996 11:25:00,SNY319,NIT-ORGN,Organic Nitrogen,Total,,0.1,mg/l,False,0.1,,,351.2,SNY001,Calculated,SW,Water,,,Clayton,07060001,River/Stream,,43.0404991,-91.2055504
6,10220003,Bloody Run Creek Site #1 (BR01),08/27/1996 13:00:00,SNY319,NIT-ORGN,Organic Nitrogen,Total,,0.1,mg/l,False,0.1,,,351.2,SNY001,Calculated,SW,Water,,,Clayton,07060001,River/Stream,,43.0404991,-91.2055504
6,10220003,Bloody Run Creek Site #1 (BR01),08/13/1996 11:35:00,SNY319,NIT-ORGN,Organic Nitrogen,Total,,0.1,mg/l,False,0.1,,,351.2,SNY001,Calculated,SW,Water,,,Clayton,07060001,River/Stream,,43.0404991,-91.2055504
6,10220003,Bloody Run Creek Site #1 (BR01),08/06/1996 10:00:00,SNY319,NIT-ORGN,Organic Nitrogen,Total,,0.1,mg/l,True,0.1,,,351.2,SNY001,Calculated,SW,Water,,,Clayton,07060001,River/Stream,,43.0404991,-91.2055504
6,10220003,Bloody Run Creek Site #1 (BR01),07/23/1996 11:20:00,SNY319,NIT-ORGN,Organic Nitrogen,Total,,0.1,mg/l,True,0.1,,,351.2,SNY001,Calculated,SW,Water,,,Clayton,07060001,River/Stream,,43.0404991,-91.2055504
6,10220003,Bloody Run Creek Site #1 (BR01),07/16/1996 10:00:00,SNY319,NIT-ORGN,Organic Nitrogen,Total,,0.2,mg/l,True,0.1,,,351.2,SNY001,Calculated,SW,Water,,,Clayton,07060001,River/Stream,,43.0404991,-91.2055504
6,10220003,Bloody Run Creek Site #1 (BR01),07/02/1996 10:00:00,SNY319,NIT-ORGN,Organic Nitrogen,Total,,0.1,mg/l,True,0.1,,,351.2,SNY001,Calculated,SW,Water,,,Clayton,07060001,River/Stream,,43.0404991,-91.2055504
6,10220003,Bloody Run Creek Site #1 (BR01),09/24/1996 13:10:00,SNY319,NIT-ORGN,Organic Nitrogen,Total,,0.1,mg/l,False,0.1,,,351.2,SNY001,Calculated,SW,Water,,,Clayton,07060001,River/Stream,,43.0404991,-91.2055504
6,15220002,Bloody Run Creek at Spook Cave (BRSC),09/28/1994 08:05:00,SNY319,NIT-ORGN,Organic Nitrogen,Total,,0.8,mg/l,True,0.1,,,351.2,SNY001,Calculated,SW,Water,,,Clayton,07060001,River/Stream,,43.03326422,-91.30759437
6,10220003,Bloody Run Creek Site #1 (BR01),12/20/1994 09:30:00,SNY319,NIT-ORGN,Organic Nitrogen,Total,,0.1,mg/l,True,0.1,,,351.2,SNY001,Calculated,SW,Water,,,Clayton,07060001,River/Stream,,43.0404991,-91.2055504
6,10220003,Bloody Run Creek Site #1 (BR01),11/29/1994 09:10:00,SNY319,NIT-ORGN,Organic Nitrogen,Total,,0.2,mg/l,True,0.1,,,351.2,SNY001,Calculated,SW,Water,,,Clayton,07060001,River/Stream,,43.0404991,-91.2055504
6,10220003,Bloody Run Creek Site #1 (BR01),12/13/1994 13:20:00,SNY319,NIT-ORGN,Organic Nitrogen,Total,,0.1,mg/l,False,0.1,,,351.2,SNY001,Calculated,SW,Water,,,Clayton,07060001,River/Stream,,43.0404991,-91.2055504
6,10220003,Bloody Run Creek Site #1 (BR01),11/22/1994 13:00:00,SNY319,NIT-ORGN,Organic Nitrogen,Total,,0.2,mg/l,True,0.1,,,351.2,SNY001,Calculated,SW,Water,,,Clayton,07060001,River/Stream,,43.0404991,-91.2055504
6,10220003,Bloody Run Creek Site #1 (BR01),11/08/1994 15:10:00,SNY319,NIT-ORGN,Organic Nitrogen,Total,,0.1,mg/l,False,0.1,,,351.2,SNY001,Calculated,SW,Water,,,Clayton,07060001,River/Stream,,43.0404991,-91.2055504
6,10220003,Bloody Run Creek Site #1 (BR01),10/18/1994 10:30:00,SNY319,NIT-ORGN,Organic Nitrogen,Total,,0.1,mg/l,True,0.1,,,351.2,SNY001,Calculated,SW,Water,,,Clayton,07060001,River/Stream,,43.0404991,-91.2055504
6,10220003,Bloody Run Creek Site #1 (BR01),11/01/1994 10:00:00,SNY319,NIT-ORGN,Organic Nitrogen,Total,,0.1,mg/l,False,0.1,,,351.2,SNY001,Calculated,SW,Water,,,Clayton,07060001,River/Stream,,43.0404991,-91.2055504
6,10220003,Bloody Run Creek Site #1 (BR01),10/11/1994 13:55:00,SNY319,NIT-ORGN,Organic Nitrogen,Total,,0.3,mg/l,True,0.1,,,351.2,SNY001,Calculated,SW,Water,,,Clayton,07060001,River/Stream,,43.0404991,-91.2055504
6,10220003,Bloody Run Creek Site #1 (BR01),09/28/1994 09:10:00,SNY319,NIT-ORGN,Organic Nitrogen,Total,,0.4,mg/l,True,0.1,,,351.2,SNY001,Calculated,SW,Water,,,Clayton,07060001,River/Stream,,43.0404991,-91.2055504
6,10220003,Bloody Run Creek Site #1 (BR01),09/06/1994 14:35:00,SNY319,NIT-ORGN,Organic Nitrogen,Total,,0.2,mg/l,True,0.1,,,351.2,SNY001,Calculated,SW,Water,,,Clayton,07060001,River/Stream,,43.0404991,-91.2055504
6,10220003,Bloody Run Creek Site #1 (BR01),08/30/1994 09:15:00,SNY319,NIT-ORGN,Organic Nitrogen,Total,,0.1,mg/l,False,0.1,,,351.2,SNY001,Calculated,SW,Water,,,Clayton,07060001,River/Stream,,43.0404991,-91.2055504
6,10220003,Bloody Run Creek Site #1 (BR01),04/18/1995 09:45:00,SNY319,NIT-ORGN,Organic Nitrogen,Total,,0.3,mg/l,True,0.1,,,351.2,SNY001,Calculated,SW,Water,,,Clayton,07060001,River/Stream,,43.0404991,-91.2055504
6,10220003,Bloody Run Creek Site #1 (BR01),04/04/1995 13:05:00,SNY319,NIT-ORGN,Organic Nitrogen,Total,,0.2,mg/l,True,0.1,,,351.2,SNY001,Calculated,SW,Water,,,Clayton,07060001,River/Stream,,43.0404991,-91.2055504
6,10220003,Bloody Run Creek Site #1 (BR01),04/25/1995 08:50:00,SNY319,NIT-ORGN,Organic Nitrogen,Total,,0.1,mg/l,False,0.1,,,351.2,SNY001,Calculated,SW,Water,,,Clayton,07060001,River/Stream,,43.0404991,-91.2055504
6,10220003,Bloody Run Creek Site #1 (BR01),03/14/1995 13:50:00,SNY319,NIT-ORGN,Organic Nitrogen,Total,,0.7,mg/l,True,0.1,,,351.2,SNY001,Calculated,SW,Water,,,Clayton,07060001,River/Stream,,43.0404991,-91.2055504
6,10220003,Bloody Run Creek Site #1 (BR01),03/07/1995 13:30:00,SNY319,NIT-ORGN,Organic Nitrogen,Total,,0.2,mg/l,True,0.1,,,351.2,SNY001,Calculated,SW,Water,,,Clayton,07060001,River/Stream,,43.0404991,-91.2055504
6,10220003,Bloody Run Creek Site #1 (BR01),03/28/1995 09:40:00,SNY319,NIT-ORGN,Organic Nitrogen,Total,,0.2,mg/l,True,0.1,,,351.2,SNY001,Calculated,SW,Water,,,Clayton,07060001,River/Stream,,43.0404991,-91.2055504
6,10220003,Bloody Run Creek Site #1 (BR01),02/14/1995 11:50:00,SNY319,NIT-ORGN,Organic Nitrogen,Total,,0.2,mg/l,True,0.1,,,351.2,SNY001,Calculated,SW,Water,,,Clayton,07060001,River/Stream,,43.0404991,-91.2055504
6,10220003,Bloody Run Creek Site #1 (BR01),02/21/1995 10:00:00,SNY319,NIT-ORGN,Organic Nitrogen,Total,,1.7,mg/l,True,0.1,,,351.2,SNY001,Calculated,SW,Water,,,Clayton,07060001,River/Stream,,43.0404991,-91.2055504
6,10220003,Bloody Run Creek Site #1 (BR01),01/03/1995 13:00:00,SNY319,NIT-ORGN,Organic Nitrogen,Total,,0.2,mg/l,True,0.1,,,351.2,SNY001,Calculated,SW,Water,,,Clayton,07060001,River/Stream,,43.0404991,-91.2055504
6,10220003,Bloody Run Creek Site #1 (BR01),01/24/1995 13:00:00,SNY319,NIT-ORGN,Organic Nitrogen,Total,,0.1,mg/l,True,0.1,,,351.2,SNY001,Calculated,SW,Water,,,Clayton,07060001,River/Stream,,43.0404991,-91.2055504
6,10220003,Bloody Run Creek Site #1 (BR01),05/30/1995 13:15:00,SNY319,NIT-ORGN,Organic Nitrogen,Total,,0.2,mg/l,True,0.1,,,351.2,SNY001,Calculated,SW,Water,,,Clayton,07060001,River/Stream,,43.0404991,-91.2055504
6,10220003,Bloody Run Creek Site #1 (BR01),05/09/1995 13:15:00,SNY319,NIT-ORGN,Organic Nitrogen,Total,,0.7,mg/l,True,0.1,,,351.2,SNY001,Calculated,SW,Water,,,Clayton,07060001,River/Stream,,43.0404991,-91.2055504
6,10220003,Bloody Run Creek Site #1 (BR01),05/16/1995 09:25:00,SNY319,NIT-ORGN,Organic Nitrogen,Total,,0.2,mg/l,True,0.1,,,351.2,SNY001,Calculated,SW,Water,,,Clayton,07060001,River/Stream,,43.0404991,-91.2055504
6,10220003,Bloody Run Creek Site #1 (BR01),06/06/1995 07:30:00,SNY319,NIT-ORGN,Organic Nitrogen,Total,,0.1,mg/l,False,0.1,,,351.2,SNY001,Calculated,SW,Water,,,Clayton,07060001,River/Stream,,43.0404991,-91.2055504
6,10220003,Bloody Run Creek Site #1 (BR01),02/07/1995 09:30:00,SNY319,NIT-ORGN,Organic Nitrogen,Total,,0.2,mg/l,True,0.1,,,351.2,SNY001,Calculated,SW,Water,,,Clayton,07060001,River/Stream,,43.0404991,-91.2055504
6,10220003,Bloody Run Creek Site #1 (BR01),01/31/1995 09:20:00,SNY319,NIT-ORGN,Organic Nitrogen,Total,,0.1,mg/l,False,0.1,,,351.2,SNY001,Calculated,SW,Water,,,Clayton,07060001,River/Stream,,43.0404991,-91.2055504
6,10220003,Bloody Run Creek Site #1 (BR01),01/17/1995 10:30:00,SNY319,NIT-ORGN,Organic Nitrogen,Total,,0.3,mg/l,True,0.1,,,351.2,SNY001,Calculated,SW,Water,,,Clayton,07060001,River/Stream,,43.0404991,-91.2055504
6,10220003,Bloody Run Creek Site #1 (BR01),01/10/1995 12:50:00,SNY319,NIT-ORGN,Organic Nitrogen,Total,,0.3,mg/l,True,0.1,,,351.2,SNY001,Calculated,SW,Water,,,Clayton,07060001,River/Stream,,43.0404991,-91.2055504
6,10220003,Bloody Run Creek Site #1 (BR01),12/27/1994 08:35:00,SNY319,NIT-ORGN,Organic Nitrogen,Total,,0.1,mg/l,False,0.1,,,351.2,SNY001,Calculated,SW,Water,,,Clayton,07060001,River/Stream,,43.0404991,-91.2055504
6,10220003,Bloody Run Creek Site #1 (BR01),12/06/1994 10:50:00,SNY319,NIT-ORGN,Organic Nitrogen,Total,,0.3,mg/l,True,0.1,,,351.2,SNY001,Calculated,SW,Water,,,Clayton,07060001,River/Stream,,43.0404991,-91.2055504
6,10220003,Bloody Run Creek Site #1 (BR01),10/04/1994 14:30:00,SNY319,NIT-ORGN,Organic Nitrogen,Total,,0.4,mg/l,True,0.1,,,351.2,SNY001,Calculated,SW,Water,,,Clayton,07060001,River/Stream,,43.0404991,-91.2055504
6,10220003,Bloody Run Creek Site #1 (BR01),09/20/1994 09:55:00,SNY319,NIT-ORGN,Organic Nitrogen,Total,,0.1,mg/l,False,0.1,,,351.2,SNY001,Calculated,SW,Water,,,Clayton,07060001,River/Stream,,43.0404991,-91.2055504
6,10220003,Bloody Run Creek Site #1 (BR01),08/23/1994 13:05:00,SNY319,NIT-ORGN,Organic Nitrogen,Total,,0.3,mg/l,True,0.1,,,351.2,SNY001,Calculated,SW,Water,,,Clayton,07060001,River/Stream,,43.0404991,-91.2055504
6,10220003,Bloody Run Creek Site #1 (BR01),09/13/1994 11:00:00,SNY319,NIT-ORGN,Organic Nitrogen,Total,,0.3,mg/l,True,0.1,,,351.2,SNY001,Calculated,SW,Water,,,Clayton,07060001,River/Stream,,43.0404991,-91.2055504
6,10220003,Bloody Run Creek Site #1 (BR01),08/16/1994 13:15:00,SNY319,NIT-ORGN,Organic Nitrogen,Total,,0.1,mg/l,False,0.1,,,351.2,SNY001,Calculated,SW,Water,,,Clayton,07060001,River/Stream,,43.0404991,-91.2055504
6,10220003,Bloody Run Creek Site #1 (BR01),05/02/1995 09:20:00,SNY319,NIT-ORGN,Organic Nitrogen,Total,,0.3,mg/l,True,0.1,,,351.2,SNY001,Calculated,SW,Water,,,Clayton,07060001,River/Stream,,43.0404991,-91.2055504
6,10220003,Bloody Run Creek Site #1 (BR01),04/11/1995 12:45:00,SNY319,NIT-ORGN,Organic Nitrogen,Total,,0.4,mg/l,True,0.1,,,351.2,SNY001,Calculated,SW,Water,,,Clayton,07060001,River/Stream,,43.0404991,-91.2055504
6,10220003,Bloody Run Creek Site #1 (BR01),11/15/1994 13:00:00,SNY319,NIT-ORGN,Organic Nitrogen,Total,,0.1,mg/l,True,0.1,,,351.2,SNY001,Calculated,SW,Water,,,Clayton,07060001,River/Stream,,43.0404991,-91.2055504
6,10220003,Bloody Run Creek Site #1 (BR01),03/21/1995 10:10:00,SNY319,NIT-ORGN,Organic Nitrogen,Total,,0.4,mg/l,True,0.1,,,351.2,SNY001,Calculated,SW,Water,,,Clayton,07060001,River/Stream,,43.0404991,-91.2055504
6,10220003,Bloody Run Creek Site #1 (BR01),02/28/1995 09:05:00,SNY319,NIT-ORGN,Organic Nitrogen,Total,,0.3,mg/l,True,0.1,,,351.2,SNY001,Calculated,SW,Water,,,Clayton,07060001,River/Stream,,43.0404991,-91.2055504
6,10220003,Bloody Run Creek Site #1 (BR01),05/23/1995 13:20:00,SNY319,NIT-ORGN,Organic Nitrogen,Total,,1.9,mg/l,True,0.1,,,351.2,SNY001,Calculated,SW,Water,,,Clayton,07060001,River/Stream,,43.0404991,-91.2055504
6,10220003,Bloody Run Creek Site #1 (BR01),10/25/1994 12:05:00,SNY319,NIT-ORGN,Organic Nitrogen,Total,,0.1,mg/l,True,0.1,,,351.2,SNY001,Calculated,SW,Water,,,Clayton,07060001,River/Stream,,43.0404991,-91.2055504
6,15220004,Sny Magill Creek Site #1 (SN01),09/17/1996 12:00:00,SNY319,NIT-ORGN,Organic Nitrogen,Total,,0.1,mg/l,False,0.1,,,351.2,SNY001,Calculated,SW,Water,,,Clayton,07060003,River/Stream,,42.94880662,-91.18632674
6,15220004,Sny Magill Creek Site #1 (SN01),07/09/1996 13:20:00,SNY319,NIT-ORGN,Organic Nitrogen,Total,,0.2,mg/l,True,0.1,,,351.2,SNY001,Calculated,SW,Water,,,Clayton,07060003,River/Stream,,42.94880662,-91.18632674
6,15220004,Sny Magill Creek Site #1 (SN01),04/30/1996 13:00:00,SNY319,NIT-ORGN,Organic Nitrogen,Total,,0.2,mg/l,True,0.1,,,351.2,SNY001,Calculated,SW,Water,,,Clayton,07060003,River/Stream,,42.94880662,-91.18632674
6,15220004,Sny Magill Creek Site #1 (SN01),09/10/1996 12:35:00,SNY319,NIT-ORGN,Organic Nitrogen,Total,,0.2,mg/l,True,0.1,,,351.2,SNY001,Calculated,SW,Water,,,Clayton,07060003,River/Stream,,42.94880662,-91.18632674
6,15220004,Sny Magill Creek Site #1 (SN01),06/18/1996 12:30:00,SNY319,NIT-ORGN,Organic Nitrogen,Total,,0.7,mg/l,True,0.1,,,351.2,SNY001,Calculated,SW,Water,,,Clayton,07060003,River/Stream,,42.94880662,-91.18632674
6,15220004,Sny Magill Creek Site #1 (SN01),06/11/1996 11:40:00,SNY319,NIT-ORGN,Organic Nitrogen,Total,,0.3,mg/l,True,0.1,,,351.2,SNY001,Calculated,SW,Water,,,Clayton,07060003,River/Stream,,42.94880662,-91.18632674
6,15220004,Sny Magill Creek Site #1 (SN01),04/23/1996 12:00:00,SNY319,NIT-ORGN,Organic Nitrogen,Total,,0.1,mg/l,True,0.1,,,351.2,SNY001,Calculated,SW,Water,,,Clayton,07060003,River/Stream,,42.94880662,-91.18632674
6,15220004,Sny Magill Creek Site #1 (SN01),04/09/1996 10:40:00,SNY319,NIT-ORGN,Organic Nitrogen,Total,,0.2,mg/l,True,0.1,,,351.2,SNY001,Calculated,SW,Water,,,Clayton,07060003,River/Stream,,42.94880662,-91.18632674
6,15220004,Sny Magill Creek Site #1 (SN01),04/02/1996 11:50:00,SNY319,NIT-ORGN,Organic Nitrogen,Total,,0.1,mg/l,True,0.1,,,351.2,SNY001,Calculated,SW,Water,,,Clayton,07060003,River/Stream,,42.94880662,-91.18632674
6,15220004,Sny Magill Creek Site #1 (SN01),03/12/1996 14:45:00,SNY319,NIT-ORGN,Organic Nitrogen,Total,,0.9,mg/l,True,0.1,,,351.2,SNY001,Calculated,SW,Water,,,Clayton,07060003,River/Stream,,42.94880662,-91.18632674
6,15220004,Sny Magill Creek Site #1 (SN01),03/19/1996 12:15:00,SNY319,NIT-ORGN,Organic Nitrogen,Total,,0.2,mg/l,True,0.1,,,351.2,SNY001,Calculated,SW,Water,,,Clayton,07060003,River/Stream,,42.94880662,-91.18632674
6,15220004,Sny Magill Creek Site #1 (SN01),02/20/1996 10:20:00,SNY319,NIT-ORGN,Organic Nitrogen,Total,,0.1,mg/l,False,0.1,,,351.2,SNY001,Calculated,SW,Water,,,Clayton,07060003,River/Stream,,42.94880662,-91.18632674
6,15220004,Sny Magill Creek Site #1 (SN01),02/13/1996 13:15:00,SNY319,NIT-ORGN,Organic Nitrogen,Total,,0.2,mg/l,True,0.1,,,351.2,SNY001,Calculated,SW,Water,,,Clayton,07060003,River/Stream,,42.94880662,-91.18632674
6,15220004,Sny Magill Creek Site #1 (SN01),01/30/1996 15:40:00,SNY319,NIT-ORGN,Organic Nitrogen,Total,,0.1,mg/l,False,0.1,,,351.2,SNY001,Calculated,SW,Water,,,Clayton,07060003,River/Stream,,42.94880662,-91.18632674
6,15220004,Sny Magill Creek Site #1 (SN01),01/23/1996 14:10:00,SNY319,NIT-ORGN,Organic Nitrogen,Total,,0.2,mg/l,True,0.1,,,351.2,SNY001,Calculated,SW,Water,,,Clayton,07060003,River/Stream,,42.94880662,-91.18632674
6,15220004,Sny Magill Creek Site #1 (SN01),01/02/1996 13:30:00,SNY319,NIT-ORGN,Organic Nitrogen,Total,,0.1,mg/l,False,0.1,,,351.2,SNY001,Calculated,SW,Water,,,Clayton,07060003,River/Stream,,42.94880662,-91.18632674
6,15220004,Sny Magill Creek Site #1 (SN01),01/09/2001 12:20:00,SNY319,NIT-ORGN,Organic Nitrogen,Total,,0.1,mg/l,False,0.1,,,351.2,SNY001,Calculated,SW,Water,,,Clayton,07060003,River/Stream,,42.94880662,-91.18632674
6,15220004,Sny Magill Creek Site #1 (SN01),01/16/2001 12:10:00,SNY319,NIT-ORGN,Organic Nitrogen,Total,,0.1,mg/l,False,0.1,,,351.2,SNY001,Calculated,SW,Water,,,Clayton,07060003,River/Stream,,42.94880662,-91.18632674
6,15220004,Sny Magill Creek Site #1 (SN01),02/13/2001 13:00:00,SNY319,NIT-ORGN,Organic Nitrogen,Total,,0.1,mg/l,False,0.1,,,351.2,SNY001,Calculated,SW,Water,,,Clayton,07060003,River/Stream,,42.94880662,-91.18632674
6,15220004,Sny Magill Creek Site #1 (SN01),02/20/2001 13:00:00,SNY319,NIT-ORGN,Organic Nitrogen,Total,,0.1,mg/l,False,0.1,,,351.2,SNY001,Calculated,SW,Water,,,Clayton,07060003,River/Stream,,42.94880662,-91.18632674
6,15220004,Sny Magill Creek Site #1 (SN01),03/13/2001 12:10:00,SNY319,NIT-ORGN,Organic Nitrogen,Total,,0.1,mg/l,False,0.1,,,351.2,SNY001,Calculated,SW,Water,,,Clayton,07060003,River/Stream,,42.94880662,-91.18632674
6,15220004,Sny Magill Creek Site #1 (SN01),03/20/2001 13:25:00,SNY319,NIT-ORGN,Organic Nitrogen,Total,,0.6,mg/l,True,0.1,,,351.2,SNY001,Calculated,SW,Water,,,Clayton,07060003,River/Stream,,42.94880662,-91.18632674
6,15220004,Sny Magill Creek Site #1 (SN01),04/10/2001 13:15:00,SNY319,NIT-ORGN,Organic Nitrogen,Total,,0.2,mg/l,True,0.1,,,351.2,SNY001,Calculated,SW,Water,,,Clayton,07060003,River/Stream,,42.94880662,-91.18632674
6,15220004,Sny Magill Creek Site #1 (SN01),04/17/2001 13:10:00,SNY319,NIT-ORGN,Organic Nitrogen,Total,,0.1,mg/l,False,0.1,,,351.2,SNY001,Calculated,SW,Water,,,Clayton,07060003,River/Stream,,42.94880662,-91.18632674
6,15220004,Sny Magill Creek Site #1 (SN01),05/08/2001 13:15:00,SNY319,NIT-ORGN,Organic Nitrogen,Total,,0.1,mg/l,False,0.1,,,351.2,SNY001,Calculated,SW,Water,,,Clayton,07060003,River/Stream,,42.94880662,-91.18632674
6,15220004,Sny Magill Creek Site #1 (SN01),05/15/2001 11:40:00,SNY319,NIT-ORGN,Organic Nitrogen,Total,,0.3,mg/l,True,0.1,,,351.2,SNY001,Calculated,SW,Water,,,Clayton,07060003,River/Stream,,42.94880662,-91.18632674
6,15220004,Sny Magill Creek Site #1 (SN01),06/05/2001 12:10:00,SNY319,NIT-ORGN,Organic Nitrogen,Total,,0.3,mg/l,True,0.1,,,351.2,SNY001,Calculated,SW,Water,,,Clayton,07060003,River/Stream,,42.94880662,-91.18632674
6,15220004,Sny Magill Creek Site #1 (SN01),06/12/2001 12:00:00,SNY319,NIT-ORGN,Organic Nitrogen,Total,,8.3,mg/l,True,0.1,,,351.2,SNY001,Calculated,SW,Water,,,Clayton,07060003,River/Stream,,42.94880662,-91.18632674
6,15220004,Sny Magill Creek Site #1 (SN01),07/03/2001 11:35:00,SNY319,NIT-ORGN,Organic Nitrogen,Total,,0.1,mg/l,False,0.1,,,351.2,SNY001,Calculated,SW,Water,,,Clayton,07060003,River/Stream,,42.94880662,-91.18632674
6,15220004,Sny Magill Creek Site #1 (SN01),07/10/2001 11:45:00,SNY319,NIT-ORGN,Organic Nitrogen,Total,,0.1,mg/l,True,0.1,,,351.2,SNY001,Calculated,SW,Water,,,Clayton,07060003,River/Stream,,42.94880662,-91.18632674
6,15220004,Sny Magill Creek Site #1 (SN01),07/31/2001 14:15:00,SNY319,NIT-ORGN,Organic Nitrogen,Total,,0.4,mg/l,True,0.1,,,351.2,SNY001,Calculated,SW,Water,,,Clayton,07060003,River/Stream,,42.94880662,-91.18632674
6,15220004,Sny Magill Creek Site #1 (SN01),08/07/2001 11:50:00,SNY319,NIT-ORGN,Organic Nitrogen,Total,,0.6,mg/l,True,0.05,,,LAC10-107-06-2E,SNY001,Calculated,SW,Water,,,Clayton,07060003,River/Stream,,42.94880662,-91.18632674
6,15220004,Sny Magill Creek Site #1 (SN01),09/25/2001 13:55:00,SNY319,NIT-ORGN,Organic Nitrogen,Total,,0.15,mg/l,True,0.05,,,LAC10-107-06-2E,SNY001,Calculated,SW,Water,,,Clayton,07060003,River/Stream,,42.94880662,-91.18632674
6,15220004,Sny Magill Creek Site #1 (SN01),10/08/1996 14:20:00,SNY319,NIT-ORGN,Organic Nitrogen,Total,,0.1,mg/l,True,0.1,,,351.2,SNY001,Calculated,SW,Water,,,Clayton,07060003,River/Stream,,42.94880662,-91.18632674
6,15220004,Sny Magill Creek Site #1 (SN01),10/15/1996 11:25:00,SNY319,NIT-ORGN,Organic Nitrogen,Total,,0.1,mg/l,True,0.1,,,351.2,SNY001,Calculated,SW,Water,,,Clayton,07060003,River/Stream,,42.94880662,-91.18632674
6,15220004,Sny Magill Creek Site #1 (SN01),11/05/1996 12:00:00,SNY319,NIT-ORGN,Organic Nitrogen,Total,,0.1,mg/l,True,0.1,,,351.2,SNY001,Calculated,SW,Water,,,Clayton,07060003,River/Stream,,42.94880662,-91.18632674
6,15220004,Sny Magill Creek Site #1 (SN01),11/12/1996 12:20:00,SNY319,NIT-ORGN,Organic Nitrogen,Total,,0.1,mg/l,False,0.1,,,351.2,SNY001,Calculated,SW,Water,,,Clayton,07060003,River/Stream,,42.94880662,-91.18632674
6,15220004,Sny Magill Creek Site #1 (SN01),12/03/1996 11:50:00,SNY319,NIT-ORGN,Organic Nitrogen,Total,,0.1,mg/l,True,0.1,,,351.2,SNY001,Calculated,SW,Water,,,Clayton,07060003,River/Stream,,42.94880662,-91.18632674
6,15220004,Sny Magill Creek Site #1 (SN01),12/10/1996 13:00:00,SNY319,NIT-ORGN,Organic Nitrogen,Total,,0.1,mg/l,False,0.1,,,351.2,SNY001,Calculated,SW,Water,,,Clayton,07060003,River/Stream,,42.94880662,-91.18632674
6,15220004,Sny Magill Creek Site #1 (SN01),12/17/1996 11:30:00,SNY319,NIT-ORGN,Organic Nitrogen,Total,,0.1,mg/l,True,0.1,,,351.2,SNY001,Calculated,SW,Water,,,Clayton,07060003,River/Stream,,42.94880662,-91.18632674
6,15220004,Sny Magill Creek Site #1 (SN01),01/21/1997 12:00:00,SNY319,NIT-ORGN,Organic Nitrogen,Total,,0.1,mg/l,False,0.1,,,351.2,SNY001,Calculated,SW,Water,,,Clayton,07060003,River/Stream,,42.94880662,-91.18632674
6,15220004,Sny Magill Creek Site #1 (SN01),01/27/1997 15:30:00,SNY319,NIT-ORGN,Organic Nitrogen,Total,,0.1,mg/l,False,0.1,,,351.2,SNY001,Calculated,SW,Water,,,Clayton,07060003,River/Stream,,42.94880662,-91.18632674
6,15220004,Sny Magill Creek Site #1 (SN01),02/18/1997 13:15:00,SNY319,NIT-ORGN,Organic Nitrogen,Total,,0.2,mg/l,True,0.1,,,351.2,SNY001,Calculated,SW,Water,,,Clayton,07060003,River/Stream,,42.94880662,-91.18632674
6,15220004,Sny Magill Creek Site #1 (SN01),02/25/1997 13:10:00,SNY319,NIT-ORGN,Organic Nitrogen,Total,,0.1,mg/l,True,0.1,,,351.2,SNY001,Calculated,SW,Water,,,Clayton,07060003,River/Stream,,42.94880662,-91.18632674
6,15220004,Sny Magill Creek Site #1 (SN01),03/18/1997 12:50:00,SNY319,NIT-ORGN,Organic Nitrogen,Total,,1.4,mg/l,True,0.1,,,351.2,SNY001,Calculated,SW,Water,,,Clayton,07060003,River/Stream,,42.94880662,-91.18632674
6,15220004,Sny Magill Creek Site #1 (SN01),03/25/1997 13:20:00,SNY319,NIT-ORGN,Organic Nitrogen,Total,,0.2,mg/l,True,0.1,,,351.2,SNY001,Calculated,SW,Water,,,Clayton,07060003,River/Stream,,42.94880662,-91.18632674
6,15220004,Sny Magill Creek Site #1 (SN01),04/15/1997 13:40:00,SNY319,NIT-ORGN,Organic Nitrogen,Total,,0.4,mg/l,True,0.1,,,351.2,SNY001,Calculated,SW,Water,,,Clayton,07060003,River/Stream,,42.94880662,-91.18632674
6,15220004,Sny Magill Creek Site #1 (SN01),04/22/1997 11:55:00,SNY319,NIT-ORGN,Organic Nitrogen,Total,,0.3,mg/l,True,0.1,,,351.2,SNY001,Calculated,SW,Water,,,Clayton,07060003,River/Stream,,42.94880662,-91.18632674
6,15220004,Sny Magill Creek Site #1 (SN01),05/13/1997 12:35:00,SNY319,NIT-ORGN,Organic Nitrogen,Total,,0.2,mg/l,True,0.1,,,351.2,SNY001,Calculated,SW,Water,,,Clayton,07060003,River/Stream,,42.94880662,-91.18632674
6,15220004,Sny Magill Creek Site #1 (SN01),05/20/1997 12:30:00,SNY319,NIT-ORGN,Organic Nitrogen,Total,,0.1,mg/l,True,0.1,,,351.2,SNY001,Calculated,SW,Water,,,Clayton,07060003,River/Stream,,42.94880662,-91.18632674
6,15220004,Sny Magill Creek Site #1 (SN01),06/10/1997 12:10:00,SNY319,NIT-ORGN,Organic Nitrogen,Total,,0.2,mg/l,True,0.1,,,351.2,SNY001,Calculated,SW,Water,,,Clayton,07060003,River/Stream,,42.94880662,-91.18632674
6,15220004,Sny Magill Creek Site #1 (SN01),06/17/1997 13:30:00,SNY319,NIT-ORGN,Organic Nitrogen,Total,,0.4,mg/l,True,0.1,,,351.2,SNY001,Calculated,SW,Water,,,Clayton,07060003,River/Stream,,42.94880662,-91.18632674
6,15220004,Sny Magill Creek Site #1 (SN01),07/15/1997 12:45:00,SNY319,NIT-ORGN,Organic Nitrogen,Total,,0.3,mg/l,True,0.1,,,351.2,SNY001,Calculated,SW,Water,,,Clayton,07060003,River/Stream,,42.94880662,-91.18632674
6,15220004,Sny Magill Creek Site #1 (SN01),07/22/1997 12:20:00,SNY319,NIT-ORGN,Organic Nitrogen,Total,,0.3,mg/l,True,0.1,,,351.2,SNY001,Calculated,SW,Water,,,Clayton,07060003,River/Stream,,42.94880662,-91.18632674
6,15220004,Sny Magill Creek Site #1 (SN01),08/12/1997 11:40:00,SNY319,NIT-ORGN,Organic Nitrogen,Total,,1.4,mg/l,True,0.1,,,351.2,SNY001,Calculated,SW,Water,,,Clayton,07060003,River/Stream,,42.94880662,-91.18632674
6,15220004,Sny Magill Creek Site #1 (SN01),08/19/1997 13:00:00,SNY319,NIT-ORGN,Organic Nitrogen,Total,,0.1,mg/l,True,0.1,,,351.2,SNY001,Calculated,SW,Water,,,Clayton,07060003,River/Stream,,42.94880662,-91.18632674
6,15220004,Sny Magill Creek Site #1 (SN01),09/09/1997 11:55:00,SNY319,NIT-ORGN,Organic Nitrogen,Total,,0.1,mg/l,True,0.1,,,351.2,SNY001,Calculated,SW,Water,,,Clayton,07060003,River/Stream,,42.94880662,-91.18632674
6,15220004,Sny Magill Creek Site #1 (SN01),09/16/1997 13:00:00,SNY319,NIT-ORGN,Organic Nitrogen,Total,,0.3,mg/l,True,0.1,,,351.2,SNY001,Calculated,SW,Water,,,Clayton,07060003,River/Stream,,42.94880662,-91.18632674
6,15220004,Sny Magill Creek Site #1 (SN01),07/08/1997 12:35:00,SNY319,NIT-ORGN,Organic Nitrogen,Total,,0.3,mg/l,True,0.1,,,351.2,SNY001,Calculated,SW,Water,,,Clayton,07060003,River/Stream,,42.94880662,-91.18632674
6,15220004,Sny Magill Creek Site #1 (SN01),10/07/1997 13:00:00,SNY319,NIT-ORGN,Organic Nitrogen,Total,,0.2,mg/l,True,0.1,,,351.2,SNY001,Calculated,SW,Water,,,Clayton,07060003,River/Stream,,42.94880662,-91.18632674
6,15220004,Sny Magill Creek Site #1 (SN01),10/14/1997 12:25:00,SNY319,NIT-ORGN,Organic Nitrogen,Total,,0.1,mg/l,True,0.1,,,351.2,SNY001,Calculated,SW,Water,,,Clayton,07060003,River/Stream,,42.94880662,-91.18632674
6,15220004,Sny Magill Creek Site #1 (SN01),11/04/1997 14:10:00,SNY319,NIT-ORGN,Organic Nitrogen,Total,,0.1,mg/l,True,0.1,,,351.2,SNY001,Calculated,SW,Water,,,Clayton,07060003,River/Stream,,42.94880662,-91.18632674
6,15220004,Sny Magill Creek Site #1 (SN01),11/11/1997 11:55:00,SNY319,NIT-ORGN,Organic Nitrogen,Total,,0.2,mg/l,True,0.1,,,351.2,SNY001,Calculated,SW,Water,,,Clayton,07060003,River/Stream,,42.94880662,-91.18632674
6,15220004,Sny Magill Creek Site #1 (SN01),12/09/1997 12:30:00,SNY319,NIT-ORGN,Organic Nitrogen,Total,,0.1,mg/l,False,0.1,,,351.2,SNY001,Calculated,SW,Water,,,Clayton,07060003,River/Stream,,42.94880662,-91.18632674
6,15220004,Sny Magill Creek Site #1 (SN01),12/02/1997 13:00:00,SNY319,NIT-ORGN,Organic Nitrogen,Total,,0.1,mg/l,False,0.1,,,351.2,SNY001,Calculated,SW,Water,,,Clayton,07060003,River/Stream,,42.94880662,-91.18632674
6,15220004,Sny Magill Creek Site #1 (SN01),12/16/1997 12:30:00,SNY319,NIT-ORGN,Organic Nitrogen,Total,,0.2,mg/l,True,0.1,,,351.2,SNY001,Calculated,SW,Water,,,Clayton,07060003,River/Stream,,42.94880662,-91.18632674
6,15220004,Sny Magill Creek Site #1 (SN01),01/13/1998 12:15:00,SNY319,NIT-ORGN,Organic Nitrogen,Total,,0.2,mg/l,True,0.1,,,351.2,SNY001,Calculated,SW,Water,,,Clayton,07060003,River/Stream,,42.94880662,-91.18632674
6,15220004,Sny Magill Creek Site #1 (SN01),01/20/1998 13:00:00,SNY319,NIT-ORGN,Organic Nitrogen,Total,,0.1,mg/l,True,0.1,,,351.2,SNY001,Calculated,SW,Water,,,Clayton,07060003,River/Stream,,42.94880662,-91.18632674
6,15220004,Sny Magill Creek Site #1 (SN01),02/09/1998 12:30:00,SNY319,NIT-ORGN,Organic Nitrogen,Total,,0.1,mg/l,False,0.1,,,351.2,SNY001,Calculated,SW,Water,,,Clayton,07060003,River/Stream,,42.94880662,-91.18632674
6,15220004,Sny Magill Creek Site #1 (SN01),02/17/1998 13:00:00,SNY319,NIT-ORGN,Organic Nitrogen,Total,,0.2,mg/l,True,0.1,,,351.2,SNY001,Calculated,SW,Water,,,Clayton,07060003,River/Stream,,42.94880662,-91.18632674
6,15220004,Sny Magill Creek Site #1 (SN01),03/10/1998 13:20:00,SNY319,NIT-ORGN,Organic Nitrogen,Total,,0.1,mg/l,True,0.1,,,351.2,SNY001,Calculated,SW,Water,,,Clayton,07060003,River/Stream,,42.94880662,-91.18632674
6,15220004,Sny Magill Creek Site #1 (SN01),03/17/1998 13:10:00,SNY319,NIT-ORGN,Organic Nitrogen,Total,,0.1,mg/l,True,0.1,,,351.2,SNY001,Calculated,SW,Water,,,Clayton,07060003,River/Stream,,42.94880662,-91.18632674
6,15220004,Sny Magill Creek Site #1 (SN01),03/24/1998 12:30:00,SNY319,NIT-ORGN,Organic Nitrogen,Total,,0.2,mg/l,True,0.1,,,351.2,SNY001,Calculated,SW,Water,,,Clayton,07060003,River/Stream,,42.94880662,-91.18632674
6,15220004,Sny Magill Creek Site #1 (SN01),04/07/1998 13:15:00,SNY319,NIT-ORGN,Organic Nitrogen,Total,,0.3,mg/l,True,0.1,,,351.2,SNY001,Calculated,SW,Water,,,Clayton,07060003,River/Stream,,42.94880662,-91.18632674
6,15220004,Sny Magill Creek Site #1 (SN01),04/14/1998 13:00:00,SNY319,NIT-ORGN,Organic Nitrogen,Total,,0.1,mg/l,True,0.1,,,351.2,SNY001,Calculated,SW,Water,,,Clayton,07060003,River/Stream,,42.94880662,-91.18632674
6,15220004,Sny Magill Creek Site #1 (SN01),04/21/1998 12:45:00,SNY319,NIT-ORGN,Organic Nitrogen,Total,,0.3,mg/l,True,0.1,,,351.2,SNY001,Calculated,SW,Water,,,Clayton,07060003,River/Stream,,42.94880662,-91.18632674
6,15220004,Sny Magill Creek Site #1 (SN01),05/12/1998 13:00:00,SNY319,NIT-ORGN,Organic Nitrogen,Total,,0.1,mg/l,False,0.1,,,351.2,SNY001,Calculated,SW,Water,,,Clayton,07060003,River/Stream,,42.94880662,-91.18632674
6,15220004,Sny Magill Creek Site #1 (SN01),05/19/1998 12:55:00,SNY319,NIT-ORGN,Organic Nitrogen,Total,,0.3,mg/l,True,0.1,,,351.2,SNY001,Calculated,SW,Water,,,Clayton,07060003,River/Stream,,42.94880662,-91.18632674
6,15220004,Sny Magill Creek Site #1 (SN01),06/16/1998 12:55:00,SNY319,NIT-ORGN,Organic Nitrogen,Total,,0.2,mg/l,True,0.1,,,351.2,SNY001,Calculated,SW,Water,,,Clayton,07060003,River/Stream,,42.94880662,-91.18632674
6,15220004,Sny Magill Creek Site #1 (SN01),07/07/1998 13:15:00,SNY319,NIT-ORGN,Organic Nitrogen,Total,,1.2,mg/l,True,0.1,,,351.2,SNY001,Calculated,SW,Water,,,Clayton,07060003,River/Stream,,42.94880662,-91.18632674
6,15220004,Sny Magill Creek Site #1 (SN01),08/04/1998 12:35:00,SNY319,NIT-ORGN,Organic Nitrogen,Total,,0.1,mg/l,False,0.1,,,351.2,SNY001,Calculated,SW,Water,,,Clayton,07060003,River/Stream,,42.94880662,-91.18632674
6,15220004,Sny Magill Creek Site #1 (SN01),08/11/1998 13:15:00,SNY319,NIT-ORGN,Organic Nitrogen,Total,,0.7,mg/l,True,0.1,,,351.2,SNY001,Calculated,SW,Water,,,Clayton,07060003,River/Stream,,42.94880662,-91.18632674
6,15220004,Sny Magill Creek Site #1 (SN01),09/01/1998 13:05:00,SNY319,NIT-ORGN,Organic Nitrogen,Total,,0.2,mg/l,True,0.1,,,351.2,SNY001,Calculated,SW,Water,,,Clayton,07060003,River/Stream,,42.94880662,-91.18632674
6,15220004,Sny Magill Creek Site #1 (SN01),09/08/1998 15:10:00,SNY319,NIT-ORGN,Organic Nitrogen,Total,,0.1,mg/l,True,0.1,,,351.2,SNY001,Calculated,SW,Water,,,Clayton,07060003,River/Stream,,42.94880662,-91.18632674
6,15220004,Sny Magill Creek Site #1 (SN01),06/09/1998 13:00:00,SNY319,NIT-ORGN,Organic Nitrogen,Total,,0.3,mg/l,True,0.1,,,351.2,SNY001,Calculated,SW,Water,,,Clayton,07060003,River/Stream,,42.94880662,-91.18632674
6,15220004,Sny Magill Creek Site #1 (SN01),07/14/1998 13:05:00,SNY319,NIT-ORGN,Organic Nitrogen,Total,,0.3,mg/l,True,0.1,,,351.2,SNY001,Calculated,SW,Water,,,Clayton,07060003,River/Stream,,42.94880662,-91.18632674
6,15220004,Sny Magill Creek Site #1 (SN01),10/27/1998 12:55:00,SNY319,NIT-ORGN,Organic Nitrogen,Total,,0.2,mg/l,True,0.1,,,351.2,SNY001,Calculated,SW,Water,,,Clayton,07060003,River/Stream,,42.94880662,-91.18632674
6,15220004,Sny Magill Creek Site #1 (SN01),11/03/1998 13:00:00,SNY319,NIT-ORGN,Organic Nitrogen,Total,,0.2,mg/l,True,0.1,,,351.2,SNY001,Calculated,SW,Water,,,Clayton,07060003,River/Stream,,42.94880662,-91.18632674
6,15220004,Sny Magill Creek Site #1 (SN01),11/10/1998 13:20:00,SNY319,NIT-ORGN,Organic Nitrogen,Total,,0.3,mg/l,True,0.1,,,351.2,SNY001,Calculated,SW,Water,,,Clayton,07060003,River/Stream,,42.94880662,-91.18632674
6,15220004,Sny Magill Creek Site #1 (SN01),12/08/1998 12:15:00,SNY319,NIT-ORGN,Organic Nitrogen,Total,,2.2,mg/l,True,0.1,,,351.2,SNY001,Calculated,SW,Water,,,Clayton,07060003,River/Stream,,42.94880662,-91.18632674
6,15220004,Sny Magill Creek Site #1 (SN01),12/15/1998 12:35:00,SNY319,NIT-ORGN,Organic Nitrogen,Total,,0.1,mg/l,False,0.1,,,351.2,SNY001,Calculated,SW,Water,,,Clayton,07060003,River/Stream,,42.94880662,-91.18632674
6,15220004,Sny Magill Creek Site #1 (SN01),12/22/1998 12:00:00,SNY319,NIT-ORGN,Organic Nitrogen,Total,,0.1,mg/l,False,0.1,,,351.2,SNY001,Calculated,SW,Water,,,Clayton,07060003,River/Stream,,42.94880662,-91.18632674
6,15220004,Sny Magill Creek Site #1 (SN01),01/26/1999 13:00:00,SNY319,NIT-ORGN,Organic Nitrogen,Total,,0.1,mg/l,False,0.1,,,351.2,SNY001,Calculated,SW,Water,,,Clayton,07060003,River/Stream,,42.94880662,-91.18632674
6,15220004,Sny Magill Creek Site #1 (SN01),02/02/1999 12:35:00,SNY319,NIT-ORGN,Organic Nitrogen,Total,,0.1,mg/l,False,0.1,,,351.2,SNY001,Calculated,SW,Water,,,Clayton,07060003,River/Stream,,42.94880662,-91.18632674
6,15220004,Sny Magill Creek Site #1 (SN01),03/02/1999 12:05:00,SNY319,NIT-ORGN,Organic Nitrogen,Total,,0.1,mg/l,False,0.1,,,351.2,SNY001,Calculated,SW,Water,,,Clayton,07060003,River/Stream,,42.94880662,-91.18632674
6,15220004,Sny Magill Creek Site #1 (SN01),03/09/1999 12:50:00,SNY319,NIT-ORGN,Organic Nitrogen,Total,,0.2,mg/l,True,0.1,,,351.2,SNY001,Calculated,SW,Water,,,Clayton,07060003,River/Stream,,42.94880662,-91.18632674
6,15220004,Sny Magill Creek Site #1 (SN01),03/16/1999 11:50:00,SNY319,NIT-ORGN,Organic Nitrogen,Total,,0.3,mg/l,True,0.1,,,351.2,SNY001,Calculated,SW,Water,,,Clayton,07060003,River/Stream,,42.94880662,-91.18632674
6,15220004,Sny Magill Creek Site #1 (SN01),04/13/1999 12:25:00,SNY319,NIT-ORGN,Organic Nitrogen,Total,,0.1,mg/l,True,0.1,,,351.2,SNY001,Calculated,SW,Water,,,Clayton,07060003,River/Stream,,42.94880662,-91.18632674
6,15220004,Sny Magill Creek Site #1 (SN01),01/19/1999 13:35:00,SNY319,NIT-ORGN,Organic Nitrogen,Total,,0.1,mg/l,False,0.1,,,351.2,SNY001,Calculated,SW,Water,,,Clayton,07060003,River/Stream,,42.94880662,-91.18632674
6,15220004,Sny Magill Creek Site #1 (SN01),09/29/1998 13:15:00,SNY319,NIT-ORGN,Organic Nitrogen,Total,,0.2,mg/l,True,0.1,,,351.2,SNY001,Calculated,SW,Water,,,Clayton,07060003,River/Stream,,42.94880662,-91.18632674
6,15220004,Sny Magill Creek Site #1 (SN01),04/20/1999 11:10:00,SNY319,NIT-ORGN,Organic Nitrogen,Total,,0.2,mg/l,True,0.1,,,351.2,SNY001,Calculated,SW,Water,,,Clayton,07060003,River/Stream,,42.94880662,-91.18632674
6,15220004,Sny Magill Creek Site #1 (SN01),05/18/1999 12:00:00,SNY319,NIT-ORGN,Organic Nitrogen,Total,,1,mg/l,True,0.1,,,351.2,SNY001,Calculated,SW,Water,,,Clayton,07060003,River/Stream,,42.94880662,-91.18632674
6,15220004,Sny Magill Creek Site #1 (SN01),06/01/1999 12:25:00,SNY319,NIT-ORGN,Organic Nitrogen,Total,,0.1,mg/l,False,0.1,,,351.2,SNY001,Calculated,SW,Water,,,Clayton,07060003,River/Stream,,42.94880662,-91.18632674
6,15220004,Sny Magill Creek Site #1 (SN01),06/29/1999 13:20:00,SNY319,NIT-ORGN,Organic Nitrogen,Total,,0.1,mg/l,True,0.1,,,351.2,SNY001,Calculated,SW,Water,,,Clayton,07060003,River/Stream,,42.94880662,-91.18632674
6,15220004,Sny Magill Creek Site #1 (SN01),07/06/1999 13:00:00,SNY319,NIT-ORGN,Organic Nitrogen,Total,,0.8,mg/l,True,0.1,,,351.2,SNY001,Calculated,SW,Water,,,Clayton,07060003,River/Stream,,42.94880662,-91.18632674
6,15220004,Sny Magill Creek Site #1 (SN01),08/10/1999 12:15:00,SNY319,NIT-ORGN,Organic Nitrogen,Total,,0.1,mg/l,False,0.1,,,351.2,SNY001,Calculated,SW,Water,,,Clayton,07060003,River/Stream,,42.94880662,-91.18632674
6,15220004,Sny Magill Creek Site #1 (SN01),08/24/1999 12:05:00,SNY319,NIT-ORGN,Organic Nitrogen,Total,,0.2,mg/l,True,0.1,,,351.2,SNY001,Calculated,SW,Water,,,Clayton,07060003,River/Stream,,42.94880662,-91.18632674
6,15220004,Sny Magill Creek Site #1 (SN01),08/31/1999 13:45:00,SNY319,NIT-ORGN,Organic Nitrogen,Total,,0.1,mg/l,False,0.1,,,351.2,SNY001,Calculated,SW,Water,,,Clayton,07060003,River/Stream,,42.94880662,-91.18632674
6,15220004,Sny Magill Creek Site #1 (SN01),09/21/1999 13:10:00,SNY319,NIT-ORGN,Organic Nitrogen,Total,,0.1,mg/l,False,0.1,,,351.2,SNY001,Calculated,SW,Water,,,Clayton,07060003,River/Stream,,42.94880662,-91.18632674
6,15220004,Sny Magill Creek Site #1 (SN01),05/25/1999 13:15:00,SNY319,NIT-ORGN,Organic Nitrogen,Total,,0.2,mg/l,True,0.1,,,351.2,SNY001,Calculated,SW,Water,,,Clayton,07060003,River/Stream,,42.94880662,-91.18632674
6,15220004,Sny Magill Creek Site #1 (SN01),08/17/1999 12:05:00,SNY319,NIT-ORGN,Organic Nitrogen,Total,,0.2,mg/l,True,0.1,,,351.2,SNY001,Calculated,SW,Water,,,Clayton,07060003,River/Stream,,42.94880662,-91.18632674
6,15220004,Sny Magill Creek Site #1 (SN01),10/19/1999 13:10:00,SNY319,NIT-ORGN,Organic Nitrogen,Total,,0.3,mg/l,True,0.1,,,351.2,SNY001,Calculated,SW,Water,,,Clayton,07060003,River/Stream,,42.94880662,-91.18632674
6,15220004,Sny Magill Creek Site #1 (SN01),10/26/1999 13:25:00,SNY319,NIT-ORGN,Organic Nitrogen,Total,,0.4,mg/l,True,0.1,,,351.2,SNY001,Calculated,SW,Water,,,Clayton,07060003,River/Stream,,42.94880662,-91.18632674
6,15220004,Sny Magill Creek Site #1 (SN01),11/23/1999 13:05:00,SNY319,NIT-ORGN,Organic Nitrogen,Total,,0.7,mg/l,True,0.1,,,351.2,SNY001,Calculated,SW,Water,,,Clayton,07060003,River/Stream,,42.94880662,-91.18632674
6,15220004,Sny Magill Creek Site #1 (SN01),11/30/1999 14:00:00,SNY319,NIT-ORGN,Organic Nitrogen,Total,,0.1,mg/l,False,0.1,,,351.2,SNY001,Calculated,SW,Water,,,Clayton,07060003,River/Stream,,42.94880662,-91.18632674
6,15220004,Sny Magill Creek Site #1 (SN01),12/21/1999 12:35:00,SNY319,NIT-ORGN,Organic Nitrogen,Total,,0.1,mg/l,True,0.1,,,351.2,SNY001,Calculated,SW,Water,,,Clayton,07060003,River/Stream,,42.94880662,-91.18632674
6,15220004,Sny Magill Creek Site #1 (SN01),12/28/1999 14:00:00,SNY319,NIT-ORGN,Organic Nitrogen,Total,,0.9,mg/l,True,0.1,,,351.2,SNY001,Calculated,SW,Water,,,Clayton,07060003,River/Stream,,42.94880662,-91.18632674
6,15220004,Sny Magill Creek Site #1 (SN01),01/11/2000 14:10:00,SNY319,NIT-ORGN,Organic Nitrogen,Total,,0.1,mg/l,False,0.1,,,351.2,SNY001,Calculated,SW,Water,,,Clayton,07060003,River/Stream,,42.94880662,-91.18632674
6,15220004,Sny Magill Creek Site #1 (SN01),01/18/2000 13:00:00,SNY319,NIT-ORGN,Organic Nitrogen,Total,,0.3,mg/l,True,0.1,,,351.2,SNY001,Calculated,SW,Water,,,Clayton,07060003,River/Stream,,42.94880662,-91.18632674
6,15220004,Sny Magill Creek Site #1 (SN01),02/15/2000 13:10:00,SNY319,NIT-ORGN,Organic Nitrogen,Total,,0.1,mg/l,False,0.1,,,351.2,SNY001,Calculated,SW,Water,,,Clayton,07060003,River/Stream,,42.94880662,-91.18632674
6,15220004,Sny Magill Creek Site #1 (SN01),02/22/2000 13:45:00,SNY319,NIT-ORGN,Organic Nitrogen,Total,,0.1,mg/l,False,0.1,,,351.2,SNY001,Calculated,SW,Water,,,Clayton,07060003,River/Stream,,42.94880662,-91.18632674
6,15220004,Sny Magill Creek Site #1 (SN01),03/14/2000 13:00:00,SNY319,NIT-ORGN,Organic Nitrogen,Total,,0.1,mg/l,True,0.1,,,351.2,SNY001,Calculated,SW,Water,,,Clayton,07060003,River/Stream,,42.94880662,-91.18632674
6,15220004,Sny Magill Creek Site #1 (SN01),03/21/2000 12:40:00,SNY319,NIT-ORGN,Organic Nitrogen,Total,,0.1,mg/l,False,0.1,,,351.2,SNY001,Calculated,SW,Water,,,Clayton,07060003,River/Stream,,42.94880662,-91.18632674
6,15220004,Sny Magill Creek Site #1 (SN01),04/11/2000 14:05:00,SNY319,NIT-ORGN,Organic Nitrogen,Total,,0.1,mg/l,False,0.1,,,351.2,SNY001,Calculated,SW,Water,,,Clayton,07060003,River/Stream,,42.94880662,-91.18632674
6,15220004,Sny Magill Creek Site #1 (SN01),04/18/2000 12:50:00,SNY319,NIT-ORGN,Organic Nitrogen,Total,,0.1,mg/l,False,0.1,,,351.2,SNY001,Calculated,SW,Water,,,Clayton,07060003,River/Stream,,42.94880662,-91.18632674
6,15220004,Sny Magill Creek Site #1 (SN01),05/09/2000 13:15:00,SNY319,NIT-ORGN,Organic Nitrogen,Total,,0.5,mg/l,True,0.1,,,351.2,SNY001,Calculated,SW,Water,,,Clayton,07060003,River/Stream,,42.94880662,-91.18632674
6,15220004,Sny Magill Creek Site #1 (SN01),05/16/2000 12:20:00,SNY319,NIT-ORGN,Organic Nitrogen,Total,,0.7,mg/l,True,0.1,,,351.2,SNY001,Calculated,SW,Water,,,Clayton,07060003,River/Stream,,42.94880662,-91.18632674
6,15220004,Sny Magill Creek Site #1 (SN01),06/06/2000 12:15:00,SNY319,NIT-ORGN,Organic Nitrogen,Total,,0.3,mg/l,True,0.1,,,351.2,SNY001,Calculated,SW,Water,,,Clayton,07060003,River/Stream,,42.94880662,-91.18632674
6,15220004,Sny Magill Creek Site #1 (SN01),06/13/2000 13:15:00,SNY319,NIT-ORGN,Organic Nitrogen,Total,,0.3,mg/l,True,0.1,,,351.2,SNY001,Calculated,SW,Water,,,Clayton,07060003,River/Stream,,42.94880662,-91.18632674
6,15220004,Sny Magill Creek Site #1 (SN01),07/04/2000 13:00:00,SNY319,NIT-ORGN,Organic Nitrogen,Total,,0.3,mg/l,True,0.1,,,351.2,SNY001,Calculated,SW,Water,,,Clayton,07060003,River/Stream,,42.94880662,-91.18632674
6,15220004,Sny Magill Creek Site #1 (SN01),07/11/2000 12:30:00,SNY319,NIT-ORGN,Organic Nitrogen,Total,,0.5,mg/l,True,0.1,,,351.2,SNY001,Calculated,SW,Water,,,Clayton,07060003,River/Stream,,42.94880662,-91.18632674
6,15220004,Sny Magill Creek Site #1 (SN01),08/01/2000 14:00:00,SNY319,NIT-ORGN,Organic Nitrogen,Total,,0.6,mg/l,True,0.1,,,351.2,SNY001,Calculated,SW,Water,,,Clayton,07060003,River/Stream,,42.94880662,-91.18632674
6,15220004,Sny Magill Creek Site #1 (SN01),08/08/2000 12:25:00,SNY319,NIT-ORGN,Organic Nitrogen,Total,,0.1,mg/l,True,0.1,,,351.2,SNY001,Calculated,SW,Water,,,Clayton,07060003,River/Stream,,42.94880662,-91.18632674
6,15220004,Sny Magill Creek Site #1 (SN01),08/29/2000 14:35:00,SNY319,NIT-ORGN,Organic Nitrogen,Total,,0.1,mg/l,False,0.1,,,351.2,SNY001,Calculated,SW,Water,,,Clayton,07060003,River/Stream,,42.94880662,-91.18632674
6,15220004,Sny Magill Creek Site #1 (SN01),09/05/2000 12:15:00,SNY319,NIT-ORGN,Organic Nitrogen,Total,,0.1,mg/l,False,0.1,,,351.2,SNY001,Calculated,SW,Water,,,Clayton,07060003,River/Stream,,42.94880662,-91.18632674
6,15220004,Sny Magill Creek Site #1 (SN01),09/26/2000 14:40:00,SNY319,NIT-ORGN,Organic Nitrogen,Total,,0.1,mg/l,False,0.1,,,351.2,SNY001,Calculated,SW,Water,,,Clayton,07060003,River/Stream,,42.94880662,-91.18632674
6,15220004,Sny Magill Creek Site #1 (SN01),09/28/1999 12:50:00,SNY319,NIT-ORGN,Organic Nitrogen,Total,,0.2,mg/l,True,0.1,,,351.2,SNY001,Calculated,SW,Water,,,Clayton,07060003,River/Stream,,42.94880662,-91.18632674
6,15220004,Sny Magill Creek Site #1 (SN01),01/25/2000 13:45:00,SNY319,NIT-ORGN,Organic Nitrogen,Total,,0.1,mg/l,False,0.1,,,351.2,SNY001,Calculated,SW,Water,,,Clayton,07060003,River/Stream,,42.94880662,-91.18632674
6,15220004,Sny Magill Creek Site #1 (SN01),10/03/2000 12:20:00,SNY319,NIT-ORGN,Organic Nitrogen,Total,,0.2,mg/l,True,0.1,,,351.2,SNY001,Calculated,SW,Water,,,Clayton,07060003,River/Stream,,42.94880662,-91.18632674
6,15220004,Sny Magill Creek Site #1 (SN01),10/10/2000 12:55:00,SNY319,NIT-ORGN,Organic Nitrogen,Total,,0.1,mg/l,False,0.1,,,351.2,SNY001,Calculated,SW,Water,,,Clayton,07060003,River/Stream,,42.94880662,-91.18632674
6,15220004,Sny Magill Creek Site #1 (SN01),10/24/2000 13:25:00,SNY319,NIT-ORGN,Organic Nitrogen,Total,,0.1,mg/l,False,0.1,,,351.2,SNY001,Calculated,SW,Water,,,Clayton,07060003,River/Stream,,42.94880662,-91.18632674
6,15220004,Sny Magill Creek Site #1 (SN01),10/31/2000 13:10:00,SNY319,NIT-ORGN,Organic Nitrogen,Total,,0.1,mg/l,False,0.1,,,351.2,SNY001,Calculated,SW,Water,,,Clayton,07060003,River/Stream,,42.94880662,-91.18632674
6,15220004,Sny Magill Creek Site #1 (SN01),11/07/2000 13:10:00,SNY319,NIT-ORGN,Organic Nitrogen,Total,,0.1,mg/l,False,0.1,,,351.2,SNY001,Calculated,SW,Water,,,Clayton,07060003,River/Stream,,42.94880662,-91.18632674
6,15220004,Sny Magill Creek Site #1 (SN01),11/28/2000 13:50:00,SNY319,NIT-ORGN,Organic Nitrogen,Total,,0.1,mg/l,False,0.1,,,351.2,SNY001,Calculated,SW,Water,,,Clayton,07060003,River/Stream,,42.94880662,-91.18632674
6,15220004,Sny Magill Creek Site #1 (SN01),12/05/2000 12:55:00,SNY319,NIT-ORGN,Organic Nitrogen,Total,,0.1,mg/l,False,0.1,,,351.2,SNY001,Calculated,SW,Water,,,Clayton,07060003,River/Stream,,42.94880662,-91.18632674
6,15220004,Sny Magill Creek Site #1 (SN01),12/26/2000 11:10:00,SNY319,NIT-ORGN,Organic Nitrogen,Total,,0.1,mg/l,False,0.1,,,351.2,SNY001,Calculated,SW,Water,,,Clayton,07060003,River/Stream,,42.94880662,-91.18632674
6,15220004,Sny Magill Creek Site #1 (SN01),09/26/1995 14:25:00,SNY319,NIT-ORGN,Organic Nitrogen,Total,,0.3,mg/l,True,0.1,,,351.2,SNY001,Calculated,SW,Water,,,Clayton,07060003,River/Stream,,42.94880662,-91.18632674
6,15220004,Sny Magill Creek Site #1 (SN01),09/19/1995 13:25:00,SNY319,NIT-ORGN,Organic Nitrogen,Total,,0.3,mg/l,True,0.1,,,351.2,SNY001,Calculated,SW,Water,,,Clayton,07060003,River/Stream,,42.94880662,-91.18632674
6,15220004,Sny Magill Creek Site #1 (SN01),08/08/1995 15:05:00,SNY319,NIT-ORGN,Organic Nitrogen,Total,,0.2,mg/l,True,0.1,,,351.2,SNY001,Calculated,SW,Water,,,Clayton,07060003,River/Stream,,42.94880662,-91.18632674
6,15220004,Sny Magill Creek Site #1 (SN01),08/01/1995 13:00:00,SNY319,NIT-ORGN,Organic Nitrogen,Total,,0.2,mg/l,True,0.1,,,351.2,SNY001,Calculated,SW,Water,,,Clayton,07060003,River/Stream,,42.94880662,-91.18632674
6,15220004,Sny Magill Creek Site #1 (SN01),05/30/1995 14:10:00,SNY319,NIT-ORGN,Organic Nitrogen,Total,,0.2,mg/l,True,0.1,,,351.2,SNY001,Calculated,SW,Water,,,Clayton,07060003,River/Stream,,42.94880662,-91.18632674
6,15220004,Sny Magill Creek Site #1 (SN01),07/18/1995 16:10:00,SNY319,NIT-ORGN,Organic Nitrogen,Total,,0.3,mg/l,True,0.1,,,351.2,SNY001,Calculated,SW,Water,,,Clayton,07060003,River/Stream,,42.94880662,-91.18632674
6,15220004,Sny Magill Creek Site #1 (SN01),07/11/1995 17:00:00,SNY319,NIT-ORGN,Organic Nitrogen,Total,,0.1,mg/l,False,0.1,,,351.2,SNY001,Calculated,SW,Water,,,Clayton,07060003,River/Stream,,42.94880662,-91.18632674
6,15220004,Sny Magill Creek Site #1 (SN01),04/11/1995 13:20:00,SNY319,NIT-ORGN,Organic Nitrogen,Total,,0.6,mg/l,True,0.1,,,351.2,SNY001,Calculated,SW,Water,,,Clayton,07060003,River/Stream,,42.94880662,-91.18632674
6,15220004,Sny Magill Creek Site #1 (SN01),03/28/1995 11:30:00,SNY319,NIT-ORGN,Organic Nitrogen,Total,,0.3,mg/l,True,0.1,,,351.2,SNY001,Calculated,SW,Water,,,Clayton,07060003,River/Stream,,42.94880662,-91.18632674
6,15220004,Sny Magill Creek Site #1 (SN01),03/21/1995 12:30:00,SNY319,NIT-ORGN,Organic Nitrogen,Total,,0.3,mg/l,True,0.1,,,351.2,SNY001,Calculated,SW,Water,,,Clayton,07060003,River/Stream,,42.94880662,-91.18632674
6,15220004,Sny Magill Creek Site #1 (SN01),04/18/1995 13:30:00,SNY319,NIT-ORGN,Organic Nitrogen,Total,,0.4,mg/l,True,0.1,,,351.2,SNY001,Calculated,SW,Water,,,Clayton,07060003,River/Stream,,42.94880662,-91.18632674
6,15220004,Sny Magill Creek Site #1 (SN01),02/28/1995 09:30:00,SNY319,NIT-ORGN,Organic Nitrogen,Total,,0.2,mg/l,True,0.1,,,351.2,SNY001,Calculated,SW,Water,,,Clayton,07060003,River/Stream,,42.94880662,-91.18632674
6,15220004,Sny Magill Creek Site #1 (SN01),01/31/1995 11:00:00,SNY319,NIT-ORGN,Organic Nitrogen,Total,,0.1,mg/l,False,0.1,,,351.2,SNY001,Calculated,SW,Water,,,Clayton,07060003,River/Stream,,42.94880662,-91.18632674
6,15220004,Sny Magill Creek Site #1 (SN01),01/17/1995 13:00:00,SNY319,NIT-ORGN,Organic Nitrogen,Total,,0.2,mg/l,True,0.1,,,351.2,SNY001,Calculated,SW,Water,,,Clayton,07060003,River/Stream,,42.94880662,-91.18632674
6,15220004,Sny Magill Creek Site #1 (SN01),02/07/1995 12:30:00,SNY319,NIT-ORGN,Organic Nitrogen,Total,,0.1,mg/l,True,0.1,,,351.2,SNY001,Calculated,SW,Water,,,Clayton,07060003,River/Stream,,42.94880662,-91.18632674
6,15220004,Sny Magill Creek Site #1 (SN01),01/10/1995 13:25:00,SNY319,NIT-ORGN,Organic Nitrogen,Total,,0.2,mg/l,True,0.1,,,351.2,SNY001,Calculated,SW,Water,,,Clayton,07060003,River/Stream,,42.94880662,-91.18632674
6,15220004,Sny Magill Creek Site #1 (SN01),12/13/1994 14:10:00,SNY319,NIT-ORGN,Organic Nitrogen,Total,,0.1,mg/l,False,0.1,,,351.2,SNY001,Calculated,SW,Water,,,Clayton,07060003,River/Stream,,42.94880662,-91.18632674
6,15220004,Sny Magill Creek Site #1 (SN01),12/27/1994 10:05:00,SNY319,NIT-ORGN,Organic Nitrogen,Total,,0.1,mg/l,True,0.1,,,351.2,SNY001,Calculated,SW,Water,,,Clayton,07060003,River/Stream,,42.94880662,-91.18632674
6,15220004,Sny Magill Creek Site #1 (SN01),12/06/1994 10:30:00,SNY319,NIT-ORGN,Organic Nitrogen,Total,,0.2,mg/l,True,0.1,,,351.2,SNY001,Calculated,SW,Water,,,Clayton,07060003,River/Stream,,42.94880662,-91.18632674
6,15220004,Sny Magill Creek Site #1 (SN01),10/04/1994 15:10:00,SNY319,NIT-ORGN,Organic Nitrogen,Total,,0.3,mg/l,True,0.1,,,351.2,SNY001,Calculated,SW,Water,,,Clayton,07060003,River/Stream,,42.94880662,-91.18632674
6,15220005,Sny Magill Creek Site #2 (SN02),09/28/1994 10:50:00,SNY319,NIT-ORGN,Organic Nitrogen,Total,,0.2,mg/l,True,0.1,,,351.2,SNY001,Calculated,SW,Water,,,Clayton,07060003,River/Stream,,42.96808222,-91.22331192
6,15220004,Sny Magill Creek Site #1 (SN01),12/26/1995 13:25:00,SNY319,NIT-ORGN,Organic Nitrogen,Total,,0.1,mg/l,False,0.1,,,351.2,SNY001,Calculated,SW,Water,,,Clayton,07060003,River/Stream,,42.94880662,-91.18632674
6,15220004,Sny Magill Creek Site #1 (SN01),08/30/1994 11:45:00,SNY319,NIT-ORGN,Organic Nitrogen,Total,,0.2,mg/l,True,0.1,,,351.2,SNY001,Calculated,SW,Water,,,Clayton,07060003,River/Stream,,42.94880662,-91.18632674
6,15220004,Sny Magill Creek Site #1 (SN01),09/06/1994 16:20:00,SNY319,NIT-ORGN,Organic Nitrogen,Total,,0.1,mg/l,False,0.1,,,351.2,SNY001,Calculated,SW,Water,,,Clayton,07060003,River/Stream,,42.94880662,-91.18632674
6,15220004,Sny Magill Creek Site #1 (SN01),09/13/1994 11:30:00,SNY319,NIT-ORGN,Organic Nitrogen,Total,,0.1,mg/l,True,0.1,,,351.2,SNY001,Calculated,SW,Water,,,Clayton,07060003,River/Stream,,42.94880662,-91.18632674
6,15220004,Sny Magill Creek Site #1 (SN01),11/07/1995 14:00:00,SNY319,NIT-ORGN,Organic Nitrogen,Total,,0.1,mg/l,False,0.1,,,351.2,SNY001,Calculated,SW,Water,,,Clayton,07060003,River/Stream,,42.94880662,-91.18632674
6,15220004,Sny Magill Creek Site #1 (SN01),12/19/1995 13:00:00,SNY319,NIT-ORGN,Organic Nitrogen,Total,,0.2,mg/l,True,0.1,,,351.2,SNY001,Calculated,SW,Water,,,Clayton,07060003,River/Stream,,42.94880662,-91.18632674
6,15220004,Sny Magill Creek Site #1 (SN01),11/14/1995 12:15:00,SNY319,NIT-ORGN,Organic Nitrogen,Total,,0.1,mg/l,False,0.1,,,351.2,SNY001,Calculated,SW,Water,,,Clayton,07060003,River/Stream,,42.94880662,-91.18632674
6,15220004,Sny Magill Creek Site #1 (SN01),08/27/1996 14:00:00,SNY319,NIT-ORGN,Organic Nitrogen,Total,,0.1,mg/l,False,0.1,,,351.2,SNY001,Calculated,SW,Water,,,Clayton,07060003,River/Stream,,42.94880662,-91.18632674
6,15220004,Sny Magill Creek Site #1 (SN01),08/20/1996 15:50:00,SNY319,NIT-ORGN,Organic Nitrogen,Total,,0.3,mg/l,True,0.1,,,351.2,SNY001,Calculated,SW,Water,,,Clayton,07060003,River/Stream,,42.94880662,-91.18632674
6,15220004,Sny Magill Creek Site #1 (SN01),05/28/1996 13:15:00,SNY319,NIT-ORGN,Organic Nitrogen,Total,,0.4,mg/l,True,0.1,,,351.2,SNY001,Calculated,SW,Water,,,Clayton,07060003,River/Stream,,42.94880662,-91.18632674
6,15220004,Sny Magill Creek Site #1 (SN01),07/30/1996 14:05:00,SNY319,NIT-ORGN,Organic Nitrogen,Total,,0.2,mg/l,True,0.1,,,351.2,SNY001,Calculated,SW,Water,,,Clayton,07060003,River/Stream,,42.94880662,-91.18632674
6,15220004,Sny Magill Creek Site #1 (SN01),05/21/1996 13:00:00,SNY319,NIT-ORGN,Organic Nitrogen,Total,,0.3,mg/l,True,0.1,,,351.2,SNY001,Calculated,SW,Water,,,Clayton,07060003,River/Stream,,42.94880662,-91.18632674
6,15220004,Sny Magill Creek Site #1 (SN01),08/29/1995 14:35:00,SNY319,NIT-ORGN,Organic Nitrogen,Total,,0.6,mg/l,True,0.1,,,351.2,SNY001,Calculated,SW,Water,,,Clayton,07060003,River/Stream,,42.94880662,-91.18632674
6,15220004,Sny Magill Creek Site #1 (SN01),09/05/1995 12:40:00,SNY319,NIT-ORGN,Organic Nitrogen,Total,,0.2,mg/l,True,0.1,,,351.2,SNY001,Calculated,SW,Water,,,Clayton,07060003,River/Stream,,42.94880662,-91.18632674
6,15220004,Sny Magill Creek Site #1 (SN01),06/20/1995 13:10:00,SNY319,NIT-ORGN,Organic Nitrogen,Total,,0.2,mg/l,True,0.1,,,351.2,SNY001,Calculated,SW,Water,,,Clayton,07060003,River/Stream,,42.94880662,-91.18632674
6,15220004,Sny Magill Creek Site #1 (SN01),05/09/1995 13:50:00,SNY319,NIT-ORGN,Organic Nitrogen,Total,,0.7,mg/l,True,0.1,,,351.2,SNY001,Calculated,SW,Water,,,Clayton,07060003,River/Stream,,42.94880662,-91.18632674
6,15220004,Sny Magill Creek Site #1 (SN01),05/02/1995 13:10:00,SNY319,NIT-ORGN,Organic Nitrogen,Total,,0.1,mg/l,True,0.1,,,351.2,SNY001,Calculated,SW,Water,,,Clayton,07060003,River/Stream,,42.94880662,-91.18632674
6,15220004,Sny Magill Creek Site #1 (SN01),12/12/1995 13:50:00,SNY319,NIT-ORGN,Organic Nitrogen,Total,,0.1,mg/l,False,0.1,,,351.2,SNY001,Calculated,SW,Water,,,Clayton,07060003,River/Stream,,42.94880662,-91.18632674
6,15220004,Sny Magill Creek Site #1 (SN01),11/21/1995 13:45:00,SNY319,NIT-ORGN,Organic Nitrogen,Total,,0.1,mg/l,False,0.1,,,351.2,SNY001,Calculated,SW,Water,,,Clayton,07060003,River/Stream,,42.94880662,-91.18632674
6,15220004,Sny Magill Creek Site #1 (SN01),10/31/1995 11:00:00,SNY319,NIT-ORGN,Organic Nitrogen,Total,,0.1,mg/l,True,0.1,,,351.2,SNY001,Calculated,SW,Water,,,Clayton,07060003,River/Stream,,42.94880662,-91.18632674
6,15220004,Sny Magill Creek Site #1 (SN01),10/10/1995 14:20:00,SNY319,NIT-ORGN,Organic Nitrogen,Total,,0.1,mg/l,False,0.1,,,351.2,SNY001,Calculated,SW,Water,,,Clayton,07060003,River/Stream,,42.94880662,-91.18632674
6,15220004,Sny Magill Creek Site #1 (SN01),10/24/1995 09:35:00,SNY319,NIT-ORGN,Organic Nitrogen,Total,,0.4,mg/l,True,0.1,,,351.2,SNY001,Calculated,SW,Water,,,Clayton,07060003,River/Stream,,42.94880662,-91.18632674
6,15220004,Sny Magill Creek Site #1 (SN01),10/03/1995 16:10:00,SNY319,NIT-ORGN,Organic Nitrogen,Total,,0.3,mg/l,True,0.1,,,351.2,SNY001,Calculated,SW,Water,,,Clayton,07060003,River/Stream,,42.94880662,-91.18632674
6,15220004,Sny Magill Creek Site #1 (SN01),08/13/1996 12:35:00,SNY319,NIT-ORGN,Organic Nitrogen,Total,,0.2,mg/l,True,0.1,,,351.2,SNY001,Calculated,SW,Water,,,Clayton,07060003,River/Stream,,42.94880662,-91.18632674
6,15220004,Sny Magill Creek Site #1 (SN01),07/16/1996 13:00:00,SNY319,NIT-ORGN,Organic Nitrogen,Total,,0.3,mg/l,True,0.1,,,351.2,SNY001,Calculated,SW,Water,,,Clayton,07060003,River/Stream,,42.94880662,-91.18632674
6,15220004,Sny Magill Creek Site #1 (SN01),09/24/1996 14:20:00,SNY319,NIT-ORGN,Organic Nitrogen,Total,,0.9,mg/l,True,0.1,,,351.2,SNY001,Calculated,SW,Water,,,Clayton,07060003,River/Stream,,42.94880662,-91.18632674
6,15220004,Sny Magill Creek Site #1 (SN01),09/03/1996 12:00:00,SNY319,NIT-ORGN,Organic Nitrogen,Total,,0.1,mg/l,True,0.1,,,351.2,SNY001,Calculated,SW,Water,,,Clayton,07060003,River/Stream,,42.94880662,-91.18632674
6,15220004,Sny Magill Creek Site #1 (SN01),08/06/1996 13:00:00,SNY319,NIT-ORGN,Organic Nitrogen,Total,,0.3,mg/l,True,0.1,,,351.2,SNY001,Calculated,SW,Water,,,Clayton,07060003,River/Stream,,42.94880662,-91.18632674
6,15220004,Sny Magill Creek Site #1 (SN01),07/23/1996 11:55:00,SNY319,NIT-ORGN,Organic Nitrogen,Total,,0.2,mg/l,True,0.1,,,351.2,SNY001,Calculated,SW,Water,,,Clayton,07060003,River/Stream,,42.94880662,-91.18632674
6,15220004,Sny Magill Creek Site #1 (SN01),07/02/1996 13:00:00,SNY319,NIT-ORGN,Organic Nitrogen,Total,,0.2,mg/l,True,0.1,,,351.2,SNY001,Calculated,SW,Water,,,Clayton,07060003,River/Stream,,42.94880662,-91.18632674
6,15220004,Sny Magill Creek Site #1 (SN01),06/25/1996 15:00:00,SNY319,NIT-ORGN,Organic Nitrogen,Total,,0.2,mg/l,True,0.1,,,351.2,SNY001,Calculated,SW,Water,,,Clayton,07060003,River/Stream,,42.94880662,-91.18632674
6,15220004,Sny Magill Creek Site #1 (SN01),06/04/1996 13:20:00,SNY319,NIT-ORGN,Organic Nitrogen,Total,,0.3,mg/l,True,0.1,,,351.2,SNY001,Calculated,SW,Water,,,Clayton,07060003,River/Stream,,42.94880662,-91.18632674
6,15220004,Sny Magill Creek Site #1 (SN01),05/14/1996 12:00:00,SNY319,NIT-ORGN,Organic Nitrogen,Total,,0.3,mg/l,True,0.1,,,351.2,SNY001,Calculated,SW,Water,,,Clayton,07060003,River/Stream,,42.94880662,-91.18632674
6,15220004,Sny Magill Creek Site #1 (SN01),05/07/1996 13:15:00,SNY319,NIT-ORGN,Organic Nitrogen,Total,,0.1,mg/l,False,0.1,,,351.2,SNY001,Calculated,SW,Water,,,Clayton,07060003,River/Stream,,42.94880662,-91.18632674
6,15220004,Sny Magill Creek Site #1 (SN01),02/06/1996 13:00:00,SNY319,NIT-ORGN,Organic Nitrogen,Total,,0.2,mg/l,True,0.1,,,351.2,SNY001,Calculated,SW,Water,,,Clayton,07060003,River/Stream,,42.94880662,-91.18632674
6,15220004,Sny Magill Creek Site #1 (SN01),02/27/1996 13:35:00,SNY319,NIT-ORGN,Organic Nitrogen,Total,,1.3,mg/l,True,0.1,,,351.2,SNY001,Calculated,SW,Water,,,Clayton,07060003,River/Stream,,42.94880662,-91.18632674
6,15220004,Sny Magill Creek Site #1 (SN01),04/16/1996 13:40:00,SNY319,NIT-ORGN,Organic Nitrogen,Total,,0.2,mg/l,True,0.1,,,351.2,SNY001,Calculated,SW,Water,,,Clayton,07060003,River/Stream,,42.94880662,-91.18632674
6,15220004,Sny Magill Creek Site #1 (SN01),03/26/1996 13:00:00,SNY319,NIT-ORGN,Organic Nitrogen,Total,,0.2,mg/l,True,0.1,,,351.2,SNY001,Calculated,SW,Water,,,Clayton,07060003,River/Stream,,42.94880662,-91.18632674
6,15220004,Sny Magill Creek Site #1 (SN01),03/05/1996 14:10:00,SNY319,NIT-ORGN,Organic Nitrogen,Total,,0.1,mg/l,False,0.1,,,351.2,SNY001,Calculated,SW,Water,,,Clayton,07060003,River/Stream,,42.94880662,-91.18632674
6,15220004,Sny Magill Creek Site #1 (SN01),01/16/1996 13:00:00,SNY319,NIT-ORGN,Organic Nitrogen,Total,,0.1,mg/l,False,0.1,,,351.2,SNY001,Calculated,SW,Water,,,Clayton,07060003,River/Stream,,42.94880662,-91.18632674
6,15220004,Sny Magill Creek Site #1 (SN01),01/09/1996 14:20:00,SNY319,NIT-ORGN,Organic Nitrogen,Total,,0.2,mg/l,True,0.1,,,351.2,SNY001,Calculated,SW,Water,,,Clayton,07060003,River/Stream,,42.94880662,-91.18632674
6,15220004,Sny Magill Creek Site #1 (SN01),10/05/1999 11:50:00,SNY319,NIT-ORGN,Organic Nitrogen,Total,,0.1,mg/l,True,0.1,,,351.2,SNY001,Calculated,SW,Water,,,Clayton,07060003,River/Stream,,42.94880662,-91.18632674
6,15220004,Sny Magill Creek Site #1 (SN01),10/17/2000 12:20:00,SNY319,NIT-ORGN,Organic Nitrogen,Total,,0.1,mg/l,False,0.1,,,351.2,SNY001,Calculated,SW,Water,,,Clayton,07060003,River/Stream,,42.94880662,-91.18632674
6,15220004,Sny Magill Creek Site #1 (SN01),11/14/2000 12:20:00,SNY319,NIT-ORGN,Organic Nitrogen,Total,,0.1,mg/l,False,0.1,,,351.2,SNY001,Calculated,SW,Water,,,Clayton,07060003,River/Stream,,42.94880662,-91.18632674
6,15220004,Sny Magill Creek Site #1 (SN01),12/12/2000 13:00:00,SNY319,NIT-ORGN,Organic Nitrogen,Total,,0.1,mg/l,False,0.1,,,351.2,SNY001,Calculated,SW,Water,,,Clayton,07060003,River/Stream,,42.94880662,-91.18632674
6,15220004,Sny Magill Creek Site #1 (SN01),11/21/2000 13:00:00,SNY319,NIT-ORGN,Organic Nitrogen,Total,,0.1,mg/l,False,0.1,,,351.2,SNY001,Calculated,SW,Water,,,Clayton,07060003,River/Stream,,42.94880662,-91.18632674
6,15220004,Sny Magill Creek Site #1 (SN01),12/19/2000 14:15:00,SNY319,NIT-ORGN,Organic Nitrogen,Total,,0.1,mg/l,False,0.1,,,351.2,SNY001,Calculated,SW,Water,,,Clayton,07060003,River/Stream,,42.94880662,-91.18632674
6,15220004,Sny Magill Creek Site #1 (SN01),01/02/2001 13:20:00,SNY319,NIT-ORGN,Organic Nitrogen,Total,,0.1,mg/l,True,0.1,,,351.2,SNY001,Calculated,SW,Water,,,Clayton,07060003,River/Stream,,42.94880662,-91.18632674
6,15220004,Sny Magill Creek Site #1 (SN01),01/23/2001 12:30:00,SNY319,NIT-ORGN,Organic Nitrogen,Total,,0.1,mg/l,False,0.1,,,351.2,SNY001,Calculated,SW,Water,,,Clayton,07060003,River/Stream,,42.94880662,-91.18632674
6,15220004,Sny Magill Creek Site #1 (SN01),02/06/2001 12:10:00,SNY319,NIT-ORGN,Organic Nitrogen,Total,,0.1,mg/l,False,0.1,,,351.2,SNY001,Calculated,SW,Water,,,Clayton,07060003,River/Stream,,42.94880662,-91.18632674
6,15220004,Sny Magill Creek Site #1 (SN01),02/27/2001 14:15:00,SNY319,NIT-ORGN,Organic Nitrogen,Total,,0.4,mg/l,True,0.1,,,351.2,SNY001,Calculated,SW,Water,,,Clayton,07060003,River/Stream,,42.94880662,-91.18632674
6,15220004,Sny Magill Creek Site #1 (SN01),03/06/2001 12:30:00,SNY319,NIT-ORGN,Organic Nitrogen,Total,,0.2,mg/l,True,0.1,,,351.2,SNY001,Calculated,SW,Water,,,Clayton,07060003,River/Stream,,42.94880662,-91.18632674
6,15220004,Sny Magill Creek Site #1 (SN01),03/27/2001 13:35:00,SNY319,NIT-ORGN,Organic Nitrogen,Total,,0.3,mg/l,True,0.1,,,351.2,SNY001,Calculated,SW,Water,,,Clayton,07060003,River/Stream,,42.94880662,-91.18632674
6,15220004,Sny Magill Creek Site #1 (SN01),04/03/2001 13:15:00,SNY319,NIT-ORGN,Organic Nitrogen,Total,,0.2,mg/l,True,0.1,,,351.2,SNY001,Calculated,SW,Water,,,Clayton,07060003,River/Stream,,42.94880662,-91.18632674
6,15220004,Sny Magill Creek Site #1 (SN01),04/24/2001 15:15:00,SNY319,NIT-ORGN,Organic Nitrogen,Total,,0.1,mg/l,False,0.1,,,351.2,SNY001,Calculated,SW,Water,,,Clayton,07060003,River/Stream,,42.94880662,-91.18632674
6,15220004,Sny Magill Creek Site #1 (SN01),05/01/2001 12:00:00,SNY319,NIT-ORGN,Organic Nitrogen,Total,,0.2,mg/l,True,0.1,,,351.2,SNY001,Calculated,SW,Water,,,Clayton,07060003,River/Stream,,42.94880662,-91.18632674
6,15220004,Sny Magill Creek Site #1 (SN01),05/22/2001 12:50:00,SNY319,NIT-ORGN,Organic Nitrogen,Total,,1,mg/l,True,0.1,,,351.2,SNY001,Calculated,SW,Water,,,Clayton,07060003,River/Stream,,42.94880662,-91.18632674
6,15220004,Sny Magill Creek Site #1 (SN01),05/29/2001 12:35:00,SNY319,NIT-ORGN,Organic Nitrogen,Total,,0.9,mg/l,True,0.1,,,351.2,SNY001,Calculated,SW,Water,,,Clayton,07060003,River/Stream,,42.94880662,-91.18632674
6,15220004,Sny Magill Creek Site #1 (SN01),06/19/2001 12:30:00,SNY319,NIT-ORGN,Organic Nitrogen,Total,,0.7,mg/l,True,0.1,,,351.2,SNY001,Calculated,SW,Water,,,Clayton,07060003,River/Stream,,42.94880662,-91.18632674
6,15220004,Sny Magill Creek Site #1 (SN01),06/26/2001 12:40:00,SNY319,NIT-ORGN,Organic Nitrogen,Total,,0.1,mg/l,True,0.1,,,351.2,SNY001,Calculated,SW,Water,,,Clayton,07060003,River/Stream,,42.94880662,-91.18632674
6,15220004,Sny Magill Creek Site #1 (SN01),07/17/2001 12:25:00,SNY319,NIT-ORGN,Organic Nitrogen,Total,,0.2,mg/l,True,0.1,,,351.2,SNY001,Calculated,SW,Water,,,Clayton,07060003,River/Stream,,42.94880662,-91.18632674
6,15220004,Sny Magill Creek Site #1 (SN01),07/24/2001 12:10:00,SNY319,NIT-ORGN,Organic Nitrogen,Total,,0.1,mg/l,False,0.1,,,351.2,SNY001,Calculated,SW,Water,,,Clayton,07060003,River/Stream,,42.94880662,-91.18632674
6,15220004,Sny Magill Creek Site #1 (SN01),08/14/2001 14:00:00,SNY319,NIT-ORGN,Organic Nitrogen,Total,,0.32,mg/l,True,0.05,,,LAC10-107-06-2E,SNY001,Calculated,SW,Water,,,Clayton,07060003,River/Stream,,42.94880662,-91.18632674
6,15220004,Sny Magill Creek Site #1 (SN01),08/21/2001 11:40:00,SNY319,NIT-ORGN,Organic Nitrogen,Total,,0.25,mg/l,True,0.05,,,LAC10-107-06-2E,SNY001,Calculated,SW,Water,,,Clayton,07060003,River/Stream,,42.94880662,-91.18632674
6,15220004,Sny Magill Creek Site #1 (SN01),09/11/2001 13:45:00,SNY319,NIT-ORGN,Organic Nitrogen,Total,,0.05,mg/l,False,0.05,,,LAC10-107-06-2E,SNY001,Calculated,SW,Water,,,Clayton,07060003,River/Stream,,42.94880662,-91.18632674
6,15220004,Sny Magill Creek Site #1 (SN01),09/18/2001 11:25:00,SNY319,NIT-ORGN,Organic Nitrogen,Total,,1.1,mg/l,True,0.05,,,LAC10-107-06-2E,SNY001,Calculated,SW,Water,,,Clayton,07060003,River/Stream,,42.94880662,-91.18632674
6,15220004,Sny Magill Creek Site #1 (SN01),09/14/1999 11:30:00,SNY319,NIT-ORGN,Organic Nitrogen,Total,,0.3,mg/l,True,0.1,,,351.2,SNY001,Calculated,SW,Water,,,Clayton,07060003,River/Stream,,42.94880662,-91.18632674
6,15220004,Sny Magill Creek Site #1 (SN01),10/12/1999 11:50:00,SNY319,NIT-ORGN,Organic Nitrogen,Total,,0.2,mg/l,True,0.1,,,351.2,SNY001,Calculated,SW,Water,,,Clayton,07060003,River/Stream,,42.94880662,-91.18632674
6,15220004,Sny Magill Creek Site #1 (SN01),11/09/1999 13:00:00,SNY319,NIT-ORGN,Organic Nitrogen,Total,,0.2,mg/l,True,0.1,,,351.2,SNY001,Calculated,SW,Water,,,Clayton,07060003,River/Stream,,42.94880662,-91.18632674
6,15220004,Sny Magill Creek Site #1 (SN01),11/16/1999 12:35:00,SNY319,NIT-ORGN,Organic Nitrogen,Total,,0.1,mg/l,False,0.1,,,351.2,SNY001,Calculated,SW,Water,,,Clayton,07060003,River/Stream,,42.94880662,-91.18632674
6,15220004,Sny Magill Creek Site #1 (SN01),11/02/1999 13:15:00,SNY319,NIT-ORGN,Organic Nitrogen,Total,,0.6,mg/l,True,0.1,,,351.2,SNY001,Calculated,SW,Water,,,Clayton,07060003,River/Stream,,42.94880662,-91.18632674
6,15220004,Sny Magill Creek Site #1 (SN01),12/07/1999 13:00:00,SNY319,NIT-ORGN,Organic Nitrogen,Total,,0.1,mg/l,False,0.1,,,351.2,SNY001,Calculated,SW,Water,,,Clayton,07060003,River/Stream,,42.94880662,-91.18632674
6,15220004,Sny Magill Creek Site #1 (SN01),12/14/1999 12:50:00,SNY319,NIT-ORGN,Organic Nitrogen,Total,,0.1,mg/l,False,0.1,,,351.2,SNY001,Calculated,SW,Water,,,Clayton,07060003,River/Stream,,42.94880662,-91.18632674
6,15220004,Sny Magill Creek Site #1 (SN01),01/04/2000 12:35:00,SNY319,NIT-ORGN,Organic Nitrogen,Total,,0.1,mg/l,True,0.1,,,351.2,SNY001,Calculated,SW,Water,,,Clayton,07060003,River/Stream,,42.94880662,-91.18632674
6,15220004,Sny Magill Creek Site #1 (SN01),02/01/2000 12:45:00,SNY319,NIT-ORGN,Organic Nitrogen,Total,,0.1,mg/l,False,0.1,,,351.2,SNY001,Calculated,SW,Water,,,Clayton,07060003,River/Stream,,42.94880662,-91.18632674
6,15220004,Sny Magill Creek Site #1 (SN01),02/08/2000 13:40:00,SNY319,NIT-ORGN,Organic Nitrogen,Total,,0.1,mg/l,False,0.1,,,351.2,SNY001,Calculated,SW,Water,,,Clayton,07060003,River/Stream,,42.94880662,-91.18632674
6,15220004,Sny Magill Creek Site #1 (SN01),02/29/2000 14:45:00,SNY319,NIT-ORGN,Organic Nitrogen,Total,,0.1,mg/l,False,0.1,,,351.2,SNY001,Calculated,SW,Water,,,Clayton,07060003,River/Stream,,42.94880662,-91.18632674
6,15220004,Sny Magill Creek Site #1 (SN01),03/07/2000 12:20:00,SNY319,NIT-ORGN,Organic Nitrogen,Total,,0.1,mg/l,False,0.1,,,351.2,SNY001,Calculated,SW,Water,,,Clayton,07060003,River/Stream,,42.94880662,-91.18632674
6,15220004,Sny Magill Creek Site #1 (SN01),03/28/2000 14:45:00,SNY319,NIT-ORGN,Organic Nitrogen,Total,,0.1,mg/l,True,0.1,,,351.2,SNY001,Calculated,SW,Water,,,Clayton,07060003,River/Stream,,42.94880662,-91.18632674
6,15220004,Sny Magill Creek Site #1 (SN01),04/04/2000 12:45:00,SNY319,NIT-ORGN,Organic Nitrogen,Total,,0.1,mg/l,False,0.1,,,351.2,SNY001,Calculated,SW,Water,,,Clayton,07060003,River/Stream,,42.94880662,-91.18632674
6,15220004,Sny Magill Creek Site #1 (SN01),04/25/2000 14:30:00,SNY319,NIT-ORGN,Organic Nitrogen,Total,,0.1,mg/l,False,0.1,,,351.2,SNY001,Calculated,SW,Water,,,Clayton,07060003,River/Stream,,42.94880662,-91.18632674
6,15220004,Sny Magill Creek Site #1 (SN01),05/02/2000 13:20:00,SNY319,NIT-ORGN,Organic Nitrogen,Total,,0.1,mg/l,False,0.1,,,351.2,SNY001,Calculated,SW,Water,,,Clayton,07060003,River/Stream,,42.94880662,-91.18632674
6,15220004,Sny Magill Creek Site #1 (SN01),05/23/2000 13:15:00,SNY319,NIT-ORGN,Organic Nitrogen,Total,,0.3,mg/l,True,0.1,,,351.2,SNY001,Calculated,SW,Water,,,Clayton,07060003,River/Stream,,42.94880662,-91.18632674
6,15220004,Sny Magill Creek Site #1 (SN01),05/30/2000 14:55:00,SNY319,NIT-ORGN,Organic Nitrogen,Total,,0.2,mg/l,True,0.1,,,351.2,SNY001,Calculated,SW,Water,,,Clayton,07060003,River/Stream,,42.94880662,-91.18632674
6,15220004,Sny Magill Creek Site #1 (SN01),06/20/2000 12:25:00,SNY319,NIT-ORGN,Organic Nitrogen,Total,,0.3,mg/l,True,0.1,,,351.2,SNY001,Calculated,SW,Water,,,Clayton,07060003,River/Stream,,42.94880662,-91.18632674
6,15220004,Sny Magill Creek Site #1 (SN01),06/27/2000 14:20:00,SNY319,NIT-ORGN,Organic Nitrogen,Total,,0.1,mg/l,False,0.1,,,351.2,SNY001,Calculated,SW,Water,,,Clayton,07060003,River/Stream,,42.94880662,-91.18632674
6,15220004,Sny Magill Creek Site #1 (SN01),07/18/2000 13:10:00,SNY319,NIT-ORGN,Organic Nitrogen,Total,,0.4,mg/l,True,0.1,,,351.2,SNY001,Calculated,SW,Water,,,Clayton,07060003,River/Stream,,42.94880662,-91.18632674
6,15220004,Sny Magill Creek Site #1 (SN01),07/25/2000 13:35:00,SNY319,NIT-ORGN,Organic Nitrogen,Total,,0.4,mg/l,True,0.1,,,351.2,SNY001,Calculated,SW,Water,,,Clayton,07060003,River/Stream,,42.94880662,-91.18632674
6,15220004,Sny Magill Creek Site #1 (SN01),08/15/2000 13:20:00,SNY319,NIT-ORGN,Organic Nitrogen,Total,,0.1,mg/l,False,0.1,,,351.2,SNY001,Calculated,SW,Water,,,Clayton,07060003,River/Stream,,42.94880662,-91.18632674
6,15220004,Sny Magill Creek Site #1 (SN01),08/22/2000 12:30:00,SNY319,NIT-ORGN,Organic Nitrogen,Total,,0.1,mg/l,False,0.1,,,351.2,SNY001,Calculated,SW,Water,,,Clayton,07060003,River/Stream,,42.94880662,-91.18632674
6,15220004,Sny Magill Creek Site #1 (SN01),09/12/2000 12:55:00,SNY319,NIT-ORGN,Organic Nitrogen,Total,,0.1,mg/l,False,0.1,,,351.2,SNY001,Calculated,SW,Water,,,Clayton,07060003,River/Stream,,42.94880662,-91.18632674
6,15220004,Sny Magill Creek Site #1 (SN01),08/18/1998 12:35:00,SNY319,NIT-ORGN,Organic Nitrogen,Total,,0.9,mg/l,True,0.1,,,351.2,SNY001,Calculated,SW,Water,,,Clayton,07060003,River/Stream,,42.94880662,-91.18632674
6,15220004,Sny Magill Creek Site #1 (SN01),08/25/1998 13:15:00,SNY319,NIT-ORGN,Organic Nitrogen,Total,,0.3,mg/l,True,0.1,,,351.2,SNY001,Calculated,SW,Water,,,Clayton,07060003,River/Stream,,42.94880662,-91.18632674
6,15220004,Sny Magill Creek Site #1 (SN01),09/15/1998 12:30:00,SNY319,NIT-ORGN,Organic Nitrogen,Total,,0.3,mg/l,True,0.1,,,351.2,SNY001,Calculated,SW,Water,,,Clayton,07060003,River/Stream,,42.94880662,-91.18632674
6,15220004,Sny Magill Creek Site #1 (SN01),05/05/1998 14:25:00,SNY319,NIT-ORGN,Organic Nitrogen,Total,,0.1,mg/l,False,0.1,,,351.2,SNY001,Calculated,SW,Water,,,Clayton,07060003,River/Stream,,42.94880662,-91.18632674
6,15220004,Sny Magill Creek Site #1 (SN01),09/22/1998 12:30:00,SNY319,NIT-ORGN,Organic Nitrogen,Total,,0.1,mg/l,False,0.1,,,351.2,SNY001,Calculated,SW,Water,,,Clayton,07060003,River/Stream,,42.94880662,-91.18632674
6,15220004,Sny Magill Creek Site #1 (SN01),10/06/1998 12:40:00,SNY319,NIT-ORGN,Organic Nitrogen,Total,,0.2,mg/l,True,0.1,,,351.2,SNY001,Calculated,SW,Water,,,Clayton,07060003,River/Stream,,42.94880662,-91.18632674
6,15220004,Sny Magill Creek Site #1 (SN01),10/13/1998 12:10:00,SNY319,NIT-ORGN,Organic Nitrogen,Total,,0.1,mg/l,False,0.1,,,351.2,SNY001,Calculated,SW,Water,,,Clayton,07060003,River/Stream,,42.94880662,-91.18632674
6,15220004,Sny Magill Creek Site #1 (SN01),11/17/1998 13:20:00,SNY319,NIT-ORGN,Organic Nitrogen,Total,,0.1,mg/l,False,0.1,,,351.2,SNY001,Calculated,SW,Water,,,Clayton,07060003,River/Stream,,42.94880662,-91.18632674
6,15220004,Sny Magill Creek Site #1 (SN01),11/24/1998 12:15:00,SNY319,NIT-ORGN,Organic Nitrogen,Total,,0.1,mg/l,False,0.1,,,351.2,SNY001,Calculated,SW,Water,,,Clayton,07060003,River/Stream,,42.94880662,-91.18632674
6,15220004,Sny Magill Creek Site #1 (SN01),12/01/1998 13:40:00,SNY319,NIT-ORGN,Organic Nitrogen,Total,,0.1,mg/l,False,0.1,,,351.2,SNY001,Calculated,SW,Water,,,Clayton,07060003,River/Stream,,42.94880662,-91.18632674
6,15220004,Sny Magill Creek Site #1 (SN01),12/29/1998 14:50:00,SNY319,NIT-ORGN,Organic Nitrogen,Total,,0.1,mg/l,False,0.1,,,351.2,SNY001,Calculated,SW,Water,,,Clayton,07060003,River/Stream,,42.94880662,-91.18632674
6,15220004,Sny Magill Creek Site #1 (SN01),10/20/1998 12:55:00,SNY319,NIT-ORGN,Organic Nitrogen,Total,,0.1,mg/l,False,0.1,,,351.2,SNY001,Calculated,SW,Water,,,Clayton,07060003,River/Stream,,42.94880662,-91.18632674
6,15220004,Sny Magill Creek Site #1 (SN01),05/11/1999 12:00:00,SNY319,NIT-ORGN,Organic Nitrogen,Total,,0.3,mg/l,True,0.1,,,351.2,SNY001,Calculated,SW,Water,,,Clayton,07060003,River/Stream,,42.94880662,-91.18632674
6,15220004,Sny Magill Creek Site #1 (SN01),06/08/1999 12:20:00,SNY319,NIT-ORGN,Organic Nitrogen,Total,,0.1,mg/l,False,0.1,,,351.2,SNY001,Calculated,SW,Water,,,Clayton,07060003,River/Stream,,42.94880662,-91.18632674
6,15220004,Sny Magill Creek Site #1 (SN01),06/15/1999 12:15:00,SNY319,NIT-ORGN,Organic Nitrogen,Total,,0.2,mg/l,True,0.1,,,351.2,SNY001,Calculated,SW,Water,,,Clayton,07060003,River/Stream,,42.94880662,-91.18632674
6,15220004,Sny Magill Creek Site #1 (SN01),06/22/1999 11:40:00,SNY319,NIT-ORGN,Organic Nitrogen,Total,,0.1,mg/l,False,0.1,,,351.2,SNY001,Calculated,SW,Water,,,Clayton,07060003,River/Stream,,42.94880662,-91.18632674
6,15220004,Sny Magill Creek Site #1 (SN01),07/27/1999 13:45:00,SNY319,NIT-ORGN,Organic Nitrogen,Total,,0.4,mg/l,True,0.1,,,351.2,SNY001,Calculated,SW,Water,,,Clayton,07060003,River/Stream,,42.94880662,-91.18632674
6,15220004,Sny Magill Creek Site #1 (SN01),08/03/1999 12:00:00,SNY319,NIT-ORGN,Organic Nitrogen,Total,,0.1,mg/l,True,0.1,,,351.2,SNY001,Calculated,SW,Water,,,Clayton,07060003,River/Stream,,42.94880662,-91.18632674
6,15220004,Sny Magill Creek Site #1 (SN01),09/07/1999 13:40:00,SNY319,NIT-ORGN,Organic Nitrogen,Total,,0.1,mg/l,False,0.1,,,351.2,SNY001,Calculated,SW,Water,,,Clayton,07060003,River/Stream,,42.94880662,-91.18632674
6,15220004,Sny Magill Creek Site #1 (SN01),07/20/1999 12:15:00,SNY319,NIT-ORGN,Organic Nitrogen,Total,,0.4,mg/l,True,0.1,,,351.2,SNY001,Calculated,SW,Water,,,Clayton,07060003,River/Stream,,42.94880662,-91.18632674
6,15220004,Sny Magill Creek Site #1 (SN01),01/12/1999 12:55:00,SNY319,NIT-ORGN,Organic Nitrogen,Total,,0.1,mg/l,True,0.1,,,351.2,SNY001,Calculated,SW,Water,,,Clayton,07060003,River/Stream,,42.94880662,-91.18632674
6,15220004,Sny Magill Creek Site #1 (SN01),02/09/1999 12:20:00,SNY319,NIT-ORGN,Organic Nitrogen,Total,,0.4,mg/l,True,0.1,,,351.2,SNY001,Calculated,SW,Water,,,Clayton,07060003,River/Stream,,42.94880662,-91.18632674
6,15220004,Sny Magill Creek Site #1 (SN01),02/16/1999 11:50:00,SNY319,NIT-ORGN,Organic Nitrogen,Total,,0.1,mg/l,True,0.1,,,351.2,SNY001,Calculated,SW,Water,,,Clayton,07060003,River/Stream,,42.94880662,-91.18632674
6,15220004,Sny Magill Creek Site #1 (SN01),02/23/1999 13:00:00,SNY319,NIT-ORGN,Organic Nitrogen,Total,,0.1,mg/l,False,0.1,,,351.2,SNY001,Calculated,SW,Water,,,Clayton,07060003,River/Stream,,42.94880662,-91.18632674
6,15220004,Sny Magill Creek Site #1 (SN01),04/06/1999 12:05:00,SNY319,NIT-ORGN,Organic Nitrogen,Total,,0.6,mg/l,True,0.1,,,351.2,SNY001,Calculated,SW,Water,,,Clayton,07060003,River/Stream,,42.94880662,-91.18632674
6,15220004,Sny Magill Creek Site #1 (SN01),04/27/1999 13:05:00,SNY319,NIT-ORGN,Organic Nitrogen,Total,,0.9,mg/l,True,0.1,,,351.2,SNY001,Calculated,SW,Water,,,Clayton,07060003,River/Stream,,42.94880662,-91.18632674
6,15220004,Sny Magill Creek Site #1 (SN01),05/04/1999 11:30:00,SNY319,NIT-ORGN,Organic Nitrogen,Total,,0.3,mg/l,True,0.1,,,351.2,SNY001,Calculated,SW,Water,,,Clayton,07060003,River/Stream,,42.94880662,-91.18632674
6,15220004,Sny Magill Creek Site #1 (SN01),03/23/1999 11:50:00,SNY319,NIT-ORGN,Organic Nitrogen,Total,,0.4,mg/l,True,0.1,,,351.2,SNY001,Calculated,SW,Water,,,Clayton,07060003,River/Stream,,42.94880662,-91.18632674
6,15220004,Sny Magill Creek Site #1 (SN01),03/30/1999 13:30:00,SNY319,NIT-ORGN,Organic Nitrogen,Total,,0.2,mg/l,True,0.1,,,351.2,SNY001,Calculated,SW,Water,,,Clayton,07060003,River/Stream,,42.94880662,-91.18632674
6,15220004,Sny Magill Creek Site #1 (SN01),10/01/1996 13:30:00,SNY319,NIT-ORGN,Organic Nitrogen,Total,,0.1,mg/l,False,0.1,,,351.2,SNY001,Calculated,SW,Water,,,Clayton,07060003,River/Stream,,42.94880662,-91.18632674
6,15220004,Sny Magill Creek Site #1 (SN01),10/22/1996 12:30:00,SNY319,NIT-ORGN,Organic Nitrogen,Total,,0.1,mg/l,True,0.1,,,351.2,SNY001,Calculated,SW,Water,,,Clayton,07060003,River/Stream,,42.94880662,-91.18632674
6,15220004,Sny Magill Creek Site #1 (SN01),10/29/1996 14:10:00,SNY319,NIT-ORGN,Organic Nitrogen,Total,,0.2,mg/l,True,0.1,,,351.2,SNY001,Calculated,SW,Water,,,Clayton,07060003,River/Stream,,42.94880662,-91.18632674
6,15220004,Sny Magill Creek Site #1 (SN01),11/26/1996 12:00:00,SNY319,NIT-ORGN,Organic Nitrogen,Total,,0.1,mg/l,False,0.1,,,351.2,SNY001,Calculated,SW,Water,,,Clayton,07060003,River/Stream,,42.94880662,-91.18632674
6,15220004,Sny Magill Creek Site #1 (SN01),11/19/1996 12:00:00,SNY319,NIT-ORGN,Organic Nitrogen,Total,,0.1,mg/l,False,0.1,,,351.2,SNY001,Calculated,SW,Water,,,Clayton,07060003,River/Stream,,42.94880662,-91.18632674
6,15220004,Sny Magill Creek Site #1 (SN01),12/23/1996 12:05:00,SNY319,NIT-ORGN,Organic Nitrogen,Total,,0.3,mg/l,True,0.1,,,351.2,SNY001,Calculated,SW,Water,,,Clayton,07060003,River/Stream,,42.94880662,-91.18632674
6,15220004,Sny Magill Creek Site #1 (SN01),12/30/1996 14:00:00,SNY319,NIT-ORGN,Organic Nitrogen,Total,,0.1,mg/l,True,0.1,,,351.2,SNY001,Calculated,SW,Water,,,Clayton,07060003,River/Stream,,42.94880662,-91.18632674
6,15220004,Sny Magill Creek Site #1 (SN01),01/07/1997 12:30:00,SNY319,NIT-ORGN,Organic Nitrogen,Total,,0.1,mg/l,False,0.1,,,351.2,SNY001,Calculated,SW,Water,,,Clayton,07060003,River/Stream,,42.94880662,-91.18632674
6,15220004,Sny Magill Creek Site #1 (SN01),02/04/1997 14:50:00,SNY319,NIT-ORGN,Organic Nitrogen,Total,,0.1,mg/l,False,0.1,,,351.2,SNY001,Calculated,SW,Water,,,Clayton,07060003,River/Stream,,42.94880662,-91.18632674
6,15220004,Sny Magill Creek Site #1 (SN01),02/11/1997 15:25:00,SNY319,NIT-ORGN,Organic Nitrogen,Total,,0.1,mg/l,False,0.1,,,351.2,SNY001,Calculated,SW,Water,,,Clayton,07060003,River/Stream,,42.94880662,-91.18632674
6,15220004,Sny Magill Creek Site #1 (SN01),09/12/1995 13:00:00,SNY319,NIT-ORGN,Organic Nitrogen,Total,,0.1,mg/l,False,0.1,,,351.2,SNY001,Calculated,SW,Water,,,Clayton,07060003,River/Stream,,42.94880662,-91.18632674
6,15220004,Sny Magill Creek Site #1 (SN01),08/22/1995 14:30:00,SNY319,NIT-ORGN,Organic Nitrogen,Total,,0.1,mg/l,False,0.1,,,351.2,SNY001,Calculated,SW,Water,,,Clayton,07060003,River/Stream,,42.94880662,-91.18632674
6,15220004,Sny Magill Creek Site #1 (SN01),08/15/1995 15:50:00,SNY319,NIT-ORGN,Organic Nitrogen,Total,,0.1,mg/l,False,0.1,,,351.2,SNY001,Calculated,SW,Water,,,Clayton,07060003,River/Stream,,42.94880662,-91.18632674
6,15220004,Sny Magill Creek Site #1 (SN01),03/04/1997 12:50:00,SNY319,NIT-ORGN,Organic Nitrogen,Total,,0.3,mg/l,True,0.1,,,351.2,SNY001,Calculated,SW,Water,,,Clayton,07060003,River/Stream,,42.94880662,-91.18632674
6,15220004,Sny Magill Creek Site #1 (SN01),03/11/1997 12:20:00,SNY319,NIT-ORGN,Organic Nitrogen,Total,,0.4,mg/l,True,0.1,,,351.2,SNY001,Calculated,SW,Water,,,Clayton,07060003,River/Stream,,42.94880662,-91.18632674
6,15220004,Sny Magill Creek Site #1 (SN01),04/01/1997 12:30:00,SNY319,NIT-ORGN,Organic Nitrogen,Total,,0.1,mg/l,True,0.1,,,351.2,SNY001,Calculated,SW,Water,,,Clayton,07060003,River/Stream,,42.94880662,-91.18632674
6,15220004,Sny Magill Creek Site #1 (SN01),04/08/1997 11:15:00,SNY319,NIT-ORGN,Organic Nitrogen,Total,,0.1,mg/l,True,0.1,,,351.2,SNY001,Calculated,SW,Water,,,Clayton,07060003,River/Stream,,42.94880662,-91.18632674
6,15220004,Sny Magill Creek Site #1 (SN01),04/29/1997 13:25:00,SNY319,NIT-ORGN,Organic Nitrogen,Total,,0.4,mg/l,True,0.1,,,351.2,SNY001,Calculated,SW,Water,,,Clayton,07060003,River/Stream,,42.94880662,-91.18632674
6,15220004,Sny Magill Creek Site #1 (SN01),01/14/1997 14:40:00,SNY319,NIT-ORGN,Organic Nitrogen,Total,,0.1,mg/l,False,0.1,,,351.2,SNY001,Calculated,SW,Water,,,Clayton,07060003,River/Stream,,42.94880662,-91.18632674
6,15220004,Sny Magill Creek Site #1 (SN01),05/06/1997 13:45:00,SNY319,NIT-ORGN,Organic Nitrogen,Total,,0.2,mg/l,True,0.1,,,351.2,SNY001,Calculated,SW,Water,,,Clayton,07060003,River/Stream,,42.94880662,-91.18632674
6,15220004,Sny Magill Creek Site #1 (SN01),06/24/1997 14:30:00,SNY319,NIT-ORGN,Organic Nitrogen,Total,,0.3,mg/l,True,0.1,,,351.2,SNY001,Calculated,SW,Water,,,Clayton,07060003,River/Stream,,42.94880662,-91.18632674
6,15220004,Sny Magill Creek Site #1 (SN01),05/26/1997 14:40:00,SNY319,NIT-ORGN,Organic Nitrogen,Total,,0.1,mg/l,False,0.1,,,351.2,SNY001,Calculated,SW,Water,,,Clayton,07060003,River/Stream,,42.94880662,-91.18632674
6,15220004,Sny Magill Creek Site #1 (SN01),06/03/1997 13:20:00,SNY319,NIT-ORGN,Organic Nitrogen,Total,,0.2,mg/l,True,0.1,,,351.2,SNY001,Calculated,SW,Water,,,Clayton,07060003,River/Stream,,42.94880662,-91.18632674
6,15220004,Sny Magill Creek Site #1 (SN01),07/01/1997 12:00:00,SNY319,NIT-ORGN,Organic Nitrogen,Total,,0.2,mg/l,True,0.1,,,351.2,SNY001,Calculated,SW,Water,,,Clayton,07060003,River/Stream,,42.94880662,-91.18632674
6,15220004,Sny Magill Creek Site #1 (SN01),07/28/1997 15:05:00,SNY319,NIT-ORGN,Organic Nitrogen,Total,,0.5,mg/l,True,0.1,,,351.2,SNY001,Calculated,SW,Water,,,Clayton,07060003,River/Stream,,42.94880662,-91.18632674
6,15220004,Sny Magill Creek Site #1 (SN01),08/26/1997 12:50:00,SNY319,NIT-ORGN,Organic Nitrogen,Total,,0.1,mg/l,True,0.1,,,351.2,SNY001,Calculated,SW,Water,,,Clayton,07060003,River/Stream,,42.94880662,-91.18632674
6,15220004,Sny Magill Creek Site #1 (SN01),09/02/1997 12:15:00,SNY319,NIT-ORGN,Organic Nitrogen,Total,,0.1,mg/l,True,0.1,,,351.2,SNY001,Calculated,SW,Water,,,Clayton,07060003,River/Stream,,42.94880662,-91.18632674
6,15220004,Sny Magill Creek Site #1 (SN01),09/23/1997 12:25:00,SNY319,NIT-ORGN,Organic Nitrogen,Total,,0.2,mg/l,True,0.1,,,351.2,SNY001,Calculated,SW,Water,,,Clayton,07060003,River/Stream,,42.94880662,-91.18632674
6,15220004,Sny Magill Creek Site #1 (SN01),09/30/1997 12:30:00,SNY319,NIT-ORGN,Organic Nitrogen,Total,,0.1,mg/l,True,0.1,,,351.2,SNY001,Calculated,SW,Water,,,Clayton,07060003,River/Stream,,42.94880662,-91.18632674
6,15220004,Sny Magill Creek Site #1 (SN01),10/21/1997 11:35:00,SNY319,NIT-ORGN,Organic Nitrogen,Total,,0.1,mg/l,False,0.1,,,351.2,SNY001,Calculated,SW,Water,,,Clayton,07060003,River/Stream,,42.94880662,-91.18632674
6,15220004,Sny Magill Creek Site #1 (SN01),10/28/1997 10:40:00,SNY319,NIT-ORGN,Organic Nitrogen,Total,,0.1,mg/l,True,0.1,,,351.2,SNY001,Calculated,SW,Water,,,Clayton,07060003,River/Stream,,42.94880662,-91.18632674
6,15220004,Sny Magill Creek Site #1 (SN01),08/05/1997 12:30:00,SNY319,NIT-ORGN,Organic Nitrogen,Total,,0.5,mg/l,True,0.1,,,351.2,SNY001,Calculated,SW,Water,,,Clayton,07060003,River/Stream,,42.94880662,-91.18632674
6,15220004,Sny Magill Creek Site #1 (SN01),11/18/1997 13:00:00,SNY319,NIT-ORGN,Organic Nitrogen,Total,,0.1,mg/l,True,0.1,,,351.2,SNY001,Calculated,SW,Water,,,Clayton,07060003,River/Stream,,42.94880662,-91.18632674
6,15220004,Sny Magill Creek Site #1 (SN01),11/25/1997 12:55:00,SNY319,NIT-ORGN,Organic Nitrogen,Total,,0.1,mg/l,False,0.1,,,351.2,SNY001,Calculated,SW,Water,,,Clayton,07060003,River/Stream,,42.94880662,-91.18632674
6,15220004,Sny Magill Creek Site #1 (SN01),12/23/1997 12:35:00,SNY319,NIT-ORGN,Organic Nitrogen,Total,,0.1,mg/l,True,0.1,,,351.2,SNY001,Calculated,SW,Water,,,Clayton,07060003,River/Stream,,42.94880662,-91.18632674
6,15220004,Sny Magill Creek Site #1 (SN01),12/30/1997 14:00:00,SNY319,NIT-ORGN,Organic Nitrogen,Total,,0.1,mg/l,False,0.1,,,351.2,SNY001,Calculated,SW,Water,,,Clayton,07060003,River/Stream,,42.94880662,-91.18632674
6,15220004,Sny Magill Creek Site #1 (SN01),01/06/1998 12:30:00,SNY319,NIT-ORGN,Organic Nitrogen,Total,,0.2,mg/l,True,0.1,,,351.2,SNY001,Calculated,SW,Water,,,Clayton,07060003,River/Stream,,42.94880662,-91.18632674
6,15220004,Sny Magill Creek Site #1 (SN01),01/27/1998 13:25:00,SNY319,NIT-ORGN,Organic Nitrogen,Total,,0.1,mg/l,True,0.1,,,351.2,SNY001,Calculated,SW,Water,,,Clayton,07060003,River/Stream,,42.94880662,-91.18632674
6,15220004,Sny Magill Creek Site #1 (SN01),02/03/1998 12:05:00,SNY319,NIT-ORGN,Organic Nitrogen,Total,,0.1,mg/l,False,0.1,,,351.2,SNY001,Calculated,SW,Water,,,Clayton,07060003,River/Stream,,42.94880662,-91.18632674
6,15220004,Sny Magill Creek Site #1 (SN01),02/24/1998 13:10:00,SNY319,NIT-ORGN,Organic Nitrogen,Total,,0.1,mg/l,True,0.1,,,351.2,SNY001,Calculated,SW,Water,,,Clayton,07060003,River/Stream,,42.94880662,-91.18632674
6,15220004,Sny Magill Creek Site #1 (SN01),03/03/1998 13:55:00,SNY319,NIT-ORGN,Organic Nitrogen,Total,,0.1,mg/l,False,0.1,,,351.2,SNY001,Calculated,SW,Water,,,Clayton,07060003,River/Stream,,42.94880662,-91.18632674
6,15220004,Sny Magill Creek Site #1 (SN01),03/31/1998 13:55:00,SNY319,NIT-ORGN,Organic Nitrogen,Total,,5,mg/l,True,0.1,,,351.2,SNY001,Calculated,SW,Water,,,Clayton,07060003,River/Stream,,42.94880662,-91.18632674
6,15220004,Sny Magill Creek Site #1 (SN01),04/28/1998 14:45:00,SNY319,NIT-ORGN,Organic Nitrogen,Total,,0.1,mg/l,False,0.1,,,351.2,SNY001,Calculated,SW,Water,,,Clayton,07060003,River/Stream,,42.94880662,-91.18632674
6,15220004,Sny Magill Creek Site #1 (SN01),05/26/1998 12:55:00,SNY319,NIT-ORGN,Organic Nitrogen,Total,,0.3,mg/l,True,0.1,,,351.2,SNY001,Calculated,SW,Water,,,Clayton,07060003,River/Stream,,42.94880662,-91.18632674
6,15220004,Sny Magill Creek Site #1 (SN01),06/02/1998 13:50:00,SNY319,NIT-ORGN,Organic Nitrogen,Total,,0.1,mg/l,True,0.1,,,351.2,SNY001,Calculated,SW,Water,,,Clayton,07060003,River/Stream,,42.94880662,-91.18632674
6,15220004,Sny Magill Creek Site #1 (SN01),06/23/1998 12:30:00,SNY319,NIT-ORGN,Organic Nitrogen,Total,,0.3,mg/l,True,0.1,,,351.2,SNY001,Calculated,SW,Water,,,Clayton,07060003,River/Stream,,42.94880662,-91.18632674
6,15220004,Sny Magill Creek Site #1 (SN01),06/30/1998 14:00:00,SNY319,NIT-ORGN,Organic Nitrogen,Total,,0.2,mg/l,True,0.1,,,351.2,SNY001,Calculated,SW,Water,,,Clayton,07060003,River/Stream,,42.94880662,-91.18632674
6,15220004,Sny Magill Creek Site #1 (SN01),07/21/1998 13:00:00,SNY319,NIT-ORGN,Organic Nitrogen,Total,,0.3,mg/l,True,0.1,,,351.2,SNY001,Calculated,SW,Water,,,Clayton,07060003,River/Stream,,42.94880662,-91.18632674
6,15220004,Sny Magill Creek Site #1 (SN01),07/28/1998 13:35:00,SNY319,NIT-ORGN,Organic Nitrogen,Total,,0.3,mg/l,True,0.1,,,351.2,SNY001,Calculated,SW,Water,,,Clayton,07060003,River/Stream,,42.94880662,-91.18632674
6,15220004,Sny Magill Creek Site #1 (SN01),07/25/1995 17:20:00,SNY319,NIT-ORGN,Organic Nitrogen,Total,,0.4,mg/l,True,0.1,,,351.2,SNY001,Calculated,SW,Water,,,Clayton,07060003,River/Stream,,42.94880662,-91.18632674
6,15220004,Sny Magill Creek Site #1 (SN01),06/27/1995 14:45:00,SNY319,NIT-ORGN,Organic Nitrogen,Total,,0.1,mg/l,True,0.1,,,351.2,SNY001,Calculated,SW,Water,,,Clayton,07060003,River/Stream,,42.94880662,-91.18632674
6,15220004,Sny Magill Creek Site #1 (SN01),07/04/1995 15:00:00,SNY319,NIT-ORGN,Organic Nitrogen,Total,,0.2,mg/l,True,0.1,,,351.2,SNY001,Calculated,SW,Water,,,Clayton,07060003,River/Stream,,42.94880662,-91.18632674
6,15220004,Sny Magill Creek Site #1 (SN01),06/06/1995 10:50:00,SNY319,NIT-ORGN,Organic Nitrogen,Total,,0.1,mg/l,False,0.1,,,351.2,SNY001,Calculated,SW,Water,,,Clayton,07060003,River/Stream,,42.94880662,-91.18632674
6,15220004,Sny Magill Creek Site #1 (SN01),06/13/1995 14:15:00,SNY319,NIT-ORGN,Organic Nitrogen,Total,,0.1,mg/l,False,0.1,,,351.2,SNY001,Calculated,SW,Water,,,Clayton,07060003,River/Stream,,42.94880662,-91.18632674
6,15220004,Sny Magill Creek Site #1 (SN01),05/23/1995 14:00:00,SNY319,NIT-ORGN,Organic Nitrogen,Total,,1.8,mg/l,True,0.1,,,351.2,SNY001,Calculated,SW,Water,,,Clayton,07060003,River/Stream,,42.94880662,-91.18632674
6,15220004,Sny Magill Creek Site #1 (SN01),05/16/1995 12:50:00,SNY319,NIT-ORGN,Organic Nitrogen,Total,,0.2,mg/l,True,0.1,,,351.2,SNY001,Calculated,SW,Water,,,Clayton,07060003,River/Stream,,42.94880662,-91.18632674
6,15220004,Sny Magill Creek Site #1 (SN01),04/25/1995 09:50:00,SNY319,NIT-ORGN,Organic Nitrogen,Total,,0.2,mg/l,True,0.1,,,351.2,SNY001,Calculated,SW,Water,,,Clayton,07060003,River/Stream,,42.94880662,-91.18632674
6,15220004,Sny Magill Creek Site #1 (SN01),02/14/1995 12:50:00,SNY319,NIT-ORGN,Organic Nitrogen,Total,,0.2,mg/l,True,0.1,,,351.2,SNY001,Calculated,SW,Water,,,Clayton,07060003,River/Stream,,42.94880662,-91.18632674
6,15220004,Sny Magill Creek Site #1 (SN01),04/04/1995 13:40:00,SNY319,NIT-ORGN,Organic Nitrogen,Total,,0.2,mg/l,True,0.1,,,351.2,SNY001,Calculated,SW,Water,,,Clayton,07060003,River/Stream,,42.94880662,-91.18632674
6,15220004,Sny Magill Creek Site #1 (SN01),03/14/1995 14:45:00,SNY319,NIT-ORGN,Organic Nitrogen,Total,,0.3,mg/l,True,0.1,,,351.2,SNY001,Calculated,SW,Water,,,Clayton,07060003,River/Stream,,42.94880662,-91.18632674
6,15220004,Sny Magill Creek Site #1 (SN01),02/21/1995 13:00:00,SNY319,NIT-ORGN,Organic Nitrogen,Total,,1.1,mg/l,True,0.1,,,351.2,SNY001,Calculated,SW,Water,,,Clayton,07060003,River/Stream,,42.94880662,-91.18632674
6,15220004,Sny Magill Creek Site #1 (SN01),03/07/1995 13:00:00,SNY319,NIT-ORGN,Organic Nitrogen,Total,,0.2,mg/l,True,0.1,,,351.2,SNY001,Calculated,SW,Water,,,Clayton,07060003,River/Stream,,42.94880662,-91.18632674
6,15220004,Sny Magill Creek Site #1 (SN01),01/24/1995 13:35:00,SNY319,NIT-ORGN,Organic Nitrogen,Total,,0.1,mg/l,True,0.1,,,351.2,SNY001,Calculated,SW,Water,,,Clayton,07060003,River/Stream,,42.94880662,-91.18632674
6,15220004,Sny Magill Creek Site #1 (SN01),01/03/1995 10:30:00,SNY319,NIT-ORGN,Organic Nitrogen,Total,,0.2,mg/l,True,0.1,,,351.2,SNY001,Calculated,SW,Water,,,Clayton,07060003,River/Stream,,42.94880662,-91.18632674
6,15220004,Sny Magill Creek Site #1 (SN01),12/20/1994 11:40:00,SNY319,NIT-ORGN,Organic Nitrogen,Total,,0.1,mg/l,True,0.1,,,351.2,SNY001,Calculated,SW,Water,,,Clayton,07060003,River/Stream,,42.94880662,-91.18632674
6,15220004,Sny Magill Creek Site #1 (SN01),11/01/1994 13:10:00,SNY319,NIT-ORGN,Organic Nitrogen,Total,,0.1,mg/l,False,0.1,,,351.2,SNY001,Calculated,SW,Water,,,Clayton,07060003,River/Stream,,42.94880662,-91.18632674
6,15220004,Sny Magill Creek Site #1 (SN01),11/29/1994 10:30:00,SNY319,NIT-ORGN,Organic Nitrogen,Total,,0.1,mg/l,True,0.1,,,351.2,SNY001,Calculated,SW,Water,,,Clayton,07060003,River/Stream,,42.94880662,-91.18632674
6,15220004,Sny Magill Creek Site #1 (SN01),11/08/1994 16:00:00,SNY319,NIT-ORGN,Organic Nitrogen,Total,,0.2,mg/l,True,0.1,,,351.2,SNY001,Calculated,SW,Water,,,Clayton,07060003,River/Stream,,42.94880662,-91.18632674
6,15220004,Sny Magill Creek Site #1 (SN01),10/18/1994 13:00:00,SNY319,NIT-ORGN,Organic Nitrogen,Total,,0.3,mg/l,True,0.1,,,351.2,SNY001,Calculated,SW,Water,,,Clayton,07060003,River/Stream,,42.94880662,-91.18632674
6,15220004,Sny Magill Creek Site #1 (SN01),10/11/1994 14:20:00,SNY319,NIT-ORGN,Organic Nitrogen,Total,,0.2,mg/l,True,0.1,,,351.2,SNY001,Calculated,SW,Water,,,Clayton,07060003,River/Stream,,42.94880662,-91.18632674
6,15220004,Sny Magill Creek Site #1 (SN01),09/28/1994 10:20:00,SNY319,NIT-ORGN,Organic Nitrogen,Total,,0.3,mg/l,True,0.1,,,351.2,SNY001,Calculated,SW,Water,,,Clayton,07060003,River/Stream,,42.94880662,-91.18632674
6,15220004,Sny Magill Creek Site #1 (SN01),09/20/1994 12:45:00,SNY319,NIT-ORGN,Organic Nitrogen,Total,,0.1,mg/l,False,0.1,,,351.2,SNY001,Calculated,SW,Water,,,Clayton,07060003,River/Stream,,42.94880662,-91.18632674
6,15220004,Sny Magill Creek Site #1 (SN01),08/16/1994 13:45:00,SNY319,NIT-ORGN,Organic Nitrogen,Total,,0.1,mg/l,True,0.1,,,351.2,SNY001,Calculated,SW,Water,,,Clayton,07060003,River/Stream,,42.94880662,-91.18632674
6,15220004,Sny Magill Creek Site #1 (SN01),08/23/1994 13:30:00,SNY319,NIT-ORGN,Organic Nitrogen,Total,,0.2,mg/l,True,0.1,,,351.2,SNY001,Calculated,SW,Water,,,Clayton,07060003,River/Stream,,42.94880662,-91.18632674
6,10220003,Bloody Run Creek Site #1 (BR01),06/25/1996 13:55:00,SNY319,NIT-ORGN,Organic Nitrogen,Total,,0.3,mg/l,True,0.1,,,351.2,SNY001,Calculated,SW,Water,,,Clayton,07060001,River/Stream,,43.0404991,-91.2055504
6,10220003,Bloody Run Creek Site #1 (BR01),06/04/1996 12:40:00,SNY319,NIT-ORGN,Organic Nitrogen,Total,,0.5,mg/l,True,0.1,,,351.2,SNY001,Calculated,SW,Water,,,Clayton,07060001,River/Stream,,43.0404991,-91.2055504
6,10220003,Bloody Run Creek Site #1 (BR01),06/11/1996 11:15:00,SNY319,NIT-ORGN,Organic Nitrogen,Total,,0.2,mg/l,True,0.1,,,351.2,SNY001,Calculated,SW,Water,,,Clayton,07060001,River/Stream,,43.0404991,-91.2055504
6,10220003,Bloody Run Creek Site #1 (BR01),05/14/1996 11:15:00,SNY319,NIT-ORGN,Organic Nitrogen,Total,,0.2,mg/l,True,0.1,,,351.2,SNY001,Calculated,SW,Water,,,Clayton,07060001,River/Stream,,43.0404991,-91.2055504
6,10220003,Bloody Run Creek Site #1 (BR01),05/21/1996 12:05:00,SNY319,NIT-ORGN,Organic Nitrogen,Total,,0.2,mg/l,True,0.1,,,351.2,SNY001,Calculated,SW,Water,,,Clayton,07060001,River/Stream,,43.0404991,-91.2055504
6,10220003,Bloody Run Creek Site #1 (BR01),04/30/1996 11:55:00,SNY319,NIT-ORGN,Organic Nitrogen,Total,,0.3,mg/l,True,0.1,,,351.2,SNY001,Calculated,SW,Water,,,Clayton,07060001,River/Stream,,43.0404991,-91.2055504
6,10220003,Bloody Run Creek Site #1 (BR01),04/23/1996 12:50:00,SNY319,NIT-ORGN,Organic Nitrogen,Total,,0.2,mg/l,True,0.1,,,351.2,SNY001,Calculated,SW,Water,,,Clayton,07060001,River/Stream,,43.0404991,-91.2055504
6,10220003,Bloody Run Creek Site #1 (BR01),04/09/1996 12:10:00,SNY319,NIT-ORGN,Organic Nitrogen,Total,,0.2,mg/l,True,0.1,,,351.2,SNY001,Calculated,SW,Water,,,Clayton,07060001,River/Stream,,43.0404991,-91.2055504
6,10220003,Bloody Run Creek Site #1 (BR01),04/02/1996 09:40:00,SNY319,NIT-ORGN,Organic Nitrogen,Total,,0.2,mg/l,True,0.1,,,351.2,SNY001,Calculated,SW,Water,,,Clayton,07060001,River/Stream,,43.0404991,-91.2055504
6,10220003,Bloody Run Creek Site #1 (BR01),03/12/1996 14:10:00,SNY319,NIT-ORGN,Organic Nitrogen,Total,,0.9,mg/l,True,0.1,,,351.2,SNY001,Calculated,SW,Water,,,Clayton,07060001,River/Stream,,43.0404991,-91.2055504
6,10220003,Bloody Run Creek Site #1 (BR01),12/26/1995 12:25:00,SNY319,NIT-ORGN,Organic Nitrogen,Total,,0.2,mg/l,True,0.1,,,351.2,SNY001,Calculated,SW,Water,,,Clayton,07060001,River/Stream,,43.0404991,-91.2055504
6,10220003,Bloody Run Creek Site #1 (BR01),02/20/1996 12:30:00,SNY319,NIT-ORGN,Organic Nitrogen,Total,,0.1,mg/l,False,0.1,,,351.2,SNY001,Calculated,SW,Water,,,Clayton,07060001,River/Stream,,43.0404991,-91.2055504
6,10220003,Bloody Run Creek Site #1 (BR01),01/30/1996 14:30:00,SNY319,NIT-ORGN,Organic Nitrogen,Total,,0.2,mg/l,True,0.1,,,351.2,SNY001,Calculated,SW,Water,,,Clayton,07060001,River/Stream,,43.0404991,-91.2055504
6,10220003,Bloody Run Creek Site #1 (BR01),01/23/1996 13:15:00,SNY319,NIT-ORGN,Organic Nitrogen,Total,,0.4,mg/l,True,0.1,,,351.2,SNY001,Calculated,SW,Water,,,Clayton,07060001,River/Stream,,43.0404991,-91.2055504
6,10220003,Bloody Run Creek Site #1 (BR01),01/09/1996 13:40:00,SNY319,NIT-ORGN,Organic Nitrogen,Total,,0.1,mg/l,False,0.1,,,351.2,SNY001,Calculated,SW,Water,,,Clayton,07060001,River/Stream,,43.0404991,-91.2055504
6,10220003,Bloody Run Creek Site #1 (BR01),01/02/1996 12:50:00,SNY319,NIT-ORGN,Organic Nitrogen,Total,,0.1,mg/l,False,0.1,,,351.2,SNY001,Calculated,SW,Water,,,Clayton,07060001,River/Stream,,43.0404991,-91.2055504
6,10220003,Bloody Run Creek Site #1 (BR01),12/19/1995 12:30:00,SNY319,NIT-ORGN,Organic Nitrogen,Total,,0.3,mg/l,True,0.1,,,351.2,SNY001,Calculated,SW,Water,,,Clayton,07060001,River/Stream,,43.0404991,-91.2055504
6,10220003,Bloody Run Creek Site #1 (BR01),12/05/1995 12:55:00,SNY319,NIT-ORGN,Organic Nitrogen,Total,,0.3,mg/l,True,0.1,,,351.2,SNY001,Calculated,SW,Water,,,Clayton,07060001,River/Stream,,43.0404991,-91.2055504
6,10220003,Bloody Run Creek Site #1 (BR01),11/28/1995 12:50:00,SNY319,NIT-ORGN,Organic Nitrogen,Total,,0.1,mg/l,False,0.1,,,351.2,SNY001,Calculated,SW,Water,,,Clayton,07060001,River/Stream,,43.0404991,-91.2055504
6,10220003,Bloody Run Creek Site #1 (BR01),10/17/1995 13:55:00,SNY319,NIT-ORGN,Organic Nitrogen,Total,,0.1,mg/l,True,0.1,,,351.2,SNY001,Calculated,SW,Water,,,Clayton,07060001,River/Stream,,43.0404991,-91.2055504
6,10220003,Bloody Run Creek Site #1 (BR01),11/14/1995 11:30:00,SNY319,NIT-ORGN,Organic Nitrogen,Total,,0.1,mg/l,False,0.1,,,351.2,SNY001,Calculated,SW,Water,,,Clayton,07060001,River/Stream,,43.0404991,-91.2055504
6,10220003,Bloody Run Creek Site #1 (BR01),11/07/1995 13:30:00,SNY319,NIT-ORGN,Organic Nitrogen,Total,,0.1,mg/l,False,0.1,,,351.2,SNY001,Calculated,SW,Water,,,Clayton,07060001,River/Stream,,43.0404991,-91.2055504
6,10220003,Bloody Run Creek Site #1 (BR01),09/25/2001 12:40:00,SNY319,NIT-ORGN,Organic Nitrogen,Total,,0.25,mg/l,True,0.05,,,LAC10-107-06-2E,SNY001,Calculated,SW,Water,,,Clayton,07060001,River/Stream,,43.0404991,-91.2055504
6,10220003,Bloody Run Creek Site #1 (BR01),07/31/2001 13:15:00,SNY319,NIT-ORGN,Organic Nitrogen,Total,,0.8,mg/l,True,0.1,,,351.2,SNY001,Calculated,SW,Water,,,Clayton,07060001,River/Stream,,43.0404991,-91.2055504
6,10220003,Bloody Run Creek Site #1 (BR01),08/07/2001 11:15:00,SNY319,NIT-ORGN,Organic Nitrogen,Total,,0.7,mg/l,True,0.05,,,LAC10-107-06-2E,SNY001,Calculated,SW,Water,,,Clayton,07060001,River/Stream,,43.0404991,-91.2055504
6,10220003,Bloody Run Creek Site #1 (BR01),08/28/2001 12:50:00,SNY319,NIT-ORGN,Organic Nitrogen,Total,,0.54,mg/l,True,0.05,,,LAC10-107-06-2E,SNY001,Calculated,SW,Water,,,Clayton,07060001,River/Stream,,43.0404991,-91.2055504
6,10220003,Bloody Run Creek Site #1 (BR01),09/04/2001 11:05:00,SNY319,NIT-ORGN,Organic Nitrogen,Total,,0.25,mg/l,True,0.05,,,LAC10-107-06-2E,SNY001,Calculated,SW,Water,,,Clayton,07060001,River/Stream,,43.0404991,-91.2055504
6,10220003,Bloody Run Creek Site #1 (BR01),12/26/2000 09:55:00,SNY319,NIT-ORGN,Organic Nitrogen,Total,,0.4,mg/l,True,0.1,,,351.2,SNY001,Calculated,SW,Water,,,Clayton,07060001,River/Stream,,43.0404991,-91.2055504
6,10220003,Bloody Run Creek Site #1 (BR01),01/02/2001 12:25:00,SNY319,NIT-ORGN,Organic Nitrogen,Total,,0.2,mg/l,True,0.1,,,351.2,SNY001,Calculated,SW,Water,,,Clayton,07060001,River/Stream,,43.0404991,-91.2055504
6,10220003,Bloody Run Creek Site #1 (BR01),01/23/2001 11:50:00,SNY319,NIT-ORGN,Organic Nitrogen,Total,,0.2,mg/l,True,0.1,,,351.2,SNY001,Calculated,SW,Water,,,Clayton,07060001,River/Stream,,43.0404991,-91.2055504
6,10220003,Bloody Run Creek Site #1 (BR01),02/06/2001 11:40:00,SNY319,NIT-ORGN,Organic Nitrogen,Total,,0.2,mg/l,True,0.1,,,351.2,SNY001,Calculated,SW,Water,,,Clayton,07060001,River/Stream,,43.0404991,-91.2055504
6,10220003,Bloody Run Creek Site #1 (BR01),02/27/2001 12:35:00,SNY319,NIT-ORGN,Organic Nitrogen,Total,,0.7,mg/l,True,0.1,,,Unknown,SNY001,Calculated,SW,Water,,,Clayton,07060001,River/Stream,,43.0404991,-91.2055504
6,10220003,Bloody Run Creek Site #1 (BR01),03/06/2001 11:50:00,SNY319,NIT-ORGN,Organic Nitrogen,Total,,0.1,mg/l,False,0.1,,,351.2,SNY001,Calculated,SW,Water,,,Clayton,07060001,River/Stream,,43.0404991,-91.2055504
6,10220003,Bloody Run Creek Site #1 (BR01),03/27/2001 12:25:00,SNY319,NIT-ORGN,Organic Nitrogen,Total,,0.5,mg/l,True,0.1,,,351.2,SNY001,Calculated,SW,Water,,,Clayton,07060001,River/Stream,,43.0404991,-91.2055504
6,10220003,Bloody Run Creek Site #1 (BR01),04/03/2001 12:20:00,SNY319,NIT-ORGN,Organic Nitrogen,Total,,0.2,mg/l,True,0.1,,,351.2,SNY001,Calculated,SW,Water,,,Clayton,07060001,River/Stream,,43.0404991,-91.2055504
6,10220003,Bloody Run Creek Site #1 (BR01),01/09/2001 11:50:00,SNY319,NIT-ORGN,Organic Nitrogen,Total,,0.1,mg/l,False,0.1,,,351.2,SNY001,Calculated,SW,Water,,,Clayton,07060001,River/Stream,,43.0404991,-91.2055504
6,10220003,Bloody Run Creek Site #1 (BR01),09/14/1999 11:05:00,SNY319,NIT-ORGN,Organic Nitrogen,Total,,0.2,mg/l,True,0.1,,,351.2,SNY001,Calculated,SW,Water,,,Clayton,07060001,River/Stream,,43.0404991,-91.2055504
6,10220003,Bloody Run Creek Site #1 (BR01),04/17/2001 12:15:00,SNY319,NIT-ORGN,Organic Nitrogen,Total,,0.5,mg/l,True,0.1,,,351.2,SNY001,Calculated,SW,Water,,,Clayton,07060001,River/Stream,,43.0404991,-91.2055504
6,10220003,Bloody Run Creek Site #1 (BR01),04/24/2001 14:25:00,SNY319,NIT-ORGN,Organic Nitrogen,Total,,0.1,mg/l,False,0.1,,,351.2,SNY001,Calculated,SW,Water,,,Clayton,07060001,River/Stream,,43.0404991,-91.2055504
6,10220003,Bloody Run Creek Site #1 (BR01),05/15/2001 11:10:00,SNY319,NIT-ORGN,Organic Nitrogen,Total,,0.4,mg/l,True,0.1,,,351.2,SNY001,Calculated,SW,Water,,,Clayton,07060001,River/Stream,,43.0404991,-91.2055504
6,10220003,Bloody Run Creek Site #1 (BR01),05/22/2001 11:50:00,SNY319,NIT-ORGN,Organic Nitrogen,Total,,0.9,mg/l,True,0.1,,,351.2,SNY001,Calculated,SW,Water,,,Clayton,07060001,River/Stream,,43.0404991,-91.2055504
6,10220003,Bloody Run Creek Site #1 (BR01),06/12/2001 11:20:00,SNY319,NIT-ORGN,Organic Nitrogen,Total,,1,mg/l,True,0.1,,,351.2,SNY001,Calculated,SW,Water,,,Clayton,07060001,River/Stream,,43.0404991,-91.2055504
6,10220003,Bloody Run Creek Site #1 (BR01),06/19/2001 11:50:00,SNY319,NIT-ORGN,Organic Nitrogen,Total,,1.1,mg/l,True,0.1,,,351.2,SNY001,Calculated,SW,Water,,,Clayton,07060001,River/Stream,,43.0404991,-91.2055504
6,10220003,Bloody Run Creek Site #1 (BR01),07/10/2001 11:15:00,SNY319,NIT-ORGN,Organic Nitrogen,Total,,0.2,mg/l,True,0.1,,,351.2,SNY001,Calculated,SW,Water,,,Clayton,07060001,River/Stream,,43.0404991,-91.2055504
6,10220003,Bloody Run Creek Site #1 (BR01),07/17/2001 11:45:00,SNY319,NIT-ORGN,Organic Nitrogen,Total,,0.2,mg/l,True,0.1,,,351.2,SNY001,Calculated,SW,Water,,,Clayton,07060001,River/Stream,,43.0404991,-91.2055504
6,10220003,Bloody Run Creek Site #1 (BR01),07/18/1995 14:15:00,SNY319,NIT-ORGN,Organic Nitrogen,Total,,0.2,mg/l,True,0.1,,,351.2,SNY001,Calculated,SW,Water,,,Clayton,07060001,River/Stream,,43.0404991,-91.2055504
6,10220003,Bloody Run Creek Site #1 (BR01),08/22/1995 13:30:00,SNY319,NIT-ORGN,Organic Nitrogen,Total,,0.1,mg/l,False,0.1,,,351.2,SNY001,Calculated,SW,Water,,,Clayton,07060001,River/Stream,,43.0404991,-91.2055504
6,10220003,Bloody Run Creek Site #1 (BR01),06/20/1995 09:30:00,SNY319,NIT-ORGN,Organic Nitrogen,Total,,0.1,mg/l,False,0.1,,,351.2,SNY001,Calculated,SW,Water,,,Clayton,07060001,River/Stream,,43.0404991,-91.2055504
6,10220003,Bloody Run Creek Site #1 (BR01),07/11/1995 15:40:00,SNY319,NIT-ORGN,Organic Nitrogen,Total,,0.1,mg/l,False,0.1,,,351.2,SNY001,Calculated,SW,Water,,,Clayton,07060001,River/Stream,,43.0404991,-91.2055504
6,10220003,Bloody Run Creek Site #1 (BR01),06/27/1995 13:10:00,SNY319,NIT-ORGN,Organic Nitrogen,Total,,0.2,mg/l,True,0.1,,,351.2,SNY001,Calculated,SW,Water,,,Clayton,07060001,River/Stream,,43.0404991,-91.2055504
6,10220003,Bloody Run Creek Site #1 (BR01),09/19/1995 10:00:00,SNY319,NIT-ORGN,Organic Nitrogen,Total,,0.2,mg/l,True,0.1,,,351.2,SNY001,Calculated,SW,Water,,,Clayton,07060001,River/Stream,,43.0404991,-91.2055504
6,10220003,Bloody Run Creek Site #1 (BR01),08/08/1995 13:50:00,SNY319,NIT-ORGN,Organic Nitrogen,Total,,0.1,mg/l,False,0.1,,,351.2,SNY001,Calculated,SW,Water,,,Clayton,07060001,River/Stream,,43.0404991,-91.2055504
6,10220003,Bloody Run Creek Site #1 (BR01),08/29/1995 13:30:00,SNY319,NIT-ORGN,Organic Nitrogen,Total,,0.2,mg/l,True,0.1,,,351.2,SNY001,Calculated,SW,Water,,,Clayton,07060001,River/Stream,,43.0404991,-91.2055504
6,10220003,Bloody Run Creek Site #1 (BR01),10/29/1996 13:05:00,SNY319,NIT-ORGN,Organic Nitrogen,Total,,0.3,mg/l,True,0.1,,,351.2,SNY001,Calculated,SW,Water,,,Clayton,07060001,River/Stream,,43.0404991,-91.2055504
6,10220003,Bloody Run Creek Site #1 (BR01),08/01/1995 09:30:00,SNY319,NIT-ORGN,Organic Nitrogen,Total,,0.3,mg/l,True,0.1,,,351.2,SNY001,Calculated,SW,Water,,,Clayton,07060001,River/Stream,,43.0404991,-91.2055504
6,10220003,Bloody Run Creek Site #1 (BR01),10/01/1996 12:45:00,SNY319,NIT-ORGN,Organic Nitrogen,Total,,0.2,mg/l,True,0.1,,,351.2,SNY001,Calculated,SW,Water,,,Clayton,07060001,River/Stream,,43.0404991,-91.2055504
6,10220003,Bloody Run Creek Site #1 (BR01),11/05/1996 09:30:00,SNY319,NIT-ORGN,Organic Nitrogen,Total,,0.1,mg/l,False,0.1,,,351.2,SNY001,Calculated,SW,Water,,,Clayton,07060001,River/Stream,,43.0404991,-91.2055504
6,10220003,Bloody Run Creek Site #1 (BR01),11/19/1996 09:30:00,SNY319,NIT-ORGN,Organic Nitrogen,Total,,0.1,mg/l,False,0.1,,,351.2,SNY001,Calculated,SW,Water,,,Clayton,07060001,River/Stream,,43.0404991,-91.2055504
6,10220003,Bloody Run Creek Site #1 (BR01),11/26/1996 10:20:00,SNY319,NIT-ORGN,Organic Nitrogen,Total,,0.1,mg/l,False,0.1,,,351.2,SNY001,Calculated,SW,Water,,,Clayton,07060001,River/Stream,,43.0404991,-91.2055504
6,10220003,Bloody Run Creek Site #1 (BR01),12/17/1996 10:55:00,SNY319,NIT-ORGN,Organic Nitrogen,Total,,0.1,mg/l,False,0.1,,,351.2,SNY001,Calculated,SW,Water,,,Clayton,07060001,River/Stream,,43.0404991,-91.2055504
6,10220003,Bloody Run Creek Site #1 (BR01),12/23/1996 11:30:00,SNY319,NIT-ORGN,Organic Nitrogen,Total,,0.1,mg/l,False,0.1,,,351.2,SNY001,Calculated,SW,Water,,,Clayton,07060001,River/Stream,,43.0404991,-91.2055504
6,10220003,Bloody Run Creek Site #1 (BR01),01/21/1997 09:30:00,SNY319,NIT-ORGN,Organic Nitrogen,Total,,0.1,mg/l,False,0.1,,,351.2,SNY001,Calculated,SW,Water,,,Clayton,07060001,River/Stream,,43.0404991,-91.2055504
6,10220003,Bloody Run Creek Site #1 (BR01),02/11/1997 13:50:00,SNY319,NIT-ORGN,Organic Nitrogen,Total,,0.1,mg/l,False,0.1,,,351.2,SNY001,Calculated,SW,Water,,,Clayton,07060001,River/Stream,,43.0404991,-91.2055504
6,10220003,Bloody Run Creek Site #1 (BR01),02/18/1997 12:30:00,SNY319,NIT-ORGN,Organic Nitrogen,Total,,0.1,mg/l,False,0.1,,,351.2,SNY001,Calculated,SW,Water,,,Clayton,07060001,River/Stream,,43.0404991,-91.2055504
6,10220003,Bloody Run Creek Site #1 (BR01),03/11/1997 11:45:00,SNY319,NIT-ORGN,Organic Nitrogen,Total,,1.1,mg/l,True,0.1,,,351.2,SNY001,Calculated,SW,Water,,,Clayton,07060001,River/Stream,,43.0404991,-91.2055504
6,10220003,Bloody Run Creek Site #1 (BR01),03/18/1997 12:10:00,SNY319,NIT-ORGN,Organic Nitrogen,Total,,2,mg/l,True,0.1,,,351.2,SNY001,Calculated,SW,Water,,,Clayton,07060001,River/Stream,,43.0404991,-91.2055504
6,10220003,Bloody Run Creek Site #1 (BR01),04/08/1997 10:45:00,SNY319,NIT-ORGN,Organic Nitrogen,Total,,0.1,mg/l,False,0.1,,,351.2,SNY001,Calculated,SW,Water,,,Clayton,07060001,River/Stream,,43.0404991,-91.2055504
6,10220003,Bloody Run Creek Site #1 (BR01),04/15/1997 12:50:00,SNY319,NIT-ORGN,Organic Nitrogen,Total,,0.4,mg/l,True,0.1,,,351.2,SNY001,Calculated,SW,Water,,,Clayton,07060001,River/Stream,,43.0404991,-91.2055504
6,10220003,Bloody Run Creek Site #1 (BR01),05/26/1997 13:35:00,SNY319,NIT-ORGN,Organic Nitrogen,Total,,0.1,mg/l,True,0.1,,,351.2,SNY001,Calculated,SW,Water,,,Clayton,07060001,River/Stream,,43.0404991,-91.2055504
6,10220003,Bloody Run Creek Site #1 (BR01),06/03/1997 11:45:00,SNY319,NIT-ORGN,Organic Nitrogen,Total,,0.1,mg/l,True,0.1,,,351.2,SNY001,Calculated,SW,Water,,,Clayton,07060001,River/Stream,,43.0404991,-91.2055504
6,10220003,Bloody Run Creek Site #1 (BR01),06/24/1997 13:35:00,SNY319,NIT-ORGN,Organic Nitrogen,Total,,0.3,mg/l,True,0.1,,,351.2,SNY001,Calculated,SW,Water,,,Clayton,07060001,River/Stream,,43.0404991,-91.2055504
6,10220003,Bloody Run Creek Site #1 (BR01),07/01/1997 11:30:00,SNY319,NIT-ORGN,Organic Nitrogen,Total,,0.2,mg/l,True,0.1,,,351.2,SNY001,Calculated,SW,Water,,,Clayton,07060001,River/Stream,,43.0404991,-91.2055504
6,10220003,Bloody Run Creek Site #1 (BR01),07/22/1997 11:40:00,SNY319,NIT-ORGN,Organic Nitrogen,Total,,0.1,mg/l,True,0.1,,,351.2,SNY001,Calculated,SW,Water,,,Clayton,07060001,River/Stream,,43.0404991,-91.2055504
6,10220003,Bloody Run Creek Site #1 (BR01),07/28/1997 14:10:00,SNY319,NIT-ORGN,Organic Nitrogen,Total,,0.4,mg/l,True,0.1,,,351.2,SNY001,Calculated,SW,Water,,,Clayton,07060001,River/Stream,,43.0404991,-91.2055504
6,10220003,Bloody Run Creek Site #1 (BR01),08/19/1997 10:00:00,SNY319,NIT-ORGN,Organic Nitrogen,Total,,0.2,mg/l,True,0.1,,,351.2,SNY001,Calculated,SW,Water,,,Clayton,07060001,River/Stream,,43.0404991,-91.2055504
6,10220003,Bloody Run Creek Site #1 (BR01),08/26/1997 11:55:00,SNY319,NIT-ORGN,Organic Nitrogen,Total,,0.1,mg/l,True,0.1,,,351.2,SNY001,Calculated,SW,Water,,,Clayton,07060001,River/Stream,,43.0404991,-91.2055504
6,10220003,Bloody Run Creek Site #1 (BR01),09/16/1997 10:00:00,SNY319,NIT-ORGN,Organic Nitrogen,Total,,0.1,mg/l,True,0.1,,,351.2,SNY001,Calculated,SW,Water,,,Clayton,07060001,River/Stream,,43.0404991,-91.2055504
6,10220003,Bloody Run Creek Site #1 (BR01),09/23/1997 11:50:00,SNY319,NIT-ORGN,Organic Nitrogen,Total,,0.1,mg/l,False,0.1,,,351.2,SNY001,Calculated,SW,Water,,,Clayton,07060001,River/Stream,,43.0404991,-91.2055504
6,10220003,Bloody Run Creek Site #1 (BR01),10/14/1997 11:50:00,SNY319,NIT-ORGN,Organic Nitrogen,Total,,0.1,mg/l,True,0.1,,,351.2,SNY001,Calculated,SW,Water,,,Clayton,07060001,River/Stream,,43.0404991,-91.2055504
6,10220003,Bloody Run Creek Site #1 (BR01),10/21/1997 11:05:00,SNY319,NIT-ORGN,Organic Nitrogen,Total,,0.1,mg/l,False,0.1,,,351.2,SNY001,Calculated,SW,Water,,,Clayton,07060001,River/Stream,,43.0404991,-91.2055504
6,10220003,Bloody Run Creek Site #1 (BR01),11/11/1997 11:30:00,SNY319,NIT-ORGN,Organic Nitrogen,Total,,0.1,mg/l,False,0.1,,,351.2,SNY001,Calculated,SW,Water,,,Clayton,07060001,River/Stream,,43.0404991,-91.2055504
6,10220003,Bloody Run Creek Site #1 (BR01),05/06/1997 12:20:00,SNY319,NIT-ORGN,Organic Nitrogen,Total,,0.3,mg/l,True,0.1,,,351.2,SNY001,Calculated,SW,Water,,,Clayton,07060001,River/Stream,,43.0404991,-91.2055504
6,10220003,Bloody Run Creek Site #1 (BR01),11/18/1997 10:00:00,SNY319,NIT-ORGN,Organic Nitrogen,Total,,0.1,mg/l,False,0.1,,,351.2,SNY001,Calculated,SW,Water,,,Clayton,07060001,River/Stream,,43.0404991,-91.2055504
6,10220003,Bloody Run Creek Site #1 (BR01),12/09/1997 12:05:00,SNY319,NIT-ORGN,Organic Nitrogen,Total,,0.1,mg/l,False,0.1,,,351.2,SNY001,Calculated,SW,Water,,,Clayton,07060001,River/Stream,,43.0404991,-91.2055504
6,10220003,Bloody Run Creek Site #1 (BR01),12/16/1997 12:00:00,SNY319,NIT-ORGN,Organic Nitrogen,Total,,0.1,mg/l,False,0.1,,,351.2,SNY001,Calculated,SW,Water,,,Clayton,07060001,River/Stream,,43.0404991,-91.2055504
6,10220003,Bloody Run Creek Site #1 (BR01),01/20/1998 10:00:00,SNY319,NIT-ORGN,Organic Nitrogen,Total,,0.1,mg/l,False,0.1,,,351.2,SNY001,Calculated,SW,Water,,,Clayton,07060001,River/Stream,,43.0404991,-91.2055504
6,10220003,Bloody Run Creek Site #1 (BR01),01/27/1998 12:20:00,SNY319,NIT-ORGN,Organic Nitrogen,Total,,0.1,mg/l,False,0.1,,,351.2,SNY001,Calculated,SW,Water,,,Clayton,07060001,River/Stream,,43.0404991,-91.2055504
6,10220003,Bloody Run Creek Site #1 (BR01),02/17/1998 09:30:00,SNY319,NIT-ORGN,Organic Nitrogen,Total,,0.6,mg/l,True,0.1,,,351.2,SNY001,Calculated,SW,Water,,,Clayton,07060001,River/Stream,,43.0404991,-91.2055504
6,10220003,Bloody Run Creek Site #1 (BR01),03/24/1998 11:45:00,SNY319,NIT-ORGN,Organic Nitrogen,Total,,0.5,mg/l,True,0.1,,,351.2,SNY001,Calculated,SW,Water,,,Clayton,07060001,River/Stream,,43.0404991,-91.2055504
6,10220003,Bloody Run Creek Site #1 (BR01),04/14/1998 12:15:00,SNY319,NIT-ORGN,Organic Nitrogen,Total,,0.2,mg/l,True,0.1,,,351.2,SNY001,Calculated,SW,Water,,,Clayton,07060001,River/Stream,,43.0404991,-91.2055504
6,10220003,Bloody Run Creek Site #1 (BR01),03/17/1998 12:45:00,SNY319,NIT-ORGN,Organic Nitrogen,Total,,0.1,mg/l,True,0.1,,,351.2,SNY001,Calculated,SW,Water,,,Clayton,07060001,River/Stream,,43.0404991,-91.2055504
6,10220003,Bloody Run Creek Site #1 (BR01),05/12/1998 12:10:00,SNY319,NIT-ORGN,Organic Nitrogen,Total,,0.1,mg/l,True,0.1,,,351.2,SNY001,Calculated,SW,Water,,,Clayton,07060001,River/Stream,,43.0404991,-91.2055504
6,10220003,Bloody Run Creek Site #1 (BR01),06/02/1998 13:20:00,SNY319,NIT-ORGN,Organic Nitrogen,Total,,0.2,mg/l,True,0.1,,,351.2,SNY001,Calculated,SW,Water,,,Clayton,07060001,River/Stream,,43.0404991,-91.2055504
6,10220003,Bloody Run Creek Site #1 (BR01),05/05/1998 13:50:00,SNY319,NIT-ORGN,Organic Nitrogen,Total,,0.3,mg/l,True,0.1,,,351.2,SNY001,Calculated,SW,Water,,,Clayton,07060001,River/Stream,,43.0404991,-91.2055504
6,10220003,Bloody Run Creek Site #1 (BR01),06/30/1998 13:15:00,SNY319,NIT-ORGN,Organic Nitrogen,Total,,0.4,mg/l,True,0.1,,,351.2,SNY001,Calculated,SW,Water,,,Clayton,07060001,River/Stream,,43.0404991,-91.2055504
6,10220003,Bloody Run Creek Site #1 (BR01),07/07/1998 12:45:00,SNY319,NIT-ORGN,Organic Nitrogen,Total,,0.3,mg/l,True,0.1,,,351.2,SNY001,Calculated,SW,Water,,,Clayton,07060001,River/Stream,,43.0404991,-91.2055504
6,10220003,Bloody Run Creek Site #1 (BR01),07/28/1998 12:45:00,SNY319,NIT-ORGN,Organic Nitrogen,Total,,0.2,mg/l,True,0.1,,,351.2,SNY001,Calculated,SW,Water,,,Clayton,07060001,River/Stream,,43.0404991,-91.2055504
6,10220003,Bloody Run Creek Site #1 (BR01),08/18/1998 12:00:00,SNY319,NIT-ORGN,Organic Nitrogen,Total,,1.3,mg/l,True,0.1,,,351.2,SNY001,Calculated,SW,Water,,,Clayton,07060001,River/Stream,,43.0404991,-91.2055504
6,10220003,Bloody Run Creek Site #1 (BR01),08/25/1998 12:35:00,SNY319,NIT-ORGN,Organic Nitrogen,Total,,0.2,mg/l,True,0.1,,,351.2,SNY001,Calculated,SW,Water,,,Clayton,07060001,River/Stream,,43.0404991,-91.2055504
6,10220003,Bloody Run Creek Site #1 (BR01),09/15/1998 11:55:00,SNY319,NIT-ORGN,Organic Nitrogen,Total,,0.3,mg/l,True,0.1,,,351.2,SNY001,Calculated,SW,Water,,,Clayton,07060001,River/Stream,,43.0404991,-91.2055504
6,10220003,Bloody Run Creek Site #1 (BR01),09/22/1998 12:00:00,SNY319,NIT-ORGN,Organic Nitrogen,Total,,0.1,mg/l,True,0.1,,,351.2,SNY001,Calculated,SW,Water,,,Clayton,07060001,River/Stream,,43.0404991,-91.2055504
6,10220003,Bloody Run Creek Site #1 (BR01),02/24/1998 12:05:00,SNY319,NIT-ORGN,Organic Nitrogen,Total,,0.1,mg/l,True,0.1,,,351.2,SNY001,Calculated,SW,Water,,,Clayton,07060001,River/Stream,,43.0404991,-91.2055504
6,10220003,Bloody Run Creek Site #1 (BR01),06/09/1998 12:20:00,SNY319,NIT-ORGN,Organic Nitrogen,Total,,0.3,mg/l,True,0.1,,,351.2,SNY001,Calculated,SW,Water,,,Clayton,07060001,River/Stream,,43.0404991,-91.2055504
6,10220003,Bloody Run Creek Site #1 (BR01),10/27/1998 12:00:00,SNY319,NIT-ORGN,Organic Nitrogen,Total,,0.2,mg/l,True,0.1,,,351.2,SNY001,Calculated,SW,Water,,,Clayton,07060001,River/Stream,,43.0404991,-91.2055504
6,10220003,Bloody Run Creek Site #1 (BR01),11/03/1998 12:00:00,SNY319,NIT-ORGN,Organic Nitrogen,Total,,0.2,mg/l,True,0.1,,,351.2,SNY001,Calculated,SW,Water,,,Clayton,07060001,River/Stream,,43.0404991,-91.2055504
6,10220003,Bloody Run Creek Site #1 (BR01),12/01/1998 13:10:00,SNY319,NIT-ORGN,Organic Nitrogen,Total,,0.1,mg/l,False,0.1,,,351.2,SNY001,Calculated,SW,Water,,,Clayton,07060001,River/Stream,,43.0404991,-91.2055504
6,10220003,Bloody Run Creek Site #1 (BR01),12/08/1998 11:45:00,SNY319,NIT-ORGN,Organic Nitrogen,Total,,0.1,mg/l,False,0.1,,,351.2,SNY001,Calculated,SW,Water,,,Clayton,07060001,River/Stream,,43.0404991,-91.2055504
6,10220003,Bloody Run Creek Site #1 (BR01),12/15/1998 12:00:00,SNY319,NIT-ORGN,Organic Nitrogen,Total,,0.1,mg/l,False,0.1,,,351.2,SNY001,Calculated,SW,Water,,,Clayton,07060001,River/Stream,,43.0404991,-91.2055504
6,10220003,Bloody Run Creek Site #1 (BR01),01/26/1999 12:20:00,SNY319,NIT-ORGN,Organic Nitrogen,Total,,0.1,mg/l,True,0.1,,,351.2,SNY001,Calculated,SW,Water,,,Clayton,07060001,River/Stream,,43.0404991,-91.2055504
6,10220003,Bloody Run Creek Site #1 (BR01),02/02/1999 12:00:00,SNY319,NIT-ORGN,Organic Nitrogen,Total,,0.2,mg/l,True,0.1,,,351.2,SNY001,Calculated,SW,Water,,,Clayton,07060001,River/Stream,,43.0404991,-91.2055504
6,10220003,Bloody Run Creek Site #1 (BR01),03/02/1999 11:30:00,SNY319,NIT-ORGN,Organic Nitrogen,Total,,0.2,mg/l,True,0.1,,,351.2,SNY001,Calculated,SW,Water,,,Clayton,07060001,River/Stream,,43.0404991,-91.2055504
6,10220003,Bloody Run Creek Site #1 (BR01),03/09/1999 12:15:00,SNY319,NIT-ORGN,Organic Nitrogen,Total,,0.2,mg/l,True,0.1,,,351.2,SNY001,Calculated,SW,Water,,,Clayton,07060001,River/Stream,,43.0404991,-91.2055504
6,10220003,Bloody Run Creek Site #1 (BR01),03/16/1999 11:25:00,SNY319,NIT-ORGN,Organic Nitrogen,Total,,0.2,mg/l,True,0.1,,,351.2,SNY001,Calculated,SW,Water,,,Clayton,07060001,River/Stream,,43.0404991,-91.2055504
6,10220003,Bloody Run Creek Site #1 (BR01),04/13/1999 11:55:00,SNY319,NIT-ORGN,Organic Nitrogen,Total,,0.2,mg/l,True,0.1,,,351.2,SNY001,Calculated,SW,Water,,,Clayton,07060001,River/Stream,,43.0404991,-91.2055504
6,10220003,Bloody Run Creek Site #1 (BR01),10/20/1998 12:25:00,SNY319,NIT-ORGN,Organic Nitrogen,Total,,0.2,mg/l,True,0.1,,,351.2,SNY001,Calculated,SW,Water,,,Clayton,07060001,River/Stream,,43.0404991,-91.2055504
6,10220003,Bloody Run Creek Site #1 (BR01),04/20/1999 10:40:00,SNY319,NIT-ORGN,Organic Nitrogen,Total,,0.2,mg/l,True,0.1,,,351.2,SNY001,Calculated,SW,Water,,,Clayton,07060001,River/Stream,,43.0404991,-91.2055504
6,10220003,Bloody Run Creek Site #1 (BR01),05/18/1999 11:25:00,SNY319,NIT-ORGN,Organic Nitrogen,Total,,1.5,mg/l,True,0.1,,,351.2,SNY001,Calculated,SW,Water,,,Clayton,07060001,River/Stream,,43.0404991,-91.2055504
6,10220003,Bloody Run Creek Site #1 (BR01),06/01/1999 11:55:00,SNY319,NIT-ORGN,Organic Nitrogen,Total,,0.1,mg/l,True,0.1,,,351.2,SNY001,Calculated,SW,Water,,,Clayton,07060001,River/Stream,,43.0404991,-91.2055504
6,10220003,Bloody Run Creek Site #1 (BR01),06/29/1999 12:25:00,SNY319,NIT-ORGN,Organic Nitrogen,Total,,0.2,mg/l,True,0.1,,,351.2,SNY001,Calculated,SW,Water,,,Clayton,07060001,River/Stream,,43.0404991,-91.2055504
6,10220003,Bloody Run Creek Site #1 (BR01),07/06/1999 12:25:00,SNY319,NIT-ORGN,Organic Nitrogen,Total,,0.3,mg/l,True,0.1,,,351.2,SNY001,Calculated,SW,Water,,,Clayton,07060001,River/Stream,,43.0404991,-91.2055504
6,10220003,Bloody Run Creek Site #1 (BR01),08/10/1999 11:45:00,SNY319,NIT-ORGN,Organic Nitrogen,Total,,0.1,mg/l,False,0.1,,,351.2,SNY001,Calculated,SW,Water,,,Clayton,07060001,River/Stream,,43.0404991,-91.2055504
6,10220003,Bloody Run Creek Site #1 (BR01),08/24/1999 11:40:00,SNY319,NIT-ORGN,Organic Nitrogen,Total,,0.3,mg/l,True,0.1,,,351.2,SNY001,Calculated,SW,Water,,,Clayton,07060001,River/Stream,,43.0404991,-91.2055504
6,10220003,Bloody Run Creek Site #1 (BR01),09/21/1999 12:35:00,SNY319,NIT-ORGN,Organic Nitrogen,Total,,0.1,mg/l,False,0.1,,,351.2,SNY001,Calculated,SW,Water,,,Clayton,07060001,River/Stream,,43.0404991,-91.2055504
6,10220003,Bloody Run Creek Site #1 (BR01),05/25/1999 12:20:00,SNY319,NIT-ORGN,Organic Nitrogen,Total,,0.1,mg/l,True,0.1,,,351.2,SNY001,Calculated,SW,Water,,,Clayton,07060001,River/Stream,,43.0404991,-91.2055504
6,10220003,Bloody Run Creek Site #1 (BR01),08/17/1999 11:40:00,SNY319,NIT-ORGN,Organic Nitrogen,Total,,0.4,mg/l,True,0.1,,,351.2,SNY001,Calculated,SW,Water,,,Clayton,07060001,River/Stream,,43.0404991,-91.2055504
6,10220003,Bloody Run Creek Site #1 (BR01),10/12/1999 11:20:00,SNY319,NIT-ORGN,Organic Nitrogen,Total,,0.2,mg/l,True,0.1,,,351.2,SNY001,Calculated,SW,Water,,,Clayton,07060001,River/Stream,,43.0404991,-91.2055504
6,10220003,Bloody Run Creek Site #1 (BR01),10/26/1999 12:30:00,SNY319,NIT-ORGN,Organic Nitrogen,Total,,0.4,mg/l,True,0.1,,,351.2,SNY001,Calculated,SW,Water,,,Clayton,07060001,River/Stream,,43.0404991,-91.2055504
6,10220003,Bloody Run Creek Site #1 (BR01),11/02/1999 12:30:00,SNY319,NIT-ORGN,Organic Nitrogen,Total,,0.5,mg/l,True,0.1,,,351.2,SNY001,Calculated,SW,Water,,,Clayton,07060001,River/Stream,,43.0404991,-91.2055504
6,10220003,Bloody Run Creek Site #1 (BR01),11/23/1999 12:40:00,SNY319,NIT-ORGN,Organic Nitrogen,Total,,1.1,mg/l,True,0.1,,,351.2,SNY001,Calculated,SW,Water,,,Clayton,07060001,River/Stream,,43.0404991,-91.2055504
6,10220003,Bloody Run Creek Site #1 (BR01),11/30/1999 12:55:00,SNY319,NIT-ORGN,Organic Nitrogen,Total,,0.1,mg/l,False,0.1,,,351.2,SNY001,Calculated,SW,Water,,,Clayton,07060001,River/Stream,,43.0404991,-91.2055504
6,10220003,Bloody Run Creek Site #1 (BR01),12/21/1999 11:55:00,SNY319,NIT-ORGN,Organic Nitrogen,Total,,0.2,mg/l,True,0.1,,,351.2,SNY001,Calculated,SW,Water,,,Clayton,07060001,River/Stream,,43.0404991,-91.2055504
6,10220003,Bloody Run Creek Site #1 (BR01),12/28/1999 13:00:00,SNY319,NIT-ORGN,Organic Nitrogen,Total,,0.3,mg/l,True,0.1,,,351.2,SNY001,Calculated,SW,Water,,,Clayton,07060001,River/Stream,,43.0404991,-91.2055504
6,10220003,Bloody Run Creek Site #1 (BR01),01/18/2000 12:20:00,SNY319,NIT-ORGN,Organic Nitrogen,Total,,0.1,mg/l,True,0.1,,,351.2,SNY001,Calculated,SW,Water,,,Clayton,07060001,River/Stream,,43.0404991,-91.2055504
6,10220003,Bloody Run Creek Site #1 (BR01),09/28/1999 12:00:00,SNY319,NIT-ORGN,Organic Nitrogen,Total,,2.5,mg/l,True,0.1,,,351.2,SNY001,Calculated,SW,Water,,,Clayton,07060001,River/Stream,,43.0404991,-91.2055504
6,10220003,Bloody Run Creek Site #1 (BR01),10/05/1999 11:10:00,SNY319,NIT-ORGN,Organic Nitrogen,Total,,0.3,mg/l,True,0.1,,,351.2,SNY001,Calculated,SW,Water,,,Clayton,07060001,River/Stream,,43.0404991,-91.2055504
6,10220003,Bloody Run Creek Site #1 (BR01),02/15/2000 12:20:00,SNY319,NIT-ORGN,Organic Nitrogen,Total,,0.1,mg/l,False,0.1,,,351.2,SNY001,Calculated,SW,Water,,,Clayton,07060001,River/Stream,,43.0404991,-91.2055504
6,10220003,Bloody Run Creek Site #1 (BR01),02/22/2000 12:50:00,SNY319,NIT-ORGN,Organic Nitrogen,Total,,0.1,mg/l,False,0.1,,,351.2,SNY001,Calculated,SW,Water,,,Clayton,07060001,River/Stream,,43.0404991,-91.2055504
6,10220003,Bloody Run Creek Site #1 (BR01),03/14/2000 12:15:00,SNY319,NIT-ORGN,Organic Nitrogen,Total,,0.1,mg/l,False,0.1,,,351.2,SNY001,Calculated,SW,Water,,,Clayton,07060001,River/Stream,,43.0404991,-91.2055504
6,10220003,Bloody Run Creek Site #1 (BR01),04/11/2000 13:10:00,SNY319,NIT-ORGN,Organic Nitrogen,Total,,0.1,mg/l,False,0.1,,,351.2,SNY001,Calculated,SW,Water,,,Clayton,07060001,River/Stream,,43.0404991,-91.2055504
6,10220003,Bloody Run Creek Site #1 (BR01),05/02/2000 12:30:00,SNY319,NIT-ORGN,Organic Nitrogen,Total,,0.1,mg/l,True,0.1,,,351.2,SNY001,Calculated,SW,Water,,,Clayton,07060001,River/Stream,,43.0404991,-91.2055504
6,10220003,Bloody Run Creek Site #1 (BR01),05/09/2000 12:25:00,SNY319,NIT-ORGN,Organic Nitrogen,Total,,0.3,mg/l,True,0.1,,,351.2,SNY001,Calculated,SW,Water,,,Clayton,07060001,River/Stream,,43.0404991,-91.2055504
6,10220003,Bloody Run Creek Site #1 (BR01),05/30/2000 13:35:00,SNY319,NIT-ORGN,Organic Nitrogen,Total,,0.4,mg/l,True,0.1,,,351.2,SNY001,Calculated,SW,Water,,,Clayton,07060001,River/Stream,,43.0404991,-91.2055504
6,10220003,Bloody Run Creek Site #1 (BR01),06/06/2000 11:30:00,SNY319,NIT-ORGN,Organic Nitrogen,Total,,0.4,mg/l,True,0.1,,,351.2,SNY001,Calculated,SW,Water,,,Clayton,07060001,River/Stream,,43.0404991,-91.2055504
6,10220003,Bloody Run Creek Site #1 (BR01),06/27/2000 12:55:00,SNY319,NIT-ORGN,Organic Nitrogen,Total,,0.1,mg/l,False,0.1,,,351.2,SNY001,Calculated,SW,Water,,,Clayton,07060001,River/Stream,,43.0404991,-91.2055504
6,10220003,Bloody Run Creek Site #1 (BR01),07/18/2000 12:15:00,SNY319,NIT-ORGN,Organic Nitrogen,Total,,0.6,mg/l,True,0.1,,,351.2,SNY001,Calculated,SW,Water,,,Clayton,07060001,River/Stream,,43.0404991,-91.2055504
6,10220003,Bloody Run Creek Site #1 (BR01),07/25/2000 12:10:00,SNY319,NIT-ORGN,Organic Nitrogen,Total,,0.3,mg/l,True,0.1,,,351.2,SNY001,Calculated,SW,Water,,,Clayton,07060001,River/Stream,,43.0404991,-91.2055504
6,10220003,Bloody Run Creek Site #1 (BR01),08/15/2000 12:25:00,SNY319,NIT-ORGN,Organic Nitrogen,Total,,0.1,mg/l,False,0.1,,,351.2,SNY001,Calculated,SW,Water,,,Clayton,07060001,River/Stream,,43.0404991,-91.2055504
6,10220003,Bloody Run Creek Site #1 (BR01),08/22/2000 11:45:00,SNY319,NIT-ORGN,Organic Nitrogen,Total,,0.3,mg/l,True,0.1,,,351.2,SNY001,Calculated,SW,Water,,,Clayton,07060001,River/Stream,,43.0404991,-91.2055504
6,10220003,Bloody Run Creek Site #1 (BR01),09/12/2000 12:10:00,SNY319,NIT-ORGN,Organic Nitrogen,Total,,0.1,mg/l,False,0.1,,,351.2,SNY001,Calculated,SW,Water,,,Clayton,07060001,River/Stream,,43.0404991,-91.2055504
6,10220003,Bloody Run Creek Site #1 (BR01),04/04/2000 12:00:00,SNY319,NIT-ORGN,Organic Nitrogen,Total,,0.1,mg/l,False,0.1,,,351.2,SNY001,Calculated,SW,Water,,,Clayton,07060001,River/Stream,,43.0404991,-91.2055504
6,10220003,Bloody Run Creek Site #1 (BR01),10/03/1995 15:30:00,SNY319,NIT-ORGN,Organic Nitrogen,Total,,0.1,mg/l,False,0.1,,,351.2,SNY001,Calculated,SW,Water,,,Clayton,07060001,River/Stream,,43.0404991,-91.2055504
6,10220003,Bloody Run Creek Site #1 (BR01),09/18/2001 11:00:00,SNY319,NIT-ORGN,Organic Nitrogen,Total,,0.18,mg/l,True,0.05,,,LAC10-107-06-2E,SNY001,Calculated,SW,Water,,,Clayton,07060001,River/Stream,,43.0404991,-91.2055504
6,10220003,Bloody Run Creek Site #1 (BR01),08/21/2001 11:10:00,SNY319,NIT-ORGN,Organic Nitrogen,Total,,0.3,mg/l,True,0.05,,,LAC10-107-06-2E,SNY001,Calculated,SW,Water,,,Clayton,07060001,River/Stream,,43.0404991,-91.2055504
6,10220003,Bloody Run Creek Site #1 (BR01),09/11/2001 12:45:00,SNY319,NIT-ORGN,Organic Nitrogen,Total,,0.31,mg/l,True,0.05,,,LAC10-107-06-2E,SNY001,Calculated,SW,Water,,,Clayton,07060001,River/Stream,,43.0404991,-91.2055504
6,10220003,Bloody Run Creek Site #1 (BR01),06/26/2001 11:45:00,SNY319,NIT-ORGN,Organic Nitrogen,Total,,0.1,mg/l,False,0.1,,,351.2,SNY001,Calculated,SW,Water,,,Clayton,07060001,River/Stream,,43.0404991,-91.2055504
6,10220003,Bloody Run Creek Site #1 (BR01),07/03/2001 10:50:00,SNY319,NIT-ORGN,Organic Nitrogen,Total,,0.2,mg/l,True,0.1,,,351.2,SNY001,Calculated,SW,Water,,,Clayton,07060001,River/Stream,,43.0404991,-91.2055504
6,10220003,Bloody Run Creek Site #1 (BR01),07/24/2001 11:30:00,SNY319,NIT-ORGN,Organic Nitrogen,Total,,0.6,mg/l,True,0.1,,,351.2,SNY001,Calculated,SW,Water,,,Clayton,07060001,River/Stream,,43.0404991,-91.2055504
6,10220003,Bloody Run Creek Site #1 (BR01),08/14/2001 12:50:00,SNY319,NIT-ORGN,Organic Nitrogen,Total,,0.3,mg/l,True,0.05,,,LAC10-107-06-2E,SNY001,Calculated,SW,Water,,,Clayton,07060001,River/Stream,,43.0404991,-91.2055504
6,10220003,Bloody Run Creek Site #1 (BR01),11/21/1995 13:10:00,SNY319,NIT-ORGN,Organic Nitrogen,Total,,0.1,mg/l,False,0.1,,,351.2,SNY001,Calculated,SW,Water,,,Clayton,07060001,River/Stream,,43.0404991,-91.2055504
6,10220003,Bloody Run Creek Site #1 (BR01),10/31/1995 09:20:00,SNY319,NIT-ORGN,Organic Nitrogen,Total,,0.2,mg/l,True,0.1,,,351.2,SNY001,Calculated,SW,Water,,,Clayton,07060001,River/Stream,,43.0404991,-91.2055504
6,10220003,Bloody Run Creek Site #1 (BR01),10/24/1995 10:05:00,SNY319,NIT-ORGN,Organic Nitrogen,Total,,0.2,mg/l,True,0.1,,,351.2,SNY001,Calculated,SW,Water,,,Clayton,07060001,River/Stream,,43.0404991,-91.2055504
6,10220003,Bloody Run Creek Site #1 (BR01),10/10/1995 13:40:00,SNY319,NIT-ORGN,Organic Nitrogen,Total,,0.2,mg/l,True,0.1,,,351.2,SNY001,Calculated,SW,Water,,,Clayton,07060001,River/Stream,,43.0404991,-91.2055504
6,10220003,Bloody Run Creek Site #1 (BR01),01/25/2000 12:25:00,SNY319,NIT-ORGN,Organic Nitrogen,Total,,0.1,mg/l,False,0.1,,,351.2,SNY001,Calculated,SW,Water,,,Clayton,07060001,River/Stream,,43.0404991,-91.2055504
6,10220003,Bloody Run Creek Site #1 (BR01),02/20/2001 11:35:00,SNY319,NIT-ORGN,Organic Nitrogen,Total,,0.1,mg/l,True,0.1,,,351.2,SNY001,Calculated,SW,Water,,,Clayton,07060001,River/Stream,,43.0404991,-91.2055504
6,10220003,Bloody Run Creek Site #1 (BR01),03/13/2001 11:25:00,SNY319,NIT-ORGN,Organic Nitrogen,Total,,0.1,mg/l,False,0.1,,,351.2,SNY001,Calculated,SW,Water,,,Clayton,07060001,River/Stream,,43.0404991,-91.2055504
6,10220003,Bloody Run Creek Site #1 (BR01),03/20/2001 12:40:00,SNY319,NIT-ORGN,Organic Nitrogen,Total,,0.5,mg/l,True,0.1,,,351.2,SNY001,Calculated,SW,Water,,,Clayton,07060001,River/Stream,,43.0404991,-91.2055504
6,10220003,Bloody Run Creek Site #1 (BR01),04/10/2001 12:10:00,SNY319,NIT-ORGN,Organic Nitrogen,Total,,0.3,mg/l,True,0.1,,,351.2,SNY001,Calculated,SW,Water,,,Clayton,07060001,River/Stream,,43.0404991,-91.2055504
6,10220003,Bloody Run Creek Site #1 (BR01),05/01/2001 11:30:00,SNY319,NIT-ORGN,Organic Nitrogen,Total,,0.3,mg/l,True,0.1,,,351.2,SNY001,Calculated,SW,Water,,,Clayton,07060001,River/Stream,,43.0404991,-91.2055504
6,10220003,Bloody Run Creek Site #1 (BR01),05/08/2001 12:25:00,SNY319,NIT-ORGN,Organic Nitrogen,Total,,0.3,mg/l,True,0.1,,,351.2,SNY001,Calculated,SW,Water,,,Clayton,07060001,River/Stream,,43.0404991,-91.2055504
6,10220003,Bloody Run Creek Site #1 (BR01),05/29/2001 11:45:00,SNY319,NIT-ORGN,Organic Nitrogen,Total,,0.6,mg/l,True,0.1,,,351.2,SNY001,Calculated,SW,Water,,,Clayton,07060001,River/Stream,,43.0404991,-91.2055504
6,10220003,Bloody Run Creek Site #1 (BR01),06/05/2001 11:40:00,SNY319,NIT-ORGN,Organic Nitrogen,Total,,1.4,mg/l,True,0.1,,,351.2,SNY001,Calculated,SW,Water,,,Clayton,07060001,River/Stream,,43.0404991,-91.2055504
6,10220003,Bloody Run Creek Site #1 (BR01),12/05/2000 11:55:00,SNY319,NIT-ORGN,Organic Nitrogen,Total,,0.1,mg/l,False,0.1,,,351.2,SNY001,Calculated,SW,Water,,,Clayton,07060001,River/Stream,,43.0404991,-91.2055504
6,10220003,Bloody Run Creek Site #1 (BR01),12/12/2000 12:20:00,SNY319,NIT-ORGN,Organic Nitrogen,Total,,0.2,mg/l,True,0.1,,,351.2,SNY001,Calculated,SW,Water,,,Clayton,07060001,River/Stream,,43.0404991,-91.2055504
6,10220003,Bloody Run Creek Site #1 (BR01),01/16/2001 11:35:00,SNY319,NIT-ORGN,Organic Nitrogen,Total,,0.1,mg/l,False,0.1,,,351.2,SNY001,Calculated,SW,Water,,,Clayton,07060001,River/Stream,,43.0404991,-91.2055504
6,10220003,Bloody Run Creek Site #1 (BR01),02/13/2001 12:30:00,SNY319,NIT-ORGN,Organic Nitrogen,Total,,0.1,mg/l,False,0.1,,,351.2,SNY001,Calculated,SW,Water,,,Clayton,07060001,River/Stream,,43.0404991,-91.2055504
6,10220003,Bloody Run Creek Site #1 (BR01),11/07/2000 12:15:00,SNY319,NIT-ORGN,Organic Nitrogen,Total,,0.1,mg/l,False,0.1,,,351.2,SNY001,Calculated,SW,Water,,,Clayton,07060001,River/Stream,,43.0404991,-91.2055504
6,10220003,Bloody Run Creek Site #1 (BR01),11/14/2000 11:50:00,SNY319,NIT-ORGN,Organic Nitrogen,Total,,0.1,mg/l,False,0.1,,,351.2,SNY001,Calculated,SW,Water,,,Clayton,07060001,River/Stream,,43.0404991,-91.2055504
6,10220003,Bloody Run Creek Site #1 (BR01),10/17/2000 11:45:00,SNY319,NIT-ORGN,Organic Nitrogen,Total,,0.1,mg/l,False,0.1,,,351.2,SNY001,Calculated,SW,Water,,,Clayton,07060001,River/Stream,,43.0404991,-91.2055504
6,10220003,Bloody Run Creek Site #1 (BR01),10/10/2000 11:55:00,SNY319,NIT-ORGN,Organic Nitrogen,Total,,0.1,mg/l,True,0.1,,,351.2,SNY001,Calculated,SW,Water,,,Clayton,07060001,River/Stream,,43.0404991,-91.2055504
6,10220003,Bloody Run Creek Site #1 (BR01),06/18/1996 10:00:00,SNY319,NIT-ORGN,Organic Nitrogen,Total,,1.3,mg/l,True,0.1,,,351.2,SNY001,Calculated,SW,Water,,,Clayton,07060001,River/Stream,,43.0404991,-91.2055504
6,10220003,Bloody Run Creek Site #1 (BR01),05/07/1996 12:35:00,SNY319,NIT-ORGN,Organic Nitrogen,Total,,0.1,mg/l,False,0.1,,,351.2,SNY001,Calculated,SW,Water,,,Clayton,07060001,River/Stream,,43.0404991,-91.2055504
6,10220003,Bloody Run Creek Site #1 (BR01),04/16/1996 13:10:00,SNY319,NIT-ORGN,Organic Nitrogen,Total,,0.1,mg/l,False,0.1,,,351.2,SNY001,Calculated,SW,Water,,,Clayton,07060001,River/Stream,,43.0404991,-91.2055504
6,10220003,Bloody Run Creek Site #1 (BR01),03/19/1996 09:25:00,SNY319,NIT-ORGN,Organic Nitrogen,Total,,0.4,mg/l,True,0.1,,,351.2,SNY001,Calculated,SW,Water,,,Clayton,07060001,River/Stream,,43.0404991,-91.2055504
6,10220003,Bloody Run Creek Site #1 (BR01),03/26/1996 08:30:00,SNY319,NIT-ORGN,Organic Nitrogen,Total,,0.2,mg/l,True,0.1,,,351.2,SNY001,Calculated,SW,Water,,,Clayton,07060001,River/Stream,,43.0404991,-91.2055504
6,10220003,Bloody Run Creek Site #1 (BR01),03/05/1996 13:30:00,SNY319,NIT-ORGN,Organic Nitrogen,Total,,0.2,mg/l,True,0.1,,,351.2,SNY001,Calculated,SW,Water,,,Clayton,07060001,River/Stream,,43.0404991,-91.2055504
6,10220003,Bloody Run Creek Site #1 (BR01),02/06/1996 12:30:00,SNY319,NIT-ORGN,Organic Nitrogen,Total,,0.3,mg/l,True,0.1,,,351.2,SNY001,Calculated,SW,Water,,,Clayton,07060001,River/Stream,,43.0404991,-91.2055504
6,10220003,Bloody Run Creek Site #1 (BR01),02/27/1996 12:30:00,SNY319,NIT-ORGN,Organic Nitrogen,Total,,0.9,mg/l,True,0.1,,,351.2,SNY001,Calculated,SW,Water,,,Clayton,07060001,River/Stream,,43.0404991,-91.2055504
6,10220003,Bloody Run Creek Site #1 (BR01),02/13/1996 12:30:00,SNY319,NIT-ORGN,Organic Nitrogen,Total,,1,mg/l,True,0.1,,,351.2,SNY001,Calculated,SW,Water,,,Clayton,07060001,River/Stream,,43.0404991,-91.2055504
6,10220003,Bloody Run Creek Site #1 (BR01),01/16/1996 11:00:00,SNY319,NIT-ORGN,Organic Nitrogen,Total,,0.1,mg/l,True,0.1,,,351.2,SNY001,Calculated,SW,Water,,,Clayton,07060001,River/Stream,,43.0404991,-91.2055504
6,10220003,Bloody Run Creek Site #1 (BR01),12/12/1995 13:00:00,SNY319,NIT-ORGN,Organic Nitrogen,Total,,0.1,mg/l,True,0.1,,,351.2,SNY001,Calculated,SW,Water,,,Clayton,07060001,River/Stream,,43.0404991,-91.2055504
6,10220003,Bloody Run Creek Site #1 (BR01),07/30/1996 13:00:00,SNY319,NIT-ORGN,Organic Nitrogen,Total,,0.3,mg/l,True,0.1,,,351.2,SNY001,Calculated,SW,Water,,,Clayton,07060001,River/Stream,,43.0404991,-91.2055504
6,10220003,Bloody Run Creek Site #1 (BR01),08/20/1996 14:50:00,SNY319,NIT-ORGN,Organic Nitrogen,Total,,0.3,mg/l,True,0.1,,,351.2,SNY001,Calculated,SW,Water,,,Clayton,07060001,River/Stream,,43.0404991,-91.2055504
6,10220003,Bloody Run Creek Site #1 (BR01),07/09/1996 12:05:00,SNY319,NIT-ORGN,Organic Nitrogen,Total,,0.1,mg/l,False,0.1,,,351.2,SNY001,Calculated,SW,Water,,,Clayton,07060001,River/Stream,,43.0404991,-91.2055504
6,10220003,Bloody Run Creek Site #1 (BR01),05/28/1996 12:20:00,SNY319,NIT-ORGN,Organic Nitrogen,Total,,0.3,mg/l,True,0.1,,,351.2,SNY001,Calculated,SW,Water,,,Clayton,07060001,River/Stream,,43.0404991,-91.2055504
6,10220003,Bloody Run Creek Site #1 (BR01),09/17/1996 11:30:00,SNY319,NIT-ORGN,Organic Nitrogen,Total,,0.1,mg/l,False,0.1,,,351.2,SNY001,Calculated,SW,Water,,,Clayton,07060001,River/Stream,,43.0404991,-91.2055504
6,10220003,Bloody Run Creek Site #1 (BR01),09/10/1996 11:30:00,SNY319,NIT-ORGN,Organic Nitrogen,Total,,0.1,mg/l,True,0.1,,,351.2,SNY001,Calculated,SW,Water,,,Clayton,07060001,River/Stream,,43.0404991,-91.2055504
6,10220003,Bloody Run Creek Site #1 (BR01),10/06/1998 12:05:00,SNY319,NIT-ORGN,Organic Nitrogen,Total,,0.5,mg/l,True,0.1,,,351.2,SNY001,Calculated,SW,Water,,,Clayton,07060001,River/Stream,,43.0404991,-91.2055504
6,10220003,Bloody Run Creek Site #1 (BR01),10/13/1998 11:35:00,SNY319,NIT-ORGN,Organic Nitrogen,Total,,0.1,mg/l,False,0.1,,,351.2,SNY001,Calculated,SW,Water,,,Clayton,07060001,River/Stream,,43.0404991,-91.2055504
6,10220003,Bloody Run Creek Site #1 (BR01),10/19/1999 12:30:00,SNY319,NIT-ORGN,Organic Nitrogen,Total,,0.3,mg/l,True,0.1,,,351.2,SNY001,Calculated,SW,Water,,,Clayton,07060001,River/Stream,,43.0404991,-91.2055504
6,10220003,Bloody Run Creek Site #1 (BR01),11/09/1999 12:20:00,SNY319,NIT-ORGN,Organic Nitrogen,Total,,0.6,mg/l,True,0.1,,,351.2,SNY001,Calculated,SW,Water,,,Clayton,07060001,River/Stream,,43.0404991,-91.2055504
6,10220003,Bloody Run Creek Site #1 (BR01),11/16/1999 12:00:00,SNY319,NIT-ORGN,Organic Nitrogen,Total,,0.1,mg/l,False,0.1,,,351.2,SNY001,Calculated,SW,Water,,,Clayton,07060001,River/Stream,,43.0404991,-91.2055504
6,10220003,Bloody Run Creek Site #1 (BR01),12/07/1999 12:20:00,SNY319,NIT-ORGN,Organic Nitrogen,Total,,0.1,mg/l,False,0.1,,,351.2,SNY001,Calculated,SW,Water,,,Clayton,07060001,River/Stream,,43.0404991,-91.2055504
6,10220003,Bloody Run Creek Site #1 (BR01),01/04/2000 12:00:00,SNY319,NIT-ORGN,Organic Nitrogen,Total,,0.1,mg/l,False,0.1,,,351.2,SNY001,Calculated,SW,Water,,,Clayton,07060001,River/Stream,,43.0404991,-91.2055504
6,10220003,Bloody Run Creek Site #1 (BR01),01/11/2000 13:15:00,SNY319,NIT-ORGN,Organic Nitrogen,Total,,0.4,mg/l,True,0.1,,,351.2,SNY001,Calculated,SW,Water,,,Clayton,07060001,River/Stream,,43.0404991,-91.2055504
6,10220003,Bloody Run Creek Site #1 (BR01),02/01/2000 12:00:00,SNY319,NIT-ORGN,Organic Nitrogen,Total,,0.1,mg/l,False,0.1,,,351.2,SNY001,Calculated,SW,Water,,,Clayton,07060001,River/Stream,,43.0404991,-91.2055504
6,10220003,Bloody Run Creek Site #1 (BR01),02/08/2000 12:20:00,SNY319,NIT-ORGN,Organic Nitrogen,Total,,0.1,mg/l,False,0.1,,,351.2,SNY001,Calculated,SW,Water,,,Clayton,07060001,River/Stream,,43.0404991,-91.2055504
6,10220003,Bloody Run Creek Site #1 (BR01),02/29/2000 12:30:00,SNY319,NIT-ORGN,Organic Nitrogen,Total,,0.5,mg/l,True,0.1,,,351.2,SNY001,Calculated,SW,Water,,,Clayton,07060001,River/Stream,,43.0404991,-91.2055504
6,10220003,Bloody Run Creek Site #1 (BR01),12/14/1999 12:00:00,SNY319,NIT-ORGN,Organic Nitrogen,Total,,0.1,mg/l,False,0.1,,,351.2,SNY001,Calculated,SW,Water,,,Clayton,07060001,River/Stream,,43.0404991,-91.2055504
6,10220003,Bloody Run Creek Site #1 (BR01),03/07/2000 11:25:00,SNY319,NIT-ORGN,Organic Nitrogen,Total,,0.1,mg/l,False,0.1,,,351.2,SNY001,Calculated,SW,Water,,,Clayton,07060001,River/Stream,,43.0404991,-91.2055504
6,10220003,Bloody Run Creek Site #1 (BR01),03/21/2000 12:00:00,SNY319,NIT-ORGN,Organic Nitrogen,Total,,0.2,mg/l,True,0.1,,,351.2,SNY001,Calculated,SW,Water,,,Clayton,07060001,River/Stream,,43.0404991,-91.2055504
6,10220003,Bloody Run Creek Site #1 (BR01),03/28/2000 13:15:00,SNY319,NIT-ORGN,Organic Nitrogen,Total,,0.1,mg/l,False,0.1,,,351.2,SNY001,Calculated,SW,Water,,,Clayton,07060001,River/Stream,,43.0404991,-91.2055504
6,10220003,Bloody Run Creek Site #1 (BR01),04/18/2000 11:30:00,SNY319,NIT-ORGN,Organic Nitrogen,Total,,0.1,mg/l,False,0.1,,,351.2,SNY001,Calculated,SW,Water,,,Clayton,07060001,River/Stream,,43.0404991,-91.2055504
6,10220003,Bloody Run Creek Site #1 (BR01),04/25/2000 13:10:00,SNY319,NIT-ORGN,Organic Nitrogen,Total,,0.1,mg/l,False,0.1,,,351.2,SNY001,Calculated,SW,Water,,,Clayton,07060001,River/Stream,,43.0404991,-91.2055504
6,10220003,Bloody Run Creek Site #1 (BR01),05/16/2000 11:35:00,SNY319,NIT-ORGN,Organic Nitrogen,Total,,0.1,mg/l,False,0.1,,,351.2,SNY001,Calculated,SW,Water,,,Clayton,07060001,River/Stream,,43.0404991,-91.2055504
6,10220003,Bloody Run Creek Site #1 (BR01),05/23/2000 12:10:00,SNY319,NIT-ORGN,Organic Nitrogen,Total,,0.4,mg/l,True,0.1,,,351.2,SNY001,Calculated,SW,Water,,,Clayton,07060001,River/Stream,,43.0404991,-91.2055504
6,10220003,Bloody Run Creek Site #1 (BR01),06/13/2000 12:55:00,SNY319,NIT-ORGN,Organic Nitrogen,Total,,0.1,mg/l,False,0.1,,,351.2,SNY001,Calculated,SW,Water,,,Clayton,07060001,River/Stream,,43.0404991,-91.2055504
6,10220003,Bloody Run Creek Site #1 (BR01),06/20/2000 11:40:00,SNY319,NIT-ORGN,Organic Nitrogen,Total,,0.2,mg/l,True,0.1,,,351.2,SNY001,Calculated,SW,Water,,,Clayton,07060001,River/Stream,,43.0404991,-91.2055504
6,10220003,Bloody Run Creek Site #1 (BR01),07/04/2000 12:10:00,SNY319,NIT-ORGN,Organic Nitrogen,Total,,0.4,mg/l,True,0.1,,,351.2,SNY001,Calculated,SW,Water,,,Clayton,07060001,River/Stream,,43.0404991,-91.2055504
6,10220003,Bloody Run Creek Site #1 (BR01),07/11/2000 11:50:00,SNY319,NIT-ORGN,Organic Nitrogen,Total,,0.4,mg/l,True,0.1,,,351.2,SNY001,Calculated,SW,Water,,,Clayton,07060001,River/Stream,,43.0404991,-91.2055504
6,10220003,Bloody Run Creek Site #1 (BR01),08/01/2000 13:10:00,SNY319,NIT-ORGN,Organic Nitrogen,Total,,0.2,mg/l,True,0.1,,,351.2,SNY001,Calculated,SW,Water,,,Clayton,07060001,River/Stream,,43.0404991,-91.2055504
6,10220003,Bloody Run Creek Site #1 (BR01),08/08/2000 11:45:00,SNY319,NIT-ORGN,Organic Nitrogen,Total,,0.1,mg/l,True,0.1,,,351.2,SNY001,Calculated,SW,Water,,,Clayton,07060001,River/Stream,,43.0404991,-91.2055504
6,10220003,Bloody Run Creek Site #1 (BR01),08/29/2000 13:00:00,SNY319,NIT-ORGN,Organic Nitrogen,Total,,0.1,mg/l,False,0.1,,,351.2,SNY001,Calculated,SW,Water,,,Clayton,07060001,River/Stream,,43.0404991,-91.2055504
6,10220003,Bloody Run Creek Site #1 (BR01),09/05/2000 11:35:00,SNY319,NIT-ORGN,Organic Nitrogen,Total,,0.1,mg/l,False,0.1,,,351.2,SNY001,Calculated,SW,Water,,,Clayton,07060001,River/Stream,,43.0404991,-91.2055504
6,10220003,Bloody Run Creek Site #1 (BR01),09/26/2000 12:55:00,SNY319,NIT-ORGN,Organic Nitrogen,Total,,0.1,mg/l,False,0.1,,,351.2,SNY001,Calculated,SW,Water,,,Clayton,07060001,River/Stream,,43.0404991,-91.2055504
6,10220003,Bloody Run Creek Site #1 (BR01),10/03/2000 11:50:00,SNY319,NIT-ORGN,Organic Nitrogen,Total,,0.1,mg/l,False,0.1,,,351.2,SNY001,Calculated,SW,Water,,,Clayton,07060001,River/Stream,,43.0404991,-91.2055504
6,10220003,Bloody Run Creek Site #1 (BR01),10/24/2000 12:30:00,SNY319,NIT-ORGN,Organic Nitrogen,Total,,0.1,mg/l,False,0.1,,,351.2,SNY001,Calculated,SW,Water,,,Clayton,07060001,River/Stream,,43.0404991,-91.2055504
6,10220003,Bloody Run Creek Site #1 (BR01),10/31/2000 12:20:00,SNY319,NIT-ORGN,Organic Nitrogen,Total,,0.1,mg/l,False,0.1,,,351.2,SNY001,Calculated,SW,Water,,,Clayton,07060001,River/Stream,,43.0404991,-91.2055504
6,10220003,Bloody Run Creek Site #1 (BR01),11/21/2000 12:25:00,SNY319,NIT-ORGN,Organic Nitrogen,Total,,0.1,mg/l,False,0.1,,,351.2,SNY001,Calculated,SW,Water,,,Clayton,07060001,River/Stream,,43.0404991,-91.2055504
6,10220003,Bloody Run Creek Site #1 (BR01),11/28/2000 12:45:00,SNY319,NIT-ORGN,Organic Nitrogen,Total,,0.1,mg/l,False,0.1,,,351.2,SNY001,Calculated,SW,Water,,,Clayton,07060001,River/Stream,,43.0404991,-91.2055504
6,10220003,Bloody Run Creek Site #1 (BR01),12/19/2000 13:35:00,SNY319,NIT-ORGN,Organic Nitrogen,Total,,0.7,mg/l,True,0.1,,,351.2,SNY001,Calculated,SW,Water,,,Clayton,07060001,River/Stream,,43.0404991,-91.2055504
6,10220003,Bloody Run Creek Site #1 (BR01),06/16/1998 12:25:00,SNY319,NIT-ORGN,Organic Nitrogen,Total,,0.2,mg/l,True,0.1,,,351.2,SNY001,Calculated,SW,Water,,,Clayton,07060001,River/Stream,,43.0404991,-91.2055504
6,10220003,Bloody Run Creek Site #1 (BR01),06/23/1998 11:50:00,SNY319,NIT-ORGN,Organic Nitrogen,Total,,0.3,mg/l,True,0.1,,,351.2,SNY001,Calculated,SW,Water,,,Clayton,07060001,River/Stream,,43.0404991,-91.2055504
6,10220003,Bloody Run Creek Site #1 (BR01),04/21/1998 12:15:00,SNY319,NIT-ORGN,Organic Nitrogen,Total,,0.4,mg/l,True,0.1,,,351.2,SNY001,Calculated,SW,Water,,,Clayton,07060001,River/Stream,,43.0404991,-91.2055504
6,10220003,Bloody Run Creek Site #1 (BR01),07/21/1998 12:30:00,SNY319,NIT-ORGN,Organic Nitrogen,Total,,0.3,mg/l,True,0.1,,,351.2,SNY001,Calculated,SW,Water,,,Clayton,07060001,River/Stream,,43.0404991,-91.2055504
6,10220003,Bloody Run Creek Site #1 (BR01),08/11/1998 12:40:00,SNY319,NIT-ORGN,Organic Nitrogen,Total,,0.4,mg/l,True,0.1,,,351.2,SNY001,Calculated,SW,Water,,,Clayton,07060001,River/Stream,,43.0404991,-91.2055504
6,10220003,Bloody Run Creek Site #1 (BR01),09/01/1998 12:35:00,SNY319,NIT-ORGN,Organic Nitrogen,Total,,0.1,mg/l,True,0.1,,,351.2,SNY001,Calculated,SW,Water,,,Clayton,07060001,River/Stream,,43.0404991,-91.2055504
6,10220003,Bloody Run Creek Site #1 (BR01),09/08/1998 14:45:00,SNY319,NIT-ORGN,Organic Nitrogen,Total,,0.1,mg/l,True,0.1,,,351.2,SNY001,Calculated,SW,Water,,,Clayton,07060001,River/Stream,,43.0404991,-91.2055504
6,10220003,Bloody Run Creek Site #1 (BR01),08/04/1998 11:55:00,SNY319,NIT-ORGN,Organic Nitrogen,Total,,0.1,mg/l,False,0.1,,,351.2,SNY001,Calculated,SW,Water,,,Clayton,07060001,River/Stream,,43.0404991,-91.2055504
6,10220003,Bloody Run Creek Site #1 (BR01),11/10/1998 12:40:00,SNY319,NIT-ORGN,Organic Nitrogen,Total,,0.9,mg/l,True,0.1,,,351.2,SNY001,Calculated,SW,Water,,,Clayton,07060001,River/Stream,,43.0404991,-91.2055504
6,10220003,Bloody Run Creek Site #1 (BR01),11/17/1998 12:50:00,SNY319,NIT-ORGN,Organic Nitrogen,Total,,0.1,mg/l,True,0.1,,,351.2,SNY001,Calculated,SW,Water,,,Clayton,07060001,River/Stream,,43.0404991,-91.2055504
6,10220003,Bloody Run Creek Site #1 (BR01),11/24/1998 11:25:00,SNY319,NIT-ORGN,Organic Nitrogen,Total,,0.1,mg/l,False,0.1,,,351.2,SNY001,Calculated,SW,Water,,,Clayton,07060001,River/Stream,,43.0404991,-91.2055504
6,10220003,Bloody Run Creek Site #1 (BR01),12/22/1998 11:25:00,SNY319,NIT-ORGN,Organic Nitrogen,Total,,0.1,mg/l,False,0.1,,,351.2,SNY001,Calculated,SW,Water,,,Clayton,07060001,River/Stream,,43.0404991,-91.2055504
6,10220003,Bloody Run Creek Site #1 (BR01),12/29/1998 13:45:00,SNY319,NIT-ORGN,Organic Nitrogen,Total,,0.1,mg/l,False,0.1,,,351.2,SNY001,Calculated,SW,Water,,,Clayton,07060001,River/Stream,,43.0404991,-91.2055504
6,10220003,Bloody Run Creek Site #1 (BR01),01/12/1999 12:15:00,SNY319,NIT-ORGN,Organic Nitrogen,Total,,0.6,mg/l,True,0.1,,,351.2,SNY001,Calculated,SW,Water,,,Clayton,07060001,River/Stream,,43.0404991,-91.2055504
6,10220003,Bloody Run Creek Site #1 (BR01),01/19/1999 13:00:00,SNY319,NIT-ORGN,Organic Nitrogen,Total,,0.2,mg/l,True,0.1,,,351.2,SNY001,Calculated,SW,Water,,,Clayton,07060001,River/Stream,,43.0404991,-91.2055504
6,10220003,Bloody Run Creek Site #1 (BR01),07/14/1998 12:35:00,SNY319,NIT-ORGN,Organic Nitrogen,Total,,0.3,mg/l,True,0.1,,,351.2,SNY001,Calculated,SW,Water,,,Clayton,07060001,River/Stream,,43.0404991,-91.2055504
6,10220003,Bloody Run Creek Site #1 (BR01),09/29/1998 12:20:00,SNY319,NIT-ORGN,Organic Nitrogen,Total,,0.1,mg/l,True,0.1,,,351.2,SNY001,Calculated,SW,Water,,,Clayton,07060001,River/Stream,,43.0404991,-91.2055504
6,10220003,Bloody Run Creek Site #1 (BR01),02/16/1999 11:25:00,SNY319,NIT-ORGN,Organic Nitrogen,Total,,0.1,mg/l,True,0.1,,,351.2,SNY001,Calculated,SW,Water,,,Clayton,07060001,River/Stream,,43.0404991,-91.2055504
6,10220003,Bloody Run Creek Site #1 (BR01),06/15/1999 11:40:00,SNY319,NIT-ORGN,Organic Nitrogen,Total,,0.2,mg/l,True,0.1,,,351.2,SNY001,Calculated,SW,Water,,,Clayton,07060001,River/Stream,,43.0404991,-91.2055504
6,10220003,Bloody Run Creek Site #1 (BR01),06/22/1999 12:15:00,SNY319,NIT-ORGN,Organic Nitrogen,Total,,0.1,mg/l,False,0.1,,,351.2,SNY001,Calculated,SW,Water,,,Clayton,07060001,River/Stream,,43.0404991,-91.2055504
6,10220003,Bloody Run Creek Site #1 (BR01),07/27/1999 12:05:00,SNY319,NIT-ORGN,Organic Nitrogen,Total,,1.1,mg/l,True,0.1,,,351.2,SNY001,Calculated,SW,Water,,,Clayton,07060001,River/Stream,,43.0404991,-91.2055504
6,10220003,Bloody Run Creek Site #1 (BR01),08/03/1999 11:30:00,SNY319,NIT-ORGN,Organic Nitrogen,Total,,0.1,mg/l,True,0.1,,,351.2,SNY001,Calculated,SW,Water,,,Clayton,07060001,River/Stream,,43.0404991,-91.2055504
6,10220003,Bloody Run Creek Site #1 (BR01),08/31/1999 12:50:00,SNY319,NIT-ORGN,Organic Nitrogen,Total,,0.1,mg/l,False,0.1,,,351.2,SNY001,Calculated,SW,Water,,,Clayton,07060001,River/Stream,,43.0404991,-91.2055504
6,10220003,Bloody Run Creek Site #1 (BR01),07/20/1999 11:35:00,SNY319,NIT-ORGN,Organic Nitrogen,Total,,0.9,mg/l,True,0.1,,,351.2,SNY001,Calculated,SW,Water,,,Clayton,07060001,River/Stream,,43.0404991,-91.2055504
6,10220003,Bloody Run Creek Site #1 (BR01),09/07/1999 13:15:00,SNY319,NIT-ORGN,Organic Nitrogen,Total,,0.1,mg/l,False,0.1,,,351.2,SNY001,Calculated,SW,Water,,,Clayton,07060001,River/Stream,,43.0404991,-91.2055504
6,10220003,Bloody Run Creek Site #1 (BR01),03/30/1999 12:25:00,SNY319,NIT-ORGN,Organic Nitrogen,Total,,0.3,mg/l,True,0.1,,,351.2,SNY001,Calculated,SW,Water,,,Clayton,07060001,River/Stream,,43.0404991,-91.2055504
6,10220003,Bloody Run Creek Site #1 (BR01),04/27/1999 12:15:00,SNY319,NIT-ORGN,Organic Nitrogen,Total,,0.2,mg/l,True,0.1,,,351.2,SNY001,Calculated,SW,Water,,,Clayton,07060001,River/Stream,,43.0404991,-91.2055504
6,10220003,Bloody Run Creek Site #1 (BR01),05/04/1999 10:50:00,SNY319,NIT-ORGN,Organic Nitrogen,Total,,0.2,mg/l,True,0.1,,,351.2,SNY001,Calculated,SW,Water,,,Clayton,07060001,River/Stream,,43.0404991,-91.2055504
6,10220003,Bloody Run Creek Site #1 (BR01),05/11/1999 11:05:00,SNY319,NIT-ORGN,Organic Nitrogen,Total,,0.2,mg/l,True,0.1,,,351.2,SNY001,Calculated,SW,Water,,,Clayton,07060001,River/Stream,,43.0404991,-91.2055504
6,10220003,Bloody Run Creek Site #1 (BR01),06/08/1999 11:35:00,SNY319,NIT-ORGN,Organic Nitrogen,Total,,0.2,mg/l,True,0.1,,,351.2,SNY001,Calculated,SW,Water,,,Clayton,07060001,River/Stream,,43.0404991,-91.2055504
6,10220003,Bloody Run Creek Site #1 (BR01),04/06/1999 11:15:00,SNY319,NIT-ORGN,Organic Nitrogen,Total,,1,mg/l,True,0.1,,,351.2,SNY001,Calculated,SW,Water,,,Clayton,07060001,River/Stream,,43.0404991,-91.2055504
6,10220003,Bloody Run Creek Site #1 (BR01),03/23/1999 11:20:00,SNY319,NIT-ORGN,Organic Nitrogen,Total,,0.3,mg/l,True,0.1,,,351.2,SNY001,Calculated,SW,Water,,,Clayton,07060001,River/Stream,,43.0404991,-91.2055504
6,10220003,Bloody Run Creek Site #1 (BR01),02/09/1999 11:50:00,SNY319,NIT-ORGN,Organic Nitrogen,Total,,0.7,mg/l,True,0.1,,,351.2,SNY001,Calculated,SW,Water,,,Clayton,07060001,River/Stream,,43.0404991,-91.2055504
6,10220003,Bloody Run Creek Site #1 (BR01),02/23/1999 12:30:00,SNY319,NIT-ORGN,Organic Nitrogen,Total,,0.1,mg/l,False,0.1,,,351.2,SNY001,Calculated,SW,Water,,,Clayton,07060001,River/Stream,,43.0404991,-91.2055504
6,10220003,Bloody Run Creek Site #1 (BR01),03/25/1997 12:30:00,SNY319,NIT-ORGN,Organic Nitrogen,Total,,0.3,mg/l,True,0.1,,,351.2,SNY001,Calculated,SW,Water,,,Clayton,07060001,River/Stream,,43.0404991,-91.2055504
6,10220003,Bloody Run Creek Site #1 (BR01),04/01/1997 11:35:00,SNY319,NIT-ORGN,Organic Nitrogen,Total,,0.1,mg/l,False,0.1,,,351.2,SNY001,Calculated,SW,Water,,,Clayton,07060001,River/Stream,,43.0404991,-91.2055504
6,10220003,Bloody Run Creek Site #1 (BR01),04/22/1997 11:20:00,SNY319,NIT-ORGN,Organic Nitrogen,Total,,0.1,mg/l,True,0.1,,,351.2,SNY001,Calculated,SW,Water,,,Clayton,07060001,River/Stream,,43.0404991,-91.2055504
6,10220003,Bloody Run Creek Site #1 (BR01),04/29/1997 12:25:00,SNY319,NIT-ORGN,Organic Nitrogen,Total,,0.4,mg/l,True,0.1,,,351.2,SNY001,Calculated,SW,Water,,,Clayton,07060001,River/Stream,,43.0404991,-91.2055504
6,10220003,Bloody Run Creek Site #1 (BR01),05/20/1997 11:50:00,SNY319,NIT-ORGN,Organic Nitrogen,Total,,0.1,mg/l,True,0.1,,,351.2,SNY001,Calculated,SW,Water,,,Clayton,07060001,River/Stream,,43.0404991,-91.2055504
6,10220003,Bloody Run Creek Site #1 (BR01),06/10/1997 11:35:00,SNY319,NIT-ORGN,Organic Nitrogen,Total,,0.1,mg/l,False,0.1,,,351.2,SNY001,Calculated,SW,Water,,,Clayton,07060001,River/Stream,,43.0404991,-91.2055504
6,10220003,Bloody Run Creek Site #1 (BR01),06/17/1997 12:30:00,SNY319,NIT-ORGN,Organic Nitrogen,Total,,0.2,mg/l,True,0.1,,,351.2,SNY001,Calculated,SW,Water,,,Clayton,07060001,River/Stream,,43.0404991,-91.2055504
6,10220003,Bloody Run Creek Site #1 (BR01),07/08/1997 12:05:00,SNY319,NIT-ORGN,Organic Nitrogen,Total,,0.2,mg/l,True,0.1,,,351.2,SNY001,Calculated,SW,Water,,,Clayton,07060001,River/Stream,,43.0404991,-91.2055504
6,10220003,Bloody Run Creek Site #1 (BR01),07/15/1997 12:10:00,SNY319,NIT-ORGN,Organic Nitrogen,Total,,0.2,mg/l,True,0.1,,,351.2,SNY001,Calculated,SW,Water,,,Clayton,07060001,River/Stream,,43.0404991,-91.2055504
6,10220003,Bloody Run Creek Site #1 (BR01),05/13/1997 11:50:00,SNY319,NIT-ORGN,Organic Nitrogen,Total,,0.2,mg/l,True,0.1,,,351.2,SNY001,Calculated,SW,Water,,,Clayton,07060001,River/Stream,,43.0404991,-91.2055504
6,10220003,Bloody Run Creek Site #1 (BR01),08/12/1997 12:40:00,SNY319,NIT-ORGN,Organic Nitrogen,Total,,0.4,mg/l,True,0.1,,,351.2,SNY001,Calculated,SW,Water,,,Clayton,07060001,River/Stream,,43.0404991,-91.2055504
6,10220003,Bloody Run Creek Site #1 (BR01),09/02/1997 11:40:00,SNY319,NIT-ORGN,Organic Nitrogen,Total,,0.1,mg/l,True,0.1,,,351.2,SNY001,Calculated,SW,Water,,,Clayton,07060001,River/Stream,,43.0404991,-91.2055504
6,10220003,Bloody Run Creek Site #1 (BR01),09/09/1997 11:25:00,SNY319,NIT-ORGN,Organic Nitrogen,Total,,0.1,mg/l,False,0.1,,,351.2,SNY001,Calculated,SW,Water,,,Clayton,07060001,River/Stream,,43.0404991,-91.2055504
6,10220003,Bloody Run Creek Site #1 (BR01),09/30/1997 11:40:00,SNY319,NIT-ORGN,Organic Nitrogen,Total,,0.1,mg/l,False,0.1,,,351.2,SNY001,Calculated,SW,Water,,,Clayton,07060001,River/Stream,,43.0404991,-91.2055504
6,10220003,Bloody Run Creek Site #1 (BR01),10/07/1997 10:00:00,SNY319,NIT-ORGN,Organic Nitrogen,Total,,0.1,mg/l,True,0.1,,,351.2,SNY001,Calculated,SW,Water,,,Clayton,07060001,River/Stream,,43.0404991,-91.2055504
6,10220003,Bloody Run Creek Site #1 (BR01),10/28/1997 09:25:00,SNY319,NIT-ORGN,Organic Nitrogen,Total,,0.1,mg/l,False,0.1,,,351.2,SNY001,Calculated,SW,Water,,,Clayton,07060001,River/Stream,,43.0404991,-91.2055504
6,10220003,Bloody Run Creek Site #1 (BR01),11/04/1997 10:00:00,SNY319,NIT-ORGN,Organic Nitrogen,Total,,0.1,mg/l,True,0.1,,,351.2,SNY001,Calculated,SW,Water,,,Clayton,07060001,River/Stream,,43.0404991,-91.2055504
6,10220003,Bloody Run Creek Site #1 (BR01),11/25/1997 12:10:00,SNY319,NIT-ORGN,Organic Nitrogen,Total,,0.1,mg/l,False,0.1,,,351.2,SNY001,Calculated,SW,Water,,,Clayton,07060001,River/Stream,,43.0404991,-91.2055504
6,10220003,Bloody Run Creek Site #1 (BR01),12/02/1997 10:00:00,SNY319,NIT-ORGN,Organic Nitrogen,Total,,0.1,mg/l,False,0.1,,,351.2,SNY001,Calculated,SW,Water,,,Clayton,07060001,River/Stream,,43.0404991,-91.2055504
6,10220003,Bloody Run Creek Site #1 (BR01),12/23/1997 12:05:00,SNY319,NIT-ORGN,Organic Nitrogen,Total,,0.1,mg/l,True,0.1,,,351.2,SNY001,Calculated,SW,Water,,,Clayton,07060001,River/Stream,,43.0404991,-91.2055504
6,10220003,Bloody Run Creek Site #1 (BR01),12/30/1997 13:20:00,SNY319,NIT-ORGN,Organic Nitrogen,Total,,0.1,mg/l,True,0.1,,,351.2,SNY001,Calculated,SW,Water,,,Clayton,07060001,River/Stream,,43.0404991,-91.2055504
6,10220003,Bloody Run Creek Site #1 (BR01),01/06/1998 10:00:00,SNY319,NIT-ORGN,Organic Nitrogen,Total,,0.1,mg/l,False,0.1,,,351.2,SNY001,Calculated,SW,Water,,,Clayton,07060001,River/Stream,,43.0404991,-91.2055504
6,10220003,Bloody Run Creek Site #1 (BR01),01/13/1998 11:20:00,SNY319,NIT-ORGN,Organic Nitrogen,Total,,0.1,mg/l,False,0.1,,,351.2,SNY001,Calculated,SW,Water,,,Clayton,07060001,River/Stream,,43.0404991,-91.2055504
6,10220003,Bloody Run Creek Site #1 (BR01),02/03/1998 11:40:00,SNY319,NIT-ORGN,Organic Nitrogen,Total,,0.1,mg/l,True,0.1,,,351.2,SNY001,Calculated,SW,Water,,,Clayton,07060001,River/Stream,,43.0404991,-91.2055504
6,10220003,Bloody Run Creek Site #1 (BR01),02/09/1998 12:00:00,SNY319,NIT-ORGN,Organic Nitrogen,Total,,0.1,mg/l,False,0.1,,,351.2,SNY001,Calculated,SW,Water,,,Clayton,07060001,River/Stream,,43.0404991,-91.2055504
6,10220003,Bloody Run Creek Site #1 (BR01),08/05/1997 11:55:00,SNY319,NIT-ORGN,Organic Nitrogen,Total,,0.2,mg/l,True,0.1,,,351.2,SNY001,Calculated,SW,Water,,,Clayton,07060001,River/Stream,,43.0404991,-91.2055504
6,10220003,Bloody Run Creek Site #1 (BR01),03/03/1998 13:20:00,SNY319,NIT-ORGN,Organic Nitrogen,Total,,0.1,mg/l,False,0.1,,,351.2,SNY001,Calculated,SW,Water,,,Clayton,07060001,River/Stream,,43.0404991,-91.2055504
6,10220003,Bloody Run Creek Site #1 (BR01),03/10/1998 12:40:00,SNY319,NIT-ORGN,Organic Nitrogen,Total,,0.1,mg/l,False,0.1,,,351.2,SNY001,Calculated,SW,Water,,,Clayton,07060001,River/Stream,,43.0404991,-91.2055504
6,10220003,Bloody Run Creek Site #1 (BR01),03/31/1998 13:10:00,SNY319,NIT-ORGN,Organic Nitrogen,Total,,3.5,mg/l,True,0.1,,,351.2,SNY001,Calculated,SW,Water,,,Clayton,07060001,River/Stream,,43.0404991,-91.2055504
6,10220003,Bloody Run Creek Site #1 (BR01),04/07/1998 11:45:00,SNY319,NIT-ORGN,Organic Nitrogen,Total,,0.5,mg/l,True,0.1,,,351.2,SNY001,Calculated,SW,Water,,,Clayton,07060001,River/Stream,,43.0404991,-91.2055504
6,10220003,Bloody Run Creek Site #1 (BR01),04/28/1998 13:40:00,SNY319,NIT-ORGN,Organic Nitrogen,Total,,0.1,mg/l,False,0.1,,,351.2,SNY001,Calculated,SW,Water,,,Clayton,07060001,River/Stream,,43.0404991,-91.2055504
6,10220003,Bloody Run Creek Site #1 (BR01),05/19/1998 12:00:00,SNY319,NIT-ORGN,Organic Nitrogen,Total,,0.3,mg/l,True,0.1,,,351.2,SNY001,Calculated,SW,Water,,,Clayton,07060001,River/Stream,,43.0404991,-91.2055504
6,10220003,Bloody Run Creek Site #1 (BR01),05/26/1998 12:10:00,SNY319,NIT-ORGN,Organic Nitrogen,Total,,0.2,mg/l,True,0.1,,,351.2,SNY001,Calculated,SW,Water,,,Clayton,07060001,River/Stream,,43.0404991,-91.2055504
6,10220003,Bloody Run Creek Site #1 (BR01),09/26/1995 12:40:00,SNY319,NIT-ORGN,Organic Nitrogen,Total,,0.3,mg/l,True,0.1,,,351.2,SNY001,Calculated,SW,Water,,,Clayton,07060001,River/Stream,,43.0404991,-91.2055504
6,10220003,Bloody Run Creek Site #1 (BR01),10/08/1996 13:50:00,SNY319,NIT-ORGN,Organic Nitrogen,Total,,0.2,mg/l,True,0.1,,,351.2,SNY001,Calculated,SW,Water,,,Clayton,07060001,River/Stream,,43.0404991,-91.2055504
6,10220003,Bloody Run Creek Site #1 (BR01),09/12/1995 11:35:00,SNY319,NIT-ORGN,Organic Nitrogen,Total,,0.1,mg/l,False,0.1,,,351.2,SNY001,Calculated,SW,Water,,,Clayton,07060001,River/Stream,,43.0404991,-91.2055504
6,10220003,Bloody Run Creek Site #1 (BR01),09/05/1995 09:15:00,SNY319,NIT-ORGN,Organic Nitrogen,Total,,0.1,mg/l,False,0.1,,,351.2,SNY001,Calculated,SW,Water,,,Clayton,07060001,River/Stream,,43.0404991,-91.2055504
6,10220003,Bloody Run Creek Site #1 (BR01),10/15/1996 10:50:00,SNY319,NIT-ORGN,Organic Nitrogen,Total,,0.1,mg/l,True,0.1,,,351.2,SNY001,Calculated,SW,Water,,,Clayton,07060001,River/Stream,,43.0404991,-91.2055504
6,10220003,Bloody Run Creek Site #1 (BR01),10/22/1996 12:00:00,SNY319,NIT-ORGN,Organic Nitrogen,Total,,0.2,mg/l,True,0.1,,,351.2,SNY001,Calculated,SW,Water,,,Clayton,07060001,River/Stream,,43.0404991,-91.2055504
6,10220003,Bloody Run Creek Site #1 (BR01),11/12/1996 11:00:00,SNY319,NIT-ORGN,Organic Nitrogen,Total,,0.1,mg/l,False,0.1,,,351.2,SNY001,Calculated,SW,Water,,,Clayton,07060001,River/Stream,,43.0404991,-91.2055504
6,10220003,Bloody Run Creek Site #1 (BR01),12/10/1996 12:10:00,SNY319,NIT-ORGN,Organic Nitrogen,Total,,0.1,mg/l,False,0.1,,,351.2,SNY001,Calculated,SW,Water,,,Clayton,07060001,River/Stream,,43.0404991,-91.2055504
6,10220003,Bloody Run Creek Site #1 (BR01),12/30/1996 13:00:00,SNY319,NIT-ORGN,Organic Nitrogen,Total,,0.1,mg/l,False,0.1,,,351.2,SNY001,Calculated,SW,Water,,,Clayton,07060001,River/Stream,,43.0404991,-91.2055504
6,10220003,Bloody Run Creek Site #1 (BR01),01/07/1997 10:00:00,SNY319,NIT-ORGN,Organic Nitrogen,Total,,0.5,mg/l,True,0.1,,,351.2,SNY001,Calculated,SW,Water,,,Clayton,07060001,River/Stream,,43.0404991,-91.2055504
6,10220003,Bloody Run Creek Site #1 (BR01),12/03/1996 11:15:00,SNY319,NIT-ORGN,Organic Nitrogen,Total,,0.1,mg/l,True,0.1,,,351.2,SNY001,Calculated,SW,Water,,,Clayton,07060001,River/Stream,,43.0404991,-91.2055504
6,10220003,Bloody Run Creek Site #1 (BR01),02/04/1997 14:00:00,SNY319,NIT-ORGN,Organic Nitrogen,Total,,0.1,mg/l,True,0.1,,,351.2,SNY001,Calculated,SW,Water,,,Clayton,07060001,River/Stream,,43.0404991,-91.2055504
6,10220003,Bloody Run Creek Site #1 (BR01),01/14/1997 13:50:00,SNY319,NIT-ORGN,Organic Nitrogen,Total,,0.1,mg/l,True,0.1,,,351.2,SNY001,Calculated,SW,Water,,,Clayton,07060001,River/Stream,,43.0404991,-91.2055504
6,10220003,Bloody Run Creek Site #1 (BR01),01/27/1997 14:30:00,SNY319,NIT-ORGN,Organic Nitrogen,Total,,0.1,mg/l,False,0.1,,,351.2,SNY001,Calculated,SW,Water,,,Clayton,07060001,River/Stream,,43.0404991,-91.2055504
6,10220003,Bloody Run Creek Site #1 (BR01),02/25/1997 12:15:00,SNY319,NIT-ORGN,Organic Nitrogen,Total,,0.5,mg/l,True,0.1,,,351.2,SNY001,Calculated,SW,Water,,,Clayton,07060001,River/Stream,,43.0404991,-91.2055504
6,10220003,Bloody Run Creek Site #1 (BR01),03/04/1997 12:05:00,SNY319,NIT-ORGN,Organic Nitrogen,Total,,0.8,mg/l,True,0.1,,,351.2,SNY001,Calculated,SW,Water,,,Clayton,07060001,River/Stream,,43.0404991,-91.2055504
6,10220003,Bloody Run Creek Site #1 (BR01),08/15/1995 14:30:00,SNY319,NIT-ORGN,Organic Nitrogen,Total,,0.1,mg/l,False,0.1,,,351.2,SNY001,Calculated,SW,Water,,,Clayton,07060001,River/Stream,,43.0404991,-91.2055504
6,10220003,Bloody Run Creek Site #1 (BR01),07/25/1995 15:10:00,SNY319,NIT-ORGN,Organic Nitrogen,Total,,0.2,mg/l,True,0.1,,,351.2,SNY001,Calculated,SW,Water,,,Clayton,07060001,River/Stream,,43.0404991,-91.2055504
6,10220003,Bloody Run Creek Site #1 (BR01),07/04/1995 12:15:00,SNY319,NIT-ORGN,Organic Nitrogen,Total,,0.1,mg/l,False,0.1,,,351.2,SNY001,Calculated,SW,Water,,,Clayton,07060001,River/Stream,,43.0404991,-91.2055504
6,10220003,Bloody Run Creek Site #1 (BR01),06/13/1995 12:30:00,SNY319,NIT-ORGN,Organic Nitrogen,Total,,0.1,mg/l,False,0.1,,,351.2,SNY001,Calculated,SW,Water,,,Clayton,07060001,River/Stream,,43.0404991,-91.2055504
6,15220028,Silver Creek @ Dogwood Ave (L23S),08/29/1995 11:00:00,BSP,NIT-ORGN,Organic Nitrogen (as N),Total,,15,mg/l,True,0.1,,,TIM 786-86T,BSP,Calculated,SW,Water,,,Clayton,07060004,River/Stream,,43.0217763,-91.4894189
6,15220018,Roberts Creek @ 206th St/B65 (RC02/ROB30),08/29/1995 17:05:00,BSP,NIT-ORGN,Organic Nitrogen (as N),Total,,1.1,mg/l,True,0.1,,,TIM 786-86T,BSP,Calculated,SW,Water,,,Clayton,07060004,River/Stream,,42.9304245,-91.38552335
6,15220004,Sny Magill Creek Site #1 (SN01),11/22/1994 13:40:00,SNY319,NIT-ORGN,Organic Nitrogen,Total,,0.2,mg/l,True,0.1,,,351.2,SNY001,Calculated,SW,Water,,,Clayton,07060003,River/Stream,,42.94880662,-91.18632674
6,15220004,Sny Magill Creek Site #1 (SN01),10/25/1994 11:45:00,SNY319,NIT-ORGN,Organic Nitrogen,Total,,0.2,mg/l,True,0.1,,,351.2,SNY001,Calculated,SW,Water,,,Clayton,07060003,River/Stream,,42.94880662,-91.18632674
6,15220004,Sny Magill Creek Site #1 (SN01),08/28/2001 13:55:00,SNY319,NIT-ORGN,Organic Nitrogen,Total,,0.68,mg/l,True,0.05,,,LAC10-107-06-2E,SNY001,Calculated,SW,Water,,,Clayton,07060003,River/Stream,,42.94880662,-91.18632674
6,15220004,Sny Magill Creek Site #1 (SN01),09/04/2001 11:35:00,SNY319,NIT-ORGN,Organic Nitrogen,Total,,0.33,mg/l,True,0.05,,,LAC10-107-06-2E,SNY001,Calculated,SW,Water,,,Clayton,07060003,River/Stream,,42.94880662,-91.18632674
6,15220004,Sny Magill Creek Site #1 (SN01),12/05/1995 13:30:00,SNY319,NIT-ORGN,Organic Nitrogen,Total,,0.2,mg/l,True,0.1,,,351.2,SNY001,Calculated,SW,Water,,,Clayton,07060003,River/Stream,,42.94880662,-91.18632674
6,15220004,Sny Magill Creek Site #1 (SN01),10/17/1995 14:30:00,SNY319,NIT-ORGN,Organic Nitrogen,Total,,0.2,mg/l,True,0.1,,,351.2,SNY001,Calculated,SW,Water,,,Clayton,07060003,River/Stream,,42.94880662,-91.18632674
6,15220004,Sny Magill Creek Site #1 (SN01),11/28/1995 13:50:00,SNY319,NIT-ORGN,Organic Nitrogen,Total,,0.1,mg/l,False,0.1,,,351.2,SNY001,Calculated,SW,Water,,,Clayton,07060003,River/Stream,,42.94880662,-91.18632674
6,15220004,Sny Magill Creek Site #1 (SN01),11/15/1994 13:30:00,SNY319,NIT-ORGN,Organic Nitrogen,Total,,0.1,mg/l,False,0.1,,,351.2,SNY001,Calculated,SW,Water,,,Clayton,07060003,River/Stream,,42.94880662,-91.18632674
6,15220018,Roberts Creek @ 206th St/B65 (RC02/ROB30),06/12/2001 10:30:00,BSP,NIT-ORGN,Organic Nitrogen (as N),Total,,0.9,mg/l,True,0.1,,,TIM 786-86T,BSP,Calculated,SW,Water,,,Clayton,07060004,River/Stream,,42.9304245,-91.38552335
6,15220018,Roberts Creek @ 206th St/B65 (RC02/ROB30),05/22/2001 11:05:00,BSP,NIT-ORGN,Organic Nitrogen (as N),Total,,1,mg/l,True,0.1,,,TIM 786-86T,BSP,Calculated,SW,Water,,,Clayton,07060004,River/Stream,,42.9304245,-91.38552335
6,15220018,Roberts Creek @ 206th St/B65 (RC02/ROB30),04/24/2001 12:45:00,BSP,NIT-ORGN,Organic Nitrogen (as N),Total,,0.3,mg/l,True,0.1,,,TIM 786-86T,BSP,Calculated,SW,Water,,,Clayton,07060004,River/Stream,,42.9304245,-91.38552335
6,15220018,Roberts Creek @ 206th St/B65 (RC02/ROB30),05/01/2001 10:45:00,BSP,NIT-ORGN,Organic Nitrogen (as N),Total,,0.4,mg/l,True,0.1,,,TIM 786-86T,BSP,Calculated,SW,Water,,,Clayton,07060004,River/Stream,,42.9304245,-91.38552335
6,15220018,Roberts Creek @ 206th St/B65 (RC02/ROB30),04/03/2001 11:00:00,BSP,NIT-ORGN,Organic Nitrogen (as N),Total,,2,mg/l,True,0.1,,,TIM 786-86T,BSP,Calculated,SW,Water,,,Clayton,07060004,River/Stream,,42.9304245,-91.38552335
6,15220018,Roberts Creek @ 206th St/B65 (RC02/ROB30),04/10/2001 11:05:00,BSP,NIT-ORGN,Organic Nitrogen (as N),Total,,1,mg/l,True,0.1,,,TIM 786-86T,BSP,Calculated,SW,Water,,,Clayton,07060004,River/Stream,,42.9304245,-91.38552335
6,15220018,Roberts Creek @ 206th St/B65 (RC02/ROB30),03/20/2001 11:10:00,BSP,NIT-ORGN,Organic Nitrogen (as N),Total,,2.3,mg/l,True,0.1,,,TIM 786-86T,BSP,Calculated,SW,Water,,,Clayton,07060004,River/Stream,,42.9304245,-91.38552335
6,15220018,Roberts Creek @ 206th St/B65 (RC02/ROB30),03/13/2001 10:40:00,BSP,NIT-ORGN,Organic Nitrogen (as N),Total,,0.6,mg/l,True,0.1,,,TIM 786-86T,BSP,Calculated,SW,Water,,,Clayton,07060004,River/Stream,,42.9304245,-91.38552335
6,15220018,Roberts Creek @ 206th St/B65 (RC02/ROB30),02/27/2001 11:20:00,BSP,NIT-ORGN,Organic Nitrogen (as N),Total,,0.6,mg/l,True,0.1,,,TIM 786-86T,BSP,Calculated,SW,Water,,,Clayton,07060004,River/Stream,,42.9304245,-91.38552335
6,15220018,Roberts Creek @ 206th St/B65 (RC02/ROB30),02/20/2001 10:55:00,BSP,NIT-ORGN,Organic Nitrogen (as N),Total,,0.6,mg/l,True,0.1,,,TIM 786-86T,BSP,Calculated,SW,Water,,,Clayton,07060004,River/Stream,,42.9304245,-91.38552335
6,15220018,Roberts Creek @ 206th St/B65 (RC02/ROB30),01/09/2001 11:00:00,BSP,NIT-ORGN,Organic Nitrogen (as N),Total,,0.1,mg/l,False,0.1,,,TIM 786-86T,BSP,Calculated,SW,Water,,,Clayton,07060004,River/Stream,,42.9304245,-91.38552335
6,15220018,Roberts Creek @ 206th St/B65 (RC02/ROB30),01/30/2001 11:15:00,BSP,NIT-ORGN,Organic Nitrogen (as N),Total,,0.5,mg/l,True,0.1,,,TIM 786-86T,BSP,Calculated,SW,Water,,,Clayton,07060004,River/Stream,,42.9304245,-91.38552335
6,15220018,Roberts Creek @ 206th St/B65 (RC02/ROB30),02/06/2001 10:45:00,BSP,NIT-ORGN,Organic Nitrogen (as N),Total,,0.3,mg/l,True,0.1,,,TIM 786-86T,BSP,Calculated,SW,Water,,,Clayton,07060004,River/Stream,,42.9304245,-91.38552335
6,15220018,Roberts Creek @ 206th St/B65 (RC02/ROB30),12/19/2000 12:20:00,BSP,NIT-ORGN,Organic Nitrogen (as N),Total,,0.1,mg/l,True,0.1,,,TIM 786-86T,BSP,Calculated,SW,Water,,,Clayton,07060004,River/Stream,,42.9304245,-91.38552335
6,15220018,Roberts Creek @ 206th St/B65 (RC02/ROB30),11/28/2000 11:35:00,BSP,NIT-ORGN,Organic Nitrogen (as N),Total,,0.1,mg/l,False,0.1,,,TIM 786-86T,BSP,Calculated,SW,Water,,,Clayton,07060004,River/Stream,,42.9304245,-91.38552335
6,15220018,Roberts Creek @ 206th St/B65 (RC02/ROB30),10/17/2000 10:50:00,BSP,NIT-ORGN,Organic Nitrogen (as N),Total,,0.4,mg/l,True,0.1,,,TIM 786-86T,BSP,Calculated,SW,Water,,,Clayton,07060004,River/Stream,,42.9304245,-91.38552335
6,15220018,Roberts Creek @ 206th St/B65 (RC02/ROB30),11/07/2000 11:25:00,BSP,NIT-ORGN,Organic Nitrogen (as N),Total,,1,mg/l,True,0.1,,,TIM 786-86T,BSP,Calculated,SW,Water,,,Clayton,07060004,River/Stream,,42.9304245,-91.38552335
6,15220018,Roberts Creek @ 206th St/B65 (RC02/ROB30),10/10/2000 11:00:00,BSP,NIT-ORGN,Organic Nitrogen (as N),Total,,0.4,mg/l,True,0.1,,,TIM 786-86T,BSP,Calculated,SW,Water,,,Clayton,07060004,River/Stream,,42.9304245,-91.38552335
6,15220018,Roberts Creek @ 206th St/B65 (RC02/ROB30),09/26/2000 11:45:00,BSP,NIT-ORGN,Organic Nitrogen (as N),Total,,0.3,mg/l,True,0.1,,,TIM 786-86T,BSP,Calculated,SW,Water,,,Clayton,07060004,River/Stream,,42.9304245,-91.38552335
6,15220018,Roberts Creek @ 206th St/B65 (RC02/ROB30),09/19/2000 10:45:00,BSP,NIT-ORGN,Organic Nitrogen (as N),Total,,0.3,mg/l,True,0.1,,,TIM 786-86T,BSP,Calculated,SW,Water,,,Clayton,07060004,River/Stream,,42.9304245,-91.38552335
6,15220018,Roberts Creek @ 206th St/B65 (RC02/ROB30),09/05/2000 10:40:00,BSP,NIT-ORGN,Organic Nitrogen (as N),Total,,0.6,mg/l,True,0.1,,,TIM 786-86T,BSP,Calculated,SW,Water,,,Clayton,07060004,River/Stream,,42.9304245,-91.38552335
6,15220018,Roberts Creek @ 206th St/B65 (RC02/ROB30),08/29/2000 11:45:00,BSP,NIT-ORGN,Organic Nitrogen (as N),Total,,0.4,mg/l,True,0.1,,,TIM 786-86T,BSP,Calculated,SW,Water,,,Clayton,07060004,River/Stream,,42.9304245,-91.38552335
6,15220018,Roberts Creek @ 206th St/B65 (RC02/ROB30),08/08/2000 10:50:00,BSP,NIT-ORGN,Organic Nitrogen (as N),Total,,0.9,mg/l,True,0.1,,,TIM 786-86T,BSP,Calculated,SW,Water,,,Clayton,07060004,River/Stream,,42.9304245,-91.38552335
6,15220018,Roberts Creek @ 206th St/B65 (RC02/ROB30),07/25/2000 10:50:00,BSP,NIT-ORGN,Organic Nitrogen (as N),Total,,0.3,mg/l,True,0.1,,,TIM 786-86T,BSP,Calculated,SW,Water,,,Clayton,07060004,River/Stream,,42.9304245,-91.38552335
6,15220018,Roberts Creek @ 206th St/B65 (RC02/ROB30),06/27/2000 11:35:00,BSP,NIT-ORGN,Organic Nitrogen (as N),Total,,0.8,mg/l,True,0.1,,,TIM 786-86T,BSP,Calculated,SW,Water,,,Clayton,07060004,River/Stream,,42.9304245,-91.38552335
6,15220018,Roberts Creek @ 206th St/B65 (RC02/ROB30),07/18/2000 11:15:00,BSP,NIT-ORGN,Organic Nitrogen (as N),Total,,0.6,mg/l,True,0.1,,,TIM 786-86T,BSP,Calculated,SW,Water,,,Clayton,07060004,River/Stream,,42.9304245,-91.38552335
6,15220018,Roberts Creek @ 206th St/B65 (RC02/ROB30),06/06/2000 10:30:00,BSP,NIT-ORGN,Organic Nitrogen (as N),Total,,1.7,mg/l,True,0.1,,,TIM 786-86T,BSP,Calculated,SW,Water,,,Clayton,07060004,River/Stream,,42.9304245,-91.38552335
6,15220018,Roberts Creek @ 206th St/B65 (RC02/ROB30),05/16/2000 10:45:00,BSP,NIT-ORGN,Organic Nitrogen (as N),Total,,0.7,mg/l,True,0.1,,,TIM 786-86T,BSP,Calculated,SW,Water,,,Clayton,07060004,River/Stream,,42.9304245,-91.38552335
6,15220018,Roberts Creek @ 206th St/B65 (RC02/ROB30),04/25/2000 11:55:00,BSP,NIT-ORGN,Organic Nitrogen (as N),Total,,0.4,mg/l,True,0.1,,,TIM 786-86T,BSP,Calculated,SW,Water,,,Clayton,07060004,River/Stream,,42.9304245,-91.38552335
6,15220018,Roberts Creek @ 206th St/B65 (RC02/ROB30),04/04/2000 11:10:00,BSP,NIT-ORGN,Organic Nitrogen (as N),Total,,0.4,mg/l,True,0.1,,,TIM 786-86T,BSP,Calculated,SW,Water,,,Clayton,07060004,River/Stream,,42.9304245,-91.38552335
6,15220018,Roberts Creek @ 206th St/B65 (RC02/ROB30),03/14/2000 11:20:00,BSP,NIT-ORGN,Organic Nitrogen (as N),Total,,0.9,mg/l,True,0.1,,,TIM 786-86T,BSP,Calculated,SW,Water,,,Clayton,07060004,River/Stream,,42.9304245,-91.38552335
6,15220018,Roberts Creek @ 206th St/B65 (RC02/ROB30),03/07/2000 10:20:00,BSP,NIT-ORGN,Organic Nitrogen (as N),Total,,0.7,mg/l,True,0.1,,,TIM 786-86T,BSP,Calculated,SW,Water,,,Clayton,07060004,River/Stream,,42.9304245,-91.38552335
6,15220018,Roberts Creek @ 206th St/B65 (RC02/ROB30),02/22/2000 11:30:00,BSP,NIT-ORGN,Organic Nitrogen (as N),Total,,0.1,mg/l,True,0.1,,,TIM 786-86T,BSP,Calculated,SW,Water,,,Clayton,07060004,River/Stream,,42.9304245,-91.38552335
6,15220018,Roberts Creek @ 206th St/B65 (RC02/ROB30),02/15/2000 11:20:00,BSP,NIT-ORGN,Organic Nitrogen (as N),Total,,0.1,mg/l,True,0.1,,,TIM 786-86T,BSP,Calculated,SW,Water,,,Clayton,07060004,River/Stream,,42.9304245,-91.38552335
6,15220018,Roberts Creek @ 206th St/B65 (RC02/ROB30),02/01/2000 10:50:00,BSP,NIT-ORGN,Organic Nitrogen (as N),Total,,0.1,mg/l,True,0.1,,,TIM 786-86T,BSP,Calculated,SW,Water,,,Clayton,07060004,River/Stream,,42.9304245,-91.38552335
6,15220018,Roberts Creek @ 206th St/B65 (RC02/ROB30),01/25/2000 11:15:00,BSP,NIT-ORGN,Organic Nitrogen (as N),Total,,0.3,mg/l,True,0.1,,,TIM 786-86T,BSP,Calculated,SW,Water,,,Clayton,07060004,River/Stream,,42.9304245,-91.38552335
6,15220018,Roberts Creek @ 206th St/B65 (RC02/ROB30),12/14/1999 11:15:00,BSP,NIT-ORGN,Organic Nitrogen (as N),Total,,0.3,mg/l,True,0.1,,,TIM 786-86T,BSP,Calculated,SW,Water,,,Clayton,07060004,River/Stream,,42.9304245,-91.38552335
6,15220018,Roberts Creek @ 206th St/B65 (RC02/ROB30),01/04/2000 09:55:00,BSP,NIT-ORGN,Organic Nitrogen (as N),Total,,0.3,mg/l,True,0.1,,,TIM 786-86T,BSP,Calculated,SW,Water,,,Clayton,07060004,River/Stream,,42.9304245,-91.38552335
6,15220018,Roberts Creek @ 206th St/B65 (RC02/ROB30),11/23/1999 10:25:00,BSP,NIT-ORGN,Organic Nitrogen (as N),Total,,0.7,mg/l,True,0.1,,,TIM 786-86T,BSP,Calculated,SW,Water,,,Clayton,07060004,River/Stream,,42.9304245,-91.38552335
6,15220018,Roberts Creek @ 206th St/B65 (RC02/ROB30),11/02/1999 11:20:00,BSP,NIT-ORGN,Organic Nitrogen (as N),Total,,0.8,mg/l,True,0.1,,,TIM 786-86T,BSP,Calculated,SW,Water,,,Clayton,07060004,River/Stream,,42.9304245,-91.38552335
6,15220018,Roberts Creek @ 206th St/B65 (RC02/ROB30),10/12/1999 10:35:00,BSP,NIT-ORGN,Organic Nitrogen (as N),Total,,0.5,mg/l,True,0.1,,,TIM 786-86T,BSP,Calculated,SW,Water,,,Clayton,07060004,River/Stream,,42.9304245,-91.38552335
6,15220018,Roberts Creek @ 206th St/B65 (RC02/ROB30),10/05/1999 13:15:00,BSP,NIT-ORGN,Organic Nitrogen (as N),Total,,0.7,mg/l,True,0.1,,,TIM 786-86T,BSP,Calculated,SW,Water,,,Clayton,07060004,River/Stream,,42.9304245,-91.38552335
6,15220018,Roberts Creek @ 206th St/B65 (RC02/ROB30),08/14/2001 12:00:00,BSP,NIT-ORGN,Organic Nitrogen (as N),Total,,3.34,mg/l,True,,,,LAC10-107-06-5A,BSP,Calculated,SW,Water,,,Clayton,07060004,River/Stream,,42.9304245,-91.38552335
6,15220018,Roberts Creek @ 206th St/B65 (RC02/ROB30),09/04/2001 10:20:00,BSP,NIT-ORGN,Organic Nitrogen (as N),Total,,2.4,mg/l,True,,,,LAC10-107-06-5A,BSP,Calculated,SW,Water,,,Clayton,07060004,River/Stream,,42.9304245,-91.38552335
6,15220018,Roberts Creek @ 206th St/B65 (RC02/ROB30),07/24/2001 10:45:00,BSP,NIT-ORGN,Organic Nitrogen (as N),Total,,2.4,mg/l,True,0.1,,,TIM 786-86T,BSP,Calculated,SW,Water,,,Clayton,07060004,River/Stream,,42.9304245,-91.38552335
6,15220018,Roberts Creek @ 206th St/B65 (RC02/ROB30),07/03/2001 10:05:00,BSP,NIT-ORGN,Organic Nitrogen (as N),Total,,0.5,mg/l,True,0.1,,,TIM 786-86T,BSP,Calculated,SW,Water,,,Clayton,07060004,River/Stream,,42.9304245,-91.38552335
6,15220018,Roberts Creek @ 206th St/B65 (RC02/ROB30),09/25/2001 11:30:00,BSP,NIT-ORGN,Organic Nitrogen (as N),Total,,0.72,mg/l,True,,,,LAC10-107-06-5A,BSP,Calculated,SW,Water,,,Clayton,07060004,River/Stream,,42.9304245,-91.38552335
6,15220018,Roberts Creek @ 206th St/B65 (RC02/ROB30),09/12/2000 11:10:00,BSP,NIT-ORGN,Organic Nitrogen (as N),Total,,0.4,mg/l,True,0.1,,,TIM 786-86T,BSP,Calculated,SW,Water,,,Clayton,07060004,River/Stream,,42.9304245,-91.38552335
6,15220018,Roberts Creek @ 206th St/B65 (RC02/ROB30),04/18/2000 10:30:00,BSP,NIT-ORGN,Organic Nitrogen (as N),Total,,0.3,mg/l,True,0.1,,,TIM 786-86T,BSP,Calculated,SW,Water,,,Clayton,07060004,River/Stream,,42.9304245,-91.38552335
6,15220018,Roberts Creek @ 206th St/B65 (RC02/ROB30),05/02/2000 15:10:00,BSP,NIT-ORGN,Organic Nitrogen (as N),Total,,4.6,mg/l,True,0.1,,,TIM 786-86T,BSP,Calculated,SW,Water,,,Clayton,07060004,River/Stream,,42.9304245,-91.38552335
6,15220018,Roberts Creek @ 206th St/B65 (RC02/ROB30),04/11/2000 12:15:00,BSP,NIT-ORGN,Organic Nitrogen (as N),Total,,0.2,mg/l,True,0.1,,,TIM 786-86T,BSP,Calculated,SW,Water,,,Clayton,07060004,River/Stream,,42.9304245,-91.38552335
6,15220018,Roberts Creek @ 206th St/B65 (RC02/ROB30),03/28/2000 12:00:00,BSP,NIT-ORGN,Organic Nitrogen (as N),Total,,0.7,mg/l,True,0.1,,,TIM 786-86T,BSP,Calculated,SW,Water,,,Clayton,07060004,River/Stream,,42.9304245,-91.38552335
6,15220018,Roberts Creek @ 206th St/B65 (RC02/ROB30),02/08/2000 11:10:00,BSP,NIT-ORGN,Organic Nitrogen (as N),Total,,0.1,mg/l,False,0.1,,,TIM 786-86T,BSP,Calculated,SW,Water,,,Clayton,07060004,River/Stream,,42.9304245,-91.38552335
6,15220018,Roberts Creek @ 206th St/B65 (RC02/ROB30),02/29/2000 11:20:00,BSP,NIT-ORGN,Organic Nitrogen (as N),Total,,0.8,mg/l,True,0.1,,,TIM 786-86T,BSP,Calculated,SW,Water,,,Clayton,07060004,River/Stream,,42.9304245,-91.38552335
6,15220018,Roberts Creek @ 206th St/B65 (RC02/ROB30),03/21/2000 11:00:00,BSP,NIT-ORGN,Organic Nitrogen (as N),Total,,0.4,mg/l,True,0.1,,,TIM 786-86T,BSP,Calculated,SW,Water,,,Clayton,07060004,River/Stream,,42.9304245,-91.38552335
6,15220018,Roberts Creek @ 206th St/B65 (RC02/ROB30),01/11/2000 11:45:00,BSP,NIT-ORGN,Organic Nitrogen (as N),Total,,0.4,mg/l,True,0.1,,,TIM 786-86T,BSP,Calculated,SW,Water,,,Clayton,07060004,River/Stream,,42.9304245,-91.38552335
6,15220018,Roberts Creek @ 206th St/B65 (RC02/ROB30),01/18/2000 11:10:00,BSP,NIT-ORGN,Organic Nitrogen (as N),Total,,0.8,mg/l,True,0.1,,,TIM 786-86T,BSP,Calculated,SW,Water,,,Clayton,07060004,River/Stream,,42.9304245,-91.38552335
6,15220018,Roberts Creek @ 206th St/B65 (RC02/ROB30),12/21/1999 11:05:00,BSP,NIT-ORGN,Organic Nitrogen (as N),Total,,0.5,mg/l,True,0.1,,,TIM 786-86T,BSP,Calculated,SW,Water,,,Clayton,07060004,River/Stream,,42.9304245,-91.38552335
6,15220018,Roberts Creek @ 206th St/B65 (RC02/ROB30),12/28/1999 12:00:00,BSP,NIT-ORGN,Organic Nitrogen (as N),Total,,0.5,mg/l,True,0.1,,,TIM 786-86T,BSP,Calculated,SW,Water,,,Clayton,07060004,River/Stream,,42.9304245,-91.38552335
6,15220018,Roberts Creek @ 206th St/B65 (RC02/ROB30),12/07/1999 11:20:00,BSP,NIT-ORGN,Organic Nitrogen (as N),Total,,0.4,mg/l,True,0.1,,,TIM 786-86T,BSP,Calculated,SW,Water,,,Clayton,07060004,River/Stream,,42.9304245,-91.38552335
6,15220018,Roberts Creek @ 206th St/B65 (RC02/ROB30),11/30/1999 11:50:00,BSP,NIT-ORGN,Organic Nitrogen (as N),Total,,0.9,mg/l,True,0.1,,,TIM 786-86T,BSP,Calculated,SW,Water,,,Clayton,07060004,River/Stream,,42.9304245,-91.38552335
6,15220018,Roberts Creek @ 206th St/B65 (RC02/ROB30),11/09/1999 11:40:00,BSP,NIT-ORGN,Organic Nitrogen (as N),Total,,0.3,mg/l,True,0.1,,,TIM 786-86T,BSP,Calculated,SW,Water,,,Clayton,07060004,River/Stream,,42.9304245,-91.38552335
6,15220018,Roberts Creek @ 206th St/B65 (RC02/ROB30),11/16/1999 10:55:00,BSP,NIT-ORGN,Organic Nitrogen (as N),Total,,0.3,mg/l,True,0.1,,,TIM 786-86T,BSP,Calculated,SW,Water,,,Clayton,07060004,River/Stream,,42.9304245,-91.38552335
6,15220018,Roberts Creek @ 206th St/B65 (RC02/ROB30),10/26/1999 11:05:00,BSP,NIT-ORGN,Organic Nitrogen (as N),Total,,0.6,mg/l,True,0.1,,,TIM 786-86T,BSP,Calculated,SW,Water,,,Clayton,07060004,River/Stream,,42.9304245,-91.38552335
6,15220018,Roberts Creek @ 206th St/B65 (RC02/ROB30),10/19/1999 11:45:00,BSP,NIT-ORGN,Organic Nitrogen (as N),Total,,0.6,mg/l,True,0.1,,,TIM 786-86T,BSP,Calculated,SW,Water,,,Clayton,07060004,River/Stream,,42.9304245,-91.38552335
6,15220018,Roberts Creek @ 206th St/B65 (RC02/ROB30),09/11/2001 11:45:00,BSP,NIT-ORGN,Organic Nitrogen (as N),Total,,2.2,mg/l,True,,,,LAC10-107-06-5A,BSP,Calculated,SW,Water,,,Clayton,07060004,River/Stream,,42.9304245,-91.38552335
6,15220018,Roberts Creek @ 206th St/B65 (RC02/ROB30),09/18/2001 10:20:00,BSP,NIT-ORGN,Organic Nitrogen (as N),Total,,1,mg/l,True,,,,LAC10-107-06-5A,BSP,Calculated,SW,Water,,,Clayton,07060004,River/Stream,,42.9304245,-91.38552335
6,15220018,Roberts Creek @ 206th St/B65 (RC02/ROB30),08/21/2001 10:25:00,BSP,NIT-ORGN,Organic Nitrogen (as N),Total,,3.24,mg/l,True,0.1,,,TIM 786-86T,BSP,Calculated,SW,Water,,,Clayton,07060004,River/Stream,,42.9304245,-91.38552335
6,15220018,Roberts Creek @ 206th St/B65 (RC02/ROB30),08/28/2001 11:45:00,BSP,NIT-ORGN,Organic Nitrogen (as N),Total,,2.21,mg/l,True,,,,LAC10-107-06-5A,BSP,Calculated,SW,Water,,,Clayton,07060004,River/Stream,,42.9304245,-91.38552335
6,15220018,Roberts Creek @ 206th St/B65 (RC02/ROB30),08/07/2001 10:30:00,BSP,NIT-ORGN,Organic Nitrogen (as N),Total,,2.9,mg/l,True,,,,LAC10-107-06-5A,BSP,Calculated,SW,Water,,,Clayton,07060004,River/Stream,,42.9304245,-91.38552335
6,15220018,Roberts Creek @ 206th St/B65 (RC02/ROB30),07/31/2001 12:10:00,BSP,NIT-ORGN,Organic Nitrogen (as N),Total,,5.8,mg/l,True,0.1,,,TIM 786-86T,BSP,Calculated,SW,Water,,,Clayton,07060004,River/Stream,,42.9304245,-91.38552335
6,15220018,Roberts Creek @ 206th St/B65 (RC02/ROB30),04/17/2001 11:20:00,BSP,NIT-ORGN,Organic Nitrogen (as N),Total,,0.3,mg/l,True,0.1,,,TIM 786-86T,BSP,Calculated,SW,Water,,,Clayton,07060004,River/Stream,,42.9304245,-91.38552335
6,15220018,Roberts Creek @ 206th St/B65 (RC02/ROB30),03/27/2001 11:05:00,BSP,NIT-ORGN,Organic Nitrogen (as N),Total,,1.2,mg/l,True,0.1,,,TIM 786-86T,BSP,Calculated,SW,Water,,,Clayton,07060004,River/Stream,,42.9304245,-91.38552335
6,15220018,Roberts Creek @ 206th St/B65 (RC02/ROB30),03/06/2001 11:00:00,BSP,NIT-ORGN,Organic Nitrogen (as N),Total,,0.4,mg/l,True,0.1,,,TIM 786-86T,BSP,Calculated,SW,Water,,,Clayton,07060004,River/Stream,,42.9304245,-91.38552335
6,15220018,Roberts Creek @ 206th St/B65 (RC02/ROB30),02/13/2001 11:40:00,BSP,NIT-ORGN,Organic Nitrogen (as N),Total,,0.4,mg/l,True,0.1,,,TIM 786-86T,BSP,Calculated,SW,Water,,,Clayton,07060004,River/Stream,,42.9304245,-91.38552335
6,15220018,Roberts Creek @ 206th St/B65 (RC02/ROB30),01/02/2001 11:10:00,BSP,NIT-ORGN,Organic Nitrogen (as N),Total,,0.3,mg/l,True,0.1,,,TIM 786-86T,BSP,Calculated,SW,Water,,,Clayton,07060004,River/Stream,,42.9304245,-91.38552335
6,15220018,Roberts Creek @ 206th St/B65 (RC02/ROB30),12/26/2000 08:30:00,BSP,NIT-ORGN,Organic Nitrogen (as N),Total,,0.2,mg/l,True,0.1,,,TIM 786-86T,BSP,Calculated,SW,Water,,,Clayton,07060004,River/Stream,,42.9304245,-91.38552335
6,15220018,Roberts Creek @ 206th St/B65 (RC02/ROB30),12/12/2000 11:10:00,BSP,NIT-ORGN,Organic Nitrogen (as N),Total,,0.1,mg/l,False,0.1,,,TIM 786-86T,BSP,Calculated,SW,Water,,,Clayton,07060004,River/Stream,,42.9304245,-91.38552335
6,15220018,Roberts Creek @ 206th St/B65 (RC02/ROB30),12/05/2000 10:55:00,BSP,NIT-ORGN,Organic Nitrogen (as N),Total,,0.1,mg/l,False,0.1,,,TIM 786-86T,BSP,Calculated,SW,Water,,,Clayton,07060004,River/Stream,,42.9304245,-91.38552335
6,15220018,Roberts Creek @ 206th St/B65 (RC02/ROB30),11/21/2000 11:25:00,BSP,NIT-ORGN,Organic Nitrogen (as N),Total,,0.1,mg/l,False,0.1,,,TIM 786-86T,BSP,Calculated,SW,Water,,,Clayton,07060004,River/Stream,,42.9304245,-91.38552335
6,15220018,Roberts Creek @ 206th St/B65 (RC02/ROB30),11/14/2000 11:00:00,BSP,NIT-ORGN,Organic Nitrogen (as N),Total,,0.1,mg/l,False,0.1,,,TIM 786-86T,BSP,Calculated,SW,Water,,,Clayton,07060004,River/Stream,,42.9304245,-91.38552335
6,15220018,Roberts Creek @ 206th St/B65 (RC02/ROB30),10/31/2000 11:10:00,BSP,NIT-ORGN,Organic Nitrogen (as N),Total,,0.1,mg/l,True,0.1,,,TIM 786-86T,BSP,Calculated,SW,Water,,,Clayton,07060004,River/Stream,,42.9304245,-91.38552335
6,15220018,Roberts Creek @ 206th St/B65 (RC02/ROB30),10/24/2000 11:45:00,BSP,NIT-ORGN,Organic Nitrogen (as N),Total,,0.3,mg/l,True,0.1,,,TIM 786-86T,BSP,Calculated,SW,Water,,,Clayton,07060004,River/Stream,,42.9304245,-91.38552335
6,15220018,Roberts Creek @ 206th St/B65 (RC02/ROB30),08/01/2000 12:10:00,BSP,NIT-ORGN,Organic Nitrogen (as N),Total,,0.9,mg/l,True,0.1,,,TIM 786-86T,BSP,Calculated,SW,Water,,,Clayton,07060004,River/Stream,,42.9304245,-91.38552335
6,15220018,Roberts Creek @ 206th St/B65 (RC02/ROB30),10/03/2000 11:00:00,BSP,NIT-ORGN,Organic Nitrogen (as N),Total,,0.5,mg/l,True,0.1,,,TIM 786-86T,BSP,Calculated,SW,Water,,,Clayton,07060004,River/Stream,,42.9304245,-91.38552335
6,15220018,Roberts Creek @ 206th St/B65 (RC02/ROB30),05/30/2000 11:50:00,BSP,NIT-ORGN,Organic Nitrogen (as N),Total,,0.8,mg/l,True,0.1,,,TIM 786-86T,BSP,Calculated,SW,Water,,,Clayton,07060004,River/Stream,,42.9304245,-91.38552335
6,15220018,Roberts Creek @ 206th St/B65 (RC02/ROB30),06/13/2000 11:40:00,BSP,NIT-ORGN,Organic Nitrogen (as N),Total,,0.2,mg/l,True,0.1,,,TIM 786-86T,BSP,Calculated,SW,Water,,,Clayton,07060004,River/Stream,,42.9304245,-91.38552335
6,15220018,Roberts Creek @ 206th St/B65 (RC02/ROB30),05/23/2000 11:00:00,BSP,NIT-ORGN,Organic Nitrogen (as N),Total,,0.7,mg/l,True,0.1,,,TIM 786-86T,BSP,Calculated,SW,Water,,,Clayton,07060004,River/Stream,,42.9304245,-91.38552335
6,15220018,Roberts Creek @ 206th St/B65 (RC02/ROB30),05/09/2000 11:25:00,BSP,NIT-ORGN,Organic Nitrogen (as N),Total,,1.8,mg/l,True,0.1,,,TIM 786-86T,BSP,Calculated,SW,Water,,,Clayton,07060004,River/Stream,,42.9304245,-91.38552335
6,15220018,Roberts Creek @ 206th St/B65 (RC02/ROB30),07/11/2000 10:50:00,BSP,NIT-ORGN,Organic Nitrogen (as N),Total,,1.3,mg/l,True,0.1,,,TIM 786-86T,BSP,Calculated,SW,Water,,,Clayton,07060004,River/Stream,,42.9304245,-91.38552335
6,15220018,Roberts Creek @ 206th St/B65 (RC02/ROB30),07/04/2000 11:10:00,BSP,NIT-ORGN,Organic Nitrogen (as N),Total,,1.1,mg/l,True,0.1,,,TIM 786-86T,BSP,Calculated,SW,Water,,,Clayton,07060004,River/Stream,,42.9304245,-91.38552335
6,15220018,Roberts Creek @ 206th St/B65 (RC02/ROB30),06/05/2001 10:55:00,BSP,NIT-ORGN,Organic Nitrogen (as N),Total,,0.3,mg/l,True,0.1,,,TIM 786-86T,BSP,Calculated,SW,Water,,,Clayton,07060004,River/Stream,,42.9304245,-91.38552335
6,15220018,Roberts Creek @ 206th St/B65 (RC02/ROB30),06/19/2001 10:55:00,BSP,NIT-ORGN,Organic Nitrogen (as N),Total,,1.5,mg/l,True,0.1,,,TIM 786-86T,BSP,Calculated,SW,Water,,,Clayton,07060004,River/Stream,,42.9304245,-91.38552335
6,15220018,Roberts Creek @ 206th St/B65 (RC02/ROB30),05/29/2001 10:45:00,BSP,NIT-ORGN,Organic Nitrogen (as N),Total,,1.5,mg/l,True,0.1,,,TIM 786-86T,BSP,Calculated,SW,Water,,,Clayton,07060004,River/Stream,,42.9304245,-91.38552335
6,15220018,Roberts Creek @ 206th St/B65 (RC02/ROB30),05/15/2001 10:30:00,BSP,NIT-ORGN,Organic Nitrogen (as N),Total,,1.2,mg/l,True,0.1,,,TIM 786-86T,BSP,Calculated,SW,Water,,,Clayton,07060004,River/Stream,,42.9304245,-91.38552335
6,15220018,Roberts Creek @ 206th St/B65 (RC02/ROB30),05/08/2001 11:35:00,BSP,NIT-ORGN,Organic Nitrogen (as N),Total,,1,mg/l,True,0.1,,,TIM 786-86T,BSP,Calculated,SW,Water,,,Clayton,07060004,River/Stream,,42.9304245,-91.38552335
6,15220018,Roberts Creek @ 206th St/B65 (RC02/ROB30),01/23/2001 11:00:00,BSP,NIT-ORGN,Organic Nitrogen (as N),Total,,0.2,mg/l,True,0.1,,,TIM 786-86T,BSP,Calculated,SW,Water,,,Clayton,07060004,River/Stream,,42.9304245,-91.38552335
6,15220018,Roberts Creek @ 206th St/B65 (RC02/ROB30),01/16/2001 10:55:00,BSP,NIT-ORGN,Organic Nitrogen (as N),Total,,0.1,mg/l,False,0.1,,,TIM 786-86T,BSP,Calculated,SW,Water,,,Clayton,07060004,River/Stream,,42.9304245,-91.38552335
6,15220018,Roberts Creek @ 206th St/B65 (RC02/ROB30),06/26/2001 10:45:00,BSP,NIT-ORGN,Organic Nitrogen (as N),Total,,0.4,mg/l,True,0.1,,,TIM 786-86T,BSP,Calculated,SW,Water,,,Clayton,07060004,River/Stream,,42.9304245,-91.38552335
6,15220018,Roberts Creek @ 206th St/B65 (RC02/ROB30),07/10/2001 10:25:00,BSP,NIT-ORGN,Organic Nitrogen (as N),Total,,0.7,mg/l,True,0.1,,,TIM 786-86T,BSP,Calculated,SW,Water,,,Clayton,07060004,River/Stream,,42.9304245,-91.38552335
6,15220018,Roberts Creek @ 206th St/B65 (RC02/ROB30),07/17/2001 10:50:00,BSP,NIT-ORGN,Organic Nitrogen (as N),Total,,1,mg/l,True,0.1,,,TIM 786-86T,BSP,Calculated,SW,Water,,,Clayton,07060004,River/Stream,,42.9304245,-91.38552335
6,15220018,Roberts Creek @ 206th St/B65 (RC02/ROB30),07/16/1996 10:30:00,BSP,NIT-ORGN,Organic Nitrogen (as N),Total,,0.7,mg/l,True,0.1,,,TIM 786-86T,BSP,Calculated,SW,Water,,,Clayton,07060004,River/Stream,,42.9304245,-91.38552335
6,15220028,Silver Creek @ Dogwood Ave (L23S),07/16/1996 11:45:00,BSP,NIT-ORGN,Organic Nitrogen (as N),Total,,3.6,mg/l,True,0.1,,,TIM 786-86T,BSP,Calculated,SW,Water,,,Clayton,07060004,River/Stream,,43.0217763,-91.4894189
6,11220012,Peck Creek near Osterdock (Site 326),04/10/2013 10:40:00,TURKEYR,PHOSP-PHOSP,Phosphate-phosphorus (AS P),Total,,0.55,mg/l,True,0.05,,,LAC10-115-01-1C,UHL001,Actual,SW,Water,,,Clayton,07060004,River/Stream,,42.723821,-91.144286
6,11220009,Bear Creek W of Elkport (37),05/01/2013 13:08:00,TURKEYR,PHOSP-PHOSP,Phosphate-phosphorus (AS P),Total,,0.15,mg/l,True,0.02,,,LAC10-115-01-1D,UHL001,Actual,SW,Water,,,Clayton,07060004,River/Stream,,42.7369562,-91.3245041
6,14000122,Silver Creek at Dove Ave (SIL50),05/01/2013 08:20:00,TURKEYR,PHOSP-PHOSP,Phosphate-phosphorus (AS P),Total,,0.06,mg/l,True,0.02,,,LAC10-115-01-1D,UHL001,Actual,SW,Water,,,Clayton,07060004,River/Stream,,43.017,-91.469
6,11220012,Peck Creek near Osterdock (Site 326),05/01/2013 13:00:00,TURKEYR,PHOSP-PHOSP,Phosphate-phosphorus (AS P),Total,,0.05,mg/l,True,0.02,,,LAC10-115-01-1D,UHL001,Actual,SW,Water,,,Clayton,07060004,River/Stream,,42.723821,-91.144286
6,11220014,Silver Creek at 172nd St. (Site SC04/SiCr1),10/03/2012 10:35:00,TURKEYR,PHOSP-PHOSP,Phosphate-phosphorus (as P),Total,,0.58,mg/l,True,0.05,,,LAC10-115-01-1C,IGS-GRAB,Actual,SW,Water,,,Clayton,07060004,River/Stream,,42.973151,-91.441907
6,11220009,Bear Creek W of Elkport (37),08/01/2012 07:14:00,TURKEYR,PHOSP-PHOSP,Phosphate-phosphorus (as P),Total,,0.08,mg/l,True,0.02,,,LAC10-115-01-1D,IGS-GRAB,Actual,SW,Water,,,Clayton,07060004,River/Stream,,42.7369562,-91.3245041
6,11220009,Bear Creek W of Elkport (37),10/03/2012 11:00:00,TURKEYR,PHOSP-PHOSP,Phosphate-phosphorus (as P),Total,,0.06,mg/l,True,0.02,,,LAC10-115-01-1D,IGS-GRAB,Actual,SW,Water,,,Clayton,07060004,River/Stream,,42.7369562,-91.3245041
6,11220014,Silver Creek at 172nd St. (Site SC04/SiCr1),11/07/2012 12:00:00,TURKEYR,PHOSP-PHOSP,Phosphate-phosphorus (as P),Total,,0.15,mg/l,True,0.05,,,LAC10-115-01-1C,IGS-GRAB,Actual,SW,Water,,,Clayton,07060004,River/Stream,,42.973151,-91.441907
6,11220009,Bear Creek W of Elkport (37),06/05/2013 10:00:00,TURKEYR,PHOSP-PHOSP,Phosphate-phosphorus (AS P),Total,,0.13,mg/l,True,0.02,,,LAC10-115-01-1D,UHL001,Actual,SW,Water,,,Clayton,07060004,River/Stream,,42.7369562,-91.3245041
6,11220012,Peck Creek near Osterdock (Site 326),06/05/2013 10:10:00,TURKEYR,PHOSP-PHOSP,Phosphate-phosphorus (AS P),Total,,0.14,mg/l,True,0.02,,,LAC10-115-01-1D,UHL001,Actual,SW,Water,,,Clayton,07060004,River/Stream,,42.723821,-91.144286
6,11220009,Bear Creek W of Elkport (37),07/10/2013 08:48:00,TURKEYR,PHOSP-PHOSP,Phosphate-phosphorus (AS P),Total,,0.35,mg/l,True,0.02,,,LAC10-115-01-1D,UHL001,Actual,SW,Water,,,Clayton,07060004,River/Stream,,42.7369562,-91.3245041
6,14000122,Silver Creek at Dove Ave (SIL50),06/05/2013 11:28:00,TURKEYR,PHOSP-PHOSP,Phosphate-phosphorus (AS P),Total,,0.22,mg/l,True,0.02,,,LAC10-115-01-1D,UHL001,Actual,SW,Water,,,Clayton,07060004,River/Stream,,43.017,-91.469
6,11220014,Silver Creek at 172nd St. (Site SC04/SiCr1),06/05/2013 11:10:00,TURKEYR,PHOSP-PHOSP,Phosphate-phosphorus (AS P),Total,,0.44,mg/l,True,0.02,,,LAC10-115-01-1D,UHL001,Actual,SW,Water,,,Clayton,07060004,River/Stream,,42.973151,-91.441907
6,14000122,Silver Creek at Dove Ave (SIL50),07/10/2013 10:35:00,TURKEYR,PHOSP-PHOSP,Phosphate-phosphorus (AS P),Total,,0.09,mg/l,True,0.02,,,LAC10-115-01-1D,UHL001,Actual,SW,Water,,,Clayton,07060004,River/Stream,,43.017,-91.469
6,11220014,Silver Creek at 172nd St. (Site SC04/SiCr1),07/10/2013 11:10:00,TURKEYR,PHOSP-PHOSP,Phosphate-phosphorus (AS P),Total,,0.35,mg/l,True,0.02,,,LAC10-115-01-1D,UHL001,Actual,SW,Water,,,Clayton,07060004,River/Stream,,42.973151,-91.441907
6,11220012,Peck Creek near Osterdock (Site 326),07/10/2013 11:20:00,TURKEYR,PHOSP-PHOSP,Phosphate-phosphorus (AS P),Total,,0.1,mg/l,True,0.02,,,LAC10-115-01-1D,UHL001,Actual,SW,Water,,,Clayton,07060004,River/Stream,,42.723821,-91.144286
6,11220014,Silver Creek at 172nd St. (Site SC04/SiCr1),08/07/2013 08:45:00,TURKEYR,PHOSP-PHOSP,Phosphate-phosphorus (AS P),Total,,0.31,mg/l,True,0.02,,,LAC10-115-01-1D,UHL001,Actual,SW,Water,,,Clayton,07060004,River/Stream,,42.973151,-91.441907
6,14000122,Silver Creek at Dove Ave (SIL50),08/07/2013 09:00:00,TURKEYR,PHOSP-PHOSP,Phosphate-phosphorus (AS P),Total,,0.08,mg/l,True,0.02,,,LAC10-115-01-1D,UHL001,Actual,SW,Water,,,Clayton,07060004,River/Stream,,43.017,-91.469
6,11220009,Bear Creek W of Elkport (37),08/07/2013 09:30:00,TURKEYR,PHOSP-PHOSP,Phosphate-phosphorus (AS P),Total,,0.2,mg/l,True,0.02,,,LAC10-115-01-1D,UHL001,Actual,SW,Water,,,Clayton,07060004,River/Stream,,42.7369562,-91.3245041
6,14000122,Silver Creek at Dove Ave (SIL50),09/04/2013 09:00:00,TURKEYR,PHOSP-PHOSP,Phosphate-phosphorus (AS P),Total,,0.07,mg/l,True,0.02,,,LAC10-115-01-1D,UHL001,Actual,SW,Water,,,Clayton,07060004,River/Stream,,43.017,-91.469
6,11220012,Peck Creek near Osterdock (Site 326),09/04/2013 14:00:00,TURKEYR,PHOSP-PHOSP,Phosphate-phosphorus (AS P),Total,,0.08,mg/l,True,0.02,,,LAC10-115-01-1D,UHL001,Actual,SW,Water,,,Clayton,07060004,River/Stream,,42.723821,-91.144286
6,11220009,Bear Creek W of Elkport (37),10/16/2013 09:40:00,TURKEYR,PHOSP-PHOSP,Phosphate-phosphorus (AS P),Total,,0.11,mg/l,True,0.02,,,LAC10-115-01-1D,UHL001,Actual,SW,Water,,,Clayton,07060004,River/Stream,,42.7369562,-91.3245041
6,11220012,Peck Creek near Osterdock (Site 326),10/16/2013 10:35:00,TURKEYR,PHOSP-PHOSP,Phosphate-phosphorus (AS P),Total,,0.05,mg/l,True,0.02,,,LAC10-115-01-1D,UHL001,Actual,SW,Water,,,Clayton,07060004,River/Stream,,42.723821,-91.144286
6,14000122,Silver Creek at Dove Ave (SIL50),10/16/2013 09:20:00,TURKEYR,PHOSP-PHOSP,Phosphate-phosphorus (AS P),Total,,0.07,mg/l,True,0.02,,,LAC10-115-01-1D,UHL001,Actual,SW,Water,,,Clayton,07060004,River/Stream,,43.017,-91.469
6,11220009,Bear Creek W of Elkport (37),11/06/2013 11:17:00,TURKEYR,PHOSP-PHOSP,Phosphate-phosphorus (AS P),Total,,0.13,mg/l,True,0.02,,,LAC10-115-01-1D,UHL001,Actual,SW,Water,,,Clayton,07060004,River/Stream,,42.7369562,-91.3245041
6,14000122,Silver Creek at Dove Ave (SIL50),11/06/2013 08:45:00,TURKEYR,PHOSP-PHOSP,Phosphate-phosphorus (AS P),Total,,0.6,mg/l,True,0.05,,,LAC10-115-01-1C,UHL001,Actual,SW,Water,,,Clayton,07060004,River/Stream,,43.017,-91.469
6,11220014,Silver Creek at 172nd St. (Site SC04/SiCr1),11/06/2013 08:30:00,TURKEYR,PHOSP-PHOSP,Phosphate-phosphorus (AS P),Total,,0.47,mg/l,True,0.02,,,LAC10-115-01-1D,UHL001,Actual,SW,Water,,,Clayton,07060004,River/Stream,,42.973151,-91.441907
6,11220013,Peck Creek near Osterdock (Site PeC2),04/27/2011 13:15:00,TMDL,PHOSP-PHOSP,Phosphate-phosphorus (as P),Total,,0.15,mg/l,True,0.02,,,365.4,UHL001,Actual,SW,Water,,,Clayton,07060004,River/Stream,,42.714055,-91.153443
6,11220013,Peck Creek near Osterdock (Site PeC2),06/08/2011 08:45:00,TMDL,PHOSP-PHOSP,Phosphate-phosphorus (as P),Total,,0.09,mg/l,True,0.02,,,365.4,UHL001,Actual,SW,Water,,,Clayton,07060004,River/Stream,,42.714055,-91.153443
6,11220023,Peck Creek at Osterdock (site pecr3),06/08/2011 09:30:00,TMDL,PHOSP-PHOSP,Phosphate-phosphorus (as P),Total,,0.09,mg/l,True,0.02,,,365.4,UHL001,Actual,SW,Water,,,Clayton,07060004,River/Stream,,42.695322,-91.166768
6,11220013,Peck Creek near Osterdock (Site PeC2),06/22/2011 11:15:00,TMDL,PHOSP-PHOSP,Phosphate-phosphorus (as P),Total,,0.11,mg/l,True,0.02,,,365.4,UHL001,Actual,SW,Water,,,Clayton,07060004,River/Stream,,42.714055,-91.153443
6,11220023,Peck Creek at Osterdock (site pecr3),05/09/2011 08:45:00,TMDL,PHOSP-PHOSP,Phosphate-phosphorus (as P),Total,,0.03,mg/l,True,0.02,,,365.4,UHL001,Actual,SW,Water,,,Clayton,07060004,River/Stream,,42.695322,-91.166768
6,11220013,Peck Creek near Osterdock (Site PeC2),05/26/2011 08:50:00,TMDL,PHOSP-PHOSP,Phosphate-phosphorus (as P),Total,,0.07,mg/l,True,0.02,,,365.4,UHL001,Actual,SW,Water,,,Clayton,07060004,River/Stream,,42.714055,-91.153443
6,11220023,Peck Creek at Osterdock (site pecr3),07/11/2011 11:20:00,TMDL,PHOSP-PHOSP,Phosphate-phosphorus (as P),Total,,0.11,mg/l,True,0.02,,,365.4,UHL001,Actual,SW,Water,,,Clayton,07060004,River/Stream,,42.695322,-91.166768
6,11220023,Peck Creek at Osterdock (site pecr3),07/25/2011 11:20:00,TMDL,PHOSP-PHOSP,Phosphate-phosphorus (as P),Total,,0.07,mg/l,True,0.02,,,365.4,UHL001,Actual,SW,Water,,,Clayton,07060004,River/Stream,,42.695322,-91.166768
6,11220013,Peck Creek near Osterdock (Site PeC2),07/22/2011 11:44:00,TMDL,PHOSP-PHOSP,Phosphate-phosphorus (as P),Total,,0.86,mg/l,True,0.05,,,365.4,UHL002,Actual,SW,Water,,,Clayton,07060004,River/Stream,,42.714055,-91.153443
6,11220013,Peck Creek near Osterdock (Site PeC2),07/22/2011 07:11:00,TMDL,PHOSP-PHOSP,Phosphate-phosphorus (as P),Total,,2.1,mg/l,True,0.05,,,365.4,UHL002,Actual,SW,Water,,,Clayton,07060004,River/Stream,,42.714055,-91.153443
6,11220023,Peck Creek at Osterdock (site pecr3),09/07/2011 10:35:00,TMDL,PHOSP-PHOSP,Phosphate-phosphorus (as P),Total,,0.08,mg/l,True,0.02,,,365.4,UHL001,Actual,SW,Water,,,Clayton,07060004,River/Stream,,42.695322,-91.166768
6,11220013,Peck Creek near Osterdock (Site PeC2),08/24/2011 10:30:00,TMDL,PHOSP-PHOSP,Phosphate-phosphorus (as P),Total,,0.09,mg/l,True,0.02,,,365.4,UHL001,Actual,SW,Water,,,Clayton,07060004,River/Stream,,42.714055,-91.153443
6,11220013,Peck Creek near Osterdock (Site PeC2),08/08/2011 12:00:00,TMDL,PHOSP-PHOSP,Phosphate-phosphorus (as P),Total,,0.08,mg/l,True,0.02,,,365.4,UHL001,Actual,SW,Water,,,Clayton,07060004,River/Stream,,42.714055,-91.153443
6,11220014,Silver Creek at 172nd St. (Site SC04/SiCr1),11/02/2011 12:50:00,TURKEYR,PHOSP-PHOSP,Phosphate-phosphorus (as P),Total,,0.19,mg/l,True,0.02,,,365.4,IGS-GRAB,Actual,SW,Water,,,Clayton,07060004,River/Stream,,42.973151,-91.441907
6,11220012,Peck Creek near Osterdock (Site 326),10/05/2011 12:00:00,TURKEYR,PHOSP-PHOSP,Phosphate-phosphorus (as P),Total,,0.06,mg/l,True,0.02,,,365.4,IGS-GRAB,Actual,SW,Water,,,Clayton,07060004,River/Stream,,42.723821,-91.144286
6,11220014,Silver Creek at 172nd St. (Site SC04/SiCr1),09/07/2011 08:45:00,TURKEYR,PHOSP-PHOSP,Phosphate-phosphorus (as P),Total,,0.59,mg/l,True,0.05,,,365.4,IGS-GRAB,Actual,SW,Water,,,Clayton,07060004,River/Stream,,42.973151,-91.441907
6,11220014,Silver Creek at 172nd St. (Site SC04/SiCr1),06/01/2011 08:45:00,TURKEYR,PHOSP-PHOSP,Phosphate-phosphorus (as P),Total,,0.47,mg/l,True,0.02,,,365.4,IGS-GRAB,Actual,SW,Water,,,Clayton,07060004,River/Stream,,42.973151,-91.441907
6,11220012,Peck Creek near Osterdock (Site 326),07/06/2011 11:30:00,TURKEYR,PHOSP-PHOSP,Phosphate-phosphorus (as P),Total,,0.06,mg/l,True,0.02,,,365.4,IGS-GRAB,Actual,SW,Water,,,Clayton,07060004,River/Stream,,42.723821,-91.144286
6,11220012,Peck Creek near Osterdock (Site 326),06/01/2011 11:28:00,TURKEYR,PHOSP-PHOSP,Phosphate-phosphorus (as P),Total,,0.08,mg/l,True,0.02,,,365.4,IGS-GRAB,Actual,SW,Water,,,Clayton,07060004,River/Stream,,42.723821,-91.144286
6,11220013,Peck Creek near Osterdock (Site PeC2),10/24/2011 09:50:00,TMDL,PHOSP-PHOSP,Phosphate-phosphorus (as P),Total,,0.04,mg/l,True,0.02,,,365.4,UHL001,Actual,SW,Water,,,Clayton,07060004,River/Stream,,42.714055,-91.153443
6,11220012,Peck Creek near Osterdock (Site 326),05/04/2011 13:45:00,TURKEYR,PHOSP-PHOSP,Phosphate-phosphorus (as P),Total,,0.05,mg/l,True,0.02,,,365.4,IGS-GRAB,Actual,SW,Water,,,Clayton,07060004,River/Stream,,42.723821,-91.144286
6,11220023,Peck Creek at Osterdock (site pecr3),09/22/2011 09:15:00,TMDL,PHOSP-PHOSP,Phosphate-phosphorus (as P),Total,,0.07,mg/l,True,0.02,,,365.4,UHL001,Actual,SW,Water,,,Clayton,07060004,River/Stream,,42.695322,-91.166768
6,11220009,Bear Creek W of Elkport (37),05/02/2012 11:17:00,TURKEYR,PHOSP-PHOSP,Phosphate-phosphorus (as P),Total,,0.57,mg/l,True,0.05,,,LAC10-115-01-1C,IGS-GRAB,Actual,SW,Water,,,Clayton,07060004,River/Stream,,42.7369562,-91.3245041
6,11220009,Bear Creek W of Elkport (37),07/02/2012 09:20:00,TURKEYR,PHOSP-PHOSP,Phosphate-phosphorus (as P),Total,,0.12,mg/l,True,0.02,,,LAC10-115-01-1D,IGS-GRAB,Actual,SW,Water,,,Clayton,07060004,River/Stream,,42.7369562,-91.3245041
6,11220014,Silver Creek at 172nd St. (Site SC04/SiCr1),06/06/2012 14:06:00,TURKEYR,PHOSP-PHOSP,Phosphate-phosphorus (as P),Total,,0.47,mg/l,True,0.02,,,LAC10-115-01-1D,IGS-GRAB,Actual,SW,Water,,,Clayton,07060004,River/Stream,,42.973151,-91.441907
6,11220009,Bear Creek W of Elkport (37),09/05/2012 10:12:00,TURKEYR,PHOSP-PHOSP,Phosphate-phosphorus (as P),Total,,1.2,mg/l,True,0.05,,,LAC10-115-01-1C,IGS-GRAB,Actual,SW,Water,,,Clayton,07060004,River/Stream,,42.7369562,-91.3245041
6,11220009,Bear Creek W of Elkport (37),04/04/2012 11:05:00,TURKEYR,PHOSP-PHOSP,Phosphate-phosphorus (as P),Total,,0.06,mg/l,True,0.02,,,LAC10-115-01-1D,IGS-GRAB,Actual,SW,Water,,,Clayton,07060004,River/Stream,,42.7369562,-91.3245041
6,11220012,Peck Creek near Osterdock (Site 326),06/06/2012 13:20:00,TURKEYR,PHOSP-PHOSP,Phosphate-phosphorus (as P),Total,,0.07,mg/l,True,0.02,,,LAC10-115-01-1D,IGS-GRAB,Actual,SW,Water,,,Clayton,07060004,River/Stream,,42.723821,-91.144286
6,11220012,Peck Creek near Osterdock (Site 326),07/02/2012 11:00:00,TURKEYR,PHOSP-PHOSP,Phosphate-phosphorus (as P),Total,,0.09,mg/l,True,0.02,,,LAC10-115-01-1D,IGS-GRAB,Actual,SW,Water,,,Clayton,07060004,River/Stream,,42.723821,-91.144286
6,12220001,Miners Creek-Guttenburg,07/19/2012 07:30:00,TMDL,PHOSP-PHOSP,Phosphate-phosphorus (as P),Total,,0.11,mg/l,True,0.02,,,LAC10-115-01-1D,UHL001,Actual,SW,Water,,,Clayton,07060004,River/Stream,,42.788189,-91.125629
6,12220011,Buck Creek-Garnavillo (S.E. near Ceres),08/11/2011 10:45:00,AMBBIO,PHOSP-PHOSP,Phosphate-phosphorus (as P),Total,,0.08,mg/l,True,0.02,,,LAC10-115-01-1D,UHL001,Actual,SW,Water,,,Clayton,07060003,River/Stream,,42.8418987,-91.1678821
6,12220011,Buck Creek-Garnavillo (S.E. near Ceres),09/20/2011 10:30:00,AMBBIO,PHOSP-PHOSP,Phosphate-phosphorus (as P),Total,,0.06,mg/l,True,0.02,,,LAC10-115-01-1D,UHL001,Actual,SW,Water,,,Clayton,07060003,River/Stream,,42.8418987,-91.1678821
6,11220014,Silver Creek at 172nd St. (Site SC04/SiCr1),06/29/2006 09:05:00,TMDL,PHOSP-PHOSP,Phosphate-phosphorus (as P),Total,,0.61,mg/l,True,0.05,,,365.4,UHL001,Actual,SW,Water,,,Clayton,07060004,River/Stream,,42.973151,-91.441907
6,11220014,Silver Creek at 172nd St. (Site SC04/SiCr1),03/07/2007 11:15:00,TMDL,PHOSP-PHOSP,Phosphate-phosphorus (as P),Total,,0.42,mg/l,True,0.02,,,365.4,UHL001,Actual,SW,Water,,,Clayton,07060004,River/Stream,,42.973151,-91.441907
6,11220017,Silver Creek near Luana (Site SiCr4),03/21/2007 10:50:00,TMDL,PHOSP-PHOSP,Phosphate-phosphorus (as P),Total,,0.37,mg/l,True,0.02,,,365.4,UHL001,Actual,SW,Water,,,Clayton,07060004,River/Stream,,43.016854,-91.46942
6,11220014,Silver Creek at 172nd St. (Site SC04/SiCr1),04/03/2007 09:00:00,TMDL,PHOSP-PHOSP,Phosphate-phosphorus (as P),Total,,0.69,mg/l,True,0.05,,,365.4,UHL001,Actual,SW,Water,,,Clayton,07060004,River/Stream,,42.973151,-91.441907
6,11220018,Unnamed Tributary to Silver Creek near Luana (Site SiCr5),04/03/2007 10:30:00,TMDL,PHOSP-PHOSP,Phosphate-phosphorus (as P),Total,,0.99,mg/l,True,0.05,,,365.4,UHL001,Actual,SW,Water,,,Clayton,07060004,River/Stream,,43.042488,-91.441209
6,11220017,Silver Creek near Luana (Site SiCr4),04/17/2007 10:55:00,TMDL,PHOSP-PHOSP,Phosphate-phosphorus (as P),Total,,0.03,mg/l,True,0.02,,,365.4,UHL001,Actual,SW,Water,,,Clayton,07060004,River/Stream,,43.016854,-91.46942
6,11220018,Unnamed Tributary to Silver Creek near Luana (Site SiCr5),06/07/2007 10:45:00,TMDL,PHOSP-PHOSP,Phosphate-phosphorus (as P),Total,,2,mg/l,True,0.05,,,365.4,UHL001,Actual,SW,Water,,,Clayton,07060004,River/Stream,,43.042488,-91.441209
6,11220014,Silver Creek at 172nd St. (Site SC04/SiCr1),06/07/2007 11:30:00,TMDL,PHOSP-PHOSP,Phosphate-phosphorus (as P),Total,,0.33,mg/l,True,0.02,,,365.4,UHL001,Actual,SW,Water,,,Clayton,07060004,River/Stream,,42.973151,-91.441907
6,11220018,Unnamed Tributary to Silver Creek near Luana (Site SiCr5),06/20/2007 10:40:00,TMDL,PHOSP-PHOSP,Phosphate-phosphorus (as P),Total,,2.3,mg/l,True,0.05,,,365.4,UHL001,Actual,SW,Water,,,Clayton,07060004,River/Stream,,43.042488,-91.441209
6,11220014,Silver Creek at 172nd St. (Site SC04/SiCr1),06/20/2007 11:30:00,TMDL,PHOSP-PHOSP,Phosphate-phosphorus (as P),Total,,0.35,mg/l,True,0.02,,,365.4,UHL001,Actual,SW,Water,,,Clayton,07060004,River/Stream,,42.973151,-91.441907
6,11220014,Silver Creek at 172nd St. (Site SC04/SiCr1),09/06/2007 10:30:00,TMDL,PHOSP-PHOSP,Phosphate-phosphorus (as P),Total,,0.36,mg/l,True,0.02,,,365.4,UHL001,Actual,SW,Water,,,Clayton,07060004,River/Stream,,42.973151,-91.441907
6,11220021,Creamery Effluent at Highway 52 near Luana,07/16/2008 11:00:00,TMDL,PHOSP-PHOSP,Phosphate-phosphorus (as P),Total,,3,mg/l,True,0.02,,,365.4,UHL001,Actual,SW,Water,,,Clayton,07060004,River/Stream,,43.051165,-91.439633
6,11220014,Silver Creek at 172nd St. (Site SC04/SiCr1),07/31/2008 09:50:00,TMDL,PHOSP-PHOSP,Phosphate-phosphorus (as P),Total,,1.6,mg/l,True,0.05,,,365.4,UHL001,Actual,SW,Water,,,Clayton,07060004,River/Stream,,42.973151,-91.441907
6,11220014,Silver Creek at 172nd St. (Site SC04/SiCr1),07/16/2008 12:15:00,TMDL,PHOSP-PHOSP,Phosphate-phosphorus (as P),Total,,0.28,mg/l,True,0.02,,,365.4,UHL001,Actual,SW,Water,,,Clayton,07060004,River/Stream,,42.973151,-91.441907
6,11220021,Creamery Effluent at Highway 52 near Luana,07/31/2008 10:30:00,TMDL,PHOSP-PHOSP,Phosphate-phosphorus (as P),Total,,3.2,mg/l,True,0.05,,,365.4,UHL001,Actual,SW,Water,,,Clayton,07060004,River/Stream,,43.051165,-91.439633
6,11220018,Unnamed Tributary to Silver Creek near Luana (Site SiCr5),08/11/2008 10:00:00,TMDL,PHOSP-PHOSP,Phosphate-phosphorus (as P),Total,,3.8,mg/l,True,0.05,,,365.4,UHL001,Actual,SW,Water,,,Clayton,07060004,River/Stream,,43.042488,-91.441209
6,11220014,Silver Creek at 172nd St. (Site SC04/SiCr1),08/11/2008 08:30:00,TMDL,PHOSP-PHOSP,Phosphate-phosphorus (as P),Total,,0.29,mg/l,True,0.02,,,365.4,UHL001,Actual,SW,Water,,,Clayton,07060004,River/Stream,,42.973151,-91.441907
6,11220014,Silver Creek at 172nd St. (Site SC04/SiCr1),08/27/2008 08:25:00,TMDL,PHOSP-PHOSP,Phosphate-phosphorus (as P),Total,,0.35,mg/l,True,0.02,,,365.4,UHL001,Actual,SW,Water,,,Clayton,07060004,River/Stream,,42.973151,-91.441907
6,11220022,Roberts Creek near Postville (site rob1),08/13/2008 08:50:00,TMDL,PHOSP-PHOSP,Phosphate-phosphorus (as P),Total,,0.16,mg/l,True,0.02,,,365.4,UHL001,Actual,SW,Water,,,Clayton,07060004,River/Stream,,43.051131,-91.555721
6,11220021,Creamery Effluent at Highway 52 near Luana,09/11/2008 11:10:00,TMDL,PHOSP-PHOSP,Phosphate-phosphorus (as P),Total,,5,mg/l,True,0.05,,,365.4,UHL001,Actual,SW,Water,,,Clayton,07060004,River/Stream,,43.051165,-91.439633
6,11220018,Unnamed Tributary to Silver Creek near Luana (Site SiCr5),08/27/2008 09:40:00,TMDL,PHOSP-PHOSP,Phosphate-phosphorus (as P),Total,,3.6,mg/l,True,0.05,,,365.4,UHL001,Actual,SW,Water,,,Clayton,07060004,River/Stream,,43.042488,-91.441209
6,11220018,Unnamed Tributary to Silver Creek near Luana (Site SiCr5),09/11/2008 10:30:00,TMDL,PHOSP-PHOSP,Phosphate-phosphorus (as P),Total,,4.8,mg/l,True,0.05,,,365.4,UHL001,Actual,SW,Water,,,Clayton,07060004,River/Stream,,43.042488,-91.441209
6,11220014,Silver Creek at 172nd St. (Site SC04/SiCr1),09/11/2008 09:10:00,TMDL,PHOSP-PHOSP,Phosphate-phosphorus (as P),Total,,0.26,mg/l,True,0.02,,,365.4,UHL001,Actual,SW,Water,,,Clayton,07060004,River/Stream,,42.973151,-91.441907
6,11220014,Silver Creek at 172nd St. (Site SC04/SiCr1),09/24/2008 10:00:00,TMDL,PHOSP-PHOSP,Phosphate-phosphorus (as P),Total,,0.48,mg/l,True,0.05,,,365.4,UHL001,Actual,SW,Water,,,Clayton,07060004,River/Stream,,42.973151,-91.441907
6,11220014,Silver Creek at 172nd St. (Site SC04/SiCr1),09/24/2008 11:00:00,TMDL,PHOSP-PHOSP,Phosphate-phosphorus (as P),Total,,4,mg/l,True,0.05,,,365.4,UHL001,Actual,SW,Water,,,Clayton,07060004,River/Stream,,42.973151,-91.441907
6,11220020,Unnamed Trib to Silver Creek at 125th St. (SC08),10/07/2008 11:10:00,TMDL,PHOSP-PHOSP,Phosphate-phosphorus (as P),Total,,1.1,mg/l,True,0.02,,,365.4,UHL001,Actual,SW,Water,,,Clayton,07060004,River/Stream,,43.044508,-91.408351
6,11220014,Silver Creek at 172nd St. (Site SC04/SiCr1),10/07/2008 08:40:00,TMDL,PHOSP-PHOSP,Phosphate-phosphorus (as P),Total,,0.22,mg/l,True,0.02,,,365.4,UHL001,Actual,SW,Water,,,Clayton,07060004,River/Stream,,42.973151,-91.441907
6,11220013,Peck Creek near Osterdock (Site PeC2),03/30/2011 08:50:00,TMDL,PHOSP-PHOSP,Phosphate-phosphorus (as P),Total,,0.06,mg/l,True,0.02,,,365.4,UHL001,Actual,SW,Water,,,Clayton,07060004,River/Stream,,42.714055,-91.153443
6,11220013,Peck Creek near Osterdock (Site PeC2),04/14/2011 10:30:00,TMDL,PHOSP-PHOSP,Phosphate-phosphorus (as P),Total,,0.04,mg/l,True,0.02,,,365.4,UHL001,Actual,SW,Water,,,Clayton,07060004,River/Stream,,42.714055,-91.153443
6,11220017,Silver Creek near Luana (Site SiCr4),08/07/2006 13:30:00,TMDL,PHOSP-PHOSP,Phosphate-phosphorus (as P),Total,,0.38,mg/l,True,0.02,,,365.4,UHL001,Actual,SW,Water,,,Clayton,07060004,River/Stream,,43.016854,-91.46942
6,11220014,Silver Creek at 172nd St. (Site SC04/SiCr1),09/12/2006 04:55:00,TMDL,PHOSP-PHOSP,Phosphate-phosphorus (as P),Total,,1.6,mg/l,True,0.02,,,365.4,UHL001,Actual,SW,Water,,,Clayton,07060004,River/Stream,,42.973151,-91.441907
6,11220017,Silver Creek near Luana (Site SiCr4),09/20/2006 11:25:00,TMDL,PHOSP-PHOSP,Phosphate-phosphorus (as P),Total,,0.11,mg/l,True,0.02,,,365.4,UHL001,Actual,SW,Water,,,Clayton,07060004,River/Stream,,43.016854,-91.46942
6,11220017,Silver Creek near Luana (Site SiCr4),09/06/2006 12:45:00,TMDL,PHOSP-PHOSP,Phosphate-phosphorus (as P),Total,,0.12,mg/l,True,0.02,,,365.4,UHL001,Actual,SW,Water,,,Clayton,07060004,River/Stream,,43.016854,-91.46942
6,11220014,Silver Creek at 172nd St. (Site SC04/SiCr1),01/08/2007 11:30:00,TMDL,PHOSP-PHOSP,Phosphate-phosphorus (as P),Total,,0.31,mg/l,True,0.02,,,365.4,UHL001,Actual,SW,Water,,,Clayton,07060004,River/Stream,,42.973151,-91.441907
6,11220018,Unnamed Tributary to Silver Creek near Luana (Site SiCr5),01/08/2007 10:30:00,TMDL,PHOSP-PHOSP,Phosphate-phosphorus (as P),Total,,4.2,mg/l,True,0.05,,,365.4,UHL001,Actual,SW,Water,,,Clayton,07060004,River/Stream,,43.042488,-91.441209
6,11220017,Silver Creek near Luana (Site SiCr4),02/14/2007 10:15:00,TMDL,PHOSP-PHOSP,Phosphate-phosphorus (as P),Total,,0.04,mg/l,True,0.02,,,365.4,UHL001,Actual,SW,Water,,,Clayton,07060004,River/Stream,,43.016854,-91.46942
6,11220013,Peck Creek near Osterdock (Site PeC2),08/10/2006 13:50:00,TMDL,PHOSP-PHOSP,Phosphate-phosphorus (as P),Total,,0.06,mg/l,True,0.02,,,365.4,UHL001,Actual,SW,Water,,,Clayton,07060004,River/Stream,,42.714055,-91.153443
6,11220016,Unnamed Trib. to Silver Creek at 145th St (Site SC06/SiCr3),06/29/2006 08:35:00,TMDL,PHOSP-PHOSP,Phosphate-phosphorus (as P),Total,,2.8,mg/l,True,0.05,,,365.4,UHL001,Actual,SW,Water,,,Clayton,07060004,River/Stream,,43.015393,-91.459197
6,10220003,Bloody Run Creek Site #1 (BR01),05/03/2010 08:30:00,AMBIENT,PHOSP-PHOSP,Phosphate-phosphorus (as P),Total,,0.05,mg/l,True,0.02,,,365.4,UHL001,Actual,SW,Water,,,Clayton,07060001,River/Stream,,43.0404991,-91.2055504
6,10220003,Bloody Run Creek Site #1 (BR01),04/05/2010 10:00:00,AMBIENT,PHOSP-PHOSP,Phosphate-phosphorus (as P),Total,,0.05,mg/l,True,0.02,,,365.4,UHL001,Actual,SW,Water,,,Clayton,07060001,River/Stream,,43.0404991,-91.2055504
6,10220003,Bloody Run Creek Site #1 (BR01),07/07/2010 10:15:00,AMBIENT,PHOSP-PHOSP,Phosphate-phosphorus (as P),Total,,0.12,mg/l,True,0.02,,,365.4,UHL001,Actual,SW,Water,,,Clayton,07060001,River/Stream,,43.0404991,-91.2055504
6,10220003,Bloody Run Creek Site #1 (BR01),08/11/2009 11:45:00,AMBIENT,PHOSP-PHOSP,Phosphate-phosphorus (as P),Total,,0.06,mg/l,True,0.02,,,365.4,UHL001,Actual,SW,Water,,,Clayton,07060001,River/Stream,,43.0404991,-91.2055504
6,10220003,Bloody Run Creek Site #1 (BR01),11/05/2009 10:30:00,AMBIENT,PHOSP-PHOSP,Phosphate-phosphorus (as P),Total,,0.06,mg/l,True,0.02,,,365.4,UHL001,Actual,SW,Water,,,Clayton,07060001,River/Stream,,43.0404991,-91.2055504
6,10220003,Bloody Run Creek Site #1 (BR01),10/08/2009 10:20:00,AMBIENT,PHOSP-PHOSP,Phosphate-phosphorus (as P),Total,,0.05,mg/l,True,0.02,,,365.4,UHL001,Actual,SW,Water,,,Clayton,07060001,River/Stream,,43.0404991,-91.2055504
6,10220003,Bloody Run Creek Site #1 (BR01),03/01/2010 09:20:00,AMBIENT,PHOSP-PHOSP,Phosphate-phosphorus (as P),Total,,0.03,mg/l,True,0.02,,,365.4,UHL001,Actual,SW,Water,,,Clayton,07060001,River/Stream,,43.0404991,-91.2055504
6,10220003,Bloody Run Creek Site #1 (BR01),02/03/2010 10:00:00,AMBIENT,PHOSP-PHOSP,Phosphate-phosphorus (as P),Total,,0.05,mg/l,True,0.02,,,365.4,UHL001,Actual,SW,Water,,,Clayton,07060001,River/Stream,,43.0404991,-91.2055504
6,10220003,Bloody Run Creek Site #1 (BR01),07/12/2007 09:20:00,AMBIENT,PHOSP-PHOSP,Phosphate-phosphorus (as P),Total,,0.07,mg/l,True,0.02,,,365.4,UHL001,Actual,SW,Water,,,Clayton,07060001,River/Stream,,43.0404991,-91.2055504
6,10220003,Bloody Run Creek Site #1 (BR01),09/12/2007 10:10:00,AMBIENT,PHOSP-PHOSP,Phosphate-phosphorus (as P),Total,,0.07,mg/l,True,0.02,,,365.4,UHL001,Actual,SW,Water,,,Clayton,07060001,River/Stream,,43.0404991,-91.2055504
6,10220003,Bloody Run Creek Site #1 (BR01),12/04/2007 10:10:00,AMBIENT,PHOSP-PHOSP,Phosphate-phosphorus (as P),Total,,0.07,mg/l,True,0.02,,,365.4,UHL001,Actual,SW,Water,,,Clayton,07060001,River/Stream,,43.0404991,-91.2055504
6,10220003,Bloody Run Creek Site #1 (BR01),02/12/2008 09:45:00,AMBIENT,PHOSP-PHOSP,Phosphate-phosphorus (as P),Total,,0.05,mg/l,True,0.02,,,365.4,UHL001,Actual,SW,Water,,,Clayton,07060001,River/Stream,,43.0404991,-91.2055504
6,10220003,Bloody Run Creek Site #1 (BR01),07/06/2009 12:30:00,AMBIENT,PHOSP-PHOSP,Phosphate-phosphorus (as P),Total,,0.03,mg/l,True,0.02,,,365.4,UHL001,Actual,SW,Water,,,Clayton,07060001,River/Stream,,43.0404991,-91.2055504
6,10220003,Bloody Run Creek Site #1 (BR01),05/06/2009 10:15:00,AMBIENT,PHOSP-PHOSP,Phosphate-phosphorus (as P),Total,,0.05,mg/l,True,0.02,,,365.4,UHL001,Actual,SW,Water,,,Clayton,07060001,River/Stream,,43.0404991,-91.2055504
6,10220003,Bloody Run Creek Site #1 (BR01),08/13/2008 08:30:00,AMBIENT,PHOSP-PHOSP,Phosphate-phosphorus (as P),Total,,0.04,mg/l,True,0.02,,,365.4,UHL001,Actual,SW,Water,,,Clayton,07060001,River/Stream,,43.0404991,-91.2055504
6,10220003,Bloody Run Creek Site #1 (BR01),07/09/2008 09:50:00,AMBIENT,PHOSP-PHOSP,Phosphate-phosphorus (as P),Total,,0.24,mg/l,True,0.02,,,365.4,UHL001,Actual,SW,Water,,,Clayton,07060001,River/Stream,,43.0404991,-91.2055504
6,10220003,Bloody Run Creek Site #1 (BR01),05/03/2005 11:10:00,AMBIENT,PHOSP-PHOSP,Phosphate-phosphorus (as P),Total,,0.06,mg/l,True,0.02,,,365.4,UHL001,Actual,SW,Water,,,Clayton,07060001,River/Stream,,43.0404991,-91.2055504
6,10220003,Bloody Run Creek Site #1 (BR01),07/06/2005 10:20:00,AMBIENT,PHOSP-PHOSP,Phosphate-phosphorus (as P),Total,,0.06,mg/l,True,0.02,,,365.4,UHL001,Actual,SW,Water,,,Clayton,07060001,River/Stream,,43.0404991,-91.2055504
6,10220003,Bloody Run Creek Site #1 (BR01),11/01/2005 09:15:00,AMBIENT,PHOSP-PHOSP,Phosphate-phosphorus (as P),Total,,0.06,mg/l,True,0.02,,,365.4,UHL001,Actual,SW,Water,,,Clayton,07060001,River/Stream,,43.0404991,-91.2055504
6,10220003,Bloody Run Creek Site #1 (BR01),08/02/2005 14:00:00,AMBIENT,PHOSP-PHOSP,Phosphate-phosphorus (as P),Total,,0.05,mg/l,True,0.02,,,365.4,UHL001,Actual,SW,Water,,,Clayton,07060001,River/Stream,,43.0404991,-91.2055504
6,10220003,Bloody Run Creek Site #1 (BR01),02/07/2006 09:30:00,AMBIENT,PHOSP-PHOSP,Phosphate-phosphorus (as P),Total,,0.06,mg/l,True,0.02,,,365.4,UHL001,Actual,SW,Water,,,Clayton,07060001,River/Stream,,43.0404991,-91.2055504
6,10220003,Bloody Run Creek Site #1 (BR01),06/07/2005 10:30:00,AMBIENT,PHOSP-PHOSP,Phosphate-phosphorus (as P),Total,,0.04,mg/l,True,0.02,,,365.4,UHL001,Actual,SW,Water,,,Clayton,07060001,River/Stream,,43.0404991,-91.2055504
6,10220003,Bloody Run Creek Site #1 (BR01),05/02/2006 09:40:00,AMBIENT,PHOSP-PHOSP,Phosphate-phosphorus (as P),Total,,0.05,mg/l,True,0.02,,,365.4,UHL001,Actual,SW,Water,,,Clayton,07060001,River/Stream,,43.0404991,-91.2055504
6,10220003,Bloody Run Creek Site #1 (BR01),06/05/2006 09:00:00,AMBIENT,PHOSP-PHOSP,Phosphate-phosphorus (as P),Total,,0.14,mg/l,True,0.02,,,365.4,UHL001,Actual,SW,Water,,,Clayton,07060001,River/Stream,,43.0404991,-91.2055504
6,10220003,Bloody Run Creek Site #1 (BR01),07/06/2006 12:05:00,AMBIENT,PHOSP-PHOSP,Phosphate-phosphorus (as P),Total,,0.11,mg/l,True,0.02,,,365.4,UHL001,Actual,SW,Water,,,Clayton,07060001,River/Stream,,43.0404991,-91.2055504
6,10220003,Bloody Run Creek Site #1 (BR01),09/07/2006 10:50:00,AMBIENT,PHOSP-PHOSP,Phosphate-phosphorus (as P),Total,,0.07,mg/l,True,0.02,,,365.4,UHL001,Actual,SW,Water,,,Clayton,07060001,River/Stream,,43.0404991,-91.2055504
6,10220003,Bloody Run Creek Site #1 (BR01),11/08/2006 09:45:00,AMBIENT,PHOSP-PHOSP,Phosphate-phosphorus (as P),Total,,0.04,mg/l,True,0.02,,,365.4,UHL001,Actual,SW,Water,,,Clayton,07060001,River/Stream,,43.0404991,-91.2055504
6,10220003,Bloody Run Creek Site #1 (BR01),12/07/2006 09:30:00,AMBIENT,PHOSP-PHOSP,Phosphate-phosphorus (as P),Total,,0.04,mg/l,True,0.02,,,365.4,UHL001,Actual,SW,Water,,,Clayton,07060001,River/Stream,,43.0404991,-91.2055504
6,10220003,Bloody Run Creek Site #1 (BR01),04/10/2007 09:40:00,AMBIENT,PHOSP-PHOSP,Phosphate-phosphorus (as P),Total,,0.04,mg/l,True,0.02,,,365.4,UHL001,Actual,SW,Water,,,Clayton,07060001,River/Stream,,43.0404991,-91.2055504
6,10220003,Bloody Run Creek Site #1 (BR01),03/07/2006 10:20:00,AMBIENT,PHOSP-PHOSP,Phosphate-phosphorus (as P),Total,,0.04,mg/l,True,0.02,,,365.4,UHL001,Actual,SW,Water,,,Clayton,07060001,River/Stream,,43.0404991,-91.2055504
6,10220003,Bloody Run Creek Site #1 (BR01),07/02/1996 10:00:00,SNY319,PHOSP-PHOSP,Phosphate-phosphorus (as P),Total,,0.1,mg/l,False,0.1,,,Unknown,SNY001,Actual,SW,Water,,,Clayton,07060001,River/Stream,,43.0404991,-91.2055504
6,10220003,Bloody Run Creek Site #1 (BR01),07/16/1996 10:00:00,SNY319,PHOSP-PHOSP,Phosphate-phosphorus (as P),Total,,0.1,mg/l,False,0.1,,,Unknown,SNY001,Actual,SW,Water,,,Clayton,07060001,River/Stream,,43.0404991,-91.2055504
6,10220003,Bloody Run Creek Site #1 (BR01),06/25/1996 13:55:00,SNY319,PHOSP-PHOSP,Phosphate-phosphorus (as P),Total,,0.1,mg/l,False,0.1,,,Unknown,SNY001,Actual,SW,Water,,,Clayton,07060001,River/Stream,,43.0404991,-91.2055504
6,10220003,Bloody Run Creek Site #1 (BR01),07/23/1996 11:20:00,SNY319,PHOSP-PHOSP,Phosphate-phosphorus (as P),Total,,0.1,mg/l,False,0.1,,,Unknown,SNY001,Actual,SW,Water,,,Clayton,07060001,River/Stream,,43.0404991,-91.2055504
6,10220003,Bloody Run Creek Site #1 (BR01),08/06/1996 10:00:00,SNY319,PHOSP-PHOSP,Phosphate-phosphorus (as P),Total,,0.1,mg/l,False,0.1,,,Unknown,SNY001,Actual,SW,Water,,,Clayton,07060001,River/Stream,,43.0404991,-91.2055504
6,10220003,Bloody Run Creek Site #1 (BR01),08/13/1996 11:35:00,SNY319,PHOSP-PHOSP,Phosphate-phosphorus (as P),Total,,0.1,mg/l,False,0.1,,,Unknown,SNY001,Actual,SW,Water,,,Clayton,07060001,River/Stream,,43.0404991,-91.2055504
6,10220003,Bloody Run Creek Site #1 (BR01),09/03/1996 11:25:00,SNY319,PHOSP-PHOSP,Phosphate-phosphorus (as P),Total,,0.1,mg/l,False,0.1,,,Unknown,SNY001,Actual,SW,Water,,,Clayton,07060001,River/Stream,,43.0404991,-91.2055504
6,10220003,Bloody Run Creek Site #1 (BR01),12/04/2001 09:50:00,AMBIENT,PHOSP-PHOSP,Phosphate-phosphorus (as P),Total,,0.05,mg/l,False,0.05,,,Unknown,UHL001,Actual,SW,Water,,,Clayton,07060001,River/Stream,,43.0404991,-91.2055504
6,10220003,Bloody Run Creek Site #1 (BR01),09/11/2002 10:00:00,AMBIENT,PHOSP-PHOSP,Phosphate-phosphorus (as P),Total,,0.34,mg/l,True,0.05,,,Unknown,UHL001,Actual,SW,Water,,,Clayton,07060001,River/Stream,,43.0404991,-91.2055504
6,10220003,Bloody Run Creek Site #1 (BR01),12/03/2002 10:10:00,AMBIENT,PHOSP-PHOSP,Phosphate-phosphorus (as P),Total,,0.05,mg/l,False,0.05,,,365.4,UHL001,Actual,SW,Water,,,Clayton,07060001,River/Stream,,43.0404991,-91.2055504
6,10220003,Bloody Run Creek Site #1 (BR01),09/24/1996 13:10:00,SNY319,PHOSP-PHOSP,Phosphate-phosphorus (as P),Total,,0.1,mg/l,False,0.1,,,Unknown,SNY001,Actual,SW,Water,,,Clayton,07060001,River/Stream,,43.0404991,-91.2055504
6,10220003,Bloody Run Creek Site #1 (BR01),09/17/1996 11:30:00,SNY319,PHOSP-PHOSP,Phosphate-phosphorus (as P),Total,,0.1,mg/l,False,0.1,,,Unknown,SNY001,Actual,SW,Water,,,Clayton,07060001,River/Stream,,43.0404991,-91.2055504
6,10220003,Bloody Run Creek Site #1 (BR01),04/02/2002 09:45:00,AMBIENT,PHOSP-PHOSP,Phosphate-phosphorus (as P),Total,,0.05,mg/l,False,0.05,,,Unknown,UHL001,Actual,SW,Water,,,Clayton,07060001,River/Stream,,43.0404991,-91.2055504
6,10220003,Bloody Run Creek Site #1 (BR01),04/01/2003 10:00:00,AMBIENT,PHOSP-PHOSP,Phosphate-phosphorus (as P),Total,,0.11,mg/l,True,0.05,,,365.4,UHL001,Actual,SW,Water,,,Clayton,07060001,River/Stream,,43.0404991,-91.2055504
6,10220003,Bloody Run Creek Site #1 (BR01),02/04/2003 10:40:00,AMBIENT,PHOSP-PHOSP,Phosphate-phosphorus (as P),Total,,0.06,mg/l,True,0.05,,,365.4,UHL001,Actual,SW,Water,,,Clayton,07060001,River/Stream,,43.0404991,-91.2055504
6,10220003,Bloody Run Creek Site #1 (BR01),08/05/2003 09:45:00,AMBIENT,PHOSP-PHOSP,Phosphate-phosphorus (as P),Total,,0.02,mg/l,False,0.02,,,365.4,UHL001,Actual,SW,Water,,,Clayton,07060001,River/Stream,,43.0404991,-91.2055504
6,10220003,Bloody Run Creek Site #1 (BR01),10/07/2003 10:10:00,AMBIENT,PHOSP-PHOSP,Phosphate-phosphorus (as P),Total,,0.04,mg/l,True,0.02,,,365.4,UHL001,Actual,SW,Water,,,Clayton,07060001,River/Stream,,43.0404991,-91.2055504
6,10220003,Bloody Run Creek Site #1 (BR01),11/04/2003 13:35:00,AMBIENT,PHOSP-PHOSP,Phosphate-phosphorus (as P),Total,,0.16,mg/l,True,0.02,,,365.4,UHL001,Actual,SW,Water,,,Clayton,07060001,River/Stream,,43.0404991,-91.2055504
6,10220003,Bloody Run Creek Site #1 (BR01),12/02/2003 10:00:00,AMBIENT,PHOSP-PHOSP,Phosphate-phosphorus (as P),Total,,0.02,mg/l,False,0.02,,,365.4,UHL001,Actual,SW,Water,,,Clayton,07060001,River/Stream,,43.0404991,-91.2055504
6,10220003,Bloody Run Creek Site #1 (BR01),09/02/2003 11:30:00,AMBIENT,PHOSP-PHOSP,Phosphate-phosphorus (as P),Total,,0.03,mg/l,True,0.02,,,365.4,UHL001,Actual,SW,Water,,,Clayton,07060001,River/Stream,,43.0404991,-91.2055504
6,10220003,Bloody Run Creek Site #1 (BR01),01/06/2004 11:25:00,AMBIENT,PHOSP-PHOSP,Phosphate-phosphorus (as P),Total,,0.06,mg/l,True,0.02,,,365.4,UHL001,Actual,SW,Water,,,Clayton,07060001,River/Stream,,43.0404991,-91.2055504
6,10220003,Bloody Run Creek Site #1 (BR01),03/02/2004 10:20:00,AMBIENT,PHOSP-PHOSP,Phosphate-phosphorus (as P),Total,,0.48,mg/l,True,0.02,,,365.4,UHL001,Actual,SW,Water,,,Clayton,07060001,River/Stream,,43.0404991,-91.2055504
6,10220003,Bloody Run Creek Site #1 (BR01),05/04/2004 10:45:00,AMBIENT,PHOSP-PHOSP,Phosphate-phosphorus (as P),Total,,0.02,mg/l,False,0.02,,,365.4,UHL001,Actual,SW,Water,,,Clayton,07060001,River/Stream,,43.0404991,-91.2055504
6,10220003,Bloody Run Creek Site #1 (BR01),08/03/2004 10:55:00,AMBIENT,PHOSP-PHOSP,Phosphate-phosphorus (as P),Total,,0.07,mg/l,True,0.02,,,365.4,UHL001,Actual,SW,Water,,,Clayton,07060001,River/Stream,,43.0404991,-91.2055504
6,10220003,Bloody Run Creek Site #1 (BR01),10/05/2004 10:00:00,AMBIENT,PHOSP-PHOSP,Phosphate-phosphorus (as P),Total,,0.02,mg/l,False,0.02,,,365.4,UHL001,Actual,SW,Water,,,Clayton,07060001,River/Stream,,43.0404991,-91.2055504
6,10220003,Bloody Run Creek Site #1 (BR01),12/07/2004 10:10:00,AMBIENT,PHOSP-PHOSP,Phosphate-phosphorus (as P),Total,,0.06,mg/l,True,0.02,,,365.4,UHL001,Actual,SW,Water,,,Clayton,07060001,River/Stream,,43.0404991,-91.2055504
6,10220003,Bloody Run Creek Site #1 (BR01),08/05/2010 10:00:00,AMBIENT,PHOSP-PHOSP,Phosphate-phosphorus (as P),Total,,0.06,mg/l,True,0.02,,,365.4,UHL001,Actual,SW,Water,,,Clayton,07060001,River/Stream,,43.0404991,-91.2055504
6,10220003,Bloody Run Creek Site #1 (BR01),11/02/2010 10:30:00,AMBIENT,PHOSP-PHOSP,Phosphate-phosphorus (as P),Total,,0.03,mg/l,True,0.02,,,365.4,UHL001,Actual,SW,Water,,,Clayton,07060001,River/Stream,,43.0404991,-91.2055504
6,10220003,Bloody Run Creek Site #1 (BR01),04/04/2011 09:45:00,AMBIENT,PHOSP-PHOSP,Phosphate-phosphorus (as P),Total,,0.07,mg/l,True,0.02,,,365.4,UHL001,Actual,SW,Water,,,Clayton,07060001,River/Stream,,43.0404991,-91.2055504
6,10220003,Bloody Run Creek Site #1 (BR01),02/07/2011 09:20:00,AMBIENT,PHOSP-PHOSP,Phosphate-phosphorus (as P),Total,,0.04,mg/l,True,0.02,,,365.4,UHL001,Actual,SW,Water,,,Clayton,07060001,River/Stream,,43.0404991,-91.2055504
6,10220003,Bloody Run Creek Site #1 (BR01),05/02/2011 10:00:00,AMBIENT,PHOSP-PHOSP,Phosphate-phosphorus (as P),Total,,0.05,mg/l,True,0.02,,,365.4,UHL001,Actual,SW,Water,,,Clayton,07060001,River/Stream,,43.0404991,-91.2055504
6,10220003,Bloody Run Creek Site #1 (BR01),06/08/2011 10:00:00,AMBIENT,PHOSP-PHOSP,Phosphate-phosphorus (as P),Total,,0.08,mg/l,True,0.02,,,365.4,UHL001,Actual,SW,Water,,,Clayton,07060001,River/Stream,,43.0404991,-91.2055504
6,10220003,Bloody Run Creek Site #1 (BR01),07/05/2011 10:30:00,AMBIENT,PHOSP-PHOSP,Phosphate-phosphorus (as P),Total,,0.05,mg/l,True,0.02,,,365.4,UHL001,Actual,SW,Water,,,Clayton,07060001,River/Stream,,43.0404991,-91.2055504
6,11220008,Volga River at Littleport (32),07/06/2011 10:36:00,TURKEYR,PHOSP-PHOSP,Phosphate-phosphorus (as P),Total,,0.06,mg/l,True,0.02,,,365.4,IGS-GRAB,Actual,SW,Water,,,Clayton,07060004,River/Stream,,42.7536427,-91.3691492
6,10220003,Bloody Run Creek Site #1 (BR01),08/03/2011 10:00:00,AMBIENT,PHOSP-PHOSP,Phosphate-phosphorus (as P),Total,,0.05,mg/l,True,0.02,,,365.4,UHL001,Actual,SW,Water,,,Clayton,07060001,River/Stream,,43.0404991,-91.2055504
6,10220003,Bloody Run Creek Site #1 (BR01),10/03/2011 09:45:00,AMBIENT,PHOSP-PHOSP,Phosphate-phosphorus (as P),Total,,0.06,mg/l,True,0.02,,,365.4,UHL001,Actual,SW,Water,,,Clayton,07060001,River/Stream,,43.0404991,-91.2055504
6,11220008,Volga River at Littleport (32),09/07/2011 08:40:00,TURKEYR,PHOSP-PHOSP,Phosphate-phosphorus (as P),Total,,0.16,mg/l,True,0.02,,,365.4,IGS-GRAB,Actual,SW,Water,,,Clayton,07060004,River/Stream,,42.7536427,-91.3691492
6,11220009,Bear Creek W of Elkport (37),09/07/2011 09:20:00,TURKEYR,PHOSP-PHOSP,Phosphate-phosphorus (as P),Total,,0.14,mg/l,True,0.02,,,365.4,IGS-GRAB,Actual,SW,Water,,,Clayton,07060004,River/Stream,,42.7369562,-91.3245041
6,11220009,Bear Creek W of Elkport (37),11/02/2011 12:12:00,TURKEYR,PHOSP-PHOSP,Phosphate-phosphorus (as P),Total,,0.05,mg/l,True,0.02,,,365.4,IGS-GRAB,Actual,SW,Water,,,Clayton,07060004,River/Stream,,42.7369562,-91.3245041
6,11220008,Volga River at Littleport (32),11/02/2011 11:50:00,TURKEYR,PHOSP-PHOSP,Phosphate-phosphorus (as P),Total,,0.02,mg/l,False,0.02,,,365.4,IGS-GRAB,Actual,SW,Water,,,Clayton,07060004,River/Stream,,42.7536427,-91.3691492
6,10220003,Bloody Run Creek Site #1 (BR01),12/06/2011 10:30:00,AMBIENT,PHOSP-PHOSP,Phosphate-phosphorus (as P),Total,,0.09,mg/l,True,0.02,,,365.4,UHL001,Actual,SW,Water,,,Clayton,07060001,River/Stream,,43.0404991,-91.2055504
6,10220003,Bloody Run Creek Site #1 (BR01),09/10/2012 10:10:00,AMBIENT,PHOSP-PHOSP,Phosphate-phosphorus (as P),Total,,0.03,mg/l,True,0.02,,,LAC10-115-01-1D,UHL001,Actual,SW,Water,,,Clayton,07060001,River/Stream,,43.0404991,-91.2055504
6,11220008,Volga River at Littleport (32),07/02/2012 09:00:00,TURKEYR,PHOSP-PHOSP,Phosphate-phosphorus (as P),Total,,0.06,mg/l,True,0.02,,,LAC10-115-01-1D,IGS-GRAB,Actual,SW,Water,,,Clayton,07060004,River/Stream,,42.7536427,-91.3691492
6,11220008,Volga River at Littleport (32),09/05/2012 10:31:00,TURKEYR,PHOSP-PHOSP,Phosphate-phosphorus (as P),Total,,1.6,mg/l,True,0.05,,,LAC10-115-01-1C,IGS-GRAB,Actual,SW,Water,,,Clayton,07060004,River/Stream,,42.7536427,-91.3691492
6,11220008,Volga River at Littleport (32),04/04/2012 10:09:00,TURKEYR,PHOSP-PHOSP,Phosphate-phosphorus (as P),Total,,0.03,mg/l,True,0.02,,,LAC10-115-01-1D,IGS-GRAB,Actual,SW,Water,,,Clayton,07060004,River/Stream,,42.7536427,-91.3691492
6,10220003,Bloody Run Creek Site #1 (BR01),10/03/2012 10:20:00,AMBIENT,PHOSP-PHOSP,Phosphate-phosphorus (as P),Total,,0.04,mg/l,True,0.02,,,LAC10-115-01-1D,UHL001,Actual,SW,Water,,,Clayton,07060001,River/Stream,,43.0404991,-91.2055504
6,10220003,Bloody Run Creek Site #1 (BR01),12/04/2012 10:45:00,AMBIENT,PHOSP-PHOSP,Phosphate-phosphorus (as P),Total,,0.05,mg/l,True,0.02,,,LAC10-115-01-1D,UHL001,Actual,SW,Water,,,Clayton,07060001,River/Stream,,43.0404991,-91.2055504
6,11220008,Volga River at Littleport (32),08/01/2012 07:36:00,TURKEYR,PHOSP-PHOSP,Phosphate-phosphorus (as P),Total,,0.07,mg/l,True,0.02,,,LAC10-115-01-1D,IGS-GRAB,Actual,SW,Water,,,Clayton,07060004,River/Stream,,42.7536427,-91.3691492
6,11220008,Volga River at Littleport (32),10/03/2012 10:23:00,TURKEYR,PHOSP-PHOSP,Phosphate-phosphorus (as P),Total,,0.03,mg/l,True,0.02,,,LAC10-115-01-1D,IGS-GRAB,Actual,SW,Water,,,Clayton,07060004,River/Stream,,42.7536427,-91.3691492
6,10220003,Bloody Run Creek Site #1 (BR01),03/07/2013 09:50:00,AMBIENT,PHOSP-PHOSP,Phosphate-phosphorus (AS P),Total,,0.07,mg/l,True,0.02,,,LAC10-115-01-1D,UHL001,Actual,SW,Water,,,Clayton,07060001,River/Stream,,43.0404991,-91.2055504
6,10220003,Bloody Run Creek Site #1 (BR01),02/07/2013 11:15:00,AMBIENT,PHOSP-PHOSP,Phosphate-phosphorus (AS P),Total,,0.08,mg/l,True,0.02,,,LAC10-115-01-1D,UHL001,Actual,SW,Water,,,Clayton,07060001,River/Stream,,43.0404991,-91.2055504
6,10220003,Bloody Run Creek Site #1 (BR01),11/06/2013 09:00:00,AMBIENT,PHOSP-PHOSP,Phosphate-phosphorus (AS P),Total,,0.06,mg/l,True,0.02,,,LAC10-115-01-1D,UHL001,Actual,SW,Water,,,Clayton,07060001,River/Stream,,43.0404991,-91.2055504
6,10220003,Bloody Run Creek Site #1 (BR01),05/02/2013 11:15:00,AMBIENT,PHOSP-PHOSP,Phosphate-phosphorus (AS P),Total,,0.06,mg/l,True,0.02,,,LAC10-115-01-1D,UHL001,Actual,SW,Water,,,Clayton,07060001,River/Stream,,43.0404991,-91.2055504
6,10220003,Bloody Run Creek Site #1 (BR01),08/01/2013 11:05:00,AMBIENT,PHOSP-PHOSP,Phosphate-phosphorus (AS P),Total,,0.06,mg/l,True,0.02,,,LAC10-115-01-1D,UHL001,Actual,SW,Water,,,Clayton,07060001,River/Stream,,43.0404991,-91.2055504
6,10220003,Bloody Run Creek Site #1 (BR01),07/02/2013 08:15:00,AMBIENT,PHOSP-PHOSP,Phosphate-phosphorus (AS P),Total,,0.09,mg/l,True,0.02,,,LAC10-115-01-1D,UHL001,Actual,SW,Water,,,Clayton,07060001,River/Stream,,43.0404991,-91.2055504
6,10220003,Bloody Run Creek Site #1 (BR01),04/01/2014 08:40:00,AMBIENT,PHOSP-PHOSP,Phosphate-phosphorus (AS P),Total,,0.2,mg/l,True,0.02,,,LAC10-115-01-1D,UHL001,Actual,SW,Water,,,Clayton,07060001,River/Stream,,43.0404991,-91.2055504
6,10220003,Bloody Run Creek Site #1 (BR01),02/04/2014 09:10:00,AMBIENT,PHOSP-PHOSP,Phosphate-phosphorus (AS P),Total,,0.03,mg/l,True,0.02,,,LAC10-115-01-1D,UHL001,Actual,SW,Water,,,Clayton,07060001,River/Stream,,43.0404991,-91.2055504
6,10220003,Bloody Run Creek Site #1 (BR01),01/02/2014 10:20:00,AMBIENT,PHOSP-PHOSP,Phosphate-phosphorus (AS P),Total,,0.07,mg/l,True,0.02,,,LAC10-115-01-1D,UHL001,Actual,SW,Water,,,Clayton,07060001,River/Stream,,43.0404991,-91.2055504
6,10220003,Bloody Run Creek Site #1 (BR01),12/05/2013 10:15:00,AMBIENT,PHOSP-PHOSP,Phosphate-phosphorus (AS P),Total,,0.04,mg/l,True,0.02,,,LAC10-115-01-1D,UHL001,Actual,SW,Water,,,Clayton,07060001,River/Stream,,43.0404991,-91.2055504
6,11220008,Volga River at Littleport (32),11/06/2013 10:43:00,TURKEYR,PHOSP-PHOSP,Phosphate-phosphorus (AS P),Total,,0.05,mg/l,True,0.02,,,LAC10-115-01-1D,UHL001,Actual,SW,Water,,,Clayton,07060004,River/Stream,,42.7536427,-91.3691492
6,10220003,Bloody Run Creek Site #1 (BR01),09/03/2014 10:00:00,AMBIENT,PHOSP-PHOSP,Phosphate-phosphorus (AS P),Total,,0.07,mg/l,True,0.02,,,LAC10-115-01-1D,UHL001,Actual,SW,Water,,,Clayton,07060001,River/Stream,,43.0404991,-91.2055504
6,10220003,Bloody Run Creek Site #1 (BR01),08/04/2014 10:30:00,AMBIENT,PHOSP-PHOSP,Phosphate-phosphorus (AS P),Total,,0.05,mg/l,True,0.02,,,LAC10-115-01-1D,UHL001,Actual,SW,Water,,,Clayton,07060001,River/Stream,,43.0404991,-91.2055504
6,11220008,Volga River at Littleport (32),08/07/2013 10:30:00,TURKEYR,PHOSP-PHOSP,Phosphate-phosphorus (AS P),Total,,0.06,mg/l,True,0.02,,,LAC10-115-01-1D,UHL001,Actual,SW,Water,,,Clayton,07060004,River/Stream,,42.7536427,-91.3691492
6,11220008,Volga River at Littleport (32),06/05/2013 09:30:00,TURKEYR,PHOSP-PHOSP,Phosphate-phosphorus (AS P),Total,,0.14,mg/l,True,0.02,,,LAC10-115-01-1D,UHL001,Actual,SW,Water,,,Clayton,07060004,River/Stream,,42.7536427,-91.3691492
6,10220003,Bloody Run Creek Site #1 (BR01),12/03/2014 08:50:00,AMBIENT,PHOSP-PHOSP,Phosphate-phosphorus (AS P),Total,,0.07,mg/l,True,0.02,,,LAC10-115-01-1D,UHL001,Actual,SW,Water,,,Clayton,07060001,River/Stream,,43.0404991,-91.2055504
6,10220003,Bloody Run Creek Site #1 (BR01),04/02/2015 08:35:00,AMBIENT,PHOSP-PHOSP,Phosphate-phosphorus (AS P),Total,,0.12,mg/l,True,0.02,,,LAC10-115-01-1D,UHL001,Actual,SW,Water,,,Clayton,07060001,River/Stream,,43.0404991,-91.2055504
6,10220003,Bloody Run Creek Site #1 (BR01),07/02/2015 07:50:00,AMBIENT,PHOSP-PHOSP,Phosphate-phosphorus (AS P),Total,,0.04,mg/l,True,0.02,,,LAC10-115-01-1D,UHL001,Actual,SW,Water,,,Clayton,07060001,River/Stream,,43.0404991,-91.2055504
6,11220008,Volga River at Littleport (32),04/02/2014 11:14:00,TURKEYR,PHOSP-PHOSP,Phosphate-phosphorus (AS P),Total,,0.25,mg/l,True,0.02,,,LAC10-115-01-1D,UHL001,Actual,SW,Water,,,Clayton,07060004,River/Stream,,42.7536427,-91.3691492
6,10220003,Bloody Run Creek Site #1 (BR01),08/03/2015 09:00:00,AMBIENT,PHOSP-PHOSP,Phosphate-phosphorus (AS P),Total,,0.06,mg/l,True,0.02,,,LAC10-115-01-1D,UHL001,Actual,SW,Water,,,Clayton,07060001,River/Stream,,43.0404991,-91.2055504
6,11220008,Volga River at Littleport (32),06/04/2014 11:22:00,TURKEYR,PHOSP-PHOSP,Phosphate-phosphorus (AS P),Total,,0.12,mg/l,True,0.02,,,LAC10-115-01-1D,UHL001,Actual,SW,Water,,,Clayton,07060004,River/Stream,,42.7536427,-91.3691492
6,11220008,Volga River at Littleport (32),07/09/2014 09:46:00,TURKEYR,PHOSP-PHOSP,Phosphate-phosphorus (AS P),Total,,0.15,mg/l,True,0.02,,,LAC10-115-01-1D,UHL001,Actual,SW,Water,,,Clayton,07060004,River/Stream,,42.7536427,-91.3691492
6,11220008,Volga River at Littleport (32),08/06/2014 10:23:00,TURKEYR,PHOSP-PHOSP,Phosphate-phosphorus (AS P),Total,,0.06,mg/l,True,0.02,,,LAC10-115-01-1D,UHL001,Actual,SW,Water,,,Clayton,07060004,River/Stream,,42.7536427,-91.3691492
6,11220008,Volga River at Littleport (32),09/03/2014 11:03:00,TURKEYR,PHOSP-PHOSP,Phosphate-phosphorus (AS P),Total,,0.12,mg/l,True,0.02,,,LAC10-115-01-1D,UHL001,Actual,SW,Water,,,Clayton,07060004,River/Stream,,42.7536427,-91.3691492
6,10220003,Bloody Run Creek Site #1 (BR01),09/02/2015 11:15:00,AMBIENT,PHOSP-PHOSP,Phosphate-phosphorus (AS P),Total,,0.07,mg/l,True,0.02,,,LAC10-115-01-1D,UHL001,Actual,SW,Water,,,Clayton,07060001,River/Stream,,43.0404991,-91.2055504
6,11220008,Volga River at Littleport (32),05/07/2014 08:05:00,TURKEYR,PHOSP-PHOSP,Phosphate-phosphorus (AS P),Total,,0.05,mg/l,True,0.02,,,LAC10-115-01-1D,UHL001,Actual,SW,Water,,,Clayton,07060004,River/Stream,,42.7536427,-91.3691492
6,11220008,Volga River at Littleport (32),10/01/2014 09:41:00,TURKEYR,PHOSP-PHOSP,Phosphate-phosphorus (AS P),Total,,0.04,mg/l,True,0.02,,,LAC10-115-01-1D,UHL001,Actual,SW,Water,,,Clayton,07060004,River/Stream,,42.7536427,-91.3691492
6,11220008,Volga River at Littleport (32),11/05/2014 11:07:00,TURKEYR,PHOSP-PHOSP,Phosphate-phosphorus (AS P),Total,,0.03,mg/l,True,0.02,,,LAC10-115-01-1D,UHL001,Actual,SW,Water,,,Clayton,07060004,River/Stream,,42.7536427,-91.3691492
6,10220003,Bloody Run Creek Site #1 (BR01),12/02/2015 10:00:00,AMBIENT,PHOSP-PHOSP,Phosphate-phosphorus (AS P),Total,,0.06,mg/l,True,0.02,,,LAC10-115-01-1D,UHL001,Actual,SW,Water,,,Clayton,07060001,River/Stream,,43.0404991,-91.2055504
6,10220003,Bloody Run Creek Site #1 (BR01),11/09/2015 09:45:00,AMBIENT,PHOSP-PHOSP,Phosphate-phosphorus (AS P),Total,,0.06,mg/l,True,0.02,,,LAC10-115-01-1D,UHL001,Actual,SW,Water,,,Clayton,07060001,River/Stream,,43.0404991,-91.2055504
6,10220003,Bloody Run Creek Site #1 (BR01),10/08/2015 09:00:00,AMBIENT,PHOSP-PHOSP,Phosphate-phosphorus (AS P),Total,,0.08,mg/l,True,0.02,,,LAC10-115-01-1D,UHL001,Actual,SW,Water,,,Clayton,07060001,River/Stream,,43.0404991,-91.2055504
6,10220003,Bloody Run Creek Site #1 (BR01),01/11/2016 10:50:00,AMBIENT,PHOSP-PHOSP,Phosphate-phosphorus (AS P),Total,,0.06,mg/l,True,0.02,,,LAC10-115-01-1D,UHL001,Actual,SW,Water,,,Clayton,07060001,River/Stream,,43.0404991,-91.2055504
6,10220003,Bloody Run Creek Site #1 (BR01),03/08/2016 08:30:00,AMBIENT,PHOSP-PHOSP,Phosphate-phosphorus (AS P),Total,,0.06,mg/l,True,0.02,,,LAC10-115-01-1D,UHL001,Actual,SW,Water,,,Clayton,07060001,River/Stream,,43.0404991,-91.2055504
6,10220003,Bloody Run Creek Site #1 (BR01),02/04/2016 10:50:00,AMBIENT,PHOSP-PHOSP,Phosphate-phosphorus (AS P),Total,,0.05,mg/l,True,0.02,,,LAC10-115-01-1D,UHL001,Actual,SW,Water,,,Clayton,07060001,River/Stream,,43.0404991,-91.2055504
6,10220003,Bloody Run Creek Site #1 (BR01),06/02/2016 10:10:00,AMBIENT,PHOSP-PHOSP,Phosphate-phosphorus (AS P),Total,,0.06,mg/l,True,0.02,,,LAC10-115-01-1D,UHL001,Actual,SW,Water,,,Clayton,07060001,River/Stream,,43.0404991,-91.2055504
6,10220003,Bloody Run Creek Site #1 (BR01),05/04/2016 10:05:00,AMBIENT,PHOSP-PHOSP,Phosphate-phosphorus (AS P),Total,,0.05,mg/l,True,0.02,,,LAC10-115-01-1D,UHL001,Actual,SW,Water,,,Clayton,07060001,River/Stream,,43.0404991,-91.2055504
6,10220003,Bloody Run Creek Site #1 (BR01),04/06/2016 08:40:00,AMBIENT,PHOSP-PHOSP,Phosphate-phosphorus (AS P),Total,,0.04,mg/l,True,0.02,,,LAC10-115-01-1D,UHL001,Actual,SW,Water,,,Clayton,07060001,River/Stream,,43.0404991,-91.2055504
6,10220003,Bloody Run Creek Site #1 (BR01),07/06/2016 10:50:00,AMBIENT,PHOSP-PHOSP,Phosphate-phosphorus (AS P),Total,,0.04,mg/l,True,0.02,,,LAC10-115-01-1D,UHL001,Actual,SW,Water,,,Clayton,07060001,River/Stream,,43.0404991,-91.2055504
6,10220003,Bloody Run Creek Site #1 (BR01),08/03/2016 10:00:00,AMBIENT,PHOSP-PHOSP,Phosphate-phosphorus (AS P),Total,,0.04,mg/l,True,0.02,,,LAC10-115-01-1D,UHL001,Actual,SW,Water,,,Clayton,07060001,River/Stream,,43.0404991,-91.2055504
6,10220003,Bloody Run Creek Site #1 (BR01),09/01/2016 09:50:00,AMBIENT,PHOSP-PHOSP,Phosphate-phosphorus (AS P),Total,,0.08,mg/l,True,0.02,,,LAC10-115-01-1D,UHL001,Actual,SW,Water,,,Clayton,07060001,River/Stream,,43.0404991,-91.2055504
6,10220003,Bloody Run Creek Site #1 (BR01),11/01/2016 10:50:00,AMBIENT,PHOSP-PHOSP,Phosphate-phosphorus (AS P),Total,,0.08,mg/l,True,0.02,,,LAC10-115-01-1D,UHL001,Actual,SW,Water,,,Clayton,07060001,River/Stream,,43.0404991,-91.2055504
6,10220003,Bloody Run Creek Site #1 (BR01),10/03/2016 08:50:00,AMBIENT,PHOSP-PHOSP,Phosphate-phosphorus (AS P),Total,,0.12,mg/l,True,0.02,,,LAC10-115-01-1D,UHL001,Actual,SW,Water,,,Clayton,07060001,River/Stream,,43.0404991,-91.2055504
6,10220003,Bloody Run Creek Site #1 (BR01),01/05/2017 10:35:00,AMBIENT,PHOSP-PHOSP,Phosphate-phosphorus (AS P),Total,,0.1,mg/l,True,0.1,,,LAC10-115-01-1C,UHL001,Actual,SW,Water,,,Clayton,07060001,River/Stream,,43.0404991,-91.2055504
6,10220003,Bloody Run Creek Site #1 (BR01),12/07/2016 10:30:00,AMBIENT,PHOSP-PHOSP,Phosphate-phosphorus (AS P),Total,,0.1,mg/l,True,0.1,,,LAC10-115-01-1C,UHL001,Actual,SW,Water,,,Clayton,07060001,River/Stream,,43.0404991,-91.2055504
6,10220003,Bloody Run Creek Site #1 (BR01),02/01/2017 09:55:00,AMBIENT,PHOSP-PHOSP,Phosphate-phosphorus (AS P),Total,,0.12,mg/l,True,0.1,,,LAC10-115-01-1C,UHL001,Actual,SW,Water,,,Clayton,07060001,River/Stream,,43.0404991,-91.2055504
6,10220003,Bloody Run Creek Site #1 (BR01),03/02/2017 10:20:00,AMBIENT,PHOSP-PHOSP,Phosphate-phosphorus (AS P),Total,,0.1,mg/l,True,0.1,,,LAC10-115-01-1C,UHL001,Actual,SW,Water,,,Clayton,07060001,River/Stream,,43.0404991,-91.2055504
6,10220003,Bloody Run Creek Site #1 (BR01),04/10/2017 09:35:00,AMBIENT,PHOSP-PHOSP,Phosphate-phosphorus (AS P),Total,,0.04,mg/l,True,0.02,,,LAC10-115-01-1D,UHL001,Actual,SW,Water,,,Clayton,07060001,River/Stream,,43.0404991,-91.2055504
6,10220003,Bloody Run Creek Site #1 (BR01),05/01/2017 10:25:00,AMBIENT,PHOSP-PHOSP,Phosphate-phosphorus (AS P),Total,,0.04,mg/l,True,0.02,,,LAC10-115-01-1D,UHL001,Actual,SW,Water,,,Clayton,07060001,River/Stream,,43.0404991,-91.2055504
6,10220003,Bloody Run Creek Site #1 (BR01),07/06/2017 09:50:00,AMBIENT,PHOSP-PHOSP,Phosphate-phosphorus (AS P),Total,,0.15,mg/l,True,0.1,,,LAC10-115-01-1C,UHL001,Actual,SW,Water,,,Clayton,07060001,River/Stream,,43.0404991,-91.2055504
6,10220003,Bloody Run Creek Site #1 (BR01),06/07/2017 08:20:00,AMBIENT,PHOSP-PHOSP,Phosphate-phosphorus (AS P),Total,,0.06,mg/l,True,0.02,,,LAC10-115-01-1D,UHL001,Actual,SW,Water,,,Clayton,07060001,River/Stream,,43.0404991,-91.2055504
6,10220003,Bloody Run Creek Site #1 (BR01),09/07/2017 10:30:00,AMBIENT,PHOSP-PHOSP,Phosphate-phosphorus (AS P),Total,,0.11,mg/l,True,0.1,,,LAC10-115-01-1C,UHL001,Actual,SW,Water,,,Clayton,07060001,River/Stream,,43.0404991,-91.2055504
6,10220003,Bloody Run Creek Site #1 (BR01),10/04/2017 10:20:00,AMBIENT,PHOSP-PHOSP,Phosphate-phosphorus (AS P),Total,,0.13,mg/l,True,0.1,,,LAC10-115-01-1C,UHL001,Actual,SW,Water,,,Clayton,07060001,River/Stream,,43.0404991,-91.2055504
6,10220003,Bloody Run Creek Site #1 (BR01),08/02/2017 09:10:00,AMBIENT,PHOSP-PHOSP,Phosphate-phosphorus (AS P),Total,,0.12,mg/l,True,0.1,,,LAC10-115-01-1C,UHL001,Actual,SW,Water,,,Clayton,07060001,River/Stream,,43.0404991,-91.2055504
6,10220003,Bloody Run Creek Site #1 (BR01),12/04/2017 10:30:00,AMBIENT,PHOSP-PHOSP,Phosphate-phosphorus (AS P),Total,,0.04,mg/l,True,0.02,,,LAC10-115-01-1D,UHL001,Actual,SW,Water,,,Clayton,07060001,River/Stream,,43.0404991,-91.2055504
6,10220003,Bloody Run Creek Site #1 (BR01),11/06/2017 10:30:00,AMBIENT,PHOSP-PHOSP,Phosphate-phosphorus (AS P),Total,,0.17,mg/l,True,0.1,,,LAC10-115-01-1C,UHL001,Actual,SW,Water,,,Clayton,07060001,River/Stream,,43.0404991,-91.2055504
6,10220003,Bloody Run Creek Site #1 (BR01),01/03/2018 10:50:00,AMBIENT,PHOSP-PHOSP,Phosphate-phosphorus (AS P),Total,,0.19,mg/l,True,0.1,,,LAC10-115-01-1C,UHL001,Actual,SW,Water,,,Clayton,07060001,River/Stream,,43.0404991,-91.2055504
6,10220003,Bloody Run Creek Site #1 (BR01),03/08/2018 11:35:00,AMBIENT,PHOSP-PHOSP,Phosphate-phosphorus (AS P),Total,,0.12,mg/l,True,0.1,,,LAC10-115-01-1C,UHL001,Actual,SW,Water,,,Clayton,07060001,River/Stream,,43.0404991,-91.2055504
6,10220003,Bloody Run Creek Site #1 (BR01),02/05/2018 09:10:00,AMBIENT,PHOSP-PHOSP,Phosphate-phosphorus (AS P),Total,,0.15,mg/l,True,0.1,,,LAC10-115-01-1C,UHL001,Actual,SW,Water,,,Clayton,07060001,River/Stream,,43.0404991,-91.2055504
6,10220003,Bloody Run Creek Site #1 (BR01),05/08/2018 09:40:00,AMBIENT,PHOSP-PHOSP,Phosphate-phosphorus (AS P),Total,,0.04,mg/l,True,0.02,,,LAC10-115-01-1D,UHL001,Actual,SW,Water,,,Clayton,07060001,River/Stream,,43.0404991,-91.2055504
6,10220003,Bloody Run Creek Site #1 (BR01),04/10/2018 09:30:00,AMBIENT,PHOSP-PHOSP,Phosphate-phosphorus (AS P),Total,,0.11,mg/l,True,0.10,,,LAC10-115-01-1C,UHL001,Actual,SW,Water,,,Clayton,07060001,River/Stream,,43.0404991,-91.2055504
6,10220003,Bloody Run Creek Site #1 (BR01),06/07/2018 10:15:00,AMBIENT,PHOSP-PHOSP,Phosphate-phosphorus (AS P),Total,,0.12,mg/l,True,0.1,,,LAC10-115-01-1C,UHL001,Actual,SW,Water,,,Clayton,07060001,River/Stream,,43.0404991,-91.2055504
6,10220003,Bloody Run Creek Site #1 (BR01),07/09/2018 10:20:00,AMBIENT,PHOSP-PHOSP,Phosphate-phosphorus (AS P),Total,,0.05,mg/l,True,0.02,,,LAC10-115-01-1D,UHL001,Actual,SW,Water,,,Clayton,07060001,River/Stream,,43.0404991,-91.2055504
6,10220003,Bloody Run Creek Site #1 (BR01),08/07/2018 10:00:00,AMBIENT,PHOSP-PHOSP,Phosphate-phosphorus (AS P),Total,,0.18,mg/l,True,0.1,,,LAC10-115-01-1C,UHL001,Actual,SW,Water,,,Clayton,07060001,River/Stream,,43.0404991,-91.2055504
6,10220003,Bloody Run Creek Site #1 (BR01),09/06/2018 10:30:00,AMBIENT,PHOSP-PHOSP,Phosphate-phosphorus (AS P),Total,,0.4,mg/l,True,0.1,,,LAC10-115-01-1C,UHL001,Actual,SW,Water,,,Clayton,07060001,River/Stream,,43.0404991,-91.2055504
6,10220003,Bloody Run Creek Site #1 (BR01),11/07/2018 10:10:00,AMBIENT,PHOSP-PHOSP,Phosphate-phosphorus (AS P),Total,,0.17,mg/l,True,0.1,,,LAC10-115-01-1C,UHL001,Actual,SW,Water,,,Clayton,07060001,River/Stream,,43.0404991,-91.2055504
6,10220003,Bloody Run Creek Site #1 (BR01),10/02/2018 10:25:00,AMBIENT,PHOSP-PHOSP,Phosphate-phosphorus (AS P),Total,,0.81,mg/l,True,0.1,,,LAC10-115-01-1C,UHL001,Actual,SW,Water,,,Clayton,07060001,River/Stream,,43.0404991,-91.2055504
6,10220003,Bloody Run Creek Site #1 (BR01),01/07/2019 11:45:00,AMBIENT,PHOSP-PHOSP,Phosphate-phosphorus (AS P),Total,,0.3,mg/l,True,0.1,,,LAC 10-115-01-2B,UHL001,Actual,SW,Water,,,Clayton,07060001,River/Stream,,43.0404991,-91.2055504
6,10220003,Bloody Run Creek Site #1 (BR01),12/05/2018 10:05:00,AMBIENT,PHOSP-PHOSP,Phosphate-phosphorus (AS P),Total,,0.06,mg/l,True,0.02,,,LAC10-115-01-1D,UHL001,Actual,SW,Water,,,Clayton,07060001,River/Stream,,43.0404991,-91.2055504
6,10220003,Bloody Run Creek Site #1 (BR01),02/07/2019 08:55:00,AMBIENT,PHOSP-PHOSP,Phosphate-phosphorus (AS P),Total,,0.12,mg/l,True,0.10,,,LAC 10-115-01-2B,UHL001,Actual,SW,Water,,,Clayton,07060001,River/Stream,,43.0404991,-91.2055504
6,10220003,Bloody Run Creek Site #1 (BR01),03/07/2019 09:40:00,AMBIENT,PHOSP-PHOSP,Phosphate-phosphorus (AS P),Total,,0.04,mg/l,True,0.02,,,LAC 10-115-01-1F,UHL001,Actual,SW,Water,,,Clayton,07060001,River/Stream,,43.0404991,-91.2055504
6,10220003,Bloody Run Creek Site #1 (BR01),04/04/2019 09:20:00,AMBIENT,PHOSP-PHOSP,Phosphate-phosphorus (AS P),Total,,0.03,mg/l,True,0.02,,,LAC 10-115-01-1F,UHL001,Actual,SW,Water,,,Clayton,07060001,River/Stream,,43.0404991,-91.2055504
6,10220003,Bloody Run Creek Site #1 (BR01),05/07/2019 09:20:00,AMBIENT,PHOSP-PHOSP,Phosphate-phosphorus (AS P),Total,,0.06,mg/l,True,0.02,,,LAC 10-115-01-1F,UHL001,Actual,SW,Water,,,Clayton,07060001,River/Stream,,43.0404991,-91.2055504
6,10220003,Bloody Run Creek Site #1 (BR01),06/05/2019 08:45:00,AMBIENT,PHOSP-PHOSP,Phosphate-phosphorus (AS P),Total,,0.52,mg/l,True,0.1,,,LAC 10-115-01-2B,UHL001,Actual,SW,Water,,,Clayton,07060001,River/Stream,,43.0404991,-91.2055504
6,10220003,Bloody Run Creek Site #1 (BR01),07/02/2019 10:30:00,AMBIENT,PHOSP-PHOSP,Phosphate-phosphorus (AS P),Total,,0.24,mg/l,True,0.1,,,LAC 10-115-01-2B,UHL001,Actual,SW,Water,,,Clayton,07060001,River/Stream,,43.0404991,-91.2055504
6,10220003,Bloody Run Creek Site #1 (BR01),08/08/2019 10:10:00,AMBIENT,PHOSP-PHOSP,Phosphate-phosphorus (AS P),Total,,0.06,mg/l,True,0.02,,,LAC 10-115-01-1F,UHL001,Actual,SW,Water,,,Clayton,07060001,River/Stream,,43.0404991,-91.2055504
6,10220003,Bloody Run Creek Site #1 (BR01),09/05/2019 09:15:00,AMBIENT,PHOSP-PHOSP,Phosphate-phosphorus (AS P),Total,,0.05,mg/l,True,0.02,,,LAC 10-115-01-1F,UHL001,Actual,SW,Water,,,Clayton,07060001,River/Stream,,43.0404991,-91.2055504
6,10220003,Bloody Run Creek Site #1 (BR01),10/02/2019 10:10:00,AMBIENT,PHOSP-PHOSP,Phosphate-phosphorus (AS P),Total,,1.2,mg/l,True,0.1,,,LAC 10-115-01-2B,UHL001,Actual,SW,Water,,,Clayton,07060001,River/Stream,,43.0404991,-91.2055504
6,10220003,Bloody Run Creek Site #1 (BR01),12/05/2019 10:40:00,AMBIENT,PHOSP-PHOSP,Phosphate-phosphorus (AS P),Total,,0.06,mg/l,True,0.02,,,LAC 10-115-01-1F,UHL001,Actual,SW,Water,,,Clayton,07060001,River/Stream,,43.0404991,-91.2055504
6,10220003,Bloody Run Creek Site #1 (BR01),11/05/2019 11:30:00,AMBIENT,PHOSP-PHOSP,Phosphate-phosphorus (AS P),Total,,0.04,mg/l,True,0.02,,,LAC 10-115-01-1F,UHL001,Actual,SW,Water,,,Clayton,07060001,River/Stream,,43.0404991,-91.2055504
6,10220003,Bloody Run Creek Site #1 (BR01),01/07/2020 11:40:00,AMBIENT,PHOSP-PHOSP,Phosphate-phosphorus (AS P),Total,,0.04,mg/l,True,0.02,,,LAC 10-115-01-1F,UHL001,Actual,SW,Water,,,Clayton,07060001,River/Stream,,43.0404991,-91.2055504
6,10220003,Bloody Run Creek Site #1 (BR01),02/04/2020 09:55:00,AMBIENT,PHOSP-PHOSP,Phosphate-phosphorus (AS P),Total,,0.03,mg/l,True,0.02,,,LAC 10-115-01-1F,UHL001,Actual,SW,Water,,,Clayton,07060001,River/Stream,,43.0404991,-91.2055504
6,10220003,Bloody Run Creek Site #1 (BR01),03/03/2020 11:40:00,AMBIENT,PHOSP-PHOSP,Phosphate-phosphorus (AS P),Total,,0.03,mg/l,True,0.02,,,LAC 10-115-01-1F,UHL001,Actual,SW,Water,,,Clayton,07060001,River/Stream,,43.0404991,-91.2055504
6,10220003,Bloody Run Creek Site #1 (BR01),04/07/2020 09:50:00,AMBIENT,PHOSP-PHOSP,Phosphate-phosphorus (AS P),Total,,0.03,mg/l,True,0.02,,,LAC 10-115-01-1F,UHL001,Actual,SW,Water,,,Clayton,07060001,River/Stream,,43.0404991,-91.2055504
6,10220003,Bloody Run Creek Site #1 (BR01),05/07/2020 11:10:00,AMBIENT,PHOSP-PHOSP,Phosphate-phosphorus (AS P),Total,,0.04,mg/l,True,0.02,,,LAC 10-115-01-1F,UHL001,Actual,SW,Water,,,Clayton,07060001,River/Stream,,43.0404991,-91.2055504
6,10220003,Bloody Run Creek Site #1 (BR01),06/04/2020 11:25:00,AMBIENT,PHOSP-PHOSP,Phosphate-phosphorus (AS P),Total,,0.26,mg/l,True,0.1,,,LAC 10-115-01-2B,UHL001,Actual,SW,Water,,,Clayton,07060001,River/Stream,,43.0404991,-91.2055504
6,10220003,Bloody Run Creek Site #1 (BR01),07/08/2020 11:30:00,AMBIENT,PHOSP-PHOSP,Phosphate-phosphorus (AS P),Total,,0.14,mg/l,True,0.1,,,LAC 10-115-01-2B,UHL001,Actual,SW,Water,,,Clayton,07060001,River/Stream,,43.0404991,-91.2055504
6,10220003,Bloody Run Creek Site #1 (BR01),08/06/2020 11:30:00,AMBIENT,PHOSP-PHOSP,Phosphate-phosphorus (AS P),Total,,0.04,mg/l,True,0.02,,,LAC 10-115-01-1F,UHL001,Actual,SW,Water,,,Clayton,07060001,River/Stream,,43.0404991,-91.2055504
6,10220003,Bloody Run Creek Site #1 (BR01),10/25/1994 12:05:00,SNY319,PHOSP-PHOSP,Phosphate-phosphorus (as P),Total,,0.1,mg/l,False,0.1,,,Unknown,SNY001,Actual,SW,Water,,,Clayton,07060001,River/Stream,,43.0404991,-91.2055504
6,10220001,Turkey River near Garber,05/01/2013 14:20:00,TURKEYR,PHOSP-PHOSP,Phosphate-phosphorus (AS P),Total,,0.09,mg/l,True,0.02,,,LAC10-115-01-1D,UHL001,Actual,SW,Water,,,Clayton,07060004,River/Stream,,42.739547,-91.2619757
6,10220001,Turkey River near Garber,11/06/2013 12:07:00,TURKEYR,PHOSP-PHOSP,Phosphate-phosphorus (AS P),Total,,0.07,mg/l,True,0.02,,,LAC10-115-01-1D,UHL001,Actual,SW,Water,,,Clayton,07060004,River/Stream,,42.739547,-91.2619757
6,10220002,Volga River near Elkport,09/03/2014 11:25:00,AMBIENT,PHOSP-PHOSP,Phosphate-phosphorus (AS P),Total,,0.14,mg/l,True,0.02,,,LAC10-115-01-1D,UHL001,Actual,SW,Water,,,Clayton,07060004,River/Stream,,42.7497293,-91.2767798
6,10220002,Volga River near Elkport,08/07/2013 12:15:00,TURKEYR,PHOSP-PHOSP,Phosphate-phosphorus (AS P),Total,,0.1,mg/l,True,0.02,,,LAC10-115-01-1D,UHL001,Actual,SW,Water,,,Clayton,07060004,River/Stream,,42.7497293,-91.2767798
6,10220002,Volga River near Elkport,07/10/2013 10:15:00,TURKEYR,PHOSP-PHOSP,Phosphate-phosphorus (AS P),Total,,0.15,mg/l,True,0.02,,,LAC10-115-01-1D,UHL001,Actual,SW,Water,,,Clayton,07060004,River/Stream,,42.7497293,-91.2767798
6,10220002,Volga River near Elkport,08/04/2014 08:50:00,AMBIENT,PHOSP-PHOSP,Phosphate-phosphorus (AS P),Total,,0.08,mg/l,True,0.02,,,LAC10-115-01-1D,UHL001,Actual,SW,Water,,,Clayton,07060004,River/Stream,,42.7497293,-91.2767798
6,10220002,Volga River near Elkport,06/10/2014 08:00:00,AMBIENT,PHOSP-PHOSP,Phosphate-phosphorus (AS P),Total,,0.12,mg/l,True,0.02,,,LAC10-115-01-1D,UHL001,Actual,SW,Water,,,Clayton,07060004,River/Stream,,42.7497293,-91.2767798
6,10220002,Volga River near Elkport,04/02/2015 07:30:00,AMBIENT,PHOSP-PHOSP,Phosphate-phosphorus (AS P),Total,,0.1,mg/l,True,0.02,,,LAC10-115-01-1D,UHL001,Actual,SW,Water,,,Clayton,07060004,River/Stream,,42.7497293,-91.2767798
6,10220001,Turkey River near Garber,04/02/2015 07:45:00,AMBIENT,PHOSP-PHOSP,Phosphate-phosphorus (AS P),Total,,0.12,mg/l,True,0.02,,,LAC10-115-01-1D,UHL001,Actual,SW,Water,,,Clayton,07060004,River/Stream,,42.739547,-91.2619757
6,10220002,Volga River near Elkport,07/02/2015 06:40:00,AMBIENT,PHOSP-PHOSP,Phosphate-phosphorus (AS P),Total,,0.2,mg/l,True,0.02,,,LAC10-115-01-1D,UHL001,Actual,SW,Water,,,Clayton,07060004,River/Stream,,42.7497293,-91.2767798
6,10220001,Turkey River near Garber,07/02/2015 07:00:00,AMBIENT,PHOSP-PHOSP,Phosphate-phosphorus (AS P),Total,,0.18,mg/l,True,0.02,,,LAC10-115-01-1D,UHL001,Actual,SW,Water,,,Clayton,07060004,River/Stream,,42.739547,-91.2619757
6,10220001,Turkey River near Garber,12/03/2014 07:55:00,AMBIENT,PHOSP-PHOSP,Phosphate-phosphorus (AS P),Total,,0.1,mg/l,True,0.02,,,LAC10-115-01-1D,UHL001,Actual,SW,Water,,,Clayton,07060004,River/Stream,,42.739547,-91.2619757
6,10220003,Bloody Run Creek Site #1 (BR01),11/01/1994 10:00:00,SNY319,PHOSP-PHOSP,Phosphate-phosphorus (as P),Total,,0.1,mg/l,False,0.1,,,Unknown,SNY001,Actual,SW,Water,,,Clayton,07060001,River/Stream,,43.0404991,-91.2055504
6,10220002,Volga River near Elkport,12/03/2014 07:30:00,AMBIENT,PHOSP-PHOSP,Phosphate-phosphorus (AS P),Total,,0.09,mg/l,True,0.02,,,LAC10-115-01-1D,UHL001,Actual,SW,Water,,,Clayton,07060004,River/Stream,,42.7497293,-91.2767798
6,10220002,Volga River near Elkport,06/06/2012 08:50:00,TURKEYR,PHOSP-PHOSP,Phosphate-phosphorus (as P),Total,,0.09,mg/l,True,0.02,,,LAC10-115-01-1D,IGS-GRAB,Actual,SW,Water,,,Clayton,07060004,River/Stream,,42.7497293,-91.2767798
6,10220002,Volga River near Elkport,08/01/2012 06:12:00,TURKEYR,PHOSP-PHOSP,Phosphate-phosphorus (as P),Total,,0.09,mg/l,True,0.02,,,LAC10-115-01-1D,IGS-GRAB,Actual,SW,Water,,,Clayton,07060004,River/Stream,,42.7497293,-91.2767798
6,10220002,Volga River near Elkport,11/01/2012 08:20:00,AMBIENT,PHOSP-PHOSP,Phosphate-phosphorus (as P),Total,,0.05,mg/l,True,0.02,,,LAC10-115-01-1D,UHL001,Actual,SW,Water,,,Clayton,07060004,River/Stream,,42.7497293,-91.2767798
6,10220002,Volga River near Elkport,05/02/2012 10:43:00,TURKEYR,PHOSP-PHOSP,Phosphate-phosphorus (as P),Total,,0.11,mg/l,True,0.02,,,LAC10-115-01-1D,IGS-GRAB,Actual,SW,Water,,,Clayton,07060004,River/Stream,,42.7497293,-91.2767798
6,10220002,Volga River near Elkport,01/03/2013 08:45:00,AMBIENT,PHOSP-PHOSP,Phosphate-phosphorus (AS P),Total,,0.05,mg/l,True,0.02,,,LAC10-115-01-1D,UHL001,Actual,SW,Water,,,Clayton,07060004,River/Stream,,42.7497293,-91.2767798
6,10220002,Volga River near Elkport,10/03/2012 12:48:00,TURKEYR,PHOSP-PHOSP,Phosphate-phosphorus (as P),Total,,0.03,mg/l,True,0.02,,,LAC10-115-01-1D,IGS-GRAB,Actual,SW,Water,,,Clayton,07060004,River/Stream,,42.7497293,-91.2767798
6,10220002,Volga River near Elkport,05/02/2013 12:20:00,AMBIENT,PHOSP-PHOSP,Phosphate-phosphorus (AS P),Total,,0.08,mg/l,True,0.02,,,LAC10-115-01-1D,UHL001,Actual,SW,Water,,,Clayton,07060004,River/Stream,,42.7497293,-91.2767798
6,10220002,Volga River near Elkport,06/05/2013 08:15:00,AMBIENT,PHOSP-PHOSP,Phosphate-phosphorus (AS P),Total,,0.19,mg/l,True,0.02,,,LAC10-115-01-1D,UHL001,Actual,SW,Water,,,Clayton,07060004,River/Stream,,42.7497293,-91.2767798
6,10220002,Volga River near Elkport,08/01/2013 12:50:00,AMBIENT,PHOSP-PHOSP,Phosphate-phosphorus (AS P),Total,,0.09,mg/l,True,0.02,,,LAC10-115-01-1D,UHL001,Actual,SW,Water,,,Clayton,07060004,River/Stream,,42.7497293,-91.2767798
6,10220002,Volga River near Elkport,07/02/2013 06:50:00,AMBIENT,PHOSP-PHOSP,Phosphate-phosphorus (AS P),Total,,0.14,mg/l,True,0.02,,,LAC10-115-01-1D,UHL001,Actual,SW,Water,,,Clayton,07060004,River/Stream,,42.7497293,-91.2767798
6,10220002,Volga River near Elkport,12/05/2013 09:00:00,AMBIENT,PHOSP-PHOSP,Phosphate-phosphorus (AS P),Total,,0.05,mg/l,True,0.02,,,LAC10-115-01-1D,UHL001,Actual,SW,Water,,,Clayton,07060004,River/Stream,,42.7497293,-91.2767798
6,10220002,Volga River near Elkport,03/03/2014 09:00:00,AMBIENT,PHOSP-PHOSP,Phosphate-phosphorus (AS P),Total,,0.04,mg/l,True,0.02,,,LAC10-115-01-1D,UHL001,Actual,SW,Water,,,Clayton,07060004,River/Stream,,42.7497293,-91.2767798
6,10220002,Volga River near Elkport,04/01/2014 07:30:00,AMBIENT,PHOSP-PHOSP,Phosphate-phosphorus (AS P),Total,,0.39,mg/l,True,0.02,,,LAC10-115-01-1D,UHL001,Actual,SW,Water,,,Clayton,07060004,River/Stream,,42.7497293,-91.2767798
6,10220002,Volga River near Elkport,05/05/2014 08:15:00,AMBIENT,PHOSP-PHOSP,Phosphate-phosphorus (AS P),Total,,0.08,mg/l,True,0.02,,,LAC10-115-01-1D,UHL001,Actual,SW,Water,,,Clayton,07060004,River/Stream,,42.7497293,-91.2767798
6,10220002,Volga River near Elkport,04/10/2007 08:00:00,AMBIENT,PHOSP-PHOSP,Phosphate-phosphorus (as P),Total,,0.12,mg/l,True,0.02,,,365.4,UHL001,Actual,SW,Water,,,Clayton,07060004,River/Stream,,42.7497293,-91.2767798
6,10220002,Volga River near Elkport,07/12/2007 08:10:00,AMBIENT,PHOSP-PHOSP,Phosphate-phosphorus (as P),Total,,0.08,mg/l,True,0.02,,,365.4,UHL001,Actual,SW,Water,,,Clayton,07060004,River/Stream,,42.7497293,-91.2767798
6,10220002,Volga River near Elkport,09/12/2007 08:50:00,AMBIENT,PHOSP-PHOSP,Phosphate-phosphorus (as P),Total,,0.11,mg/l,True,0.02,,,365.4,UHL001,Actual,SW,Water,,,Clayton,07060004,River/Stream,,42.7497293,-91.2767798
6,10220002,Volga River near Elkport,11/01/2007 10:10:00,AMBIENT,PHOSP-PHOSP,Phosphate-phosphorus (as P),Total,,0.08,mg/l,True,0.02,,,365.4,UHL001,Actual,SW,Water,,,Clayton,07060004,River/Stream,,42.7497293,-91.2767798
6,10220002,Volga River near Elkport,12/04/2007 09:00:00,AMBIENT,PHOSP-PHOSP,Phosphate-phosphorus (as P),Total,,0.04,mg/l,True,0.02,,,365.4,UHL001,Actual,SW,Water,,,Clayton,07060004,River/Stream,,42.7497293,-91.2767798
6,10220002,Volga River near Elkport,03/10/2008 08:10:00,AMBIENT,PHOSP-PHOSP,Phosphate-phosphorus (as P),Total,,0.07,mg/l,True,0.02,,,365.4,UHL001,Actual,SW,Water,,,Clayton,07060004,River/Stream,,42.7497293,-91.2767798
6,10220002,Volga River near Elkport,02/21/2007 08:50:00,AMBIENT,PHOSP-PHOSP,Phosphate-phosphorus (as P),Total,,0.04,mg/l,True,0.02,,,365.4,UHL001,Actual,SW,Water,,,Clayton,07060004,River/Stream,,42.7497293,-91.2767798
6,10220002,Volga River near Elkport,06/03/2008 08:00:00,AMBIENT,PHOSP-PHOSP,Phosphate-phosphorus (as P),Total,,0.32,mg/l,True,0.02,,,365.4,UHL001,Actual,SW,Water,,,Clayton,07060004,River/Stream,,42.7497293,-91.2767798
6,10220002,Volga River near Elkport,05/06/2009 08:55:00,AMBIENT,PHOSP-PHOSP,Phosphate-phosphorus (as P),Total,,0.17,mg/l,True,0.02,,,365.4,UHL001,Actual,SW,Water,,,Clayton,07060004,River/Stream,,42.7497293,-91.2767798
6,10220002,Volga River near Elkport,07/06/2009 13:35:00,AMBIENT,PHOSP-PHOSP,Phosphate-phosphorus (as P),Total,,0.06,mg/l,True,0.02,,,365.4,UHL001,Actual,SW,Water,,,Clayton,07060004,River/Stream,,42.7497293,-91.2767798
6,10220002,Volga River near Elkport,12/03/2009 09:00:00,AMBIENT,PHOSP-PHOSP,Phosphate-phosphorus (as P),Total,,0.06,mg/l,True,0.02,,,365.4,UHL001,Actual,SW,Water,,,Clayton,07060004,River/Stream,,42.7497293,-91.2767798
6,10220002,Volga River near Elkport,11/05/2009 08:30:00,AMBIENT,PHOSP-PHOSP,Phosphate-phosphorus (as P),Total,,0.14,mg/l,True,0.02,,,365.4,UHL001,Actual,SW,Water,,,Clayton,07060004,River/Stream,,42.7497293,-91.2767798
6,10220002,Volga River near Elkport,10/08/2009 09:10:00,AMBIENT,PHOSP-PHOSP,Phosphate-phosphorus (as P),Total,,0.09,mg/l,True,0.02,,,365.4,UHL001,Actual,SW,Water,,,Clayton,07060004,River/Stream,,42.7497293,-91.2767798
6,10220002,Volga River near Elkport,04/04/2006 08:35:00,AMBIENT,PHOSP-PHOSP,Phosphate-phosphorus (as P),Total,,0.56,mg/l,True,0.05,,,365.4,UHL001,Actual,SW,Water,,,Clayton,07060004,River/Stream,,42.7497293,-91.2767798
6,10220002,Volga River near Elkport,02/03/2010 09:00:00,AMBIENT,PHOSP-PHOSP,Phosphate-phosphorus (as P),Total,,0.05,mg/l,True,0.02,,,365.4,UHL001,Actual,SW,Water,,,Clayton,07060004,River/Stream,,42.7497293,-91.2767798
6,10220002,Volga River near Elkport,05/03/2010 07:15:00,AMBIENT,PHOSP-PHOSP,Phosphate-phosphorus (as P),Total,,0.09,mg/l,True,0.02,,,365.4,UHL001,Actual,SW,Water,,,Clayton,07060004,River/Stream,,42.7497293,-91.2767798
6,10220002,Volga River near Elkport,04/05/2010 08:45:00,AMBIENT,PHOSP-PHOSP,Phosphate-phosphorus (as P),Total,,0.08,mg/l,True,0.02,,,365.4,UHL001,Actual,SW,Water,,,Clayton,07060004,River/Stream,,42.7497293,-91.2767798
6,10220002,Volga River near Elkport,03/01/2011 08:20:00,AMBIENT,PHOSP-PHOSP,Phosphate-phosphorus (as P),Total,,0.16,mg/l,True,0.02,,,365.4,UHL001,Actual,SW,Water,,,Clayton,07060004,River/Stream,,42.7497293,-91.2767798
6,10220002,Volga River near Elkport,12/02/2010 09:10:00,AMBIENT,PHOSP-PHOSP,Phosphate-phosphorus (as P),Total,,0.05,mg/l,True,0.02,,,365.4,UHL001,Actual,SW,Water,,,Clayton,07060004,River/Stream,,42.7497293,-91.2767798
6,10220002,Volga River near Elkport,11/02/2010 09:15:00,AMBIENT,PHOSP-PHOSP,Phosphate-phosphorus (as P),Total,,0.05,mg/l,True,0.02,,,365.4,UHL001,Actual,SW,Water,,,Clayton,07060004,River/Stream,,42.7497293,-91.2767798
6,10220002,Volga River near Elkport,07/05/2011 09:30:00,AMBIENT,PHOSP-PHOSP,Phosphate-phosphorus (as P),Total,,0.08,mg/l,True,0.02,,,365.4,UHL001,Actual,SW,Water,,,Clayton,07060004,River/Stream,,42.7497293,-91.2767798
6,10220002,Volga River near Elkport,05/02/2011 08:30:00,AMBIENT,PHOSP-PHOSP,Phosphate-phosphorus (as P),Total,,0.12,mg/l,True,0.02,,,365.4,UHL001,Actual,SW,Water,,,Clayton,07060004,River/Stream,,42.7497293,-91.2767798
6,10220002,Volga River near Elkport,09/01/2011 12:30:00,AMBIENT,PHOSP-PHOSP,Phosphate-phosphorus (as P),Total,,0.13,mg/l,True,0.02,,,365.4,UHL001,Actual,SW,Water,,,Clayton,07060004,River/Stream,,42.7497293,-91.2767798
6,10220002,Volga River near Elkport,07/06/2011 12:10:00,TURKEYR,PHOSP-PHOSP,Phosphate-phosphorus (as P),Total,,0.07,mg/l,True,0.02,,,365.4,IGS-GRAB,Actual,SW,Water,,,Clayton,07060004,River/Stream,,42.7497293,-91.2767798
6,10220002,Volga River near Elkport,11/02/2011 08:55:00,AMBIENT,PHOSP-PHOSP,Phosphate-phosphorus (as P),Total,,0.04,mg/l,True,0.02,,,365.4,UHL001,Actual,SW,Water,,,Clayton,07060004,River/Stream,,42.7497293,-91.2767798
6,10220002,Volga River near Elkport,09/07/2011 11:10:00,TURKEYR,PHOSP-PHOSP,Phosphate-phosphorus (as P),Total,,0.19,mg/l,True,0.02,,,365.4,IGS-GRAB,Actual,SW,Water,,,Clayton,07060004,River/Stream,,42.7497293,-91.2767798
6,10220002,Volga River near Elkport,06/01/2011 12:30:00,TURKEYR,PHOSP-PHOSP,Phosphate-phosphorus (as P),Total,,0.11,mg/l,True,0.02,,,365.4,IGS-GRAB,Actual,SW,Water,,,Clayton,07060004,River/Stream,,42.7497293,-91.2767798
6,10220002,Volga River near Elkport,10/03/2011 08:15:00,AMBIENT,PHOSP-PHOSP,Phosphate-phosphorus (as P),Total,,0.07,mg/l,True,0.02,,,365.4,UHL001,Actual,SW,Water,,,Clayton,07060004,River/Stream,,42.7497293,-91.2767798
6,10220002,Volga River near Elkport,12/06/2011 08:40:00,AMBIENT,PHOSP-PHOSP,Phosphate-phosphorus (as P),Total,,0.18,mg/l,True,0.02,,,365.4,UHL001,Actual,SW,Water,,,Clayton,07060004,River/Stream,,42.7497293,-91.2767798
6,10220002,Volga River near Elkport,11/02/2011 14:10:00,TURKEYR,PHOSP-PHOSP,Phosphate-phosphorus (as P),Total,,0.02,mg/l,False,0.02,,,365.4,IGS-GRAB,Actual,SW,Water,,,Clayton,07060004,River/Stream,,42.7497293,-91.2767798
6,10220002,Volga River near Elkport,08/01/2012 08:00:00,AMBIENT,PHOSP-PHOSP,Phosphate-phosphorus (as P),Total,,0.14,mg/l,True,0.02,,,LAC10-115-01-1D,UHL001,Actual,SW,Water,,,Clayton,07060004,River/Stream,,42.7497293,-91.2767798
6,10220002,Volga River near Elkport,07/05/2012 08:00:00,AMBIENT,PHOSP-PHOSP,Phosphate-phosphorus (as P),Total,,0.1,mg/l,True,0.02,,,LAC10-115-01-1D,UHL001,Actual,SW,Water,,,Clayton,07060004,River/Stream,,42.7497293,-91.2767798
6,10220003,Bloody Run Creek Site #1 (BR01),05/23/1995 13:20:00,SNY319,PHOSP-PHOSP,Phosphate-phosphorus (as P),Total,,0.3,mg/l,True,0.1,,,Unknown,SNY001,Actual,SW,Water,,,Clayton,07060001,River/Stream,,43.0404991,-91.2055504
6,10220002,Volga River near Elkport,12/07/1999 08:50:00,AMBIENT,PHOSP-PHOSP,Phosphate-phosphorus (as P),Total,,0.1,mg/l,False,0.1,,,Unknown,UHL001,Actual,SW,Water,,,Clayton,07060004,River/Stream,,42.7497293,-91.2767798
6,10220002,Volga River near Elkport,10/07/1999 13:10:00,AMBIENT,PHOSP-PHOSP,Phosphate-phosphorus (as P),Total,,0.1,mg/l,False,0.1,,,Unknown,UHL001,Actual,SW,Water,,,Clayton,07060004,River/Stream,,42.7497293,-91.2767798
6,10220002,Volga River near Elkport,01/13/2000 08:30:00,AMBIENT,PHOSP-PHOSP,Phosphate-phosphorus (as P),Total,,0.1,mg/l,False,0.1,,,Unknown,UHL001,Actual,SW,Water,,,Clayton,07060004,River/Stream,,42.7497293,-91.2767798
6,10220002,Volga River near Elkport,04/20/2000 08:40:00,AMBIENT,PHOSP-PHOSP,Phosphate-phosphorus (as P),Total,,7.9,mg/l,True,0.1,,,Unknown,UHL001,Actual,SW,Water,,,Clayton,07060004,River/Stream,,42.7497293,-91.2767798
6,10220002,Volga River near Elkport,05/16/2000 09:55:00,AMBIENT,PHOSP-PHOSP,Phosphate-phosphorus (as P),Total,,0.1,mg/l,True,0.1,,,Unknown,UHL001,Actual,SW,Water,,,Clayton,07060004,River/Stream,,42.7497293,-91.2767798
6,10220002,Volga River near Elkport,06/14/2000 15:20:00,AMBIENT,PHOSP-PHOSP,Phosphate-phosphorus (as P),Total,,0.9,mg/l,True,0.1,,,Unknown,UHL001,Actual,SW,Water,,,Clayton,07060004,River/Stream,,42.7497293,-91.2767798
6,10220003,Bloody Run Creek Site #1 (BR01),02/28/1995 09:05:00,SNY319,PHOSP-PHOSP,Phosphate-phosphorus (as P),Total,,0.1,mg/l,False,0.1,,,Unknown,SNY001,Actual,SW,Water,,,Clayton,07060001,River/Stream,,43.0404991,-91.2055504
6,10220003,Bloody Run Creek Site #1 (BR01),02/21/1995 10:00:00,SNY319,PHOSP-PHOSP,Phosphate-phosphorus (as P),Total,,0.6,mg/l,True,0.1,,,Unknown,SNY001,Actual,SW,Water,,,Clayton,07060001,River/Stream,,43.0404991,-91.2055504
6,10220003,Bloody Run Creek Site #1 (BR01),03/21/1995 10:10:00,SNY319,PHOSP-PHOSP,Phosphate-phosphorus (as P),Total,,0.1,mg/l,True,0.1,,,Unknown,SNY001,Actual,SW,Water,,,Clayton,07060001,River/Stream,,43.0404991,-91.2055504
6,10220003,Bloody Run Creek Site #1 (BR01),04/11/1995 12:45:00,SNY319,PHOSP-PHOSP,Phosphate-phosphorus (as P),Total,,0.2,mg/l,True,0.1,,,Unknown,SNY001,Actual,SW,Water,,,Clayton,07060001,River/Stream,,43.0404991,-91.2055504
6,10220003,Bloody Run Creek Site #1 (BR01),05/02/1995 09:20:00,SNY319,PHOSP-PHOSP,Phosphate-phosphorus (as P),Total,,0.1,mg/l,False,0.1,,,Unknown,SNY001,Actual,SW,Water,,,Clayton,07060001,River/Stream,,43.0404991,-91.2055504
6,10220002,Volga River near Elkport,07/12/2000 10:15:00,AMBIENT,PHOSP-PHOSP,Phosphate-phosphorus (as P),Total,,0.4,mg/l,True,0.1,,,Unknown,UHL001,Actual,SW,Water,,,Clayton,07060004,River/Stream,,42.7497293,-91.2767798
6,10220002,Volga River near Elkport,08/16/2000 12:45:00,AMBIENT,PHOSP-PHOSP,Phosphate-phosphorus (as P),Total,,0.1,mg/l,True,0.1,,,Unknown,UHL001,Actual,SW,Water,,,Clayton,07060004,River/Stream,,42.7497293,-91.2767798
6,10220002,Volga River near Elkport,06/07/2001 09:00:00,AMBIENT,PHOSP-PHOSP,Phosphate-phosphorus (as P),Total,,0.2,mg/l,True,0.1,,,Unknown,UHL001,Actual,SW,Water,,,Clayton,07060004,River/Stream,,42.7497293,-91.2767798
6,10220002,Volga River near Elkport,11/08/1999 09:55:00,AMBIENT,PHOSP-PHOSP,Phosphate-phosphorus (as P),Total,,0.1,mg/l,False,0.1,,,Unknown,UHL001,Actual,SW,Water,,,Clayton,07060004,River/Stream,,42.7497293,-91.2767798
6,10220002,Volga River near Elkport,11/09/2000 08:00:00,AMBIENT,PHOSP-PHOSP,Phosphate-phosphorus (as P),Total,,0.1,mg/l,True,0.1,,,Unknown,UHL001,Actual,SW,Water,,,Clayton,07060004,River/Stream,,42.7497293,-91.2767798
6,10220002,Volga River near Elkport,12/12/2000 10:00:00,AMBIENT,PHOSP-PHOSP,Phosphate-phosphorus (as P),Total,,0.2,mg/l,True,0.1,,,Unknown,UHL001,Actual,SW,Water,,,Clayton,07060004,River/Stream,,42.7497293,-91.2767798
6,10220002,Volga River near Elkport,01/09/2001 09:30:00,AMBIENT,PHOSP-PHOSP,Phosphate-phosphorus (as P),Total,,0.2,mg/l,True,0.1,,,Unknown,UHL001,Actual,SW,Water,,,Clayton,07060004,River/Stream,,42.7497293,-91.2767798
6,10220002,Volga River near Elkport,02/07/2001 08:55:00,AMBIENT,PHOSP-PHOSP,Phosphate-phosphorus (as P),Total,,0.1,mg/l,False,0.1,,,Unknown,UHL001,Actual,SW,Water,,,Clayton,07060004,River/Stream,,42.7497293,-91.2767798
6,10220002,Volga River near Elkport,11/06/2001 08:25:00,AMBIENT,PHOSP-PHOSP,Phosphate-phosphorus (as P),Total,,0.05,mg/l,False,0.05,,,Unknown,UHL001,Actual,SW,Water,,,Clayton,07060004,River/Stream,,42.7497293,-91.2767798
6,10220002,Volga River near Elkport,12/04/2001 07:55:00,AMBIENT,PHOSP-PHOSP,Phosphate-phosphorus (as P),Total,,0.05,mg/l,False,0.05,,,Unknown,UHL001,Actual,SW,Water,,,Clayton,07060004,River/Stream,,42.7497293,-91.2767798
6,10220002,Volga River near Elkport,06/04/2002 08:20:00,AMBIENT,PHOSP-PHOSP,Phosphate-phosphorus (as P),Total,,10,mg/l,True,0.05,,,Unknown,UHL001,Actual,SW,Water,,,Clayton,07060004,River/Stream,,42.7497293,-91.2767798
6,10220002,Volga River near Elkport,07/01/2002 09:45:00,AMBIENT,PHOSP-PHOSP,Phosphate-phosphorus (as P),Total,,0.08,mg/l,True,0.05,,,Unknown,UHL001,Actual,SW,Water,,,Clayton,07060004,River/Stream,,42.7497293,-91.2767798
6,10220002,Volga River near Elkport,04/09/2001 09:05:00,AMBIENT,PHOSP-PHOSP,Phosphate-phosphorus (as P),Total,,0.2,mg/l,True,0.1,,,Unknown,UHL001,Actual,SW,Water,,,Clayton,07060004,River/Stream,,42.7497293,-91.2767798
6,10220002,Volga River near Elkport,02/05/2002 08:50:00,AMBIENT,PHOSP-PHOSP,Phosphate-phosphorus (as P),Total,,0.05,mg/l,False,0.05,,,Unknown,UHL001,Actual,SW,Water,,,Clayton,07060004,River/Stream,,42.7497293,-91.2767798
6,10220002,Volga River near Elkport,08/06/2002 08:15:00,AMBIENT,PHOSP-PHOSP,Phosphate-phosphorus (as P),Total,,0.15,mg/l,True,0.05,,,Unknown,UHL001,Actual,SW,Water,,,Clayton,07060004,River/Stream,,42.7497293,-91.2767798
6,10220002,Volga River near Elkport,04/02/2002 08:10:00,AMBIENT,PHOSP-PHOSP,Phosphate-phosphorus (as P),Total,,0.05,mg/l,False,0.05,,,Unknown,UHL001,Actual,SW,Water,,,Clayton,07060004,River/Stream,,42.7497293,-91.2767798
6,10220002,Volga River near Elkport,01/14/1999 08:40:00,AMBIENT,PHOSP-PHOSP,Phosphate-phosphorus (as P),Total,,0.1,mg/l,False,0.1,,,Unknown,UHL001,Actual,SW,Water,,,Clayton,07060004,River/Stream,,42.7497293,-91.2767798
6,10220002,Volga River near Elkport,04/21/1999 10:40:00,AMBIENT,PHOSP-PHOSP,Phosphate-phosphorus (as P),Total,,0.1,mg/l,True,0.1,,,Unknown,UHL001,Actual,SW,Water,,,Clayton,07060004,River/Stream,,42.7497293,-91.2767798
6,10220002,Volga River near Elkport,07/29/1999 14:40:00,AMBIENT,PHOSP-PHOSP,Phosphate-phosphorus (as P),Total,,0.4,mg/l,True,0.1,,,Unknown,UHL001,Actual,SW,Water,,,Clayton,07060004,River/Stream,,42.7497293,-91.2767798
6,10220002,Volga River near Elkport,10/15/1998 08:55:00,AMBIENT,PHOSP-PHOSP,Phosphate-phosphorus (as P),Total,,0.1,mg/l,True,0.1,,,Unknown,UHL001,Actual,SW,Water,,,Clayton,07060004,River/Stream,,42.7497293,-91.2767798
6,10220002,Volga River near Elkport,10/01/2002 09:55:00,AMBIENT,PHOSP-PHOSP,Phosphate-phosphorus (as P),Total,,0.09,mg/l,True,0.05,,,Unknown,UHL001,Actual,SW,Water,,,Clayton,07060004,River/Stream,,42.7497293,-91.2767798
6,10220002,Volga River near Elkport,12/03/2002 08:50:00,AMBIENT,PHOSP-PHOSP,Phosphate-phosphorus (as P),Total,,0.05,mg/l,False,0.05,,,365.4,UHL001,Actual,SW,Water,,,Clayton,07060004,River/Stream,,42.7497293,-91.2767798
6,10220002,Volga River near Elkport,01/07/2003 08:45:00,AMBIENT,PHOSP-PHOSP,Phosphate-phosphorus (as P),Total,,0.05,mg/l,False,0.05,,,365.4,UHL001,Actual,SW,Water,,,Clayton,07060004,River/Stream,,42.7497293,-91.2767798
6,10220002,Volga River near Elkport,05/06/2003 08:00:00,AMBIENT,PHOSP-PHOSP,Phosphate-phosphorus (as P),Total,,0.57,mg/l,True,0.05,,,365.4,UHL001,Actual,SW,Water,,,Clayton,07060004,River/Stream,,42.7497293,-91.2767798
6,10220002,Volga River near Elkport,09/02/2003 09:15:00,AMBIENT,PHOSP-PHOSP,Phosphate-phosphorus (as P),Total,,0.04,mg/l,True,0.02,,,365.4,UHL001,Actual,SW,Water,,,Clayton,07060004,River/Stream,,42.7497293,-91.2767798
6,10220002,Volga River near Elkport,03/05/2002 09:55:00,AMBIENT,PHOSP-PHOSP,Phosphate-phosphorus (as P),Total,,0.1,mg/l,True,0.05,,,Unknown,UHL001,Actual,SW,Water,,,Clayton,07060004,River/Stream,,42.7497293,-91.2767798
6,10220002,Volga River near Elkport,06/03/2003 08:40:00,AMBIENT,PHOSP-PHOSP,Phosphate-phosphorus (as P),Total,,0.06,mg/l,True,0.02,,,365.4,UHL001,Actual,SW,Water,,,Clayton,07060004,River/Stream,,42.7497293,-91.2767798
6,10220002,Volga River near Elkport,10/07/2003 08:40:00,AMBIENT,PHOSP-PHOSP,Phosphate-phosphorus (as P),Total,,0.04,mg/l,True,0.02,,,365.4,UHL001,Actual,SW,Water,,,Clayton,07060004,River/Stream,,42.7497293,-91.2767798
6,10220002,Volga River near Elkport,11/04/2003 16:50:00,AMBIENT,PHOSP-PHOSP,Phosphate-phosphorus (as P),Total,,0.9,mg/l,True,0.05,,,365.4,UHL001,Actual,SW,Water,,,Clayton,07060004,River/Stream,,42.7497293,-91.2767798
6,10220002,Volga River near Elkport,12/02/2003 08:40:00,AMBIENT,PHOSP-PHOSP,Phosphate-phosphorus (as P),Total,,0.02,mg/l,False,0.02,,,365.4,UHL001,Actual,SW,Water,,,Clayton,07060004,River/Stream,,42.7497293,-91.2767798
6,10220002,Volga River near Elkport,01/06/2004 09:40:00,AMBIENT,PHOSP-PHOSP,Phosphate-phosphorus (as P),Total,,0.04,mg/l,True,0.02,,,365.4,UHL001,Actual,SW,Water,,,Clayton,07060004,River/Stream,,42.7497293,-91.2767798
6,10220002,Volga River near Elkport,03/02/2004 08:50:00,AMBIENT,PHOSP-PHOSP,Phosphate-phosphorus (as P),Total,,0.73,mg/l,True,0.05,,,365.4,UHL001,Actual,SW,Water,,,Clayton,07060004,River/Stream,,42.7497293,-91.2767798
6,10220002,Volga River near Elkport,08/03/2004 10:00:00,AMBIENT,PHOSP-PHOSP,Phosphate-phosphorus (as P),Total,,0.21,mg/l,True,0.02,,,365.4,UHL001,Actual,SW,Water,,,Clayton,07060004,River/Stream,,42.7497293,-91.2767798
6,10220002,Volga River near Elkport,10/05/2004 08:40:00,AMBIENT,PHOSP-PHOSP,Phosphate-phosphorus (as P),Total,,0.03,mg/l,True,0.02,,,365.4,UHL001,Actual,SW,Water,,,Clayton,07060004,River/Stream,,42.7497293,-91.2767798
6,10220002,Volga River near Elkport,01/11/2005 09:30:00,AMBIENT,PHOSP-PHOSP,Phosphate-phosphorus (as P),Total,,0.04,mg/l,True,0.02,,,365.4,UHL001,Actual,SW,Water,,,Clayton,07060004,River/Stream,,42.7497293,-91.2767798
6,10220002,Volga River near Elkport,02/08/2005 08:50:00,AMBIENT,PHOSP-PHOSP,Phosphate-phosphorus (as P),Total,,0.78,mg/l,True,0.05,,,365.4,UHL001,Actual,SW,Water,,,Clayton,07060004,River/Stream,,42.7497293,-91.2767798
6,10220002,Volga River near Elkport,06/07/2005 09:00:00,AMBIENT,PHOSP-PHOSP,Phosphate-phosphorus (as P),Total,,0.06,mg/l,True,0.02,,,365.4,UHL001,Actual,SW,Water,,,Clayton,07060004,River/Stream,,42.7497293,-91.2767798
6,10220002,Volga River near Elkport,07/06/2005 12:00:00,AMBIENT,PHOSP-PHOSP,Phosphate-phosphorus (as P),Total,,0.17,mg/l,True,0.02,,,365.4,UHL001,Actual,SW,Water,,,Clayton,07060004,River/Stream,,42.7497293,-91.2767798
6,10220002,Volga River near Elkport,11/09/2004 08:55:00,AMBIENT,PHOSP-PHOSP,Phosphate-phosphorus (as P),Total,,0.03,mg/l,True,0.02,,,365.4,UHL001,Actual,SW,Water,,,Clayton,07060004,River/Stream,,42.7497293,-91.2767798
6,10220002,Volga River near Elkport,11/01/2005 07:45:00,AMBIENT,PHOSP-PHOSP,Phosphate-phosphorus (as P),Total,,0.04,mg/l,True,0.02,,,365.4,UHL001,Actual,SW,Water,,,Clayton,07060004,River/Stream,,42.7497293,-91.2767798
6,10220002,Volga River near Elkport,01/03/2006 09:30:00,AMBIENT,PHOSP-PHOSP,Phosphate-phosphorus (as P),Total,,0.11,mg/l,True,0.02,,,365.4,UHL001,Actual,SW,Water,,,Clayton,07060004,River/Stream,,42.7497293,-91.2767798
6,10220002,Volga River near Elkport,06/05/2006 07:50:00,AMBIENT,PHOSP-PHOSP,Phosphate-phosphorus (as P),Total,,0.12,mg/l,True,0.02,,,365.4,UHL001,Actual,SW,Water,,,Clayton,07060004,River/Stream,,42.7497293,-91.2767798
6,10220002,Volga River near Elkport,07/06/2006 07:15:00,AMBIENT,PHOSP-PHOSP,Phosphate-phosphorus (as P),Total,,0.14,mg/l,True,0.02,,,365.4,UHL001,Actual,SW,Water,,,Clayton,07060004,River/Stream,,42.7497293,-91.2767798
6,10220002,Volga River near Elkport,08/01/2006 08:10:00,AMBIENT,PHOSP-PHOSP,Phosphate-phosphorus (as P),Total,,0.12,mg/l,True,0.02,,,365.4,UHL001,Actual,SW,Water,,,Clayton,07060004,River/Stream,,42.7497293,-91.2767798
6,10220002,Volga River near Elkport,09/07/2006 12:55:00,AMBIENT,PHOSP-PHOSP,Phosphate-phosphorus (as P),Total,,0.07,mg/l,True,0.02,,,365.4,UHL001,Actual,SW,Water,,,Clayton,07060004,River/Stream,,42.7497293,-91.2767798
6,10220002,Volga River near Elkport,11/08/2006 08:15:00,AMBIENT,PHOSP-PHOSP,Phosphate-phosphorus (as P),Total,,0.03,mg/l,True,0.02,,,365.4,UHL001,Actual,SW,Water,,,Clayton,07060004,River/Stream,,42.7497293,-91.2767798
6,10220002,Volga River near Elkport,03/13/2007 09:50:00,AMBIENT,PHOSP-PHOSP,Phosphate-phosphorus (as P),Total,,1.6,mg/l,True,0.05,,,365.4,UHL001,Actual,SW,Water,,,Clayton,07060004,River/Stream,,42.7497293,-91.2767798
6,10220003,Bloody Run Creek Site #1 (BR01),08/16/1994 13:15:00,SNY319,PHOSP-PHOSP,Phosphate-phosphorus (as P),Total,,0.1,mg/l,False,0.1,,,Unknown,SNY001,Actual,SW,Water,,,Clayton,07060001,River/Stream,,43.0404991,-91.2055504
6,10220002,Volga River near Elkport,09/24/2001 14:15:00,EVENT,PHOSP-PHOSP,Phosphate-phosphorus (as P),Total,,0.26,mg/l,True,0.05,,,Unknown,UHL001,Actual,SW,Water,,,Clayton,07060004,River/Stream,,42.7497293,-91.2767798
6,10220003,Bloody Run Creek Site #1 (BR01),09/13/1994 11:00:00,SNY319,PHOSP-PHOSP,Phosphate-phosphorus (as P),Total,,0.1,mg/l,False,0.1,,,Unknown,SNY001,Actual,SW,Water,,,Clayton,07060001,River/Stream,,43.0404991,-91.2055504
6,10220003,Bloody Run Creek Site #1 (BR01),08/23/1994 13:05:00,SNY319,PHOSP-PHOSP,Phosphate-phosphorus (as P),Total,,0.1,mg/l,False,0.1,,,Unknown,SNY001,Actual,SW,Water,,,Clayton,07060001,River/Stream,,43.0404991,-91.2055504
6,10220003,Bloody Run Creek Site #1 (BR01),09/20/1994 09:55:00,SNY319,PHOSP-PHOSP,Phosphate-phosphorus (as P),Total,,0.2,mg/l,True,0.1,,,Unknown,SNY001,Actual,SW,Water,,,Clayton,07060001,River/Stream,,43.0404991,-91.2055504
6,10220002,Volga River near Elkport,03/05/2015 07:20:00,AMBIENT,PHOSP-PHOSP,Phosphate-phosphorus (AS P),Total,,0.08,mg/l,True,0.02,,,LAC10-115-01-1D,UHL001,Actual,SW,Water,,,Clayton,07060004,River/Stream,,42.7497293,-91.2767798
6,10220002,Volga River near Elkport,04/29/2002 10:30:00,EVENT,PHOSP-PHOSP,Phosphate-phosphorus (as P),Total,,0.33,mg/l,True,0.05,,,Unknown,UHL001,Actual,SW,Water,,,Clayton,07060004,River/Stream,,42.7497293,-91.2767798
6,10220003,Bloody Run Creek Site #1 (BR01),10/04/1994 14:30:00,SNY319,PHOSP-PHOSP,Phosphate-phosphorus (as P),Total,,0.1,mg/l,True,0.1,,,Unknown,SNY001,Actual,SW,Water,,,Clayton,07060001,River/Stream,,43.0404991,-91.2055504
6,10220003,Bloody Run Creek Site #1 (BR01),11/15/1994 13:00:00,SNY319,PHOSP-PHOSP,Phosphate-phosphorus (as P),Total,,0.1,mg/l,False,0.1,,,Unknown,SNY001,Actual,SW,Water,,,Clayton,07060001,River/Stream,,43.0404991,-91.2055504
6,10220003,Bloody Run Creek Site #1 (BR01),12/06/1994 10:50:00,SNY319,PHOSP-PHOSP,Phosphate-phosphorus (as P),Total,,0.1,mg/l,False,0.1,,,Unknown,SNY001,Actual,SW,Water,,,Clayton,07060001,River/Stream,,43.0404991,-91.2055504
6,10220003,Bloody Run Creek Site #1 (BR01),12/27/1994 08:35:00,SNY319,PHOSP-PHOSP,Phosphate-phosphorus (as P),Total,,0.1,mg/l,False,0.1,,,Unknown,SNY001,Actual,SW,Water,,,Clayton,07060001,River/Stream,,43.0404991,-91.2055504
6,10220003,Bloody Run Creek Site #1 (BR01),01/17/1995 10:30:00,SNY319,PHOSP-PHOSP,Phosphate-phosphorus (as P),Total,,0.1,mg/l,False,0.1,,,Unknown,SNY001,Actual,SW,Water,,,Clayton,07060001,River/Stream,,43.0404991,-91.2055504
6,10220003,Bloody Run Creek Site #1 (BR01),01/31/1995 09:20:00,SNY319,PHOSP-PHOSP,Phosphate-phosphorus (as P),Total,,0.1,mg/l,False,0.1,,,Unknown,SNY001,Actual,SW,Water,,,Clayton,07060001,River/Stream,,43.0404991,-91.2055504
6,10220003,Bloody Run Creek Site #1 (BR01),02/07/1995 09:30:00,SNY319,PHOSP-PHOSP,Phosphate-phosphorus (as P),Total,,0.1,mg/l,False,0.1,,,Unknown,SNY001,Actual,SW,Water,,,Clayton,07060001,River/Stream,,43.0404991,-91.2055504
6,10220002,Volga River near Elkport,05/01/2013 15:00:00,TURKEYR,PHOSP-PHOSP,Phosphate-phosphorus (AS P),Total,,0.1,mg/l,True,0.02,,,LAC10-115-01-1D,UHL001,Actual,SW,Water,,,Clayton,07060004,River/Stream,,42.7497293,-91.2767798
6,10220002,Volga River near Elkport,04/10/2013 11:40:00,TURKEYR,PHOSP-PHOSP,Phosphate-phosphorus (AS P),Total,,1.2,mg/l,True,0.05,,,LAC10-115-01-1C,UHL001,Actual,SW,Water,,,Clayton,07060004,River/Stream,,42.7497293,-91.2767798
6,10220001,Turkey River near Garber,04/10/2013 11:15:00,TURKEYR,PHOSP-PHOSP,Phosphate-phosphorus (AS P),Total,,0.92,mg/l,True,0.05,,,LAC10-115-01-1C,UHL001,Actual,SW,Water,,,Clayton,07060004,River/Stream,,42.739547,-91.2619757
6,10220002,Volga River near Elkport,01/05/2012 07:40:00,AMBIENT,PHOSP-PHOSP,Phosphate-phosphorus (as P),Total,,0.1,mg/l,True,0.02,,,LAC10-115-01-1D,UHL001,Actual,SW,Water,,,Clayton,07060004,River/Stream,,42.7497293,-91.2767798
6,10220002,Volga River near Elkport,06/01/2015 09:30:00,AMBIENT,PHOSP-PHOSP,Phosphate-phosphorus (AS P),Total,,0.21,mg/l,True,0.02,,,LAC10-115-01-1D,UHL001,Actual,SW,Water,,,Clayton,07060004,River/Stream,,42.7497293,-91.2767798
6,10220002,Volga River near Elkport,02/07/2012 08:00:00,AMBIENT,PHOSP-PHOSP,Phosphate-phosphorus (as P),Total,,0.06,mg/l,True,0.02,,,LAC10-115-01-1D,UHL001,Actual,SW,Water,,,Clayton,07060004,River/Stream,,42.7497293,-91.2767798
6,10220002,Volga River near Elkport,10/03/2012 09:15:00,AMBIENT,PHOSP-PHOSP,Phosphate-phosphorus (as P),Total,,0.04,mg/l,True,0.02,,,LAC10-115-01-1D,UHL001,Actual,SW,Water,,,Clayton,07060004,River/Stream,,42.7497293,-91.2767798
6,10220002,Volga River near Elkport,03/07/2012 07:50:00,AMBIENT,PHOSP-PHOSP,Phosphate-phosphorus (as P),Total,,0.17,mg/l,True,0.02,,,LAC10-115-01-1D,UHL001,Actual,SW,Water,,,Clayton,07060004,River/Stream,,42.7497293,-91.2767798
6,10220002,Volga River near Elkport,11/03/2014 07:15:00,AMBIENT,PHOSP-PHOSP,Phosphate-phosphorus (AS P),Total,,0.04,mg/l,True,0.02,,,LAC10-115-01-1D,UHL001,Actual,SW,Water,,,Clayton,07060004,River/Stream,,42.7497293,-91.2767798
6,10220002,Volga River near Elkport,10/07/2014 08:30:00,AMBIENT,PHOSP-PHOSP,Phosphate-phosphorus (AS P),Total,,0.1,mg/l,True,0.02,,,LAC10-115-01-1D,UHL001,Actual,SW,Water,,,Clayton,07060004,River/Stream,,42.7497293,-91.2767798
6,10220002,Volga River near Elkport,01/14/2015 07:55:00,AMBIENT,PHOSP-PHOSP,Phosphate-phosphorus (AS P),Total,,0.06,mg/l,True,0.02,,,LAC10-115-01-1D,UHL001,Actual,SW,Water,,,Clayton,07060004,River/Stream,,42.7497293,-91.2767798
6,10220001,Turkey River near Garber,01/14/2015 08:15:00,AMBIENT,PHOSP-PHOSP,Phosphate-phosphorus (AS P),Total,,0.06,mg/l,True,0.02,,,LAC10-115-01-1D,UHL001,Actual,SW,Water,,,Clayton,07060004,River/Stream,,42.739547,-91.2619757
6,10220002,Volga River near Elkport,03/19/2001 13:30:00,EVENT,PHOSP-PHOSP,Phosphate-phosphorus (as P),Total,,0.6,mg/l,True,0.1,,,Unknown,UHL001,Actual,SW,Water,,,Clayton,07060004,River/Stream,,42.7497293,-91.2767798
6,10220002,Volga River near Elkport,08/03/2001 13:00:00,EVENT,PHOSP-PHOSP,Phosphate-phosphorus (as P),Total,,0.7,mg/l,True,0.1,,,Unknown,UHL001,Actual,SW,Water,,,Clayton,07060004,River/Stream,,42.7497293,-91.2767798
6,10220002,Volga River near Elkport,06/08/2011 08:45:00,AMBIENT,PHOSP-PHOSP,Phosphate-phosphorus (as P),Total,,0.14,mg/l,True,0.02,,,365.4,UHL001,Actual,SW,Water,,,Clayton,07060004,River/Stream,,42.7497293,-91.2767798
6,10220002,Volga River near Elkport,05/04/2011 11:51:00,TURKEYR,PHOSP-PHOSP,Phosphate-phosphorus (as P),Total,,0.08,mg/l,True,0.02,,,365.4,IGS-GRAB,Actual,SW,Water,,,Clayton,07060004,River/Stream,,42.7497293,-91.2767798
6,10220002,Volga River near Elkport,08/03/2011 11:10:00,TURKEYR,PHOSP-PHOSP,Phosphate-phosphorus (as P),Total,,0.18,mg/l,True,0.02,,,365.4,IGS-GRAB,Actual,SW,Water,,,Clayton,07060004,River/Stream,,42.7497293,-91.2767798
6,10220002,Volga River near Elkport,08/03/2011 08:40:00,AMBIENT,PHOSP-PHOSP,Phosphate-phosphorus (as P),Total,,0.24,mg/l,True,0.02,,,365.4,UHL001,Actual,SW,Water,,,Clayton,07060004,River/Stream,,42.7497293,-91.2767798
6,10220002,Volga River near Elkport,10/05/2011 12:05:00,TURKEYR,PHOSP-PHOSP,Phosphate-phosphorus (as P),Total,,0.04,mg/l,True,0.02,,,365.4,IGS-GRAB,Actual,SW,Water,,,Clayton,07060004,River/Stream,,42.7497293,-91.2767798
6,10220002,Volga River near Elkport,04/05/2012 08:10:00,AMBIENT,PHOSP-PHOSP,Phosphate-phosphorus (as P),Total,,0.06,mg/l,True,0.02,,,LAC10-115-01-1D,UHL001,Actual,SW,Water,,,Clayton,07060004,River/Stream,,42.7497293,-91.2767798
6,10220002,Volga River near Elkport,06/04/2012 08:45:00,AMBIENT,PHOSP-PHOSP,Phosphate-phosphorus (as P),Total,,0.13,mg/l,True,0.02,,,LAC10-115-01-1D,UHL001,Actual,SW,Water,,,Clayton,07060004,River/Stream,,42.7497293,-91.2767798
6,10220002,Volga River near Elkport,05/03/2012 07:30:00,AMBIENT,PHOSP-PHOSP,Phosphate-phosphorus (as P),Total,,0.38,mg/l,True,0.02,,,LAC10-115-01-1D,UHL001,Actual,SW,Water,,,Clayton,07060004,River/Stream,,42.7497293,-91.2767798
6,10220002,Volga River near Elkport,09/10/2012 09:10:00,AMBIENT,PHOSP-PHOSP,Phosphate-phosphorus (as P),Total,,0.09,mg/l,True,0.02,,,LAC10-115-01-1D,UHL001,Actual,SW,Water,,,Clayton,07060004,River/Stream,,42.7497293,-91.2767798
6,10220002,Volga River near Elkport,09/05/2012 09:16:00,TURKEYR,PHOSP-PHOSP,Phosphate-phosphorus (as P),Total,,3.2,mg/l,True,0.05,,,LAC10-115-01-1C,IGS-GRAB,Actual,SW,Water,,,Clayton,07060004,River/Stream,,42.7497293,-91.2767798
6,10220002,Volga River near Elkport,04/04/2012 11:46:00,TURKEYR,PHOSP-PHOSP,Phosphate-phosphorus (as P),Total,,0.03,mg/l,True,0.02,,,LAC10-115-01-1D,IGS-GRAB,Actual,SW,Water,,,Clayton,07060004,River/Stream,,42.7497293,-91.2767798
6,10220002,Volga River near Elkport,12/04/2012 09:15:00,AMBIENT,PHOSP-PHOSP,Phosphate-phosphorus (as P),Total,,0.04,mg/l,True,0.02,,,LAC10-115-01-1D,UHL001,Actual,SW,Water,,,Clayton,07060004,River/Stream,,42.7497293,-91.2767798
6,10220002,Volga River near Elkport,07/02/2012 11:00:00,TURKEYR,PHOSP-PHOSP,Phosphate-phosphorus (as P),Total,,0.07,mg/l,True,0.02,,,LAC10-115-01-1D,IGS-GRAB,Actual,SW,Water,,,Clayton,07060004,River/Stream,,42.7497293,-91.2767798
6,10220002,Volga River near Elkport,11/07/2012 14:10:00,TURKEYR,PHOSP-PHOSP,Phosphate-phosphorus (as P),Total,,0.03,mg/l,True,0.02,,,LAC10-115-01-1D,IGS-GRAB,Actual,SW,Water,,,Clayton,07060004,River/Stream,,42.7497293,-91.2767798
6,10220002,Volga River near Elkport,02/07/2013 12:30:00,AMBIENT,PHOSP-PHOSP,Phosphate-phosphorus (AS P),Total,,0.14,mg/l,True,0.02,,,LAC10-115-01-1D,UHL001,Actual,SW,Water,,,Clayton,07060004,River/Stream,,42.7497293,-91.2767798
6,10220002,Volga River near Elkport,02/03/2015 08:15:00,AMBIENT,PHOSP-PHOSP,Phosphate-phosphorus (AS P),Total,,0.03,mg/l,True,0.02,,,LAC10-115-01-1D,UHL001,Actual,SW,Water,,,Clayton,07060004,River/Stream,,42.7497293,-91.2767798
6,10220002,Volga River near Elkport,05/06/2015 06:50:00,AMBIENT,PHOSP-PHOSP,Phosphate-phosphorus (AS P),Total,,0.09,mg/l,True,0.02,,,LAC10-115-01-1D,UHL001,Actual,SW,Water,,,Clayton,07060004,River/Stream,,42.7497293,-91.2767798
6,10220001,Turkey River near Garber,01/03/2013 09:05:00,AMBIENT,PHOSP-PHOSP,Phosphate-phosphorus (AS P),Total,,0.05,mg/l,True,0.02,,,LAC10-115-01-1D,UHL001,Actual,SW,Water,,,Clayton,07060004,River/Stream,,42.739547,-91.2619757
6,10220002,Volga River near Elkport,03/07/2013 08:10:00,AMBIENT,PHOSP-PHOSP,Phosphate-phosphorus (AS P),Total,,0.06,mg/l,True,0.02,,,LAC10-115-01-1D,UHL001,Actual,SW,Water,,,Clayton,07060004,River/Stream,,42.7497293,-91.2767798
6,10220001,Turkey River near Garber,05/02/2013 12:05:00,AMBIENT,PHOSP-PHOSP,Phosphate-phosphorus (AS P),Total,,0.13,mg/l,True,0.02,,,LAC10-115-01-1D,UHL001,Actual,SW,Water,,,Clayton,07060004,River/Stream,,42.739547,-91.2619757
6,10220002,Volga River near Elkport,04/04/2013 08:00:00,AMBIENT,PHOSP-PHOSP,Phosphate-phosphorus (AS P),Total,,0.19,mg/l,True,0.02,,,LAC10-115-01-1D,UHL001,Actual,SW,Water,,,Clayton,07060004,River/Stream,,42.7497293,-91.2767798
6,10220002,Volga River near Elkport,10/02/2013 10:25:00,AMBIENT,PHOSP-PHOSP,Phosphate-phosphorus (AS P),Total,,0.04,mg/l,True,0.02,,,LAC10-115-01-1D,UHL001,Actual,SW,Water,,,Clayton,07060004,River/Stream,,42.7497293,-91.2767798
6,10220002,Volga River near Elkport,11/06/2013 07:15:00,AMBIENT,PHOSP-PHOSP,Phosphate-phosphorus (AS P),Total,,0.05,mg/l,True,0.02,,,LAC10-115-01-1D,UHL001,Actual,SW,Water,,,Clayton,07060004,River/Stream,,42.7497293,-91.2767798
6,10220002,Volga River near Elkport,09/04/2013 08:30:00,AMBIENT,PHOSP-PHOSP,Phosphate-phosphorus (AS P),Total,,0.07,mg/l,True,0.02,,,LAC10-115-01-1D,UHL001,Actual,SW,Water,,,Clayton,07060004,River/Stream,,42.7497293,-91.2767798
6,10220002,Volga River near Elkport,02/04/2014 07:40:00,AMBIENT,PHOSP-PHOSP,Phosphate-phosphorus (AS P),Total,,0.04,mg/l,True,0.02,,,LAC10-115-01-1D,UHL001,Actual,SW,Water,,,Clayton,07060004,River/Stream,,42.7497293,-91.2767798
6,10220001,Turkey River near Garber,11/03/2014 07:35:00,AMBIENT,PHOSP-PHOSP,Phosphate-phosphorus (AS P),Total,,0.04,mg/l,True,0.02,,,LAC10-115-01-1D,UHL001,Actual,SW,Water,,,Clayton,07060004,River/Stream,,42.739547,-91.2619757
6,10220002,Volga River near Elkport,01/02/2014 08:45:00,AMBIENT,PHOSP-PHOSP,Phosphate-phosphorus (AS P),Total,,0.02,mg/l,True,0.02,,,LAC10-115-01-1D,UHL001,Actual,SW,Water,,,Clayton,07060004,River/Stream,,42.7497293,-91.2767798
6,10220002,Volga River near Elkport,10/16/2013 10:15:00,TURKEYR,PHOSP-PHOSP,Phosphate-phosphorus (AS P),Total,,0.03,mg/l,True,0.02,,,LAC10-115-01-1D,UHL001,Actual,SW,Water,,,Clayton,07060004,River/Stream,,42.7497293,-91.2767798
6,10220002,Volga River near Elkport,11/06/2013 12:40:00,TURKEYR,PHOSP-PHOSP,Phosphate-phosphorus (AS P),Total,,0.04,mg/l,True,0.02,,,LAC10-115-01-1D,UHL001,Actual,SW,Water,,,Clayton,07060004,River/Stream,,42.7497293,-91.2767798
6,10220002,Volga River near Elkport,09/04/2013 10:45:00,TURKEYR,PHOSP-PHOSP,Phosphate-phosphorus (AS P),Total,,0.06,mg/l,True,0.02,,,LAC10-115-01-1D,UHL001,Actual,SW,Water,,,Clayton,07060004,River/Stream,,42.7497293,-91.2767798
6,10220002,Volga River near Elkport,06/05/2013 11:00:00,TURKEYR,PHOSP-PHOSP,Phosphate-phosphorus (AS P),Total,,0.14,mg/l,True,0.02,,,LAC10-115-01-1D,UHL001,Actual,SW,Water,,,Clayton,07060004,River/Stream,,42.7497293,-91.2767798
6,10220002,Volga River near Elkport,07/08/2014 07:40:00,AMBIENT,PHOSP-PHOSP,Phosphate-phosphorus (AS P),Total,,0.14,mg/l,True,0.02,,,LAC10-115-01-1D,UHL001,Actual,SW,Water,,,Clayton,07060004,River/Stream,,42.7497293,-91.2767798
6,10220002,Volga River near Elkport,01/02/2002 10:45:00,AMBIENT,PHOSP-PHOSP,Phosphate-phosphorus (as P),Total,,0.1,mg/l,True,0.05,,,Unknown,UHL001,Actual,SW,Water,,,Clayton,07060004,River/Stream,,42.7497293,-91.2767798
6,10220002,Volga River near Elkport,10/02/2001 08:35:00,AMBIENT,PHOSP-PHOSP,Phosphate-phosphorus (as P),Total,,0.05,mg/l,True,0.05,,,Unknown,UHL001,Actual,SW,Water,,,Clayton,07060004,River/Stream,,42.7497293,-91.2767798
6,10220002,Volga River near Elkport,02/09/1999 09:15:00,AMBIENT,PHOSP-PHOSP,Phosphate-phosphorus (as P),Total,,0.4,mg/l,True,0.1,,,Unknown,UHL001,Actual,SW,Water,,,Clayton,07060004,River/Stream,,42.7497293,-91.2767798
6,10220002,Volga River near Elkport,03/11/1999 09:00:00,AMBIENT,PHOSP-PHOSP,Phosphate-phosphorus (as P),Total,,0.1,mg/l,False,0.1,,,Unknown,UHL001,Actual,SW,Water,,,Clayton,07060004,River/Stream,,42.7497293,-91.2767798
6,10220002,Volga River near Elkport,05/11/1999 12:20:00,AMBIENT,PHOSP-PHOSP,Phosphate-phosphorus (as P),Total,,0.1,mg/l,False,0.1,,,Unknown,UHL001,Actual,SW,Water,,,Clayton,07060004,River/Stream,,42.7497293,-91.2767798
6,10220002,Volga River near Elkport,06/10/1999 08:30:00,AMBIENT,PHOSP-PHOSP,Phosphate-phosphorus (as P),Total,,0.3,mg/l,True,0.1,,,Unknown,UHL001,Actual,SW,Water,,,Clayton,07060004,River/Stream,,42.7497293,-91.2767798
6,10220002,Volga River near Elkport,08/17/1999 10:45:00,AMBIENT,PHOSP-PHOSP,Phosphate-phosphorus (as P),Total,,0.1,mg/l,False,0.1,,,Unknown,UHL001,Actual,SW,Water,,,Clayton,07060004,River/Stream,,42.7497293,-91.2767798
6,10220002,Volga River near Elkport,09/14/1999 09:10:00,AMBIENT,PHOSP-PHOSP,Phosphate-phosphorus (as P),Total,,0.1,mg/l,False,0.1,,,Unknown,UHL001,Actual,SW,Water,,,Clayton,07060004,River/Stream,,42.7497293,-91.2767798
6,10220002,Volga River near Elkport,11/09/1998 10:35:00,AMBIENT,PHOSP-PHOSP,Phosphate-phosphorus (as P),Total,,0.1,mg/l,False,0.1,,,Unknown,UHL001,Actual,SW,Water,,,Clayton,07060004,River/Stream,,42.7497293,-91.2767798
6,10220002,Volga River near Elkport,12/09/1998 09:15:00,AMBIENT,PHOSP-PHOSP,Phosphate-phosphorus (as P),Total,,0.1,mg/l,False,0.1,,,Unknown,UHL001,Actual,SW,Water,,,Clayton,07060004,River/Stream,,42.7497293,-91.2767798
6,10220002,Volga River near Elkport,11/05/2002 16:00:00,AMBIENT,PHOSP-PHOSP,Phosphate-phosphorus (as P),Total,,0.05,mg/l,False,0.05,,,Unknown,UHL001,Actual,SW,Water,,,Clayton,07060004,River/Stream,,42.7497293,-91.2767798
6,10220002,Volga River near Elkport,04/01/2003 08:30:00,AMBIENT,PHOSP-PHOSP,Phosphate-phosphorus (as P),Total,,0.1,mg/l,True,0.05,,,365.4,UHL001,Actual,SW,Water,,,Clayton,07060004,River/Stream,,42.7497293,-91.2767798
6,10220002,Volga River near Elkport,03/04/2003 09:00:00,AMBIENT,PHOSP-PHOSP,Phosphate-phosphorus (as P),Total,,0.05,mg/l,False,0.05,,,365.4,UHL001,Actual,SW,Water,,,Clayton,07060004,River/Stream,,42.7497293,-91.2767798
6,10220002,Volga River near Elkport,07/08/2003 08:20:00,AMBIENT,PHOSP-PHOSP,Phosphate-phosphorus (as P),Total,,1.2,mg/l,True,0.02,,,365.4,UHL001,Actual,SW,Water,,,Clayton,07060004,River/Stream,,42.7497293,-91.2767798
6,10220002,Volga River near Elkport,08/05/2003 08:35:00,AMBIENT,PHOSP-PHOSP,Phosphate-phosphorus (as P),Total,,0.03,mg/l,True,0.02,,,365.4,UHL001,Actual,SW,Water,,,Clayton,07060004,River/Stream,,42.7497293,-91.2767798
6,10220002,Volga River near Elkport,02/04/2003 09:05:00,AMBIENT,PHOSP-PHOSP,Phosphate-phosphorus (as P),Total,,0.05,mg/l,False,0.05,,,365.4,UHL001,Actual,SW,Water,,,Clayton,07060004,River/Stream,,42.7497293,-91.2767798
6,10220002,Volga River near Elkport,02/03/2004 10:15:00,AMBIENT,PHOSP-PHOSP,Phosphate-phosphorus (as P),Total,,0.04,mg/l,True,0.02,,,365.4,UHL001,Actual,SW,Water,,,Clayton,07060004,River/Stream,,42.7497293,-91.2767798
6,10220002,Volga River near Elkport,04/06/2004 09:30:00,AMBIENT,PHOSP-PHOSP,Phosphate-phosphorus (as P),Total,,0.09,mg/l,True,0.02,,,365.4,UHL001,Actual,SW,Water,,,Clayton,07060004,River/Stream,,42.7497293,-91.2767798
6,10220002,Volga River near Elkport,05/04/2004 09:05:00,AMBIENT,PHOSP-PHOSP,Phosphate-phosphorus (as P),Total,,0.03,mg/l,True,0.02,,,365.4,UHL001,Actual,SW,Water,,,Clayton,07060004,River/Stream,,42.7497293,-91.2767798
6,10220002,Volga River near Elkport,06/01/2004 08:10:00,AMBIENT,PHOSP-PHOSP,Phosphate-phosphorus (as P),Total,,1.1,mg/l,True,0.02,,,365.4,UHL001,Actual,SW,Water,,,Clayton,07060004,River/Stream,,42.7497293,-91.2767798
6,10220002,Volga River near Elkport,07/06/2004 09:45:00,AMBIENT,PHOSP-PHOSP,Phosphate-phosphorus (as P),Total,,6.3,mg/l,True,0.02,,,365.4,UHL001,Actual,SW,Water,,,Clayton,07060004,River/Stream,,42.7497293,-91.2767798
6,10220002,Volga River near Elkport,09/07/2004 07:40:00,AMBIENT,PHOSP-PHOSP,Phosphate-phosphorus (as P),Total,,0.1,mg/l,True,0.02,,,365.4,UHL001,Actual,SW,Water,,,Clayton,07060004,River/Stream,,42.7497293,-91.2767798
6,10220002,Volga River near Elkport,12/07/2004 08:40:00,AMBIENT,PHOSP-PHOSP,Phosphate-phosphorus (as P),Total,,0.03,mg/l,True,0.02,,,365.4,UHL001,Actual,SW,Water,,,Clayton,07060004,River/Stream,,42.7497293,-91.2767798
6,10220002,Volga River near Elkport,03/01/2005 09:30:00,AMBIENT,PHOSP-PHOSP,Phosphate-phosphorus (as P),Total,,0.11,mg/l,True,0.02,,,365.4,UHL001,Actual,SW,Water,,,Clayton,07060004,River/Stream,,42.7497293,-91.2767798
6,10220002,Volga River near Elkport,04/05/2005 07:45:00,AMBIENT,PHOSP-PHOSP,Phosphate-phosphorus (as P),Total,,0.08,mg/l,True,0.02,,,365.4,UHL001,Actual,SW,Water,,,Clayton,07060004,River/Stream,,42.7497293,-91.2767798
6,10220002,Volga River near Elkport,05/03/2005 09:30:00,AMBIENT,PHOSP-PHOSP,Phosphate-phosphorus (as P),Total,,0.04,mg/l,True,0.02,,,365.4,UHL001,Actual,SW,Water,,,Clayton,07060004,River/Stream,,42.7497293,-91.2767798
6,10220002,Volga River near Elkport,08/02/2005 11:10:00,AMBIENT,PHOSP-PHOSP,Phosphate-phosphorus (as P),Total,,0.1,mg/l,True,0.02,,,365.4,UHL001,Actual,SW,Water,,,Clayton,07060004,River/Stream,,42.7497293,-91.2767798
6,10220002,Volga River near Elkport,10/11/2005 09:25:00,AMBIENT,PHOSP-PHOSP,Phosphate-phosphorus (as P),Total,,0.05,mg/l,True,0.02,,,365.4,UHL001,Actual,SW,Water,,,Clayton,07060004,River/Stream,,42.7497293,-91.2767798
6,10220002,Volga River near Elkport,12/06/2005 09:55:00,AMBIENT,PHOSP-PHOSP,Phosphate-phosphorus (as P),Total,,0.07,mg/l,True,0.02,,,365.4,UHL001,Actual,SW,Water,,,Clayton,07060004,River/Stream,,42.7497293,-91.2767798
6,10220002,Volga River near Elkport,02/07/2006 08:20:00,AMBIENT,PHOSP-PHOSP,Phosphate-phosphorus (as P),Total,,0.05,mg/l,True,0.02,,,365.4,UHL001,Actual,SW,Water,,,Clayton,07060004,River/Stream,,42.7497293,-91.2767798
6,10220002,Volga River near Elkport,03/07/2006 09:10:00,AMBIENT,PHOSP-PHOSP,Phosphate-phosphorus (as P),Total,,0.04,mg/l,True,0.02,,,365.4,UHL001,Actual,SW,Water,,,Clayton,07060004,River/Stream,,42.7497293,-91.2767798
6,10220002,Volga River near Elkport,05/02/2006 08:40:00,AMBIENT,PHOSP-PHOSP,Phosphate-phosphorus (as P),Total,,0.2,mg/l,True,0.02,,,365.4,UHL001,Actual,SW,Water,,,Clayton,07060004,River/Stream,,42.7497293,-91.2767798
6,10220002,Volga River near Elkport,10/04/2006 09:45:00,AMBIENT,PHOSP-PHOSP,Phosphate-phosphorus (as P),Total,,0.05,mg/l,True,0.02,,,365.4,UHL001,Actual,SW,Water,,,Clayton,07060004,River/Stream,,42.7497293,-91.2767798
6,10220002,Volga River near Elkport,12/07/2006 08:25:00,AMBIENT,PHOSP-PHOSP,Phosphate-phosphorus (as P),Total,,0.05,mg/l,True,0.02,,,365.4,UHL001,Actual,SW,Water,,,Clayton,07060004,River/Stream,,42.7497293,-91.2767798
6,10220002,Volga River near Elkport,01/04/2007 07:20:00,AMBIENT,PHOSP-PHOSP,Phosphate-phosphorus (as P),Total,,0.09,mg/l,True,0.02,,,365.4,UHL001,Actual,SW,Water,,,Clayton,07060004,River/Stream,,42.7497293,-91.2767798
6,10220002,Volga River near Elkport,05/08/2007 07:50:00,AMBIENT,PHOSP-PHOSP,Phosphate-phosphorus (as P),Total,,0.09,mg/l,True,0.02,,,365.4,UHL001,Actual,SW,Water,,,Clayton,07060004,River/Stream,,42.7497293,-91.2767798
6,10220002,Volga River near Elkport,06/13/2007 07:55:00,AMBIENT,PHOSP-PHOSP,Phosphate-phosphorus (as P),Total,,0.15,mg/l,True,0.02,,,365.4,UHL001,Actual,SW,Water,,,Clayton,07060004,River/Stream,,42.7497293,-91.2767798
6,10220002,Volga River near Elkport,08/02/2007 09:00:00,AMBIENT,PHOSP-PHOSP,Phosphate-phosphorus (as P),Total,,0.1,mg/l,True,0.02,,,365.4,UHL001,Actual,SW,Water,,,Clayton,07060004,River/Stream,,42.7497293,-91.2767798
6,10220002,Volga River near Elkport,10/09/2007 08:30:00,AMBIENT,PHOSP-PHOSP,Phosphate-phosphorus (as P),Total,,0.33,mg/l,True,0.02,,,365.4,UHL001,Actual,SW,Water,,,Clayton,07060004,River/Stream,,42.7497293,-91.2767798
6,10220002,Volga River near Elkport,01/03/2008 08:00:00,AMBIENT,PHOSP-PHOSP,Phosphate-phosphorus (as P),Total,,0.03,mg/l,True,0.02,,,365.4,UHL001,Actual,SW,Water,,,Clayton,07060004,River/Stream,,42.7497293,-91.2767798
6,10220002,Volga River near Elkport,02/12/2008 08:00:00,AMBIENT,PHOSP-PHOSP,Phosphate-phosphorus (as P),Total,,0.04,mg/l,True,0.02,,,365.4,UHL001,Actual,SW,Water,,,Clayton,07060004,River/Stream,,42.7497293,-91.2767798
6,10220002,Volga River near Elkport,04/09/2008 08:00:00,AMBIENT,PHOSP-PHOSP,Phosphate-phosphorus (as P),Total,,0.13,mg/l,True,0.02,,,365.4,UHL001,Actual,SW,Water,,,Clayton,07060004,River/Stream,,42.7497293,-91.2767798
6,10220002,Volga River near Elkport,05/07/2008 08:15:00,AMBIENT,PHOSP-PHOSP,Phosphate-phosphorus (as P),Total,,0.23,mg/l,True,0.02,,,365.4,UHL001,Actual,SW,Water,,,Clayton,07060004,River/Stream,,42.7497293,-91.2767798
6,10220002,Volga River near Elkport,07/09/2008 08:45:00,AMBIENT,PHOSP-PHOSP,Phosphate-phosphorus (as P),Total,,0.39,mg/l,True,0.02,,,365.4,UHL001,Actual,SW,Water,,,Clayton,07060004,River/Stream,,42.7497293,-91.2767798
6,10220002,Volga River near Elkport,08/13/2008 06:30:00,AMBIENT,PHOSP-PHOSP,Phosphate-phosphorus (as P),Total,,0.08,mg/l,True,0.02,,,365.4,UHL001,Actual,SW,Water,,,Clayton,07060004,River/Stream,,42.7497293,-91.2767798
6,10220002,Volga River near Elkport,04/06/2009 08:15:00,AMBIENT,PHOSP-PHOSP,Phosphate-phosphorus (as P),Total,,0.05,mg/l,True,0.02,,,365.4,UHL001,Actual,SW,Water,,,Clayton,07060004,River/Stream,,42.7497293,-91.2767798
6,10220002,Volga River near Elkport,08/11/2009 09:10:00,AMBIENT,PHOSP-PHOSP,Phosphate-phosphorus (as P),Total,,0.15,mg/l,True,0.02,,,365.4,UHL001,Actual,SW,Water,,,Clayton,07060004,River/Stream,,42.7497293,-91.2767798
6,10220002,Volga River near Elkport,06/10/2009 09:00:00,AMBIENT,PHOSP-PHOSP,Phosphate-phosphorus (as P),Total,,0.13,mg/l,True,0.02,,,365.4,UHL001,Actual,SW,Water,,,Clayton,07060004,River/Stream,,42.7497293,-91.2767798
6,10220002,Volga River near Elkport,09/08/2009 09:30:00,AMBIENT,PHOSP-PHOSP,Phosphate-phosphorus (as P),Total,,0.06,mg/l,True,0.02,,,365.4,UHL001,Actual,SW,Water,,,Clayton,07060004,River/Stream,,42.7497293,-91.2767798
6,10220002,Volga River near Elkport,01/06/2010 09:00:00,AMBIENT,PHOSP-PHOSP,Phosphate-phosphorus (as P),Total,,0.06,mg/l,True,0.02,,,365.4,UHL001,Actual,SW,Water,,,Clayton,07060004,River/Stream,,42.7497293,-91.2767798
6,10220002,Volga River near Elkport,03/01/2010 08:15:00,AMBIENT,PHOSP-PHOSP,Phosphate-phosphorus (as P),Total,,0.12,mg/l,True,0.02,,,365.4,UHL001,Actual,SW,Water,,,Clayton,07060004,River/Stream,,42.7497293,-91.2767798
6,10220002,Volga River near Elkport,09/05/2005 09:30:00,AMBIENT,PHOSP-PHOSP,Phosphate-phosphorus (as P),Total,,0.08,mg/l,True,0.02,,,365.4,UHL001,Actual,SW,Water,,,Clayton,07060004,River/Stream,,42.7497293,-91.2767798
6,10220002,Volga River near Elkport,06/03/2010 08:30:00,AMBIENT,PHOSP-PHOSP,Phosphate-phosphorus (as P),Total,,0.07,mg/l,True,0.02,,,365.4,UHL001,Actual,SW,Water,,,Clayton,07060004,River/Stream,,42.7497293,-91.2767798
6,10220002,Volga River near Elkport,07/07/2010 08:55:00,AMBIENT,PHOSP-PHOSP,Phosphate-phosphorus (as P),Total,,0.93,mg/l,True,0.05,,,365.4,UHL001,Actual,SW,Water,,,Clayton,07060004,River/Stream,,42.7497293,-91.2767798
6,10220002,Volga River near Elkport,08/05/2010 08:30:00,AMBIENT,PHOSP-PHOSP,Phosphate-phosphorus (as P),Total,,0.16,mg/l,True,0.02,,,365.4,UHL001,Actual,SW,Water,,,Clayton,07060004,River/Stream,,42.7497293,-91.2767798
6,10220002,Volga River near Elkport,09/02/2010 07:40:00,AMBIENT,PHOSP-PHOSP,Phosphate-phosphorus (as P),Total,,0.18,mg/l,True,0.02,,,365.4,UHL001,Actual,SW,Water,,,Clayton,07060004,River/Stream,,42.7497293,-91.2767798
6,10220002,Volga River near Elkport,10/04/2010 08:30:00,AMBIENT,PHOSP-PHOSP,Phosphate-phosphorus (as P),Total,,0.05,mg/l,True,0.02,,,365.4,UHL001,Actual,SW,Water,,,Clayton,07060004,River/Stream,,42.7497293,-91.2767798
6,10220002,Volga River near Elkport,01/04/2011 08:35:00,AMBIENT,PHOSP-PHOSP,Phosphate-phosphorus (as P),Total,,0.09,mg/l,True,0.02,,,365.4,UHL001,Actual,SW,Water,,,Clayton,07060004,River/Stream,,42.7497293,-91.2767798
6,10220002,Volga River near Elkport,02/07/2011 07:55:00,AMBIENT,PHOSP-PHOSP,Phosphate-phosphorus (as P),Total,,0.34,mg/l,True,0.02,,,365.4,UHL001,Actual,SW,Water,,,Clayton,07060004,River/Stream,,42.7497293,-91.2767798
6,10220002,Volga River near Elkport,04/04/2011 08:50:00,AMBIENT,PHOSP-PHOSP,Phosphate-phosphorus (as P),Total,,0.15,mg/l,True,0.02,,,365.4,UHL001,Actual,SW,Water,,,Clayton,07060004,River/Stream,,42.7497293,-91.2767798
6,10220003,Bloody Run Creek Site #1 (BR01),06/06/1995 07:30:00,SNY319,PHOSP-PHOSP,Phosphate-phosphorus (as P),Total,,0.1,mg/l,False,0.1,,,Unknown,SNY001,Actual,SW,Water,,,Clayton,07060001,River/Stream,,43.0404991,-91.2055504
6,10220002,Volga River near Elkport,02/23/2000 10:55:00,AMBIENT,PHOSP-PHOSP,Phosphate-phosphorus (as P),Total,,0.5,mg/l,True,0.1,,,Unknown,UHL001,Actual,SW,Water,,,Clayton,07060004,River/Stream,,42.7497293,-91.2767798
6,10220002,Volga River near Elkport,03/21/2000 12:00:00,AMBIENT,PHOSP-PHOSP,Phosphate-phosphorus (as P),Total,,0.1,mg/l,False,0.1,,,Unknown,UHL001,Actual,SW,Water,,,Clayton,07060004,River/Stream,,42.7497293,-91.2767798
6,10220002,Volga River near Elkport,09/20/2000 11:25:00,AMBIENT,PHOSP-PHOSP,Phosphate-phosphorus (as P),Total,,0.1,mg/l,False,0.1,,,Unknown,UHL001,Actual,SW,Water,,,Clayton,07060004,River/Stream,,42.7497293,-91.2767798
6,10220003,Bloody Run Creek Site #1 (BR01),05/16/1995 09:25:00,SNY319,PHOSP-PHOSP,Phosphate-phosphorus (as P),Total,,0.1,mg/l,False,0.1,,,Unknown,SNY001,Actual,SW,Water,,,Clayton,07060001,River/Stream,,43.0404991,-91.2055504
6,10220003,Bloody Run Creek Site #1 (BR01),05/09/1995 13:15:00,SNY319,PHOSP-PHOSP,Phosphate-phosphorus (as P),Total,,0.2,mg/l,True,0.1,,,Unknown,SNY001,Actual,SW,Water,,,Clayton,07060001,River/Stream,,43.0404991,-91.2055504
6,10220003,Bloody Run Creek Site #1 (BR01),05/30/1995 13:15:00,SNY319,PHOSP-PHOSP,Phosphate-phosphorus (as P),Total,,0.1,mg/l,False,0.1,,,Unknown,SNY001,Actual,SW,Water,,,Clayton,07060001,River/Stream,,43.0404991,-91.2055504
6,10220002,Volga River near Elkport,08/01/2001 12:30:00,AMBIENT,PHOSP-PHOSP,Phosphate-phosphorus (as P),Total,,0.1,mg/l,True,0.1,,,Unknown,UHL001,Actual,SW,Water,,,Clayton,07060004,River/Stream,,42.7497293,-91.2767798
6,10220002,Volga River near Elkport,09/12/2001 10:10:00,AMBIENT,PHOSP-PHOSP,Phosphate-phosphorus (as P),Total,,0.09,mg/l,True,0.05,,,Unknown,UHL001,Actual,SW,Water,,,Clayton,07060004,River/Stream,,42.7497293,-91.2767798
6,10220002,Volga River near Elkport,10/09/2000 08:25:00,AMBIENT,PHOSP-PHOSP,Phosphate-phosphorus (as P),Total,,0.1,mg/l,False,0.1,,,Unknown,UHL001,Actual,SW,Water,,,Clayton,07060004,River/Stream,,42.7497293,-91.2767798
6,10220002,Volga River near Elkport,07/05/2001 08:45:00,AMBIENT,PHOSP-PHOSP,Phosphate-phosphorus (as P),Total,,0.2,mg/l,True,0.1,,,Unknown,UHL001,Actual,SW,Water,,,Clayton,07060004,River/Stream,,42.7497293,-91.2767798
6,10220002,Volga River near Elkport,03/08/2001 08:30:00,AMBIENT,PHOSP-PHOSP,Phosphate-phosphorus (as P),Total,,0.1,mg/l,False,0.1,,,Unknown,UHL001,Actual,SW,Water,,,Clayton,07060004,River/Stream,,42.7497293,-91.2767798
6,10220002,Volga River near Elkport,05/03/2001 07:30:00,AMBIENT,PHOSP-PHOSP,Phosphate-phosphorus (as P),Total,,0.9,mg/l,True,0.1,,,Unknown,UHL001,Actual,SW,Water,,,Clayton,07060004,River/Stream,,42.7497293,-91.2767798
6,10220002,Volga River near Elkport,09/11/2002 12:15:00,AMBIENT,PHOSP-PHOSP,Phosphate-phosphorus (as P),Total,,0.05,mg/l,True,0.05,,,Unknown,UHL001,Actual,SW,Water,,,Clayton,07060004,River/Stream,,42.7497293,-91.2767798
6,10220002,Volga River near Elkport,05/07/2002 10:50:00,AMBIENT,PHOSP-PHOSP,Phosphate-phosphorus (as P),Total,,0.1,mg/l,True,0.05,,,Unknown,UHL001,Actual,SW,Water,,,Clayton,07060004,River/Stream,,42.7497293,-91.2767798
6,10220003,Bloody Run Creek Site #1 (BR01),01/24/1995 13:00:00,SNY319,PHOSP-PHOSP,Phosphate-phosphorus (as P),Total,,0.1,mg/l,False,0.1,,,Unknown,SNY001,Actual,SW,Water,,,Clayton,07060001,River/Stream,,43.0404991,-91.2055504
6,10220003,Bloody Run Creek Site #1 (BR01),01/10/1995 12:50:00,SNY319,PHOSP-PHOSP,Phosphate-phosphorus (as P),Total,,0.1,mg/l,False,0.1,,,Unknown,SNY001,Actual,SW,Water,,,Clayton,07060001,River/Stream,,43.0404991,-91.2055504
6,10220003,Bloody Run Creek Site #1 (BR01),01/03/1995 13:00:00,SNY319,PHOSP-PHOSP,Phosphate-phosphorus (as P),Total,,0.1,mg/l,False,0.1,,,Unknown,SNY001,Actual,SW,Water,,,Clayton,07060001,River/Stream,,43.0404991,-91.2055504
6,10220003,Bloody Run Creek Site #1 (BR01),02/14/1995 11:50:00,SNY319,PHOSP-PHOSP,Phosphate-phosphorus (as P),Total,,0.1,mg/l,False,0.1,,,Unknown,SNY001,Actual,SW,Water,,,Clayton,07060001,River/Stream,,43.0404991,-91.2055504
6,10220003,Bloody Run Creek Site #1 (BR01),03/28/1995 09:40:00,SNY319,PHOSP-PHOSP,Phosphate-phosphorus (as P),Total,,0.1,mg/l,False,0.1,,,Unknown,SNY001,Actual,SW,Water,,,Clayton,07060001,River/Stream,,43.0404991,-91.2055504
6,10220003,Bloody Run Creek Site #1 (BR01),03/07/1995 13:30:00,SNY319,PHOSP-PHOSP,Phosphate-phosphorus (as P),Total,,0.1,mg/l,False,0.1,,,Unknown,SNY001,Actual,SW,Water,,,Clayton,07060001,River/Stream,,43.0404991,-91.2055504
6,10220003,Bloody Run Creek Site #1 (BR01),03/14/1995 13:50:00,SNY319,PHOSP-PHOSP,Phosphate-phosphorus (as P),Total,,0.3,mg/l,True,0.1,,,Unknown,SNY001,Actual,SW,Water,,,Clayton,07060001,River/Stream,,43.0404991,-91.2055504
6,10220003,Bloody Run Creek Site #1 (BR01),04/25/1995 08:50:00,SNY319,PHOSP-PHOSP,Phosphate-phosphorus (as P),Total,,0.1,mg/l,False,0.1,,,Unknown,SNY001,Actual,SW,Water,,,Clayton,07060001,River/Stream,,43.0404991,-91.2055504
6,10220003,Bloody Run Creek Site #1 (BR01),04/04/1995 13:05:00,SNY319,PHOSP-PHOSP,Phosphate-phosphorus (as P),Total,,0.1,mg/l,False,0.1,,,Unknown,SNY001,Actual,SW,Water,,,Clayton,07060001,River/Stream,,43.0404991,-91.2055504
6,10220003,Bloody Run Creek Site #1 (BR01),04/18/1995 09:45:00,SNY319,PHOSP-PHOSP,Phosphate-phosphorus (as P),Total,,0.1,mg/l,False,0.1,,,Unknown,SNY001,Actual,SW,Water,,,Clayton,07060001,River/Stream,,43.0404991,-91.2055504
6,10220003,Bloody Run Creek Site #1 (BR01),08/30/1994 09:15:00,SNY319,PHOSP-PHOSP,Phosphate-phosphorus (as P),Total,,0.1,mg/l,False,0.1,,,Unknown,SNY001,Actual,SW,Water,,,Clayton,07060001,River/Stream,,43.0404991,-91.2055504
6,10220002,Volga River near Elkport,09/07/2001 13:20:00,EVENT,PHOSP-PHOSP,Phosphate-phosphorus (as P),Total,,0.14,mg/l,True,0.05,,,Unknown,UHL001,Actual,SW,Water,,,Clayton,07060004,River/Stream,,42.7497293,-91.2767798
6,10220002,Volga River near Elkport,05/30/2002 10:55:00,EVENT,PHOSP-PHOSP,Phosphate-phosphorus (as P),Total,,2.9,mg/l,True,0.05,,,Unknown,UHL001,Actual,SW,Water,,,Clayton,07060004,River/Stream,,42.7497293,-91.2767798
6,10220002,Volga River near Elkport,05/08/2001 09:10:00,EVENT,PHOSP-PHOSP,Phosphate-phosphorus (as P),Total,,0.7,mg/l,True,0.1,,,Unknown,UHL001,Actual,SW,Water,,,Clayton,07060004,River/Stream,,42.7497293,-91.2767798
6,10220003,Bloody Run Creek Site #1 (BR01),09/06/1994 14:35:00,SNY319,PHOSP-PHOSP,Phosphate-phosphorus (as P),Total,,0.1,mg/l,False,0.1,,,Unknown,SNY001,Actual,SW,Water,,,Clayton,07060001,River/Stream,,43.0404991,-91.2055504
6,10220003,Bloody Run Creek Site #1 (BR01),09/28/1994 09:10:00,SNY319,PHOSP-PHOSP,Phosphate-phosphorus (as P),Total,,0.5,mg/l,True,0.1,,,Unknown,SNY001,Actual,SW,Water,,,Clayton,07060001,River/Stream,,43.0404991,-91.2055504
6,10220003,Bloody Run Creek Site #1 (BR01),10/11/1994 13:55:00,SNY319,PHOSP-PHOSP,Phosphate-phosphorus (as P),Total,,0.1,mg/l,False,0.1,,,Unknown,SNY001,Actual,SW,Water,,,Clayton,07060001,River/Stream,,43.0404991,-91.2055504
6,10220003,Bloody Run Creek Site #1 (BR01),10/18/1994 10:30:00,SNY319,PHOSP-PHOSP,Phosphate-phosphorus (as P),Total,,0.1,mg/l,False,0.1,,,Unknown,SNY001,Actual,SW,Water,,,Clayton,07060001,River/Stream,,43.0404991,-91.2055504
6,10220003,Bloody Run Creek Site #1 (BR01),11/08/1994 15:10:00,SNY319,PHOSP-PHOSP,Phosphate-phosphorus (as P),Total,,0.1,mg/l,False,0.1,,,Unknown,SNY001,Actual,SW,Water,,,Clayton,07060001,River/Stream,,43.0404991,-91.2055504
6,10220003,Bloody Run Creek Site #1 (BR01),11/22/1994 13:00:00,SNY319,PHOSP-PHOSP,Phosphate-phosphorus (as P),Total,,0.1,mg/l,False,0.1,,,Unknown,SNY001,Actual,SW,Water,,,Clayton,07060001,River/Stream,,43.0404991,-91.2055504
6,10220003,Bloody Run Creek Site #1 (BR01),12/13/1994 13:20:00,SNY319,PHOSP-PHOSP,Phosphate-phosphorus (as P),Total,,0.1,mg/l,False,0.1,,,Unknown,SNY001,Actual,SW,Water,,,Clayton,07060001,River/Stream,,43.0404991,-91.2055504
6,10220003,Bloody Run Creek Site #1 (BR01),11/29/1994 09:10:00,SNY319,PHOSP-PHOSP,Phosphate-phosphorus (as P),Total,,0.1,mg/l,False,0.1,,,Unknown,SNY001,Actual,SW,Water,,,Clayton,07060001,River/Stream,,43.0404991,-91.2055504
6,10220003,Bloody Run Creek Site #1 (BR01),12/20/1994 09:30:00,SNY319,PHOSP-PHOSP,Phosphate-phosphorus (as P),Total,,0.1,mg/l,False,0.1,,,Unknown,SNY001,Actual,SW,Water,,,Clayton,07060001,River/Stream,,43.0404991,-91.2055504
6,10220001,Turkey River near Garber,09/05/2012 09:36:00,TURKEYR,PHOSP-PHOSP,Phosphate-phosphorus (as P),Total,,1.5,mg/l,True,0.05,,,LAC10-115-01-1C,IGS-GRAB,Actual,SW,Water,,,Clayton,07060004,River/Stream,,42.739547,-91.2619757
6,10220001,Turkey River near Garber,07/02/2012 10:30:00,TURKEYR,PHOSP-PHOSP,Phosphate-phosphorus (as P),Total,,0.12,mg/l,True,0.02,,,LAC10-115-01-1D,IGS-GRAB,Actual,SW,Water,,,Clayton,07060004,River/Stream,,42.739547,-91.2619757
6,10220001,Turkey River near Garber,09/10/2012 08:45:00,AMBIENT,PHOSP-PHOSP,Phosphate-phosphorus (as P),Total,,0.09,mg/l,True,0.02,,,LAC10-115-01-1D,UHL001,Actual,SW,Water,,,Clayton,07060004,River/Stream,,42.739547,-91.2619757
6,10220001,Turkey River near Garber,03/07/2013 08:35:00,AMBIENT,PHOSP-PHOSP,Phosphate-phosphorus (AS P),Total,,0.06,mg/l,True,0.02,,,LAC10-115-01-1D,UHL001,Actual,SW,Water,,,Clayton,07060004,River/Stream,,42.739547,-91.2619757
6,10220001,Turkey River near Garber,04/04/2013 08:20:00,AMBIENT,PHOSP-PHOSP,Phosphate-phosphorus (AS P),Total,,0.38,mg/l,True,0.02,,,LAC10-115-01-1D,UHL001,Actual,SW,Water,,,Clayton,07060004,River/Stream,,42.739547,-91.2619757
6,10220001,Turkey River near Garber,10/02/2013 09:50:00,AMBIENT,PHOSP-PHOSP,Phosphate-phosphorus (AS P),Total,,0.04,mg/l,True,0.02,,,LAC10-115-01-1D,UHL001,Actual,SW,Water,,,Clayton,07060004,River/Stream,,42.739547,-91.2619757
6,10220001,Turkey River near Garber,09/04/2013 09:00:00,AMBIENT,PHOSP-PHOSP,Phosphate-phosphorus (AS P),Total,,0.07,mg/l,True,0.02,,,LAC10-115-01-1D,UHL001,Actual,SW,Water,,,Clayton,07060004,River/Stream,,42.739547,-91.2619757
6,10220001,Turkey River near Garber,01/02/2014 09:15:00,AMBIENT,PHOSP-PHOSP,Phosphate-phosphorus (AS P),Total,,0.04,mg/l,True,0.02,,,LAC10-115-01-1D,UHL001,Actual,SW,Water,,,Clayton,07060004,River/Stream,,42.739547,-91.2619757
6,10220001,Turkey River near Garber,06/10/2014 08:20:00,AMBIENT,PHOSP-PHOSP,Phosphate-phosphorus (AS P),Total,,0.21,mg/l,True,0.02,,,LAC10-115-01-1D,UHL001,Actual,SW,Water,,,Clayton,07060004,River/Stream,,42.739547,-91.2619757
6,10220001,Turkey River near Garber,07/08/2014 08:00:00,AMBIENT,PHOSP-PHOSP,Phosphate-phosphorus (AS P),Total,,0.18,mg/l,True,0.02,,,LAC10-115-01-1D,UHL001,Actual,SW,Water,,,Clayton,07060004,River/Stream,,42.739547,-91.2619757
6,10220001,Turkey River near Garber,06/05/2013 11:15:00,TURKEYR,PHOSP-PHOSP,Phosphate-phosphorus (AS P),Total,,0.21,mg/l,True,0.02,,,LAC10-115-01-1D,UHL001,Actual,SW,Water,,,Clayton,07060004,River/Stream,,42.739547,-91.2619757
6,10220001,Turkey River near Garber,08/07/2013 12:01:00,TURKEYR,PHOSP-PHOSP,Phosphate-phosphorus (AS P),Total,,0.15,mg/l,True,0.02,,,LAC10-115-01-1D,UHL001,Actual,SW,Water,,,Clayton,07060004,River/Stream,,42.739547,-91.2619757
6,10220001,Turkey River near Garber,07/10/2013 09:47:00,TURKEYR,PHOSP-PHOSP,Phosphate-phosphorus (AS P),Total,,0.26,mg/l,True,0.02,,,LAC10-115-01-1D,UHL001,Actual,SW,Water,,,Clayton,07060004,River/Stream,,42.739547,-91.2619757
6,10220002,Volga River near Elkport,08/23/2002 13:00:00,EVENT,PHOSP-PHOSP,Phosphate-phosphorus (as P),Total,,1.2,mg/l,True,0.05,,,Unknown,UHL001,Actual,SW,Water,,,Clayton,07060004,River/Stream,,42.7497293,-91.2767798
6,10220001,Turkey River near Garber,03/05/2002 10:20:00,AMBIENT,PHOSP-PHOSP,Phosphate-phosphorus (as P),Total,,0.07,mg/l,True,0.05,,,Unknown,UHL001,Actual,SW,Water,,,Clayton,07060004,River/Stream,,42.739547,-91.2619757
6,10220001,Turkey River near Garber,04/01/2003 08:55:00,AMBIENT,PHOSP-PHOSP,Phosphate-phosphorus (as P),Total,,0.17,mg/l,True,0.05,,,365.4,UHL001,Actual,SW,Water,,,Clayton,07060004,River/Stream,,42.739547,-91.2619757
6,10220001,Turkey River near Garber,02/04/2003 09:35:00,AMBIENT,PHOSP-PHOSP,Phosphate-phosphorus (as P),Total,,0.05,mg/l,False,0.05,,,365.4,UHL001,Actual,SW,Water,,,Clayton,07060004,River/Stream,,42.739547,-91.2619757
6,10220001,Turkey River near Garber,05/06/2003 08:25:00,AMBIENT,PHOSP-PHOSP,Phosphate-phosphorus (as P),Total,,0.45,mg/l,True,0.05,,,365.4,UHL001,Actual,SW,Water,,,Clayton,07060004,River/Stream,,42.739547,-91.2619757
6,10220001,Turkey River near Garber,06/03/2003 09:00:00,AMBIENT,PHOSP-PHOSP,Phosphate-phosphorus (as P),Total,,0.07,mg/l,True,0.02,,,365.4,UHL001,Actual,SW,Water,,,Clayton,07060004,River/Stream,,42.739547,-91.2619757
6,10220001,Turkey River near Garber,08/05/2003 08:55:00,AMBIENT,PHOSP-PHOSP,Phosphate-phosphorus (as P),Total,,0.06,mg/l,True,0.02,,,365.4,UHL001,Actual,SW,Water,,,Clayton,07060004,River/Stream,,42.739547,-91.2619757
6,10220001,Turkey River near Garber,11/05/2002 16:25:00,AMBIENT,PHOSP-PHOSP,Phosphate-phosphorus (as P),Total,,0.05,mg/l,False,0.05,,,Unknown,UHL001,Actual,SW,Water,,,Clayton,07060004,River/Stream,,42.739547,-91.2619757
6,10220001,Turkey River near Garber,11/04/2003 16:30:00,AMBIENT,PHOSP-PHOSP,Phosphate-phosphorus (as P),Total,,0.31,mg/l,True,0.02,,,365.4,UHL001,Actual,SW,Water,,,Clayton,07060004,River/Stream,,42.739547,-91.2619757
6,10220001,Turkey River near Garber,01/06/2004 10:20:00,AMBIENT,PHOSP-PHOSP,Phosphate-phosphorus (as P),Total,,0.04,mg/l,True,0.02,,,365.4,UHL001,Actual,SW,Water,,,Clayton,07060004,River/Stream,,42.739547,-91.2619757
6,10220001,Turkey River near Garber,03/02/2004 09:15:00,AMBIENT,PHOSP-PHOSP,Phosphate-phosphorus (as P),Total,,1,mg/l,True,0.05,,,365.4,UHL001,Actual,SW,Water,,,Clayton,07060004,River/Stream,,42.739547,-91.2619757
6,10220001,Turkey River near Garber,04/06/2004 10:00:00,AMBIENT,PHOSP-PHOSP,Phosphate-phosphorus (as P),Total,,0.12,mg/l,True,0.02,,,365.4,UHL001,Actual,SW,Water,,,Clayton,07060004,River/Stream,,42.739547,-91.2619757
6,10220001,Turkey River near Garber,05/04/2004 09:45:00,AMBIENT,PHOSP-PHOSP,Phosphate-phosphorus (as P),Total,,0.03,mg/l,True,0.02,,,365.4,UHL001,Actual,SW,Water,,,Clayton,07060004,River/Stream,,42.739547,-91.2619757
6,10220001,Turkey River near Garber,07/06/2004 10:35:00,AMBIENT,PHOSP-PHOSP,Phosphate-phosphorus (as P),Total,,5.7,mg/l,True,0.02,,,365.4,UHL001,Actual,SW,Water,,,Clayton,07060004,River/Stream,,42.739547,-91.2619757
6,10220001,Turkey River near Garber,12/02/2003 09:00:00,AMBIENT,PHOSP-PHOSP,Phosphate-phosphorus (as P),Total,,0.02,mg/l,False,0.02,,,365.4,UHL001,Actual,SW,Water,,,Clayton,07060004,River/Stream,,42.739547,-91.2619757
6,10220001,Turkey River near Garber,10/05/2004 09:00:00,AMBIENT,PHOSP-PHOSP,Phosphate-phosphorus (as P),Total,,0.03,mg/l,True,0.02,,,365.4,UHL001,Actual,SW,Water,,,Clayton,07060004,River/Stream,,42.739547,-91.2619757
6,10220001,Turkey River near Garber,12/07/2004 09:05:00,AMBIENT,PHOSP-PHOSP,Phosphate-phosphorus (as P),Total,,0.05,mg/l,True,0.02,,,365.4,UHL001,Actual,SW,Water,,,Clayton,07060004,River/Stream,,42.739547,-91.2619757
6,10220001,Turkey River near Garber,08/03/2004 10:15:00,AMBIENT,PHOSP-PHOSP,Phosphate-phosphorus (as P),Total,,0.27,mg/l,True,0.02,,,365.4,UHL001,Actual,SW,Water,,,Clayton,07060004,River/Stream,,42.739547,-91.2619757
6,10220001,Turkey River near Garber,04/05/2005 08:10:00,AMBIENT,PHOSP-PHOSP,Phosphate-phosphorus (as P),Total,,0.17,mg/l,True,0.02,,,365.4,UHL001,Actual,SW,Water,,,Clayton,07060004,River/Stream,,42.739547,-91.2619757
6,10220001,Turkey River near Garber,01/11/2005 10:00:00,AMBIENT,PHOSP-PHOSP,Phosphate-phosphorus (as P),Total,,0.06,mg/l,True,0.02,,,365.4,UHL001,Actual,SW,Water,,,Clayton,07060004,River/Stream,,42.739547,-91.2619757
6,10220001,Turkey River near Garber,06/07/2005 09:30:00,AMBIENT,PHOSP-PHOSP,Phosphate-phosphorus (as P),Total,,0.07,mg/l,True,0.02,,,365.4,UHL001,Actual,SW,Water,,,Clayton,07060004,River/Stream,,42.739547,-91.2619757
6,10220001,Turkey River near Garber,05/03/2005 09:55:00,AMBIENT,PHOSP-PHOSP,Phosphate-phosphorus (as P),Total,,0.05,mg/l,True,0.02,,,365.4,UHL001,Actual,SW,Water,,,Clayton,07060004,River/Stream,,42.739547,-91.2619757
6,10220001,Turkey River near Garber,07/06/2005 11:30:00,AMBIENT,PHOSP-PHOSP,Phosphate-phosphorus (as P),Total,,0.18,mg/l,True,0.02,,,365.4,UHL001,Actual,SW,Water,,,Clayton,07060004,River/Stream,,42.739547,-91.2619757
6,10220001,Turkey River near Garber,09/05/2005 09:45:00,AMBIENT,PHOSP-PHOSP,Phosphate-phosphorus (as P),Total,,0.08,mg/l,True,0.02,,,365.4,UHL001,Actual,SW,Water,,,Clayton,07060004,River/Stream,,42.739547,-91.2619757
6,10220001,Turkey River near Garber,10/11/2005 09:50:00,AMBIENT,PHOSP-PHOSP,Phosphate-phosphorus (as P),Total,,0.11,mg/l,True,0.02,,,365.4,UHL001,Actual,SW,Water,,,Clayton,07060004,River/Stream,,42.739547,-91.2619757
6,10220001,Turkey River near Garber,11/01/2005 08:10:00,AMBIENT,PHOSP-PHOSP,Phosphate-phosphorus (as P),Total,,0.04,mg/l,True,0.02,,,365.4,UHL001,Actual,SW,Water,,,Clayton,07060004,River/Stream,,42.739547,-91.2619757
6,10220001,Turkey River near Garber,02/07/2006 08:40:00,AMBIENT,PHOSP-PHOSP,Phosphate-phosphorus (as P),Total,,0.12,mg/l,True,0.02,,,365.4,UHL001,Actual,SW,Water,,,Clayton,07060004,River/Stream,,42.739547,-91.2619757
6,10220001,Turkey River near Garber,03/07/2006 09:30:00,AMBIENT,PHOSP-PHOSP,Phosphate-phosphorus (as P),Total,,0.05,mg/l,True,0.02,,,365.4,UHL001,Actual,SW,Water,,,Clayton,07060004,River/Stream,,42.739547,-91.2619757
6,10220001,Turkey River near Garber,10/04/2006 10:10:00,AMBIENT,PHOSP-PHOSP,Phosphate-phosphorus (as P),Total,,0.07,mg/l,True,0.02,,,365.4,UHL001,Actual,SW,Water,,,Clayton,07060004,River/Stream,,42.739547,-91.2619757
6,10220001,Turkey River near Garber,12/07/2006 08:40:00,AMBIENT,PHOSP-PHOSP,Phosphate-phosphorus (as P),Total,,0.08,mg/l,True,0.02,,,365.4,UHL001,Actual,SW,Water,,,Clayton,07060004,River/Stream,,42.739547,-91.2619757
6,10220001,Turkey River near Garber,01/04/2007 07:40:00,AMBIENT,PHOSP-PHOSP,Phosphate-phosphorus (as P),Total,,0.22,mg/l,True,0.02,,,365.4,UHL001,Actual,SW,Water,,,Clayton,07060004,River/Stream,,42.739547,-91.2619757
6,10220001,Turkey River near Garber,02/21/2007 08:30:00,AMBIENT,PHOSP-PHOSP,Phosphate-phosphorus (as P),Total,,0.09,mg/l,True,0.02,,,365.4,UHL001,Actual,SW,Water,,,Clayton,07060004,River/Stream,,42.739547,-91.2619757
6,10220001,Turkey River near Garber,01/03/2006 09:50:00,AMBIENT,PHOSP-PHOSP,Phosphate-phosphorus (as P),Total,,0.09,mg/l,True,0.02,,,365.4,UHL001,Actual,SW,Water,,,Clayton,07060004,River/Stream,,42.739547,-91.2619757
6,10220001,Turkey River near Garber,05/08/2007 08:10:00,AMBIENT,PHOSP-PHOSP,Phosphate-phosphorus (as P),Total,,0.13,mg/l,True,0.02,,,365.4,UHL001,Actual,SW,Water,,,Clayton,07060004,River/Stream,,42.739547,-91.2619757
6,10220001,Turkey River near Garber,06/13/2007 08:15:00,AMBIENT,PHOSP-PHOSP,Phosphate-phosphorus (as P),Total,,0.19,mg/l,True,0.02,,,365.4,UHL001,Actual,SW,Water,,,Clayton,07060004,River/Stream,,42.739547,-91.2619757
6,10220001,Turkey River near Garber,08/02/2007 09:25:00,AMBIENT,PHOSP-PHOSP,Phosphate-phosphorus (as P),Total,,0.1,mg/l,True,0.02,,,365.4,UHL001,Actual,SW,Water,,,Clayton,07060004,River/Stream,,42.739547,-91.2619757
6,10220001,Turkey River near Garber,10/09/2007 09:05:00,AMBIENT,PHOSP-PHOSP,Phosphate-phosphorus (as P),Total,,0.27,mg/l,True,0.02,,,365.4,UHL001,Actual,SW,Water,,,Clayton,07060004,River/Stream,,42.739547,-91.2619757
6,10220001,Turkey River near Garber,01/03/2008 08:25:00,AMBIENT,PHOSP-PHOSP,Phosphate-phosphorus (as P),Total,,0.04,mg/l,True,0.02,,,365.4,UHL001,Actual,SW,Water,,,Clayton,07060004,River/Stream,,42.739547,-91.2619757
6,10220001,Turkey River near Garber,02/12/2008 08:25:00,AMBIENT,PHOSP-PHOSP,Phosphate-phosphorus (as P),Total,,0.07,mg/l,True,0.02,,,365.4,UHL001,Actual,SW,Water,,,Clayton,07060004,River/Stream,,42.739547,-91.2619757
6,10220001,Turkey River near Garber,03/10/2008 08:40:00,AMBIENT,PHOSP-PHOSP,Phosphate-phosphorus (as P),Total,,0.09,mg/l,True,0.02,,,365.4,UHL001,Actual,SW,Water,,,Clayton,07060004,River/Stream,,42.739547,-91.2619757
6,10220001,Turkey River near Garber,04/09/2008 08:15:00,AMBIENT,PHOSP-PHOSP,Phosphate-phosphorus (as P),Total,,0.13,mg/l,True,0.02,,,365.4,UHL001,Actual,SW,Water,,,Clayton,07060004,River/Stream,,42.739547,-91.2619757
6,10220001,Turkey River near Garber,05/07/2008 08:30:00,AMBIENT,PHOSP-PHOSP,Phosphate-phosphorus (as P),Total,,0.2,mg/l,True,0.02,,,365.4,UHL001,Actual,SW,Water,,,Clayton,07060004,River/Stream,,42.739547,-91.2619757
6,10220001,Turkey River near Garber,07/09/2008 08:25:00,AMBIENT,PHOSP-PHOSP,Phosphate-phosphorus (as P),Total,,0.55,mg/l,True,0.05,,,365.4,UHL001,Actual,SW,Water,,,Clayton,07060004,River/Stream,,42.739547,-91.2619757
6,10220001,Turkey River near Garber,06/10/2009 09:20:00,AMBIENT,PHOSP-PHOSP,Phosphate-phosphorus (as P),Total,,0.11,mg/l,True,0.02,,,365.4,UHL001,Actual,SW,Water,,,Clayton,07060004,River/Stream,,42.739547,-91.2619757
6,10220001,Turkey River near Garber,04/06/2009 08:30:00,AMBIENT,PHOSP-PHOSP,Phosphate-phosphorus (as P),Total,,0.07,mg/l,True,0.02,,,365.4,UHL001,Actual,SW,Water,,,Clayton,07060004,River/Stream,,42.739547,-91.2619757
6,10220001,Turkey River near Garber,08/11/2009 09:45:00,AMBIENT,PHOSP-PHOSP,Phosphate-phosphorus (as P),Total,,0.24,mg/l,True,0.02,,,365.4,UHL001,Actual,SW,Water,,,Clayton,07060004,River/Stream,,42.739547,-91.2619757
6,10220001,Turkey River near Garber,09/08/2009 09:50:00,AMBIENT,PHOSP-PHOSP,Phosphate-phosphorus (as P),Total,,0.1,mg/l,True,0.02,,,365.4,UHL001,Actual,SW,Water,,,Clayton,07060004,River/Stream,,42.739547,-91.2619757
6,10220001,Turkey River near Garber,12/03/2009 09:15:00,AMBIENT,PHOSP-PHOSP,Phosphate-phosphorus (as P),Total,,0.05,mg/l,True,0.02,,,365.4,UHL001,Actual,SW,Water,,,Clayton,07060004,River/Stream,,42.739547,-91.2619757
6,10220001,Turkey River near Garber,01/06/2010 09:30:00,AMBIENT,PHOSP-PHOSP,Phosphate-phosphorus (as P),Total,,0.07,mg/l,True,0.02,,,365.4,UHL001,Actual,SW,Water,,,Clayton,07060004,River/Stream,,42.739547,-91.2619757
6,10220001,Turkey River near Garber,06/03/2010 08:15:00,AMBIENT,PHOSP-PHOSP,Phosphate-phosphorus (as P),Total,,0.08,mg/l,True,0.02,,,365.4,UHL001,Actual,SW,Water,,,Clayton,07060004,River/Stream,,42.739547,-91.2619757
6,10220001,Turkey River near Garber,05/03/2010 07:35:00,AMBIENT,PHOSP-PHOSP,Phosphate-phosphorus (as P),Total,,0.1,mg/l,True,0.02,,,365.4,UHL001,Actual,SW,Water,,,Clayton,07060004,River/Stream,,42.739547,-91.2619757
6,10220001,Turkey River near Garber,06/03/2008 07:45:00,AMBIENT,PHOSP-PHOSP,Phosphate-phosphorus (as P),Total,,0.25,mg/l,True,0.02,,,365.4,UHL001,Actual,SW,Water,,,Clayton,07060004,River/Stream,,42.739547,-91.2619757
6,10220001,Turkey River near Garber,03/01/2010 08:30:00,AMBIENT,PHOSP-PHOSP,Phosphate-phosphorus (as P),Total,,0.06,mg/l,True,0.02,,,365.4,UHL001,Actual,SW,Water,,,Clayton,07060004,River/Stream,,42.739547,-91.2619757
6,10220001,Turkey River near Garber,09/02/2010 08:00:00,AMBIENT,PHOSP-PHOSP,Phosphate-phosphorus (as P),Total,,0.28,mg/l,True,0.02,,,365.4,UHL001,Actual,SW,Water,,,Clayton,07060004,River/Stream,,42.739547,-91.2619757
6,10220001,Turkey River near Garber,07/07/2010 09:15:00,AMBIENT,PHOSP-PHOSP,Phosphate-phosphorus (as P),Total,,0.74,mg/l,True,0.05,,,365.4,UHL001,Actual,SW,Water,,,Clayton,07060004,River/Stream,,42.739547,-91.2619757
6,10220001,Turkey River near Garber,10/04/2010 09:00:00,AMBIENT,PHOSP-PHOSP,Phosphate-phosphorus (as P),Total,,0.06,mg/l,True,0.02,,,365.4,UHL001,Actual,SW,Water,,,Clayton,07060004,River/Stream,,42.739547,-91.2619757
6,10220001,Turkey River near Garber,01/04/2011 09:00:00,AMBIENT,PHOSP-PHOSP,Phosphate-phosphorus (as P),Total,,0.1,mg/l,True,0.02,,,365.4,UHL001,Actual,SW,Water,,,Clayton,07060004,River/Stream,,42.739547,-91.2619757
6,10220001,Turkey River near Garber,06/01/2011 12:10:00,TURKEYR,PHOSP-PHOSP,Phosphate-phosphorus (as P),Total,,0.16,mg/l,True,0.02,,,365.4,IGS-GRAB,Actual,SW,Water,,,Clayton,07060004,River/Stream,,42.739547,-91.2619757
6,10220001,Turkey River near Garber,11/02/2011 09:10:00,AMBIENT,PHOSP-PHOSP,Phosphate-phosphorus (as P),Total,,0.03,mg/l,True,0.02,,,365.4,UHL001,Actual,SW,Water,,,Clayton,07060004,River/Stream,,42.739547,-91.2619757
6,10220001,Turkey River near Garber,07/06/2011 12:30:00,TURKEYR,PHOSP-PHOSP,Phosphate-phosphorus (as P),Total,,0.12,mg/l,True,0.02,,,365.4,IGS-GRAB,Actual,SW,Water,,,Clayton,07060004,River/Stream,,42.739547,-91.2619757
6,10220001,Turkey River near Garber,09/07/2011 10:40:00,TURKEYR,PHOSP-PHOSP,Phosphate-phosphorus (as P),Total,,0.16,mg/l,True,0.02,,,365.4,IGS-GRAB,Actual,SW,Water,,,Clayton,07060004,River/Stream,,42.739547,-91.2619757
6,10220001,Turkey River near Garber,11/02/2011 13:45:00,TURKEYR,PHOSP-PHOSP,Phosphate-phosphorus (as P),Total,,0.04,mg/l,True,0.02,,,365.4,IGS-GRAB,Actual,SW,Water,,,Clayton,07060004,River/Stream,,42.739547,-91.2619757
6,10220001,Turkey River near Garber,04/05/2012 07:55:00,AMBIENT,PHOSP-PHOSP,Phosphate-phosphorus (as P),Total,,0.06,mg/l,True,0.02,,,LAC10-115-01-1D,UHL001,Actual,SW,Water,,,Clayton,07060004,River/Stream,,42.739547,-91.2619757
6,10220001,Turkey River near Garber,05/03/2012 07:55:00,AMBIENT,PHOSP-PHOSP,Phosphate-phosphorus (as P),Total,,0.36,mg/l,True,0.02,,,LAC10-115-01-1D,UHL001,Actual,SW,Water,,,Clayton,07060004,River/Stream,,42.739547,-91.2619757
6,10220001,Turkey River near Garber,12/07/1999 08:20:00,AMBIENT,PHOSP-PHOSP,Phosphate-phosphorus (as P),Total,,0.1,mg/l,False,0.1,,,Unknown,UHL001,Actual,SW,Water,,,Clayton,07060004,River/Stream,,42.739547,-91.2619757
6,10220001,Turkey River near Garber,10/21/1999 08:50:00,AMBIENT,PHOSP-PHOSP,Phosphate-phosphorus (as P),Total,,0.1,mg/l,False,0.1,,,Unknown,UHL001,Actual,SW,Water,,,Clayton,07060004,River/Stream,,42.739547,-91.2619757
6,10220001,Turkey River near Garber,01/13/2000 09:00:00,AMBIENT,PHOSP-PHOSP,Phosphate-phosphorus (as P),Total,,0.1,mg/l,False,0.1,,,Unknown,UHL001,Actual,SW,Water,,,Clayton,07060004,River/Stream,,42.739547,-91.2619757
6,10220001,Turkey River near Garber,04/20/2000 09:15:00,AMBIENT,PHOSP-PHOSP,Phosphate-phosphorus (as P),Total,,7.7,mg/l,True,0.1,,,Unknown,UHL001,Actual,SW,Water,,,Clayton,07060004,River/Stream,,42.739547,-91.2619757
6,10220001,Turkey River near Garber,05/16/2000 10:25:00,AMBIENT,PHOSP-PHOSP,Phosphate-phosphorus (as P),Total,,0.1,mg/l,True,0.1,,,Unknown,UHL001,Actual,SW,Water,,,Clayton,07060004,River/Stream,,42.739547,-91.2619757
6,10220001,Turkey River near Garber,07/12/2000 10:35:00,AMBIENT,PHOSP-PHOSP,Phosphate-phosphorus (as P),Total,,0.5,mg/l,True,0.1,,,Unknown,UHL001,Actual,SW,Water,,,Clayton,07060004,River/Stream,,42.739547,-91.2619757
6,10220001,Turkey River near Garber,09/20/2000 10:55:00,AMBIENT,PHOSP-PHOSP,Phosphate-phosphorus (as P),Total,,0.1,mg/l,False,0.1,,,Unknown,UHL001,Actual,SW,Water,,,Clayton,07060004,River/Stream,,42.739547,-91.2619757
6,10220001,Turkey River near Garber,08/16/2000 13:05:00,AMBIENT,PHOSP-PHOSP,Phosphate-phosphorus (as P),Total,,0.2,mg/l,True,0.1,,,Unknown,UHL001,Actual,SW,Water,,,Clayton,07060004,River/Stream,,42.739547,-91.2619757
6,10220001,Turkey River near Garber,09/12/2001 09:55:00,AMBIENT,PHOSP-PHOSP,Phosphate-phosphorus (as P),Total,,0.27,mg/l,True,0.05,,,Unknown,UHL001,Actual,SW,Water,,,Clayton,07060004,River/Stream,,42.739547,-91.2619757
6,10220001,Turkey River near Garber,08/01/2001 12:55:00,AMBIENT,PHOSP-PHOSP,Phosphate-phosphorus (as P),Total,,0.2,mg/l,True,0.1,,,Unknown,UHL001,Actual,SW,Water,,,Clayton,07060004,River/Stream,,42.739547,-91.2619757
6,10220001,Turkey River near Garber,11/09/2000 07:35:00,AMBIENT,PHOSP-PHOSP,Phosphate-phosphorus (as P),Total,,0.2,mg/l,True,0.1,,,Unknown,UHL001,Actual,SW,Water,,,Clayton,07060004,River/Stream,,42.739547,-91.2619757
6,10220001,Turkey River near Garber,12/12/2000 10:20:00,AMBIENT,PHOSP-PHOSP,Phosphate-phosphorus (as P),Total,,0.1,mg/l,False,0.1,,,Unknown,UHL001,Actual,SW,Water,,,Clayton,07060004,River/Stream,,42.739547,-91.2619757
6,10220001,Turkey River near Garber,04/09/2001 09:30:00,AMBIENT,PHOSP-PHOSP,Phosphate-phosphorus (as P),Total,,0.9,mg/l,True,0.1,,,Unknown,UHL001,Actual,SW,Water,,,Clayton,07060004,River/Stream,,42.739547,-91.2619757
6,10220001,Turkey River near Garber,02/07/2001 09:25:00,AMBIENT,PHOSP-PHOSP,Phosphate-phosphorus (as P),Total,,0.1,mg/l,False,0.1,,,Unknown,UHL001,Actual,SW,Water,,,Clayton,07060004,River/Stream,,42.739547,-91.2619757
6,10220001,Turkey River near Garber,02/05/2002 09:15:00,AMBIENT,PHOSP-PHOSP,Phosphate-phosphorus (as P),Total,,0.05,mg/l,False,0.05,,,Unknown,UHL001,Actual,SW,Water,,,Clayton,07060004,River/Stream,,42.739547,-91.2619757
6,10220001,Turkey River near Garber,04/02/2002 08:45:00,AMBIENT,PHOSP-PHOSP,Phosphate-phosphorus (as P),Total,,0.05,mg/l,False,0.05,,,Unknown,UHL001,Actual,SW,Water,,,Clayton,07060004,River/Stream,,42.739547,-91.2619757
6,10220001,Turkey River near Garber,12/04/2001 08:30:00,AMBIENT,PHOSP-PHOSP,Phosphate-phosphorus (as P),Total,,0.05,mg/l,False,0.05,,,Unknown,UHL001,Actual,SW,Water,,,Clayton,07060004,River/Stream,,42.739547,-91.2619757
6,10220001,Turkey River near Garber,08/06/2002 08:40:00,AMBIENT,PHOSP-PHOSP,Phosphate-phosphorus (as P),Total,,0.29,mg/l,True,0.05,,,Unknown,UHL001,Actual,SW,Water,,,Clayton,07060004,River/Stream,,42.739547,-91.2619757
6,10220001,Turkey River near Garber,10/01/2002 10:15:00,AMBIENT,PHOSP-PHOSP,Phosphate-phosphorus (as P),Total,,0.16,mg/l,True,0.05,,,Unknown,UHL001,Actual,SW,Water,,,Clayton,07060004,River/Stream,,42.739547,-91.2619757
6,10220001,Turkey River near Garber,07/01/2002 10:00:00,AMBIENT,PHOSP-PHOSP,Phosphate-phosphorus (as P),Total,,0.19,mg/l,True,0.05,,,Unknown,UHL001,Actual,SW,Water,,,Clayton,07060004,River/Stream,,42.739547,-91.2619757
6,10220001,Turkey River near Garber,12/03/2002 09:10:00,AMBIENT,PHOSP-PHOSP,Phosphate-phosphorus (as P),Total,,0.05,mg/l,False,0.05,,,365.4,UHL001,Actual,SW,Water,,,Clayton,07060004,River/Stream,,42.739547,-91.2619757
6,10220001,Turkey River near Garber,01/07/2003 09:00:00,AMBIENT,PHOSP-PHOSP,Phosphate-phosphorus (as P),Total,,0.05,mg/l,False,0.05,,,365.4,UHL001,Actual,SW,Water,,,Clayton,07060004,River/Stream,,42.739547,-91.2619757
6,10220001,Turkey River near Garber,03/04/2003 09:15:00,AMBIENT,PHOSP-PHOSP,Phosphate-phosphorus (as P),Total,,0.08,mg/l,True,0.05,,,365.4,UHL001,Actual,SW,Water,,,Clayton,07060004,River/Stream,,42.739547,-91.2619757
6,10220001,Turkey River near Garber,07/08/2003 08:55:00,AMBIENT,PHOSP-PHOSP,Phosphate-phosphorus (as P),Total,,0.79,mg/l,True,0.02,,,365.4,UHL001,Actual,SW,Water,,,Clayton,07060004,River/Stream,,42.739547,-91.2619757
6,10220001,Turkey River near Garber,09/02/2003 09:40:00,AMBIENT,PHOSP-PHOSP,Phosphate-phosphorus (as P),Total,,0.09,mg/l,True,0.02,,,365.4,UHL001,Actual,SW,Water,,,Clayton,07060004,River/Stream,,42.739547,-91.2619757
6,10220001,Turkey River near Garber,02/03/2004 10:35:00,AMBIENT,PHOSP-PHOSP,Phosphate-phosphorus (as P),Total,,0.06,mg/l,True,0.02,,,365.4,UHL001,Actual,SW,Water,,,Clayton,07060004,River/Stream,,42.739547,-91.2619757
6,10220001,Turkey River near Garber,06/01/2004 08:50:00,AMBIENT,PHOSP-PHOSP,Phosphate-phosphorus (as P),Total,,0.7,mg/l,True,0.02,,,365.4,UHL001,Actual,SW,Water,,,Clayton,07060004,River/Stream,,42.739547,-91.2619757
6,10220001,Turkey River near Garber,10/07/2003 09:10:00,AMBIENT,PHOSP-PHOSP,Phosphate-phosphorus (as P),Total,,0.04,mg/l,True,0.02,,,365.4,UHL001,Actual,SW,Water,,,Clayton,07060004,River/Stream,,42.739547,-91.2619757
6,10220001,Turkey River near Garber,09/07/2004 07:55:00,AMBIENT,PHOSP-PHOSP,Phosphate-phosphorus (as P),Total,,0.1,mg/l,True,0.02,,,365.4,UHL001,Actual,SW,Water,,,Clayton,07060004,River/Stream,,42.739547,-91.2619757
6,10220001,Turkey River near Garber,11/09/2004 09:25:00,AMBIENT,PHOSP-PHOSP,Phosphate-phosphorus (as P),Total,,0.06,mg/l,True,0.02,,,365.4,UHL001,Actual,SW,Water,,,Clayton,07060004,River/Stream,,42.739547,-91.2619757
6,10220001,Turkey River near Garber,02/08/2005 09:10:00,AMBIENT,PHOSP-PHOSP,Phosphate-phosphorus (as P),Total,,1.3,mg/l,True,0.05,,,365.4,UHL001,Actual,SW,Water,,,Clayton,07060004,River/Stream,,42.739547,-91.2619757
6,10220001,Turkey River near Garber,03/01/2005 09:45:00,AMBIENT,PHOSP-PHOSP,Phosphate-phosphorus (as P),Total,,0.15,mg/l,True,0.02,,,365.4,UHL001,Actual,SW,Water,,,Clayton,07060004,River/Stream,,42.739547,-91.2619757
6,10220001,Turkey River near Garber,08/02/2005 10:30:00,AMBIENT,PHOSP-PHOSP,Phosphate-phosphorus (as P),Total,,0.17,mg/l,True,0.02,,,365.4,UHL001,Actual,SW,Water,,,Clayton,07060004,River/Stream,,42.739547,-91.2619757
6,10220001,Turkey River near Garber,12/06/2005 10:15:00,AMBIENT,PHOSP-PHOSP,Phosphate-phosphorus (as P),Total,,0.08,mg/l,True,0.02,,,365.4,UHL001,Actual,SW,Water,,,Clayton,07060004,River/Stream,,42.739547,-91.2619757
6,10220001,Turkey River near Garber,04/04/2006 09:00:00,AMBIENT,PHOSP-PHOSP,Phosphate-phosphorus (as P),Total,,0.85,mg/l,True,0.05,,,365.4,UHL001,Actual,SW,Water,,,Clayton,07060004,River/Stream,,42.739547,-91.2619757
6,10220001,Turkey River near Garber,06/05/2006 08:10:00,AMBIENT,PHOSP-PHOSP,Phosphate-phosphorus (as P),Total,,0.22,mg/l,True,0.02,,,365.4,UHL001,Actual,SW,Water,,,Clayton,07060004,River/Stream,,42.739547,-91.2619757
6,10220001,Turkey River near Garber,08/01/2006 07:40:00,AMBIENT,PHOSP-PHOSP,Phosphate-phosphorus (as P),Total,,0.14,mg/l,True,0.02,,,365.4,UHL001,Actual,SW,Water,,,Clayton,07060004,River/Stream,,42.739547,-91.2619757
6,10220001,Turkey River near Garber,07/06/2006 06:40:00,AMBIENT,PHOSP-PHOSP,Phosphate-phosphorus (as P),Total,,0.1,mg/l,True,0.02,,,365.4,UHL001,Actual,SW,Water,,,Clayton,07060004,River/Stream,,42.739547,-91.2619757
6,10220001,Turkey River near Garber,09/07/2006 13:25:00,AMBIENT,PHOSP-PHOSP,Phosphate-phosphorus (as P),Total,,0.09,mg/l,True,0.02,,,365.4,UHL001,Actual,SW,Water,,,Clayton,07060004,River/Stream,,42.739547,-91.2619757
6,10220001,Turkey River near Garber,11/08/2006 08:40:00,AMBIENT,PHOSP-PHOSP,Phosphate-phosphorus (as P),Total,,0.03,mg/l,True,0.02,,,365.4,UHL001,Actual,SW,Water,,,Clayton,07060004,River/Stream,,42.739547,-91.2619757
6,10220001,Turkey River near Garber,03/13/2007 08:55:00,AMBIENT,PHOSP-PHOSP,Phosphate-phosphorus (as P),Total,,1.5,mg/l,True,0.05,,,365.4,UHL001,Actual,SW,Water,,,Clayton,07060004,River/Stream,,42.739547,-91.2619757
6,10220001,Turkey River near Garber,04/10/2007 08:35:00,AMBIENT,PHOSP-PHOSP,Phosphate-phosphorus (as P),Total,,0.14,mg/l,True,0.02,,,365.4,UHL001,Actual,SW,Water,,,Clayton,07060004,River/Stream,,42.739547,-91.2619757
6,10220001,Turkey River near Garber,07/12/2007 08:30:00,AMBIENT,PHOSP-PHOSP,Phosphate-phosphorus (as P),Total,,0.09,mg/l,True,0.02,,,365.4,UHL001,Actual,SW,Water,,,Clayton,07060004,River/Stream,,42.739547,-91.2619757
6,10220001,Turkey River near Garber,09/12/2007 09:10:00,AMBIENT,PHOSP-PHOSP,Phosphate-phosphorus (as P),Total,,0.17,mg/l,True,0.02,,,365.4,UHL001,Actual,SW,Water,,,Clayton,07060004,River/Stream,,42.739547,-91.2619757
6,10220001,Turkey River near Garber,12/04/2007 09:20:00,AMBIENT,PHOSP-PHOSP,Phosphate-phosphorus (as P),Total,,0.05,mg/l,True,0.02,,,365.4,UHL001,Actual,SW,Water,,,Clayton,07060004,River/Stream,,42.739547,-91.2619757
6,10220001,Turkey River near Garber,11/01/2007 10:40:00,AMBIENT,PHOSP-PHOSP,Phosphate-phosphorus (as P),Total,,0.1,mg/l,True,0.02,,,365.4,UHL001,Actual,SW,Water,,,Clayton,07060004,River/Stream,,42.739547,-91.2619757
6,10220001,Turkey River near Garber,08/13/2008 07:20:00,AMBIENT,PHOSP-PHOSP,Phosphate-phosphorus (as P),Total,,0.09,mg/l,True,0.02,,,365.4,UHL001,Actual,SW,Water,,,Clayton,07060004,River/Stream,,42.739547,-91.2619757
6,10220001,Turkey River near Garber,05/02/2006 08:55:00,AMBIENT,PHOSP-PHOSP,Phosphate-phosphorus (as P),Total,,0.24,mg/l,True,0.02,,,365.4,UHL001,Actual,SW,Water,,,Clayton,07060004,River/Stream,,42.739547,-91.2619757
6,10220001,Turkey River near Garber,07/06/2009 13:20:00,AMBIENT,PHOSP-PHOSP,Phosphate-phosphorus (as P),Total,,0.09,mg/l,True,0.02,,,365.4,UHL001,Actual,SW,Water,,,Clayton,07060004,River/Stream,,42.739547,-91.2619757
6,10220001,Turkey River near Garber,05/06/2009 09:05:00,AMBIENT,PHOSP-PHOSP,Phosphate-phosphorus (as P),Total,,0.16,mg/l,True,0.02,,,365.4,UHL001,Actual,SW,Water,,,Clayton,07060004,River/Stream,,42.739547,-91.2619757
6,10220001,Turkey River near Garber,11/05/2009 09:15:00,AMBIENT,PHOSP-PHOSP,Phosphate-phosphorus (as P),Total,,0.15,mg/l,True,0.02,,,365.4,UHL001,Actual,SW,Water,,,Clayton,07060004,River/Stream,,42.739547,-91.2619757
6,10220001,Turkey River near Garber,10/08/2009 09:30:00,AMBIENT,PHOSP-PHOSP,Phosphate-phosphorus (as P),Total,,0.11,mg/l,True,0.02,,,365.4,UHL001,Actual,SW,Water,,,Clayton,07060004,River/Stream,,42.739547,-91.2619757
6,10220001,Turkey River near Garber,08/05/2010 08:50:00,AMBIENT,PHOSP-PHOSP,Phosphate-phosphorus (as P),Total,,0.16,mg/l,True,0.02,,,365.4,UHL001,Actual,SW,Water,,,Clayton,07060004,River/Stream,,42.739547,-91.2619757
6,10220001,Turkey River near Garber,04/05/2010 09:10:00,AMBIENT,PHOSP-PHOSP,Phosphate-phosphorus (as P),Total,,0.08,mg/l,True,0.02,,,365.4,UHL001,Actual,SW,Water,,,Clayton,07060004,River/Stream,,42.739547,-91.2619757
6,10220001,Turkey River near Garber,02/03/2010 09:15:00,AMBIENT,PHOSP-PHOSP,Phosphate-phosphorus (as P),Total,,0.06,mg/l,True,0.02,,,365.4,UHL001,Actual,SW,Water,,,Clayton,07060004,River/Stream,,42.739547,-91.2619757
6,10220001,Turkey River near Garber,12/02/2010 09:30:00,AMBIENT,PHOSP-PHOSP,Phosphate-phosphorus (as P),Total,,0.04,mg/l,True,0.02,,,365.4,UHL001,Actual,SW,Water,,,Clayton,07060004,River/Stream,,42.739547,-91.2619757
6,10220001,Turkey River near Garber,11/02/2010 09:40:00,AMBIENT,PHOSP-PHOSP,Phosphate-phosphorus (as P),Total,,0.04,mg/l,True,0.02,,,365.4,UHL001,Actual,SW,Water,,,Clayton,07060004,River/Stream,,42.739547,-91.2619757
6,10220001,Turkey River near Garber,02/07/2011 08:20:00,AMBIENT,PHOSP-PHOSP,Phosphate-phosphorus (as P),Total,,0.07,mg/l,True,0.02,,,365.4,UHL001,Actual,SW,Water,,,Clayton,07060004,River/Stream,,42.739547,-91.2619757
6,10220001,Turkey River near Garber,03/01/2011 08:45:00,AMBIENT,PHOSP-PHOSP,Phosphate-phosphorus (as P),Total,,0.15,mg/l,True,0.02,,,365.4,UHL001,Actual,SW,Water,,,Clayton,07060004,River/Stream,,42.739547,-91.2619757
6,10220001,Turkey River near Garber,04/04/2011 08:30:00,AMBIENT,PHOSP-PHOSP,Phosphate-phosphorus (as P),Total,,0.13,mg/l,True,0.02,,,365.4,UHL001,Actual,SW,Water,,,Clayton,07060004,River/Stream,,42.739547,-91.2619757
6,10220001,Turkey River near Garber,05/02/2011 09:00:00,AMBIENT,PHOSP-PHOSP,Phosphate-phosphorus (as P),Total,,0.17,mg/l,True,0.02,,,365.4,UHL001,Actual,SW,Water,,,Clayton,07060004,River/Stream,,42.739547,-91.2619757
6,10220001,Turkey River near Garber,07/05/2011 09:00:00,AMBIENT,PHOSP-PHOSP,Phosphate-phosphorus (as P),Total,,0.11,mg/l,True,0.02,,,365.4,UHL001,Actual,SW,Water,,,Clayton,07060004,River/Stream,,42.739547,-91.2619757
6,10220001,Turkey River near Garber,06/08/2011 09:10:00,AMBIENT,PHOSP-PHOSP,Phosphate-phosphorus (as P),Total,,0.14,mg/l,True,0.02,,,365.4,UHL001,Actual,SW,Water,,,Clayton,07060004,River/Stream,,42.739547,-91.2619757
6,10220001,Turkey River near Garber,09/01/2011 11:45:00,AMBIENT,PHOSP-PHOSP,Phosphate-phosphorus (as P),Total,,0.13,mg/l,True,0.02,,,365.4,UHL001,Actual,SW,Water,,,Clayton,07060004,River/Stream,,42.739547,-91.2619757
6,10220001,Turkey River near Garber,08/03/2011 09:00:00,AMBIENT,PHOSP-PHOSP,Phosphate-phosphorus (as P),Total,,0.17,mg/l,True,0.02,,,365.4,UHL001,Actual,SW,Water,,,Clayton,07060004,River/Stream,,42.739547,-91.2619757
6,10220001,Turkey River near Garber,12/06/2011 09:15:00,AMBIENT,PHOSP-PHOSP,Phosphate-phosphorus (as P),Total,,0.18,mg/l,True,0.02,,,365.4,UHL001,Actual,SW,Water,,,Clayton,07060004,River/Stream,,42.739547,-91.2619757
6,10220001,Turkey River near Garber,10/05/2011 12:25:00,TURKEYR,PHOSP-PHOSP,Phosphate-phosphorus (as P),Total,,0.04,mg/l,True,0.02,,,365.4,IGS-GRAB,Actual,SW,Water,,,Clayton,07060004,River/Stream,,42.739547,-91.2619757
6,10220001,Turkey River near Garber,08/03/2011 11:30:00,TURKEYR,PHOSP-PHOSP,Phosphate-phosphorus (as P),Total,,0.14,mg/l,True,0.02,,,365.4,IGS-GRAB,Actual,SW,Water,,,Clayton,07060004,River/Stream,,42.739547,-91.2619757
6,10220001,Turkey River near Garber,05/04/2011 12:13:00,TURKEYR,PHOSP-PHOSP,Phosphate-phosphorus (as P),Total,,0.1,mg/l,True,0.02,,,365.4,IGS-GRAB,Actual,SW,Water,,,Clayton,07060004,River/Stream,,42.739547,-91.2619757
6,10220001,Turkey River near Garber,10/03/2011 08:45:00,AMBIENT,PHOSP-PHOSP,Phosphate-phosphorus (as P),Total,,0.08,mg/l,True,0.02,,,365.4,UHL001,Actual,SW,Water,,,Clayton,07060004,River/Stream,,42.739547,-91.2619757
6,10220001,Turkey River near Garber,01/05/2012 08:10:00,AMBIENT,PHOSP-PHOSP,Phosphate-phosphorus (as P),Total,,0.08,mg/l,True,0.02,,,LAC10-115-01-1D,UHL001,Actual,SW,Water,,,Clayton,07060004,River/Stream,,42.739547,-91.2619757
6,10220001,Turkey River near Garber,02/07/2012 08:30:00,AMBIENT,PHOSP-PHOSP,Phosphate-phosphorus (as P),Total,,0.08,mg/l,True,0.02,,,LAC10-115-01-1D,UHL001,Actual,SW,Water,,,Clayton,07060004,River/Stream,,42.739547,-91.2619757
6,10220001,Turkey River near Garber,03/07/2012 08:10:00,AMBIENT,PHOSP-PHOSP,Phosphate-phosphorus (as P),Total,,0.22,mg/l,True,0.02,,,LAC10-115-01-1D,UHL001,Actual,SW,Water,,,Clayton,07060004,River/Stream,,42.739547,-91.2619757
6,10220001,Turkey River near Garber,08/01/2012 09:18:00,AMBIENT,PHOSP-PHOSP,Phosphate-phosphorus (as P),Total,,0.15,mg/l,True,0.02,,,LAC10-115-01-1D,UHL001,Actual,SW,Water,,,Clayton,07060004,River/Stream,,42.739547,-91.2619757
6,10220001,Turkey River near Garber,10/03/2012 09:30:00,AMBIENT,PHOSP-PHOSP,Phosphate-phosphorus (as P),Total,,0.04,mg/l,True,0.02,,,LAC10-115-01-1D,UHL001,Actual,SW,Water,,,Clayton,07060004,River/Stream,,42.739547,-91.2619757
6,10220001,Turkey River near Garber,11/01/2012 09:00:00,AMBIENT,PHOSP-PHOSP,Phosphate-phosphorus (as P),Total,,0.04,mg/l,True,0.02,,,LAC10-115-01-1D,UHL001,Actual,SW,Water,,,Clayton,07060004,River/Stream,,42.739547,-91.2619757
6,10220001,Turkey River near Garber,04/04/2012 12:17:00,TURKEYR,PHOSP-PHOSP,Phosphate-phosphorus (as P),Total,,0.04,mg/l,True,0.02,,,LAC10-115-01-1D,IGS-GRAB,Actual,SW,Water,,,Clayton,07060004,River/Stream,,42.739547,-91.2619757
6,10220001,Turkey River near Garber,12/04/2012 09:45:00,AMBIENT,PHOSP-PHOSP,Phosphate-phosphorus (as P),Total,,0.04,mg/l,True,0.02,,,LAC10-115-01-1D,UHL001,Actual,SW,Water,,,Clayton,07060004,River/Stream,,42.739547,-91.2619757
6,10220001,Turkey River near Garber,05/02/2012 11:17:00,TURKEYR,PHOSP-PHOSP,Phosphate-phosphorus (as P),Total,,0.1,mg/l,True,0.02,,,LAC10-115-01-1D,IGS-GRAB,Actual,SW,Water,,,Clayton,07060004,River/Stream,,42.739547,-91.2619757
6,10220001,Turkey River near Garber,06/06/2012 08:30:00,TURKEYR,PHOSP-PHOSP,Phosphate-phosphorus (as P),Total,,0.11,mg/l,True,0.02,,,LAC10-115-01-1D,IGS-GRAB,Actual,SW,Water,,,Clayton,07060004,River/Stream,,42.739547,-91.2619757
6,10220001,Turkey River near Garber,08/01/2012 06:35:00,TURKEYR,PHOSP-PHOSP,Phosphate-phosphorus (as P),Total,,0.17,mg/l,True,0.02,,,LAC10-115-01-1D,IGS-GRAB,Actual,SW,Water,,,Clayton,07060004,River/Stream,,42.739547,-91.2619757
6,10220001,Turkey River near Garber,10/03/2012 12:27:00,TURKEYR,PHOSP-PHOSP,Phosphate-phosphorus (as P),Total,,0.03,mg/l,True,0.02,,,LAC10-115-01-1D,IGS-GRAB,Actual,SW,Water,,,Clayton,07060004,River/Stream,,42.739547,-91.2619757
6,10220001,Turkey River near Garber,11/07/2012 13:30:00,TURKEYR,PHOSP-PHOSP,Phosphate-phosphorus (as P),Total,,0.03,mg/l,True,0.02,,,LAC10-115-01-1D,IGS-GRAB,Actual,SW,Water,,,Clayton,07060004,River/Stream,,42.739547,-91.2619757
6,10220001,Turkey River near Garber,02/03/2015 08:30:00,AMBIENT,PHOSP-PHOSP,Phosphate-phosphorus (AS P),Total,,0.07,mg/l,True,0.02,,,LAC10-115-01-1D,UHL001,Actual,SW,Water,,,Clayton,07060004,River/Stream,,42.739547,-91.2619757
6,10220001,Turkey River near Garber,05/06/2015 07:05:00,AMBIENT,PHOSP-PHOSP,Phosphate-phosphorus (AS P),Total,,0.13,mg/l,True,0.02,,,LAC10-115-01-1D,UHL001,Actual,SW,Water,,,Clayton,07060004,River/Stream,,42.739547,-91.2619757
6,10220001,Turkey River near Garber,02/07/2013 12:10:00,AMBIENT,PHOSP-PHOSP,Phosphate-phosphorus (AS P),Total,,0.16,mg/l,True,0.02,,,LAC10-115-01-1D,UHL001,Actual,SW,Water,,,Clayton,07060004,River/Stream,,42.739547,-91.2619757
6,10220001,Turkey River near Garber,06/05/2013 08:45:00,AMBIENT,PHOSP-PHOSP,Phosphate-phosphorus (AS P),Total,,0.29,mg/l,True,0.02,,,LAC10-115-01-1D,UHL001,Actual,SW,Water,,,Clayton,07060004,River/Stream,,42.739547,-91.2619757
6,10220001,Turkey River near Garber,07/02/2013 07:20:00,AMBIENT,PHOSP-PHOSP,Phosphate-phosphorus (AS P),Total,,0.2,mg/l,True,0.02,,,LAC10-115-01-1D,UHL001,Actual,SW,Water,,,Clayton,07060004,River/Stream,,42.739547,-91.2619757
6,10220001,Turkey River near Garber,08/01/2013 12:15:00,AMBIENT,PHOSP-PHOSP,Phosphate-phosphorus (AS P),Total,,0.09,mg/l,True,0.02,,,LAC10-115-01-1D,UHL001,Actual,SW,Water,,,Clayton,07060004,River/Stream,,42.739547,-91.2619757
6,10220001,Turkey River near Garber,11/06/2013 08:00:00,AMBIENT,PHOSP-PHOSP,Phosphate-phosphorus (AS P),Total,,0.05,mg/l,True,0.02,,,LAC10-115-01-1D,UHL001,Actual,SW,Water,,,Clayton,07060004,River/Stream,,42.739547,-91.2619757
6,10220001,Turkey River near Garber,12/05/2013 09:15:00,AMBIENT,PHOSP-PHOSP,Phosphate-phosphorus (AS P),Total,,0.04,mg/l,True,0.02,,,LAC10-115-01-1D,UHL001,Actual,SW,Water,,,Clayton,07060004,River/Stream,,42.739547,-91.2619757
6,10220001,Turkey River near Garber,03/03/2014 09:20:00,AMBIENT,PHOSP-PHOSP,Phosphate-phosphorus (AS P),Total,,0.06,mg/l,True,0.02,,,LAC10-115-01-1D,UHL001,Actual,SW,Water,,,Clayton,07060004,River/Stream,,42.739547,-91.2619757
6,10220001,Turkey River near Garber,09/03/2014 11:00:00,AMBIENT,PHOSP-PHOSP,Phosphate-phosphorus (AS P),Total,,0.12,mg/l,True,0.02,,,LAC10-115-01-1D,UHL001,Actual,SW,Water,,,Clayton,07060004,River/Stream,,42.739547,-91.2619757
6,10220001,Turkey River near Garber,04/01/2014 07:50:00,AMBIENT,PHOSP-PHOSP,Phosphate-phosphorus (AS P),Total,,0.7,mg/l,True,0.02,,,LAC10-115-01-1D,UHL001,Actual,SW,Water,,,Clayton,07060004,River/Stream,,42.739547,-91.2619757
6,10220001,Turkey River near Garber,02/04/2014 08:10:00,AMBIENT,PHOSP-PHOSP,Phosphate-phosphorus (AS P),Total,,0.06,mg/l,True,0.02,,,LAC10-115-01-1D,UHL001,Actual,SW,Water,,,Clayton,07060004,River/Stream,,42.739547,-91.2619757
6,10220001,Turkey River near Garber,08/04/2014 09:20:00,AMBIENT,PHOSP-PHOSP,Phosphate-phosphorus (AS P),Total,,0.08,mg/l,True,0.02,,,LAC10-115-01-1D,UHL001,Actual,SW,Water,,,Clayton,07060004,River/Stream,,42.739547,-91.2619757
6,10220001,Turkey River near Garber,05/05/2014 08:50:00,AMBIENT,PHOSP-PHOSP,Phosphate-phosphorus (AS P),Total,,0.18,mg/l,True,0.02,,,LAC10-115-01-1D,UHL001,Actual,SW,Water,,,Clayton,07060004,River/Stream,,42.739547,-91.2619757
6,10220001,Turkey River near Garber,09/04/2013 11:15:00,TURKEYR,PHOSP-PHOSP,Phosphate-phosphorus (AS P),Total,,0.07,mg/l,True,0.02,,,LAC10-115-01-1D,UHL001,Actual,SW,Water,,,Clayton,07060004,River/Stream,,42.739547,-91.2619757
6,10220001,Turkey River near Garber,10/16/2013 10:28:00,TURKEYR,PHOSP-PHOSP,Phosphate-phosphorus (AS P),Total,,0.05,mg/l,True,0.02,,,LAC10-115-01-1D,UHL001,Actual,SW,Water,,,Clayton,07060004,River/Stream,,42.739547,-91.2619757
6,10220001,Turkey River near Garber,06/04/2012 08:10:00,AMBIENT,PHOSP-PHOSP,Phosphate-phosphorus (as P),Total,,0.15,mg/l,True,0.02,,,LAC10-115-01-1D,UHL001,Actual,SW,Water,,,Clayton,07060004,River/Stream,,42.739547,-91.2619757
6,10220001,Turkey River near Garber,06/01/2015 09:50:00,AMBIENT,PHOSP-PHOSP,Phosphate-phosphorus (AS P),Total,,0.23,mg/l,True,0.02,,,LAC10-115-01-1D,UHL001,Actual,SW,Water,,,Clayton,07060004,River/Stream,,42.739547,-91.2619757
6,10220001,Turkey River near Garber,07/05/2012 08:25:00,AMBIENT,PHOSP-PHOSP,Phosphate-phosphorus (as P),Total,,0.13,mg/l,True,0.02,,,LAC10-115-01-1D,UHL001,Actual,SW,Water,,,Clayton,07060004,River/Stream,,42.739547,-91.2619757
6,10220001,Turkey River near Garber,02/23/2000 10:35:00,AMBIENT,PHOSP-PHOSP,Phosphate-phosphorus (as P),Total,,0.3,mg/l,True,0.1,,,Unknown,UHL001,Actual,SW,Water,,,Clayton,07060004,River/Stream,,42.739547,-91.2619757
6,10220001,Turkey River near Garber,10/07/2014 09:45:00,AMBIENT,PHOSP-PHOSP,Phosphate-phosphorus (AS P),Total,,0.05,mg/l,True,0.02,,,LAC10-115-01-1D,UHL001,Actual,SW,Water,,,Clayton,07060004,River/Stream,,42.739547,-91.2619757
6,10220001,Turkey River near Garber,06/14/2000 15:55:00,AMBIENT,PHOSP-PHOSP,Phosphate-phosphorus (as P),Total,,0.9,mg/l,True,0.1,,,Unknown,UHL001,Actual,SW,Water,,,Clayton,07060004,River/Stream,,42.739547,-91.2619757
6,10220001,Turkey River near Garber,03/21/2000 12:15:00,AMBIENT,PHOSP-PHOSP,Phosphate-phosphorus (as P),Total,,0.1,mg/l,False,0.1,,,Unknown,UHL001,Actual,SW,Water,,,Clayton,07060004,River/Stream,,42.739547,-91.2619757
6,10220001,Turkey River near Garber,11/08/1999 09:30:00,AMBIENT,PHOSP-PHOSP,Phosphate-phosphorus (as P),Total,,0.1,mg/l,True,0.1,,,Unknown,UHL001,Actual,SW,Water,,,Clayton,07060004,River/Stream,,42.739547,-91.2619757
6,10220001,Turkey River near Garber,06/07/2001 09:25:00,AMBIENT,PHOSP-PHOSP,Phosphate-phosphorus (as P),Total,,0.2,mg/l,True,0.1,,,Unknown,UHL001,Actual,SW,Water,,,Clayton,07060004,River/Stream,,42.739547,-91.2619757
6,10220001,Turkey River near Garber,10/09/2000 08:50:00,AMBIENT,PHOSP-PHOSP,Phosphate-phosphorus (as P),Total,,0.1,mg/l,False,0.1,,,Unknown,UHL001,Actual,SW,Water,,,Clayton,07060004,River/Stream,,42.739547,-91.2619757
6,10220001,Turkey River near Garber,07/05/2001 09:10:00,AMBIENT,PHOSP-PHOSP,Phosphate-phosphorus (as P),Total,,0.1,mg/l,False,0.1,,,Unknown,UHL001,Actual,SW,Water,,,Clayton,07060004,River/Stream,,42.739547,-91.2619757
6,10220001,Turkey River near Garber,01/09/2001 09:50:00,AMBIENT,PHOSP-PHOSP,Phosphate-phosphorus (as P),Total,,0.1,mg/l,False,0.1,,,Unknown,UHL001,Actual,SW,Water,,,Clayton,07060004,River/Stream,,42.739547,-91.2619757
6,10220001,Turkey River near Garber,03/08/2001 08:50:00,AMBIENT,PHOSP-PHOSP,Phosphate-phosphorus (as P),Total,,0.1,mg/l,True,0.1,,,Unknown,UHL001,Actual,SW,Water,,,Clayton,07060004,River/Stream,,42.739547,-91.2619757
6,10220001,Turkey River near Garber,05/03/2001 08:15:00,AMBIENT,PHOSP-PHOSP,Phosphate-phosphorus (as P),Total,,2,mg/l,True,0.1,,,Unknown,UHL001,Actual,SW,Water,,,Clayton,07060004,River/Stream,,42.739547,-91.2619757
6,10220001,Turkey River near Garber,09/11/2002 12:30:00,AMBIENT,PHOSP-PHOSP,Phosphate-phosphorus (as P),Total,,0.08,mg/l,True,0.05,,,Unknown,UHL001,Actual,SW,Water,,,Clayton,07060004,River/Stream,,42.739547,-91.2619757
6,10220001,Turkey River near Garber,03/05/2015 07:40:00,AMBIENT,PHOSP-PHOSP,Phosphate-phosphorus (AS P),Total,,0.1,mg/l,True,0.02,,,LAC10-115-01-1D,UHL001,Actual,SW,Water,,,Clayton,07060004,River/Stream,,42.739547,-91.2619757
6,10220001,Turkey River near Garber,10/02/2001 08:50:00,AMBIENT,PHOSP-PHOSP,Phosphate-phosphorus (as P),Total,,0.07,mg/l,True,0.05,,,Unknown,UHL001,Actual,SW,Water,,,Clayton,07060004,River/Stream,,42.739547,-91.2619757
6,10220001,Turkey River near Garber,11/06/2001 09:00:00,AMBIENT,PHOSP-PHOSP,Phosphate-phosphorus (as P),Total,,0.05,mg/l,False,0.05,,,Unknown,UHL001,Actual,SW,Water,,,Clayton,07060004,River/Stream,,42.739547,-91.2619757
6,10220001,Turkey River near Garber,01/02/2002 11:30:00,AMBIENT,PHOSP-PHOSP,Phosphate-phosphorus (as P),Total,,0.11,mg/l,True,0.05,,,Unknown,UHL001,Actual,SW,Water,,,Clayton,07060004,River/Stream,,42.739547,-91.2619757
6,10220001,Turkey River near Garber,05/07/2002 11:15:00,AMBIENT,PHOSP-PHOSP,Phosphate-phosphorus (as P),Total,,0.14,mg/l,True,0.05,,,Unknown,UHL001,Actual,SW,Water,,,Clayton,07060004,River/Stream,,42.739547,-91.2619757
6,10220001,Turkey River near Garber,06/04/2002 08:50:00,AMBIENT,PHOSP-PHOSP,Phosphate-phosphorus (as P),Total,,8.2,mg/l,True,0.05,,,Unknown,UHL001,Actual,SW,Water,,,Clayton,07060004,River/Stream,,42.739547,-91.2619757
6,10220002,Volga River near Elkport,08/03/2015 07:10:00,AMBIENT,PHOSP-PHOSP,Phosphate-phosphorus (AS P),Total,,0.1,mg/l,True,0.02,,,LAC10-115-01-1D,UHL001,Actual,SW,Water,,,Clayton,07060004,River/Stream,,42.7497293,-91.2767798
6,10220002,Volga River near Elkport,08/06/2014 10:59:00,TURKEYR,PHOSP-PHOSP,Phosphate-phosphorus (AS P),Total,,0.07,mg/l,True,0.02,,,LAC10-115-01-1D,UHL001,Actual,SW,Water,,,Clayton,07060004,River/Stream,,42.7497293,-91.2767798
6,10220002,Volga River near Elkport,04/02/2014 12:15:00,TURKEYR,PHOSP-PHOSP,Phosphate-phosphorus (AS P),Total,,0.28,mg/l,True,0.02,,,LAC10-115-01-1D,UHL001,Actual,SW,Water,,,Clayton,07060004,River/Stream,,42.7497293,-91.2767798
6,10220001,Turkey River near Garber,04/02/2014 11:59:00,TURKEYR,PHOSP-PHOSP,Phosphate-phosphorus (AS P),Total,,0.53,mg/l,True,0.02,,,LAC10-115-01-1D,UHL001,Actual,SW,Water,,,Clayton,07060004,River/Stream,,42.739547,-91.2619757
6,10220001,Turkey River near Garber,08/03/2015 07:55:00,AMBIENT,PHOSP-PHOSP,Phosphate-phosphorus (AS P),Total,,0.12,mg/l,True,0.02,,,LAC10-115-01-1D,UHL001,Actual,SW,Water,,,Clayton,07060004,River/Stream,,42.739547,-91.2619757
6,10220001,Turkey River near Garber,08/06/2014 10:53:00,TURKEYR,PHOSP-PHOSP,Phosphate-phosphorus (AS P),Total,,0.09,mg/l,True,0.02,,,LAC10-115-01-1D,UHL001,Actual,SW,Water,,,Clayton,07060004,River/Stream,,42.739547,-91.2619757
6,10220002,Volga River near Elkport,07/09/2014 10:35:00,TURKEYR,PHOSP-PHOSP,Phosphate-phosphorus (AS P),Total,,0.14,mg/l,True,0.02,,,LAC10-115-01-1D,UHL001,Actual,SW,Water,,,Clayton,07060004,River/Stream,,42.7497293,-91.2767798
6,10220001,Turkey River near Garber,07/09/2014 10:47:00,TURKEYR,PHOSP-PHOSP,Phosphate-phosphorus (AS P),Total,,0.17,mg/l,True,0.02,,,LAC10-115-01-1D,UHL001,Actual,SW,Water,,,Clayton,07060004,River/Stream,,42.739547,-91.2619757
6,10220002,Volga River near Elkport,06/04/2014 12:54:00,TURKEYR,PHOSP-PHOSP,Phosphate-phosphorus (AS P),Total,,0.12,mg/l,True,0.02,,,LAC10-115-01-1D,UHL001,Actual,SW,Water,,,Clayton,07060004,River/Stream,,42.7497293,-91.2767798
6,10220002,Volga River near Elkport,05/07/2014 09:12:00,TURKEYR,PHOSP-PHOSP,Phosphate-phosphorus (AS P),Total,,0.05,mg/l,True,0.02,,,LAC10-115-01-1D,UHL001,Actual,SW,Water,,,Clayton,07060004,River/Stream,,42.7497293,-91.2767798
6,10220001,Turkey River near Garber,06/04/2014 12:44:00,TURKEYR,PHOSP-PHOSP,Phosphate-phosphorus (AS P),Total,,0.12,mg/l,True,0.02,,,LAC10-115-01-1D,UHL001,Actual,SW,Water,,,Clayton,07060004,River/Stream,,42.739547,-91.2619757
6,10220002,Volga River near Elkport,09/02/2015 07:55:00,AMBIENT,PHOSP-PHOSP,Phosphate-phosphorus (AS P),Total,,0.12,mg/l,True,0.02,,,LAC10-115-01-1D,UHL001,Actual,SW,Water,,,Clayton,07060004,River/Stream,,42.7497293,-91.2767798
6,10220001,Turkey River near Garber,09/03/2014 12:30:00,TURKEYR,PHOSP-PHOSP,Phosphate-phosphorus (AS P),Total,,0.12,mg/l,True,0.02,,,LAC10-115-01-1D,UHL001,Actual,SW,Water,,,Clayton,07060004,River/Stream,,42.739547,-91.2619757
6,10220001,Turkey River near Garber,12/02/2015 09:10:00,AMBIENT,PHOSP-PHOSP,Phosphate-phosphorus (AS P),Total,,0.24,mg/l,True,0.02,,,LAC10-115-01-1D,UHL001,Actual,SW,Water,,,Clayton,07060004,River/Stream,,42.739547,-91.2619757
6,10220001,Turkey River near Garber,09/02/2015 07:40:00,AMBIENT,PHOSP-PHOSP,Phosphate-phosphorus (AS P),Total,,0.13,mg/l,True,0.02,,,LAC10-115-01-1D,UHL001,Actual,SW,Water,,,Clayton,07060004,River/Stream,,42.739547,-91.2619757
6,10220002,Volga River near Elkport,11/05/2014 13:10:00,TURKEYR,PHOSP-PHOSP,Phosphate-phosphorus (AS P),Total,,0.05,mg/l,True,0.02,,,LAC10-115-01-1D,UHL001,Actual,SW,Water,,,Clayton,07060004,River/Stream,,42.7497293,-91.2767798
6,10220001,Turkey River near Garber,05/07/2014 08:58:00,TURKEYR,PHOSP-PHOSP,Phosphate-phosphorus (AS P),Total,,0.07,mg/l,True,0.02,,,LAC10-115-01-1D,UHL001,Actual,SW,Water,,,Clayton,07060004,River/Stream,,42.739547,-91.2619757
6,10220001,Turkey River near Garber,11/05/2014 12:40:00,TURKEYR,PHOSP-PHOSP,Phosphate-phosphorus (AS P),Total,,0.06,mg/l,True,0.02,,,LAC10-115-01-1D,UHL001,Actual,SW,Water,,,Clayton,07060004,River/Stream,,42.739547,-91.2619757
6,10220002,Volga River near Elkport,09/03/2014 12:59:00,TURKEYR,PHOSP-PHOSP,Phosphate-phosphorus (AS P),Total,,0.12,mg/l,True,0.02,,,LAC10-115-01-1D,UHL001,Actual,SW,Water,,,Clayton,07060004,River/Stream,,42.7497293,-91.2767798
6,10220002,Volga River near Elkport,10/01/2014 11:00:00,TURKEYR,PHOSP-PHOSP,Phosphate-phosphorus (AS P),Total,,0.06,mg/l,True,0.02,,,LAC10-115-01-1D,UHL001,Actual,SW,Water,,,Clayton,07060004,River/Stream,,42.7497293,-91.2767798
6,10220001,Turkey River near Garber,10/01/2014 10:34:00,TURKEYR,PHOSP-PHOSP,Phosphate-phosphorus (AS P),Total,,0.04,mg/l,True,0.02,,,LAC10-115-01-1D,UHL001,Actual,SW,Water,,,Clayton,07060004,River/Stream,,42.739547,-91.2619757
6,10220002,Volga River near Elkport,12/02/2015 08:50:00,AMBIENT,PHOSP-PHOSP,Phosphate-phosphorus (AS P),Total,,0.22,mg/l,True,0.02,,,LAC10-115-01-1D,UHL001,Actual,SW,Water,,,Clayton,07060004,River/Stream,,42.7497293,-91.2767798
6,10220002,Volga River near Elkport,11/09/2015 08:40:00,AMBIENT,PHOSP-PHOSP,Phosphate-phosphorus (AS P),Total,,0.05,mg/l,True,0.02,,,LAC10-115-01-1D,UHL001,Actual,SW,Water,,,Clayton,07060004,River/Stream,,42.7497293,-91.2767798
6,10220001,Turkey River near Garber,11/09/2015 09:00:00,AMBIENT,PHOSP-PHOSP,Phosphate-phosphorus (AS P),Total,,0.06,mg/l,True,0.02,,,LAC10-115-01-1D,UHL001,Actual,SW,Water,,,Clayton,07060004,River/Stream,,42.739547,-91.2619757
6,10220002,Volga River near Elkport,10/08/2015 07:45:00,AMBIENT,PHOSP-PHOSP,Phosphate-phosphorus (AS P),Total,,0.07,mg/l,True,0.02,,,LAC10-115-01-1D,UHL001,Actual,SW,Water,,,Clayton,07060004,River/Stream,,42.7497293,-91.2767798
6,10220002,Volga River near Elkport,01/11/2016 12:00:00,AMBIENT,PHOSP-PHOSP,Phosphate-phosphorus (AS P),Total,,0.15,mg/l,True,0.1,,,LAC10-115-01-1C,UHL001,Actual,SW,Water,,,Clayton,07060004,River/Stream,,42.7497293,-91.2767798
6,10220001,Turkey River near Garber,10/08/2015 08:00:00,AMBIENT,PHOSP-PHOSP,Phosphate-phosphorus (AS P),Total,,0.08,mg/l,True,0.02,,,LAC10-115-01-1D,UHL001,Actual,SW,Water,,,Clayton,07060004,River/Stream,,42.739547,-91.2619757
6,10220001,Turkey River near Garber,02/04/2016 11:40:00,AMBIENT,PHOSP-PHOSP,Phosphate-phosphorus (AS P),Total,,0.07,mg/l,True,0.02,,,LAC10-115-01-1D,UHL001,Actual,SW,Water,,,Clayton,07060004,River/Stream,,42.739547,-91.2619757
6,10220002,Volga River near Elkport,02/04/2016 12:00:00,AMBIENT,PHOSP-PHOSP,Phosphate-phosphorus (AS P),Total,,0.35,mg/l,True,0.02,,,LAC10-115-01-1D,UHL001,Actual,SW,Water,,,Clayton,07060004,River/Stream,,42.7497293,-91.2767798
6,10220001,Turkey River near Garber,01/11/2016 11:45:00,AMBIENT,PHOSP-PHOSP,Phosphate-phosphorus (AS P),Total,,0.15,mg/l,True,0.1,,,LAC10-115-01-1C,UHL001,Actual,SW,Water,,,Clayton,07060004,River/Stream,,42.739547,-91.2619757
6,10220001,Turkey River near Garber,03/08/2016 07:40:00,AMBIENT,PHOSP-PHOSP,Phosphate-phosphorus (AS P),Total,,0.2,mg/l,True,0.02,,,LAC10-115-01-1D,UHL001,Actual,SW,Water,,,Clayton,07060004,River/Stream,,42.739547,-91.2619757
6,10220002,Volga River near Elkport,03/08/2016 07:25:00,AMBIENT,PHOSP-PHOSP,Phosphate-phosphorus (AS P),Total,,0.22,mg/l,True,0.02,,,LAC10-115-01-1D,UHL001,Actual,SW,Water,,,Clayton,07060004,River/Stream,,42.7497293,-91.2767798
6,10220002,Volga River near Elkport,04/06/2016 07:20:00,AMBIENT,PHOSP-PHOSP,Phosphate-phosphorus (AS P),Total,,0.08,mg/l,True,0.02,,,LAC10-115-01-1D,UHL001,Actual,SW,Water,,,Clayton,07060004,River/Stream,,42.7497293,-91.2767798
6,10220002,Volga River near Elkport,05/04/2016 11:05:00,AMBIENT,PHOSP-PHOSP,Phosphate-phosphorus (AS P),Total,,0.08,mg/l,True,0.02,,,LAC10-115-01-1D,UHL001,Actual,SW,Water,,,Clayton,07060004,River/Stream,,42.7497293,-91.2767798
6,10220001,Turkey River near Garber,04/06/2016 07:45:00,AMBIENT,PHOSP-PHOSP,Phosphate-phosphorus (AS P),Total,,0.11,mg/l,True,0.02,,,LAC10-115-01-1D,UHL001,Actual,SW,Water,,,Clayton,07060004,River/Stream,,42.739547,-91.2619757
6,10220001,Turkey River near Garber,06/02/2016 11:00:00,AMBIENT,PHOSP-PHOSP,Phosphate-phosphorus (AS P),Total,,0.29,mg/l,True,0.02,,,LAC10-115-01-1D,UHL001,Actual,SW,Water,,,Clayton,07060004,River/Stream,,42.739547,-91.2619757
6,10220001,Turkey River near Garber,05/04/2016 10:50:00,AMBIENT,PHOSP-PHOSP,Phosphate-phosphorus (AS P),Total,,0.1,mg/l,True,0.02,,,LAC10-115-01-1D,UHL001,Actual,SW,Water,,,Clayton,07060004,River/Stream,,42.739547,-91.2619757
6,10220002,Volga River near Elkport,06/02/2016 11:15:00,AMBIENT,PHOSP-PHOSP,Phosphate-phosphorus (AS P),Total,,0.32,mg/l,True,0.02,,,LAC10-115-01-1D,UHL001,Actual,SW,Water,,,Clayton,07060004,River/Stream,,42.7497293,-91.2767798
6,10220002,Volga River near Elkport,07/06/2016 09:30:00,AMBIENT,PHOSP-PHOSP,Phosphate-phosphorus (AS P),Total,,0.12,mg/l,True,0.02,,,LAC10-115-01-1D,UHL001,Actual,SW,Water,,,Clayton,07060004,River/Stream,,42.7497293,-91.2767798
6,10220001,Turkey River near Garber,07/06/2016 09:50:00,AMBIENT,PHOSP-PHOSP,Phosphate-phosphorus (AS P),Total,,0.09,mg/l,True,0.02,,,LAC10-115-01-1D,UHL001,Actual,SW,Water,,,Clayton,07060004,River/Stream,,42.739547,-91.2619757
6,10220002,Volga River near Elkport,08/03/2016 00:00:00,AMBIENT,PHOSP-PHOSP,Phosphate-phosphorus (AS P),Total,,0.08,mg/l,True,0.02,,,LAC10-115-01-1D,UHL001,Actual,SW,Water,,,Clayton,07060004,River/Stream,,42.7497293,-91.2767798
6,10220001,Turkey River near Garber,09/01/2016 08:50:00,AMBIENT,PHOSP-PHOSP,Phosphate-phosphorus (AS P),Total,,0.22,mg/l,True,0.02,,,LAC10-115-01-1D,UHL001,Actual,SW,Water,,,Clayton,07060004,River/Stream,,42.739547,-91.2619757
6,10220001,Turkey River near Garber,08/03/2016 08:50:00,AMBIENT,PHOSP-PHOSP,Phosphate-phosphorus (AS P),Total,,0.16,mg/l,True,0.02,,,LAC10-115-01-1D,UHL001,Actual,SW,Water,,,Clayton,07060004,River/Stream,,42.739547,-91.2619757
6,15220004,Sny Magill Creek Site #1 (SN01),09/12/2000 12:55:00,SNY319,PHOSP-PHOSP,Phosphate-phosphorus (as P),Total,,0.1,mg/l,True,0.1,,,Unknown,SNY001,Actual,SW,Water,,,Clayton,07060003,River/Stream,,42.94880662,-91.18632674
6,15220004,Sny Magill Creek Site #1 (SN01),08/22/2000 12:30:00,SNY319,PHOSP-PHOSP,Phosphate-phosphorus (as P),Total,,0.1,mg/l,False,0.1,,,Unknown,SNY001,Actual,SW,Water,,,Clayton,07060003,River/Stream,,42.94880662,-91.18632674
6,15220004,Sny Magill Creek Site #1 (SN01),09/19/2000 12:15:00,SNY319,PHOSP-PHOSP,Phosphate-phosphorus (as P),Total,,0.1,mg/l,False,0.1,,,Unknown,SNY001,Actual,SW,Water,,,Clayton,07060003,River/Stream,,42.94880662,-91.18632674
6,15220004,Sny Magill Creek Site #1 (SN01),08/15/2000 13:20:00,SNY319,PHOSP-PHOSP,Phosphate-phosphorus (as P),Total,,0.1,mg/l,True,0.1,,,Unknown,SNY001,Actual,SW,Water,,,Clayton,07060003,River/Stream,,42.94880662,-91.18632674
6,15220004,Sny Magill Creek Site #1 (SN01),07/25/2000 13:35:00,SNY319,PHOSP-PHOSP,Phosphate-phosphorus (as P),Total,,0.1,mg/l,False,0.1,,,Unknown,SNY001,Actual,SW,Water,,,Clayton,07060003,River/Stream,,42.94880662,-91.18632674
6,15220004,Sny Magill Creek Site #1 (SN01),07/18/2000 13:10:00,SNY319,PHOSP-PHOSP,Phosphate-phosphorus (as P),Total,,0.1,mg/l,False,0.1,,,Unknown,SNY001,Actual,SW,Water,,,Clayton,07060003,River/Stream,,42.94880662,-91.18632674
6,15220004,Sny Magill Creek Site #1 (SN01),06/27/2000 14:20:00,SNY319,PHOSP-PHOSP,Phosphate-phosphorus (as P),Total,,0.1,mg/l,False,0.1,,,Unknown,SNY001,Actual,SW,Water,,,Clayton,07060003,River/Stream,,42.94880662,-91.18632674
6,15220004,Sny Magill Creek Site #1 (SN01),06/20/2000 12:25:00,SNY319,PHOSP-PHOSP,Phosphate-phosphorus (as P),Total,,0.4,mg/l,True,0.1,,,Unknown,SNY001,Actual,SW,Water,,,Clayton,07060003,River/Stream,,42.94880662,-91.18632674
6,15220004,Sny Magill Creek Site #1 (SN01),05/30/2000 14:55:00,SNY319,PHOSP-PHOSP,Phosphate-phosphorus (as P),Total,,0.1,mg/l,False,0.1,,,Unknown,SNY001,Actual,SW,Water,,,Clayton,07060003,River/Stream,,42.94880662,-91.18632674
6,15220004,Sny Magill Creek Site #1 (SN01),05/23/2000 13:15:00,SNY319,PHOSP-PHOSP,Phosphate-phosphorus (as P),Total,,0.1,mg/l,False,0.1,,,Unknown,SNY001,Actual,SW,Water,,,Clayton,07060003,River/Stream,,42.94880662,-91.18632674
6,15220004,Sny Magill Creek Site #1 (SN01),05/02/2000 13:20:00,SNY319,PHOSP-PHOSP,Phosphate-phosphorus (as P),Total,,0.1,mg/l,False,0.1,,,Unknown,SNY001,Actual,SW,Water,,,Clayton,07060003,River/Stream,,42.94880662,-91.18632674
6,15220004,Sny Magill Creek Site #1 (SN01),04/25/2000 14:30:00,SNY319,PHOSP-PHOSP,Phosphate-phosphorus (as P),Total,,0.1,mg/l,False,0.1,,,Unknown,SNY001,Actual,SW,Water,,,Clayton,07060003,River/Stream,,42.94880662,-91.18632674
6,15220004,Sny Magill Creek Site #1 (SN01),04/04/2000 12:45:00,SNY319,PHOSP-PHOSP,Phosphate-phosphorus (as P),Total,,0.1,mg/l,True,0.1,,,Unknown,SNY001,Actual,SW,Water,,,Clayton,07060003,River/Stream,,42.94880662,-91.18632674
6,15220004,Sny Magill Creek Site #1 (SN01),03/28/2000 14:45:00,SNY319,PHOSP-PHOSP,Phosphate-phosphorus (as P),Total,,0.1,mg/l,False,0.1,,,Unknown,SNY001,Actual,SW,Water,,,Clayton,07060003,River/Stream,,42.94880662,-91.18632674
6,15220004,Sny Magill Creek Site #1 (SN01),03/07/2000 12:20:00,SNY319,PHOSP-PHOSP,Phosphate-phosphorus (as P),Total,,0.4,mg/l,True,0.1,,,Unknown,SNY001,Actual,SW,Water,,,Clayton,07060003,River/Stream,,42.94880662,-91.18632674
6,15220004,Sny Magill Creek Site #1 (SN01),02/29/2000 14:45:00,SNY319,PHOSP-PHOSP,Phosphate-phosphorus (as P),Total,,0.1,mg/l,False,0.1,,,Unknown,SNY001,Actual,SW,Water,,,Clayton,07060003,River/Stream,,42.94880662,-91.18632674
6,15220004,Sny Magill Creek Site #1 (SN01),02/08/2000 13:40:00,SNY319,PHOSP-PHOSP,Phosphate-phosphorus (as P),Total,,0.1,mg/l,False,0.1,,,Unknown,SNY001,Actual,SW,Water,,,Clayton,07060003,River/Stream,,42.94880662,-91.18632674
6,15220004,Sny Magill Creek Site #1 (SN01),02/01/2000 12:45:00,SNY319,PHOSP-PHOSP,Phosphate-phosphorus (as P),Total,,0.1,mg/l,False,0.1,,,Unknown,SNY001,Actual,SW,Water,,,Clayton,07060003,River/Stream,,42.94880662,-91.18632674
6,15220004,Sny Magill Creek Site #1 (SN01),01/04/2000 12:35:00,SNY319,PHOSP-PHOSP,Phosphate-phosphorus (as P),Total,,0.1,mg/l,False,0.1,,,Unknown,SNY001,Actual,SW,Water,,,Clayton,07060003,River/Stream,,42.94880662,-91.18632674
6,15220004,Sny Magill Creek Site #1 (SN01),12/14/1999 12:50:00,SNY319,PHOSP-PHOSP,Phosphate-phosphorus (as P),Total,,0.1,mg/l,False,0.1,,,Unknown,SNY001,Actual,SW,Water,,,Clayton,07060003,River/Stream,,42.94880662,-91.18632674
6,15220004,Sny Magill Creek Site #1 (SN01),12/07/1999 13:00:00,SNY319,PHOSP-PHOSP,Phosphate-phosphorus (as P),Total,,0.1,mg/l,False,0.1,,,Unknown,SNY001,Actual,SW,Water,,,Clayton,07060003,River/Stream,,42.94880662,-91.18632674
6,15220004,Sny Magill Creek Site #1 (SN01),11/02/1999 13:15:00,SNY319,PHOSP-PHOSP,Phosphate-phosphorus (as P),Total,,0.1,mg/l,False,0.1,,,Unknown,SNY001,Actual,SW,Water,,,Clayton,07060003,River/Stream,,42.94880662,-91.18632674
6,15220004,Sny Magill Creek Site #1 (SN01),11/09/1999 13:00:00,SNY319,PHOSP-PHOSP,Phosphate-phosphorus (as P),Total,,0.1,mg/l,False,0.1,,,Unknown,SNY001,Actual,SW,Water,,,Clayton,07060003,River/Stream,,42.94880662,-91.18632674
6,15220004,Sny Magill Creek Site #1 (SN01),10/12/1999 11:50:00,SNY319,PHOSP-PHOSP,Phosphate-phosphorus (as P),Total,,0.1,mg/l,False,0.1,,,Unknown,SNY001,Actual,SW,Water,,,Clayton,07060003,River/Stream,,42.94880662,-91.18632674
6,15220004,Sny Magill Creek Site #1 (SN01),10/05/1999 11:50:00,SNY319,PHOSP-PHOSP,Phosphate-phosphorus (as P),Total,,0.1,mg/l,False,0.1,,,Unknown,SNY001,Actual,SW,Water,,,Clayton,07060003,River/Stream,,42.94880662,-91.18632674
6,15220004,Sny Magill Creek Site #1 (SN01),09/14/1999 11:30:00,SNY319,PHOSP-PHOSP,Phosphate-phosphorus (as P),Total,,0.1,mg/l,False,0.1,,,Unknown,SNY001,Actual,SW,Water,,,Clayton,07060003,River/Stream,,42.94880662,-91.18632674
6,15220004,Sny Magill Creek Site #1 (SN01),09/21/1999 13:10:00,SNY319,PHOSP-PHOSP,Phosphate-phosphorus (as P),Total,,0.1,mg/l,False,0.1,,,Unknown,SNY001,Actual,SW,Water,,,Clayton,07060003,River/Stream,,42.94880662,-91.18632674
6,15220004,Sny Magill Creek Site #1 (SN01),09/18/2001 11:25:00,SNY319,PHOSP-PHOSP,Phosphate-phosphorus (as P),Total,,1.1,mg/l,True,0.02,,,Unknown,SNY001,Actual,SW,Water,,,Clayton,07060003,River/Stream,,42.94880662,-91.18632674
6,15220004,Sny Magill Creek Site #1 (SN01),09/11/2001 13:45:00,SNY319,PHOSP-PHOSP,Phosphate-phosphorus (as P),Total,,0.07,mg/l,True,0.02,,,Unknown,SNY001,Actual,SW,Water,,,Clayton,07060003,River/Stream,,42.94880662,-91.18632674
6,15220004,Sny Magill Creek Site #1 (SN01),08/21/2001 11:40:00,SNY319,PHOSP-PHOSP,Phosphate-phosphorus (as P),Total,,0.25,mg/l,True,0.1,,,Unknown,SNY001,Actual,SW,Water,,,Clayton,07060003,River/Stream,,42.94880662,-91.18632674
6,15220004,Sny Magill Creek Site #1 (SN01),08/14/2001 14:00:00,SNY319,PHOSP-PHOSP,Phosphate-phosphorus (as P),Total,,0.02,mg/l,False,0.02,,,Unknown,SNY001,Actual,SW,Water,,,Clayton,07060003,River/Stream,,42.94880662,-91.18632674
6,15220004,Sny Magill Creek Site #1 (SN01),07/24/2001 12:10:00,SNY319,PHOSP-PHOSP,Phosphate-phosphorus (as P),Total,,0.1,mg/l,True,0.1,,,Unknown,SNY001,Actual,SW,Water,,,Clayton,07060003,River/Stream,,42.94880662,-91.18632674
6,15220004,Sny Magill Creek Site #1 (SN01),07/17/2001 12:25:00,SNY319,PHOSP-PHOSP,Phosphate-phosphorus (as P),Total,,0.1,mg/l,False,0.1,,,Unknown,SNY001,Actual,SW,Water,,,Clayton,07060003,River/Stream,,42.94880662,-91.18632674
6,15220004,Sny Magill Creek Site #1 (SN01),06/26/2001 12:40:00,SNY319,PHOSP-PHOSP,Phosphate-phosphorus (as P),Total,,0.1,mg/l,False,0.1,,,Unknown,SNY001,Actual,SW,Water,,,Clayton,07060003,River/Stream,,42.94880662,-91.18632674
6,15220004,Sny Magill Creek Site #1 (SN01),06/19/2001 12:30:00,SNY319,PHOSP-PHOSP,Phosphate-phosphorus (as P),Total,,0.2,mg/l,True,0.1,,,Unknown,SNY001,Actual,SW,Water,,,Clayton,07060003,River/Stream,,42.94880662,-91.18632674
6,15220004,Sny Magill Creek Site #1 (SN01),05/29/2001 12:35:00,SNY319,PHOSP-PHOSP,Phosphate-phosphorus (as P),Total,,0.1,mg/l,False,0.1,,,Unknown,SNY001,Actual,SW,Water,,,Clayton,07060003,River/Stream,,42.94880662,-91.18632674
6,15220004,Sny Magill Creek Site #1 (SN01),05/22/2001 12:50:00,SNY319,PHOSP-PHOSP,Phosphate-phosphorus (as P),Total,,0.2,mg/l,True,0.1,,,Unknown,SNY001,Actual,SW,Water,,,Clayton,07060003,River/Stream,,42.94880662,-91.18632674
6,15220004,Sny Magill Creek Site #1 (SN01),05/01/2001 12:00:00,SNY319,PHOSP-PHOSP,Phosphate-phosphorus (as P),Total,,0.2,mg/l,True,0.1,,,Unknown,SNY001,Actual,SW,Water,,,Clayton,07060003,River/Stream,,42.94880662,-91.18632674
6,15220004,Sny Magill Creek Site #1 (SN01),04/24/2001 15:15:00,SNY319,PHOSP-PHOSP,Phosphate-phosphorus (as P),Total,,0.1,mg/l,False,0.1,,,Unknown,SNY001,Actual,SW,Water,,,Clayton,07060003,River/Stream,,42.94880662,-91.18632674
6,15220004,Sny Magill Creek Site #1 (SN01),04/03/2001 13:15:00,SNY319,PHOSP-PHOSP,Phosphate-phosphorus (as P),Total,,0.1,mg/l,False,0.1,,,Unknown,SNY001,Actual,SW,Water,,,Clayton,07060003,River/Stream,,42.94880662,-91.18632674
6,15220004,Sny Magill Creek Site #1 (SN01),03/27/2001 13:35:00,SNY319,PHOSP-PHOSP,Phosphate-phosphorus (as P),Total,,0.1,mg/l,False,0.1,,,Unknown,SNY001,Actual,SW,Water,,,Clayton,07060003,River/Stream,,42.94880662,-91.18632674
6,15220004,Sny Magill Creek Site #1 (SN01),03/06/2001 12:30:00,SNY319,PHOSP-PHOSP,Phosphate-phosphorus (as P),Total,,0.1,mg/l,False,0.1,,,Unknown,SNY001,Actual,SW,Water,,,Clayton,07060003,River/Stream,,42.94880662,-91.18632674
6,15220004,Sny Magill Creek Site #1 (SN01),02/27/2001 14:15:00,SNY319,PHOSP-PHOSP,Phosphate-phosphorus (as P),Total,,0.1,mg/l,False,0.1,,,Unknown,SNY001,Actual,SW,Water,,,Clayton,07060003,River/Stream,,42.94880662,-91.18632674
6,15220004,Sny Magill Creek Site #1 (SN01),02/06/2001 12:10:00,SNY319,PHOSP-PHOSP,Phosphate-phosphorus (as P),Total,,0.1,mg/l,False,0.1,,,Unknown,SNY001,Actual,SW,Water,,,Clayton,07060003,River/Stream,,42.94880662,-91.18632674
6,15220004,Sny Magill Creek Site #1 (SN01),01/23/2001 12:30:00,SNY319,PHOSP-PHOSP,Phosphate-phosphorus (as P),Total,,0.2,mg/l,True,0.1,,,Unknown,SNY001,Actual,SW,Water,,,Clayton,07060003,River/Stream,,42.94880662,-91.18632674
6,15220004,Sny Magill Creek Site #1 (SN01),01/02/2001 13:20:00,SNY319,PHOSP-PHOSP,Phosphate-phosphorus (as P),Total,,0.1,mg/l,False,0.1,,,Unknown,SNY001,Actual,SW,Water,,,Clayton,07060003,River/Stream,,42.94880662,-91.18632674
6,15220004,Sny Magill Creek Site #1 (SN01),12/12/2000 13:00:00,SNY319,PHOSP-PHOSP,Phosphate-phosphorus (as P),Total,,4.9,mg/l,True,0.1,,,Unknown,SNY001,Actual,SW,Water,,,Clayton,07060003,River/Stream,,42.94880662,-91.18632674
6,15220004,Sny Magill Creek Site #1 (SN01),11/14/2000 12:20:00,SNY319,PHOSP-PHOSP,Phosphate-phosphorus (as P),Total,,0.1,mg/l,False,0.1,,,Unknown,SNY001,Actual,SW,Water,,,Clayton,07060003,River/Stream,,42.94880662,-91.18632674
6,15220004,Sny Magill Creek Site #1 (SN01),10/17/2000 12:20:00,SNY319,PHOSP-PHOSP,Phosphate-phosphorus (as P),Total,,0.1,mg/l,False,0.1,,,Unknown,SNY001,Actual,SW,Water,,,Clayton,07060003,River/Stream,,42.94880662,-91.18632674
6,15220004,Sny Magill Creek Site #1 (SN01),10/10/2000 12:55:00,SNY319,PHOSP-PHOSP,Phosphate-phosphorus (as P),Total,,0.1,mg/l,True,0.1,,,Unknown,SNY001,Actual,SW,Water,,,Clayton,07060003,River/Stream,,42.94880662,-91.18632674
6,15220004,Sny Magill Creek Site #1 (SN01),11/07/2000 13:10:00,SNY319,PHOSP-PHOSP,Phosphate-phosphorus (as P),Total,,0.1,mg/l,False,0.1,,,Unknown,SNY001,Actual,SW,Water,,,Clayton,07060003,River/Stream,,42.94880662,-91.18632674
6,15220004,Sny Magill Creek Site #1 (SN01),01/09/1996 14:20:00,SNY319,PHOSP-PHOSP,Phosphate-phosphorus (as P),Total,,0.1,mg/l,False,0.1,,,Unknown,SNY001,Actual,SW,Water,,,Clayton,07060003,River/Stream,,42.94880662,-91.18632674
6,15220004,Sny Magill Creek Site #1 (SN01),01/16/1996 13:00:00,SNY319,PHOSP-PHOSP,Phosphate-phosphorus (as P),Total,,0.1,mg/l,False,0.1,,,Unknown,SNY001,Actual,SW,Water,,,Clayton,07060003,River/Stream,,42.94880662,-91.18632674
6,15220004,Sny Magill Creek Site #1 (SN01),03/05/1996 14:10:00,SNY319,PHOSP-PHOSP,Phosphate-phosphorus (as P),Total,,0.1,mg/l,True,0.1,,,Unknown,SNY001,Actual,SW,Water,,,Clayton,07060003,River/Stream,,42.94880662,-91.18632674
6,15220004,Sny Magill Creek Site #1 (SN01),02/27/1996 13:35:00,SNY319,PHOSP-PHOSP,Phosphate-phosphorus (as P),Total,,0.2,mg/l,True,0.1,,,Unknown,SNY001,Actual,SW,Water,,,Clayton,07060003,River/Stream,,42.94880662,-91.18632674
6,15220004,Sny Magill Creek Site #1 (SN01),02/06/1996 13:00:00,SNY319,PHOSP-PHOSP,Phosphate-phosphorus (as P),Total,,0.1,mg/l,False,0.1,,,Unknown,SNY001,Actual,SW,Water,,,Clayton,07060003,River/Stream,,42.94880662,-91.18632674
6,15220004,Sny Magill Creek Site #1 (SN01),03/26/1996 13:00:00,SNY319,PHOSP-PHOSP,Phosphate-phosphorus (as P),Total,,0.1,mg/l,False,0.1,,,Unknown,SNY001,Actual,SW,Water,,,Clayton,07060003,River/Stream,,42.94880662,-91.18632674
6,15220004,Sny Magill Creek Site #1 (SN01),04/16/1996 13:40:00,SNY319,PHOSP-PHOSP,Phosphate-phosphorus (as P),Total,,0.1,mg/l,False,0.1,,,Unknown,SNY001,Actual,SW,Water,,,Clayton,07060003,River/Stream,,42.94880662,-91.18632674
6,15220004,Sny Magill Creek Site #1 (SN01),05/07/1996 13:15:00,SNY319,PHOSP-PHOSP,Phosphate-phosphorus (as P),Total,,0.1,mg/l,False,0.1,,,Unknown,SNY001,Actual,SW,Water,,,Clayton,07060003,River/Stream,,42.94880662,-91.18632674
6,15220004,Sny Magill Creek Site #1 (SN01),05/14/1996 12:00:00,SNY319,PHOSP-PHOSP,Phosphate-phosphorus (as P),Total,,0.1,mg/l,False,0.1,,,Unknown,SNY001,Actual,SW,Water,,,Clayton,07060003,River/Stream,,42.94880662,-91.18632674
6,15220004,Sny Magill Creek Site #1 (SN01),06/04/1996 13:20:00,SNY319,PHOSP-PHOSP,Phosphate-phosphorus (as P),Total,,0.1,mg/l,False,0.1,,,Unknown,SNY001,Actual,SW,Water,,,Clayton,07060003,River/Stream,,42.94880662,-91.18632674
6,15220004,Sny Magill Creek Site #1 (SN01),06/25/1996 15:00:00,SNY319,PHOSP-PHOSP,Phosphate-phosphorus (as P),Total,,0.1,mg/l,False,0.1,,,Unknown,SNY001,Actual,SW,Water,,,Clayton,07060003,River/Stream,,42.94880662,-91.18632674
6,15220004,Sny Magill Creek Site #1 (SN01),07/23/1996 11:55:00,SNY319,PHOSP-PHOSP,Phosphate-phosphorus (as P),Total,,0.1,mg/l,False,0.1,,,Unknown,SNY001,Actual,SW,Water,,,Clayton,07060003,River/Stream,,42.94880662,-91.18632674
6,15220004,Sny Magill Creek Site #1 (SN01),07/16/1996 13:00:00,SNY319,PHOSP-PHOSP,Phosphate-phosphorus (as P),Total,,0.1,mg/l,False,0.1,,,Unknown,SNY001,Actual,SW,Water,,,Clayton,07060003,River/Stream,,42.94880662,-91.18632674
6,15220004,Sny Magill Creek Site #1 (SN01),08/06/1996 13:00:00,SNY319,PHOSP-PHOSP,Phosphate-phosphorus (as P),Total,,0.1,mg/l,False,0.1,,,Unknown,SNY001,Actual,SW,Water,,,Clayton,07060003,River/Stream,,42.94880662,-91.18632674
6,15220004,Sny Magill Creek Site #1 (SN01),09/03/1996 12:00:00,SNY319,PHOSP-PHOSP,Phosphate-phosphorus (as P),Total,,0.1,mg/l,False,0.1,,,Unknown,SNY001,Actual,SW,Water,,,Clayton,07060003,River/Stream,,42.94880662,-91.18632674
6,15220004,Sny Magill Creek Site #1 (SN01),08/13/1996 12:35:00,SNY319,PHOSP-PHOSP,Phosphate-phosphorus (as P),Total,,0.1,mg/l,False,0.1,,,Unknown,SNY001,Actual,SW,Water,,,Clayton,07060003,River/Stream,,42.94880662,-91.18632674
6,15220004,Sny Magill Creek Site #1 (SN01),09/24/1996 14:20:00,SNY319,PHOSP-PHOSP,Phosphate-phosphorus (as P),Total,,0.1,mg/l,False,0.1,,,Unknown,SNY001,Actual,SW,Water,,,Clayton,07060003,River/Stream,,42.94880662,-91.18632674
6,15220004,Sny Magill Creek Site #1 (SN01),10/03/1995 16:10:00,SNY319,PHOSP-PHOSP,Phosphate-phosphorus (as P),Total,,0.1,mg/l,False,0.1,,,Unknown,SNY001,Actual,SW,Water,,,Clayton,07060003,River/Stream,,42.94880662,-91.18632674
6,15220004,Sny Magill Creek Site #1 (SN01),10/24/1995 09:35:00,SNY319,PHOSP-PHOSP,Phosphate-phosphorus (as P),Total,,0.1,mg/l,False,0.1,,,Unknown,SNY001,Actual,SW,Water,,,Clayton,07060003,River/Stream,,42.94880662,-91.18632674
6,15220004,Sny Magill Creek Site #1 (SN01),10/10/1995 14:20:00,SNY319,PHOSP-PHOSP,Phosphate-phosphorus (as P),Total,,0.1,mg/l,False,0.1,,,Unknown,SNY001,Actual,SW,Water,,,Clayton,07060003,River/Stream,,42.94880662,-91.18632674
6,15220004,Sny Magill Creek Site #1 (SN01),10/31/1995 11:00:00,SNY319,PHOSP-PHOSP,Phosphate-phosphorus (as P),Total,,0.1,mg/l,False,0.1,,,Unknown,SNY001,Actual,SW,Water,,,Clayton,07060003,River/Stream,,42.94880662,-91.18632674
6,15220004,Sny Magill Creek Site #1 (SN01),11/21/1995 13:45:00,SNY319,PHOSP-PHOSP,Phosphate-phosphorus (as P),Total,,0.1,mg/l,False,0.1,,,Unknown,SNY001,Actual,SW,Water,,,Clayton,07060003,River/Stream,,42.94880662,-91.18632674
6,15220004,Sny Magill Creek Site #1 (SN01),12/12/1995 13:50:00,SNY319,PHOSP-PHOSP,Phosphate-phosphorus (as P),Total,,0.1,mg/l,False,0.1,,,Unknown,SNY001,Actual,SW,Water,,,Clayton,07060003,River/Stream,,42.94880662,-91.18632674
6,15220004,Sny Magill Creek Site #1 (SN01),12/19/1995 13:00:00,SNY319,PHOSP-PHOSP,Phosphate-phosphorus (as P),Total,,0.1,mg/l,False,0.1,,,Unknown,SNY001,Actual,SW,Water,,,Clayton,07060003,River/Stream,,42.94880662,-91.18632674
6,15220004,Sny Magill Creek Site #1 (SN01),05/02/1995 13:10:00,SNY319,PHOSP-PHOSP,Phosphate-phosphorus (as P),Total,,0.1,mg/l,False,0.1,,,Unknown,SNY001,Actual,SW,Water,,,Clayton,07060003,River/Stream,,42.94880662,-91.18632674
6,15220004,Sny Magill Creek Site #1 (SN01),05/09/1995 13:50:00,SNY319,PHOSP-PHOSP,Phosphate-phosphorus (as P),Total,,0.2,mg/l,True,0.1,,,Unknown,SNY001,Actual,SW,Water,,,Clayton,07060003,River/Stream,,42.94880662,-91.18632674
6,15220004,Sny Magill Creek Site #1 (SN01),06/20/1995 13:10:00,SNY319,PHOSP-PHOSP,Phosphate-phosphorus (as P),Total,,0.1,mg/l,False,0.1,,,Unknown,SNY001,Actual,SW,Water,,,Clayton,07060003,River/Stream,,42.94880662,-91.18632674
6,15220004,Sny Magill Creek Site #1 (SN01),09/05/1995 12:40:00,SNY319,PHOSP-PHOSP,Phosphate-phosphorus (as P),Total,,0.1,mg/l,False,0.1,,,Unknown,SNY001,Actual,SW,Water,,,Clayton,07060003,River/Stream,,42.94880662,-91.18632674
6,15220004,Sny Magill Creek Site #1 (SN01),08/29/1995 14:35:00,SNY319,PHOSP-PHOSP,Phosphate-phosphorus (as P),Total,,0.2,mg/l,True,0.1,,,Unknown,SNY001,Actual,SW,Water,,,Clayton,07060003,River/Stream,,42.94880662,-91.18632674
6,15220004,Sny Magill Creek Site #1 (SN01),05/21/1996 13:00:00,SNY319,PHOSP-PHOSP,Phosphate-phosphorus (as P),Total,,0.1,mg/l,False,0.1,,,Unknown,SNY001,Actual,SW,Water,,,Clayton,07060003,River/Stream,,42.94880662,-91.18632674
6,15220004,Sny Magill Creek Site #1 (SN01),07/30/1996 14:05:00,SNY319,PHOSP-PHOSP,Phosphate-phosphorus (as P),Total,,0.1,mg/l,False,0.1,,,Unknown,SNY001,Actual,SW,Water,,,Clayton,07060003,River/Stream,,42.94880662,-91.18632674
6,15220004,Sny Magill Creek Site #1 (SN01),05/28/1996 13:15:00,SNY319,PHOSP-PHOSP,Phosphate-phosphorus (as P),Total,,0.1,mg/l,True,0.1,,,Unknown,SNY001,Actual,SW,Water,,,Clayton,07060003,River/Stream,,42.94880662,-91.18632674
6,15220004,Sny Magill Creek Site #1 (SN01),08/20/1996 15:50:00,SNY319,PHOSP-PHOSP,Phosphate-phosphorus (as P),Total,,0.1,mg/l,False,0.1,,,Unknown,SNY001,Actual,SW,Water,,,Clayton,07060003,River/Stream,,42.94880662,-91.18632674
6,15220004,Sny Magill Creek Site #1 (SN01),08/27/1996 14:00:00,SNY319,PHOSP-PHOSP,Phosphate-phosphorus (as P),Total,,0.1,mg/l,False,0.1,,,Unknown,SNY001,Actual,SW,Water,,,Clayton,07060003,River/Stream,,42.94880662,-91.18632674
6,15220004,Sny Magill Creek Site #1 (SN01),11/14/1995 12:15:00,SNY319,PHOSP-PHOSP,Phosphate-phosphorus (as P),Total,,0.1,mg/l,False,0.1,,,Unknown,SNY001,Actual,SW,Water,,,Clayton,07060003,River/Stream,,42.94880662,-91.18632674
6,15220004,Sny Magill Creek Site #1 (SN01),11/07/1995 14:00:00,SNY319,PHOSP-PHOSP,Phosphate-phosphorus (as P),Total,,0.1,mg/l,False,0.1,,,Unknown,SNY001,Actual,SW,Water,,,Clayton,07060003,River/Stream,,42.94880662,-91.18632674
6,15220004,Sny Magill Creek Site #1 (SN01),09/13/1994 11:30:00,SNY319,PHOSP-PHOSP,Phosphate-phosphorus (as P),Total,,0.1,mg/l,False,0.1,,,Unknown,SNY001,Actual,SW,Water,,,Clayton,07060003,River/Stream,,42.94880662,-91.18632674
6,15220004,Sny Magill Creek Site #1 (SN01),09/28/1994 10:20:00,SNY319,PHOSP-PHOSP,Phosphate-phosphorus (as P),Total,,0.2,mg/l,True,0.1,,,Unknown,SNY001,Actual,SW,Water,,,Clayton,07060003,River/Stream,,42.94880662,-91.18632674
6,15220004,Sny Magill Creek Site #1 (SN01),09/06/1994 16:20:00,SNY319,PHOSP-PHOSP,Phosphate-phosphorus (as P),Total,,0.1,mg/l,False,0.1,,,Unknown,SNY001,Actual,SW,Water,,,Clayton,07060003,River/Stream,,42.94880662,-91.18632674
6,15220004,Sny Magill Creek Site #1 (SN01),08/30/1994 11:45:00,SNY319,PHOSP-PHOSP,Phosphate-phosphorus (as P),Total,,0.2,mg/l,True,0.1,,,Unknown,SNY001,Actual,SW,Water,,,Clayton,07060003,River/Stream,,42.94880662,-91.18632674
6,15220004,Sny Magill Creek Site #1 (SN01),12/26/1995 13:25:00,SNY319,PHOSP-PHOSP,Phosphate-phosphorus (as P),Total,,0.1,mg/l,False,0.1,,,Unknown,SNY001,Actual,SW,Water,,,Clayton,07060003,River/Stream,,42.94880662,-91.18632674
6,15220005,Sny Magill Creek Site #2 (SN02),09/28/1994 10:50:00,SNY319,PHOSP-PHOSP,Phosphate-phosphorus (as P),Total,,0.1,mg/l,True,0.1,,,Unknown,SNY001,Actual,SW,Water,,,Clayton,07060003,River/Stream,,42.96808222,-91.22331192
6,15220004,Sny Magill Creek Site #1 (SN01),10/04/1994 15:10:00,SNY319,PHOSP-PHOSP,Phosphate-phosphorus (as P),Total,,0.1,mg/l,True,0.1,,,Unknown,SNY001,Actual,SW,Water,,,Clayton,07060003,River/Stream,,42.94880662,-91.18632674
6,15220004,Sny Magill Creek Site #1 (SN01),12/06/1994 10:30:00,SNY319,PHOSP-PHOSP,Phosphate-phosphorus (as P),Total,,0.1,mg/l,False,0.1,,,Unknown,SNY001,Actual,SW,Water,,,Clayton,07060003,River/Stream,,42.94880662,-91.18632674
6,15220004,Sny Magill Creek Site #1 (SN01),12/27/1994 10:05:00,SNY319,PHOSP-PHOSP,Phosphate-phosphorus (as P),Total,,0.1,mg/l,False,0.1,,,Unknown,SNY001,Actual,SW,Water,,,Clayton,07060003,River/Stream,,42.94880662,-91.18632674
6,15220004,Sny Magill Creek Site #1 (SN01),12/13/1994 14:10:00,SNY319,PHOSP-PHOSP,Phosphate-phosphorus (as P),Total,,0.1,mg/l,False,0.1,,,Unknown,SNY001,Actual,SW,Water,,,Clayton,07060003,River/Stream,,42.94880662,-91.18632674
6,15220004,Sny Magill Creek Site #1 (SN01),01/10/1995 13:25:00,SNY319,PHOSP-PHOSP,Phosphate-phosphorus (as P),Total,,0.1,mg/l,False,0.1,,,Unknown,SNY001,Actual,SW,Water,,,Clayton,07060003,River/Stream,,42.94880662,-91.18632674
6,15220004,Sny Magill Creek Site #1 (SN01),02/07/1995 12:30:00,SNY319,PHOSP-PHOSP,Phosphate-phosphorus (as P),Total,,0.1,mg/l,False,0.1,,,Unknown,SNY001,Actual,SW,Water,,,Clayton,07060003,River/Stream,,42.94880662,-91.18632674
6,15220004,Sny Magill Creek Site #1 (SN01),01/17/1995 13:00:00,SNY319,PHOSP-PHOSP,Phosphate-phosphorus (as P),Total,,0.1,mg/l,False,0.1,,,Unknown,SNY001,Actual,SW,Water,,,Clayton,07060003,River/Stream,,42.94880662,-91.18632674
6,15220004,Sny Magill Creek Site #1 (SN01),01/31/1995 11:00:00,SNY319,PHOSP-PHOSP,Phosphate-phosphorus (as P),Total,,0.1,mg/l,False,0.1,,,Unknown,SNY001,Actual,SW,Water,,,Clayton,07060003,River/Stream,,42.94880662,-91.18632674
6,15220004,Sny Magill Creek Site #1 (SN01),02/28/1995 09:30:00,SNY319,PHOSP-PHOSP,Phosphate-phosphorus (as P),Total,,0.1,mg/l,False,0.1,,,Unknown,SNY001,Actual,SW,Water,,,Clayton,07060003,River/Stream,,42.94880662,-91.18632674
6,15220004,Sny Magill Creek Site #1 (SN01),03/07/1995 13:00:00,SNY319,PHOSP-PHOSP,Phosphate-phosphorus (as P),Total,,0.1,mg/l,False,0.1,,,Unknown,SNY001,Actual,SW,Water,,,Clayton,07060003,River/Stream,,42.94880662,-91.18632674
6,15220004,Sny Magill Creek Site #1 (SN01),03/21/1995 12:30:00,SNY319,PHOSP-PHOSP,Phosphate-phosphorus (as P),Total,,0.1,mg/l,False,0.1,,,Unknown,SNY001,Actual,SW,Water,,,Clayton,07060003,River/Stream,,42.94880662,-91.18632674
6,15220004,Sny Magill Creek Site #1 (SN01),04/18/1995 13:30:00,SNY319,PHOSP-PHOSP,Phosphate-phosphorus (as P),Total,,0.1,mg/l,True,0.1,,,Unknown,SNY001,Actual,SW,Water,,,Clayton,07060003,River/Stream,,42.94880662,-91.18632674
6,15220004,Sny Magill Creek Site #1 (SN01),03/28/1995 11:30:00,SNY319,PHOSP-PHOSP,Phosphate-phosphorus (as P),Total,,0.1,mg/l,False,0.1,,,Unknown,SNY001,Actual,SW,Water,,,Clayton,07060003,River/Stream,,42.94880662,-91.18632674
6,15220004,Sny Magill Creek Site #1 (SN01),04/11/1995 13:20:00,SNY319,PHOSP-PHOSP,Phosphate-phosphorus (as P),Total,,0.2,mg/l,True,0.1,,,Unknown,SNY001,Actual,SW,Water,,,Clayton,07060003,River/Stream,,42.94880662,-91.18632674
6,15220004,Sny Magill Creek Site #1 (SN01),07/11/1995 17:00:00,SNY319,PHOSP-PHOSP,Phosphate-phosphorus (as P),Total,,0.2,mg/l,True,0.1,,,Unknown,SNY001,Actual,SW,Water,,,Clayton,07060003,River/Stream,,42.94880662,-91.18632674
6,15220004,Sny Magill Creek Site #1 (SN01),07/18/1995 16:10:00,SNY319,PHOSP-PHOSP,Phosphate-phosphorus (as P),Total,,0.1,mg/l,False,0.1,,,Unknown,SNY001,Actual,SW,Water,,,Clayton,07060003,River/Stream,,42.94880662,-91.18632674
6,15220004,Sny Magill Creek Site #1 (SN01),05/30/1995 14:10:00,SNY319,PHOSP-PHOSP,Phosphate-phosphorus (as P),Total,,0.1,mg/l,False,0.1,,,Unknown,SNY001,Actual,SW,Water,,,Clayton,07060003,River/Stream,,42.94880662,-91.18632674
6,15220004,Sny Magill Creek Site #1 (SN01),08/08/1995 15:05:00,SNY319,PHOSP-PHOSP,Phosphate-phosphorus (as P),Total,,0.1,mg/l,False,0.1,,,Unknown,SNY001,Actual,SW,Water,,,Clayton,07060003,River/Stream,,42.94880662,-91.18632674
6,15220004,Sny Magill Creek Site #1 (SN01),09/19/1995 13:25:00,SNY319,PHOSP-PHOSP,Phosphate-phosphorus (as P),Total,,0.1,mg/l,False,0.1,,,Unknown,SNY001,Actual,SW,Water,,,Clayton,07060003,River/Stream,,42.94880662,-91.18632674
6,15220004,Sny Magill Creek Site #1 (SN01),09/26/1995 14:25:00,SNY319,PHOSP-PHOSP,Phosphate-phosphorus (as P),Total,,0.1,mg/l,False,0.1,,,Unknown,SNY001,Actual,SW,Water,,,Clayton,07060003,River/Stream,,42.94880662,-91.18632674
6,15220004,Sny Magill Creek Site #1 (SN01),12/26/2000 11:10:00,SNY319,PHOSP-PHOSP,Phosphate-phosphorus (as P),Total,,0.1,mg/l,False,0.1,,,Unknown,SNY001,Actual,SW,Water,,,Clayton,07060003,River/Stream,,42.94880662,-91.18632674
6,15220004,Sny Magill Creek Site #1 (SN01),12/05/2000 12:55:00,SNY319,PHOSP-PHOSP,Phosphate-phosphorus (as P),Total,,0.2,mg/l,True,0.1,,,Unknown,SNY001,Actual,SW,Water,,,Clayton,07060003,River/Stream,,42.94880662,-91.18632674
6,15220004,Sny Magill Creek Site #1 (SN01),12/19/2000 14:15:00,SNY319,PHOSP-PHOSP,Phosphate-phosphorus (as P),Total,,0.1,mg/l,True,0.1,,,Unknown,SNY001,Actual,SW,Water,,,Clayton,07060003,River/Stream,,42.94880662,-91.18632674
6,15220004,Sny Magill Creek Site #1 (SN01),11/28/2000 13:50:00,SNY319,PHOSP-PHOSP,Phosphate-phosphorus (as P),Total,,0.1,mg/l,False,0.1,,,Unknown,SNY001,Actual,SW,Water,,,Clayton,07060003,River/Stream,,42.94880662,-91.18632674
6,15220004,Sny Magill Creek Site #1 (SN01),11/21/2000 13:00:00,SNY319,PHOSP-PHOSP,Phosphate-phosphorus (as P),Total,,0.1,mg/l,False,0.1,,,Unknown,SNY001,Actual,SW,Water,,,Clayton,07060003,River/Stream,,42.94880662,-91.18632674
6,15220004,Sny Magill Creek Site #1 (SN01),10/31/2000 13:10:00,SNY319,PHOSP-PHOSP,Phosphate-phosphorus (as P),Total,,0.1,mg/l,True,0.1,,,Unknown,SNY001,Actual,SW,Water,,,Clayton,07060003,River/Stream,,42.94880662,-91.18632674
6,15220004,Sny Magill Creek Site #1 (SN01),10/24/2000 13:25:00,SNY319,PHOSP-PHOSP,Phosphate-phosphorus (as P),Total,,0.1,mg/l,False,0.1,,,Unknown,SNY001,Actual,SW,Water,,,Clayton,07060003,River/Stream,,42.94880662,-91.18632674
6,15220004,Sny Magill Creek Site #1 (SN01),10/03/2000 12:20:00,SNY319,PHOSP-PHOSP,Phosphate-phosphorus (as P),Total,,0.1,mg/l,False,0.1,,,Unknown,SNY001,Actual,SW,Water,,,Clayton,07060003,River/Stream,,42.94880662,-91.18632674
6,15220004,Sny Magill Creek Site #1 (SN01),09/26/2000 14:40:00,SNY319,PHOSP-PHOSP,Phosphate-phosphorus (as P),Total,,0.1,mg/l,False,0.1,,,Unknown,SNY001,Actual,SW,Water,,,Clayton,07060003,River/Stream,,42.94880662,-91.18632674
6,15220004,Sny Magill Creek Site #1 (SN01),09/05/2000 12:15:00,SNY319,PHOSP-PHOSP,Phosphate-phosphorus (as P),Total,,0.1,mg/l,False,0.1,,,Unknown,SNY001,Actual,SW,Water,,,Clayton,07060003,River/Stream,,42.94880662,-91.18632674
6,15220004,Sny Magill Creek Site #1 (SN01),08/29/2000 14:35:00,SNY319,PHOSP-PHOSP,Phosphate-phosphorus (as P),Total,,0.1,mg/l,False,0.1,,,Unknown,SNY001,Actual,SW,Water,,,Clayton,07060003,River/Stream,,42.94880662,-91.18632674
6,15220004,Sny Magill Creek Site #1 (SN01),08/08/2000 12:25:00,SNY319,PHOSP-PHOSP,Phosphate-phosphorus (as P),Total,,0.1,mg/l,True,0.1,,,Unknown,SNY001,Actual,SW,Water,,,Clayton,07060003,River/Stream,,42.94880662,-91.18632674
6,15220004,Sny Magill Creek Site #1 (SN01),08/01/2000 14:00:00,SNY319,PHOSP-PHOSP,Phosphate-phosphorus (as P),Total,,0.2,mg/l,True,0.1,,,Unknown,SNY001,Actual,SW,Water,,,Clayton,07060003,River/Stream,,42.94880662,-91.18632674
6,15220004,Sny Magill Creek Site #1 (SN01),07/11/2000 12:30:00,SNY319,PHOSP-PHOSP,Phosphate-phosphorus (as P),Total,,0.2,mg/l,True,0.1,,,Unknown,SNY001,Actual,SW,Water,,,Clayton,07060003,River/Stream,,42.94880662,-91.18632674
6,15220004,Sny Magill Creek Site #1 (SN01),07/04/2000 13:00:00,SNY319,PHOSP-PHOSP,Phosphate-phosphorus (as P),Total,,0.1,mg/l,True,0.1,,,Unknown,SNY001,Actual,SW,Water,,,Clayton,07060003,River/Stream,,42.94880662,-91.18632674
6,15220004,Sny Magill Creek Site #1 (SN01),06/13/2000 13:15:00,SNY319,PHOSP-PHOSP,Phosphate-phosphorus (as P),Total,,0.1,mg/l,True,0.1,,,Unknown,SNY001,Actual,SW,Water,,,Clayton,07060003,River/Stream,,42.94880662,-91.18632674
6,15220004,Sny Magill Creek Site #1 (SN01),06/06/2000 12:15:00,SNY319,PHOSP-PHOSP,Phosphate-phosphorus (as P),Total,,0.1,mg/l,True,0.1,,,Unknown,SNY001,Actual,SW,Water,,,Clayton,07060003,River/Stream,,42.94880662,-91.18632674
6,15220004,Sny Magill Creek Site #1 (SN01),05/16/2000 12:20:00,SNY319,PHOSP-PHOSP,Phosphate-phosphorus (as P),Total,,0.3,mg/l,True,0.1,,,Unknown,SNY001,Actual,SW,Water,,,Clayton,07060003,River/Stream,,42.94880662,-91.18632674
6,15220004,Sny Magill Creek Site #1 (SN01),05/09/2000 13:15:00,SNY319,PHOSP-PHOSP,Phosphate-phosphorus (as P),Total,,0.4,mg/l,True,0.1,,,Unknown,SNY001,Actual,SW,Water,,,Clayton,07060003,River/Stream,,42.94880662,-91.18632674
6,15220004,Sny Magill Creek Site #1 (SN01),04/18/2000 12:50:00,SNY319,PHOSP-PHOSP,Phosphate-phosphorus (as P),Total,,0.2,mg/l,True,0.1,,,Unknown,SNY001,Actual,SW,Water,,,Clayton,07060003,River/Stream,,42.94880662,-91.18632674
6,15220004,Sny Magill Creek Site #1 (SN01),04/11/2000 14:05:00,SNY319,PHOSP-PHOSP,Phosphate-phosphorus (as P),Total,,0.1,mg/l,True,0.1,,,Unknown,SNY001,Actual,SW,Water,,,Clayton,07060003,River/Stream,,42.94880662,-91.18632674
6,15220004,Sny Magill Creek Site #1 (SN01),03/21/2000 12:40:00,SNY319,PHOSP-PHOSP,Phosphate-phosphorus (as P),Total,,0.1,mg/l,False,0.1,,,Unknown,SNY001,Actual,SW,Water,,,Clayton,07060003,River/Stream,,42.94880662,-91.18632674
6,15220004,Sny Magill Creek Site #1 (SN01),03/14/2000 13:00:00,SNY319,PHOSP-PHOSP,Phosphate-phosphorus (as P),Total,,0.1,mg/l,False,0.1,,,Unknown,SNY001,Actual,SW,Water,,,Clayton,07060003,River/Stream,,42.94880662,-91.18632674
6,15220004,Sny Magill Creek Site #1 (SN01),02/22/2000 13:45:00,SNY319,PHOSP-PHOSP,Phosphate-phosphorus (as P),Total,,0.1,mg/l,False,0.1,,,Unknown,SNY001,Actual,SW,Water,,,Clayton,07060003,River/Stream,,42.94880662,-91.18632674
6,15220004,Sny Magill Creek Site #1 (SN01),02/15/2000 13:10:00,SNY319,PHOSP-PHOSP,Phosphate-phosphorus (as P),Total,,0.1,mg/l,False,0.1,,,Unknown,SNY001,Actual,SW,Water,,,Clayton,07060003,River/Stream,,42.94880662,-91.18632674
6,15220004,Sny Magill Creek Site #1 (SN01),01/18/2000 13:00:00,SNY319,PHOSP-PHOSP,Phosphate-phosphorus (as P),Total,,0.1,mg/l,False,0.1,,,Unknown,SNY001,Actual,SW,Water,,,Clayton,07060003,River/Stream,,42.94880662,-91.18632674
6,15220004,Sny Magill Creek Site #1 (SN01),01/25/2000 13:45:00,SNY319,PHOSP-PHOSP,Phosphate-phosphorus (as P),Total,,0.1,mg/l,False,0.1,,,Unknown,SNY001,Actual,SW,Water,,,Clayton,07060003,River/Stream,,42.94880662,-91.18632674
6,15220004,Sny Magill Creek Site #1 (SN01),01/11/2000 14:10:00,SNY319,PHOSP-PHOSP,Phosphate-phosphorus (as P),Total,,0.1,mg/l,False,0.1,,,Unknown,SNY001,Actual,SW,Water,,,Clayton,07060003,River/Stream,,42.94880662,-91.18632674
6,15220004,Sny Magill Creek Site #1 (SN01),12/28/1999 14:00:00,SNY319,PHOSP-PHOSP,Phosphate-phosphorus (as P),Total,,0.1,mg/l,False,0.1,,,Unknown,SNY001,Actual,SW,Water,,,Clayton,07060003,River/Stream,,42.94880662,-91.18632674
6,15220004,Sny Magill Creek Site #1 (SN01),11/16/1999 12:35:00,SNY319,PHOSP-PHOSP,Phosphate-phosphorus (as P),Total,,0.1,mg/l,False,0.1,,,Unknown,SNY001,Actual,SW,Water,,,Clayton,07060003,River/Stream,,42.94880662,-91.18632674
6,15220004,Sny Magill Creek Site #1 (SN01),12/21/1999 12:35:00,SNY319,PHOSP-PHOSP,Phosphate-phosphorus (as P),Total,,0.1,mg/l,False,0.1,,,Unknown,SNY001,Actual,SW,Water,,,Clayton,07060003,River/Stream,,42.94880662,-91.18632674
6,15220004,Sny Magill Creek Site #1 (SN01),11/30/1999 14:00:00,SNY319,PHOSP-PHOSP,Phosphate-phosphorus (as P),Total,,0.1,mg/l,True,0.1,,,Unknown,SNY001,Actual,SW,Water,,,Clayton,07060003,River/Stream,,42.94880662,-91.18632674
6,15220004,Sny Magill Creek Site #1 (SN01),11/23/1999 13:05:00,SNY319,PHOSP-PHOSP,Phosphate-phosphorus (as P),Total,,0.3,mg/l,True,0.1,,,Unknown,SNY001,Actual,SW,Water,,,Clayton,07060003,River/Stream,,42.94880662,-91.18632674
6,15220004,Sny Magill Creek Site #1 (SN01),10/26/1999 13:25:00,SNY319,PHOSP-PHOSP,Phosphate-phosphorus (as P),Total,,0.1,mg/l,False,0.1,,,Unknown,SNY001,Actual,SW,Water,,,Clayton,07060003,River/Stream,,42.94880662,-91.18632674
6,15220004,Sny Magill Creek Site #1 (SN01),10/19/1999 13:10:00,SNY319,PHOSP-PHOSP,Phosphate-phosphorus (as P),Total,,0.1,mg/l,False,0.1,,,Unknown,SNY001,Actual,SW,Water,,,Clayton,07060003,River/Stream,,42.94880662,-91.18632674
6,15220004,Sny Magill Creek Site #1 (SN01),09/28/1999 12:50:00,SNY319,PHOSP-PHOSP,Phosphate-phosphorus (as P),Total,,0.1,mg/l,False,0.1,,,Unknown,SNY001,Actual,SW,Water,,,Clayton,07060003,River/Stream,,42.94880662,-91.18632674
6,15220004,Sny Magill Creek Site #1 (SN01),08/24/1999 12:05:00,SNY319,PHOSP-PHOSP,Phosphate-phosphorus (as P),Total,,0.1,mg/l,False,0.1,,,Unknown,SNY001,Actual,SW,Water,,,Clayton,07060003,River/Stream,,42.94880662,-91.18632674
6,15220004,Sny Magill Creek Site #1 (SN01),05/25/1999 13:15:00,SNY319,PHOSP-PHOSP,Phosphate-phosphorus (as P),Total,,0.1,mg/l,False,0.1,,,Unknown,SNY001,Actual,SW,Water,,,Clayton,07060003,River/Stream,,42.94880662,-91.18632674
6,15220004,Sny Magill Creek Site #1 (SN01),08/17/1999 12:05:00,SNY319,PHOSP-PHOSP,Phosphate-phosphorus (as P),Total,,0.1,mg/l,False,0.1,,,Unknown,SNY001,Actual,SW,Water,,,Clayton,07060003,River/Stream,,42.94880662,-91.18632674
6,15220004,Sny Magill Creek Site #1 (SN01),07/06/1999 13:00:00,SNY319,PHOSP-PHOSP,Phosphate-phosphorus (as P),Total,,0.3,mg/l,True,0.1,,,Unknown,SNY001,Actual,SW,Water,,,Clayton,07060003,River/Stream,,42.94880662,-91.18632674
6,15220004,Sny Magill Creek Site #1 (SN01),06/29/1999 13:20:00,SNY319,PHOSP-PHOSP,Phosphate-phosphorus (as P),Total,,0.1,mg/l,False,0.1,,,Unknown,SNY001,Actual,SW,Water,,,Clayton,07060003,River/Stream,,42.94880662,-91.18632674
6,15220004,Sny Magill Creek Site #1 (SN01),06/01/1999 12:25:00,SNY319,PHOSP-PHOSP,Phosphate-phosphorus (as P),Total,,0.1,mg/l,False,0.1,,,Unknown,SNY001,Actual,SW,Water,,,Clayton,07060003,River/Stream,,42.94880662,-91.18632674
6,15220004,Sny Magill Creek Site #1 (SN01),05/18/1999 12:00:00,SNY319,PHOSP-PHOSP,Phosphate-phosphorus (as P),Total,,0.3,mg/l,True,0.1,,,Unknown,SNY001,Actual,SW,Water,,,Clayton,07060003,River/Stream,,42.94880662,-91.18632674
6,15220004,Sny Magill Creek Site #1 (SN01),01/19/1999 13:35:00,SNY319,PHOSP-PHOSP,Phosphate-phosphorus (as P),Total,,0.1,mg/l,False,0.1,,,Unknown,SNY001,Actual,SW,Water,,,Clayton,07060003,River/Stream,,42.94880662,-91.18632674
6,15220004,Sny Magill Creek Site #1 (SN01),04/20/1999 11:10:00,SNY319,PHOSP-PHOSP,Phosphate-phosphorus (as P),Total,,0.1,mg/l,False,0.1,,,Unknown,SNY001,Actual,SW,Water,,,Clayton,07060003,River/Stream,,42.94880662,-91.18632674
6,15220004,Sny Magill Creek Site #1 (SN01),04/13/1999 12:25:00,SNY319,PHOSP-PHOSP,Phosphate-phosphorus (as P),Total,,0.1,mg/l,False,0.1,,,Unknown,SNY001,Actual,SW,Water,,,Clayton,07060003,River/Stream,,42.94880662,-91.18632674
6,15220004,Sny Magill Creek Site #1 (SN01),03/16/1999 11:50:00,SNY319,PHOSP-PHOSP,Phosphate-phosphorus (as P),Total,,0.1,mg/l,False,0.1,,,Unknown,SNY001,Actual,SW,Water,,,Clayton,07060003,River/Stream,,42.94880662,-91.18632674
6,15220004,Sny Magill Creek Site #1 (SN01),04/06/1999 12:05:00,SNY319,PHOSP-PHOSP,Phosphate-phosphorus (as P),Total,,0.1,mg/l,True,0.1,,,Unknown,SNY001,Actual,SW,Water,,,Clayton,07060003,River/Stream,,42.94880662,-91.18632674
6,15220004,Sny Magill Creek Site #1 (SN01),03/09/1999 12:50:00,SNY319,PHOSP-PHOSP,Phosphate-phosphorus (as P),Total,,0.1,mg/l,False,0.1,,,Unknown,SNY001,Actual,SW,Water,,,Clayton,07060003,River/Stream,,42.94880662,-91.18632674
6,15220004,Sny Magill Creek Site #1 (SN01),03/02/1999 12:05:00,SNY319,PHOSP-PHOSP,Phosphate-phosphorus (as P),Total,,0.1,mg/l,False,0.1,,,Unknown,SNY001,Actual,SW,Water,,,Clayton,07060003,River/Stream,,42.94880662,-91.18632674
6,15220004,Sny Magill Creek Site #1 (SN01),02/02/1999 12:35:00,SNY319,PHOSP-PHOSP,Phosphate-phosphorus (as P),Total,,0.1,mg/l,False,0.1,,,Unknown,SNY001,Actual,SW,Water,,,Clayton,07060003,River/Stream,,42.94880662,-91.18632674
6,15220004,Sny Magill Creek Site #1 (SN01),01/26/1999 13:00:00,SNY319,PHOSP-PHOSP,Phosphate-phosphorus (as P),Total,,0.1,mg/l,False,0.1,,,Unknown,SNY001,Actual,SW,Water,,,Clayton,07060003,River/Stream,,42.94880662,-91.18632674
6,15220004,Sny Magill Creek Site #1 (SN01),12/22/1998 12:00:00,SNY319,PHOSP-PHOSP,Phosphate-phosphorus (as P),Total,,0.1,mg/l,False,0.1,,,Unknown,SNY001,Actual,SW,Water,,,Clayton,07060003,River/Stream,,42.94880662,-91.18632674
6,15220004,Sny Magill Creek Site #1 (SN01),12/15/1998 12:35:00,SNY319,PHOSP-PHOSP,Phosphate-phosphorus (as P),Total,,0.1,mg/l,False,0.1,,,Unknown,SNY001,Actual,SW,Water,,,Clayton,07060003,River/Stream,,42.94880662,-91.18632674
6,15220004,Sny Magill Creek Site #1 (SN01),12/08/1998 12:15:00,SNY319,PHOSP-PHOSP,Phosphate-phosphorus (as P),Total,,0.1,mg/l,False,0.1,,,Unknown,SNY001,Actual,SW,Water,,,Clayton,07060003,River/Stream,,42.94880662,-91.18632674
6,15220004,Sny Magill Creek Site #1 (SN01),11/10/1998 13:20:00,SNY319,PHOSP-PHOSP,Phosphate-phosphorus (as P),Total,,0.1,mg/l,True,0.1,,,Unknown,SNY001,Actual,SW,Water,,,Clayton,07060003,River/Stream,,42.94880662,-91.18632674
6,15220004,Sny Magill Creek Site #1 (SN01),11/03/1998 13:00:00,SNY319,PHOSP-PHOSP,Phosphate-phosphorus (as P),Total,,0.1,mg/l,False,0.1,,,Unknown,SNY001,Actual,SW,Water,,,Clayton,07060003,River/Stream,,42.94880662,-91.18632674
6,15220004,Sny Magill Creek Site #1 (SN01),10/27/1998 12:55:00,SNY319,PHOSP-PHOSP,Phosphate-phosphorus (as P),Total,,0.1,mg/l,False,0.1,,,Unknown,SNY001,Actual,SW,Water,,,Clayton,07060003,River/Stream,,42.94880662,-91.18632674
6,15220004,Sny Magill Creek Site #1 (SN01),09/29/1998 13:15:00,SNY319,PHOSP-PHOSP,Phosphate-phosphorus (as P),Total,,0.1,mg/l,False,0.1,,,Unknown,SNY001,Actual,SW,Water,,,Clayton,07060003,River/Stream,,42.94880662,-91.18632674
6,15220004,Sny Magill Creek Site #1 (SN01),09/08/1998 15:10:00,SNY319,PHOSP-PHOSP,Phosphate-phosphorus (as P),Total,,0.1,mg/l,False,0.1,,,Unknown,SNY001,Actual,SW,Water,,,Clayton,07060003,River/Stream,,42.94880662,-91.18632674
6,15220004,Sny Magill Creek Site #1 (SN01),09/01/1998 13:05:00,SNY319,PHOSP-PHOSP,Phosphate-phosphorus (as P),Total,,0.1,mg/l,False,0.1,,,Unknown,SNY001,Actual,SW,Water,,,Clayton,07060003,River/Stream,,42.94880662,-91.18632674
6,15220004,Sny Magill Creek Site #1 (SN01),08/11/1998 13:15:00,SNY319,PHOSP-PHOSP,Phosphate-phosphorus (as P),Total,,0.3,mg/l,True,0.1,,,Unknown,SNY001,Actual,SW,Water,,,Clayton,07060003,River/Stream,,42.94880662,-91.18632674
6,15220004,Sny Magill Creek Site #1 (SN01),08/04/1998 12:35:00,SNY319,PHOSP-PHOSP,Phosphate-phosphorus (as P),Total,,0.1,mg/l,False,0.1,,,Unknown,SNY001,Actual,SW,Water,,,Clayton,07060003,River/Stream,,42.94880662,-91.18632674
6,15220004,Sny Magill Creek Site #1 (SN01),07/07/1998 13:15:00,SNY319,PHOSP-PHOSP,Phosphate-phosphorus (as P),Total,,0.4,mg/l,True,0.1,,,Unknown,SNY001,Actual,SW,Water,,,Clayton,07060003,River/Stream,,42.94880662,-91.18632674
6,15220004,Sny Magill Creek Site #1 (SN01),06/09/1998 13:00:00,SNY319,PHOSP-PHOSP,Phosphate-phosphorus (as P),Total,,0.1,mg/l,False,0.1,,,Unknown,SNY001,Actual,SW,Water,,,Clayton,07060003,River/Stream,,42.94880662,-91.18632674
6,15220004,Sny Magill Creek Site #1 (SN01),07/14/1998 13:05:00,SNY319,PHOSP-PHOSP,Phosphate-phosphorus (as P),Total,,0.1,mg/l,False,0.1,,,Unknown,SNY001,Actual,SW,Water,,,Clayton,07060003,River/Stream,,42.94880662,-91.18632674
6,15220004,Sny Magill Creek Site #1 (SN01),06/16/1998 12:55:00,SNY319,PHOSP-PHOSP,Phosphate-phosphorus (as P),Total,,0.1,mg/l,True,0.1,,,Unknown,SNY001,Actual,SW,Water,,,Clayton,07060003,River/Stream,,42.94880662,-91.18632674
6,15220004,Sny Magill Creek Site #1 (SN01),05/19/1998 12:55:00,SNY319,PHOSP-PHOSP,Phosphate-phosphorus (as P),Total,,0.1,mg/l,False,0.1,,,Unknown,SNY001,Actual,SW,Water,,,Clayton,07060003,River/Stream,,42.94880662,-91.18632674
6,15220004,Sny Magill Creek Site #1 (SN01),05/12/1998 13:00:00,SNY319,PHOSP-PHOSP,Phosphate-phosphorus (as P),Total,,0.1,mg/l,False,0.1,,,Unknown,SNY001,Actual,SW,Water,,,Clayton,07060003,River/Stream,,42.94880662,-91.18632674
6,15220004,Sny Magill Creek Site #1 (SN01),05/05/1998 14:25:00,SNY319,PHOSP-PHOSP,Phosphate-phosphorus (as P),Total,,0.1,mg/l,False,0.1,,,Unknown,SNY001,Actual,SW,Water,,,Clayton,07060003,River/Stream,,42.94880662,-91.18632674
6,15220004,Sny Magill Creek Site #1 (SN01),04/21/1998 12:45:00,SNY319,PHOSP-PHOSP,Phosphate-phosphorus (as P),Total,,0.1,mg/l,False,0.1,,,Unknown,SNY001,Actual,SW,Water,,,Clayton,07060003,River/Stream,,42.94880662,-91.18632674
6,15220004,Sny Magill Creek Site #1 (SN01),04/14/1998 13:00:00,SNY319,PHOSP-PHOSP,Phosphate-phosphorus (as P),Total,,0.1,mg/l,False,0.1,,,Unknown,SNY001,Actual,SW,Water,,,Clayton,07060003,River/Stream,,42.94880662,-91.18632674
6,15220004,Sny Magill Creek Site #1 (SN01),04/07/1998 13:15:00,SNY319,PHOSP-PHOSP,Phosphate-phosphorus (as P),Total,,0.1,mg/l,False,0.1,,,Unknown,SNY001,Actual,SW,Water,,,Clayton,07060003,River/Stream,,42.94880662,-91.18632674
6,15220004,Sny Magill Creek Site #1 (SN01),03/17/1998 13:10:00,SNY319,PHOSP-PHOSP,Phosphate-phosphorus (as P),Total,,0.1,mg/l,False,0.1,,,Unknown,SNY001,Actual,SW,Water,,,Clayton,07060003,River/Stream,,42.94880662,-91.18632674
6,15220004,Sny Magill Creek Site #1 (SN01),03/10/1998 13:20:00,SNY319,PHOSP-PHOSP,Phosphate-phosphorus (as P),Total,,0.1,mg/l,False,0.1,,,Unknown,SNY001,Actual,SW,Water,,,Clayton,07060003,River/Stream,,42.94880662,-91.18632674
6,15220004,Sny Magill Creek Site #1 (SN01),02/17/1998 13:00:00,SNY319,PHOSP-PHOSP,Phosphate-phosphorus (as P),Total,,0.1,mg/l,True,0.1,,,Unknown,SNY001,Actual,SW,Water,,,Clayton,07060003,River/Stream,,42.94880662,-91.18632674
6,15220004,Sny Magill Creek Site #1 (SN01),02/09/1998 12:30:00,SNY319,PHOSP-PHOSP,Phosphate-phosphorus (as P),Total,,0.1,mg/l,False,0.1,,,Unknown,SNY001,Actual,SW,Water,,,Clayton,07060003,River/Stream,,42.94880662,-91.18632674
6,15220004,Sny Magill Creek Site #1 (SN01),01/20/1998 13:00:00,SNY319,PHOSP-PHOSP,Phosphate-phosphorus (as P),Total,,0.1,mg/l,False,0.1,,,Unknown,SNY001,Actual,SW,Water,,,Clayton,07060003,River/Stream,,42.94880662,-91.18632674
6,15220004,Sny Magill Creek Site #1 (SN01),01/13/1998 12:15:00,SNY319,PHOSP-PHOSP,Phosphate-phosphorus (as P),Total,,0.1,mg/l,False,0.1,,,Unknown,SNY001,Actual,SW,Water,,,Clayton,07060003,River/Stream,,42.94880662,-91.18632674
6,15220004,Sny Magill Creek Site #1 (SN01),12/30/1997 14:00:00,SNY319,PHOSP-PHOSP,Phosphate-phosphorus (as P),Total,,0.1,mg/l,False,0.1,,,Unknown,SNY001,Actual,SW,Water,,,Clayton,07060003,River/Stream,,42.94880662,-91.18632674
6,15220004,Sny Magill Creek Site #1 (SN01),12/02/1997 13:00:00,SNY319,PHOSP-PHOSP,Phosphate-phosphorus (as P),Total,,0.1,mg/l,False,0.1,,,Unknown,SNY001,Actual,SW,Water,,,Clayton,07060003,River/Stream,,42.94880662,-91.18632674
6,15220004,Sny Magill Creek Site #1 (SN01),12/16/1997 12:30:00,SNY319,PHOSP-PHOSP,Phosphate-phosphorus (as P),Total,,0.1,mg/l,False,0.1,,,Unknown,SNY001,Actual,SW,Water,,,Clayton,07060003,River/Stream,,42.94880662,-91.18632674
6,15220004,Sny Magill Creek Site #1 (SN01),12/09/1997 12:30:00,SNY319,PHOSP-PHOSP,Phosphate-phosphorus (as P),Total,,0.1,mg/l,False,0.1,,,Unknown,SNY001,Actual,SW,Water,,,Clayton,07060003,River/Stream,,42.94880662,-91.18632674
6,15220004,Sny Magill Creek Site #1 (SN01),11/18/1997 13:00:00,SNY319,PHOSP-PHOSP,Phosphate-phosphorus (as P),Total,,0.1,mg/l,False,0.1,,,Unknown,SNY001,Actual,SW,Water,,,Clayton,07060003,River/Stream,,42.94880662,-91.18632674
6,15220004,Sny Magill Creek Site #1 (SN01),11/11/1997 11:55:00,SNY319,PHOSP-PHOSP,Phosphate-phosphorus (as P),Total,,0.1,mg/l,False,0.1,,,Unknown,SNY001,Actual,SW,Water,,,Clayton,07060003,River/Stream,,42.94880662,-91.18632674
6,15220004,Sny Magill Creek Site #1 (SN01),11/04/1997 14:10:00,SNY319,PHOSP-PHOSP,Phosphate-phosphorus (as P),Total,,0.1,mg/l,False,0.1,,,Unknown,SNY001,Actual,SW,Water,,,Clayton,07060003,River/Stream,,42.94880662,-91.18632674
6,15220004,Sny Magill Creek Site #1 (SN01),10/14/1997 12:25:00,SNY319,PHOSP-PHOSP,Phosphate-phosphorus (as P),Total,,0.2,mg/l,True,0.1,,,Unknown,SNY001,Actual,SW,Water,,,Clayton,07060003,River/Stream,,42.94880662,-91.18632674
6,15220004,Sny Magill Creek Site #1 (SN01),10/07/1997 13:00:00,SNY319,PHOSP-PHOSP,Phosphate-phosphorus (as P),Total,,0.1,mg/l,True,0.1,,,Unknown,SNY001,Actual,SW,Water,,,Clayton,07060003,River/Stream,,42.94880662,-91.18632674
6,15220004,Sny Magill Creek Site #1 (SN01),07/08/1997 12:35:00,SNY319,PHOSP-PHOSP,Phosphate-phosphorus (as P),Total,,0.1,mg/l,False,0.1,,,Unknown,SNY001,Actual,SW,Water,,,Clayton,07060003,River/Stream,,42.94880662,-91.18632674
6,15220004,Sny Magill Creek Site #1 (SN01),09/16/1997 13:00:00,SNY319,PHOSP-PHOSP,Phosphate-phosphorus (as P),Total,,0.1,mg/l,False,0.1,,,Unknown,SNY001,Actual,SW,Water,,,Clayton,07060003,River/Stream,,42.94880662,-91.18632674
6,15220004,Sny Magill Creek Site #1 (SN01),09/09/1997 11:55:00,SNY319,PHOSP-PHOSP,Phosphate-phosphorus (as P),Total,,0.1,mg/l,False,0.1,,,Unknown,SNY001,Actual,SW,Water,,,Clayton,07060003,River/Stream,,42.94880662,-91.18632674
6,15220004,Sny Magill Creek Site #1 (SN01),08/19/1997 13:00:00,SNY319,PHOSP-PHOSP,Phosphate-phosphorus (as P),Total,,0.1,mg/l,False,0.1,,,Unknown,SNY001,Actual,SW,Water,,,Clayton,07060003,River/Stream,,42.94880662,-91.18632674
6,15220004,Sny Magill Creek Site #1 (SN01),08/12/1997 11:40:00,SNY319,PHOSP-PHOSP,Phosphate-phosphorus (as P),Total,,0.5,mg/l,True,0.1,,,Unknown,SNY001,Actual,SW,Water,,,Clayton,07060003,River/Stream,,42.94880662,-91.18632674
6,15220004,Sny Magill Creek Site #1 (SN01),07/22/1997 12:20:00,SNY319,PHOSP-PHOSP,Phosphate-phosphorus (as P),Total,,0.2,mg/l,True,0.1,,,Unknown,SNY001,Actual,SW,Water,,,Clayton,07060003,River/Stream,,42.94880662,-91.18632674
6,15220004,Sny Magill Creek Site #1 (SN01),07/15/1997 12:45:00,SNY319,PHOSP-PHOSP,Phosphate-phosphorus (as P),Total,,0.1,mg/l,False,0.1,,,Unknown,SNY001,Actual,SW,Water,,,Clayton,07060003,River/Stream,,42.94880662,-91.18632674
6,15220004,Sny Magill Creek Site #1 (SN01),06/17/1997 13:30:00,SNY319,PHOSP-PHOSP,Phosphate-phosphorus (as P),Total,,0.2,mg/l,True,0.1,,,Unknown,SNY001,Actual,SW,Water,,,Clayton,07060003,River/Stream,,42.94880662,-91.18632674
6,15220004,Sny Magill Creek Site #1 (SN01),06/24/1997 14:30:00,SNY319,PHOSP-PHOSP,Phosphate-phosphorus (as P),Total,,0.1,mg/l,True,0.1,,,Unknown,SNY001,Actual,SW,Water,,,Clayton,07060003,River/Stream,,42.94880662,-91.18632674
6,15220004,Sny Magill Creek Site #1 (SN01),06/10/1997 12:10:00,SNY319,PHOSP-PHOSP,Phosphate-phosphorus (as P),Total,,0.1,mg/l,False,0.1,,,Unknown,SNY001,Actual,SW,Water,,,Clayton,07060003,River/Stream,,42.94880662,-91.18632674
6,15220004,Sny Magill Creek Site #1 (SN01),05/20/1997 12:30:00,SNY319,PHOSP-PHOSP,Phosphate-phosphorus (as P),Total,,0.1,mg/l,False,0.1,,,Unknown,SNY001,Actual,SW,Water,,,Clayton,07060003,River/Stream,,42.94880662,-91.18632674
6,15220004,Sny Magill Creek Site #1 (SN01),05/13/1997 12:35:00,SNY319,PHOSP-PHOSP,Phosphate-phosphorus (as P),Total,,0.1,mg/l,False,0.1,,,Unknown,SNY001,Actual,SW,Water,,,Clayton,07060003,River/Stream,,42.94880662,-91.18632674
6,15220004,Sny Magill Creek Site #1 (SN01),04/22/1997 11:55:00,SNY319,PHOSP-PHOSP,Phosphate-phosphorus (as P),Total,,0.1,mg/l,False,0.1,,,Unknown,SNY001,Actual,SW,Water,,,Clayton,07060003,River/Stream,,42.94880662,-91.18632674
6,15220004,Sny Magill Creek Site #1 (SN01),04/15/1997 13:40:00,SNY319,PHOSP-PHOSP,Phosphate-phosphorus (as P),Total,,0.1,mg/l,False,0.1,,,Unknown,SNY001,Actual,SW,Water,,,Clayton,07060003,River/Stream,,42.94880662,-91.18632674
6,15220004,Sny Magill Creek Site #1 (SN01),03/25/1997 13:20:00,SNY319,PHOSP-PHOSP,Phosphate-phosphorus (as P),Total,,0.1,mg/l,False,0.1,,,Unknown,SNY001,Actual,SW,Water,,,Clayton,07060003,River/Stream,,42.94880662,-91.18632674
6,15220004,Sny Magill Creek Site #1 (SN01),03/18/1997 12:50:00,SNY319,PHOSP-PHOSP,Phosphate-phosphorus (as P),Total,,0.4,mg/l,True,0.1,,,Unknown,SNY001,Actual,SW,Water,,,Clayton,07060003,River/Stream,,42.94880662,-91.18632674
6,15220004,Sny Magill Creek Site #1 (SN01),02/25/1997 13:10:00,SNY319,PHOSP-PHOSP,Phosphate-phosphorus (as P),Total,,0.1,mg/l,False,0.1,,,Unknown,SNY001,Actual,SW,Water,,,Clayton,07060003,River/Stream,,42.94880662,-91.18632674
6,15220004,Sny Magill Creek Site #1 (SN01),02/18/1997 13:15:00,SNY319,PHOSP-PHOSP,Phosphate-phosphorus (as P),Total,,0.1,mg/l,False,0.1,,,Unknown,SNY001,Actual,SW,Water,,,Clayton,07060003,River/Stream,,42.94880662,-91.18632674
6,15220004,Sny Magill Creek Site #1 (SN01),01/27/1997 15:30:00,SNY319,PHOSP-PHOSP,Phosphate-phosphorus (as P),Total,,0.1,mg/l,False,0.1,,,Unknown,SNY001,Actual,SW,Water,,,Clayton,07060003,River/Stream,,42.94880662,-91.18632674
6,15220004,Sny Magill Creek Site #1 (SN01),01/21/1997 12:00:00,SNY319,PHOSP-PHOSP,Phosphate-phosphorus (as P),Total,,0.1,mg/l,False,0.1,,,Unknown,SNY001,Actual,SW,Water,,,Clayton,07060003,River/Stream,,42.94880662,-91.18632674
6,15220004,Sny Magill Creek Site #1 (SN01),12/17/1996 11:30:00,SNY319,PHOSP-PHOSP,Phosphate-phosphorus (as P),Total,,0.1,mg/l,False,0.1,,,Unknown,SNY001,Actual,SW,Water,,,Clayton,07060003,River/Stream,,42.94880662,-91.18632674
6,15220004,Sny Magill Creek Site #1 (SN01),12/10/1996 13:00:00,SNY319,PHOSP-PHOSP,Phosphate-phosphorus (as P),Total,,0.1,mg/l,False,0.1,,,Unknown,SNY001,Actual,SW,Water,,,Clayton,07060003,River/Stream,,42.94880662,-91.18632674
6,15220004,Sny Magill Creek Site #1 (SN01),11/12/1996 12:20:00,SNY319,PHOSP-PHOSP,Phosphate-phosphorus (as P),Total,,0.1,mg/l,False,0.1,,,Unknown,SNY001,Actual,SW,Water,,,Clayton,07060003,River/Stream,,42.94880662,-91.18632674
6,15220004,Sny Magill Creek Site #1 (SN01),11/05/1996 12:00:00,SNY319,PHOSP-PHOSP,Phosphate-phosphorus (as P),Total,,0.1,mg/l,False,0.1,,,Unknown,SNY001,Actual,SW,Water,,,Clayton,07060003,River/Stream,,42.94880662,-91.18632674
6,15220004,Sny Magill Creek Site #1 (SN01),10/15/1996 11:25:00,SNY319,PHOSP-PHOSP,Phosphate-phosphorus (as P),Total,,0.1,mg/l,False,0.1,,,Unknown,SNY001,Actual,SW,Water,,,Clayton,07060003,River/Stream,,42.94880662,-91.18632674
6,15220004,Sny Magill Creek Site #1 (SN01),10/08/1996 14:20:00,SNY319,PHOSP-PHOSP,Phosphate-phosphorus (as P),Total,,0.1,mg/l,False,0.1,,,Unknown,SNY001,Actual,SW,Water,,,Clayton,07060003,River/Stream,,42.94880662,-91.18632674
6,15220004,Sny Magill Creek Site #1 (SN01),09/25/2001 13:55:00,SNY319,PHOSP-PHOSP,Phosphate-phosphorus (as P),Total,,0.15,mg/l,True,0.02,,,Unknown,SNY001,Actual,SW,Water,,,Clayton,07060003,River/Stream,,42.94880662,-91.18632674
6,15220004,Sny Magill Creek Site #1 (SN01),08/07/2001 11:50:00,SNY319,PHOSP-PHOSP,Phosphate-phosphorus (as P),Total,,0.1,mg/l,False,0.1,,,Unknown,SNY001,Actual,SW,Water,,,Clayton,07060003,River/Stream,,42.94880662,-91.18632674
6,15220004,Sny Magill Creek Site #1 (SN01),07/31/2001 14:15:00,SNY319,PHOSP-PHOSP,Phosphate-phosphorus (as P),Total,,0.1,mg/l,True,0.1,,,Unknown,SNY001,Actual,SW,Water,,,Clayton,07060003,River/Stream,,42.94880662,-91.18632674
6,15220004,Sny Magill Creek Site #1 (SN01),07/10/2001 11:45:00,SNY319,PHOSP-PHOSP,Phosphate-phosphorus (as P),Total,,0.1,mg/l,False,0.1,,,Unknown,SNY001,Actual,SW,Water,,,Clayton,07060003,River/Stream,,42.94880662,-91.18632674
6,15220004,Sny Magill Creek Site #1 (SN01),07/03/2001 11:35:00,SNY319,PHOSP-PHOSP,Phosphate-phosphorus (as P),Total,,0.1,mg/l,False,0.1,,,Unknown,SNY001,Actual,SW,Water,,,Clayton,07060003,River/Stream,,42.94880662,-91.18632674
6,15220004,Sny Magill Creek Site #1 (SN01),06/12/2001 12:00:00,SNY319,PHOSP-PHOSP,Phosphate-phosphorus (as P),Total,,2.8,mg/l,True,0.1,,,Unknown,SNY001,Actual,SW,Water,,,Clayton,07060003,River/Stream,,42.94880662,-91.18632674
6,15220004,Sny Magill Creek Site #1 (SN01),06/05/2001 12:10:00,SNY319,PHOSP-PHOSP,Phosphate-phosphorus (as P),Total,,0.1,mg/l,False,0.1,,,Unknown,SNY001,Actual,SW,Water,,,Clayton,07060003,River/Stream,,42.94880662,-91.18632674
6,15220004,Sny Magill Creek Site #1 (SN01),05/15/2001 11:40:00,SNY319,PHOSP-PHOSP,Phosphate-phosphorus (as P),Total,,0.1,mg/l,False,0.1,,,Unknown,SNY001,Actual,SW,Water,,,Clayton,07060003,River/Stream,,42.94880662,-91.18632674
6,15220004,Sny Magill Creek Site #1 (SN01),05/08/2001 13:15:00,SNY319,PHOSP-PHOSP,Phosphate-phosphorus (as P),Total,,0.1,mg/l,False,0.1,,,Unknown,SNY001,Actual,SW,Water,,,Clayton,07060003,River/Stream,,42.94880662,-91.18632674
6,15220004,Sny Magill Creek Site #1 (SN01),04/17/2001 13:10:00,SNY319,PHOSP-PHOSP,Phosphate-phosphorus (as P),Total,,0.1,mg/l,False,0.1,,,Unknown,SNY001,Actual,SW,Water,,,Clayton,07060003,River/Stream,,42.94880662,-91.18632674
6,15220004,Sny Magill Creek Site #1 (SN01),04/10/2001 13:15:00,SNY319,PHOSP-PHOSP,Phosphate-phosphorus (as P),Total,,0.1,mg/l,False,0.1,,,Unknown,SNY001,Actual,SW,Water,,,Clayton,07060003,River/Stream,,42.94880662,-91.18632674
6,15220004,Sny Magill Creek Site #1 (SN01),03/20/2001 13:25:00,SNY319,PHOSP-PHOSP,Phosphate-phosphorus (as P),Total,,0.1,mg/l,False,0.1,,,Unknown,SNY001,Actual,SW,Water,,,Clayton,07060003,River/Stream,,42.94880662,-91.18632674
6,15220004,Sny Magill Creek Site #1 (SN01),03/13/2001 12:10:00,SNY319,PHOSP-PHOSP,Phosphate-phosphorus (as P),Total,,0.1,mg/l,False,0.1,,,Unknown,SNY001,Actual,SW,Water,,,Clayton,07060003,River/Stream,,42.94880662,-91.18632674
6,15220004,Sny Magill Creek Site #1 (SN01),02/20/2001 13:00:00,SNY319,PHOSP-PHOSP,Phosphate-phosphorus (as P),Total,,0.2,mg/l,True,0.1,,,Unknown,SNY001,Actual,SW,Water,,,Clayton,07060003,River/Stream,,42.94880662,-91.18632674
6,15220004,Sny Magill Creek Site #1 (SN01),02/13/2001 13:00:00,SNY319,PHOSP-PHOSP,Phosphate-phosphorus (as P),Total,,0.3,mg/l,True,0.1,,,Unknown,SNY001,Actual,SW,Water,,,Clayton,07060003,River/Stream,,42.94880662,-91.18632674
6,15220004,Sny Magill Creek Site #1 (SN01),01/16/2001 12:10:00,SNY319,PHOSP-PHOSP,Phosphate-phosphorus (as P),Total,,0.1,mg/l,False,0.1,,,Unknown,SNY001,Actual,SW,Water,,,Clayton,07060003,River/Stream,,42.94880662,-91.18632674
6,15220004,Sny Magill Creek Site #1 (SN01),01/09/2001 12:20:00,SNY319,PHOSP-PHOSP,Phosphate-phosphorus (as P),Total,,0.2,mg/l,True,0.1,,,Unknown,SNY001,Actual,SW,Water,,,Clayton,07060003,River/Stream,,42.94880662,-91.18632674
6,15220004,Sny Magill Creek Site #1 (SN01),01/02/1996 13:30:00,SNY319,PHOSP-PHOSP,Phosphate-phosphorus (as P),Total,,0.1,mg/l,False,0.1,,,Unknown,SNY001,Actual,SW,Water,,,Clayton,07060003,River/Stream,,42.94880662,-91.18632674
6,15220004,Sny Magill Creek Site #1 (SN01),01/23/1996 14:10:00,SNY319,PHOSP-PHOSP,Phosphate-phosphorus (as P),Total,,0.1,mg/l,False,0.1,,,Unknown,SNY001,Actual,SW,Water,,,Clayton,07060003,River/Stream,,42.94880662,-91.18632674
6,15220004,Sny Magill Creek Site #1 (SN01),01/30/1996 15:40:00,SNY319,PHOSP-PHOSP,Phosphate-phosphorus (as P),Total,,0.1,mg/l,False,0.1,,,Unknown,SNY001,Actual,SW,Water,,,Clayton,07060003,River/Stream,,42.94880662,-91.18632674
6,15220004,Sny Magill Creek Site #1 (SN01),02/20/1996 10:20:00,SNY319,PHOSP-PHOSP,Phosphate-phosphorus (as P),Total,,0.1,mg/l,False,0.1,,,Unknown,SNY001,Actual,SW,Water,,,Clayton,07060003,River/Stream,,42.94880662,-91.18632674
6,15220004,Sny Magill Creek Site #1 (SN01),02/13/1996 13:15:00,SNY319,PHOSP-PHOSP,Phosphate-phosphorus (as P),Total,,0.1,mg/l,False,0.1,,,Unknown,SNY001,Actual,SW,Water,,,Clayton,07060003,River/Stream,,42.94880662,-91.18632674
6,15220004,Sny Magill Creek Site #1 (SN01),03/19/1996 12:15:00,SNY319,PHOSP-PHOSP,Phosphate-phosphorus (as P),Total,,0.1,mg/l,False,0.1,,,Unknown,SNY001,Actual,SW,Water,,,Clayton,07060003,River/Stream,,42.94880662,-91.18632674
6,15220004,Sny Magill Creek Site #1 (SN01),03/12/1996 14:45:00,SNY319,PHOSP-PHOSP,Phosphate-phosphorus (as P),Total,,0.3,mg/l,True,0.1,,,Unknown,SNY001,Actual,SW,Water,,,Clayton,07060003,River/Stream,,42.94880662,-91.18632674
6,15220004,Sny Magill Creek Site #1 (SN01),04/02/1996 11:50:00,SNY319,PHOSP-PHOSP,Phosphate-phosphorus (as P),Total,,0.1,mg/l,False,0.1,,,Unknown,SNY001,Actual,SW,Water,,,Clayton,07060003,River/Stream,,42.94880662,-91.18632674
6,15220004,Sny Magill Creek Site #1 (SN01),04/09/1996 10:40:00,SNY319,PHOSP-PHOSP,Phosphate-phosphorus (as P),Total,,0.1,mg/l,False,0.1,,,Unknown,SNY001,Actual,SW,Water,,,Clayton,07060003,River/Stream,,42.94880662,-91.18632674
6,15220004,Sny Magill Creek Site #1 (SN01),04/23/1996 12:00:00,SNY319,PHOSP-PHOSP,Phosphate-phosphorus (as P),Total,,0.1,mg/l,False,0.1,,,Unknown,SNY001,Actual,SW,Water,,,Clayton,07060003,River/Stream,,42.94880662,-91.18632674
6,15220004,Sny Magill Creek Site #1 (SN01),06/11/1996 11:40:00,SNY319,PHOSP-PHOSP,Phosphate-phosphorus (as P),Total,,0.1,mg/l,False,0.1,,,Unknown,SNY001,Actual,SW,Water,,,Clayton,07060003,River/Stream,,42.94880662,-91.18632674
6,15220004,Sny Magill Creek Site #1 (SN01),06/18/1996 12:30:00,SNY319,PHOSP-PHOSP,Phosphate-phosphorus (as P),Total,,0.4,mg/l,True,0.1,,,Unknown,SNY001,Actual,SW,Water,,,Clayton,07060003,River/Stream,,42.94880662,-91.18632674
6,15220004,Sny Magill Creek Site #1 (SN01),09/10/1996 12:35:00,SNY319,PHOSP-PHOSP,Phosphate-phosphorus (as P),Total,,0.1,mg/l,False,0.1,,,Unknown,SNY001,Actual,SW,Water,,,Clayton,07060003,River/Stream,,42.94880662,-91.18632674
6,15220004,Sny Magill Creek Site #1 (SN01),04/30/1996 13:00:00,SNY319,PHOSP-PHOSP,Phosphate-phosphorus (as P),Total,,0.1,mg/l,False,0.1,,,Unknown,SNY001,Actual,SW,Water,,,Clayton,07060003,River/Stream,,42.94880662,-91.18632674
6,15220004,Sny Magill Creek Site #1 (SN01),07/02/1996 13:00:00,SNY319,PHOSP-PHOSP,Phosphate-phosphorus (as P),Total,,0.1,mg/l,False,0.1,,,Unknown,SNY001,Actual,SW,Water,,,Clayton,07060003,River/Stream,,42.94880662,-91.18632674
6,15220004,Sny Magill Creek Site #1 (SN01),07/09/1996 13:20:00,SNY319,PHOSP-PHOSP,Phosphate-phosphorus (as P),Total,,0.1,mg/l,False,0.1,,,Unknown,SNY001,Actual,SW,Water,,,Clayton,07060003,River/Stream,,42.94880662,-91.18632674
6,15220004,Sny Magill Creek Site #1 (SN01),09/17/1996 12:00:00,SNY319,PHOSP-PHOSP,Phosphate-phosphorus (as P),Total,,0.1,mg/l,False,0.1,,,Unknown,SNY001,Actual,SW,Water,,,Clayton,07060003,River/Stream,,42.94880662,-91.18632674
6,15220004,Sny Magill Creek Site #1 (SN01),08/23/1994 13:30:00,SNY319,PHOSP-PHOSP,Phosphate-phosphorus (as P),Total,,0.1,mg/l,False,0.1,,,Unknown,SNY001,Actual,SW,Water,,,Clayton,07060003,River/Stream,,42.94880662,-91.18632674
6,15220004,Sny Magill Creek Site #1 (SN01),08/16/1994 13:45:00,SNY319,PHOSP-PHOSP,Phosphate-phosphorus (as P),Total,,0.1,mg/l,False,0.1,,,Unknown,SNY001,Actual,SW,Water,,,Clayton,07060003,River/Stream,,42.94880662,-91.18632674
6,15220004,Sny Magill Creek Site #1 (SN01),09/20/1994 12:45:00,SNY319,PHOSP-PHOSP,Phosphate-phosphorus (as P),Total,,0.2,mg/l,True,0.1,,,Unknown,SNY001,Actual,SW,Water,,,Clayton,07060003,River/Stream,,42.94880662,-91.18632674
6,14000336,Sny McGill- North Cedar WMA,06/09/2020 11:30:00,AMBWETLAND,PHOSP-PHOSP,Phosphate-phosphorus (AS P),Total,,0.04,mg/l,True,0.02,,,LAC 10-115-01-1F,UHL001,Actual,SW,Water,,,Clayton,07060003,Wetland-Riverine,,42.9545,-91.199
6,14000336,Sny McGill- North Cedar WMA,07/28/2020 11:15:00,AMBWETLAND,PHOSP-PHOSP,Phosphate-phosphorus (AS P),Total,,0.02,mg/l,False,0.02,,,LAC 10-115-01-1F,UHL001,Actual,SW,Water,,,Clayton,07060003,Wetland-Riverine,,42.9545,-91.199
6,12220002,North Cedar Creek-Public Access Area- Sny Magill,07/17/2019 07:40:00,AMBBIO,PHOSP-PHOSP,Phosphate-phosphorus (AS P),Total,,0.05,mg/l,True,0.02,,,LAC 10-115-01-1F,UHL001,Actual,SW,Water,,,Clayton,07060003,River/Stream,,42.96248573,-91.22933069
6,14000049,Mossy Glen Creek - Edgewood-Mossy Glen Preserve,07/15/2019 09:30:00,AMBBIO,PHOSP-PHOSP,Phosphate-phosphorus (AS P),Total,,0.11,mg/l,True,0.1,,,LAC 10-115-01-2B,UHL001,Actual,SW,Water,,,Clayton,07060004,River/Stream,,42.7085,-91.426101
6,11220014,Silver Creek at 172nd St. (Site SC04/SiCr1),08/20/2018 10:10:00,AMBBIO,PHOSP-PHOSP,Phosphate-phosphorus (AS P),Total,,0.29,mg/l,True,0.1,,,LAC10-115-01-1C,UHL001,Actual,SW,Water,,,Clayton,07060004,River/Stream,,42.973151,-91.441907
6,14000076,Unnamed Tributary to Cox Creek - Volga,05/23/2016 10:00:00,AMBBIO,PHOSP-PHOSP,Phosphate-phosphorus (AS P),Total,,0.07,mg/l,True,0.02,,,LAC10-115-01-1D,UHL001,Actual,SW,Water,,,Clayton,07060004,River/Stream,,42.752911,-91.464324
6,12220002,North Cedar Creek-Public Access Area- Sny Magill,07/17/2017 09:15:00,AMBBIO,PHOSP-PHOSP,Phosphate-phosphorus (AS P),Total,,0.14,mg/l,True,0.1,,,LAC10-115-01-1C,UHL001,Actual,SW,Water,,,Clayton,07060003,River/Stream,,42.96248573,-91.22933069
6,12220002,North Cedar Creek-Public Access Area- Sny Magill,08/31/2016 09:15:00,AMBBIO,PHOSP-PHOSP,Phosphate-phosphorus (AS P),Total,,0.12,mg/l,True,0.02,,,LAC10-115-01-1D,UHL001,Actual,SW,Water,,,Clayton,07060003,River/Stream,,42.96248573,-91.22933069
6,14000104,Unnamed Tributary to Volga River - Volga (UTVR1),07/31/2018 11:15:00,AMBBIO,PHOSP-PHOSP,Phosphate-phosphorus (AS P),Total,,0.08,mg/l,True,0.02,,,LAC10-115-01-1D,UHL001,Actual,SW,Water,,,Clayton,07060004,River/Stream,,42.814928,-91.580019
6,12220002,North Cedar Creek-Public Access Area- Sny Magill,07/24/2018 08:45:00,AMBBIO,PHOSP-PHOSP,Phosphate-phosphorus (AS P),Total,,0.07,mg/l,True,0.02,,,LAC10-115-01-1D,UHL001,Actual,SW,Water,,,Clayton,07060003,River/Stream,,42.96248573,-91.22933069
6,14000225,Wolf Creek,08/28/2017 07:00:00,AMBBIO,PHOSP-PHOSP,Phosphate-phosphorus (AS P),Total,,0.16,mg/l,True,0.1,,,LAC10-115-01-1C,UHL001,Actual,SW,Water,,Sample exceeded required temperature upon receipt.,Clayton,07060004,River/Stream,,42.72829,-91.29208
6,15220004,Sny Magill Creek Site #1 (SN01),10/11/1994 14:20:00,SNY319,PHOSP-PHOSP,Phosphate-phosphorus (as P),Total,,0.1,mg/l,False,0.1,,,Unknown,SNY001,Actual,SW,Water,,,Clayton,07060003,River/Stream,,42.94880662,-91.18632674
6,15220004,Sny Magill Creek Site #1 (SN01),10/18/1994 13:00:00,SNY319,PHOSP-PHOSP,Phosphate-phosphorus (as P),Total,,0.1,mg/l,False,0.1,,,Unknown,SNY001,Actual,SW,Water,,,Clayton,07060003,River/Stream,,42.94880662,-91.18632674
6,15220004,Sny Magill Creek Site #1 (SN01),11/01/1994 13:10:00,SNY319,PHOSP-PHOSP,Phosphate-phosphorus (as P),Total,,0.1,mg/l,False,0.1,,,Unknown,SNY001,Actual,SW,Water,,,Clayton,07060003,River/Stream,,42.94880662,-91.18632674
6,15220004,Sny Magill Creek Site #1 (SN01),11/08/1994 16:00:00,SNY319,PHOSP-PHOSP,Phosphate-phosphorus (as P),Total,,0.1,mg/l,False,0.1,,,Unknown,SNY001,Actual,SW,Water,,,Clayton,07060003,River/Stream,,42.94880662,-91.18632674
6,15220004,Sny Magill Creek Site #1 (SN01),11/29/1994 10:30:00,SNY319,PHOSP-PHOSP,Phosphate-phosphorus (as P),Total,,0.1,mg/l,False,0.1,,,Unknown,SNY001,Actual,SW,Water,,,Clayton,07060003,River/Stream,,42.94880662,-91.18632674
6,15220004,Sny Magill Creek Site #1 (SN01),12/20/1994 11:40:00,SNY319,PHOSP-PHOSP,Phosphate-phosphorus (as P),Total,,0.1,mg/l,False,0.1,,,Unknown,SNY001,Actual,SW,Water,,,Clayton,07060003,River/Stream,,42.94880662,-91.18632674
6,15220004,Sny Magill Creek Site #1 (SN01),01/03/1995 10:30:00,SNY319,PHOSP-PHOSP,Phosphate-phosphorus (as P),Total,,0.1,mg/l,False,0.1,,,Unknown,SNY001,Actual,SW,Water,,,Clayton,07060003,River/Stream,,42.94880662,-91.18632674
6,15220004,Sny Magill Creek Site #1 (SN01),01/24/1995 13:35:00,SNY319,PHOSP-PHOSP,Phosphate-phosphorus (as P),Total,,0.1,mg/l,False,0.1,,,Unknown,SNY001,Actual,SW,Water,,,Clayton,07060003,River/Stream,,42.94880662,-91.18632674
6,15220004,Sny Magill Creek Site #1 (SN01),02/21/1995 13:00:00,SNY319,PHOSP-PHOSP,Phosphate-phosphorus (as P),Total,,0.4,mg/l,True,0.1,,,Unknown,SNY001,Actual,SW,Water,,,Clayton,07060003,River/Stream,,42.94880662,-91.18632674
6,15220004,Sny Magill Creek Site #1 (SN01),02/14/1995 12:50:00,SNY319,PHOSP-PHOSP,Phosphate-phosphorus (as P),Total,,0.1,mg/l,False,0.1,,,Unknown,SNY001,Actual,SW,Water,,,Clayton,07060003,River/Stream,,42.94880662,-91.18632674
6,15220004,Sny Magill Creek Site #1 (SN01),03/14/1995 14:45:00,SNY319,PHOSP-PHOSP,Phosphate-phosphorus (as P),Total,,0.2,mg/l,True,0.1,,,Unknown,SNY001,Actual,SW,Water,,,Clayton,07060003,River/Stream,,42.94880662,-91.18632674
6,15220004,Sny Magill Creek Site #1 (SN01),04/04/1995 13:40:00,SNY319,PHOSP-PHOSP,Phosphate-phosphorus (as P),Total,,0.1,mg/l,False,0.1,,,Unknown,SNY001,Actual,SW,Water,,,Clayton,07060003,River/Stream,,42.94880662,-91.18632674
6,15220004,Sny Magill Creek Site #1 (SN01),04/25/1995 09:50:00,SNY319,PHOSP-PHOSP,Phosphate-phosphorus (as P),Total,,0.1,mg/l,False,0.1,,,Unknown,SNY001,Actual,SW,Water,,,Clayton,07060003,River/Stream,,42.94880662,-91.18632674
6,15220004,Sny Magill Creek Site #1 (SN01),05/16/1995 12:50:00,SNY319,PHOSP-PHOSP,Phosphate-phosphorus (as P),Total,,0.1,mg/l,False,0.1,,,Unknown,SNY001,Actual,SW,Water,,,Clayton,07060003,River/Stream,,42.94880662,-91.18632674
6,15220004,Sny Magill Creek Site #1 (SN01),05/23/1995 14:00:00,SNY319,PHOSP-PHOSP,Phosphate-phosphorus (as P),Total,,0.2,mg/l,True,0.1,,,Unknown,SNY001,Actual,SW,Water,,,Clayton,07060003,River/Stream,,42.94880662,-91.18632674
6,15220004,Sny Magill Creek Site #1 (SN01),06/13/1995 14:15:00,SNY319,PHOSP-PHOSP,Phosphate-phosphorus (as P),Total,,0.1,mg/l,False,0.1,,,Unknown,SNY001,Actual,SW,Water,,,Clayton,07060003,River/Stream,,42.94880662,-91.18632674
6,15220004,Sny Magill Creek Site #1 (SN01),06/06/1995 10:50:00,SNY319,PHOSP-PHOSP,Phosphate-phosphorus (as P),Total,,0.1,mg/l,False,0.1,,,Unknown,SNY001,Actual,SW,Water,,,Clayton,07060003,River/Stream,,42.94880662,-91.18632674
6,15220004,Sny Magill Creek Site #1 (SN01),07/04/1995 15:00:00,SNY319,PHOSP-PHOSP,Phosphate-phosphorus (as P),Total,,0.1,mg/l,True,0.1,,,Unknown,SNY001,Actual,SW,Water,,,Clayton,07060003,River/Stream,,42.94880662,-91.18632674
6,15220004,Sny Magill Creek Site #1 (SN01),06/27/1995 14:45:00,SNY319,PHOSP-PHOSP,Phosphate-phosphorus (as P),Total,,0.1,mg/l,True,0.1,,,Unknown,SNY001,Actual,SW,Water,,,Clayton,07060003,River/Stream,,42.94880662,-91.18632674
6,15220004,Sny Magill Creek Site #1 (SN01),07/25/1995 17:20:00,SNY319,PHOSP-PHOSP,Phosphate-phosphorus (as P),Total,,0.1,mg/l,True,0.1,,,Unknown,SNY001,Actual,SW,Water,,,Clayton,07060003,River/Stream,,42.94880662,-91.18632674
6,11220012,Peck Creek near Osterdock (Site 326),09/03/2014 11:00:00,TURKEYR,PHOSP-PHOSP,Phosphate-phosphorus (AS P),Total,,0.08,mg/l,True,0.02,,,LAC10-115-01-1D,UHL001,Actual,SW,Water,,,Clayton,07060004,River/Stream,,42.723821,-91.144286
6,11220009,Bear Creek W of Elkport (37),09/03/2014 11:38:00,TURKEYR,PHOSP-PHOSP,Phosphate-phosphorus (AS P),Total,,0.13,mg/l,True,0.02,,,LAC10-115-01-1D,UHL001,Actual,SW,Water,,,Clayton,07060004,River/Stream,,42.7369562,-91.3245041
6,14000122,Silver Creek at Dove Ave (SIL50),10/01/2014 09:50:00,TURKEYR,PHOSP-PHOSP,Phosphate-phosphorus (AS P),Total,,0.34,mg/l,True,0.02,,,LAC10-115-01-1D,UHL001,Actual,SW,Water,,,Clayton,07060004,River/Stream,,43.017,-91.469
6,11220014,Silver Creek at 172nd St. (Site SC04/SiCr1),10/01/2014 10:20:00,TURKEYR,PHOSP-PHOSP,Phosphate-phosphorus (AS P),Total,,0.48,mg/l,True,0.02,,,LAC10-115-01-1D,UHL001,Actual,SW,Water,,,Clayton,07060004,River/Stream,,42.973151,-91.441907
6,11220012,Peck Creek near Osterdock (Site 326),10/01/2014 11:40:00,TURKEYR,PHOSP-PHOSP,Phosphate-phosphorus (AS P),Total,,0.1,mg/l,True,0.02,,,LAC10-115-01-1D,UHL001,Actual,SW,Water,,,Clayton,07060004,River/Stream,,42.723821,-91.144286
6,11220009,Bear Creek W of Elkport (37),10/01/2014 10:04:00,TURKEYR,PHOSP-PHOSP,Phosphate-phosphorus (AS P),Total,,0.06,mg/l,True,0.02,,,LAC10-115-01-1D,UHL001,Actual,SW,Water,,,Clayton,07060004,River/Stream,,42.7369562,-91.3245041
6,14000122,Silver Creek at Dove Ave (SIL50),11/05/2014 09:20:00,TURKEYR,PHOSP-PHOSP,Phosphate-phosphorus (AS P),Total,,0.06,mg/l,True,0.02,,,LAC10-115-01-1D,UHL001,Actual,SW,Water,,,Clayton,07060004,River/Stream,,43.017,-91.469
6,11220014,Silver Creek at 172nd St. (Site SC04/SiCr1),11/05/2014 09:40:00,TURKEYR,PHOSP-PHOSP,Phosphate-phosphorus (AS P),Total,,0.15,mg/l,True,0.02,,,LAC10-115-01-1D,UHL001,Actual,SW,Water,,,Clayton,07060004,River/Stream,,42.973151,-91.441907
6,11220009,Bear Creek W of Elkport (37),11/05/2014 11:25:00,TURKEYR,PHOSP-PHOSP,Phosphate-phosphorus (AS P),Total,,0.06,mg/l,True,0.02,,,LAC10-115-01-1D,UHL001,Actual,SW,Water,,,Clayton,07060004,River/Stream,,42.7369562,-91.3245041
6,14000122,Silver Creek at Dove Ave (SIL50),05/07/2014 09:20:00,TURKEYR,PHOSP-PHOSP,Phosphate-phosphorus (AS P),Total,,0.08,mg/l,True,0.02,,,LAC10-115-01-1D,UHL001,Actual,SW,Water,,,Clayton,07060004,River/Stream,,43.017,-91.469
6,11220014,Silver Creek at 172nd St. (Site SC04/SiCr1),05/07/2014 08:30:00,TURKEYR,PHOSP-PHOSP,Phosphate-phosphorus (AS P),Total,,0.24,mg/l,True,0.02,,,LAC10-115-01-1D,UHL001,Actual,SW,Water,,,Clayton,07060004,River/Stream,,42.973151,-91.441907
6,11220012,Peck Creek near Osterdock (Site 326),05/07/2014 11:00:00,TURKEYR,PHOSP-PHOSP,Phosphate-phosphorus (AS P),Total,,0.07,mg/l,True,0.02,,,LAC10-115-01-1D,UHL001,Actual,SW,Water,,,Clayton,07060004,River/Stream,,42.723821,-91.144286
6,11220009,Bear Creek W of Elkport (37),05/07/2014 08:17:00,TURKEYR,PHOSP-PHOSP,Phosphate-phosphorus (AS P),Total,,0.05,mg/l,True,0.02,,,LAC10-115-01-1D,UHL001,Actual,SW,Water,,,Clayton,07060004,River/Stream,,42.7369562,-91.3245041
6,14000122,Silver Creek at Dove Ave (SIL50),06/04/2014 08:55:00,TURKEYR,PHOSP-PHOSP,Phosphate-phosphorus (AS P),Total,,0.06,mg/l,True,0.02,,,LAC10-115-01-1D,UHL001,Actual,SW,Water,,,Clayton,07060004,River/Stream,,43.017,-91.469
6,11220014,Silver Creek at 172nd St. (Site SC04/SiCr1),06/04/2014 08:35:00,TURKEYR,PHOSP-PHOSP,Phosphate-phosphorus (AS P),Total,,0.34,mg/l,True,0.02,,,LAC10-115-01-1D,UHL001,Actual,SW,Water,,,Clayton,07060004,River/Stream,,42.973151,-91.441907
6,11220012,Peck Creek near Osterdock (Site 326),06/04/2014 12:05:00,TURKEYR,PHOSP-PHOSP,Phosphate-phosphorus (AS P),Total,,0.09,mg/l,True,0.02,,,LAC10-115-01-1D,UHL001,Actual,SW,Water,,,Clayton,07060004,River/Stream,,42.723821,-91.144286
6,11220009,Bear Creek W of Elkport (37),06/04/2014 11:35:00,TURKEYR,PHOSP-PHOSP,Phosphate-phosphorus (AS P),Total,,0.11,mg/l,True,0.02,,,LAC10-115-01-1D,UHL001,Actual,SW,Water,,,Clayton,07060004,River/Stream,,42.7369562,-91.3245041
6,14000122,Silver Creek at Dove Ave (SIL50),07/09/2014 08:25:00,TURKEYR,PHOSP-PHOSP,Phosphate-phosphorus (AS P),Total,,0.11,mg/l,True,0.02,,,LAC10-115-01-1D,UHL001,Actual,SW,Water,,,Clayton,07060004,River/Stream,,43.017,-91.469
6,11220014,Silver Creek at 172nd St. (Site SC04/SiCr1),07/09/2014 08:00:00,TURKEYR,PHOSP-PHOSP,Phosphate-phosphorus (AS P),Total,,0.52,mg/l,True,0.05,,,LAC10-115-01-1C,UHL001,Actual,SW,Water,,,Clayton,07060004,River/Stream,,42.973151,-91.441907
6,11220012,Peck Creek near Osterdock (Site 326),07/09/2014 11:18:00,TURKEYR,PHOSP-PHOSP,Phosphate-phosphorus (AS P),Total,,0.06,mg/l,True,0.02,,,LAC10-115-01-1D,UHL001,Actual,SW,Water,,,Clayton,07060004,River/Stream,,42.723821,-91.144286
6,11220009,Bear Creek W of Elkport (37),07/09/2014 10:05:00,TURKEYR,PHOSP-PHOSP,Phosphate-phosphorus (AS P),Total,,0.07,mg/l,True,0.02,,,LAC10-115-01-1D,UHL001,Actual,SW,Water,,,Clayton,07060004,River/Stream,,42.7369562,-91.3245041
6,14000122,Silver Creek at Dove Ave (SIL50),08/06/2014 09:30:00,TURKEYR,PHOSP-PHOSP,Phosphate-phosphorus (AS P),Total,,0.09,mg/l,True,0.02,,,LAC10-115-01-1D,UHL001,Actual,SW,Water,,,Clayton,07060004,River/Stream,,43.017,-91.469
6,11220014,Silver Creek at 172nd St. (Site SC04/SiCr1),08/06/2014 09:50:00,TURKEYR,PHOSP-PHOSP,Phosphate-phosphorus (AS P),Total,,0.2,mg/l,True,0.02,,,LAC10-115-01-1D,UHL001,Actual,SW,Water,,,Clayton,07060004,River/Stream,,42.973151,-91.441907
6,11220012,Peck Creek near Osterdock (Site 326),08/06/2014 10:38:00,TURKEYR,PHOSP-PHOSP,Phosphate-phosphorus (AS P),Total,,0.08,mg/l,True,0.02,,,LAC10-115-01-1D,UHL001,Actual,SW,Water,,,Clayton,07060004,River/Stream,,42.723821,-91.144286
6,11220009,Bear Creek W of Elkport (37),08/06/2014 10:35:00,TURKEYR,PHOSP-PHOSP,Phosphate-phosphorus (AS P),Total,,0.11,mg/l,True,0.02,,,LAC10-115-01-1D,UHL001,Actual,SW,Water,,,Clayton,07060004,River/Stream,,42.7369562,-91.3245041
6,14000122,Silver Creek at Dove Ave (SIL50),04/02/2014 10:30:00,TURKEYR,PHOSP-PHOSP,Phosphate-phosphorus (AS P),Total,,0.26,mg/l,True,0.02,,,LAC10-115-01-1D,UHL001,Actual,SW,Water,,,Clayton,07060004,River/Stream,,43.017,-91.469
6,11220014,Silver Creek at 172nd St. (Site SC04/SiCr1),04/02/2014 10:50:00,TURKEYR,PHOSP-PHOSP,Phosphate-phosphorus (AS P),Total,,0.57,mg/l,True,0.05,,,LAC10-115-01-1C,UHL001,Actual,SW,Water,,,Clayton,07060004,River/Stream,,42.973151,-91.441907
6,11220012,Peck Creek near Osterdock (Site 326),04/02/2014 11:50:00,TURKEYR,PHOSP-PHOSP,Phosphate-phosphorus (AS P),Total,,0.07,mg/l,True,0.02,,,LAC10-115-01-1D,UHL001,Actual,SW,Water,,,Clayton,07060004,River/Stream,,42.723821,-91.144286
6,14000122,Silver Creek at Dove Ave (SIL50),04/10/2013 08:35:00,TURKEYR,PHOSP-PHOSP,Phosphate-phosphorus (AS P),Total,,1.4,mg/l,True,0.05,,,LAC10-115-01-1C,UHL001,Actual,SW,Water,,,Clayton,07060004,River/Stream,,43.017,-91.469
6,11220009,Bear Creek W of Elkport (37),04/02/2014 11:30:00,TURKEYR,PHOSP-PHOSP,Phosphate-phosphorus (AS P),Total,,0.16,mg/l,True,0.02,,,LAC10-115-01-1D,UHL001,Actual,SW,Water,,,Clayton,07060004,River/Stream,,42.7369562,-91.3245041
6,11220014,Silver Creek at 172nd St. (Site SC04/SiCr1),05/01/2013 08:00:00,TURKEYR,PHOSP-PHOSP,Phosphate-phosphorus (AS P),Total,,0.46,mg/l,True,0.05,,,LAC10-115-01-1C,UHL001,Actual,SW,Water,,,Clayton,07060004,River/Stream,,42.973151,-91.441907
6,11220014,Silver Creek at 172nd St. (Site SC04/SiCr1),08/01/2012 13:00:00,TURKEYR,PHOSP-PHOSP,Phosphate-phosphorus (as P),Total,,0.49,mg/l,True,0.02,,,LAC10-115-01-1D,IGS-GRAB,Actual,SW,Water,,,Clayton,07060004,River/Stream,,42.973151,-91.441907
6,11220012,Peck Creek near Osterdock (Site 326),10/03/2012 10:30:00,TURKEYR,PHOSP-PHOSP,Phosphate-phosphorus (as P),Total,,0.06,mg/l,True,0.02,,,LAC10-115-01-1D,IGS-GRAB,Actual,SW,Water,,,Clayton,07060004,River/Stream,,42.723821,-91.144286
6,11220009,Bear Creek W of Elkport (37),11/07/2012 12:28:00,TURKEYR,PHOSP-PHOSP,Phosphate-phosphorus (as P),Total,,0.04,mg/l,True,0.02,,,LAC10-115-01-1D,IGS-GRAB,Actual,SW,Water,,,Clayton,07060004,River/Stream,,42.7369562,-91.3245041
6,11220012,Peck Creek near Osterdock (Site 326),11/07/2012 15:45:00,TURKEYR,PHOSP-PHOSP,Phosphate-phosphorus (as P),Total,,0.04,mg/l,True,0.02,,,LAC10-115-01-1D,IGS-GRAB,Actual,SW,Water,,,Clayton,07060004,River/Stream,,42.723821,-91.144286
6,11220009,Bear Creek W of Elkport (37),08/07/2013 11:13:00,TURKEYR,PHOSP-PHOSP,Phosphate-phosphorus (AS P),Total,,0.06,mg/l,True,0.02,,,LAC10-115-01-1D,UHL001,Actual,SW,Water,,,Clayton,07060004,River/Stream,,42.7369562,-91.3245041
6,11220009,Bear Creek W of Elkport (37),09/04/2013 12:00:00,TURKEYR,PHOSP-PHOSP,Phosphate-phosphorus (AS P),Total,,0.06,mg/l,True,0.02,,,LAC10-115-01-1D,UHL001,Actual,SW,Water,,,Clayton,07060004,River/Stream,,42.7369562,-91.3245041
6,11220012,Peck Creek near Osterdock (Site 326),08/07/2013 08:30:00,TURKEYR,PHOSP-PHOSP,Phosphate-phosphorus (AS P),Total,,0.07,mg/l,True,0.02,,,LAC10-115-01-1D,UHL001,Actual,SW,Water,,,Clayton,07060004,River/Stream,,42.723821,-91.144286
6,11220014,Silver Creek at 172nd St. (Site SC04/SiCr1),09/04/2013 09:15:00,TURKEYR,PHOSP-PHOSP,Phosphate-phosphorus (AS P),Total,,0.23,mg/l,True,0.02,,,LAC10-115-01-1D,UHL001,Actual,SW,Water,,,Clayton,07060004,River/Stream,,42.973151,-91.441907
6,11220014,Silver Creek at 172nd St. (Site SC04/SiCr1),10/16/2013 09:00:00,TURKEYR,PHOSP-PHOSP,Phosphate-phosphorus (AS P),Total,,0.29,mg/l,True,0.02,,,LAC10-115-01-1D,UHL001,Actual,SW,Water,,,Clayton,07060004,River/Stream,,42.973151,-91.441907
6,11220014,Silver Creek at 172nd St. (Site SC04/SiCr1),04/10/2013 08:15:00,TURKEYR,PHOSP-PHOSP,Phosphate-phosphorus (AS P),Total,,3.6,mg/l,True,0.05,,,LAC10-115-01-1C,UHL001,Actual,SW,Water,,,Clayton,07060004,River/Stream,,42.973151,-91.441907
6,11220009,Bear Creek W of Elkport (37),04/10/2013 10:30:00,TURKEYR,PHOSP-PHOSP,Phosphate-phosphorus (AS P),Total,,1.3,mg/l,True,0.05,,,LAC10-115-01-1C,UHL001,Actual,SW,Water,,,Clayton,07060004,River/Stream,,42.7369562,-91.3245041
6,11220012,Peck Creek near Osterdock (Site 326),11/06/2013 10:50:00,TURKEYR,PHOSP-PHOSP,Phosphate-phosphorus (AS P),Total,,0.09,mg/l,True,0.02,,,LAC10-115-01-1D,UHL001,Actual,SW,Water,,,Clayton,07060004,River/Stream,,42.723821,-91.144286
6,11220014,Silver Creek at 172nd St. (Site SC04/SiCr1),07/02/2012 07:59:00,TURKEYR,PHOSP-PHOSP,Phosphate-phosphorus (as P),Total,,0.54,mg/l,True,0.05,,,LAC10-115-01-1C,IGS-GRAB,Actual,SW,Water,,,Clayton,07060004,River/Stream,,42.973151,-91.441907
6,11220014,Silver Creek at 172nd St. (Site SC04/SiCr1),04/04/2012 15:12:00,TURKEYR,PHOSP-PHOSP,Phosphate-phosphorus (as P),Total,,1.3,mg/l,True,0.05,,,LAC10-115-01-1C,IGS-GRAB,Actual,SW,Water,,,Clayton,07060004,River/Stream,,42.973151,-91.441907
6,11220014,Silver Creek at 172nd St. (Site SC04/SiCr1),05/02/2012 12:50:00,TURKEYR,PHOSP-PHOSP,Phosphate-phosphorus (as P),Total,,1.2,mg/l,True,0.02,,,LAC10-115-01-1D,IGS-GRAB,Actual,SW,Water,,,Clayton,07060004,River/Stream,,42.973151,-91.441907
6,11220014,Silver Creek at 172nd St. (Site SC04/SiCr1),09/05/2012 14:35:00,TURKEYR,PHOSP-PHOSP,Phosphate-phosphorus (as P),Total,,3.2,mg/l,True,0.05,,,LAC10-115-01-1C,IGS-GRAB,Actual,SW,Water,,,Clayton,07060004,River/Stream,,42.973151,-91.441907
6,11220012,Peck Creek near Osterdock (Site 326),04/04/2012 10:30:00,TURKEYR,PHOSP-PHOSP,Phosphate-phosphorus (as P),Total,,0.03,mg/l,True,0.02,,,LAC10-115-01-1D,IGS-GRAB,Actual,SW,Water,,,Clayton,07060004,River/Stream,,42.723821,-91.144286
6,11220012,Peck Creek near Osterdock (Site 326),05/02/2012 11:00:00,TURKEYR,PHOSP-PHOSP,Phosphate-phosphorus (as P),Total,,0.26,mg/l,True,0.02,,,LAC10-115-01-1D,IGS-GRAB,Actual,SW,Water,,,Clayton,07060004,River/Stream,,42.723821,-91.144286
6,11220009,Bear Creek W of Elkport (37),06/06/2012 07:40:00,TURKEYR,PHOSP-PHOSP,Phosphate-phosphorus (as P),Total,,0.06,mg/l,True,0.02,,,LAC10-115-01-1D,IGS-GRAB,Actual,SW,Water,,,Clayton,07060004,River/Stream,,42.7369562,-91.3245041
6,11220012,Peck Creek near Osterdock (Site 326),08/01/2012 08:00:00,TURKEYR,PHOSP-PHOSP,Phosphate-phosphorus (as P),Total,,0.09,mg/l,True,0.02,,,LAC10-115-01-1D,IGS-GRAB,Actual,SW,Water,,,Clayton,07060004,River/Stream,,42.723821,-91.144286
6,12220010,South Cedar Creek-Garnavillo-SoCed1,08/08/2011 14:00:00,AMBBIO,PHOSP-PHOSP,Phosphate-phosphorus (as P),Total,,0.1,mg/l,True,0.02,,,LAC10-115-01-1D,UHL001,Actual,SW,Water,,,Clayton,07060004,River/Stream,,42.8298658,-91.2442284
6,12220002,North Cedar Creek-Public Access Area- Sny Magill,08/11/2011 08:10:00,AMBBIO,PHOSP-PHOSP,Phosphate-phosphorus (as P),Total,,0.06,mg/l,True,0.02,,,LAC10-115-01-1D,UHL001,Actual,SW,Water,,,Clayton,07060003,River/Stream,,42.96248573,-91.22933069
6,12220010,South Cedar Creek-Garnavillo-SoCed1,09/20/2011 09:15:00,AMBBIO,PHOSP-PHOSP,Phosphate-phosphorus (as P),Total,,0.1,mg/l,True,0.02,,,LAC10-115-01-1D,UHL001,Actual,SW,Water,,,Clayton,07060004,River/Stream,,42.8298658,-91.2442284
6,11220012,Peck Creek near Osterdock (Site 326),09/05/2012 09:35:00,TURKEYR,PHOSP-PHOSP,Phosphate-phosphorus (as P),Total,,0.4,mg/l,True,0.02,,,LAC10-115-01-1D,IGS-GRAB,Actual,SW,Water,,,Clayton,07060004,River/Stream,,42.723821,-91.144286
6,12220002,North Cedar Creek-Public Access Area- Sny Magill,09/20/2011 11:40:00,AMBBIO,PHOSP-PHOSP,Phosphate-phosphorus (as P),Total,,0.08,mg/l,True,0.02,,,LAC10-115-01-1D,UHL001,Actual,SW,Water,,,Clayton,07060003,River/Stream,,42.96248573,-91.22933069
6,14000122,Silver Creek at Dove Ave (SIL50),09/03/2014 09:00:00,TURKEYR,PHOSP-PHOSP,Phosphate-phosphorus (AS P),Total,,0.22,mg/l,True,0.02,,,LAC10-115-01-1D,UHL001,Actual,SW,Water,,,Clayton,07060004,River/Stream,,43.017,-91.469
6,11220014,Silver Creek at 172nd St. (Site SC04/SiCr1),09/03/2014 09:20:00,TURKEYR,PHOSP-PHOSP,Phosphate-phosphorus (AS P),Total,,0.92,mg/l,True,0.05,,,LAC10-115-01-1C,UHL001,Actual,SW,Water,,,Clayton,07060004,River/Stream,,42.973151,-91.441907
6,12220016,Bluebell Creek-Millville,05/28/2015 08:20:00,AMBBIO,PHOSP-PHOSP,Phosphate-phosphorus (AS P),Total,,0.15,mg/l,True,0.02,,,LAC10-115-01-1D,UHL001,Actual,SW,Water,,,Clayton,07060004,River/Stream,,42.68761645,-91.03553088
6,14000049,Mossy Glen Creek - Edgewood-Mossy Glen Preserve,07/20/2015 09:10:00,AMBBIO,PHOSP-PHOSP,Phosphate-phosphorus (AS P),Total,,0.13,mg/l,True,0.02,,,LAC10-115-01-1D,UHL001,Actual,SW,Water,,,Clayton,07060004,River/Stream,,42.7085,-91.426101
6,12220006,Silver Creek Gunder,08/02/2000 00:00:00,LEGACYAMBBIO,PHOSP-PHOSP,Phosphate-phosphorus (AS P),Total,,0.8,mg/l,True,0.1,,,LAC10-115-01-1C,UHL001,Actual,SW,Water,,,Clayton,07060004,River/Stream,,42.9871,-91.45264
6,12220003,Roberts Creek St Olaf,07/31/2000 00:00:00,LEGACYAMBBIO,PHOSP-PHOSP,Phosphate-phosphorus (AS P),Total,,0.1,mg/l,True,0.1,,,LAC10-115-01-1C,UHL001,Actual,SW,Water,,,Clayton,07060004,River/Stream,,42.9168,-91.38848
6,12220004,Roberts Creek Farmersburg,08/01/2000 00:00:00,LEGACYAMBBIO,PHOSP-PHOSP,Phosphate-phosphorus (AS P),Total,,0.1,mg/l,True,0.1,,,LAC10-115-01-1C,UHL001,Actual,SW,Water,,,Clayton,07060004,River/Stream,,42.9514,-91.41017
6,12220002,North Cedar Creek-Public Access Area- Sny Magill,07/25/2000 00:00:00,LEGACYAMBBIO,PHOSP-PHOSP,Phosphate-phosphorus (AS P),Total,,0.1,mg/l,False,0.1,,,LAC10-115-01-1C,UHL001,Actual,SW,Water,,,Clayton,07060003,River/Stream,,42.96248573,-91.22933069
6,12220002,North Cedar Creek-Public Access Area- Sny Magill,08/22/1994 00:00:00,LEGACYAMBBIO,PHOSP-PHOSP,Phosphate-phosphorus (AS P),Total,,0.1,mg/l,False,0.1,,,LAC10-115-01-1C,UHL001,Actual,SW,Water,,,Clayton,07060003,River/Stream,,42.96248573,-91.22933069
6,14000103,Unnamed Tributary to Volga River - Volga (UTVR2),09/21/2015 12:00:00,AMBBIO,PHOSP-PHOSP,Phosphate-phosphorus (AS P),Total,,0.14,mg/l,True,0.02,,,LAC10-115-01-1D,UHL001,Actual,SW,Water,,,Clayton,07060004,River/Stream,,42.836556,-91.562467
6,12220005,Roberts Creek Postville,08/01/2000 00:00:00,LEGACYAMBBIO,PHOSP-PHOSP,Phosphate-phosphorus (AS P),Total,,0.1,mg/l,True,0.1,,,LAC10-115-01-1C,UHL001,Actual,SW,Water,,,Clayton,07060004,River/Stream,,43.02102,-91.51978
6,12220001,Miners Creek-Guttenburg,10/17/2001 00:00:00,LEGACYAMBBIO,PHOSP-PHOSP,Phosphate-phosphorus (AS P),Total,,0.2,mg/l,True,0.1,,,LAC10-115-01-1C,UHL001,Actual,SW,Water,,,Clayton,07060004,River/Stream,,42.788189,-91.125629
6,12220007,Maquoketa River-Strawberry Point-Maq2,09/12/2007 00:00:00,LEGACYAMBBIO,PHOSP-PHOSP,Phosphate-phosphorus (AS P),Total,,0.08,mg/l,True,0.02,,,LAC10-115-01-1C,UHL001,Actual,SW,Water,,,Clayton,07060006,River/Stream,,42.669964,-91.594525
6,12220009,Buck Creek-Garnavillo-BuCr1,09/18/2007 00:00:00,LEGACYAMBBIO,PHOSP-PHOSP,Phosphate-phosphorus (AS P),Total,,0.12,mg/l,True,0.02,,,LAC10-115-01-1C,UHL001,Actual,SW,Water,,,Clayton,07060003,River/Stream,,42.88706,-91.203849
6,12220010,South Cedar Creek-Garnavillo-SoCed1,09/18/2007 00:00:00,LEGACYAMBBIO,PHOSP-PHOSP,Phosphate-phosphorus (AS P),Total,,0.19,mg/l,True,0.02,,,LAC10-115-01-1C,UHL001,Actual,SW,Water,,,Clayton,07060004,River/Stream,,42.8298658,-91.2442284
6,12220008,Brownfield Creek-Colesburg-BroCr1,09/18/2007 00:00:00,LEGACYAMBBIO,PHOSP-PHOSP,Phosphate-phosphorus (AS P),Total,,0.09,mg/l,True,0.02,,,LAC10-115-01-1C,UHL001,Actual,SW,Water,,,Clayton,07060004,River/Stream,,42.656774,-91.24807
6,12220014,Doe Creek-Littleport,07/30/2013 08:45:00,AMBBIO,PHOSP-PHOSP,Phosphate-phosphorus (AS P),Total,,0.13,mg/l,True,0.02,,,LAC10-115-01-1D,UHL001,Actual,SW,Water,,,Clayton,07060004,River/Stream,,42.72758663,-91.36722113
6,12220016,Bluebell Creek-Millville,06/10/2013 12:30:00,AMBBIO,PHOSP-PHOSP,Phosphate-phosphorus (AS P),Total,,0.09,mg/l,True,0.02,,,LAC10-115-01-1D,UHL001,Actual,SW,Water,,,Clayton,07060004,River/Stream,,42.68761645,-91.03553088
6,12220013,Honey Creek-Littleport-HW60,07/30/2013 13:15:00,AMBBIO,PHOSP-PHOSP,Phosphate-phosphorus (AS P),Total,,0.07,mg/l,True,0.02,,,LAC10-115-01-1D,UHL001,Actual,SW,Water,,,Clayton,07060004,River/Stream,,42.72517921,-91.44927689
6,12220011,Buck Creek-Garnavillo (S.E. near Ceres),08/05/2013 12:30:00,AMBBIO,PHOSP-PHOSP,Phosphate-phosphorus (AS P),Total,,0.12,mg/l,True,0.02,,,LAC10-115-01-1D,UHL001,Actual,SW,Water,,,Clayton,07060003,River/Stream,,42.8418987,-91.1678821
6,12220015,Wolf Creek-Volga,09/17/2013 07:45:00,AMBBIO,PHOSP-PHOSP,Phosphate-phosphorus (AS P),Total,,0.05,mg/l,True,0.02,,,LAC10-115-01-1D,UHL001,Actual,SW,Water,,,Clayton,07060004,River/Stream,,42.816033,-91.525647
6,12220012,Cox Creek (aka Alderson Hollow)-Strawberry Point,09/17/2013 12:00:00,AMBBIO,PHOSP-PHOSP,Phosphate-phosphorus (AS P),Total,,0.07,mg/l,True,0.02,,,LAC10-115-01-1D,UHL001,Actual,SW,Water,,,Clayton,07060004,River/Stream,,42.7045269,-91.5006885
6,12220016,Bluebell Creek-Millville,05/27/2014 09:25:00,AMBBIO,PHOSP-PHOSP,Phosphate-phosphorus (AS P),Total,,0.09,mg/l,True,0.02,,,LAC10-115-01-1D,UHL001,Actual,SW,Water,,,Clayton,07060004,River/Stream,,42.68761645,-91.03553088
6,14000104,Unnamed Tributary to Volga River - Volga (UTVR1),07/22/2014 07:45:00,AMBBIO,PHOSP-PHOSP,Phosphate-phosphorus (AS P),Total,,0.08,mg/l,True,0.02,,,LAC10-115-01-1D,UHL001,Actual,SW,Water,,,Clayton,07060004,River/Stream,,42.814928,-91.580019
6,11220014,Silver Creek at 172nd St. (Site SC04/SiCr1),08/14/2014 11:10:00,AMBBIO,PHOSP-PHOSP,Phosphate-phosphorus (AS P),Total,,0.16,mg/l,True,0.02,,,LAC10-115-01-1D,UHL001,Actual,SW,Water,,,Clayton,07060004,River/Stream,,42.973151,-91.441907
6,12220002,North Cedar Creek-Public Access Area- Sny Magill,08/05/2014 08:25:00,AMBBIO,PHOSP-PHOSP,Phosphate-phosphorus (AS P),Total,,0.08,mg/l,True,0.02,,,LAC10-115-01-1D,UHL001,Actual,SW,Water,,,Clayton,07060003,River/Stream,,42.96248573,-91.22933069
6,14000097,Unnamed Tributary to Turkey River - Elgin (Site 6),09/24/2014 08:15:00,AMBBIO,PHOSP-PHOSP,Phosphate-phosphorus (AS P),Total,,0.09,mg/l,True,0.02,,,LAC10-115-01-1D,UHL001,Actual,SW,Water,,,Clayton,07060004,River/Stream,,42.987802,-91.564454
6,14000133,Silver Creek near Luana,08/14/2014 08:35:00,AMBBIO,PHOSP-PHOSP,Phosphate-phosphorus (AS P),Total,,0.12,mg/l,True,0.02,,,LAC10-115-01-1D,UHL001,Actual,SW,Water,,,Clayton,07060004,River/Stream,,43.00276,-91.45235
6,12220013,Honey Creek-Littleport-HW60,07/23/2012 14:40:00,AMBBIO,PHOSP-PHOSP,Phosphate-phosphorus (AS P),Total,,0.07,mg/l,True,0.02,,,LAC10-115-01-1D,UHL001,Actual,SW,Water,,,Clayton,07060004,River/Stream,,42.72517921,-91.44927689
6,12220014,Doe Creek-Littleport,07/23/2012 09:00:00,AMBBIO,PHOSP-PHOSP,Phosphate-phosphorus (AS P),Total,,0.13,mg/l,True,0.02,,,LAC10-115-01-1D,UHL001,Actual,SW,Water,,,Clayton,07060004,River/Stream,,42.72758663,-91.36722113
6,12220015,Wolf Creek-Volga,09/10/2012 09:00:00,AMBBIO,PHOSP-PHOSP,Phosphate-phosphorus (AS P),Total,,0.08,mg/l,True,0.02,,,LAC10-115-01-1D,UHL001,Actual,SW,Water,,,Clayton,07060004,River/Stream,,42.816033,-91.525647
6,15220004,Sny Magill Creek Site #1 (SN01),07/28/1998 13:35:00,SNY319,PHOSP-PHOSP,Phosphate-phosphorus (as P),Total,,0.1,mg/l,False,0.1,,,Unknown,SNY001,Actual,SW,Water,,,Clayton,07060003,River/Stream,,42.94880662,-91.18632674
6,15220004,Sny Magill Creek Site #1 (SN01),07/21/1998 13:00:00,SNY319,PHOSP-PHOSP,Phosphate-phosphorus (as P),Total,,0.1,mg/l,False,0.1,,,Unknown,SNY001,Actual,SW,Water,,,Clayton,07060003,River/Stream,,42.94880662,-91.18632674
6,15220004,Sny Magill Creek Site #1 (SN01),06/30/1998 14:00:00,SNY319,PHOSP-PHOSP,Phosphate-phosphorus (as P),Total,,0.1,mg/l,True,0.1,,,Unknown,SNY001,Actual,SW,Water,,,Clayton,07060003,River/Stream,,42.94880662,-91.18632674
6,15220004,Sny Magill Creek Site #1 (SN01),06/23/1998 12:30:00,SNY319,PHOSP-PHOSP,Phosphate-phosphorus (as P),Total,,0.1,mg/l,True,0.1,,,Unknown,SNY001,Actual,SW,Water,,,Clayton,07060003,River/Stream,,42.94880662,-91.18632674
6,15220004,Sny Magill Creek Site #1 (SN01),06/02/1998 13:50:00,SNY319,PHOSP-PHOSP,Phosphate-phosphorus (as P),Total,,0.1,mg/l,False,0.1,,,Unknown,SNY001,Actual,SW,Water,,,Clayton,07060003,River/Stream,,42.94880662,-91.18632674
6,15220004,Sny Magill Creek Site #1 (SN01),05/26/1998 12:55:00,SNY319,PHOSP-PHOSP,Phosphate-phosphorus (as P),Total,,0.1,mg/l,False,0.1,,,Unknown,SNY001,Actual,SW,Water,,,Clayton,07060003,River/Stream,,42.94880662,-91.18632674
6,15220004,Sny Magill Creek Site #1 (SN01),04/28/1998 14:45:00,SNY319,PHOSP-PHOSP,Phosphate-phosphorus (as P),Total,,0.1,mg/l,False,0.1,,,Unknown,SNY001,Actual,SW,Water,,,Clayton,07060003,River/Stream,,42.94880662,-91.18632674
6,15220004,Sny Magill Creek Site #1 (SN01),03/24/1998 12:30:00,SNY319,PHOSP-PHOSP,Phosphate-phosphorus (as P),Total,,0.1,mg/l,False,0.1,,,Unknown,SNY001,Actual,SW,Water,,,Clayton,07060003,River/Stream,,42.94880662,-91.18632674
6,15220004,Sny Magill Creek Site #1 (SN01),03/31/1998 13:55:00,SNY319,PHOSP-PHOSP,Phosphate-phosphorus (as P),Total,,1.9,mg/l,True,0.1,,,Unknown,SNY001,Actual,SW,Water,,,Clayton,07060003,River/Stream,,42.94880662,-91.18632674
6,15220004,Sny Magill Creek Site #1 (SN01),03/03/1998 13:55:00,SNY319,PHOSP-PHOSP,Phosphate-phosphorus (as P),Total,,0.1,mg/l,False,0.1,,,Unknown,SNY001,Actual,SW,Water,,,Clayton,07060003,River/Stream,,42.94880662,-91.18632674
6,15220004,Sny Magill Creek Site #1 (SN01),02/03/1998 12:05:00,SNY319,PHOSP-PHOSP,Phosphate-phosphorus (as P),Total,,0.1,mg/l,False,0.1,,,Unknown,SNY001,Actual,SW,Water,,,Clayton,07060003,River/Stream,,42.94880662,-91.18632674
6,15220004,Sny Magill Creek Site #1 (SN01),02/24/1998 13:10:00,SNY319,PHOSP-PHOSP,Phosphate-phosphorus (as P),Total,,0.1,mg/l,False,0.1,,,Unknown,SNY001,Actual,SW,Water,,,Clayton,07060003,River/Stream,,42.94880662,-91.18632674
6,15220004,Sny Magill Creek Site #1 (SN01),01/27/1998 13:25:00,SNY319,PHOSP-PHOSP,Phosphate-phosphorus (as P),Total,,0.1,mg/l,False,0.1,,,Unknown,SNY001,Actual,SW,Water,,,Clayton,07060003,River/Stream,,42.94880662,-91.18632674
6,15220004,Sny Magill Creek Site #1 (SN01),01/06/1998 12:30:00,SNY319,PHOSP-PHOSP,Phosphate-phosphorus (as P),Total,,0.1,mg/l,False,0.1,,,Unknown,SNY001,Actual,SW,Water,,,Clayton,07060003,River/Stream,,42.94880662,-91.18632674
6,15220004,Sny Magill Creek Site #1 (SN01),12/23/1997 12:35:00,SNY319,PHOSP-PHOSP,Phosphate-phosphorus (as P),Total,,0.1,mg/l,False,0.1,,,Unknown,SNY001,Actual,SW,Water,,,Clayton,07060003,River/Stream,,42.94880662,-91.18632674
6,15220004,Sny Magill Creek Site #1 (SN01),11/25/1997 12:55:00,SNY319,PHOSP-PHOSP,Phosphate-phosphorus (as P),Total,,0.1,mg/l,False,0.1,,,Unknown,SNY001,Actual,SW,Water,,,Clayton,07060003,River/Stream,,42.94880662,-91.18632674
6,15220004,Sny Magill Creek Site #1 (SN01),10/28/1997 10:40:00,SNY319,PHOSP-PHOSP,Phosphate-phosphorus (as P),Total,,0.1,mg/l,False,0.1,,,Unknown,SNY001,Actual,SW,Water,,,Clayton,07060003,River/Stream,,42.94880662,-91.18632674
6,15220004,Sny Magill Creek Site #1 (SN01),10/21/1997 11:35:00,SNY319,PHOSP-PHOSP,Phosphate-phosphorus (as P),Total,,0.1,mg/l,False,0.1,,,Unknown,SNY001,Actual,SW,Water,,,Clayton,07060003,River/Stream,,42.94880662,-91.18632674
6,15220004,Sny Magill Creek Site #1 (SN01),09/30/1997 12:30:00,SNY319,PHOSP-PHOSP,Phosphate-phosphorus (as P),Total,,0.1,mg/l,False,0.1,,,Unknown,SNY001,Actual,SW,Water,,,Clayton,07060003,River/Stream,,42.94880662,-91.18632674
6,15220004,Sny Magill Creek Site #1 (SN01),09/23/1997 12:25:00,SNY319,PHOSP-PHOSP,Phosphate-phosphorus (as P),Total,,0.1,mg/l,True,0.1,,,Unknown,SNY001,Actual,SW,Water,,,Clayton,07060003,River/Stream,,42.94880662,-91.18632674
6,15220004,Sny Magill Creek Site #1 (SN01),09/02/1997 12:15:00,SNY319,PHOSP-PHOSP,Phosphate-phosphorus (as P),Total,,0.1,mg/l,False,0.1,,,Unknown,SNY001,Actual,SW,Water,,,Clayton,07060003,River/Stream,,42.94880662,-91.18632674
6,15220004,Sny Magill Creek Site #1 (SN01),08/26/1997 12:50:00,SNY319,PHOSP-PHOSP,Phosphate-phosphorus (as P),Total,,0.1,mg/l,False,0.1,,,Unknown,SNY001,Actual,SW,Water,,,Clayton,07060003,River/Stream,,42.94880662,-91.18632674
6,15220004,Sny Magill Creek Site #1 (SN01),08/05/1997 12:30:00,SNY319,PHOSP-PHOSP,Phosphate-phosphorus (as P),Total,,0.1,mg/l,False,0.1,,,Unknown,SNY001,Actual,SW,Water,,,Clayton,07060003,River/Stream,,42.94880662,-91.18632674
6,15220004,Sny Magill Creek Site #1 (SN01),07/28/1997 15:05:00,SNY319,PHOSP-PHOSP,Phosphate-phosphorus (as P),Total,,0.2,mg/l,True,0.1,,,Unknown,SNY001,Actual,SW,Water,,,Clayton,07060003,River/Stream,,42.94880662,-91.18632674
6,15220004,Sny Magill Creek Site #1 (SN01),07/01/1997 12:00:00,SNY319,PHOSP-PHOSP,Phosphate-phosphorus (as P),Total,,0.1,mg/l,False,0.1,,,Unknown,SNY001,Actual,SW,Water,,,Clayton,07060003,River/Stream,,42.94880662,-91.18632674
6,15220004,Sny Magill Creek Site #1 (SN01),06/03/1997 13:20:00,SNY319,PHOSP-PHOSP,Phosphate-phosphorus (as P),Total,,0.1,mg/l,False,0.1,,,Unknown,SNY001,Actual,SW,Water,,,Clayton,07060003,River/Stream,,42.94880662,-91.18632674
6,15220004,Sny Magill Creek Site #1 (SN01),05/26/1997 14:40:00,SNY319,PHOSP-PHOSP,Phosphate-phosphorus (as P),Total,,0.1,mg/l,False,0.1,,,Unknown,SNY001,Actual,SW,Water,,,Clayton,07060003,River/Stream,,42.94880662,-91.18632674
6,15220004,Sny Magill Creek Site #1 (SN01),05/06/1997 13:45:00,SNY319,PHOSP-PHOSP,Phosphate-phosphorus (as P),Total,,0.1,mg/l,False,0.1,,,Unknown,SNY001,Actual,SW,Water,,,Clayton,07060003,River/Stream,,42.94880662,-91.18632674
6,15220004,Sny Magill Creek Site #1 (SN01),04/29/1997 13:25:00,SNY319,PHOSP-PHOSP,Phosphate-phosphorus (as P),Total,,0.1,mg/l,False,0.1,,,Unknown,SNY001,Actual,SW,Water,,,Clayton,07060003,River/Stream,,42.94880662,-91.18632674
6,15220004,Sny Magill Creek Site #1 (SN01),04/08/1997 11:15:00,SNY319,PHOSP-PHOSP,Phosphate-phosphorus (as P),Total,,0.1,mg/l,False,0.1,,,Unknown,SNY001,Actual,SW,Water,,,Clayton,07060003,River/Stream,,42.94880662,-91.18632674
6,15220004,Sny Magill Creek Site #1 (SN01),04/01/1997 12:30:00,SNY319,PHOSP-PHOSP,Phosphate-phosphorus (as P),Total,,0.1,mg/l,False,0.1,,,Unknown,SNY001,Actual,SW,Water,,,Clayton,07060003,River/Stream,,42.94880662,-91.18632674
6,15220004,Sny Magill Creek Site #1 (SN01),03/11/1997 12:20:00,SNY319,PHOSP-PHOSP,Phosphate-phosphorus (as P),Total,,0.3,mg/l,True,0.1,,,Unknown,SNY001,Actual,SW,Water,,,Clayton,07060003,River/Stream,,42.94880662,-91.18632674
6,15220004,Sny Magill Creek Site #1 (SN01),03/04/1997 12:50:00,SNY319,PHOSP-PHOSP,Phosphate-phosphorus (as P),Total,,0.1,mg/l,True,0.1,,,Unknown,SNY001,Actual,SW,Water,,,Clayton,07060003,River/Stream,,42.94880662,-91.18632674
6,15220004,Sny Magill Creek Site #1 (SN01),08/15/1995 15:50:00,SNY319,PHOSP-PHOSP,Phosphate-phosphorus (as P),Total,,0.2,mg/l,True,0.1,,,Unknown,SNY001,Actual,SW,Water,,,Clayton,07060003,River/Stream,,42.94880662,-91.18632674
6,15220004,Sny Magill Creek Site #1 (SN01),08/01/1995 13:00:00,SNY319,PHOSP-PHOSP,Phosphate-phosphorus (as P),Total,,0.1,mg/l,False,0.1,,,Unknown,SNY001,Actual,SW,Water,,,Clayton,07060003,River/Stream,,42.94880662,-91.18632674
6,15220004,Sny Magill Creek Site #1 (SN01),08/22/1995 14:30:00,SNY319,PHOSP-PHOSP,Phosphate-phosphorus (as P),Total,,0.1,mg/l,True,0.1,,,Unknown,SNY001,Actual,SW,Water,,,Clayton,07060003,River/Stream,,42.94880662,-91.18632674
6,15220004,Sny Magill Creek Site #1 (SN01),09/12/1995 13:00:00,SNY319,PHOSP-PHOSP,Phosphate-phosphorus (as P),Total,,0.1,mg/l,False,0.1,,,Unknown,SNY001,Actual,SW,Water,,,Clayton,07060003,River/Stream,,42.94880662,-91.18632674
6,15220004,Sny Magill Creek Site #1 (SN01),02/11/1997 15:25:00,SNY319,PHOSP-PHOSP,Phosphate-phosphorus (as P),Total,,0.1,mg/l,False,0.1,,,Unknown,SNY001,Actual,SW,Water,,,Clayton,07060003,River/Stream,,42.94880662,-91.18632674
6,15220004,Sny Magill Creek Site #1 (SN01),02/04/1997 14:50:00,SNY319,PHOSP-PHOSP,Phosphate-phosphorus (as P),Total,,0.1,mg/l,False,0.1,,,Unknown,SNY001,Actual,SW,Water,,,Clayton,07060003,River/Stream,,42.94880662,-91.18632674
6,15220004,Sny Magill Creek Site #1 (SN01),01/07/1997 12:30:00,SNY319,PHOSP-PHOSP,Phosphate-phosphorus (as P),Total,,0.1,mg/l,False,0.1,,,Unknown,SNY001,Actual,SW,Water,,,Clayton,07060003,River/Stream,,42.94880662,-91.18632674
6,15220004,Sny Magill Creek Site #1 (SN01),01/14/1997 14:40:00,SNY319,PHOSP-PHOSP,Phosphate-phosphorus (as P),Total,,0.1,mg/l,False,0.1,,,Unknown,SNY001,Actual,SW,Water,,,Clayton,07060003,River/Stream,,42.94880662,-91.18632674
6,15220004,Sny Magill Creek Site #1 (SN01),12/30/1996 14:00:00,SNY319,PHOSP-PHOSP,Phosphate-phosphorus (as P),Total,,0.1,mg/l,False,0.1,,,Unknown,SNY001,Actual,SW,Water,,,Clayton,07060003,River/Stream,,42.94880662,-91.18632674
6,15220004,Sny Magill Creek Site #1 (SN01),12/23/1996 12:05:00,SNY319,PHOSP-PHOSP,Phosphate-phosphorus (as P),Total,,0.1,mg/l,False,0.1,,,Unknown,SNY001,Actual,SW,Water,,,Clayton,07060003,River/Stream,,42.94880662,-91.18632674
6,15220004,Sny Magill Creek Site #1 (SN01),11/19/1996 12:00:00,SNY319,PHOSP-PHOSP,Phosphate-phosphorus (as P),Total,,0.1,mg/l,False,0.1,,,Unknown,SNY001,Actual,SW,Water,,,Clayton,07060003,River/Stream,,42.94880662,-91.18632674
6,15220004,Sny Magill Creek Site #1 (SN01),12/03/1996 11:50:00,SNY319,PHOSP-PHOSP,Phosphate-phosphorus (as P),Total,,0.1,mg/l,False,0.1,,,Unknown,SNY001,Actual,SW,Water,,,Clayton,07060003,River/Stream,,42.94880662,-91.18632674
6,15220004,Sny Magill Creek Site #1 (SN01),11/26/1996 12:00:00,SNY319,PHOSP-PHOSP,Phosphate-phosphorus (as P),Total,,0.1,mg/l,False,0.1,,,Unknown,SNY001,Actual,SW,Water,,,Clayton,07060003,River/Stream,,42.94880662,-91.18632674
6,15220004,Sny Magill Creek Site #1 (SN01),10/29/1996 14:10:00,SNY319,PHOSP-PHOSP,Phosphate-phosphorus (as P),Total,,0.1,mg/l,False,0.1,,,Unknown,SNY001,Actual,SW,Water,,,Clayton,07060003,River/Stream,,42.94880662,-91.18632674
6,15220004,Sny Magill Creek Site #1 (SN01),10/22/1996 12:30:00,SNY319,PHOSP-PHOSP,Phosphate-phosphorus (as P),Total,,0.1,mg/l,False,0.1,,,Unknown,SNY001,Actual,SW,Water,,,Clayton,07060003,River/Stream,,42.94880662,-91.18632674
6,15220004,Sny Magill Creek Site #1 (SN01),10/01/1996 13:30:00,SNY319,PHOSP-PHOSP,Phosphate-phosphorus (as P),Total,,0.1,mg/l,False,0.1,,,Unknown,SNY001,Actual,SW,Water,,,Clayton,07060003,River/Stream,,42.94880662,-91.18632674
6,11220018,Unnamed Tributary to Silver Creek near Luana (Site SiCr5),08/07/2006 14:00:00,TMDL,PHOSP-PHOSP,Phosphate-phosphorus (as P),Total,,2.1,mg/l,True,0.02,,,365.4,UHL001,Actual,SW,Water,,,Clayton,07060004,River/Stream,,43.042488,-91.441209
6,11220014,Silver Creek at 172nd St. (Site SC04/SiCr1),09/11/2006 17:55:00,TMDL,PHOSP-PHOSP,Phosphate-phosphorus (as P),Total,,4.7,mg/l,True,0.02,,,365.4,UHL001,Actual,SW,Water,,,Clayton,07060004,River/Stream,,42.973151,-91.441907
6,11220012,Peck Creek near Osterdock (Site 326),08/10/2006 13:30:00,TMDL,PHOSP-PHOSP,Phosphate-phosphorus (as P),Total,,0.06,mg/l,True,0.02,,,365.4,UHL001,Actual,SW,Water,,,Clayton,07060004,River/Stream,,42.723821,-91.144286
6,11220014,Silver Creek at 172nd St. (Site SC04/SiCr1),08/07/2006 08:00:00,TMDL,PHOSP-PHOSP,Phosphate-phosphorus (as P),Total,,2.2,mg/l,True,0.05,,,365.4,UHL001,Actual,SW,Water,,,Clayton,07060004,River/Stream,,42.973151,-91.441907
6,11220017,Silver Creek near Luana (Site SiCr4),06/29/2006 08:00:00,TMDL,PHOSP-PHOSP,Phosphate-phosphorus (as P),Total,,0.16,mg/l,True,0.02,,,365.4,UHL001,Actual,SW,Water,,,Clayton,07060004,River/Stream,,43.016854,-91.46942
6,11220014,Silver Creek at 172nd St. (Site SC04/SiCr1),09/20/2006 11:00:00,TMDL,PHOSP-PHOSP,Phosphate-phosphorus (as P),Total,,0.45,mg/l,True,0.02,,,365.4,UHL001,Actual,SW,Water,,,Clayton,07060004,River/Stream,,42.973151,-91.441907
6,11220018,Unnamed Tributary to Silver Creek near Luana (Site SiCr5),09/20/2006 12:15:00,TMDL,PHOSP-PHOSP,Phosphate-phosphorus (as P),Total,,4,mg/l,True,0.02,,,365.4,UHL001,Actual,SW,Water,,,Clayton,07060004,River/Stream,,43.042488,-91.441209
6,11220014,Silver Creek at 172nd St. (Site SC04/SiCr1),09/06/2006 10:35:00,TMDL,PHOSP-PHOSP,Phosphate-phosphorus (as P),Total,,0.6,mg/l,True,0.05,,,365.4,UHL001,Actual,SW,Water,,,Clayton,07060004,River/Stream,,42.973151,-91.441907
6,11220018,Unnamed Tributary to Silver Creek near Luana (Site SiCr5),09/06/2006 14:05:00,TMDL,PHOSP-PHOSP,Phosphate-phosphorus (as P),Total,,8.1,mg/l,True,0.05,,,365.4,UHL001,Actual,SW,Water,,,Clayton,07060004,River/Stream,,43.042488,-91.441209
6,11220017,Silver Creek near Luana (Site SiCr4),01/08/2007 11:05:00,TMDL,PHOSP-PHOSP,Phosphate-phosphorus (as P),Total,,0.05,mg/l,True,0.02,,,365.4,UHL001,Actual,SW,Water,,,Clayton,07060004,River/Stream,,43.016854,-91.46942
6,11220014,Silver Creek at 172nd St. (Site SC04/SiCr1),02/14/2007 09:30:00,TMDL,PHOSP-PHOSP,Phosphate-phosphorus (as P),Total,,0.29,mg/l,True,0.02,,,365.4,UHL001,Actual,SW,Water,,,Clayton,07060004,River/Stream,,42.973151,-91.441907
6,11220018,Unnamed Tributary to Silver Creek near Luana (Site SiCr5),02/14/2007 10:30:00,TMDL,PHOSP-PHOSP,Phosphate-phosphorus (as P),Total,,3.9,mg/l,True,0.05,,,365.4,UHL001,Actual,SW,Water,,,Clayton,07060004,River/Stream,,43.042488,-91.441209
6,11220017,Silver Creek near Luana (Site SiCr4),03/07/2007 11:00:00,TMDL,PHOSP-PHOSP,Phosphate-phosphorus (as P),Total,,0.08,mg/l,True,0.02,,,365.4,UHL001,Actual,SW,Water,,,Clayton,07060004,River/Stream,,43.016854,-91.46942
6,11220018,Unnamed Tributary to Silver Creek near Luana (Site SiCr5),03/21/2007 10:30:00,TMDL,PHOSP-PHOSP,Phosphate-phosphorus (as P),Total,,1.9,mg/l,True,0.05,,,365.4,UHL001,Actual,SW,Water,,,Clayton,07060004,River/Stream,,43.042488,-91.441209
6,11220018,Unnamed Tributary to Silver Creek near Luana (Site SiCr5),03/07/2007 10:30:00,TMDL,PHOSP-PHOSP,Phosphate-phosphorus (as P),Total,,6,mg/l,True,0.05,,,365.4,UHL001,Actual,SW,Water,,,Clayton,07060004,River/Stream,,43.042488,-91.441209
6,11220014,Silver Creek at 172nd St. (Site SC04/SiCr1),03/21/2007 11:20:00,TMDL,PHOSP-PHOSP,Phosphate-phosphorus (as P),Total,,0.76,mg/l,True,0.05,,,365.4,UHL001,Actual,SW,Water,,,Clayton,07060004,River/Stream,,42.973151,-91.441907
6,11220017,Silver Creek near Luana (Site SiCr4),04/03/2007 09:45:00,TMDL,PHOSP-PHOSP,Phosphate-phosphorus (as P),Total,,0.99,mg/l,True,0.05,,,365.4,UHL001,Actual,SW,Water,,,Clayton,07060004,River/Stream,,43.016854,-91.46942
6,11220018,Unnamed Tributary to Silver Creek near Luana (Site SiCr5),04/17/2007 10:30:00,TMDL,PHOSP-PHOSP,Phosphate-phosphorus (as P),Total,,1.3,mg/l,True,0.05,,,365.4,UHL001,Actual,SW,Water,,,Clayton,07060004,River/Stream,,43.042488,-91.441209
6,11220014,Silver Creek at 172nd St. (Site SC04/SiCr1),04/17/2007 11:30:00,TMDL,PHOSP-PHOSP,Phosphate-phosphorus (as P),Total,,0.38,mg/l,True,0.02,,,365.4,UHL001,Actual,SW,Water,,,Clayton,07060004,River/Stream,,42.973151,-91.441907
6,11220017,Silver Creek near Luana (Site SiCr4),06/07/2007 11:05:00,TMDL,PHOSP-PHOSP,Phosphate-phosphorus (as P),Total,,0.08,mg/l,True,0.02,,,365.4,UHL001,Actual,SW,Water,,,Clayton,07060004,River/Stream,,43.016854,-91.46942
6,11220017,Silver Creek near Luana (Site SiCr4),06/20/2007 11:05:00,TMDL,PHOSP-PHOSP,Phosphate-phosphorus (as P),Total,,0.05,mg/l,True,0.02,,,365.4,UHL001,Actual,SW,Water,,,Clayton,07060004,River/Stream,,43.016854,-91.46942
6,11220014,Silver Creek at 172nd St. (Site SC04/SiCr1),09/24/2007 09:40:00,TMDL,PHOSP-PHOSP,Phosphate-phosphorus (as P),Total,,0.33,mg/l,True,0.02,,,365.4,UHL001,Actual,SW,Water,,,Clayton,07060004,River/Stream,,42.973151,-91.441907
6,11220020,Unnamed Trib to Silver Creek at 125th St. (SC08),07/16/2008 10:30:00,TMDL,PHOSP-PHOSP,Phosphate-phosphorus (as P),Total,,0.28,mg/l,True,0.02,,,365.4,UHL001,Actual,SW,Water,,,Clayton,07060004,River/Stream,,43.044508,-91.408351
6,11220014,Silver Creek at 172nd St. (Site SC04/SiCr1),07/16/2008 11:50:00,TMDL,PHOSP-PHOSP,Phosphate-phosphorus (as P),Total,,0.75,mg/l,True,0.05,,,365.4,UHL001,Actual,SW,Water,,,Clayton,07060004,River/Stream,,42.973151,-91.441907
6,11220018,Unnamed Tributary to Silver Creek near Luana (Site SiCr5),07/16/2008 11:25:00,TMDL,PHOSP-PHOSP,Phosphate-phosphorus (as P),Total,,1.1,mg/l,True,0.05,,,365.4,UHL001,Actual,SW,Water,,,Clayton,07060004,River/Stream,,43.042488,-91.441209
6,11220014,Silver Creek at 172nd St. (Site SC04/SiCr1),07/31/2008 09:05:00,TMDL,PHOSP-PHOSP,Phosphate-phosphorus (as P),Total,,0.28,mg/l,True,0.02,,,365.4,UHL001,Actual,SW,Water,,,Clayton,07060004,River/Stream,,42.973151,-91.441907
6,11220020,Unnamed Trib to Silver Creek at 125th St. (SC08),07/31/2008 12:15:00,TMDL,PHOSP-PHOSP,Phosphate-phosphorus (as P),Total,,0.85,mg/l,True,0.05,,,365.4,UHL001,Actual,SW,Water,,,Clayton,07060004,River/Stream,,43.044508,-91.408351
6,11220020,Unnamed Trib to Silver Creek at 125th St. (SC08),08/11/2008 10:45:00,TMDL,PHOSP-PHOSP,Phosphate-phosphorus (as P),Total,,2.2,mg/l,True,0.05,,,365.4,UHL001,Actual,SW,Water,,,Clayton,07060004,River/Stream,,43.044508,-91.408351
6,11220021,Creamery Effluent at Highway 52 near Luana,08/11/2008 10:20:00,TMDL,PHOSP-PHOSP,Phosphate-phosphorus (as P),Total,,4.2,mg/l,True,0.05,,,365.4,UHL001,Actual,SW,Water,,,Clayton,07060004,River/Stream,,43.051165,-91.439633
6,11220014,Silver Creek at 172nd St. (Site SC04/SiCr1),08/11/2008 09:30:00,TMDL,PHOSP-PHOSP,Phosphate-phosphorus (as P),Total,,2.5,mg/l,True,0.05,,,365.4,UHL001,Actual,SW,Water,,,Clayton,07060004,River/Stream,,42.973151,-91.441907
6,11220014,Silver Creek at 172nd St. (Site SC04/SiCr1),08/27/2008 09:00:00,TMDL,PHOSP-PHOSP,Phosphate-phosphorus (as P),Total,,4.8,mg/l,True,0.05,,,365.4,UHL001,Actual,SW,Water,,,Clayton,07060004,River/Stream,,42.973151,-91.441907
6,11220021,Creamery Effluent at Highway 52 near Luana,08/27/2008 10:30:00,TMDL,PHOSP-PHOSP,Phosphate-phosphorus (as P),Total,,4.1,mg/l,True,0.05,,,365.4,UHL001,Actual,SW,Water,,,Clayton,07060004,River/Stream,,43.051165,-91.439633
6,11220020,Unnamed Trib to Silver Creek at 125th St. (SC08),08/27/2008 11:10:00,TMDL,PHOSP-PHOSP,Phosphate-phosphorus (as P),Total,,0.73,mg/l,True,0.05,,,365.4,UHL001,Actual,SW,Water,,,Clayton,07060004,River/Stream,,43.044508,-91.408351
6,11220020,Unnamed Trib to Silver Creek at 125th St. (SC08),09/11/2008 11:50:00,TMDL,PHOSP-PHOSP,Phosphate-phosphorus (as P),Total,,0.46,mg/l,True,0.02,,,365.4,UHL001,Actual,SW,Water,,,Clayton,07060004,River/Stream,,43.044508,-91.408351
6,11220014,Silver Creek at 172nd St. (Site SC04/SiCr1),09/11/2008 10:00:00,TMDL,PHOSP-PHOSP,Phosphate-phosphorus (as P),Total,,3.4,mg/l,True,0.05,,,365.4,UHL001,Actual,SW,Water,,,Clayton,07060004,River/Stream,,42.973151,-91.441907
6,11220018,Unnamed Tributary to Silver Creek near Luana (Site SiCr5),09/24/2008 11:50:00,TMDL,PHOSP-PHOSP,Phosphate-phosphorus (as P),Total,,3.7,mg/l,True,0.05,,,365.4,UHL001,Actual,SW,Water,,,Clayton,07060004,River/Stream,,43.042488,-91.441209
6,11220021,Creamery Effluent at Highway 52 near Luana,09/24/2008 12:30:00,TMDL,PHOSP-PHOSP,Phosphate-phosphorus (as P),Total,,3.8,mg/l,True,0.05,,,365.4,UHL001,Actual,SW,Water,,,Clayton,07060004,River/Stream,,43.051165,-91.439633
6,11220023,Peck Creek at Osterdock (site pecr3),08/08/2011 10:00:00,TMDL,PHOSP-PHOSP,Phosphate-phosphorus (as P),Total,,0.08,mg/l,True,0.02,,,365.4,UHL001,Actual,SW,Water,,,Clayton,07060004,River/Stream,,42.695322,-91.166768
6,11220013,Peck Creek near Osterdock (Site PeC2),07/25/2011 10:10:00,TMDL,PHOSP-PHOSP,Phosphate-phosphorus (as P),Total,,0.07,mg/l,True,0.02,,,365.4,UHL001,Actual,SW,Water,,,Clayton,07060004,River/Stream,,42.714055,-91.153443
6,11220013,Peck Creek near Osterdock (Site PeC2),09/07/2011 08:10:00,TMDL,PHOSP-PHOSP,Phosphate-phosphorus (as P),Total,,0.07,mg/l,True,0.02,,,365.4,UHL001,Actual,SW,Water,,,Clayton,07060004,River/Stream,,42.714055,-91.153443
6,11220023,Peck Creek at Osterdock (site pecr3),08/24/2011 09:00:00,TMDL,PHOSP-PHOSP,Phosphate-phosphorus (as P),Total,,0.19,mg/l,True,0.02,,,365.4,UHL001,Actual,SW,Water,,,Clayton,07060004,River/Stream,,42.695322,-91.166768
6,11220013,Peck Creek near Osterdock (Site PeC2),09/22/2011 10:30:00,TMDL,PHOSP-PHOSP,Phosphate-phosphorus (as P),Total,,0.07,mg/l,True,0.02,,,365.4,UHL001,Actual,SW,Water,,,Clayton,07060004,River/Stream,,42.714055,-91.153443
6,11220013,Peck Creek near Osterdock (Site PeC2),10/11/2011 12:20:00,TMDL,PHOSP-PHOSP,Phosphate-phosphorus (as P),Total,,0.07,mg/l,True,0.02,,,365.4,UHL001,Actual,SW,Water,,,Clayton,07060004,River/Stream,,42.714055,-91.153443
6,11220023,Peck Creek at Osterdock (site pecr3),10/11/2011 09:30:00,TMDL,PHOSP-PHOSP,Phosphate-phosphorus (as P),Total,,0.07,mg/l,True,0.02,,,365.4,UHL001,Actual,SW,Water,,,Clayton,07060004,River/Stream,,42.695322,-91.166768
6,11220023,Peck Creek at Osterdock (site pecr3),10/24/2011 09:15:00,TMDL,PHOSP-PHOSP,Phosphate-phosphorus (as P),Total,,0.04,mg/l,True,0.02,,,365.4,UHL001,Actual,SW,Water,,,Clayton,07060004,River/Stream,,42.695322,-91.166768
6,11220014,Silver Creek at 172nd St. (Site SC04/SiCr1),07/06/2011 12:20:00,TURKEYR,PHOSP-PHOSP,Phosphate-phosphorus (as P),Total,,0.38,mg/l,True,0.02,,,365.4,IGS-GRAB,Actual,SW,Water,,,Clayton,07060004,River/Stream,,42.973151,-91.441907
6,11220012,Peck Creek near Osterdock (Site 326),08/03/2011 11:30:00,TURKEYR,PHOSP-PHOSP,Phosphate-phosphorus (as P),Total,,0.08,mg/l,True,0.02,,,365.4,IGS-GRAB,Actual,SW,Water,,,Clayton,07060004,River/Stream,,42.723821,-91.144286
6,11220014,Silver Creek at 172nd St. (Site SC04/SiCr1),08/03/2011 07:30:00,TURKEYR,PHOSP-PHOSP,Phosphate-phosphorus (as P),Total,,0.45,mg/l,True,0.02,,,365.4,IGS-GRAB,Actual,SW,Water,,,Clayton,07060004,River/Stream,,42.973151,-91.441907
6,11220014,Silver Creek at 172nd St. (Site SC04/SiCr1),10/05/2011 09:09:00,TURKEYR,PHOSP-PHOSP,Phosphate-phosphorus (as P),Total,,0.24,mg/l,True,0.02,,,365.4,IGS-GRAB,Actual,SW,Water,,,Clayton,07060004,River/Stream,,42.973151,-91.441907
6,11220012,Peck Creek near Osterdock (Site 326),09/07/2011 11:25:00,TURKEYR,PHOSP-PHOSP,Phosphate-phosphorus (as P),Total,,0.07,mg/l,True,0.02,,,365.4,IGS-GRAB,Actual,SW,Water,,,Clayton,07060004,River/Stream,,42.723821,-91.144286
6,11220012,Peck Creek near Osterdock (Site 326),11/02/2011 12:50:00,TURKEYR,PHOSP-PHOSP,Phosphate-phosphorus (as P),Total,,0.06,mg/l,True,0.02,,,365.4,IGS-GRAB,Actual,SW,Water,,,Clayton,07060004,River/Stream,,42.723821,-91.144286
6,12220002,North Cedar Creek-Public Access Area- Sny Magill,07/11/2011 13:50:00,AMBBIO,PHOSP-PHOSP,Phosphate-phosphorus (as P),Total,,0.1,mg/l,True,0.02,,,LAC10-115-01-1D,UHL001,Actual,SW,Water,,,Clayton,07060003,River/Stream,,42.96248573,-91.22933069
6,12220010,South Cedar Creek-Garnavillo-SoCed1,07/11/2011 09:40:00,AMBBIO,PHOSP-PHOSP,Phosphate-phosphorus (as P),Total,,0.07,mg/l,True,0.02,,,LAC10-115-01-1D,UHL001,Actual,SW,Water,,,Clayton,07060004,River/Stream,,42.8298658,-91.2442284
6,12220011,Buck Creek-Garnavillo (S.E. near Ceres),07/14/2011 11:30:00,AMBBIO,PHOSP-PHOSP,Phosphate-phosphorus (as P),Total,,0.06,mg/l,True,0.02,,,LAC10-115-01-1D,UHL001,Actual,SW,Water,,,Clayton,07060003,River/Stream,,42.8418987,-91.1678821
6,11220023,Peck Creek at Osterdock (site pecr3),04/27/2011 12:20:00,TMDL,PHOSP-PHOSP,Phosphate-phosphorus (as P),Total,,0.14,mg/l,True,0.02,,,365.4,UHL001,Actual,SW,Water,,,Clayton,07060004,River/Stream,,42.695322,-91.166768
6,11220013,Peck Creek near Osterdock (Site PeC2),04/19/2011 18:14:00,TMDL,PHOSP-PHOSP,Phosphate-phosphorus (as P),Total,,1.3,mg/l,True,0.05,,,365.4,UHL002,Actual,SW,Water,,,Clayton,07060004,River/Stream,,42.714055,-91.153443
6,11220013,Peck Creek near Osterdock (Site PeC2),04/20/2011 05:14:00,TMDL,PHOSP-PHOSP,Phosphate-phosphorus (as P),Total,,0.63,mg/l,True,0.05,,,365.4,UHL002,Actual,SW,Water,,,Clayton,07060004,River/Stream,,42.714055,-91.153443
6,11220023,Peck Creek at Osterdock (site pecr3),06/22/2011 09:45:00,TMDL,PHOSP-PHOSP,Phosphate-phosphorus (as P),Total,,0.06,mg/l,True,0.02,,,365.4,UHL001,Actual,SW,Water,,,Clayton,07060004,River/Stream,,42.695322,-91.166768
6,11220013,Peck Creek near Osterdock (Site PeC2),07/11/2011 13:10:00,TMDL,PHOSP-PHOSP,Phosphate-phosphorus (as P),Total,,0.12,mg/l,True,0.02,,,365.4,UHL001,Actual,SW,Water,,,Clayton,07060004,River/Stream,,42.714055,-91.153443
6,11220023,Peck Creek at Osterdock (site pecr3),05/26/2011 08:10:00,TMDL,PHOSP-PHOSP,Phosphate-phosphorus (as P),Total,,0.07,mg/l,True,0.02,,,365.4,UHL001,Actual,SW,Water,,,Clayton,07060004,River/Stream,,42.695322,-91.166768
6,11220013,Peck Creek near Osterdock (Site PeC2),05/09/2011 09:30:00,TMDL,PHOSP-PHOSP,Phosphate-phosphorus (as P),Total,,0.03,mg/l,True,0.02,,,365.4,UHL001,Actual,SW,Water,,,Clayton,07060004,River/Stream,,42.714055,-91.153443
6,11220020,Unnamed Trib to Silver Creek at 125th St. (SC08),09/24/2008 13:55:00,TMDL,PHOSP-PHOSP,Phosphate-phosphorus (as P),Total,,0.43,mg/l,True,0.02,,,365.4,UHL001,Actual,SW,Water,,,Clayton,07060004,River/Stream,,43.044508,-91.408351
6,11220018,Unnamed Tributary to Silver Creek near Luana (Site SiCr5),07/31/2008 10:10:00,TMDL,PHOSP-PHOSP,Phosphate-phosphorus (as P),Total,,3.1,mg/l,True,0.05,,,365.4,UHL001,Actual,SW,Water,,,Clayton,07060004,River/Stream,,43.042488,-91.441209
6,11220018,Unnamed Tributary to Silver Creek near Luana (Site SiCr5),10/07/2008 10:00:00,TMDL,PHOSP-PHOSP,Phosphate-phosphorus (as P),Total,,4.6,mg/l,True,0.02,,,365.4,UHL001,Actual,SW,Water,,,Clayton,07060004,River/Stream,,43.042488,-91.441209
6,11220021,Creamery Effluent at Highway 52 near Luana,10/07/2008 10:30:00,TMDL,PHOSP-PHOSP,Phosphate-phosphorus (as P),Total,,3.6,mg/l,True,0.02,,,365.4,UHL001,Actual,SW,Water,,,Clayton,07060004,River/Stream,,43.051165,-91.439633
6,11220014,Silver Creek at 172nd St. (Site SC04/SiCr1),10/07/2008 09:20:00,TMDL,PHOSP-PHOSP,Phosphate-phosphorus (as P),Total,,5,mg/l,True,0.02,,,365.4,UHL001,Actual,SW,Water,,,Clayton,07060004,River/Stream,,42.973151,-91.441907
6,11220023,Peck Creek at Osterdock (site pecr3),03/30/2011 09:20:00,TMDL,PHOSP-PHOSP,Phosphate-phosphorus (as P),Total,,0.08,mg/l,True,0.02,,,365.4,UHL001,Actual,SW,Water,,,Clayton,07060004,River/Stream,,42.695322,-91.166768
6,11220023,Peck Creek at Osterdock (site pecr3),04/14/2011 09:40:00,TMDL,PHOSP-PHOSP,Phosphate-phosphorus (as P),Total,,0.03,mg/l,True,0.02,,,365.4,UHL001,Actual,SW,Water,,,Clayton,07060004,River/Stream,,42.695322,-91.166768
6,15220004,Sny Magill Creek Site #1 (SN01),03/30/1999 13:30:00,SNY319,PHOSP-PHOSP,Phosphate-phosphorus (as P),Total,,0.1,mg/l,False,0.1,,,Unknown,SNY001,Actual,SW,Water,,,Clayton,07060003,River/Stream,,42.94880662,-91.18632674
6,15220004,Sny Magill Creek Site #1 (SN01),03/23/1999 11:50:00,SNY319,PHOSP-PHOSP,Phosphate-phosphorus (as P),Total,,0.2,mg/l,True,0.1,,,Unknown,SNY001,Actual,SW,Water,,,Clayton,07060003,River/Stream,,42.94880662,-91.18632674
6,15220004,Sny Magill Creek Site #1 (SN01),05/04/1999 11:30:00,SNY319,PHOSP-PHOSP,Phosphate-phosphorus (as P),Total,,0.1,mg/l,False,0.1,,,Unknown,SNY001,Actual,SW,Water,,,Clayton,07060003,River/Stream,,42.94880662,-91.18632674
6,15220004,Sny Magill Creek Site #1 (SN01),04/27/1999 13:05:00,SNY319,PHOSP-PHOSP,Phosphate-phosphorus (as P),Total,,0.1,mg/l,False,0.1,,,Unknown,SNY001,Actual,SW,Water,,,Clayton,07060003,River/Stream,,42.94880662,-91.18632674
6,15220004,Sny Magill Creek Site #1 (SN01),02/23/1999 13:00:00,SNY319,PHOSP-PHOSP,Phosphate-phosphorus (as P),Total,,0.1,mg/l,False,0.1,,,Unknown,SNY001,Actual,SW,Water,,,Clayton,07060003,River/Stream,,42.94880662,-91.18632674
6,15220004,Sny Magill Creek Site #1 (SN01),02/16/1999 11:50:00,SNY319,PHOSP-PHOSP,Phosphate-phosphorus (as P),Total,,0.1,mg/l,False,0.1,,,Unknown,SNY001,Actual,SW,Water,,,Clayton,07060003,River/Stream,,42.94880662,-91.18632674
6,15220004,Sny Magill Creek Site #1 (SN01),02/09/1999 12:20:00,SNY319,PHOSP-PHOSP,Phosphate-phosphorus (as P),Total,,0.2,mg/l,True,0.1,,,Unknown,SNY001,Actual,SW,Water,,,Clayton,07060003,River/Stream,,42.94880662,-91.18632674
6,15220004,Sny Magill Creek Site #1 (SN01),01/12/1999 12:55:00,SNY319,PHOSP-PHOSP,Phosphate-phosphorus (as P),Total,,0.1,mg/l,False,0.1,,,Unknown,SNY001,Actual,SW,Water,,,Clayton,07060003,River/Stream,,42.94880662,-91.18632674
6,15220004,Sny Magill Creek Site #1 (SN01),07/20/1999 12:15:00,SNY319,PHOSP-PHOSP,Phosphate-phosphorus (as P),Total,,0.2,mg/l,True,0.1,,,Unknown,SNY001,Actual,SW,Water,,,Clayton,07060003,River/Stream,,42.94880662,-91.18632674
6,15220004,Sny Magill Creek Site #1 (SN01),08/10/1999 12:15:00,SNY319,PHOSP-PHOSP,Phosphate-phosphorus (as P),Total,,0.1,mg/l,False,0.1,,,Unknown,SNY001,Actual,SW,Water,,,Clayton,07060003,River/Stream,,42.94880662,-91.18632674
6,15220004,Sny Magill Creek Site #1 (SN01),08/31/1999 13:45:00,SNY319,PHOSP-PHOSP,Phosphate-phosphorus (as P),Total,,0.1,mg/l,False,0.1,,,Unknown,SNY001,Actual,SW,Water,,,Clayton,07060003,River/Stream,,42.94880662,-91.18632674
6,15220004,Sny Magill Creek Site #1 (SN01),09/07/1999 13:40:00,SNY319,PHOSP-PHOSP,Phosphate-phosphorus (as P),Total,,0.1,mg/l,False,0.1,,,Unknown,SNY001,Actual,SW,Water,,,Clayton,07060003,River/Stream,,42.94880662,-91.18632674
6,15220004,Sny Magill Creek Site #1 (SN01),08/03/1999 12:00:00,SNY319,PHOSP-PHOSP,Phosphate-phosphorus (as P),Total,,0.1,mg/l,False,0.1,,,Unknown,SNY001,Actual,SW,Water,,,Clayton,07060003,River/Stream,,42.94880662,-91.18632674
6,15220004,Sny Magill Creek Site #1 (SN01),07/27/1999 13:45:00,SNY319,PHOSP-PHOSP,Phosphate-phosphorus (as P),Total,,0.2,mg/l,True,0.1,,,Unknown,SNY001,Actual,SW,Water,,,Clayton,07060003,River/Stream,,42.94880662,-91.18632674
6,15220004,Sny Magill Creek Site #1 (SN01),06/22/1999 11:40:00,SNY319,PHOSP-PHOSP,Phosphate-phosphorus (as P),Total,,0.1,mg/l,False,0.1,,,Unknown,SNY001,Actual,SW,Water,,,Clayton,07060003,River/Stream,,42.94880662,-91.18632674
6,15220004,Sny Magill Creek Site #1 (SN01),06/15/1999 12:15:00,SNY319,PHOSP-PHOSP,Phosphate-phosphorus (as P),Total,,0.1,mg/l,False,0.1,,,Unknown,SNY001,Actual,SW,Water,,,Clayton,07060003,River/Stream,,42.94880662,-91.18632674
6,15220004,Sny Magill Creek Site #1 (SN01),06/08/1999 12:20:00,SNY319,PHOSP-PHOSP,Phosphate-phosphorus (as P),Total,,0.1,mg/l,True,0.1,,,Unknown,SNY001,Actual,SW,Water,,,Clayton,07060003,River/Stream,,42.94880662,-91.18632674
6,15220004,Sny Magill Creek Site #1 (SN01),05/11/1999 12:00:00,SNY319,PHOSP-PHOSP,Phosphate-phosphorus (as P),Total,,0.1,mg/l,False,0.1,,,Unknown,SNY001,Actual,SW,Water,,,Clayton,07060003,River/Stream,,42.94880662,-91.18632674
6,15220004,Sny Magill Creek Site #1 (SN01),12/29/1998 14:50:00,SNY319,PHOSP-PHOSP,Phosphate-phosphorus (as P),Total,,0.1,mg/l,False,0.1,,,Unknown,SNY001,Actual,SW,Water,,,Clayton,07060003,River/Stream,,42.94880662,-91.18632674
6,15220004,Sny Magill Creek Site #1 (SN01),12/01/1998 13:40:00,SNY319,PHOSP-PHOSP,Phosphate-phosphorus (as P),Total,,0.1,mg/l,False,0.1,,,Unknown,SNY001,Actual,SW,Water,,,Clayton,07060003,River/Stream,,42.94880662,-91.18632674
6,15220004,Sny Magill Creek Site #1 (SN01),11/24/1998 12:15:00,SNY319,PHOSP-PHOSP,Phosphate-phosphorus (as P),Total,,0.1,mg/l,False,0.1,,,Unknown,SNY001,Actual,SW,Water,,,Clayton,07060003,River/Stream,,42.94880662,-91.18632674
6,15220004,Sny Magill Creek Site #1 (SN01),11/17/1998 13:20:00,SNY319,PHOSP-PHOSP,Phosphate-phosphorus (as P),Total,,0.1,mg/l,False,0.1,,,Unknown,SNY001,Actual,SW,Water,,,Clayton,07060003,River/Stream,,42.94880662,-91.18632674
6,15220004,Sny Magill Creek Site #1 (SN01),10/13/1998 12:10:00,SNY319,PHOSP-PHOSP,Phosphate-phosphorus (as P),Total,,0.1,mg/l,False,0.1,,,Unknown,SNY001,Actual,SW,Water,,,Clayton,07060003,River/Stream,,42.94880662,-91.18632674
6,15220004,Sny Magill Creek Site #1 (SN01),10/20/1998 12:55:00,SNY319,PHOSP-PHOSP,Phosphate-phosphorus (as P),Total,,0.1,mg/l,False,0.1,,,Unknown,SNY001,Actual,SW,Water,,,Clayton,07060003,River/Stream,,42.94880662,-91.18632674
6,15220004,Sny Magill Creek Site #1 (SN01),10/06/1998 12:40:00,SNY319,PHOSP-PHOSP,Phosphate-phosphorus (as P),Total,,0.1,mg/l,True,0.1,,,Unknown,SNY001,Actual,SW,Water,,,Clayton,07060003,River/Stream,,42.94880662,-91.18632674
6,15220004,Sny Magill Creek Site #1 (SN01),09/22/1998 12:30:00,SNY319,PHOSP-PHOSP,Phosphate-phosphorus (as P),Total,,0.1,mg/l,False,0.1,,,Unknown,SNY001,Actual,SW,Water,,,Clayton,07060003,River/Stream,,42.94880662,-91.18632674
6,15220004,Sny Magill Creek Site #1 (SN01),09/15/1998 12:30:00,SNY319,PHOSP-PHOSP,Phosphate-phosphorus (as P),Total,,0.1,mg/l,True,0.1,,,Unknown,SNY001,Actual,SW,Water,,,Clayton,07060003,River/Stream,,42.94880662,-91.18632674
6,15220004,Sny Magill Creek Site #1 (SN01),08/25/1998 13:15:00,SNY319,PHOSP-PHOSP,Phosphate-phosphorus (as P),Total,,0.1,mg/l,False,0.1,,,Unknown,SNY001,Actual,SW,Water,,,Clayton,07060003,River/Stream,,42.94880662,-91.18632674
6,15220004,Sny Magill Creek Site #1 (SN01),08/18/1998 12:35:00,SNY319,PHOSP-PHOSP,Phosphate-phosphorus (as P),Total,,0.3,mg/l,True,0.1,,,Unknown,SNY001,Actual,SW,Water,,,Clayton,07060003,River/Stream,,42.94880662,-91.18632674
6,16220007,Volga River - Site 196,07/11/2006 00:00:00,LEGACYREMAP,PHOSP-PHOSP,Phosphate-phosphorus (AS P),Total,,0.08,mg/l,True,0.02,,,LAC10-115-01-1C,UHL001,Actual,SW,Water,,,Clayton,07060004,River/Stream,,42.754989,-91.363441
6,16220004,Hewitt Creek - Volga # 133,07/01/2013 09:00:00,AMBBIO,PHOSP-PHOSP,Phosphate-phosphorus (AS P),Total,,0.07,mg/l,True,0.02,,,LAC10-115-01-1D,UHL001,Actual,SW,Water,,,Clayton,07060004,River/Stream,,42.756825,-91.563285
6,16220004,Hewitt Creek - Volga # 133,07/16/2013 09:07:00,AMBBIO,PHOSP-PHOSP,Phosphate-phosphorus (AS P),Total,,0.08,mg/l,True,0.02,,,LAC10-115-01-1D,UHL001,Actual,SW,Water,,,Clayton,07060004,River/Stream,,42.756825,-91.563285
6,16220004,Hewitt Creek - Volga # 133,07/30/2013 09:00:00,AMBBIO,PHOSP-PHOSP,Phosphate-phosphorus (AS P),Total,,0.07,mg/l,True,0.02,,,LAC10-115-01-1D,UHL001,Actual,SW,Water,,,Clayton,07060004,River/Stream,,42.756825,-91.563285
6,16220004,Hewitt Creek - Volga # 133,08/14/2013 08:50:00,AMBBIO,PHOSP-PHOSP,Phosphate-phosphorus (AS P),Total,,0.05,mg/l,True,0.02,,,LAC10-115-01-1D,UHL001,Actual,SW,Water,,,Clayton,07060004,River/Stream,,42.756825,-91.563285
6,16220004,Hewitt Creek - Volga # 133,09/09/2013 12:00:00,AMBBIO,PHOSP-PHOSP,Phosphate-phosphorus (AS P),Total,,0.04,mg/l,True,0.02,,,LAC10-115-01-1D,UHL001,Actual,SW,Water,,,Clayton,07060004,River/Stream,,42.756825,-91.563285
6,16220004,Hewitt Creek - Volga # 133,08/29/2013 12:30:00,AMBBIO,PHOSP-PHOSP,Phosphate-phosphorus (AS P),Total,,0.04,mg/l,True,0.02,,,LAC10-115-01-1D,UHL001,Actual,SW,Water,,,Clayton,07060004,River/Stream,,42.756825,-91.563285
6,16220004,Hewitt Creek - Volga # 133,07/21/2014 09:00:00,AMBBIO,PHOSP-PHOSP,Phosphate-phosphorus (AS P),Total,,0.07,mg/l,True,0.02,,,LAC10-115-01-1D,UHL001,Actual,SW,Water,,,Clayton,07060004,River/Stream,,42.756825,-91.563285
6,16220004,Hewitt Creek - Volga # 133,07/08/2014 13:00:00,AMBBIO,PHOSP-PHOSP,Phosphate-phosphorus (AS P),Total,,0.07,mg/l,True,0.02,,,LAC10-115-01-1D,UHL001,Actual,SW,Water,,,Clayton,07060004,River/Stream,,42.756825,-91.563285
6,16220004,Hewitt Creek - Volga # 133,08/04/2014 08:50:00,AMBBIO,PHOSP-PHOSP,Phosphate-phosphorus (AS P),Total,,0.06,mg/l,True,0.02,,,LAC10-115-01-1D,UHL001,Actual,SW,Water,,,Clayton,07060004,River/Stream,,42.756825,-91.563285
6,16220004,Hewitt Creek - Volga # 133,08/18/2014 09:00:00,AMBBIO,PHOSP-PHOSP,Phosphate-phosphorus (AS P),Total,,0.07,mg/l,True,0.02,,,LAC10-115-01-1D,UHL001,Actual,SW,Water,,,Clayton,07060004,River/Stream,,42.756825,-91.563285
6,16220004,Hewitt Creek - Volga # 133,09/02/2014 09:00:00,AMBBIO,PHOSP-PHOSP,Phosphate-phosphorus (AS P),Total,,0.08,mg/l,True,0.02,,,LAC10-115-01-1D,UHL001,Actual,SW,Water,,,Clayton,07060004,River/Stream,,42.756825,-91.563285
6,16220004,Hewitt Creek - Volga # 133,09/15/2014 08:40:00,AMBBIO,PHOSP-PHOSP,Phosphate-phosphorus (AS P),Total,,0.08,mg/l,True,0.02,,,LAC10-115-01-1D,UHL001,Actual,SW,Water,,,Clayton,07060004,River/Stream,,42.756825,-91.563285
6,16220006,North Cedar Creek - Clayton # 159,07/17/2019 09:00:00,AMBBIO,PHOSP-PHOSP,Phosphate-phosphorus (AS P),Total,,0.06,mg/l,True,0.02,,,LAC 10-115-01-1F,UHL001,Actual,SW,Water,,,Clayton,07060003,River/Stream,,42.947107,-91.232895
6,16220001,Roberts Creek,08/01/2017 09:30:00,AMBBIO,PHOSP-PHOSP,Phosphate-phosphorus (AS P),Total,,0.12,mg/l,True,0.1,,,LAC10-115-01-1C,UHL001,Actual,SW,Water,,,Clayton,07060004,River/Stream,,42.963184,-91.461441
6,10220003,Bloody Run Creek Site #1 (BR01),06/13/1995 12:30:00,SNY319,PHOSP-PHOSP,Phosphate-phosphorus (as P),Total,,0.1,mg/l,False,0.1,,,Unknown,SNY001,Actual,SW,Water,,,Clayton,07060001,River/Stream,,43.0404991,-91.2055504
6,10220003,Bloody Run Creek Site #1 (BR01),06/27/1995 13:10:00,SNY319,PHOSP-PHOSP,Phosphate-phosphorus (as P),Total,,0.1,mg/l,False,0.1,,,Unknown,SNY001,Actual,SW,Water,,,Clayton,07060001,River/Stream,,43.0404991,-91.2055504
6,10220003,Bloody Run Creek Site #1 (BR01),07/04/1995 12:15:00,SNY319,PHOSP-PHOSP,Phosphate-phosphorus (as P),Total,,0.1,mg/l,False,0.1,,,Unknown,SNY001,Actual,SW,Water,,,Clayton,07060001,River/Stream,,43.0404991,-91.2055504
6,10220003,Bloody Run Creek Site #1 (BR01),07/25/1995 15:10:00,SNY319,PHOSP-PHOSP,Phosphate-phosphorus (as P),Total,,0.1,mg/l,False,0.1,,,Unknown,SNY001,Actual,SW,Water,,,Clayton,07060001,River/Stream,,43.0404991,-91.2055504
6,10220003,Bloody Run Creek Site #1 (BR01),08/15/1995 14:30:00,SNY319,PHOSP-PHOSP,Phosphate-phosphorus (as P),Total,,0.1,mg/l,True,0.1,,,Unknown,SNY001,Actual,SW,Water,,,Clayton,07060001,River/Stream,,43.0404991,-91.2055504
6,10220003,Bloody Run Creek Site #1 (BR01),03/07/2012 09:00:00,AMBIENT,PHOSP-PHOSP,Phosphate-phosphorus (as P),Total,,0.07,mg/l,True,0.02,,,LAC10-115-01-1D,UHL001,Actual,SW,Water,,,Clayton,07060001,River/Stream,,43.0404991,-91.2055504
6,10220003,Bloody Run Creek Site #1 (BR01),10/07/2014 12:15:00,AMBIENT,PHOSP-PHOSP,Phosphate-phosphorus (AS P),Total,,0.06,mg/l,True,0.02,,,LAC10-115-01-1D,UHL001,Actual,SW,Water,,,Clayton,07060001,River/Stream,,43.0404991,-91.2055504
6,10220003,Bloody Run Creek Site #1 (BR01),11/03/2014 08:30:00,AMBIENT,PHOSP-PHOSP,Phosphate-phosphorus (AS P),Total,,0.03,mg/l,True,0.02,,,LAC10-115-01-1D,UHL001,Actual,SW,Water,,,Clayton,07060001,River/Stream,,43.0404991,-91.2055504
6,11220008,Volga River at Littleport (32),05/13/2003 09:30:00,EVENT,PHOSP-PHOSP,Phosphate-phosphorus (as P),Total,,0.31,mg/l,True,0.05,,,365.4,UHL001,Actual,SW,Water,,,Clayton,07060004,River/Stream,,42.7536427,-91.3691492
6,11220008,Volga River at Littleport (32),07/09/2003 13:30:00,EVENT,PHOSP-PHOSP,Phosphate-phosphorus (as P),Total,,0.73,mg/l,True,0.02,,,365.4,UHL001,Actual,SW,Water,,,Clayton,07060004,River/Stream,,42.7536427,-91.3691492
6,10220003,Bloody Run Creek Site #1 (BR01),03/05/2015 08:40:00,AMBIENT,PHOSP-PHOSP,Phosphate-phosphorus (AS P),Total,,0.09,mg/l,True,0.02,,,LAC10-115-01-1D,UHL001,Actual,SW,Water,,,Clayton,07060001,River/Stream,,43.0404991,-91.2055504
6,10220003,Bloody Run Creek Site #1 (BR01),01/14/2015 09:15:00,AMBIENT,PHOSP-PHOSP,Phosphate-phosphorus (AS P),Total,,0.05,mg/l,True,0.02,,,LAC10-115-01-1D,UHL001,Actual,SW,Water,,,Clayton,07060001,River/Stream,,43.0404991,-91.2055504
6,10220003,Bloody Run Creek Site #1 (BR01),03/04/1997 12:05:00,SNY319,PHOSP-PHOSP,Phosphate-phosphorus (as P),Total,,0.4,mg/l,True,0.1,,,Unknown,SNY001,Actual,SW,Water,,,Clayton,07060001,River/Stream,,43.0404991,-91.2055504
6,10220003,Bloody Run Creek Site #1 (BR01),02/25/1997 12:15:00,SNY319,PHOSP-PHOSP,Phosphate-phosphorus (as P),Total,,0.2,mg/l,True,0.1,,,Unknown,SNY001,Actual,SW,Water,,,Clayton,07060001,River/Stream,,43.0404991,-91.2055504
6,10220003,Bloody Run Creek Site #1 (BR01),01/27/1997 14:30:00,SNY319,PHOSP-PHOSP,Phosphate-phosphorus (as P),Total,,0.1,mg/l,True,0.1,,,Unknown,SNY001,Actual,SW,Water,,,Clayton,07060001,River/Stream,,43.0404991,-91.2055504
6,10220003,Bloody Run Creek Site #1 (BR01),02/04/1997 14:00:00,SNY319,PHOSP-PHOSP,Phosphate-phosphorus (as P),Total,,0.1,mg/l,False,0.1,,,Unknown,SNY001,Actual,SW,Water,,,Clayton,07060001,River/Stream,,43.0404991,-91.2055504
6,10220003,Bloody Run Creek Site #1 (BR01),01/14/1997 13:50:00,SNY319,PHOSP-PHOSP,Phosphate-phosphorus (as P),Total,,0.1,mg/l,False,0.1,,,Unknown,SNY001,Actual,SW,Water,,,Clayton,07060001,River/Stream,,43.0404991,-91.2055504
6,10220003,Bloody Run Creek Site #1 (BR01),01/07/1997 10:00:00,SNY319,PHOSP-PHOSP,Phosphate-phosphorus (as P),Total,,0.2,mg/l,True,0.1,,,Unknown,SNY001,Actual,SW,Water,,,Clayton,07060001,River/Stream,,43.0404991,-91.2055504
6,10220003,Bloody Run Creek Site #1 (BR01),12/30/1996 13:00:00,SNY319,PHOSP-PHOSP,Phosphate-phosphorus (as P),Total,,0.1,mg/l,False,0.1,,,Unknown,SNY001,Actual,SW,Water,,,Clayton,07060001,River/Stream,,43.0404991,-91.2055504
6,10220003,Bloody Run Creek Site #1 (BR01),12/10/1996 12:10:00,SNY319,PHOSP-PHOSP,Phosphate-phosphorus (as P),Total,,0.1,mg/l,False,0.1,,,Unknown,SNY001,Actual,SW,Water,,,Clayton,07060001,River/Stream,,43.0404991,-91.2055504
6,10220003,Bloody Run Creek Site #1 (BR01),11/12/1996 11:00:00,SNY319,PHOSP-PHOSP,Phosphate-phosphorus (as P),Total,,0.1,mg/l,False,0.1,,,Unknown,SNY001,Actual,SW,Water,,,Clayton,07060001,River/Stream,,43.0404991,-91.2055504
6,10220003,Bloody Run Creek Site #1 (BR01),12/03/1996 11:15:00,SNY319,PHOSP-PHOSP,Phosphate-phosphorus (as P),Total,,0.1,mg/l,False,0.1,,,Unknown,SNY001,Actual,SW,Water,,,Clayton,07060001,River/Stream,,43.0404991,-91.2055504
6,10220003,Bloody Run Creek Site #1 (BR01),11/05/1996 09:30:00,SNY319,PHOSP-PHOSP,Phosphate-phosphorus (as P),Total,,0.1,mg/l,False,0.1,,,Unknown,SNY001,Actual,SW,Water,,,Clayton,07060001,River/Stream,,43.0404991,-91.2055504
6,10220003,Bloody Run Creek Site #1 (BR01),10/22/1996 12:00:00,SNY319,PHOSP-PHOSP,Phosphate-phosphorus (as P),Total,,0.1,mg/l,False,0.1,,,Unknown,SNY001,Actual,SW,Water,,,Clayton,07060001,River/Stream,,43.0404991,-91.2055504
6,10220003,Bloody Run Creek Site #1 (BR01),10/15/1996 10:50:00,SNY319,PHOSP-PHOSP,Phosphate-phosphorus (as P),Total,,0.1,mg/l,False,0.1,,,Unknown,SNY001,Actual,SW,Water,,,Clayton,07060001,River/Stream,,43.0404991,-91.2055504
6,10220003,Bloody Run Creek Site #1 (BR01),09/05/1995 09:15:00,SNY319,PHOSP-PHOSP,Phosphate-phosphorus (as P),Total,,0.1,mg/l,True,0.1,,,Unknown,SNY001,Actual,SW,Water,,,Clayton,07060001,River/Stream,,43.0404991,-91.2055504
6,10220003,Bloody Run Creek Site #1 (BR01),09/12/1995 11:35:00,SNY319,PHOSP-PHOSP,Phosphate-phosphorus (as P),Total,,0.1,mg/l,False,0.1,,,Unknown,SNY001,Actual,SW,Water,,,Clayton,07060001,River/Stream,,43.0404991,-91.2055504
6,10220003,Bloody Run Creek Site #1 (BR01),09/26/1995 12:40:00,SNY319,PHOSP-PHOSP,Phosphate-phosphorus (as P),Total,,0.1,mg/l,False,0.1,,,Unknown,SNY001,Actual,SW,Water,,,Clayton,07060001,River/Stream,,43.0404991,-91.2055504
6,10220003,Bloody Run Creek Site #1 (BR01),05/26/1998 12:10:00,SNY319,PHOSP-PHOSP,Phosphate-phosphorus (as P),Total,,0.1,mg/l,False,0.1,,,Unknown,SNY001,Actual,SW,Water,,,Clayton,07060001,River/Stream,,43.0404991,-91.2055504
6,10220003,Bloody Run Creek Site #1 (BR01),05/19/1998 12:00:00,SNY319,PHOSP-PHOSP,Phosphate-phosphorus (as P),Total,,0.1,mg/l,False,0.1,,,Unknown,SNY001,Actual,SW,Water,,,Clayton,07060001,River/Stream,,43.0404991,-91.2055504
6,10220003,Bloody Run Creek Site #1 (BR01),04/28/1998 13:40:00,SNY319,PHOSP-PHOSP,Phosphate-phosphorus (as P),Total,,0.1,mg/l,False,0.1,,,Unknown,SNY001,Actual,SW,Water,,,Clayton,07060001,River/Stream,,43.0404991,-91.2055504
6,10220003,Bloody Run Creek Site #1 (BR01),04/07/1998 11:45:00,SNY319,PHOSP-PHOSP,Phosphate-phosphorus (as P),Total,,0.1,mg/l,False,0.1,,,Unknown,SNY001,Actual,SW,Water,,,Clayton,07060001,River/Stream,,43.0404991,-91.2055504
6,10220003,Bloody Run Creek Site #1 (BR01),03/31/1998 13:10:00,SNY319,PHOSP-PHOSP,Phosphate-phosphorus (as P),Total,,1.2,mg/l,True,0.1,,,Unknown,SNY001,Actual,SW,Water,,,Clayton,07060001,River/Stream,,43.0404991,-91.2055504
6,10220003,Bloody Run Creek Site #1 (BR01),03/10/1998 12:40:00,SNY319,PHOSP-PHOSP,Phosphate-phosphorus (as P),Total,,0.1,mg/l,False,0.1,,,Unknown,SNY001,Actual,SW,Water,,,Clayton,07060001,River/Stream,,43.0404991,-91.2055504
6,10220003,Bloody Run Creek Site #1 (BR01),03/03/1998 13:20:00,SNY319,PHOSP-PHOSP,Phosphate-phosphorus (as P),Total,,0.1,mg/l,True,0.1,,,Unknown,SNY001,Actual,SW,Water,,,Clayton,07060001,River/Stream,,43.0404991,-91.2055504
6,10220003,Bloody Run Creek Site #1 (BR01),02/09/1998 12:00:00,SNY319,PHOSP-PHOSP,Phosphate-phosphorus (as P),Total,,0.1,mg/l,False,0.1,,,Unknown,SNY001,Actual,SW,Water,,,Clayton,07060001,River/Stream,,43.0404991,-91.2055504
6,10220003,Bloody Run Creek Site #1 (BR01),02/03/1998 11:40:00,SNY319,PHOSP-PHOSP,Phosphate-phosphorus (as P),Total,,0.1,mg/l,False,0.1,,,Unknown,SNY001,Actual,SW,Water,,,Clayton,07060001,River/Stream,,43.0404991,-91.2055504
6,10220003,Bloody Run Creek Site #1 (BR01),01/13/1998 11:20:00,SNY319,PHOSP-PHOSP,Phosphate-phosphorus (as P),Total,,0.1,mg/l,False,0.1,,,Unknown,SNY001,Actual,SW,Water,,,Clayton,07060001,River/Stream,,43.0404991,-91.2055504
6,10220003,Bloody Run Creek Site #1 (BR01),01/06/1998 10:00:00,SNY319,PHOSP-PHOSP,Phosphate-phosphorus (as P),Total,,0.1,mg/l,False,0.1,,,Unknown,SNY001,Actual,SW,Water,,,Clayton,07060001,River/Stream,,43.0404991,-91.2055504
6,10220003,Bloody Run Creek Site #1 (BR01),12/30/1997 13:20:00,SNY319,PHOSP-PHOSP,Phosphate-phosphorus (as P),Total,,0.1,mg/l,False,0.1,,,Unknown,SNY001,Actual,SW,Water,,,Clayton,07060001,River/Stream,,43.0404991,-91.2055504
6,10220003,Bloody Run Creek Site #1 (BR01),12/23/1997 12:05:00,SNY319,PHOSP-PHOSP,Phosphate-phosphorus (as P),Total,,0.1,mg/l,False,0.1,,,Unknown,SNY001,Actual,SW,Water,,,Clayton,07060001,River/Stream,,43.0404991,-91.2055504
6,10220003,Bloody Run Creek Site #1 (BR01),12/02/1997 10:00:00,SNY319,PHOSP-PHOSP,Phosphate-phosphorus (as P),Total,,0.1,mg/l,False,0.1,,,Unknown,SNY001,Actual,SW,Water,,,Clayton,07060001,River/Stream,,43.0404991,-91.2055504
6,10220003,Bloody Run Creek Site #1 (BR01),11/25/1997 12:10:00,SNY319,PHOSP-PHOSP,Phosphate-phosphorus (as P),Total,,0.1,mg/l,False,0.1,,,Unknown,SNY001,Actual,SW,Water,,,Clayton,07060001,River/Stream,,43.0404991,-91.2055504
6,10220003,Bloody Run Creek Site #1 (BR01),11/04/1997 10:00:00,SNY319,PHOSP-PHOSP,Phosphate-phosphorus (as P),Total,,0.1,mg/l,False,0.1,,,Unknown,SNY001,Actual,SW,Water,,,Clayton,07060001,River/Stream,,43.0404991,-91.2055504
6,10220003,Bloody Run Creek Site #1 (BR01),10/28/1997 09:25:00,SNY319,PHOSP-PHOSP,Phosphate-phosphorus (as P),Total,,0.1,mg/l,False,0.1,,,Unknown,SNY001,Actual,SW,Water,,,Clayton,07060001,River/Stream,,43.0404991,-91.2055504
6,10220003,Bloody Run Creek Site #1 (BR01),10/07/1997 10:00:00,SNY319,PHOSP-PHOSP,Phosphate-phosphorus (as P),Total,,0.1,mg/l,False,0.1,,,Unknown,SNY001,Actual,SW,Water,,,Clayton,07060001,River/Stream,,43.0404991,-91.2055504
6,10220003,Bloody Run Creek Site #1 (BR01),09/30/1997 11:40:00,SNY319,PHOSP-PHOSP,Phosphate-phosphorus (as P),Total,,0.1,mg/l,False,0.1,,,Unknown,SNY001,Actual,SW,Water,,,Clayton,07060001,River/Stream,,43.0404991,-91.2055504
6,10220003,Bloody Run Creek Site #1 (BR01),09/09/1997 11:25:00,SNY319,PHOSP-PHOSP,Phosphate-phosphorus (as P),Total,,0.1,mg/l,False,0.1,,,Unknown,SNY001,Actual,SW,Water,,,Clayton,07060001,River/Stream,,43.0404991,-91.2055504
6,10220003,Bloody Run Creek Site #1 (BR01),09/02/1997 11:40:00,SNY319,PHOSP-PHOSP,Phosphate-phosphorus (as P),Total,,0.1,mg/l,False,0.1,,,Unknown,SNY001,Actual,SW,Water,,,Clayton,07060001,River/Stream,,43.0404991,-91.2055504
6,10220003,Bloody Run Creek Site #1 (BR01),08/12/1997 12:40:00,SNY319,PHOSP-PHOSP,Phosphate-phosphorus (as P),Total,,0.2,mg/l,True,0.1,,,Unknown,SNY001,Actual,SW,Water,,,Clayton,07060001,River/Stream,,43.0404991,-91.2055504
6,10220003,Bloody Run Creek Site #1 (BR01),05/13/1997 11:50:00,SNY319,PHOSP-PHOSP,Phosphate-phosphorus (as P),Total,,0.1,mg/l,False,0.1,,,Unknown,SNY001,Actual,SW,Water,,,Clayton,07060001,River/Stream,,43.0404991,-91.2055504
6,10220003,Bloody Run Creek Site #1 (BR01),08/05/1997 11:55:00,SNY319,PHOSP-PHOSP,Phosphate-phosphorus (as P),Total,,0.1,mg/l,False,0.1,,,Unknown,SNY001,Actual,SW,Water,,,Clayton,07060001,River/Stream,,43.0404991,-91.2055504
6,10220003,Bloody Run Creek Site #1 (BR01),07/15/1997 12:10:00,SNY319,PHOSP-PHOSP,Phosphate-phosphorus (as P),Total,,0.1,mg/l,False,0.1,,,Unknown,SNY001,Actual,SW,Water,,,Clayton,07060001,River/Stream,,43.0404991,-91.2055504
6,10220003,Bloody Run Creek Site #1 (BR01),07/08/1997 12:05:00,SNY319,PHOSP-PHOSP,Phosphate-phosphorus (as P),Total,,0.1,mg/l,False,0.1,,,Unknown,SNY001,Actual,SW,Water,,,Clayton,07060001,River/Stream,,43.0404991,-91.2055504
6,10220003,Bloody Run Creek Site #1 (BR01),06/17/1997 12:30:00,SNY319,PHOSP-PHOSP,Phosphate-phosphorus (as P),Total,,0.1,mg/l,False,0.1,,,Unknown,SNY001,Actual,SW,Water,,,Clayton,07060001,River/Stream,,43.0404991,-91.2055504
6,10220003,Bloody Run Creek Site #1 (BR01),06/10/1997 11:35:00,SNY319,PHOSP-PHOSP,Phosphate-phosphorus (as P),Total,,0.1,mg/l,False,0.1,,,Unknown,SNY001,Actual,SW,Water,,,Clayton,07060001,River/Stream,,43.0404991,-91.2055504
6,10220003,Bloody Run Creek Site #1 (BR01),05/20/1997 11:50:00,SNY319,PHOSP-PHOSP,Phosphate-phosphorus (as P),Total,,0.1,mg/l,False,0.1,,,Unknown,SNY001,Actual,SW,Water,,,Clayton,07060001,River/Stream,,43.0404991,-91.2055504
6,10220003,Bloody Run Creek Site #1 (BR01),04/29/1997 12:25:00,SNY319,PHOSP-PHOSP,Phosphate-phosphorus (as P),Total,,0.1,mg/l,True,0.1,,,Unknown,SNY001,Actual,SW,Water,,,Clayton,07060001,River/Stream,,43.0404991,-91.2055504
6,10220003,Bloody Run Creek Site #1 (BR01),04/22/1997 11:20:00,SNY319,PHOSP-PHOSP,Phosphate-phosphorus (as P),Total,,0.1,mg/l,False,0.1,,,Unknown,SNY001,Actual,SW,Water,,,Clayton,07060001,River/Stream,,43.0404991,-91.2055504
6,10220003,Bloody Run Creek Site #1 (BR01),04/01/1997 11:35:00,SNY319,PHOSP-PHOSP,Phosphate-phosphorus (as P),Total,,0.1,mg/l,False,0.1,,,Unknown,SNY001,Actual,SW,Water,,,Clayton,07060001,River/Stream,,43.0404991,-91.2055504
6,10220003,Bloody Run Creek Site #1 (BR01),03/25/1997 12:30:00,SNY319,PHOSP-PHOSP,Phosphate-phosphorus (as P),Total,,0.1,mg/l,False,0.1,,,Unknown,SNY001,Actual,SW,Water,,,Clayton,07060001,River/Stream,,43.0404991,-91.2055504
6,10220003,Bloody Run Creek Site #1 (BR01),03/23/1999 11:20:00,SNY319,PHOSP-PHOSP,Phosphate-phosphorus (as P),Total,,0.1,mg/l,False,0.1,,,Unknown,SNY001,Actual,SW,Water,,,Clayton,07060001,River/Stream,,43.0404991,-91.2055504
6,10220003,Bloody Run Creek Site #1 (BR01),02/09/1999 11:50:00,SNY319,PHOSP-PHOSP,Phosphate-phosphorus (as P),Total,,0.2,mg/l,True,0.1,,,Unknown,SNY001,Actual,SW,Water,,,Clayton,07060001,River/Stream,,43.0404991,-91.2055504
6,10220003,Bloody Run Creek Site #1 (BR01),02/23/1999 12:30:00,SNY319,PHOSP-PHOSP,Phosphate-phosphorus (as P),Total,,0.1,mg/l,False,0.1,,,Unknown,SNY001,Actual,SW,Water,,,Clayton,07060001,River/Stream,,43.0404991,-91.2055504
6,10220003,Bloody Run Creek Site #1 (BR01),03/30/1999 12:25:00,SNY319,PHOSP-PHOSP,Phosphate-phosphorus (as P),Total,,0.1,mg/l,False,0.1,,,Unknown,SNY001,Actual,SW,Water,,,Clayton,07060001,River/Stream,,43.0404991,-91.2055504
6,10220003,Bloody Run Creek Site #1 (BR01),04/06/1999 11:15:00,SNY319,PHOSP-PHOSP,Phosphate-phosphorus (as P),Total,,0.2,mg/l,True,0.1,,,Unknown,SNY001,Actual,SW,Water,,,Clayton,07060001,River/Stream,,43.0404991,-91.2055504
6,10220003,Bloody Run Creek Site #1 (BR01),06/08/1999 11:35:00,SNY319,PHOSP-PHOSP,Phosphate-phosphorus (as P),Total,,0.1,mg/l,True,0.1,,,Unknown,SNY001,Actual,SW,Water,,,Clayton,07060001,River/Stream,,43.0404991,-91.2055504
6,10220003,Bloody Run Creek Site #1 (BR01),05/11/1999 11:05:00,SNY319,PHOSP-PHOSP,Phosphate-phosphorus (as P),Total,,0.1,mg/l,False,0.1,,,Unknown,SNY001,Actual,SW,Water,,,Clayton,07060001,River/Stream,,43.0404991,-91.2055504
6,10220003,Bloody Run Creek Site #1 (BR01),05/04/1999 10:50:00,SNY319,PHOSP-PHOSP,Phosphate-phosphorus (as P),Total,,0.1,mg/l,False,0.1,,,Unknown,SNY001,Actual,SW,Water,,,Clayton,07060001,River/Stream,,43.0404991,-91.2055504
6,10220003,Bloody Run Creek Site #1 (BR01),04/27/1999 12:15:00,SNY319,PHOSP-PHOSP,Phosphate-phosphorus (as P),Total,,0.1,mg/l,False,0.1,,,Unknown,SNY001,Actual,SW,Water,,,Clayton,07060001,River/Stream,,43.0404991,-91.2055504
6,10220003,Bloody Run Creek Site #1 (BR01),09/14/1999 11:05:00,SNY319,PHOSP-PHOSP,Phosphate-phosphorus (as P),Total,,0.1,mg/l,False,0.1,,,Unknown,SNY001,Actual,SW,Water,,,Clayton,07060001,River/Stream,,43.0404991,-91.2055504
6,10220003,Bloody Run Creek Site #1 (BR01),09/21/1999 12:35:00,SNY319,PHOSP-PHOSP,Phosphate-phosphorus (as P),Total,,0.1,mg/l,False,0.1,,,Unknown,SNY001,Actual,SW,Water,,,Clayton,07060001,River/Stream,,43.0404991,-91.2055504
6,10220003,Bloody Run Creek Site #1 (BR01),10/12/1999 11:20:00,SNY319,PHOSP-PHOSP,Phosphate-phosphorus (as P),Total,,0.1,mg/l,False,0.1,,,Unknown,SNY001,Actual,SW,Water,,,Clayton,07060001,River/Stream,,43.0404991,-91.2055504
6,10220003,Bloody Run Creek Site #1 (BR01),07/20/1999 11:35:00,SNY319,PHOSP-PHOSP,Phosphate-phosphorus (as P),Total,,0.4,mg/l,True,0.1,,,Unknown,SNY001,Actual,SW,Water,,,Clayton,07060001,River/Stream,,43.0404991,-91.2055504
6,10220003,Bloody Run Creek Site #1 (BR01),08/10/1999 11:45:00,SNY319,PHOSP-PHOSP,Phosphate-phosphorus (as P),Total,,0.1,mg/l,False,0.1,,,Unknown,SNY001,Actual,SW,Water,,,Clayton,07060001,River/Stream,,43.0404991,-91.2055504
6,10220003,Bloody Run Creek Site #1 (BR01),08/31/1999 12:50:00,SNY319,PHOSP-PHOSP,Phosphate-phosphorus (as P),Total,,0.1,mg/l,False,0.1,,,Unknown,SNY001,Actual,SW,Water,,,Clayton,07060001,River/Stream,,43.0404991,-91.2055504
6,10220003,Bloody Run Creek Site #1 (BR01),09/07/1999 13:15:00,SNY319,PHOSP-PHOSP,Phosphate-phosphorus (as P),Total,,0.1,mg/l,False,0.1,,,Unknown,SNY001,Actual,SW,Water,,,Clayton,07060001,River/Stream,,43.0404991,-91.2055504
6,10220003,Bloody Run Creek Site #1 (BR01),08/03/1999 11:30:00,SNY319,PHOSP-PHOSP,Phosphate-phosphorus (as P),Total,,0.1,mg/l,False,0.1,,,Unknown,SNY001,Actual,SW,Water,,,Clayton,07060001,River/Stream,,43.0404991,-91.2055504
6,10220003,Bloody Run Creek Site #1 (BR01),07/27/1999 12:05:00,SNY319,PHOSP-PHOSP,Phosphate-phosphorus (as P),Total,,0.5,mg/l,True,0.1,,,Unknown,SNY001,Actual,SW,Water,,,Clayton,07060001,River/Stream,,43.0404991,-91.2055504
6,10220003,Bloody Run Creek Site #1 (BR01),06/22/1999 12:15:00,SNY319,PHOSP-PHOSP,Phosphate-phosphorus (as P),Total,,0.1,mg/l,False,0.1,,,Unknown,SNY001,Actual,SW,Water,,,Clayton,07060001,River/Stream,,43.0404991,-91.2055504
6,10220003,Bloody Run Creek Site #1 (BR01),06/15/1999 11:40:00,SNY319,PHOSP-PHOSP,Phosphate-phosphorus (as P),Total,,0.1,mg/l,False,0.1,,,Unknown,SNY001,Actual,SW,Water,,,Clayton,07060001,River/Stream,,43.0404991,-91.2055504
6,10220003,Bloody Run Creek Site #1 (BR01),02/16/1999 11:25:00,SNY319,PHOSP-PHOSP,Phosphate-phosphorus (as P),Total,,0.1,mg/l,False,0.1,,,Unknown,SNY001,Actual,SW,Water,,,Clayton,07060001,River/Stream,,43.0404991,-91.2055504
6,10220003,Bloody Run Creek Site #1 (BR01),01/12/1999 12:15:00,SNY319,PHOSP-PHOSP,Phosphate-phosphorus (as P),Total,,0.1,mg/l,True,0.1,,,Unknown,SNY001,Actual,SW,Water,,,Clayton,07060001,River/Stream,,43.0404991,-91.2055504
6,10220003,Bloody Run Creek Site #1 (BR01),12/29/1998 13:45:00,SNY319,PHOSP-PHOSP,Phosphate-phosphorus (as P),Total,,0.1,mg/l,False,0.1,,,Unknown,SNY001,Actual,SW,Water,,,Clayton,07060001,River/Stream,,43.0404991,-91.2055504
6,10220003,Bloody Run Creek Site #1 (BR01),12/22/1998 11:25:00,SNY319,PHOSP-PHOSP,Phosphate-phosphorus (as P),Total,,0.1,mg/l,False,0.1,,,Unknown,SNY001,Actual,SW,Water,,,Clayton,07060001,River/Stream,,43.0404991,-91.2055504
6,10220003,Bloody Run Creek Site #1 (BR01),11/24/1998 11:25:00,SNY319,PHOSP-PHOSP,Phosphate-phosphorus (as P),Total,,0.1,mg/l,False,0.1,,,Unknown,SNY001,Actual,SW,Water,,,Clayton,07060001,River/Stream,,43.0404991,-91.2055504
6,10220003,Bloody Run Creek Site #1 (BR01),11/17/1998 12:50:00,SNY319,PHOSP-PHOSP,Phosphate-phosphorus (as P),Total,,0.1,mg/l,False,0.1,,,Unknown,SNY001,Actual,SW,Water,,,Clayton,07060001,River/Stream,,43.0404991,-91.2055504
6,10220003,Bloody Run Creek Site #1 (BR01),11/10/1998 12:40:00,SNY319,PHOSP-PHOSP,Phosphate-phosphorus (as P),Total,,0.2,mg/l,True,0.1,,,Unknown,SNY001,Actual,SW,Water,,,Clayton,07060001,River/Stream,,43.0404991,-91.2055504
6,10220003,Bloody Run Creek Site #1 (BR01),08/04/1998 11:55:00,SNY319,PHOSP-PHOSP,Phosphate-phosphorus (as P),Total,,0.1,mg/l,False,0.1,,,Unknown,SNY001,Actual,SW,Water,,,Clayton,07060001,River/Stream,,43.0404991,-91.2055504
6,10220003,Bloody Run Creek Site #1 (BR01),09/29/1998 12:20:00,SNY319,PHOSP-PHOSP,Phosphate-phosphorus (as P),Total,,0.1,mg/l,False,0.1,,,Unknown,SNY001,Actual,SW,Water,,,Clayton,07060001,River/Stream,,43.0404991,-91.2055504
6,10220003,Bloody Run Creek Site #1 (BR01),09/08/1998 14:45:00,SNY319,PHOSP-PHOSP,Phosphate-phosphorus (as P),Total,,0.1,mg/l,False,0.1,,,Unknown,SNY001,Actual,SW,Water,,,Clayton,07060001,River/Stream,,43.0404991,-91.2055504
6,10220003,Bloody Run Creek Site #1 (BR01),09/01/1998 12:35:00,SNY319,PHOSP-PHOSP,Phosphate-phosphorus (as P),Total,,0.1,mg/l,False,0.1,,,Unknown,SNY001,Actual,SW,Water,,,Clayton,07060001,River/Stream,,43.0404991,-91.2055504
6,10220003,Bloody Run Creek Site #1 (BR01),08/11/1998 12:40:00,SNY319,PHOSP-PHOSP,Phosphate-phosphorus (as P),Total,,0.2,mg/l,True,0.1,,,Unknown,SNY001,Actual,SW,Water,,,Clayton,07060001,River/Stream,,43.0404991,-91.2055504
6,10220003,Bloody Run Creek Site #1 (BR01),07/21/1998 12:30:00,SNY319,PHOSP-PHOSP,Phosphate-phosphorus (as P),Total,,0.1,mg/l,False,0.1,,,Unknown,SNY001,Actual,SW,Water,,,Clayton,07060001,River/Stream,,43.0404991,-91.2055504
6,10220003,Bloody Run Creek Site #1 (BR01),07/14/1998 12:35:00,SNY319,PHOSP-PHOSP,Phosphate-phosphorus (as P),Total,,0.1,mg/l,False,0.1,,,Unknown,SNY001,Actual,SW,Water,,,Clayton,07060001,River/Stream,,43.0404991,-91.2055504
6,10220003,Bloody Run Creek Site #1 (BR01),06/23/1998 11:50:00,SNY319,PHOSP-PHOSP,Phosphate-phosphorus (as P),Total,,0.2,mg/l,True,0.1,,,Unknown,SNY001,Actual,SW,Water,,,Clayton,07060001,River/Stream,,43.0404991,-91.2055504
6,10220003,Bloody Run Creek Site #1 (BR01),06/16/1998 12:25:00,SNY319,PHOSP-PHOSP,Phosphate-phosphorus (as P),Total,,0.1,mg/l,True,0.1,,,Unknown,SNY001,Actual,SW,Water,,,Clayton,07060001,River/Stream,,43.0404991,-91.2055504
6,10220003,Bloody Run Creek Site #1 (BR01),12/19/2000 13:35:00,SNY319,PHOSP-PHOSP,Phosphate-phosphorus (as P),Total,,0.2,mg/l,True,0.1,,,Unknown,SNY001,Actual,SW,Water,,,Clayton,07060001,River/Stream,,43.0404991,-91.2055504
6,10220003,Bloody Run Creek Site #1 (BR01),11/28/2000 12:45:00,SNY319,PHOSP-PHOSP,Phosphate-phosphorus (as P),Total,,0.1,mg/l,True,0.1,,,Unknown,SNY001,Actual,SW,Water,,,Clayton,07060001,River/Stream,,43.0404991,-91.2055504
6,10220003,Bloody Run Creek Site #1 (BR01),11/21/2000 12:25:00,SNY319,PHOSP-PHOSP,Phosphate-phosphorus (as P),Total,,0.1,mg/l,False,0.1,,,Unknown,SNY001,Actual,SW,Water,,,Clayton,07060001,River/Stream,,43.0404991,-91.2055504
6,10220003,Bloody Run Creek Site #1 (BR01),10/31/2000 12:20:00,SNY319,PHOSP-PHOSP,Phosphate-phosphorus (as P),Total,,0.1,mg/l,True,0.1,,,Unknown,SNY001,Actual,SW,Water,,,Clayton,07060001,River/Stream,,43.0404991,-91.2055504
6,10220003,Bloody Run Creek Site #1 (BR01),10/24/2000 12:30:00,SNY319,PHOSP-PHOSP,Phosphate-phosphorus (as P),Total,,0.1,mg/l,False,0.1,,,Unknown,SNY001,Actual,SW,Water,,,Clayton,07060001,River/Stream,,43.0404991,-91.2055504
6,10220003,Bloody Run Creek Site #1 (BR01),10/03/2000 11:50:00,SNY319,PHOSP-PHOSP,Phosphate-phosphorus (as P),Total,,0.1,mg/l,False,0.1,,,Unknown,SNY001,Actual,SW,Water,,,Clayton,07060001,River/Stream,,43.0404991,-91.2055504
6,10220003,Bloody Run Creek Site #1 (BR01),09/26/2000 12:55:00,SNY319,PHOSP-PHOSP,Phosphate-phosphorus (as P),Total,,0.1,mg/l,False,0.1,,,Unknown,SNY001,Actual,SW,Water,,,Clayton,07060001,River/Stream,,43.0404991,-91.2055504
6,10220003,Bloody Run Creek Site #1 (BR01),09/05/2000 11:35:00,SNY319,PHOSP-PHOSP,Phosphate-phosphorus (as P),Total,,0.1,mg/l,True,0.1,,,Unknown,SNY001,Actual,SW,Water,,,Clayton,07060001,River/Stream,,43.0404991,-91.2055504
6,10220003,Bloody Run Creek Site #1 (BR01),08/29/2000 13:00:00,SNY319,PHOSP-PHOSP,Phosphate-phosphorus (as P),Total,,0.1,mg/l,False,0.1,,,Unknown,SNY001,Actual,SW,Water,,,Clayton,07060001,River/Stream,,43.0404991,-91.2055504
6,10220003,Bloody Run Creek Site #1 (BR01),08/08/2000 11:45:00,SNY319,PHOSP-PHOSP,Phosphate-phosphorus (as P),Total,,0.1,mg/l,True,0.1,,,Unknown,SNY001,Actual,SW,Water,,,Clayton,07060001,River/Stream,,43.0404991,-91.2055504
6,10220003,Bloody Run Creek Site #1 (BR01),08/01/2000 13:10:00,SNY319,PHOSP-PHOSP,Phosphate-phosphorus (as P),Total,,0.2,mg/l,True,0.1,,,Unknown,SNY001,Actual,SW,Water,,,Clayton,07060001,River/Stream,,43.0404991,-91.2055504
6,10220003,Bloody Run Creek Site #1 (BR01),07/11/2000 11:50:00,SNY319,PHOSP-PHOSP,Phosphate-phosphorus (as P),Total,,0.5,mg/l,True,0.1,,,Unknown,SNY001,Actual,SW,Water,,,Clayton,07060001,River/Stream,,43.0404991,-91.2055504
6,10220003,Bloody Run Creek Site #1 (BR01),07/04/2000 12:10:00,SNY319,PHOSP-PHOSP,Phosphate-phosphorus (as P),Total,,0.1,mg/l,True,0.1,,,Unknown,SNY001,Actual,SW,Water,,,Clayton,07060001,River/Stream,,43.0404991,-91.2055504
6,10220003,Bloody Run Creek Site #1 (BR01),06/20/2000 11:40:00,SNY319,PHOSP-PHOSP,Phosphate-phosphorus (as P),Total,,0.2,mg/l,True,0.1,,,Unknown,SNY001,Actual,SW,Water,,,Clayton,07060001,River/Stream,,43.0404991,-91.2055504
6,10220003,Bloody Run Creek Site #1 (BR01),06/13/2000 12:55:00,SNY319,PHOSP-PHOSP,Phosphate-phosphorus (as P),Total,,0.1,mg/l,False,0.1,,,Unknown,SNY001,Actual,SW,Water,,,Clayton,07060001,River/Stream,,43.0404991,-91.2055504
6,10220003,Bloody Run Creek Site #1 (BR01),05/23/2000 12:10:00,SNY319,PHOSP-PHOSP,Phosphate-phosphorus (as P),Total,,0.2,mg/l,True,0.1,,,Unknown,SNY001,Actual,SW,Water,,,Clayton,07060001,River/Stream,,43.0404991,-91.2055504
6,10220003,Bloody Run Creek Site #1 (BR01),05/16/2000 11:35:00,SNY319,PHOSP-PHOSP,Phosphate-phosphorus (as P),Total,,0.1,mg/l,False,0.1,,,Unknown,SNY001,Actual,SW,Water,,,Clayton,07060001,River/Stream,,43.0404991,-91.2055504
6,10220003,Bloody Run Creek Site #1 (BR01),04/25/2000 13:10:00,SNY319,PHOSP-PHOSP,Phosphate-phosphorus (as P),Total,,0.1,mg/l,False,0.1,,,Unknown,SNY001,Actual,SW,Water,,,Clayton,07060001,River/Stream,,43.0404991,-91.2055504
6,10220003,Bloody Run Creek Site #1 (BR01),04/18/2000 11:30:00,SNY319,PHOSP-PHOSP,Phosphate-phosphorus (as P),Total,,0.2,mg/l,True,0.1,,,Unknown,SNY001,Actual,SW,Water,,,Clayton,07060001,River/Stream,,43.0404991,-91.2055504
6,10220003,Bloody Run Creek Site #1 (BR01),03/28/2000 13:15:00,SNY319,PHOSP-PHOSP,Phosphate-phosphorus (as P),Total,,0.1,mg/l,False,0.1,,,Unknown,SNY001,Actual,SW,Water,,,Clayton,07060001,River/Stream,,43.0404991,-91.2055504
6,10220003,Bloody Run Creek Site #1 (BR01),03/21/2000 12:00:00,SNY319,PHOSP-PHOSP,Phosphate-phosphorus (as P),Total,,0.1,mg/l,False,0.1,,,Unknown,SNY001,Actual,SW,Water,,,Clayton,07060001,River/Stream,,43.0404991,-91.2055504
6,10220003,Bloody Run Creek Site #1 (BR01),02/29/2000 12:30:00,SNY319,PHOSP-PHOSP,Phosphate-phosphorus (as P),Total,,0.2,mg/l,True,0.1,,,Unknown,SNY001,Actual,SW,Water,,,Clayton,07060001,River/Stream,,43.0404991,-91.2055504
6,10220003,Bloody Run Creek Site #1 (BR01),02/08/2000 12:20:00,SNY319,PHOSP-PHOSP,Phosphate-phosphorus (as P),Total,,0.1,mg/l,False,0.1,,,Unknown,SNY001,Actual,SW,Water,,,Clayton,07060001,River/Stream,,43.0404991,-91.2055504
6,10220003,Bloody Run Creek Site #1 (BR01),02/01/2000 12:00:00,SNY319,PHOSP-PHOSP,Phosphate-phosphorus (as P),Total,,0.1,mg/l,False,0.1,,,Unknown,SNY001,Actual,SW,Water,,,Clayton,07060001,River/Stream,,43.0404991,-91.2055504
6,10220003,Bloody Run Creek Site #1 (BR01),01/11/2000 13:15:00,SNY319,PHOSP-PHOSP,Phosphate-phosphorus (as P),Total,,0.1,mg/l,False,0.1,,,Unknown,SNY001,Actual,SW,Water,,,Clayton,07060001,River/Stream,,43.0404991,-91.2055504
6,10220003,Bloody Run Creek Site #1 (BR01),01/04/2000 12:00:00,SNY319,PHOSP-PHOSP,Phosphate-phosphorus (as P),Total,,0.1,mg/l,False,0.1,,,Unknown,SNY001,Actual,SW,Water,,,Clayton,07060001,River/Stream,,43.0404991,-91.2055504
6,10220003,Bloody Run Creek Site #1 (BR01),12/14/1999 12:00:00,SNY319,PHOSP-PHOSP,Phosphate-phosphorus (as P),Total,,0.1,mg/l,False,0.1,,,Unknown,SNY001,Actual,SW,Water,,,Clayton,07060001,River/Stream,,43.0404991,-91.2055504
6,10220003,Bloody Run Creek Site #1 (BR01),12/07/1999 12:20:00,SNY319,PHOSP-PHOSP,Phosphate-phosphorus (as P),Total,,0.1,mg/l,False,0.1,,,Unknown,SNY001,Actual,SW,Water,,,Clayton,07060001,River/Stream,,43.0404991,-91.2055504
6,10220003,Bloody Run Creek Site #1 (BR01),11/16/1999 12:00:00,SNY319,PHOSP-PHOSP,Phosphate-phosphorus (as P),Total,,0.1,mg/l,False,0.1,,,Unknown,SNY001,Actual,SW,Water,,,Clayton,07060001,River/Stream,,43.0404991,-91.2055504
6,10220003,Bloody Run Creek Site #1 (BR01),11/09/1999 12:20:00,SNY319,PHOSP-PHOSP,Phosphate-phosphorus (as P),Total,,0.1,mg/l,True,0.1,,,Unknown,SNY001,Actual,SW,Water,,,Clayton,07060001,River/Stream,,43.0404991,-91.2055504
6,10220003,Bloody Run Creek Site #1 (BR01),10/19/1999 12:30:00,SNY319,PHOSP-PHOSP,Phosphate-phosphorus (as P),Total,,0.1,mg/l,False,0.1,,,Unknown,SNY001,Actual,SW,Water,,,Clayton,07060001,River/Stream,,43.0404991,-91.2055504
6,10220003,Bloody Run Creek Site #1 (BR01),10/13/1998 11:35:00,SNY319,PHOSP-PHOSP,Phosphate-phosphorus (as P),Total,,0.1,mg/l,False,0.1,,,Unknown,SNY001,Actual,SW,Water,,,Clayton,07060001,River/Stream,,43.0404991,-91.2055504
6,10220003,Bloody Run Creek Site #1 (BR01),10/06/1998 12:05:00,SNY319,PHOSP-PHOSP,Phosphate-phosphorus (as P),Total,,0.2,mg/l,True,0.1,,,Unknown,SNY001,Actual,SW,Water,,,Clayton,07060001,River/Stream,,43.0404991,-91.2055504
6,11220008,Volga River at Littleport (32),07/10/2013 08:24:00,TURKEYR,PHOSP-PHOSP,Phosphate-phosphorus (AS P),Total,,0.1,mg/l,True,0.02,,,LAC10-115-01-1D,UHL001,Actual,SW,Water,,,Clayton,07060004,River/Stream,,42.7536427,-91.3691492
6,11220008,Volga River at Littleport (32),09/04/2013 10:00:00,TURKEYR,PHOSP-PHOSP,Phosphate-phosphorus (AS P),Total,,0.05,mg/l,True,0.02,,,LAC10-115-01-1D,UHL001,Actual,SW,Water,,,Clayton,07060004,River/Stream,,42.7536427,-91.3691492
6,11220008,Volga River at Littleport (32),05/01/2013 12:49:00,TURKEYR,PHOSP-PHOSP,Phosphate-phosphorus (AS P),Total,,0.1,mg/l,True,0.02,,,LAC10-115-01-1D,UHL001,Actual,SW,Water,,,Clayton,07060004,River/Stream,,42.7536427,-91.3691492
6,11220008,Volga River at Littleport (32),04/10/2013 10:10:00,TURKEYR,PHOSP-PHOSP,Phosphate-phosphorus (AS P),Total,,0.95,mg/l,True,0.05,,,LAC10-115-01-1C,UHL001,Actual,SW,Water,,,Clayton,07060004,River/Stream,,42.7536427,-91.3691492
6,11220008,Volga River at Littleport (32),10/16/2013 09:17:00,TURKEYR,PHOSP-PHOSP,Phosphate-phosphorus (AS P),Total,,0.02,mg/l,True,0.02,,,LAC10-115-01-1D,UHL001,Actual,SW,Water,,,Clayton,07060004,River/Stream,,42.7536427,-91.3691492
6,10220003,Bloody Run Creek Site #1 (BR01),06/01/2015 11:00:00,AMBIENT,PHOSP-PHOSP,Phosphate-phosphorus (AS P),Total,,0.06,mg/l,True,0.02,,,LAC10-115-01-1D,UHL001,Actual,SW,Water,,,Clayton,07060001,River/Stream,,43.0404991,-91.2055504
6,10220003,Bloody Run Creek Site #1 (BR01),09/04/2013 10:00:00,AMBIENT,PHOSP-PHOSP,Phosphate-phosphorus (AS P),Total,,0.04,mg/l,True,0.02,,,LAC10-115-01-1D,UHL001,Actual,SW,Water,,,Clayton,07060001,River/Stream,,43.0404991,-91.2055504
6,10220003,Bloody Run Creek Site #1 (BR01),03/03/2014 10:25:00,AMBIENT,PHOSP-PHOSP,Phosphate-phosphorus (AS P),Total,,0.04,mg/l,True,0.02,,,LAC10-115-01-1D,UHL001,Actual,SW,Water,,,Clayton,07060001,River/Stream,,43.0404991,-91.2055504
6,10220003,Bloody Run Creek Site #1 (BR01),10/02/2013 08:55:00,AMBIENT,PHOSP-PHOSP,Phosphate-phosphorus (AS P),Total,,0.04,mg/l,True,0.02,,,LAC10-115-01-1D,UHL001,Actual,SW,Water,,,Clayton,07060001,River/Stream,,43.0404991,-91.2055504
6,10220003,Bloody Run Creek Site #1 (BR01),07/08/2014 08:55:00,AMBIENT,PHOSP-PHOSP,Phosphate-phosphorus (AS P),Total,,0.25,mg/l,True,0.02,,,LAC10-115-01-1D,UHL001,Actual,SW,Water,,,Clayton,07060001,River/Stream,,43.0404991,-91.2055504
6,10220003,Bloody Run Creek Site #1 (BR01),05/05/2014 10:00:00,AMBIENT,PHOSP-PHOSP,Phosphate-phosphorus (AS P),Total,,0.02,mg/l,True,0.02,,,LAC10-115-01-1D,UHL001,Actual,SW,Water,,,Clayton,07060001,River/Stream,,43.0404991,-91.2055504
6,10220003,Bloody Run Creek Site #1 (BR01),06/10/2014 09:30:00,AMBIENT,PHOSP-PHOSP,Phosphate-phosphorus (AS P),Total,,0.07,mg/l,True,0.02,,,LAC10-115-01-1D,UHL001,Actual,SW,Water,,,Clayton,07060001,River/Stream,,43.0404991,-91.2055504
6,10220003,Bloody Run Creek Site #1 (BR01),02/07/2012 09:30:00,AMBIENT,PHOSP-PHOSP,Phosphate-phosphorus (as P),Total,,0.05,mg/l,True,0.02,,,LAC10-115-01-1D,UHL001,Actual,SW,Water,,,Clayton,07060001,River/Stream,,43.0404991,-91.2055504
6,10220003,Bloody Run Creek Site #1 (BR01),04/05/2012 09:00:00,AMBIENT,PHOSP-PHOSP,Phosphate-phosphorus (as P),Total,,0.02,mg/l,False,0.02,,,LAC10-115-01-1D,UHL001,Actual,SW,Water,,,Clayton,07060001,River/Stream,,43.0404991,-91.2055504
6,10220003,Bloody Run Creek Site #1 (BR01),05/03/2012 08:50:00,AMBIENT,PHOSP-PHOSP,Phosphate-phosphorus (as P),Total,,0.07,mg/l,True,0.02,,,LAC10-115-01-1D,UHL001,Actual,SW,Water,,,Clayton,07060001,River/Stream,,43.0404991,-91.2055504
6,10220003,Bloody Run Creek Site #1 (BR01),06/04/2012 09:50:00,AMBIENT,PHOSP-PHOSP,Phosphate-phosphorus (as P),Total,,0.08,mg/l,True,0.02,,,LAC10-115-01-1D,UHL001,Actual,SW,Water,,,Clayton,07060001,River/Stream,,43.0404991,-91.2055504
6,11220008,Volga River at Littleport (32),05/02/2012 11:35:00,TURKEYR,PHOSP-PHOSP,Phosphate-phosphorus (as P),Total,,0.18,mg/l,True,0.02,,,LAC10-115-01-1D,IGS-GRAB,Actual,SW,Water,,,Clayton,07060004,River/Stream,,42.7536427,-91.3691492
6,11220008,Volga River at Littleport (32),11/07/2012 12:01:00,TURKEYR,PHOSP-PHOSP,Phosphate-phosphorus (as P),Total,,0.02,mg/l,True,0.02,,,LAC10-115-01-1D,IGS-GRAB,Actual,SW,Water,,,Clayton,07060004,River/Stream,,42.7536427,-91.3691492
6,10220003,Bloody Run Creek Site #1 (BR01),07/05/2012 09:15:00,AMBIENT,PHOSP-PHOSP,Phosphate-phosphorus (as P),Total,,0.07,mg/l,True,0.02,,,LAC10-115-01-1D,UHL001,Actual,SW,Water,,,Clayton,07060001,River/Stream,,43.0404991,-91.2055504
6,10220003,Bloody Run Creek Site #1 (BR01),08/01/2012 10:45:00,AMBIENT,PHOSP-PHOSP,Phosphate-phosphorus (as P),Total,,0.06,mg/l,True,0.02,,,LAC10-115-01-1D,UHL001,Actual,SW,Water,,,Clayton,07060001,River/Stream,,43.0404991,-91.2055504
6,10220003,Bloody Run Creek Site #1 (BR01),11/01/2012 09:45:00,AMBIENT,PHOSP-PHOSP,Phosphate-phosphorus (as P),Total,,0.06,mg/l,True,0.02,,,LAC10-115-01-1D,UHL001,Actual,SW,Water,,,Clayton,07060001,River/Stream,,43.0404991,-91.2055504
6,11220008,Volga River at Littleport (32),06/06/2012 07:10:00,TURKEYR,PHOSP-PHOSP,Phosphate-phosphorus (as P),Total,,0.08,mg/l,True,0.02,,,LAC10-115-01-1D,IGS-GRAB,Actual,SW,Water,,,Clayton,07060004,River/Stream,,42.7536427,-91.3691492
6,10220003,Bloody Run Creek Site #1 (BR01),02/03/2015 09:25:00,AMBIENT,PHOSP-PHOSP,Phosphate-phosphorus (AS P),Total,,0.06,mg/l,True,0.02,,,LAC10-115-01-1D,UHL001,Actual,SW,Water,,,Clayton,07060001,River/Stream,,43.0404991,-91.2055504
6,10220003,Bloody Run Creek Site #1 (BR01),05/06/2015 07:55:00,AMBIENT,PHOSP-PHOSP,Phosphate-phosphorus (AS P),Total,,0.08,mg/l,True,0.02,,,LAC10-115-01-1D,UHL001,Actual,SW,Water,,,Clayton,07060001,River/Stream,,43.0404991,-91.2055504
6,10220003,Bloody Run Creek Site #1 (BR01),04/04/2013 09:10:00,AMBIENT,PHOSP-PHOSP,Phosphate-phosphorus (AS P),Total,,0.12,mg/l,True,0.02,,,LAC10-115-01-1D,UHL001,Actual,SW,Water,,,Clayton,07060001,River/Stream,,43.0404991,-91.2055504
6,10220003,Bloody Run Creek Site #1 (BR01),01/03/2013 09:55:00,AMBIENT,PHOSP-PHOSP,Phosphate-phosphorus (AS P),Total,,0.06,mg/l,True,0.02,,,LAC10-115-01-1D,UHL001,Actual,SW,Water,,,Clayton,07060001,River/Stream,,43.0404991,-91.2055504
6,10220003,Bloody Run Creek Site #1 (BR01),06/05/2013 10:15:00,AMBIENT,PHOSP-PHOSP,Phosphate-phosphorus (AS P),Total,,0.4,mg/l,True,0.05,,,LAC10-115-01-1C,UHL001,Actual,SW,Water,,,Clayton,07060001,River/Stream,,43.0404991,-91.2055504
6,10220003,Bloody Run Creek Site #1 (BR01),09/02/2010 08:45:00,AMBIENT,PHOSP-PHOSP,Phosphate-phosphorus (as P),Total,,0.18,mg/l,True,0.02,,,365.4,UHL001,Actual,SW,Water,,,Clayton,07060001,River/Stream,,43.0404991,-91.2055504
6,10220003,Bloody Run Creek Site #1 (BR01),10/04/2010 10:15:00,AMBIENT,PHOSP-PHOSP,Phosphate-phosphorus (as P),Total,,0.05,mg/l,True,0.02,,,365.4,UHL001,Actual,SW,Water,,,Clayton,07060001,River/Stream,,43.0404991,-91.2055504
6,10220003,Bloody Run Creek Site #1 (BR01),12/02/2010 10:15:00,AMBIENT,PHOSP-PHOSP,Phosphate-phosphorus (as P),Total,,0.07,mg/l,True,0.02,,,365.4,UHL001,Actual,SW,Water,,,Clayton,07060001,River/Stream,,43.0404991,-91.2055504
6,10220003,Bloody Run Creek Site #1 (BR01),09/01/2011 10:40:00,AMBIENT,PHOSP-PHOSP,Phosphate-phosphorus (as P),Total,,0.06,mg/l,True,0.02,,,365.4,UHL001,Actual,SW,Water,,,Clayton,07060001,River/Stream,,43.0404991,-91.2055504
6,10220003,Bloody Run Creek Site #1 (BR01),01/04/2011 10:05:00,AMBIENT,PHOSP-PHOSP,Phosphate-phosphorus (as P),Total,,0.07,mg/l,True,0.02,,,365.4,UHL001,Actual,SW,Water,,,Clayton,07060001,River/Stream,,43.0404991,-91.2055504
6,10220003,Bloody Run Creek Site #1 (BR01),03/01/2011 09:40:00,AMBIENT,PHOSP-PHOSP,Phosphate-phosphorus (as P),Total,,0.06,mg/l,True,0.02,,,365.4,UHL001,Actual,SW,Water,,,Clayton,07060001,River/Stream,,43.0404991,-91.2055504
6,11220009,Bear Creek W of Elkport (37),06/01/2011 10:59:00,TURKEYR,PHOSP-PHOSP,Phosphate-phosphorus (as P),Total,,0.11,mg/l,True,0.02,,,365.4,IGS-GRAB,Actual,SW,Water,,,Clayton,07060004,River/Stream,,42.7369562,-91.3245041
6,11220008,Volga River at Littleport (32),06/01/2011 10:35:00,TURKEYR,PHOSP-PHOSP,Phosphate-phosphorus (as P),Total,,0.11,mg/l,True,0.02,,,365.4,IGS-GRAB,Actual,SW,Water,,,Clayton,07060004,River/Stream,,42.7536427,-91.3691492
6,11220009,Bear Creek W of Elkport (37),07/06/2011 11:00:00,TURKEYR,PHOSP-PHOSP,Phosphate-phosphorus (as P),Total,,0.09,mg/l,True,0.02,,,365.4,IGS-GRAB,Actual,SW,Water,,,Clayton,07060004,River/Stream,,42.7369562,-91.3245041
6,11220009,Bear Creek W of Elkport (37),05/04/2011 11:09:00,TURKEYR,PHOSP-PHOSP,Phosphate-phosphorus (as P),Total,,0.06,mg/l,True,0.02,,,365.4,IGS-GRAB,Actual,SW,Water,,,Clayton,07060004,River/Stream,,42.7369562,-91.3245041
6,11220008,Volga River at Littleport (32),05/04/2011 10:35:00,TURKEYR,PHOSP-PHOSP,Phosphate-phosphorus (as P),Total,,0.08,mg/l,True,0.02,,,365.4,IGS-GRAB,Actual,SW,Water,,,Clayton,07060004,River/Stream,,42.7536427,-91.3691492
6,10220003,Bloody Run Creek Site #1 (BR01),11/02/2011 10:00:00,AMBIENT,PHOSP-PHOSP,Phosphate-phosphorus (as P),Total,,0.03,mg/l,True,0.02,,,365.4,UHL001,Actual,SW,Water,,,Clayton,07060001,River/Stream,,43.0404991,-91.2055504
6,11220009,Bear Creek W of Elkport (37),10/05/2011 11:25:00,TURKEYR,PHOSP-PHOSP,Phosphate-phosphorus (as P),Total,,0.06,mg/l,True,0.02,,,365.4,IGS-GRAB,Actual,SW,Water,,,Clayton,07060004,River/Stream,,42.7369562,-91.3245041
6,11220008,Volga River at Littleport (32),08/03/2011 10:10:00,TURKEYR,PHOSP-PHOSP,Phosphate-phosphorus (as P),Total,,0.14,mg/l,True,0.02,,,365.4,IGS-GRAB,Actual,SW,Water,,,Clayton,07060004,River/Stream,,42.7536427,-91.3691492
6,11220009,Bear Creek W of Elkport (37),08/03/2011 10:35:00,TURKEYR,PHOSP-PHOSP,Phosphate-phosphorus (as P),Total,,0.1,mg/l,True,0.02,,,365.4,IGS-GRAB,Actual,SW,Water,,,Clayton,07060004,River/Stream,,42.7369562,-91.3245041
6,11220008,Volga River at Littleport (32),10/05/2011 10:48:00,TURKEYR,PHOSP-PHOSP,Phosphate-phosphorus (as P),Total,,0.04,mg/l,True,0.02,,,365.4,IGS-GRAB,Actual,SW,Water,,,Clayton,07060004,River/Stream,,42.7536427,-91.3691492
6,10220003,Bloody Run Creek Site #1 (BR01),01/05/2012 09:05:00,AMBIENT,PHOSP-PHOSP,Phosphate-phosphorus (as P),Total,,0.12,mg/l,True,0.02,,,LAC10-115-01-1D,UHL001,Actual,SW,Water,,,Clayton,07060001,River/Stream,,43.0404991,-91.2055504
6,10220003,Bloody Run Creek Site #1 (BR01),01/03/2008 09:20:00,AMBIENT,PHOSP-PHOSP,Phosphate-phosphorus (as P),Total,,0.04,mg/l,True,0.02,,,365.4,UHL001,Actual,SW,Water,,,Clayton,07060001,River/Stream,,43.0404991,-91.2055504
6,10220003,Bloody Run Creek Site #1 (BR01),03/10/2008 09:40:00,AMBIENT,PHOSP-PHOSP,Phosphate-phosphorus (as P),Total,,0.05,mg/l,True,0.02,,,365.4,UHL001,Actual,SW,Water,,,Clayton,07060001,River/Stream,,43.0404991,-91.2055504
6,10220003,Bloody Run Creek Site #1 (BR01),04/09/2008 09:20:00,AMBIENT,PHOSP-PHOSP,Phosphate-phosphorus (as P),Total,,0.07,mg/l,True,0.02,,,365.4,UHL001,Actual,SW,Water,,,Clayton,07060001,River/Stream,,43.0404991,-91.2055504
6,10220003,Bloody Run Creek Site #1 (BR01),05/07/2008 09:20:00,AMBIENT,PHOSP-PHOSP,Phosphate-phosphorus (as P),Total,,0.08,mg/l,True,0.02,,,365.4,UHL001,Actual,SW,Water,,,Clayton,07060001,River/Stream,,43.0404991,-91.2055504
6,10220003,Bloody Run Creek Site #1 (BR01),06/03/2008 08:55:00,AMBIENT,PHOSP-PHOSP,Phosphate-phosphorus (as P),Total,,0.07,mg/l,True,0.02,,,365.4,UHL001,Actual,SW,Water,,,Clayton,07060001,River/Stream,,43.0404991,-91.2055504
6,10220003,Bloody Run Creek Site #1 (BR01),02/21/2007 09:45:00,AMBIENT,PHOSP-PHOSP,Phosphate-phosphorus (as P),Total,,0.05,mg/l,True,0.02,,,365.4,UHL001,Actual,SW,Water,,,Clayton,07060001,River/Stream,,43.0404991,-91.2055504
6,10220003,Bloody Run Creek Site #1 (BR01),04/06/2009 09:30:00,AMBIENT,PHOSP-PHOSP,Phosphate-phosphorus (as P),Total,,0.04,mg/l,True,0.02,,,365.4,UHL001,Actual,SW,Water,,,Clayton,07060001,River/Stream,,43.0404991,-91.2055504
6,10220003,Bloody Run Creek Site #1 (BR01),09/08/2009 10:45:00,AMBIENT,PHOSP-PHOSP,Phosphate-phosphorus (as P),Total,,0.04,mg/l,True,0.02,,,365.4,UHL001,Actual,SW,Water,,,Clayton,07060001,River/Stream,,43.0404991,-91.2055504
6,10220003,Bloody Run Creek Site #1 (BR01),06/10/2009 10:10:00,AMBIENT,PHOSP-PHOSP,Phosphate-phosphorus (as P),Total,,0.06,mg/l,True,0.02,,,365.4,UHL001,Actual,SW,Water,,,Clayton,07060001,River/Stream,,43.0404991,-91.2055504
6,10220003,Bloody Run Creek Site #1 (BR01),12/03/2009 10:10:00,AMBIENT,PHOSP-PHOSP,Phosphate-phosphorus (as P),Total,,0.05,mg/l,True,0.02,,,365.4,UHL001,Actual,SW,Water,,,Clayton,07060001,River/Stream,,43.0404991,-91.2055504
6,10220003,Bloody Run Creek Site #1 (BR01),01/06/2010 10:15:00,AMBIENT,PHOSP-PHOSP,Phosphate-phosphorus (as P),Total,,0.16,mg/l,True,0.02,,,365.4,UHL001,Actual,SW,Water,,,Clayton,07060001,River/Stream,,43.0404991,-91.2055504
6,10220003,Bloody Run Creek Site #1 (BR01),06/03/2010 09:25:00,AMBIENT,PHOSP-PHOSP,Phosphate-phosphorus (as P),Total,,0.05,mg/l,True,0.02,,,365.4,UHL001,Actual,SW,Water,,,Clayton,07060001,River/Stream,,43.0404991,-91.2055504
6,10220003,Bloody Run Creek Site #1 (BR01),09/10/1996 11:30:00,SNY319,PHOSP-PHOSP,Phosphate-phosphorus (as P),Total,,0.1,mg/l,False,0.1,,,Unknown,SNY001,Actual,SW,Water,,,Clayton,07060001,River/Stream,,43.0404991,-91.2055504
6,10220003,Bloody Run Creek Site #1 (BR01),08/27/1996 13:00:00,SNY319,PHOSP-PHOSP,Phosphate-phosphorus (as P),Total,,0.1,mg/l,False,0.1,,,Unknown,SNY001,Actual,SW,Water,,,Clayton,07060001,River/Stream,,43.0404991,-91.2055504
6,10220003,Bloody Run Creek Site #1 (BR01),02/05/2002 10:25:00,AMBIENT,PHOSP-PHOSP,Phosphate-phosphorus (as P),Total,,0.05,mg/l,False,0.05,,,Unknown,UHL001,Actual,SW,Water,,,Clayton,07060001,River/Stream,,43.0404991,-91.2055504
6,10220003,Bloody Run Creek Site #1 (BR01),11/06/2001 10:05:00,AMBIENT,PHOSP-PHOSP,Phosphate-phosphorus (as P),Total,,0.05,mg/l,False,0.05,,,Unknown,UHL001,Actual,SW,Water,,,Clayton,07060001,River/Stream,,43.0404991,-91.2055504
6,10220003,Bloody Run Creek Site #1 (BR01),10/02/2001 10:35:00,AMBIENT,PHOSP-PHOSP,Phosphate-phosphorus (as P),Total,,0.05,mg/l,True,0.05,,,Unknown,UHL001,Actual,SW,Water,,,Clayton,07060001,River/Stream,,43.0404991,-91.2055504
6,10220003,Bloody Run Creek Site #1 (BR01),08/06/2002 09:45:00,AMBIENT,PHOSP-PHOSP,Phosphate-phosphorus (as P),Total,,0.09,mg/l,True,0.05,,,Unknown,UHL001,Actual,SW,Water,,,Clayton,07060001,River/Stream,,43.0404991,-91.2055504
6,10220003,Bloody Run Creek Site #1 (BR01),05/07/2002 12:20:00,AMBIENT,PHOSP-PHOSP,Phosphate-phosphorus (as P),Total,,0.05,mg/l,False,0.05,,,Unknown,UHL001,Actual,SW,Water,,,Clayton,07060001,River/Stream,,43.0404991,-91.2055504
6,10220003,Bloody Run Creek Site #1 (BR01),05/28/1996 12:20:00,SNY319,PHOSP-PHOSP,Phosphate-phosphorus (as P),Total,,0.1,mg/l,False,0.1,,,Unknown,SNY001,Actual,SW,Water,,,Clayton,07060001,River/Stream,,43.0404991,-91.2055504
6,10220003,Bloody Run Creek Site #1 (BR01),07/09/1996 12:05:00,SNY319,PHOSP-PHOSP,Phosphate-phosphorus (as P),Total,,0.1,mg/l,False,0.1,,,Unknown,SNY001,Actual,SW,Water,,,Clayton,07060001,River/Stream,,43.0404991,-91.2055504
6,10220003,Bloody Run Creek Site #1 (BR01),08/20/1996 14:50:00,SNY319,PHOSP-PHOSP,Phosphate-phosphorus (as P),Total,,0.1,mg/l,False,0.1,,,Unknown,SNY001,Actual,SW,Water,,,Clayton,07060001,River/Stream,,43.0404991,-91.2055504
6,10220003,Bloody Run Creek Site #1 (BR01),07/30/1996 13:00:00,SNY319,PHOSP-PHOSP,Phosphate-phosphorus (as P),Total,,0.1,mg/l,False,0.1,,,Unknown,SNY001,Actual,SW,Water,,,Clayton,07060001,River/Stream,,43.0404991,-91.2055504
6,10220003,Bloody Run Creek Site #1 (BR01),12/12/1995 13:00:00,SNY319,PHOSP-PHOSP,Phosphate-phosphorus (as P),Total,,0.1,mg/l,False,0.1,,,Unknown,SNY001,Actual,SW,Water,,,Clayton,07060001,River/Stream,,43.0404991,-91.2055504
6,10220003,Bloody Run Creek Site #1 (BR01),02/06/1996 12:30:00,SNY319,PHOSP-PHOSP,Phosphate-phosphorus (as P),Total,,0.1,mg/l,True,0.1,,,Unknown,SNY001,Actual,SW,Water,,,Clayton,07060001,River/Stream,,43.0404991,-91.2055504
6,10220003,Bloody Run Creek Site #1 (BR01),01/16/1996 11:00:00,SNY319,PHOSP-PHOSP,Phosphate-phosphorus (as P),Total,,0.1,mg/l,False,0.1,,,Unknown,SNY001,Actual,SW,Water,,,Clayton,07060001,River/Stream,,43.0404991,-91.2055504
6,10220003,Bloody Run Creek Site #1 (BR01),02/13/1996 12:30:00,SNY319,PHOSP-PHOSP,Phosphate-phosphorus (as P),Total,,0.4,mg/l,True,0.1,,,Unknown,SNY001,Actual,SW,Water,,,Clayton,07060001,River/Stream,,43.0404991,-91.2055504
6,10220003,Bloody Run Creek Site #1 (BR01),02/27/1996 12:30:00,SNY319,PHOSP-PHOSP,Phosphate-phosphorus (as P),Total,,0.4,mg/l,True,0.1,,,Unknown,SNY001,Actual,SW,Water,,,Clayton,07060001,River/Stream,,43.0404991,-91.2055504
6,10220003,Bloody Run Creek Site #1 (BR01),03/05/1996 13:30:00,SNY319,PHOSP-PHOSP,Phosphate-phosphorus (as P),Total,,0.1,mg/l,True,0.1,,,Unknown,SNY001,Actual,SW,Water,,,Clayton,07060001,River/Stream,,43.0404991,-91.2055504
6,10220003,Bloody Run Creek Site #1 (BR01),03/26/1996 08:30:00,SNY319,PHOSP-PHOSP,Phosphate-phosphorus (as P),Total,,0.1,mg/l,True,0.1,,,Unknown,SNY001,Actual,SW,Water,,,Clayton,07060001,River/Stream,,43.0404991,-91.2055504
6,10220003,Bloody Run Creek Site #1 (BR01),03/19/1996 09:25:00,SNY319,PHOSP-PHOSP,Phosphate-phosphorus (as P),Total,,0.1,mg/l,False,0.1,,,Unknown,SNY001,Actual,SW,Water,,,Clayton,07060001,River/Stream,,43.0404991,-91.2055504
6,10220003,Bloody Run Creek Site #1 (BR01),04/16/1996 13:10:00,SNY319,PHOSP-PHOSP,Phosphate-phosphorus (as P),Total,,0.1,mg/l,False,0.1,,,Unknown,SNY001,Actual,SW,Water,,,Clayton,07060001,River/Stream,,43.0404991,-91.2055504
6,10220003,Bloody Run Creek Site #1 (BR01),04/09/1996 12:10:00,SNY319,PHOSP-PHOSP,Phosphate-phosphorus (as P),Total,,0.1,mg/l,False,0.1,,,Unknown,SNY001,Actual,SW,Water,,,Clayton,07060001,River/Stream,,43.0404991,-91.2055504
6,10220003,Bloody Run Creek Site #1 (BR01),05/07/1996 12:35:00,SNY319,PHOSP-PHOSP,Phosphate-phosphorus (as P),Total,,0.1,mg/l,False,0.1,,,Unknown,SNY001,Actual,SW,Water,,,Clayton,07060001,River/Stream,,43.0404991,-91.2055504
6,10220003,Bloody Run Creek Site #1 (BR01),04/30/1996 11:55:00,SNY319,PHOSP-PHOSP,Phosphate-phosphorus (as P),Total,,0.1,mg/l,False,0.1,,,Unknown,SNY001,Actual,SW,Water,,,Clayton,07060001,River/Stream,,43.0404991,-91.2055504
6,10220003,Bloody Run Creek Site #1 (BR01),06/18/1996 10:00:00,SNY319,PHOSP-PHOSP,Phosphate-phosphorus (as P),Total,,0.5,mg/l,True,0.1,,,Unknown,SNY001,Actual,SW,Water,,,Clayton,07060001,River/Stream,,43.0404991,-91.2055504
6,10220003,Bloody Run Creek Site #1 (BR01),06/04/2002 09:55:00,AMBIENT,PHOSP-PHOSP,Phosphate-phosphorus (as P),Total,,0.29,mg/l,True,0.05,,,Unknown,UHL001,Actual,SW,Water,,,Clayton,07060001,River/Stream,,43.0404991,-91.2055504
6,10220003,Bloody Run Creek Site #1 (BR01),01/02/2002 12:40:00,AMBIENT,PHOSP-PHOSP,Phosphate-phosphorus (as P),Total,,0.07,mg/l,True,0.05,,,Unknown,UHL001,Actual,SW,Water,,,Clayton,07060001,River/Stream,,43.0404991,-91.2055504
6,10220003,Bloody Run Creek Site #1 (BR01),07/01/2002 12:40:00,AMBIENT,PHOSP-PHOSP,Phosphate-phosphorus (as P),Total,,0.07,mg/l,True,0.05,,,Unknown,UHL001,Actual,SW,Water,,,Clayton,07060001,River/Stream,,43.0404991,-91.2055504
6,10220003,Bloody Run Creek Site #1 (BR01),03/05/2002 11:15:00,AMBIENT,PHOSP-PHOSP,Phosphate-phosphorus (as P),Total,,0.09,mg/l,True,0.05,,,Unknown,UHL001,Actual,SW,Water,,,Clayton,07060001,River/Stream,,43.0404991,-91.2055504
6,10220003,Bloody Run Creek Site #1 (BR01),10/01/2002 12:55:00,AMBIENT,PHOSP-PHOSP,Phosphate-phosphorus (as P),Total,,0.12,mg/l,True,0.05,,,Unknown,UHL001,Actual,SW,Water,,,Clayton,07060001,River/Stream,,43.0404991,-91.2055504
6,10220003,Bloody Run Creek Site #1 (BR01),01/07/2003 10:00:00,AMBIENT,PHOSP-PHOSP,Phosphate-phosphorus (as P),Total,,0.05,mg/l,False,0.05,,,365.4,UHL001,Actual,SW,Water,,,Clayton,07060001,River/Stream,,43.0404991,-91.2055504
6,10220003,Bloody Run Creek Site #1 (BR01),05/06/2003 09:30:00,AMBIENT,PHOSP-PHOSP,Phosphate-phosphorus (as P),Total,,0.07,mg/l,True,0.05,,,365.4,UHL001,Actual,SW,Water,,,Clayton,07060001,River/Stream,,43.0404991,-91.2055504
6,10220003,Bloody Run Creek Site #1 (BR01),03/04/2003 10:15:00,AMBIENT,PHOSP-PHOSP,Phosphate-phosphorus (as P),Total,,0.1,mg/l,True,0.05,,,365.4,UHL001,Actual,SW,Water,,,Clayton,07060001,River/Stream,,43.0404991,-91.2055504
6,10220003,Bloody Run Creek Site #1 (BR01),06/03/2003 10:30:00,AMBIENT,PHOSP-PHOSP,Phosphate-phosphorus (as P),Total,,0.07,mg/l,True,0.02,,,365.4,UHL001,Actual,SW,Water,,,Clayton,07060001,River/Stream,,43.0404991,-91.2055504
6,10220003,Bloody Run Creek Site #1 (BR01),11/05/2002 13:40:00,AMBIENT,PHOSP-PHOSP,Phosphate-phosphorus (as P),Total,,0.05,mg/l,False,0.05,,,Unknown,UHL001,Actual,SW,Water,,,Clayton,07060001,River/Stream,,43.0404991,-91.2055504
6,10220003,Bloody Run Creek Site #1 (BR01),07/08/2003 10:10:00,AMBIENT,PHOSP-PHOSP,Phosphate-phosphorus (as P),Total,,0.16,mg/l,True,0.02,,,365.4,UHL001,Actual,SW,Water,,,Clayton,07060001,River/Stream,,43.0404991,-91.2055504
6,10220003,Bloody Run Creek Site #1 (BR01),02/03/2004 11:45:00,AMBIENT,PHOSP-PHOSP,Phosphate-phosphorus (as P),Total,,0.09,mg/l,True,0.02,,,365.4,UHL001,Actual,SW,Water,,,Clayton,07060001,River/Stream,,43.0404991,-91.2055504
6,10220003,Bloody Run Creek Site #1 (BR01),04/06/2004 11:10:00,AMBIENT,PHOSP-PHOSP,Phosphate-phosphorus (as P),Total,,0.04,mg/l,True,0.02,,,365.4,UHL001,Actual,SW,Water,,,Clayton,07060001,River/Stream,,43.0404991,-91.2055504
6,10220003,Bloody Run Creek Site #1 (BR01),06/01/2004 10:40:00,AMBIENT,PHOSP-PHOSP,Phosphate-phosphorus (as P),Total,,0.28,mg/l,True,0.02,,,365.4,UHL001,Actual,SW,Water,,,Clayton,07060001,River/Stream,,43.0404991,-91.2055504
6,10220003,Bloody Run Creek Site #1 (BR01),07/06/2004 11:45:00,AMBIENT,PHOSP-PHOSP,Phosphate-phosphorus (as P),Total,,0.1,mg/l,True,0.02,,,365.4,UHL001,Actual,SW,Water,,,Clayton,07060001,River/Stream,,43.0404991,-91.2055504
6,10220003,Bloody Run Creek Site #1 (BR01),09/07/2004 08:55:00,AMBIENT,PHOSP-PHOSP,Phosphate-phosphorus (as P),Total,,0.04,mg/l,True,0.02,,,365.4,UHL001,Actual,SW,Water,,,Clayton,07060001,River/Stream,,43.0404991,-91.2055504
6,10220003,Bloody Run Creek Site #1 (BR01),11/09/2004 10:55:00,AMBIENT,PHOSP-PHOSP,Phosphate-phosphorus (as P),Total,,0.04,mg/l,True,0.02,,,365.4,UHL001,Actual,SW,Water,,,Clayton,07060001,River/Stream,,43.0404991,-91.2055504
6,10220003,Bloody Run Creek Site #1 (BR01),03/01/2005 10:45:00,AMBIENT,PHOSP-PHOSP,Phosphate-phosphorus (as P),Total,,0.1,mg/l,True,0.02,,,365.4,UHL001,Actual,SW,Water,,,Clayton,07060001,River/Stream,,43.0404991,-91.2055504
6,10220003,Bloody Run Creek Site #1 (BR01),01/11/2005 11:10:00,AMBIENT,PHOSP-PHOSP,Phosphate-phosphorus (as P),Total,,0.04,mg/l,True,0.02,,,365.4,UHL001,Actual,SW,Water,,,Clayton,07060001,River/Stream,,43.0404991,-91.2055504
6,10220003,Bloody Run Creek Site #1 (BR01),02/08/2005 10:25:00,AMBIENT,PHOSP-PHOSP,Phosphate-phosphorus (as P),Total,,0.81,mg/l,True,0.05,,,365.4,UHL001,Actual,SW,Water,,,Clayton,07060001,River/Stream,,43.0404991,-91.2055504
6,10220003,Bloody Run Creek Site #1 (BR01),09/05/2005 08:15:00,AMBIENT,PHOSP-PHOSP,Phosphate-phosphorus (as P),Total,,0.06,mg/l,True,0.02,,,365.4,UHL001,Actual,SW,Water,,,Clayton,07060001,River/Stream,,43.0404991,-91.2055504
6,10220003,Bloody Run Creek Site #1 (BR01),10/11/2005 11:00:00,AMBIENT,PHOSP-PHOSP,Phosphate-phosphorus (as P),Total,,0.05,mg/l,True,0.02,,,365.4,UHL001,Actual,SW,Water,,,Clayton,07060001,River/Stream,,43.0404991,-91.2055504
6,10220003,Bloody Run Creek Site #1 (BR01),12/06/2005 11:05:00,AMBIENT,PHOSP-PHOSP,Phosphate-phosphorus (as P),Total,,0.08,mg/l,True,0.02,,,365.4,UHL001,Actual,SW,Water,,,Clayton,07060001,River/Stream,,43.0404991,-91.2055504
6,10220003,Bloody Run Creek Site #1 (BR01),01/03/2006 10:35:00,AMBIENT,PHOSP-PHOSP,Phosphate-phosphorus (as P),Total,,0.05,mg/l,True,0.02,,,365.4,UHL001,Actual,SW,Water,,,Clayton,07060001,River/Stream,,43.0404991,-91.2055504
6,10220003,Bloody Run Creek Site #1 (BR01),04/05/2005 09:10:00,AMBIENT,PHOSP-PHOSP,Phosphate-phosphorus (as P),Total,,0.04,mg/l,True,0.02,,,365.4,UHL001,Actual,SW,Water,,,Clayton,07060001,River/Stream,,43.0404991,-91.2055504
6,10220003,Bloody Run Creek Site #1 (BR01),04/04/2006 10:00:00,AMBIENT,PHOSP-PHOSP,Phosphate-phosphorus (as P),Total,,0.1,mg/l,True,0.02,,,365.4,UHL001,Actual,SW,Water,,,Clayton,07060001,River/Stream,,43.0404991,-91.2055504
6,10220003,Bloody Run Creek Site #1 (BR01),08/01/2006 12:10:00,AMBIENT,PHOSP-PHOSP,Phosphate-phosphorus (as P),Total,,0.08,mg/l,True,0.02,,,365.4,UHL001,Actual,SW,Water,,,Clayton,07060001,River/Stream,,43.0404991,-91.2055504
6,10220003,Bloody Run Creek Site #1 (BR01),10/04/2006 12:20:00,AMBIENT,PHOSP-PHOSP,Phosphate-phosphorus (as P),Total,,0.34,mg/l,True,0.02,,,365.4,UHL001,Actual,SW,Water,,,Clayton,07060001,River/Stream,,43.0404991,-91.2055504
6,10220003,Bloody Run Creek Site #1 (BR01),01/04/2007 08:30:00,AMBIENT,PHOSP-PHOSP,Phosphate-phosphorus (as P),Total,,0.05,mg/l,True,0.02,,,365.4,UHL001,Actual,SW,Water,,,Clayton,07060001,River/Stream,,43.0404991,-91.2055504
6,10220003,Bloody Run Creek Site #1 (BR01),03/13/2007 10:50:00,AMBIENT,PHOSP-PHOSP,Phosphate-phosphorus (as P),Total,,0.61,mg/l,True,0.05,,,365.4,UHL001,Actual,SW,Water,,,Clayton,07060001,River/Stream,,43.0404991,-91.2055504
6,10220003,Bloody Run Creek Site #1 (BR01),05/08/2007 09:10:00,AMBIENT,PHOSP-PHOSP,Phosphate-phosphorus (as P),Total,,0.07,mg/l,True,0.02,,,365.4,UHL001,Actual,SW,Water,,,Clayton,07060001,River/Stream,,43.0404991,-91.2055504
6,10220003,Bloody Run Creek Site #1 (BR01),08/02/2007 10:25:00,AMBIENT,PHOSP-PHOSP,Phosphate-phosphorus (as P),Total,,0.06,mg/l,True,0.02,,,365.4,UHL001,Actual,SW,Water,,,Clayton,07060001,River/Stream,,43.0404991,-91.2055504
6,10220003,Bloody Run Creek Site #1 (BR01),06/13/2007 09:25:00,AMBIENT,PHOSP-PHOSP,Phosphate-phosphorus (as P),Total,,0.07,mg/l,True,0.02,,,365.4,UHL001,Actual,SW,Water,,,Clayton,07060001,River/Stream,,43.0404991,-91.2055504
6,10220003,Bloody Run Creek Site #1 (BR01),10/09/2007 10:20:00,AMBIENT,PHOSP-PHOSP,Phosphate-phosphorus (as P),Total,,0.15,mg/l,True,0.02,,,365.4,UHL001,Actual,SW,Water,,,Clayton,07060001,River/Stream,,43.0404991,-91.2055504
6,10220003,Bloody Run Creek Site #1 (BR01),11/01/2007 11:35:00,AMBIENT,PHOSP-PHOSP,Phosphate-phosphorus (as P),Total,,0.07,mg/l,True,0.02,,,365.4,UHL001,Actual,SW,Water,,,Clayton,07060001,River/Stream,,43.0404991,-91.2055504
6,10220003,Bloody Run Creek Site #1 (BR01),10/10/2000 11:55:00,SNY319,PHOSP-PHOSP,Phosphate-phosphorus (as P),Total,,0.1,mg/l,True,0.1,,,Unknown,SNY001,Actual,SW,Water,,,Clayton,07060001,River/Stream,,43.0404991,-91.2055504
6,10220003,Bloody Run Creek Site #1 (BR01),09/19/2000 11:40:00,SNY319,PHOSP-PHOSP,Phosphate-phosphorus (as P),Total,,0.1,mg/l,False,0.1,,,Unknown,SNY001,Actual,SW,Water,,,Clayton,07060001,River/Stream,,43.0404991,-91.2055504
6,10220003,Bloody Run Creek Site #1 (BR01),10/17/2000 11:45:00,SNY319,PHOSP-PHOSP,Phosphate-phosphorus (as P),Total,,0.1,mg/l,False,0.1,,,Unknown,SNY001,Actual,SW,Water,,,Clayton,07060001,River/Stream,,43.0404991,-91.2055504
6,10220003,Bloody Run Creek Site #1 (BR01),11/14/2000 11:50:00,SNY319,PHOSP-PHOSP,Phosphate-phosphorus (as P),Total,,0.1,mg/l,False,0.1,,,Unknown,SNY001,Actual,SW,Water,,,Clayton,07060001,River/Stream,,43.0404991,-91.2055504
6,10220003,Bloody Run Creek Site #1 (BR01),11/07/2000 12:15:00,SNY319,PHOSP-PHOSP,Phosphate-phosphorus (as P),Total,,0.1,mg/l,False,0.1,,,Unknown,SNY001,Actual,SW,Water,,,Clayton,07060001,River/Stream,,43.0404991,-91.2055504
6,10220003,Bloody Run Creek Site #1 (BR01),02/13/2001 12:30:00,SNY319,PHOSP-PHOSP,Phosphate-phosphorus (as P),Total,,0.2,mg/l,True,0.1,,,Unknown,SNY001,Actual,SW,Water,,,Clayton,07060001,River/Stream,,43.0404991,-91.2055504
6,10220003,Bloody Run Creek Site #1 (BR01),01/16/2001 11:35:00,SNY319,PHOSP-PHOSP,Phosphate-phosphorus (as P),Total,,0.1,mg/l,True,0.1,,,Unknown,SNY001,Actual,SW,Water,,,Clayton,07060001,River/Stream,,43.0404991,-91.2055504
6,10220003,Bloody Run Creek Site #1 (BR01),12/12/2000 12:20:00,SNY319,PHOSP-PHOSP,Phosphate-phosphorus (as P),Total,,0.1,mg/l,True,0.1,,,Unknown,SNY001,Actual,SW,Water,,,Clayton,07060001,River/Stream,,43.0404991,-91.2055504
6,10220003,Bloody Run Creek Site #1 (BR01),12/26/2000 09:55:00,SNY319,PHOSP-PHOSP,Phosphate-phosphorus (as P),Total,,0.1,mg/l,False,0.1,,,Unknown,SNY001,Actual,SW,Water,,,Clayton,07060001,River/Stream,,43.0404991,-91.2055504
6,10220003,Bloody Run Creek Site #1 (BR01),01/09/2001 11:50:00,SNY319,PHOSP-PHOSP,Phosphate-phosphorus (as P),Total,,0.1,mg/l,True,0.1,,,Unknown,SNY001,Actual,SW,Water,,,Clayton,07060001,River/Stream,,43.0404991,-91.2055504
6,10220003,Bloody Run Creek Site #1 (BR01),12/05/2000 11:55:00,SNY319,PHOSP-PHOSP,Phosphate-phosphorus (as P),Total,,0.1,mg/l,False,0.1,,,Unknown,SNY001,Actual,SW,Water,,,Clayton,07060001,River/Stream,,43.0404991,-91.2055504
6,10220003,Bloody Run Creek Site #1 (BR01),06/05/2001 11:40:00,SNY319,PHOSP-PHOSP,Phosphate-phosphorus (as P),Total,,0.6,mg/l,True,0.1,,,Unknown,SNY001,Actual,SW,Water,,,Clayton,07060001,River/Stream,,43.0404991,-91.2055504
6,10220003,Bloody Run Creek Site #1 (BR01),05/29/2001 11:45:00,SNY319,PHOSP-PHOSP,Phosphate-phosphorus (as P),Total,,0.1,mg/l,False,0.1,,,Unknown,SNY001,Actual,SW,Water,,,Clayton,07060001,River/Stream,,43.0404991,-91.2055504
6,10220003,Bloody Run Creek Site #1 (BR01),05/08/2001 12:25:00,SNY319,PHOSP-PHOSP,Phosphate-phosphorus (as P),Total,,0.1,mg/l,True,0.1,,,Unknown,SNY001,Actual,SW,Water,,,Clayton,07060001,River/Stream,,43.0404991,-91.2055504
6,10220003,Bloody Run Creek Site #1 (BR01),05/01/2001 11:30:00,SNY319,PHOSP-PHOSP,Phosphate-phosphorus (as P),Total,,0.1,mg/l,True,0.1,,,Unknown,SNY001,Actual,SW,Water,,,Clayton,07060001,River/Stream,,43.0404991,-91.2055504
6,10220003,Bloody Run Creek Site #1 (BR01),04/17/2001 12:15:00,SNY319,PHOSP-PHOSP,Phosphate-phosphorus (as P),Total,,0.1,mg/l,False,0.1,,,Unknown,SNY001,Actual,SW,Water,,,Clayton,07060001,River/Stream,,43.0404991,-91.2055504
6,10220003,Bloody Run Creek Site #1 (BR01),04/10/2001 12:10:00,SNY319,PHOSP-PHOSP,Phosphate-phosphorus (as P),Total,,0.1,mg/l,True,0.1,,,Unknown,SNY001,Actual,SW,Water,,,Clayton,07060001,River/Stream,,43.0404991,-91.2055504
6,10220003,Bloody Run Creek Site #1 (BR01),03/20/2001 12:40:00,SNY319,PHOSP-PHOSP,Phosphate-phosphorus (as P),Total,,0.1,mg/l,False,0.1,,,Unknown,SNY001,Actual,SW,Water,,,Clayton,07060001,River/Stream,,43.0404991,-91.2055504
6,10220003,Bloody Run Creek Site #1 (BR01),03/13/2001 11:25:00,SNY319,PHOSP-PHOSP,Phosphate-phosphorus (as P),Total,,0.1,mg/l,True,0.1,,,Unknown,SNY001,Actual,SW,Water,,,Clayton,07060001,River/Stream,,43.0404991,-91.2055504
6,10220003,Bloody Run Creek Site #1 (BR01),02/20/2001 11:35:00,SNY319,PHOSP-PHOSP,Phosphate-phosphorus (as P),Total,,0.3,mg/l,True,0.1,,,Unknown,SNY001,Actual,SW,Water,,,Clayton,07060001,River/Stream,,43.0404991,-91.2055504
6,10220003,Bloody Run Creek Site #1 (BR01),10/10/1995 13:40:00,SNY319,PHOSP-PHOSP,Phosphate-phosphorus (as P),Total,,0.1,mg/l,True,0.1,,,Unknown,SNY001,Actual,SW,Water,,,Clayton,07060001,River/Stream,,43.0404991,-91.2055504
6,10220003,Bloody Run Creek Site #1 (BR01),10/24/1995 10:05:00,SNY319,PHOSP-PHOSP,Phosphate-phosphorus (as P),Total,,0.1,mg/l,False,0.1,,,Unknown,SNY001,Actual,SW,Water,,,Clayton,07060001,River/Stream,,43.0404991,-91.2055504
6,10220003,Bloody Run Creek Site #1 (BR01),10/31/1995 09:20:00,SNY319,PHOSP-PHOSP,Phosphate-phosphorus (as P),Total,,0.1,mg/l,False,0.1,,,Unknown,SNY001,Actual,SW,Water,,,Clayton,07060001,River/Stream,,43.0404991,-91.2055504
6,10220003,Bloody Run Creek Site #1 (BR01),11/14/1995 11:30:00,SNY319,PHOSP-PHOSP,Phosphate-phosphorus (as P),Total,,0.1,mg/l,False,0.1,,,Unknown,SNY001,Actual,SW,Water,,,Clayton,07060001,River/Stream,,43.0404991,-91.2055504
6,10220003,Bloody Run Creek Site #1 (BR01),11/21/1995 13:10:00,SNY319,PHOSP-PHOSP,Phosphate-phosphorus (as P),Total,,0.1,mg/l,False,0.1,,,Unknown,SNY001,Actual,SW,Water,,,Clayton,07060001,River/Stream,,43.0404991,-91.2055504
6,10220003,Bloody Run Creek Site #1 (BR01),08/14/2001 12:50:00,SNY319,PHOSP-PHOSP,Phosphate-phosphorus (as P),Total,,0.02,mg/l,False,0.02,,,Unknown,SNY001,Actual,SW,Water,,,Clayton,07060001,River/Stream,,43.0404991,-91.2055504
6,10220003,Bloody Run Creek Site #1 (BR01),07/24/2001 11:30:00,SNY319,PHOSP-PHOSP,Phosphate-phosphorus (as P),Total,,0.1,mg/l,True,0.1,,,Unknown,SNY001,Actual,SW,Water,,,Clayton,07060001,River/Stream,,43.0404991,-91.2055504
6,10220003,Bloody Run Creek Site #1 (BR01),07/03/2001 10:50:00,SNY319,PHOSP-PHOSP,Phosphate-phosphorus (as P),Total,,0.1,mg/l,False,0.1,,,Unknown,SNY001,Actual,SW,Water,,,Clayton,07060001,River/Stream,,43.0404991,-91.2055504
6,10220003,Bloody Run Creek Site #1 (BR01),06/26/2001 11:45:00,SNY319,PHOSP-PHOSP,Phosphate-phosphorus (as P),Total,,0.1,mg/l,False,0.1,,,Unknown,SNY001,Actual,SW,Water,,,Clayton,07060001,River/Stream,,43.0404991,-91.2055504
6,10220003,Bloody Run Creek Site #1 (BR01),09/11/2001 12:45:00,SNY319,PHOSP-PHOSP,Phosphate-phosphorus (as P),Total,,0.09,mg/l,True,0.02,,,Unknown,SNY001,Actual,SW,Water,,,Clayton,07060001,River/Stream,,43.0404991,-91.2055504
6,10220003,Bloody Run Creek Site #1 (BR01),08/21/2001 11:10:00,SNY319,PHOSP-PHOSP,Phosphate-phosphorus (as P),Total,,0.02,mg/l,False,0.02,,,Unknown,SNY001,Actual,SW,Water,,,Clayton,07060001,River/Stream,,43.0404991,-91.2055504
6,10220003,Bloody Run Creek Site #1 (BR01),09/18/2001 11:00:00,SNY319,PHOSP-PHOSP,Phosphate-phosphorus (as P),Total,,0.18,mg/l,True,0.02,,,Unknown,SNY001,Actual,SW,Water,,,Clayton,07060001,River/Stream,,43.0404991,-91.2055504
6,10220003,Bloody Run Creek Site #1 (BR01),10/03/1995 15:30:00,SNY319,PHOSP-PHOSP,Phosphate-phosphorus (as P),Total,,0.1,mg/l,False,0.1,,,Unknown,SNY001,Actual,SW,Water,,,Clayton,07060001,River/Stream,,43.0404991,-91.2055504
6,10220003,Bloody Run Creek Site #1 (BR01),04/04/2000 12:00:00,SNY319,PHOSP-PHOSP,Phosphate-phosphorus (as P),Total,,0.1,mg/l,False,0.1,,,Unknown,SNY001,Actual,SW,Water,,,Clayton,07060001,River/Stream,,43.0404991,-91.2055504
6,10220003,Bloody Run Creek Site #1 (BR01),09/12/2000 12:10:00,SNY319,PHOSP-PHOSP,Phosphate-phosphorus (as P),Total,,0.1,mg/l,False,0.1,,,Unknown,SNY001,Actual,SW,Water,,,Clayton,07060001,River/Stream,,43.0404991,-91.2055504
6,10220003,Bloody Run Creek Site #1 (BR01),08/22/2000 11:45:00,SNY319,PHOSP-PHOSP,Phosphate-phosphorus (as P),Total,,0.1,mg/l,False,0.1,,,Unknown,SNY001,Actual,SW,Water,,,Clayton,07060001,River/Stream,,43.0404991,-91.2055504
6,10220003,Bloody Run Creek Site #1 (BR01),08/15/2000 12:25:00,SNY319,PHOSP-PHOSP,Phosphate-phosphorus (as P),Total,,0.1,mg/l,True,0.1,,,Unknown,SNY001,Actual,SW,Water,,,Clayton,07060001,River/Stream,,43.0404991,-91.2055504
6,10220003,Bloody Run Creek Site #1 (BR01),07/25/2000 12:10:00,SNY319,PHOSP-PHOSP,Phosphate-phosphorus (as P),Total,,0.1,mg/l,False,0.1,,,Unknown,SNY001,Actual,SW,Water,,,Clayton,07060001,River/Stream,,43.0404991,-91.2055504
6,10220003,Bloody Run Creek Site #1 (BR01),07/18/2000 12:15:00,SNY319,PHOSP-PHOSP,Phosphate-phosphorus (as P),Total,,0.1,mg/l,False,0.1,,,Unknown,SNY001,Actual,SW,Water,,,Clayton,07060001,River/Stream,,43.0404991,-91.2055504
6,10220003,Bloody Run Creek Site #1 (BR01),06/27/2000 12:55:00,SNY319,PHOSP-PHOSP,Phosphate-phosphorus (as P),Total,,0.1,mg/l,True,0.1,,,Unknown,SNY001,Actual,SW,Water,,,Clayton,07060001,River/Stream,,43.0404991,-91.2055504
6,10220003,Bloody Run Creek Site #1 (BR01),06/06/2000 11:30:00,SNY319,PHOSP-PHOSP,Phosphate-phosphorus (as P),Total,,0.2,mg/l,True,0.1,,,Unknown,SNY001,Actual,SW,Water,,,Clayton,07060001,River/Stream,,43.0404991,-91.2055504
6,10220003,Bloody Run Creek Site #1 (BR01),05/30/2000 13:35:00,SNY319,PHOSP-PHOSP,Phosphate-phosphorus (as P),Total,,0.2,mg/l,True,0.1,,,Unknown,SNY001,Actual,SW,Water,,,Clayton,07060001,River/Stream,,43.0404991,-91.2055504
6,10220003,Bloody Run Creek Site #1 (BR01),05/09/2000 12:25:00,SNY319,PHOSP-PHOSP,Phosphate-phosphorus (as P),Total,,0.5,mg/l,True,0.1,,,Unknown,SNY001,Actual,SW,Water,,,Clayton,07060001,River/Stream,,43.0404991,-91.2055504
6,10220003,Bloody Run Creek Site #1 (BR01),05/02/2000 12:30:00,SNY319,PHOSP-PHOSP,Phosphate-phosphorus (as P),Total,,0.1,mg/l,False,0.1,,,Unknown,SNY001,Actual,SW,Water,,,Clayton,07060001,River/Stream,,43.0404991,-91.2055504
6,10220003,Bloody Run Creek Site #1 (BR01),04/11/2000 13:10:00,SNY319,PHOSP-PHOSP,Phosphate-phosphorus (as P),Total,,0.1,mg/l,True,0.1,,,Unknown,SNY001,Actual,SW,Water,,,Clayton,07060001,River/Stream,,43.0404991,-91.2055504
6,10220003,Bloody Run Creek Site #1 (BR01),03/14/2000 12:15:00,SNY319,PHOSP-PHOSP,Phosphate-phosphorus (as P),Total,,0.1,mg/l,True,0.1,,,Unknown,SNY001,Actual,SW,Water,,,Clayton,07060001,River/Stream,,43.0404991,-91.2055504
6,10220003,Bloody Run Creek Site #1 (BR01),02/22/2000 12:50:00,SNY319,PHOSP-PHOSP,Phosphate-phosphorus (as P),Total,,0.1,mg/l,False,0.1,,,Unknown,SNY001,Actual,SW,Water,,,Clayton,07060001,River/Stream,,43.0404991,-91.2055504
6,10220003,Bloody Run Creek Site #1 (BR01),03/07/2000 11:25:00,SNY319,PHOSP-PHOSP,Phosphate-phosphorus (as P),Total,,0.4,mg/l,True,0.1,,,Unknown,SNY001,Actual,SW,Water,,,Clayton,07060001,River/Stream,,43.0404991,-91.2055504
6,10220003,Bloody Run Creek Site #1 (BR01),02/15/2000 12:20:00,SNY319,PHOSP-PHOSP,Phosphate-phosphorus (as P),Total,,0.1,mg/l,False,0.1,,,Unknown,SNY001,Actual,SW,Water,,,Clayton,07060001,River/Stream,,43.0404991,-91.2055504
6,10220003,Bloody Run Creek Site #1 (BR01),01/25/2000 12:25:00,SNY319,PHOSP-PHOSP,Phosphate-phosphorus (as P),Total,,0.1,mg/l,False,0.1,,,Unknown,SNY001,Actual,SW,Water,,,Clayton,07060001,River/Stream,,43.0404991,-91.2055504
6,10220003,Bloody Run Creek Site #1 (BR01),01/18/2000 12:20:00,SNY319,PHOSP-PHOSP,Phosphate-phosphorus (as P),Total,,0.1,mg/l,False,0.1,,,Unknown,SNY001,Actual,SW,Water,,,Clayton,07060001,River/Stream,,43.0404991,-91.2055504
6,10220003,Bloody Run Creek Site #1 (BR01),12/28/1999 13:00:00,SNY319,PHOSP-PHOSP,Phosphate-phosphorus (as P),Total,,0.1,mg/l,False,0.1,,,Unknown,SNY001,Actual,SW,Water,,,Clayton,07060001,River/Stream,,43.0404991,-91.2055504
6,10220003,Bloody Run Creek Site #1 (BR01),12/21/1999 11:55:00,SNY319,PHOSP-PHOSP,Phosphate-phosphorus (as P),Total,,0.1,mg/l,False,0.1,,,Unknown,SNY001,Actual,SW,Water,,,Clayton,07060001,River/Stream,,43.0404991,-91.2055504
6,10220003,Bloody Run Creek Site #1 (BR01),11/30/1999 12:55:00,SNY319,PHOSP-PHOSP,Phosphate-phosphorus (as P),Total,,0.1,mg/l,True,0.1,,,Unknown,SNY001,Actual,SW,Water,,,Clayton,07060001,River/Stream,,43.0404991,-91.2055504
6,10220003,Bloody Run Creek Site #1 (BR01),11/23/1999 12:40:00,SNY319,PHOSP-PHOSP,Phosphate-phosphorus (as P),Total,,0.2,mg/l,True,0.1,,,Unknown,SNY001,Actual,SW,Water,,,Clayton,07060001,River/Stream,,43.0404991,-91.2055504
6,10220003,Bloody Run Creek Site #1 (BR01),11/02/1999 12:30:00,SNY319,PHOSP-PHOSP,Phosphate-phosphorus (as P),Total,,0.1,mg/l,False,0.1,,,Unknown,SNY001,Actual,SW,Water,,,Clayton,07060001,River/Stream,,43.0404991,-91.2055504
6,10220003,Bloody Run Creek Site #1 (BR01),10/26/1999 12:30:00,SNY319,PHOSP-PHOSP,Phosphate-phosphorus (as P),Total,,0.1,mg/l,False,0.1,,,Unknown,SNY001,Actual,SW,Water,,,Clayton,07060001,River/Stream,,43.0404991,-91.2055504
6,10220003,Bloody Run Creek Site #1 (BR01),09/28/1999 12:00:00,SNY319,PHOSP-PHOSP,Phosphate-phosphorus (as P),Total,,0.6,mg/l,True,0.1,,,Unknown,SNY001,Actual,SW,Water,,,Clayton,07060001,River/Stream,,43.0404991,-91.2055504
6,10220003,Bloody Run Creek Site #1 (BR01),10/05/1999 11:10:00,SNY319,PHOSP-PHOSP,Phosphate-phosphorus (as P),Total,,0.1,mg/l,False,0.1,,,Unknown,SNY001,Actual,SW,Water,,,Clayton,07060001,River/Stream,,43.0404991,-91.2055504
6,10220003,Bloody Run Creek Site #1 (BR01),08/24/1999 11:40:00,SNY319,PHOSP-PHOSP,Phosphate-phosphorus (as P),Total,,0.1,mg/l,True,0.1,,,Unknown,SNY001,Actual,SW,Water,,,Clayton,07060001,River/Stream,,43.0404991,-91.2055504
6,10220003,Bloody Run Creek Site #1 (BR01),08/17/1999 11:40:00,SNY319,PHOSP-PHOSP,Phosphate-phosphorus (as P),Total,,0.1,mg/l,False,0.1,,,Unknown,SNY001,Actual,SW,Water,,,Clayton,07060001,River/Stream,,43.0404991,-91.2055504
6,10220003,Bloody Run Creek Site #1 (BR01),07/06/1999 12:25:00,SNY319,PHOSP-PHOSP,Phosphate-phosphorus (as P),Total,,0.1,mg/l,False,0.1,,,Unknown,SNY001,Actual,SW,Water,,,Clayton,07060001,River/Stream,,43.0404991,-91.2055504
6,10220003,Bloody Run Creek Site #1 (BR01),06/29/1999 12:25:00,SNY319,PHOSP-PHOSP,Phosphate-phosphorus (as P),Total,,0.1,mg/l,False,0.1,,,Unknown,SNY001,Actual,SW,Water,,,Clayton,07060001,River/Stream,,43.0404991,-91.2055504
6,10220003,Bloody Run Creek Site #1 (BR01),06/01/1999 11:55:00,SNY319,PHOSP-PHOSP,Phosphate-phosphorus (as P),Total,,0.1,mg/l,False,0.1,,,Unknown,SNY001,Actual,SW,Water,,,Clayton,07060001,River/Stream,,43.0404991,-91.2055504
6,10220003,Bloody Run Creek Site #1 (BR01),05/18/1999 11:25:00,SNY319,PHOSP-PHOSP,Phosphate-phosphorus (as P),Total,,0.6,mg/l,True,0.1,,,Unknown,SNY001,Actual,SW,Water,,,Clayton,07060001,River/Stream,,43.0404991,-91.2055504
6,10220003,Bloody Run Creek Site #1 (BR01),05/25/1999 12:20:00,SNY319,PHOSP-PHOSP,Phosphate-phosphorus (as P),Total,,0.1,mg/l,False,0.1,,,Unknown,SNY001,Actual,SW,Water,,,Clayton,07060001,River/Stream,,43.0404991,-91.2055504
6,10220003,Bloody Run Creek Site #1 (BR01),04/20/1999 10:40:00,SNY319,PHOSP-PHOSP,Phosphate-phosphorus (as P),Total,,0.1,mg/l,False,0.1,,,Unknown,SNY001,Actual,SW,Water,,,Clayton,07060001,River/Stream,,43.0404991,-91.2055504
6,10220003,Bloody Run Creek Site #1 (BR01),04/13/1999 11:55:00,SNY319,PHOSP-PHOSP,Phosphate-phosphorus (as P),Total,,0.1,mg/l,False,0.1,,,Unknown,SNY001,Actual,SW,Water,,,Clayton,07060001,River/Stream,,43.0404991,-91.2055504
6,10220003,Bloody Run Creek Site #1 (BR01),03/16/1999 11:25:00,SNY319,PHOSP-PHOSP,Phosphate-phosphorus (as P),Total,,0.1,mg/l,False,0.1,,,Unknown,SNY001,Actual,SW,Water,,,Clayton,07060001,River/Stream,,43.0404991,-91.2055504
6,10220003,Bloody Run Creek Site #1 (BR01),03/09/1999 12:15:00,SNY319,PHOSP-PHOSP,Phosphate-phosphorus (as P),Total,,0.1,mg/l,False,0.1,,,Unknown,SNY001,Actual,SW,Water,,,Clayton,07060001,River/Stream,,43.0404991,-91.2055504
6,10220003,Bloody Run Creek Site #1 (BR01),03/02/1999 11:30:00,SNY319,PHOSP-PHOSP,Phosphate-phosphorus (as P),Total,,0.1,mg/l,False,0.1,,,Unknown,SNY001,Actual,SW,Water,,,Clayton,07060001,River/Stream,,43.0404991,-91.2055504
6,10220003,Bloody Run Creek Site #1 (BR01),02/02/1999 12:00:00,SNY319,PHOSP-PHOSP,Phosphate-phosphorus (as P),Total,,0.1,mg/l,False,0.1,,,Unknown,SNY001,Actual,SW,Water,,,Clayton,07060001,River/Stream,,43.0404991,-91.2055504
6,10220003,Bloody Run Creek Site #1 (BR01),01/26/1999 12:20:00,SNY319,PHOSP-PHOSP,Phosphate-phosphorus (as P),Total,,0.1,mg/l,False,0.1,,,Unknown,SNY001,Actual,SW,Water,,,Clayton,07060001,River/Stream,,43.0404991,-91.2055504
6,10220003,Bloody Run Creek Site #1 (BR01),12/15/1998 12:00:00,SNY319,PHOSP-PHOSP,Phosphate-phosphorus (as P),Total,,0.1,mg/l,False,0.1,,,Unknown,SNY001,Actual,SW,Water,,,Clayton,07060001,River/Stream,,43.0404991,-91.2055504
6,10220003,Bloody Run Creek Site #1 (BR01),01/19/1999 13:00:00,SNY319,PHOSP-PHOSP,Phosphate-phosphorus (as P),Total,,0.1,mg/l,False,0.1,,,Unknown,SNY001,Actual,SW,Water,,,Clayton,07060001,River/Stream,,43.0404991,-91.2055504
6,10220003,Bloody Run Creek Site #1 (BR01),12/08/1998 11:45:00,SNY319,PHOSP-PHOSP,Phosphate-phosphorus (as P),Total,,0.1,mg/l,False,0.1,,,Unknown,SNY001,Actual,SW,Water,,,Clayton,07060001,River/Stream,,43.0404991,-91.2055504
6,10220003,Bloody Run Creek Site #1 (BR01),12/01/1998 13:10:00,SNY319,PHOSP-PHOSP,Phosphate-phosphorus (as P),Total,,0.1,mg/l,False,0.1,,,Unknown,SNY001,Actual,SW,Water,,,Clayton,07060001,River/Stream,,43.0404991,-91.2055504
6,10220003,Bloody Run Creek Site #1 (BR01),11/03/1998 12:00:00,SNY319,PHOSP-PHOSP,Phosphate-phosphorus (as P),Total,,0.1,mg/l,False,0.1,,,Unknown,SNY001,Actual,SW,Water,,,Clayton,07060001,River/Stream,,43.0404991,-91.2055504
6,10220003,Bloody Run Creek Site #1 (BR01),10/27/1998 12:00:00,SNY319,PHOSP-PHOSP,Phosphate-phosphorus (as P),Total,,0.1,mg/l,False,0.1,,,Unknown,SNY001,Actual,SW,Water,,,Clayton,07060001,River/Stream,,43.0404991,-91.2055504
6,10220003,Bloody Run Creek Site #1 (BR01),10/20/1998 12:25:00,SNY319,PHOSP-PHOSP,Phosphate-phosphorus (as P),Total,,0.1,mg/l,False,0.1,,,Unknown,SNY001,Actual,SW,Water,,,Clayton,07060001,River/Stream,,43.0404991,-91.2055504
6,10220003,Bloody Run Creek Site #1 (BR01),09/22/1998 12:00:00,SNY319,PHOSP-PHOSP,Phosphate-phosphorus (as P),Total,,0.1,mg/l,False,0.1,,,Unknown,SNY001,Actual,SW,Water,,,Clayton,07060001,River/Stream,,43.0404991,-91.2055504
6,10220003,Bloody Run Creek Site #1 (BR01),09/15/1998 11:55:00,SNY319,PHOSP-PHOSP,Phosphate-phosphorus (as P),Total,,0.1,mg/l,True,0.1,,,Unknown,SNY001,Actual,SW,Water,,,Clayton,07060001,River/Stream,,43.0404991,-91.2055504
6,10220003,Bloody Run Creek Site #1 (BR01),08/25/1998 12:35:00,SNY319,PHOSP-PHOSP,Phosphate-phosphorus (as P),Total,,0.1,mg/l,False,0.1,,,Unknown,SNY001,Actual,SW,Water,,,Clayton,07060001,River/Stream,,43.0404991,-91.2055504
6,10220003,Bloody Run Creek Site #1 (BR01),08/18/1998 12:00:00,SNY319,PHOSP-PHOSP,Phosphate-phosphorus (as P),Total,,0.5,mg/l,True,0.1,,,Unknown,SNY001,Actual,SW,Water,,,Clayton,07060001,River/Stream,,43.0404991,-91.2055504
6,10220003,Bloody Run Creek Site #1 (BR01),07/28/1998 12:45:00,SNY319,PHOSP-PHOSP,Phosphate-phosphorus (as P),Total,,0.1,mg/l,False,0.1,,,Unknown,SNY001,Actual,SW,Water,,,Clayton,07060001,River/Stream,,43.0404991,-91.2055504
6,10220003,Bloody Run Creek Site #1 (BR01),07/07/1998 12:45:00,SNY319,PHOSP-PHOSP,Phosphate-phosphorus (as P),Total,,0.1,mg/l,True,0.1,,,Unknown,SNY001,Actual,SW,Water,,,Clayton,07060001,River/Stream,,43.0404991,-91.2055504
6,10220003,Bloody Run Creek Site #1 (BR01),06/30/1998 13:15:00,SNY319,PHOSP-PHOSP,Phosphate-phosphorus (as P),Total,,0.2,mg/l,True,0.1,,,Unknown,SNY001,Actual,SW,Water,,,Clayton,07060001,River/Stream,,43.0404991,-91.2055504
6,10220003,Bloody Run Creek Site #1 (BR01),05/05/1998 13:50:00,SNY319,PHOSP-PHOSP,Phosphate-phosphorus (as P),Total,,0.1,mg/l,False,0.1,,,Unknown,SNY001,Actual,SW,Water,,,Clayton,07060001,River/Stream,,43.0404991,-91.2055504
6,10220003,Bloody Run Creek Site #1 (BR01),06/09/1998 12:20:00,SNY319,PHOSP-PHOSP,Phosphate-phosphorus (as P),Total,,0.1,mg/l,False,0.1,,,Unknown,SNY001,Actual,SW,Water,,,Clayton,07060001,River/Stream,,43.0404991,-91.2055504
6,10220003,Bloody Run Creek Site #1 (BR01),06/02/1998 13:20:00,SNY319,PHOSP-PHOSP,Phosphate-phosphorus (as P),Total,,0.1,mg/l,False,0.1,,,Unknown,SNY001,Actual,SW,Water,,,Clayton,07060001,River/Stream,,43.0404991,-91.2055504
6,10220003,Bloody Run Creek Site #1 (BR01),05/12/1998 12:10:00,SNY319,PHOSP-PHOSP,Phosphate-phosphorus (as P),Total,,0.1,mg/l,False,0.1,,,Unknown,SNY001,Actual,SW,Water,,,Clayton,07060001,River/Stream,,43.0404991,-91.2055504
6,10220003,Bloody Run Creek Site #1 (BR01),04/21/1998 12:15:00,SNY319,PHOSP-PHOSP,Phosphate-phosphorus (as P),Total,,0.1,mg/l,False,0.1,,,Unknown,SNY001,Actual,SW,Water,,,Clayton,07060001,River/Stream,,43.0404991,-91.2055504
6,10220003,Bloody Run Creek Site #1 (BR01),04/14/1998 12:15:00,SNY319,PHOSP-PHOSP,Phosphate-phosphorus (as P),Total,,0.1,mg/l,False,0.1,,,Unknown,SNY001,Actual,SW,Water,,,Clayton,07060001,River/Stream,,43.0404991,-91.2055504
6,10220003,Bloody Run Creek Site #1 (BR01),03/24/1998 11:45:00,SNY319,PHOSP-PHOSP,Phosphate-phosphorus (as P),Total,,0.1,mg/l,False,0.1,,,Unknown,SNY001,Actual,SW,Water,,,Clayton,07060001,River/Stream,,43.0404991,-91.2055504
6,10220003,Bloody Run Creek Site #1 (BR01),02/17/1998 09:30:00,SNY319,PHOSP-PHOSP,Phosphate-phosphorus (as P),Total,,0.3,mg/l,True,0.1,,,Unknown,SNY001,Actual,SW,Water,,,Clayton,07060001,River/Stream,,43.0404991,-91.2055504
6,10220003,Bloody Run Creek Site #1 (BR01),02/24/1998 12:05:00,SNY319,PHOSP-PHOSP,Phosphate-phosphorus (as P),Total,,0.1,mg/l,False,0.1,,,Unknown,SNY001,Actual,SW,Water,,,Clayton,07060001,River/Stream,,43.0404991,-91.2055504
6,10220003,Bloody Run Creek Site #1 (BR01),03/17/1998 12:45:00,SNY319,PHOSP-PHOSP,Phosphate-phosphorus (as P),Total,,0.1,mg/l,False,0.1,,,Unknown,SNY001,Actual,SW,Water,,,Clayton,07060001,River/Stream,,43.0404991,-91.2055504
6,10220003,Bloody Run Creek Site #1 (BR01),01/27/1998 12:20:00,SNY319,PHOSP-PHOSP,Phosphate-phosphorus (as P),Total,,0.1,mg/l,False,0.1,,,Unknown,SNY001,Actual,SW,Water,,,Clayton,07060001,River/Stream,,43.0404991,-91.2055504
6,10220003,Bloody Run Creek Site #1 (BR01),01/20/1998 10:00:00,SNY319,PHOSP-PHOSP,Phosphate-phosphorus (as P),Total,,0.1,mg/l,False,0.1,,,Unknown,SNY001,Actual,SW,Water,,,Clayton,07060001,River/Stream,,43.0404991,-91.2055504
6,10220003,Bloody Run Creek Site #1 (BR01),12/16/1997 12:00:00,SNY319,PHOSP-PHOSP,Phosphate-phosphorus (as P),Total,,0.1,mg/l,False,0.1,,,Unknown,SNY001,Actual,SW,Water,,,Clayton,07060001,River/Stream,,43.0404991,-91.2055504
6,10220003,Bloody Run Creek Site #1 (BR01),12/09/1997 12:05:00,SNY319,PHOSP-PHOSP,Phosphate-phosphorus (as P),Total,,0.1,mg/l,False,0.1,,,Unknown,SNY001,Actual,SW,Water,,,Clayton,07060001,River/Stream,,43.0404991,-91.2055504
6,10220003,Bloody Run Creek Site #1 (BR01),11/18/1997 10:00:00,SNY319,PHOSP-PHOSP,Phosphate-phosphorus (as P),Total,,0.1,mg/l,False,0.1,,,Unknown,SNY001,Actual,SW,Water,,,Clayton,07060001,River/Stream,,43.0404991,-91.2055504
6,10220003,Bloody Run Creek Site #1 (BR01),11/11/1997 11:30:00,SNY319,PHOSP-PHOSP,Phosphate-phosphorus (as P),Total,,0.1,mg/l,False,0.1,,,Unknown,SNY001,Actual,SW,Water,,,Clayton,07060001,River/Stream,,43.0404991,-91.2055504
6,10220003,Bloody Run Creek Site #1 (BR01),10/21/1997 11:05:00,SNY319,PHOSP-PHOSP,Phosphate-phosphorus (as P),Total,,0.1,mg/l,False,0.1,,,Unknown,SNY001,Actual,SW,Water,,,Clayton,07060001,River/Stream,,43.0404991,-91.2055504
6,10220003,Bloody Run Creek Site #1 (BR01),10/14/1997 11:50:00,SNY319,PHOSP-PHOSP,Phosphate-phosphorus (as P),Total,,0.2,mg/l,True,0.1,,,Unknown,SNY001,Actual,SW,Water,,,Clayton,07060001,River/Stream,,43.0404991,-91.2055504
6,10220003,Bloody Run Creek Site #1 (BR01),09/23/1997 11:50:00,SNY319,PHOSP-PHOSP,Phosphate-phosphorus (as P),Total,,0.1,mg/l,False,0.1,,,Unknown,SNY001,Actual,SW,Water,,,Clayton,07060001,River/Stream,,43.0404991,-91.2055504
6,10220003,Bloody Run Creek Site #1 (BR01),09/16/1997 10:00:00,SNY319,PHOSP-PHOSP,Phosphate-phosphorus (as P),Total,,0.1,mg/l,False,0.1,,,Unknown,SNY001,Actual,SW,Water,,,Clayton,07060001,River/Stream,,43.0404991,-91.2055504
6,10220003,Bloody Run Creek Site #1 (BR01),08/26/1997 11:55:00,SNY319,PHOSP-PHOSP,Phosphate-phosphorus (as P),Total,,0.1,mg/l,False,0.1,,,Unknown,SNY001,Actual,SW,Water,,,Clayton,07060001,River/Stream,,43.0404991,-91.2055504
6,10220003,Bloody Run Creek Site #1 (BR01),08/19/1997 10:00:00,SNY319,PHOSP-PHOSP,Phosphate-phosphorus (as P),Total,,0.1,mg/l,False,0.1,,,Unknown,SNY001,Actual,SW,Water,,,Clayton,07060001,River/Stream,,43.0404991,-91.2055504
6,10220003,Bloody Run Creek Site #1 (BR01),07/28/1997 14:10:00,SNY319,PHOSP-PHOSP,Phosphate-phosphorus (as P),Total,,0.1,mg/l,True,0.1,,,Unknown,SNY001,Actual,SW,Water,,,Clayton,07060001,River/Stream,,43.0404991,-91.2055504
6,10220003,Bloody Run Creek Site #1 (BR01),07/22/1997 11:40:00,SNY319,PHOSP-PHOSP,Phosphate-phosphorus (as P),Total,,0.1,mg/l,True,0.1,,,Unknown,SNY001,Actual,SW,Water,,,Clayton,07060001,River/Stream,,43.0404991,-91.2055504
6,10220003,Bloody Run Creek Site #1 (BR01),07/01/1997 11:30:00,SNY319,PHOSP-PHOSP,Phosphate-phosphorus (as P),Total,,0.1,mg/l,False,0.1,,,Unknown,SNY001,Actual,SW,Water,,,Clayton,07060001,River/Stream,,43.0404991,-91.2055504
6,10220003,Bloody Run Creek Site #1 (BR01),06/24/1997 13:35:00,SNY319,PHOSP-PHOSP,Phosphate-phosphorus (as P),Total,,0.1,mg/l,True,0.1,,,Unknown,SNY001,Actual,SW,Water,,,Clayton,07060001,River/Stream,,43.0404991,-91.2055504
6,10220003,Bloody Run Creek Site #1 (BR01),06/03/1997 11:45:00,SNY319,PHOSP-PHOSP,Phosphate-phosphorus (as P),Total,,0.1,mg/l,False,0.1,,,Unknown,SNY001,Actual,SW,Water,,,Clayton,07060001,River/Stream,,43.0404991,-91.2055504
6,10220003,Bloody Run Creek Site #1 (BR01),05/26/1997 13:35:00,SNY319,PHOSP-PHOSP,Phosphate-phosphorus (as P),Total,,0.1,mg/l,True,0.1,,,Unknown,SNY001,Actual,SW,Water,,,Clayton,07060001,River/Stream,,43.0404991,-91.2055504
6,10220003,Bloody Run Creek Site #1 (BR01),04/15/1997 12:50:00,SNY319,PHOSP-PHOSP,Phosphate-phosphorus (as P),Total,,0.1,mg/l,False,0.1,,,Unknown,SNY001,Actual,SW,Water,,,Clayton,07060001,River/Stream,,43.0404991,-91.2055504
6,10220003,Bloody Run Creek Site #1 (BR01),10/08/1996 13:50:00,SNY319,PHOSP-PHOSP,Phosphate-phosphorus (as P),Total,,0.1,mg/l,False,0.1,,,Unknown,SNY001,Actual,SW,Water,,,Clayton,07060001,River/Stream,,43.0404991,-91.2055504
6,10220003,Bloody Run Creek Site #1 (BR01),05/06/1997 12:20:00,SNY319,PHOSP-PHOSP,Phosphate-phosphorus (as P),Total,,0.1,mg/l,False,0.1,,,Unknown,SNY001,Actual,SW,Water,,,Clayton,07060001,River/Stream,,43.0404991,-91.2055504
6,10220003,Bloody Run Creek Site #1 (BR01),04/08/1997 10:45:00,SNY319,PHOSP-PHOSP,Phosphate-phosphorus (as P),Total,,0.1,mg/l,False,0.1,,,Unknown,SNY001,Actual,SW,Water,,,Clayton,07060001,River/Stream,,43.0404991,-91.2055504
6,10220003,Bloody Run Creek Site #1 (BR01),03/18/1997 12:10:00,SNY319,PHOSP-PHOSP,Phosphate-phosphorus (as P),Total,,0.8,mg/l,True,0.1,,,Unknown,SNY001,Actual,SW,Water,,,Clayton,07060001,River/Stream,,43.0404991,-91.2055504
6,10220003,Bloody Run Creek Site #1 (BR01),03/11/1997 11:45:00,SNY319,PHOSP-PHOSP,Phosphate-phosphorus (as P),Total,,0.5,mg/l,True,0.1,,,Unknown,SNY001,Actual,SW,Water,,,Clayton,07060001,River/Stream,,43.0404991,-91.2055504
6,10220003,Bloody Run Creek Site #1 (BR01),02/18/1997 12:30:00,SNY319,PHOSP-PHOSP,Phosphate-phosphorus (as P),Total,,0.1,mg/l,False,0.1,,,Unknown,SNY001,Actual,SW,Water,,,Clayton,07060001,River/Stream,,43.0404991,-91.2055504
6,10220003,Bloody Run Creek Site #1 (BR01),02/11/1997 13:50:00,SNY319,PHOSP-PHOSP,Phosphate-phosphorus (as P),Total,,0.1,mg/l,False,0.1,,,Unknown,SNY001,Actual,SW,Water,,,Clayton,07060001,River/Stream,,43.0404991,-91.2055504
6,10220003,Bloody Run Creek Site #1 (BR01),01/21/1997 09:30:00,SNY319,PHOSP-PHOSP,Phosphate-phosphorus (as P),Total,,0.1,mg/l,False,0.1,,,Unknown,SNY001,Actual,SW,Water,,,Clayton,07060001,River/Stream,,43.0404991,-91.2055504
6,10220003,Bloody Run Creek Site #1 (BR01),12/23/1996 11:30:00,SNY319,PHOSP-PHOSP,Phosphate-phosphorus (as P),Total,,0.1,mg/l,False,0.1,,,Unknown,SNY001,Actual,SW,Water,,,Clayton,07060001,River/Stream,,43.0404991,-91.2055504
6,10220003,Bloody Run Creek Site #1 (BR01),12/17/1996 10:55:00,SNY319,PHOSP-PHOSP,Phosphate-phosphorus (as P),Total,,0.1,mg/l,False,0.1,,,Unknown,SNY001,Actual,SW,Water,,,Clayton,07060001,River/Stream,,43.0404991,-91.2055504
6,10220003,Bloody Run Creek Site #1 (BR01),11/26/1996 10:20:00,SNY319,PHOSP-PHOSP,Phosphate-phosphorus (as P),Total,,0.1,mg/l,False,0.1,,,Unknown,SNY001,Actual,SW,Water,,,Clayton,07060001,River/Stream,,43.0404991,-91.2055504
6,10220003,Bloody Run Creek Site #1 (BR01),11/19/1996 09:30:00,SNY319,PHOSP-PHOSP,Phosphate-phosphorus (as P),Total,,0.1,mg/l,False,0.1,,,Unknown,SNY001,Actual,SW,Water,,,Clayton,07060001,River/Stream,,43.0404991,-91.2055504
6,10220003,Bloody Run Creek Site #1 (BR01),10/29/1996 13:05:00,SNY319,PHOSP-PHOSP,Phosphate-phosphorus (as P),Total,,0.1,mg/l,False,0.1,,,Unknown,SNY001,Actual,SW,Water,,,Clayton,07060001,River/Stream,,43.0404991,-91.2055504
6,10220003,Bloody Run Creek Site #1 (BR01),08/29/1995 13:30:00,SNY319,PHOSP-PHOSP,Phosphate-phosphorus (as P),Total,,0.1,mg/l,False,0.1,,,Unknown,SNY001,Actual,SW,Water,,,Clayton,07060001,River/Stream,,43.0404991,-91.2055504
6,10220003,Bloody Run Creek Site #1 (BR01),09/19/1995 10:00:00,SNY319,PHOSP-PHOSP,Phosphate-phosphorus (as P),Total,,0.1,mg/l,False,0.1,,,Unknown,SNY001,Actual,SW,Water,,,Clayton,07060001,River/Stream,,43.0404991,-91.2055504
6,10220003,Bloody Run Creek Site #1 (BR01),10/01/1996 12:45:00,SNY319,PHOSP-PHOSP,Phosphate-phosphorus (as P),Total,,0.1,mg/l,False,0.1,,,Unknown,SNY001,Actual,SW,Water,,,Clayton,07060001,River/Stream,,43.0404991,-91.2055504
6,10220003,Bloody Run Creek Site #1 (BR01),07/11/1995 15:40:00,SNY319,PHOSP-PHOSP,Phosphate-phosphorus (as P),Total,,0.2,mg/l,True,0.1,,,Unknown,SNY001,Actual,SW,Water,,,Clayton,07060001,River/Stream,,43.0404991,-91.2055504
6,10220003,Bloody Run Creek Site #1 (BR01),06/20/1995 09:30:00,SNY319,PHOSP-PHOSP,Phosphate-phosphorus (as P),Total,,0.1,mg/l,False,0.1,,,Unknown,SNY001,Actual,SW,Water,,,Clayton,07060001,River/Stream,,43.0404991,-91.2055504
6,10220003,Bloody Run Creek Site #1 (BR01),08/22/1995 13:30:00,SNY319,PHOSP-PHOSP,Phosphate-phosphorus (as P),Total,,0.1,mg/l,False,0.1,,,Unknown,SNY001,Actual,SW,Water,,,Clayton,07060001,River/Stream,,43.0404991,-91.2055504
6,10220003,Bloody Run Creek Site #1 (BR01),08/08/1995 13:50:00,SNY319,PHOSP-PHOSP,Phosphate-phosphorus (as P),Total,,0.1,mg/l,False,0.1,,,Unknown,SNY001,Actual,SW,Water,,,Clayton,07060001,River/Stream,,43.0404991,-91.2055504
6,10220003,Bloody Run Creek Site #1 (BR01),07/18/1995 14:15:00,SNY319,PHOSP-PHOSP,Phosphate-phosphorus (as P),Total,,0.1,mg/l,False,0.1,,,Unknown,SNY001,Actual,SW,Water,,,Clayton,07060001,River/Stream,,43.0404991,-91.2055504
6,10220003,Bloody Run Creek Site #1 (BR01),08/01/1995 09:30:00,SNY319,PHOSP-PHOSP,Phosphate-phosphorus (as P),Total,,0.1,mg/l,True,0.1,,,Unknown,SNY001,Actual,SW,Water,,,Clayton,07060001,River/Stream,,43.0404991,-91.2055504
6,10220002,Volga River near Elkport,05/07/2020 12:30:00,AMBIENT,PHOSP-PHOSP,Phosphate-phosphorus (AS P),Total,,0.04,mg/l,True,0.02,,,LAC 10-115-01-1F,UHL001,Actual,SW,Water,,,Clayton,07060004,River/Stream,,42.7497293,-91.2767798
6,10220002,Volga River near Elkport,06/04/2020 12:35:00,AMBIENT,PHOSP-PHOSP,Phosphate-phosphorus (AS P),Total,,0.17,mg/l,True,0.1,,,LAC 10-115-01-2B,UHL001,Actual,SW,Water,,,Clayton,07060004,River/Stream,,42.7497293,-91.2767798
6,10220001,Turkey River near Garber,06/04/2020 12:20:00,AMBIENT,PHOSP-PHOSP,Phosphate-phosphorus (AS P),Total,,0.22,mg/l,True,0.1,,,LAC 10-115-01-2B,UHL001,Actual,SW,Water,,,Clayton,07060004,River/Stream,,42.739547,-91.2619757
6,10220001,Turkey River near Garber,07/08/2020 12:20:00,AMBIENT,PHOSP-PHOSP,Phosphate-phosphorus (AS P),Total,,0.12,mg/l,True,0.02,,,LAC 10-115-01-1F,UHL001,Actual,SW,Water,,,Clayton,07060004,River/Stream,,42.739547,-91.2619757
6,10220002,Volga River near Elkport,07/08/2020 12:40:00,AMBIENT,PHOSP-PHOSP,Phosphate-phosphorus (AS P),Total,,0.1,mg/l,True,0.02,,,LAC 10-115-01-1F,UHL001,Actual,SW,Water,,,Clayton,07060004,River/Stream,,42.7497293,-91.2767798
6,10220001,Turkey River near Garber,08/06/2020 12:30:00,AMBIENT,PHOSP-PHOSP,Phosphate-phosphorus (AS P),Total,,0.06,mg/l,True,0.02,,,LAC 10-115-01-1F,UHL001,Actual,SW,Water,,,Clayton,07060004,River/Stream,,42.739547,-91.2619757
6,10220002,Volga River near Elkport,08/06/2020 12:50:00,AMBIENT,PHOSP-PHOSP,Phosphate-phosphorus (AS P),Total,,0.06,mg/l,True,0.02,,,LAC 10-115-01-1F,UHL001,Actual,SW,Water,,,Clayton,07060004,River/Stream,,42.7497293,-91.2767798
6,11220008,Volga River at Littleport (32),05/01/2003 14:00:00,EVENT,PHOSP-PHOSP,Phosphate-phosphorus (as P),Total,,0.32,mg/l,True,0.05,,,365.4,UHL001,Actual,SW,Water,,,Clayton,07060004,River/Stream,,42.7536427,-91.3691492
6,10220002,Volga River near Elkport,09/05/2019 10:15:00,AMBIENT,PHOSP-PHOSP,Phosphate-phosphorus (AS P),Total,,0.06,mg/l,True,0.02,,,LAC 10-115-01-1F,UHL001,Actual,SW,Water,,,Clayton,07060004,River/Stream,,42.7497293,-91.2767798
6,10220001,Turkey River near Garber,10/02/2019 09:20:00,AMBIENT,PHOSP-PHOSP,Phosphate-phosphorus (AS P),Total,,2.4,mg/l,True,0.1,,,LAC 10-115-01-2B,UHL001,Actual,SW,Water,,,Clayton,07060004,River/Stream,,42.739547,-91.2619757
6,10220002,Volga River near Elkport,10/02/2019 09:00:00,AMBIENT,PHOSP-PHOSP,Phosphate-phosphorus (AS P),Total,,2.2,mg/l,True,0.1,,,LAC 10-115-01-2B,UHL001,Actual,SW,Water,,,Clayton,07060004,River/Stream,,42.7497293,-91.2767798
6,10220001,Turkey River near Garber,12/05/2019 11:25:00,AMBIENT,PHOSP-PHOSP,Phosphate-phosphorus (AS P),Total,,0.09,mg/l,True,0.02,,,LAC 10-115-01-1F,UHL001,Actual,SW,Water,,,Clayton,07060004,River/Stream,,42.739547,-91.2619757
6,10220002,Volga River near Elkport,12/05/2019 11:45:00,AMBIENT,PHOSP-PHOSP,Phosphate-phosphorus (AS P),Total,,0.07,mg/l,True,0.02,,,LAC 10-115-01-1F,UHL001,Actual,SW,Water,,,Clayton,07060004,River/Stream,,42.7497293,-91.2767798
6,10220001,Turkey River near Garber,11/05/2019 12:15:00,AMBIENT,PHOSP-PHOSP,Phosphate-phosphorus (AS P),Total,,0.08,mg/l,True,0.02,,,LAC 10-115-01-1F,UHL001,Actual,SW,Water,,,Clayton,07060004,River/Stream,,42.739547,-91.2619757
6,10220002,Volga River near Elkport,11/05/2019 12:40:00,AMBIENT,PHOSP-PHOSP,Phosphate-phosphorus (AS P),Total,,0.06,mg/l,True,0.02,,,LAC 10-115-01-1F,UHL001,Actual,SW,Water,,,Clayton,07060004,River/Stream,,42.7497293,-91.2767798
6,10220001,Turkey River near Garber,01/07/2020 12:25:00,AMBIENT,PHOSP-PHOSP,Phosphate-phosphorus (AS P),Total,,0.14,mg/l,True,0.1,,,LAC 10-115-01-2B,UHL001,Actual,SW,Water,,,Clayton,07060004,River/Stream,,42.739547,-91.2619757
6,10220002,Volga River near Elkport,01/07/2020 12:40:00,AMBIENT,PHOSP-PHOSP,Phosphate-phosphorus (AS P),Total,,0.05,mg/l,True,0.02,,,LAC 10-115-01-1F,UHL001,Actual,SW,Water,,,Clayton,07060004,River/Stream,,42.7497293,-91.2767798
6,10220001,Turkey River near Garber,02/04/2020 10:45:00,AMBIENT,PHOSP-PHOSP,Phosphate-phosphorus (AS P),Total,,0.05,mg/l,True,0.02,,,LAC 10-115-01-1F,UHL001,Actual,SW,Water,,,Clayton,07060004,River/Stream,,42.739547,-91.2619757
6,10220002,Volga River near Elkport,02/04/2020 11:10:00,AMBIENT,PHOSP-PHOSP,Phosphate-phosphorus (AS P),Total,,0.06,mg/l,True,0.02,,,LAC 10-115-01-1F,UHL001,Actual,SW,Water,,,Clayton,07060004,River/Stream,,42.7497293,-91.2767798
6,10220002,Volga River near Elkport,03/03/2020 12:45:00,AMBIENT,PHOSP-PHOSP,Phosphate-phosphorus (AS P),Total,,0.18,mg/l,True,0.1,,,LAC 10-115-01-2B,UHL001,Actual,SW,Water,,,Clayton,07060004,River/Stream,,42.7497293,-91.2767798
6,10220001,Turkey River near Garber,03/03/2020 12:30:00,AMBIENT,PHOSP-PHOSP,Phosphate-phosphorus (AS P),Total,,0.15,mg/l,True,0.1,,,LAC 10-115-01-2B,UHL001,Actual,SW,Water,,,Clayton,07060004,River/Stream,,42.739547,-91.2619757
6,10220001,Turkey River near Garber,04/07/2020 10:40:00,AMBIENT,PHOSP-PHOSP,Phosphate-phosphorus (AS P),Total,,0.07,mg/l,True,0.02,,,LAC 10-115-01-1F,UHL001,Actual,SW,Water,,,Clayton,07060004,River/Stream,,42.739547,-91.2619757
6,10220002,Volga River near Elkport,04/07/2020 11:00:00,AMBIENT,PHOSP-PHOSP,Phosphate-phosphorus (AS P),Total,,0.06,mg/l,True,0.02,,,LAC 10-115-01-1F,UHL001,Actual,SW,Water,,,Clayton,07060004,River/Stream,,42.7497293,-91.2767798
6,10220001,Turkey River near Garber,05/07/2020 12:15:00,AMBIENT,PHOSP-PHOSP,Phosphate-phosphorus (AS P),Total,,0.04,mg/l,True,0.02,,,LAC 10-115-01-1F,UHL001,Actual,SW,Water,,,Clayton,07060004,River/Stream,,42.739547,-91.2619757
6,10220002,Volga River near Elkport,09/06/2018 09:00:00,AMBIENT,PHOSP-PHOSP,Phosphate-phosphorus (AS P),Total,,1,mg/l,True,0.1,,,LAC10-115-01-1C,UHL001,Actual,SW,Water,,,Clayton,07060004,River/Stream,,42.7497293,-91.2767798
6,10220001,Turkey River near Garber,08/06/2018 14:50:00,PCALIB,PHOSP-PHOSP,Phosphate-phosphorus (AS P),Total,,1.2,mg/l,True,0.1,,,LAC10-115-01-1C,UHL001,Actual,SW,Water,,,Clayton,07060004,River/Stream,,42.739547,-91.2619757
6,10220001,Turkey River near Garber,06/21/2018 14:10:00,PCALIB,PHOSP-PHOSP,Phosphate-phosphorus (AS P),Total,,0.91,mg/l,True,0.1,,,LAC10-115-01-1C,UHL001,Actual,SW,Water,,,Clayton,07060004,River/Stream,,42.739547,-91.2619757
6,10220001,Turkey River near Garber,09/06/2018 09:20:00,AMBIENT,PHOSP-PHOSP,Phosphate-phosphorus (AS P),Total,,1,mg/l,True,0.1,,,LAC10-115-01-1C,UHL001,Actual,SW,Water,,,Clayton,07060004,River/Stream,,42.739547,-91.2619757
6,10220002,Volga River near Elkport,10/02/2018 09:10:00,AMBIENT,PHOSP-PHOSP,Phosphate-phosphorus (AS P),Total,,1.6,mg/l,True,0.1,,,LAC10-115-01-1C,UHL001,Actual,SW,Water,,,Clayton,07060004,River/Stream,,42.7497293,-91.2767798
6,10220001,Turkey River near Garber,10/02/2018 09:40:00,AMBIENT,PHOSP-PHOSP,Phosphate-phosphorus (AS P),Total,,1.6,mg/l,True,0.1,,,LAC10-115-01-1C,UHL001,Actual,SW,Water,,,Clayton,07060004,River/Stream,,42.739547,-91.2619757
6,10220002,Volga River near Elkport,11/07/2018 09:00:00,AMBIENT,PHOSP-PHOSP,Phosphate-phosphorus (AS P),Total,,0.2,mg/l,True,0.1,,,LAC10-115-01-1C,UHL001,Actual,SW,Water,,,Clayton,07060004,River/Stream,,42.7497293,-91.2767798
6,10220001,Turkey River near Garber,11/07/2018 09:15:00,AMBIENT,PHOSP-PHOSP,Phosphate-phosphorus (AS P),Total,,0.33,mg/l,True,0.1,,,LAC10-115-01-1C,UHL001,Actual,SW,Water,,,Clayton,07060004,River/Stream,,42.739547,-91.2619757
6,10220001,Turkey River near Garber,12/05/2018 10:50:00,AMBIENT,PHOSP-PHOSP,Phosphate-phosphorus (AS P),Total,,0.07,mg/l,True,0.02,,,LAC10-115-01-1D,UHL001,Actual,SW,Water,,,Clayton,07060004,River/Stream,,42.739547,-91.2619757
6,10220002,Volga River near Elkport,12/05/2018 11:15:00,AMBIENT,PHOSP-PHOSP,Phosphate-phosphorus (AS P),Total,,0.07,mg/l,True,0.02,,,LAC10-115-01-1D,UHL001,Actual,SW,Water,,,Clayton,07060004,River/Stream,,42.7497293,-91.2767798
6,10220002,Volga River near Elkport,01/07/2019 12:45:00,AMBIENT,PHOSP-PHOSP,Phosphate-phosphorus (AS P),Total,,1.4,mg/l,True,0.1,,,LAC 10-115-01-2B,UHL001,Actual,SW,Water,,,Clayton,07060004,River/Stream,,42.7497293,-91.2767798
6,10220001,Turkey River near Garber,01/07/2019 12:30:00,AMBIENT,PHOSP-PHOSP,Phosphate-phosphorus (AS P),Total,,0.66,mg/l,True,0.1,,,LAC 10-115-01-2B,UHL001,Actual,SW,Water,,,Clayton,07060004,River/Stream,,42.739547,-91.2619757
6,10220001,Turkey River near Garber,02/07/2019 10:05:00,AMBIENT,PHOSP-PHOSP,Phosphate-phosphorus (AS P),Total,,0.74,mg/l,True,0.1,,,LAC 10-115-01-2B,UHL001,Actual,SW,Water,,,Clayton,07060004,River/Stream,,42.739547,-91.2619757
6,10220002,Volga River near Elkport,02/07/2019 10:30:00,AMBIENT,PHOSP-PHOSP,Phosphate-phosphorus (AS P),Total,,0.47,mg/l,True,0.1,,,LAC 10-115-01-2B,UHL001,Actual,SW,Water,,,Clayton,07060004,River/Stream,,42.7497293,-91.2767798
6,10220001,Turkey River near Garber,03/07/2019 08:30:00,AMBIENT,PHOSP-PHOSP,Phosphate-phosphorus (AS P),Total,,0.08,mg/l,True,0.02,,,LAC 10-115-01-1F,UHL001,Actual,SW,Water,,,Clayton,07060004,River/Stream,,42.739547,-91.2619757
6,10220002,Volga River near Elkport,03/07/2019 08:00:00,AMBIENT,PHOSP-PHOSP,Phosphate-phosphorus (AS P),Total,,0.06,mg/l,True,0.02,,,LAC 10-115-01-1F,UHL001,Actual,SW,Water,,,Clayton,07060004,River/Stream,,42.7497293,-91.2767798
6,10220002,Volga River near Elkport,04/04/2019 08:10:00,AMBIENT,PHOSP-PHOSP,Phosphate-phosphorus (AS P),Total,,0.14,mg/l,True,0.1,,,LAC 10-115-01-2B,UHL001,Actual,SW,Water,,,Clayton,07060004,River/Stream,,42.7497293,-91.2767798
6,10220001,Turkey River near Garber,04/04/2019 08:35:00,AMBIENT,PHOSP-PHOSP,Phosphate-phosphorus (AS P),Total,,0.13,mg/l,True,0.1,,,LAC 10-115-01-2B,UHL001,Actual,SW,Water,,,Clayton,07060004,River/Stream,,42.739547,-91.2619757
6,10220001,Turkey River near Garber,05/07/2019 08:30:00,AMBIENT,PHOSP-PHOSP,Phosphate-phosphorus (AS P),Total,,0.11,mg/l,True,0.1,,,LAC 10-115-01-2B,UHL001,Actual,SW,Water,,,Clayton,07060004,River/Stream,,42.739547,-91.2619757
6,10220002,Volga River near Elkport,05/07/2019 08:05:00,AMBIENT,PHOSP-PHOSP,Phosphate-phosphorus (AS P),Total,,0.07,mg/l,True,0.02,,,LAC 10-115-01-1F,UHL001,Actual,SW,Water,,,Clayton,07060004,River/Stream,,42.7497293,-91.2767798
6,10220001,Turkey River near Garber,06/05/2019 08:00:00,AMBIENT,PHOSP-PHOSP,Phosphate-phosphorus (AS P),Total,,0.46,mg/l,True,0.1,,,LAC 10-115-01-2B,UHL001,Actual,SW,Water,,,Clayton,07060004,River/Stream,,42.739547,-91.2619757
6,10220002,Volga River near Elkport,06/05/2019 07:40:00,AMBIENT,PHOSP-PHOSP,Phosphate-phosphorus (AS P),Total,,0.27,mg/l,True,0.1,,,LAC 10-115-01-2B,UHL001,Actual,SW,Water,,,Clayton,07060004,River/Stream,,42.7497293,-91.2767798
6,10220001,Turkey River near Garber,09/05/2018 12:00:00,PCALIB,PHOSP-PHOSP,Phosphate-phosphorus (AS P),Total,,1.7,mg/l,True,0.2,,,LAC10-115-01-1C,UHL001,Actual,SW,Water,,,Clayton,07060004,River/Stream,,42.739547,-91.2619757
6,10220002,Volga River near Elkport,07/02/2019 09:00:00,AMBIENT,PHOSP-PHOSP,Phosphate-phosphorus (AS P),Total,,0.31,mg/l,True,0.1,,,LAC 10-115-01-2B,UHL001,Actual,SW,Water,,,Clayton,07060004,River/Stream,,42.7497293,-91.2767798
6,10220001,Turkey River near Garber,10/09/2018 14:10:00,PCALIB,PHOSP-PHOSP,Phosphate-phosphorus (AS P),Total,,1.4,mg/l,True,0.1,,,LAC10-115-01-1C,UHL001,Actual,SW,Water,,,Clayton,07060004,River/Stream,,42.739547,-91.2619757
6,10220001,Turkey River near Garber,05/20/2019 12:00:00,PCALIB,PHOSP-PHOSP,Phosphate-phosphorus (AS P),Total,,2.5,mg/l,True,0.1,,,LAC 10-115-01-2B,UHL001,Actual,SW,Water,,,Clayton,07060004,River/Stream,,42.739547,-91.2619757
6,10220001,Turkey River near Garber,07/02/2019 09:30:00,AMBIENT,PHOSP-PHOSP,Phosphate-phosphorus (AS P),Total,,0.49,mg/l,True,0.1,,,LAC 10-115-01-2B,UHL001,Actual,SW,Water,,,Clayton,07060004,River/Stream,,42.739547,-91.2619757
6,10220002,Volga River near Elkport,08/08/2019 09:10:00,AMBIENT,PHOSP-PHOSP,Phosphate-phosphorus (AS P),Total,,0.1,mg/l,True,0.1,,,LAC 10-115-01-2B,UHL001,Actual,SW,Water,,,Clayton,07060004,River/Stream,,42.7497293,-91.2767798
6,10220001,Turkey River near Garber,08/08/2019 09:20:00,AMBIENT,PHOSP-PHOSP,Phosphate-phosphorus (AS P),Total,,0.12,mg/l,True,0.1,,,LAC 10-115-01-2B,UHL001,Actual,SW,Water,,,Clayton,07060004,River/Stream,,42.739547,-91.2619757
6,10220001,Turkey River near Garber,09/05/2019 10:00:00,AMBIENT,PHOSP-PHOSP,Phosphate-phosphorus (AS P),Total,,0.07,mg/l,True,0.02,,,LAC 10-115-01-1F,UHL001,Actual,SW,Water,,,Clayton,07060004,River/Stream,,42.739547,-91.2619757
6,10220002,Volga River near Elkport,09/01/2016 08:30:00,AMBIENT,PHOSP-PHOSP,Phosphate-phosphorus (AS P),Total,,0.12,mg/l,True,0.02,,,LAC10-115-01-1D,UHL001,Actual,SW,Water,,,Clayton,07060004,River/Stream,,42.7497293,-91.2767798
6,10220002,Volga River near Elkport,10/03/2016 07:40:00,AMBIENT,PHOSP-PHOSP,Phosphate-phosphorus (AS P),Total,,0.16,mg/l,True,0.02,,,LAC10-115-01-1D,UHL001,Actual,SW,Water,,,Clayton,07060004,River/Stream,,42.7497293,-91.2767798
6,10220001,Turkey River near Garber,10/03/2016 08:00:00,AMBIENT,PHOSP-PHOSP,Phosphate-phosphorus (AS P),Total,,0.19,mg/l,True,0.02,,,LAC10-115-01-1D,UHL001,Actual,SW,Water,,,Clayton,07060004,River/Stream,,42.739547,-91.2619757
6,10220002,Volga River near Elkport,12/07/2016 09:20:00,AMBIENT,PHOSP-PHOSP,Phosphate-phosphorus (AS P),Total,,0.1,mg/l,True,0.1,,,LAC10-115-01-1C,UHL001,Actual,SW,Water,,,Clayton,07060004,River/Stream,,42.7497293,-91.2767798
6,10220002,Volga River near Elkport,11/01/2016 11:35:00,AMBIENT,PHOSP-PHOSP,Phosphate-phosphorus (AS P),Total,,0.14,mg/l,True,0.02,,,LAC10-115-01-1D,UHL001,Actual,SW,Water,,,Clayton,07060004,River/Stream,,42.7497293,-91.2767798
6,10220001,Turkey River near Garber,11/01/2016 11:50:00,AMBIENT,PHOSP-PHOSP,Phosphate-phosphorus (AS P),Total,,0.18,mg/l,True,0.02,,,LAC10-115-01-1D,UHL001,Actual,SW,Water,,,Clayton,07060004,River/Stream,,42.739547,-91.2619757
6,10220001,Turkey River near Garber,12/07/2016 09:40:00,AMBIENT,PHOSP-PHOSP,Phosphate-phosphorus (AS P),Total,,0.11,mg/l,True,0.1,,,LAC10-115-01-1C,UHL001,Actual,SW,Water,,,Clayton,07060004,River/Stream,,42.739547,-91.2619757
6,10220002,Volga River near Elkport,01/05/2017 11:30:00,AMBIENT,PHOSP-PHOSP,Phosphate-phosphorus (AS P),Total,,0.08,mg/l,True,0.02,,,LAC10-115-01-1D,UHL001,Actual,SW,Water,,,Clayton,07060004,River/Stream,,42.7497293,-91.2767798
6,10220001,Turkey River near Garber,01/05/2017 12:05:00,AMBIENT,PHOSP-PHOSP,Phosphate-phosphorus (AS P),Total,,0.1,mg/l,True,0.02,,,LAC10-115-01-1D,UHL001,Actual,SW,Water,,,Clayton,07060004,River/Stream,,42.739547,-91.2619757
6,10220001,Turkey River near Garber,02/01/2017 08:55:00,AMBIENT,PHOSP-PHOSP,Phosphate-phosphorus (AS P),Total,,0.21,mg/l,True,0.1,,,LAC10-115-01-1C,UHL001,Actual,SW,Water,,,Clayton,07060004,River/Stream,,42.739547,-91.2619757
6,10220002,Volga River near Elkport,02/01/2017 09:10:00,AMBIENT,PHOSP-PHOSP,Phosphate-phosphorus (AS P),Total,,0.26,mg/l,True,0.1,,,LAC10-115-01-1C,UHL001,Actual,SW,Water,,,Clayton,07060004,River/Stream,,42.7497293,-91.2767798
6,10220001,Turkey River near Garber,03/02/2017 11:10:00,AMBIENT,PHOSP-PHOSP,Phosphate-phosphorus (AS P),Total,,0.3,mg/l,True,0.1,,,LAC10-115-01-1C,UHL001,Actual,SW,Water,,,Clayton,07060004,River/Stream,,42.739547,-91.2619757
6,10220002,Volga River near Elkport,03/02/2017 11:25:00,AMBIENT,PHOSP-PHOSP,Phosphate-phosphorus (AS P),Total,,0.2,mg/l,True,0.1,,,LAC10-115-01-1C,UHL001,Actual,SW,Water,,,Clayton,07060004,River/Stream,,42.7497293,-91.2767798
6,10220001,Turkey River near Garber,04/10/2017 08:35:00,AMBIENT,PHOSP-PHOSP,Phosphate-phosphorus (AS P),Total,,0.11,mg/l,True,0.1,,,LAC10-115-01-1C,UHL001,Actual,SW,Water,,,Clayton,07060004,River/Stream,,42.739547,-91.2619757
6,10220002,Volga River near Elkport,04/10/2017 08:45:00,AMBIENT,PHOSP-PHOSP,Phosphate-phosphorus (AS P),Total,,0.1,mg/l,True,0.1,,,LAC10-115-01-1C,UHL001,Actual,SW,Water,,,Clayton,07060004,River/Stream,,42.7497293,-91.2767798
6,10220002,Volga River near Elkport,05/01/2017 09:20:00,AMBIENT,PHOSP-PHOSP,Phosphate-phosphorus (AS P),Total,,0.15,mg/l,True,0.1,,,LAC10-115-01-1C,UHL001,Actual,SW,Water,,,Clayton,07060004,River/Stream,,42.7497293,-91.2767798
6,10220001,Turkey River near Garber,05/01/2017 09:35:00,AMBIENT,PHOSP-PHOSP,Phosphate-phosphorus (AS P),Total,,0.15,mg/l,True,0.1,,,LAC10-115-01-1C,UHL001,Actual,SW,Water,,,Clayton,07060004,River/Stream,,42.739547,-91.2619757
6,10220002,Volga River near Elkport,06/07/2017 09:30:00,AMBIENT,PHOSP-PHOSP,Phosphate-phosphorus (AS P),Total,,0.07,mg/l,True,0.02,,,LAC10-115-01-1D,UHL001,Actual,SW,Water,,,Clayton,07060004,River/Stream,,42.7497293,-91.2767798
6,10220001,Turkey River near Garber,06/07/2017 09:15:00,AMBIENT,PHOSP-PHOSP,Phosphate-phosphorus (AS P),Total,,0.12,mg/l,True,0.1,,,LAC10-115-01-1C,UHL001,Actual,SW,Water,,,Clayton,07060004,River/Stream,,42.739547,-91.2619757
6,10220001,Turkey River near Garber,08/02/2017 08:20:00,AMBIENT,PHOSP-PHOSP,Phosphate-phosphorus (AS P),Total,,0.19,mg/l,True,0.1,,,LAC10-115-01-1C,UHL001,Actual,SW,Water,,,Clayton,07060004,River/Stream,,42.739547,-91.2619757
6,10220002,Volga River near Elkport,07/06/2017 08:15:00,AMBIENT,PHOSP-PHOSP,Phosphate-phosphorus (AS P),Total,,0.24,mg/l,True,0.1,,,LAC10-115-01-1C,UHL001,Actual,SW,Water,,,Clayton,07060004,River/Stream,,42.7497293,-91.2767798
6,10220001,Turkey River near Garber,07/06/2017 08:50:00,AMBIENT,PHOSP-PHOSP,Phosphate-phosphorus (AS P),Total,,0.22,mg/l,True,0.1,,,LAC10-115-01-1C,UHL001,Actual,SW,Water,,,Clayton,07060004,River/Stream,,42.739547,-91.2619757
6,10220002,Volga River near Elkport,08/02/2017 08:05:00,AMBIENT,PHOSP-PHOSP,Phosphate-phosphorus (AS P),Total,,0.21,mg/l,True,0.1,,,LAC10-115-01-1C,UHL001,Actual,SW,Water,,,Clayton,07060004,River/Stream,,42.7497293,-91.2767798
6,10220002,Volga River near Elkport,10/04/2017 09:00:00,AMBIENT,PHOSP-PHOSP,Phosphate-phosphorus (AS P),Total,,0.13,mg/l,True,0.1,,,LAC10-115-01-1C,UHL001,Actual,SW,Water,,,Clayton,07060004,River/Stream,,42.7497293,-91.2767798
6,10220001,Turkey River near Garber,10/04/2017 09:30:00,AMBIENT,PHOSP-PHOSP,Phosphate-phosphorus (AS P),Total,,0.15,mg/l,True,0.1,,,LAC10-115-01-1C,UHL001,Actual,SW,Water,,,Clayton,07060004,River/Stream,,42.739547,-91.2619757
6,10220001,Turkey River near Garber,09/07/2017 09:30:00,AMBIENT,PHOSP-PHOSP,Phosphate-phosphorus (AS P),Total,,0.06,mg/l,True,0.02,,,LAC10-115-01-1D,UHL001,Actual,SW,Water,,,Clayton,07060004,River/Stream,,42.739547,-91.2619757
6,10220002,Volga River near Elkport,09/07/2017 09:00:00,AMBIENT,PHOSP-PHOSP,Phosphate-phosphorus (AS P),Total,,0.1,mg/l,True,0.1,,,LAC10-115-01-1C,UHL001,Actual,SW,Water,,,Clayton,07060004,River/Stream,,42.7497293,-91.2767798
6,10220001,Turkey River near Garber,12/04/2017 09:30:00,AMBIENT,PHOSP-PHOSP,Phosphate-phosphorus (AS P),Total,,0.02,mg/l,False,0.02,,,LAC10-115-01-1D,UHL001,Actual,SW,Water,,,Clayton,07060004,River/Stream,,42.739547,-91.2619757
6,10220002,Volga River near Elkport,12/04/2017 09:00:00,AMBIENT,PHOSP-PHOSP,Phosphate-phosphorus (AS P),Total,,0.11,mg/l,True,0.02,,,LAC10-115-01-1D,UHL001,Actual,SW,Water,,,Clayton,07060004,River/Stream,,42.7497293,-91.2767798
6,10220002,Volga River near Elkport,11/06/2017 09:00:00,AMBIENT,PHOSP-PHOSP,Phosphate-phosphorus (AS P),Total,,0.17,mg/l,True,0.1,,,LAC10-115-01-1C,UHL001,Actual,SW,Water,,,Clayton,07060004,River/Stream,,42.7497293,-91.2767798
6,10220001,Turkey River near Garber,11/06/2017 09:40:00,AMBIENT,PHOSP-PHOSP,Phosphate-phosphorus (AS P),Total,,0.19,mg/l,True,0.1,,,LAC10-115-01-1C,UHL001,Actual,SW,Water,,,Clayton,07060004,River/Stream,,42.739547,-91.2619757
6,10220002,Volga River near Elkport,01/03/2018 09:20:00,AMBIENT,PHOSP-PHOSP,Phosphate-phosphorus (AS P),Total,,0.14,mg/l,True,0.1,,,LAC10-115-01-1C,UHL001,Actual,SW,Water,,,Clayton,07060004,River/Stream,,42.7497293,-91.2767798
6,10220001,Turkey River near Garber,01/03/2018 10:00:00,AMBIENT,PHOSP-PHOSP,Phosphate-phosphorus (AS P),Total,,0.14,mg/l,True,0.1,,,LAC10-115-01-1C,UHL001,Actual,SW,Water,,,Clayton,07060004,River/Stream,,42.739547,-91.2619757
6,10220002,Volga River near Elkport,02/05/2018 10:30:00,AMBIENT,PHOSP-PHOSP,Phosphate-phosphorus (AS P),Total,,0.17,mg/l,True,0.1,,,LAC10-115-01-1C,UHL001,Actual,SW,Water,,,Clayton,07060004,River/Stream,,42.7497293,-91.2767798
6,10220001,Turkey River near Garber,02/05/2018 10:10:00,AMBIENT,PHOSP-PHOSP,Phosphate-phosphorus (AS P),Total,,0.36,mg/l,True,0.1,,,LAC10-115-01-1C,UHL001,Actual,SW,Water,,,Clayton,07060004,River/Stream,,42.739547,-91.2619757
6,10220002,Volga River near Elkport,04/10/2018 10:30:00,AMBIENT,PHOSP-PHOSP,Phosphate-phosphorus (AS P),Total,,0.05,mg/l,True,0.02,,,LAC10-115-01-1D,UHL001,Actual,SW,Water,,,Clayton,07060004,River/Stream,,42.7497293,-91.2767798
6,10220002,Volga River near Elkport,03/08/2018 10:15:00,AMBIENT,PHOSP-PHOSP,Phosphate-phosphorus (AS P),Total,,0.2,mg/l,True,0.1,,,LAC10-115-01-1C,UHL001,Actual,SW,Water,,,Clayton,07060004,River/Stream,,42.7497293,-91.2767798
6,10220001,Turkey River near Garber,03/08/2018 10:45:00,AMBIENT,PHOSP-PHOSP,Phosphate-phosphorus (AS P),Total,,0.38,mg/l,True,0.1,,,LAC10-115-01-1C,UHL001,Actual,SW,Water,,,Clayton,07060004,River/Stream,,42.739547,-91.2619757
6,10220001,Turkey River near Garber,04/10/2018 10:15:00,AMBIENT,PHOSP-PHOSP,Phosphate-phosphorus (AS P),Total,,0.06,mg/l,True,0.02,,,LAC10-115-01-1D,UHL001,Actual,SW,Water,,,Clayton,07060004,River/Stream,,42.739547,-91.2619757
6,10220001,Turkey River near Garber,04/16/2018 11:00:00,PCALIB,PHOSP-PHOSP,Phosphate-phosphorus (AS P),Total,,1.2,mg/l,True,0.2,,,LAC10-115-01-1D,UHL001,Actual,SW,Water,,Event Sample.,Clayton,07060004,River/Stream,,42.739547,-91.2619757
6,10220001,Turkey River near Garber,05/03/2018 12:50:00,PCALIB,PHOSP-PHOSP,Phosphate-phosphorus (AS P),Total,,0.2,mg/l,True,0.10,,,LAC10-115-01-1C,UHL001,Actual,SW,Water,,Event Sample.,Clayton,07060004,River/Stream,,42.739547,-91.2619757
6,10220001,Turkey River near Garber,05/08/2018 08:30:00,AMBIENT,PHOSP-PHOSP,Phosphate-phosphorus (AS P),Total,,0.62,mg/l,True,0.2,,,LAC10-115-01-1C,UHL001,Actual,SW,Water,,,Clayton,07060004,River/Stream,,42.739547,-91.2619757
6,10220001,Turkey River near Garber,05/07/2018 12:10:00,PCALIB,PHOSP-PHOSP,Phosphate-phosphorus (AS P),Total,,0.74,mg/l,True,0.1,,,LAC10-115-01-1C,UHL001,Actual,SW,Water,,Event Sample.,Clayton,07060004,River/Stream,,42.739547,-91.2619757
6,10220001,Turkey River near Garber,06/07/2018 11:05:00,AMBIENT,PHOSP-PHOSP,Phosphate-phosphorus (AS P),Total,,0.16,mg/l,True,0.1,,,LAC10-115-01-1C,UHL001,Actual,SW,Water,,,Clayton,07060004,River/Stream,,42.739547,-91.2619757
6,10220002,Volga River near Elkport,05/08/2018 08:10:00,AMBIENT,PHOSP-PHOSP,Phosphate-phosphorus (AS P),Total,,0.29,mg/l,True,0.1,,,LAC10-115-01-1C,UHL001,Actual,SW,Water,,,Clayton,07060004,River/Stream,,42.7497293,-91.2767798
6,10220002,Volga River near Elkport,06/07/2018 11:20:00,AMBIENT,PHOSP-PHOSP,Phosphate-phosphorus (AS P),Total,,0.14,mg/l,True,0.1,,,LAC10-115-01-1C,UHL001,Actual,SW,Water,,,Clayton,07060004,River/Stream,,42.7497293,-91.2767798
6,10220002,Volga River near Elkport,07/09/2018 09:00:00,AMBIENT,PHOSP-PHOSP,Phosphate-phosphorus (AS P),Total,,0.17,mg/l,True,0.1,,,LAC10-115-01-1C,UHL001,Actual,SW,Water,,,Clayton,07060004,River/Stream,,42.7497293,-91.2767798
6,10220001,Turkey River near Garber,07/09/2018 09:25:00,AMBIENT,PHOSP-PHOSP,Phosphate-phosphorus (AS P),Total,,0.23,mg/l,True,0.1,,,LAC10-115-01-1C,UHL001,Actual,SW,Water,,,Clayton,07060004,River/Stream,,42.739547,-91.2619757
6,10220002,Volga River near Elkport,08/07/2018 09:00:00,AMBIENT,PHOSP-PHOSP,Phosphate-phosphorus (AS P),Total,,0.73,mg/l,True,0.1,,,LAC10-115-01-1C,UHL001,Actual,SW,Water,,,Clayton,07060004,River/Stream,,42.7497293,-91.2767798
6,10220001,Turkey River near Garber,06/11/2018 12:30:00,PCALIB,PHOSP-PHOSP,Phosphate-phosphorus (AS P),Total,,1.2,mg/l,True,0.1,,,LAC10-115-01-1C,UHL001,Actual,SW,Water,,,Clayton,07060004,River/Stream,,42.739547,-91.2619757
6,10220001,Turkey River near Garber,08/07/2018 09:20:00,AMBIENT,PHOSP-PHOSP,Phosphate-phosphorus (AS P),Total,,0.48,mg/l,True,0.1,,,LAC10-115-01-1C,UHL001,Actual,SW,Water,,,Clayton,07060004,River/Stream,,42.739547,-91.2619757
6,10220003,Bloody Run Creek Site #1 (BR01),07/17/2001 11:45:00,SNY319,PHOSP-PHOSP,Phosphate-phosphorus (as P),Total,,0.1,mg/l,False,0.1,,,Unknown,SNY001,Actual,SW,Water,,,Clayton,07060001,River/Stream,,43.0404991,-91.2055504
6,10220003,Bloody Run Creek Site #1 (BR01),07/10/2001 11:15:00,SNY319,PHOSP-PHOSP,Phosphate-phosphorus (as P),Total,,0.1,mg/l,False,0.1,,,Unknown,SNY001,Actual,SW,Water,,,Clayton,07060001,River/Stream,,43.0404991,-91.2055504
6,10220003,Bloody Run Creek Site #1 (BR01),06/19/2001 11:50:00,SNY319,PHOSP-PHOSP,Phosphate-phosphorus (as P),Total,,0.3,mg/l,True,0.1,,,Unknown,SNY001,Actual,SW,Water,,,Clayton,07060001,River/Stream,,43.0404991,-91.2055504
6,10220003,Bloody Run Creek Site #1 (BR01),06/12/2001 11:20:00,SNY319,PHOSP-PHOSP,Phosphate-phosphorus (as P),Total,,0.4,mg/l,True,0.1,,,Unknown,SNY001,Actual,SW,Water,,,Clayton,07060001,River/Stream,,43.0404991,-91.2055504
6,10220003,Bloody Run Creek Site #1 (BR01),05/22/2001 11:50:00,SNY319,PHOSP-PHOSP,Phosphate-phosphorus (as P),Total,,0.1,mg/l,False,0.1,,,Unknown,SNY001,Actual,SW,Water,,,Clayton,07060001,River/Stream,,43.0404991,-91.2055504
6,10220003,Bloody Run Creek Site #1 (BR01),05/15/2001 11:10:00,SNY319,PHOSP-PHOSP,Phosphate-phosphorus (as P),Total,,0.1,mg/l,True,0.1,,,Unknown,SNY001,Actual,SW,Water,,,Clayton,07060001,River/Stream,,43.0404991,-91.2055504
6,10220003,Bloody Run Creek Site #1 (BR01),04/24/2001 14:25:00,SNY319,PHOSP-PHOSP,Phosphate-phosphorus (as P),Total,,0.1,mg/l,False,0.1,,,Unknown,SNY001,Actual,SW,Water,,,Clayton,07060001,River/Stream,,43.0404991,-91.2055504
6,10220003,Bloody Run Creek Site #1 (BR01),04/03/2001 12:20:00,SNY319,PHOSP-PHOSP,Phosphate-phosphorus (as P),Total,,0.1,mg/l,False,0.1,,,Unknown,SNY001,Actual,SW,Water,,,Clayton,07060001,River/Stream,,43.0404991,-91.2055504
6,10220003,Bloody Run Creek Site #1 (BR01),03/27/2001 12:25:00,SNY319,PHOSP-PHOSP,Phosphate-phosphorus (as P),Total,,0.1,mg/l,False,0.1,,,Unknown,SNY001,Actual,SW,Water,,,Clayton,07060001,River/Stream,,43.0404991,-91.2055504
6,10220003,Bloody Run Creek Site #1 (BR01),03/06/2001 11:50:00,SNY319,PHOSP-PHOSP,Phosphate-phosphorus (as P),Total,,0.1,mg/l,False,0.1,,,Unknown,SNY001,Actual,SW,Water,,,Clayton,07060001,River/Stream,,43.0404991,-91.2055504
6,10220003,Bloody Run Creek Site #1 (BR01),02/27/2001 12:35:00,SNY319,PHOSP-PHOSP,Phosphate-phosphorus (as P),Total,,0.1,mg/l,False,0.1,,,Unknown,SNY001,Actual,SW,Water,,,Clayton,07060001,River/Stream,,43.0404991,-91.2055504
6,10220003,Bloody Run Creek Site #1 (BR01),02/06/2001 11:40:00,SNY319,PHOSP-PHOSP,Phosphate-phosphorus (as P),Total,,0.1,mg/l,True,0.1,,,Unknown,SNY001,Actual,SW,Water,,,Clayton,07060001,River/Stream,,43.0404991,-91.2055504
6,10220003,Bloody Run Creek Site #1 (BR01),01/23/2001 11:50:00,SNY319,PHOSP-PHOSP,Phosphate-phosphorus (as P),Total,,0.2,mg/l,True,0.1,,,Unknown,SNY001,Actual,SW,Water,,,Clayton,07060001,River/Stream,,43.0404991,-91.2055504
6,10220003,Bloody Run Creek Site #1 (BR01),01/02/2001 12:25:00,SNY319,PHOSP-PHOSP,Phosphate-phosphorus (as P),Total,,0.1,mg/l,False,0.1,,,Unknown,SNY001,Actual,SW,Water,,,Clayton,07060001,River/Stream,,43.0404991,-91.2055504
6,10220003,Bloody Run Creek Site #1 (BR01),09/04/2001 11:05:00,SNY319,PHOSP-PHOSP,Phosphate-phosphorus (as P),Total,,0.02,mg/l,False,0.02,,,Unknown,SNY001,Actual,SW,Water,,,Clayton,07060001,River/Stream,,43.0404991,-91.2055504
6,10220003,Bloody Run Creek Site #1 (BR01),08/28/2001 12:50:00,SNY319,PHOSP-PHOSP,Phosphate-phosphorus (as P),Total,,0.02,mg/l,False,0.02,,,Unknown,SNY001,Actual,SW,Water,,,Clayton,07060001,River/Stream,,43.0404991,-91.2055504
6,10220003,Bloody Run Creek Site #1 (BR01),08/07/2001 11:15:00,SNY319,PHOSP-PHOSP,Phosphate-phosphorus (as P),Total,,0.1,mg/l,False,0.1,,,Unknown,SNY001,Actual,SW,Water,,,Clayton,07060001,River/Stream,,43.0404991,-91.2055504
6,10220003,Bloody Run Creek Site #1 (BR01),07/31/2001 13:15:00,SNY319,PHOSP-PHOSP,Phosphate-phosphorus (as P),Total,,0.2,mg/l,True,0.1,,,Unknown,SNY001,Actual,SW,Water,,,Clayton,07060001,River/Stream,,43.0404991,-91.2055504
6,10220003,Bloody Run Creek Site #1 (BR01),09/25/2001 12:40:00,SNY319,PHOSP-PHOSP,Phosphate-phosphorus (as P),Total,,0.25,mg/l,True,0.02,,,Unknown,SNY001,Actual,SW,Water,,,Clayton,07060001,River/Stream,,43.0404991,-91.2055504
6,10220003,Bloody Run Creek Site #1 (BR01),10/17/1995 13:55:00,SNY319,PHOSP-PHOSP,Phosphate-phosphorus (as P),Total,,0.1,mg/l,False,0.1,,,Unknown,SNY001,Actual,SW,Water,,,Clayton,07060001,River/Stream,,43.0404991,-91.2055504
6,10220003,Bloody Run Creek Site #1 (BR01),11/07/1995 13:30:00,SNY319,PHOSP-PHOSP,Phosphate-phosphorus (as P),Total,,0.1,mg/l,False,0.1,,,Unknown,SNY001,Actual,SW,Water,,,Clayton,07060001,River/Stream,,43.0404991,-91.2055504
6,10220003,Bloody Run Creek Site #1 (BR01),11/28/1995 12:50:00,SNY319,PHOSP-PHOSP,Phosphate-phosphorus (as P),Total,,0.1,mg/l,False,0.1,,,Unknown,SNY001,Actual,SW,Water,,,Clayton,07060001,River/Stream,,43.0404991,-91.2055504
6,10220003,Bloody Run Creek Site #1 (BR01),12/05/1995 12:55:00,SNY319,PHOSP-PHOSP,Phosphate-phosphorus (as P),Total,,0.1,mg/l,False,0.1,,,Unknown,SNY001,Actual,SW,Water,,,Clayton,07060001,River/Stream,,43.0404991,-91.2055504
6,10220003,Bloody Run Creek Site #1 (BR01),12/19/1995 12:30:00,SNY319,PHOSP-PHOSP,Phosphate-phosphorus (as P),Total,,0.1,mg/l,False,0.1,,,Unknown,SNY001,Actual,SW,Water,,,Clayton,07060001,River/Stream,,43.0404991,-91.2055504
6,10220003,Bloody Run Creek Site #1 (BR01),01/02/1996 12:50:00,SNY319,PHOSP-PHOSP,Phosphate-phosphorus (as P),Total,,0.1,mg/l,False,0.1,,,Unknown,SNY001,Actual,SW,Water,,,Clayton,07060001,River/Stream,,43.0404991,-91.2055504
6,10220003,Bloody Run Creek Site #1 (BR01),12/26/1995 12:25:00,SNY319,PHOSP-PHOSP,Phosphate-phosphorus (as P),Total,,0.1,mg/l,False,0.1,,,Unknown,SNY001,Actual,SW,Water,,,Clayton,07060001,River/Stream,,43.0404991,-91.2055504
6,10220003,Bloody Run Creek Site #1 (BR01),01/09/1996 13:40:00,SNY319,PHOSP-PHOSP,Phosphate-phosphorus (as P),Total,,0.1,mg/l,False,0.1,,,Unknown,SNY001,Actual,SW,Water,,,Clayton,07060001,River/Stream,,43.0404991,-91.2055504
6,10220003,Bloody Run Creek Site #1 (BR01),01/23/1996 13:15:00,SNY319,PHOSP-PHOSP,Phosphate-phosphorus (as P),Total,,0.1,mg/l,True,0.1,,,Unknown,SNY001,Actual,SW,Water,,,Clayton,07060001,River/Stream,,43.0404991,-91.2055504
6,10220003,Bloody Run Creek Site #1 (BR01),01/30/1996 14:30:00,SNY319,PHOSP-PHOSP,Phosphate-phosphorus (as P),Total,,0.1,mg/l,False,0.1,,,Unknown,SNY001,Actual,SW,Water,,,Clayton,07060001,River/Stream,,43.0404991,-91.2055504
6,10220003,Bloody Run Creek Site #1 (BR01),02/20/1996 12:30:00,SNY319,PHOSP-PHOSP,Phosphate-phosphorus (as P),Total,,0.1,mg/l,False,0.1,,,Unknown,SNY001,Actual,SW,Water,,,Clayton,07060001,River/Stream,,43.0404991,-91.2055504
6,10220003,Bloody Run Creek Site #1 (BR01),03/12/1996 14:10:00,SNY319,PHOSP-PHOSP,Phosphate-phosphorus (as P),Total,,0.2,mg/l,True,0.1,,,Unknown,SNY001,Actual,SW,Water,,,Clayton,07060001,River/Stream,,43.0404991,-91.2055504
6,10220003,Bloody Run Creek Site #1 (BR01),04/02/1996 09:40:00,SNY319,PHOSP-PHOSP,Phosphate-phosphorus (as P),Total,,0.1,mg/l,False,0.1,,,Unknown,SNY001,Actual,SW,Water,,,Clayton,07060001,River/Stream,,43.0404991,-91.2055504
6,10220003,Bloody Run Creek Site #1 (BR01),04/23/1996 12:50:00,SNY319,PHOSP-PHOSP,Phosphate-phosphorus (as P),Total,,0.1,mg/l,False,0.1,,,Unknown,SNY001,Actual,SW,Water,,,Clayton,07060001,River/Stream,,43.0404991,-91.2055504
6,10220003,Bloody Run Creek Site #1 (BR01),05/14/1996 11:15:00,SNY319,PHOSP-PHOSP,Phosphate-phosphorus (as P),Total,,0.1,mg/l,False,0.1,,,Unknown,SNY001,Actual,SW,Water,,,Clayton,07060001,River/Stream,,43.0404991,-91.2055504
6,10220003,Bloody Run Creek Site #1 (BR01),05/21/1996 12:05:00,SNY319,PHOSP-PHOSP,Phosphate-phosphorus (as P),Total,,0.1,mg/l,False,0.1,,,Unknown,SNY001,Actual,SW,Water,,,Clayton,07060001,River/Stream,,43.0404991,-91.2055504
6,10220003,Bloody Run Creek Site #1 (BR01),06/11/1996 11:15:00,SNY319,PHOSP-PHOSP,Phosphate-phosphorus (as P),Total,,0.1,mg/l,True,0.1,,,Unknown,SNY001,Actual,SW,Water,,,Clayton,07060001,River/Stream,,43.0404991,-91.2055504
6,10220003,Bloody Run Creek Site #1 (BR01),06/04/1996 12:40:00,SNY319,PHOSP-PHOSP,Phosphate-phosphorus (as P),Total,,0.1,mg/l,False,0.1,,,Unknown,SNY001,Actual,SW,Water,,,Clayton,07060001,River/Stream,,43.0404991,-91.2055504
6,15220018,Roberts Creek @ 206th St/B65 (RC02/ROB30),08/22/2000 10:55:00,BSP,PHOSP-PHOSP,Phosphate-phosphorus (as P),Total,,0.3,mg/l,True,0.1,,,TIM 787-86T,BSP,Actual,SW,Water,,,Clayton,07060004,River/Stream,,42.9304245,-91.38552335
6,15220049,Pine Creek near 400th St. (Pine Creek 4),05/29/2013 11:45:00,STLSBRNC,PHOSP-PHOSP,Phosphate-phosphorus (AS P),Total,,0.1,mg/l,True,0.02,,,LAC10-115-01-1D,UHL001,Actual,SW,Water,,,Clayton,07060004,River/Stream,,42.64623736,-91.2241035
6,15220018,Roberts Creek @ 206th St/B65 (RC02/ROB30),08/15/2000 11:30:00,BSP,PHOSP-PHOSP,Phosphate-phosphorus (as P),Total,,0.3,mg/l,True,0.1,,,TIM 787-86T,BSP,Actual,SW,Water,,,Clayton,07060004,River/Stream,,42.9304245,-91.38552335
6,15220050,Steeles Branch near Horseshoe Road (Steeles Branch 1),05/29/2013 10:45:00,STLSBRNC,PHOSP-PHOSP,Phosphate-phosphorus (AS P),Total,,0.15,mg/l,True,0.02,,,LAC10-115-01-1D,UHL001,Actual,SW,Water,,,Clayton,07060004,River/Stream,,42.66774323,-91.28444356
6,15220048,Brownfield Creek near Horseshoe Road (Pine Creek 3),05/29/2013 11:15:00,STLSBRNC,PHOSP-PHOSP,Phosphate-phosphorus (AS P),Total,,0.15,mg/l,True,0.02,,,LAC10-115-01-1D,UHL001,Actual,SW,Water,,,Clayton,07060004,River/Stream,,42.6580697,-91.24980316
6,15220047,Pine Creek near Horseshoe Road (Pine Creek 2),05/29/2013 11:20:00,STLSBRNC,PHOSP-PHOSP,Phosphate-phosphorus (AS P),Total,,0.14,mg/l,True,0.02,,,LAC10-115-01-1D,UHL001,Actual,SW,Water,,,Clayton,07060004,River/Stream,,42.66556336,-91.25165507
6,15220046,Pine Creek near Horseshoe Road (Pine Creek 1),05/29/2013 10:55:00,STLSBRNC,PHOSP-PHOSP,Phosphate-phosphorus (AS P),Total,,0.17,mg/l,True,0.02,,,LAC10-115-01-1D,UHL001,Actual,SW,Water,,,Clayton,07060004,River/Stream,,42.66871242,-91.27821784
6,15220050,Steeles Branch near Horseshoe Road (Steeles Branch 1),10/24/2013 11:30:00,STLSBRNC,PHOSP-PHOSP,Phosphate-phosphorus (AS P),Total,,0.06,mg/l,True,0.02,,,LAC10-115-01-1D,UHL001,Actual,SW,Water,,,Clayton,07060004,River/Stream,,42.66774323,-91.28444356
6,15220048,Brownfield Creek near Horseshoe Road (Pine Creek 3),10/24/2013 12:00:00,STLSBRNC,PHOSP-PHOSP,Phosphate-phosphorus (AS P),Total,,0.02,mg/l,False,0.02,,,LAC10-115-01-1D,UHL001,Actual,SW,Water,,,Clayton,07060004,River/Stream,,42.6580697,-91.24980316
6,15220047,Pine Creek near Horseshoe Road (Pine Creek 2),10/24/2013 12:10:00,STLSBRNC,PHOSP-PHOSP,Phosphate-phosphorus (AS P),Total,,0.02,mg/l,False,0.02,,,LAC10-115-01-1D,UHL001,Actual,SW,Water,,,Clayton,07060004,River/Stream,,42.66556336,-91.25165507
6,15220046,Pine Creek near Horseshoe Road (Pine Creek 1),10/24/2013 11:45:00,STLSBRNC,PHOSP-PHOSP,Phosphate-phosphorus (AS P),Total,,0.02,mg/l,False,0.02,,,LAC10-115-01-1D,UHL001,Actual,SW,Water,,,Clayton,07060004,River/Stream,,42.66871242,-91.27821784
6,15220050,Steeles Branch near Horseshoe Road (Steeles Branch 1),09/04/2013 10:30:00,STLSBRNC,PHOSP-PHOSP,Phosphate-phosphorus (AS P),Total,,0.07,mg/l,True,0.02,,,LAC10-115-01-1D,UHL001,Actual,SW,Water,,,Clayton,07060004,River/Stream,,42.66774323,-91.28444356
6,15220047,Pine Creek near Horseshoe Road (Pine Creek 2),08/07/2013 11:10:00,STLSBRNC,PHOSP-PHOSP,Phosphate-phosphorus (AS P),Total,,0.07,mg/l,True,0.02,,,LAC10-115-01-1D,UHL001,Actual,SW,Water,,,Clayton,07060004,River/Stream,,42.66556336,-91.25165507
6,15220046,Pine Creek near Horseshoe Road (Pine Creek 1),08/07/2013 10:40:00,STLSBRNC,PHOSP-PHOSP,Phosphate-phosphorus (AS P),Total,,0.12,mg/l,True,0.02,,,LAC10-115-01-1D,UHL001,Actual,SW,Water,,,Clayton,07060004,River/Stream,,42.66871242,-91.27821784
6,15220009,South Cedar Creek @ Lower Cedar Rd (CED10),10/03/2012 10:00:00,TURKEYR,PHOSP-PHOSP,Phosphate-phosphorus (as P),Total,,0.08,mg/l,True,0.02,,,LAC10-115-01-1D,IGS-GRAB,Actual,SW,Water,,,Clayton,07060004,River/Stream,,42.74424922,-91.21535774
6,15220015,Little Turkey River @ Highway 52 (LIT10),10/03/2012 11:45:00,TURKEYR,PHOSP-PHOSP,Phosphate-phosphorus (as P),Total,,0.06,mg/l,True,0.02,,,LAC10-115-01-1D,IGS-GRAB,Actual,SW,Water,,,Clayton,07060004,River/Stream,,42.6987021,-91.07371173
6,15220012,Elk Creek @ Colesburg Rd/X3C (ELK10),10/03/2012 12:00:00,TURKEYR,PHOSP-PHOSP,Phosphate-phosphorus (as P),Total,,0.03,mg/l,True,0.02,,,LAC10-115-01-1D,IGS-GRAB,Actual,SW,Water,,,Clayton,07060004,River/Stream,,42.73331715,-91.28009598
6,15220014,Howard Creek @ Mouth (HOW10),10/03/2012 12:35:00,TURKEYR,PHOSP-PHOSP,Phosphate-phosphorus (as P),Total,,0.07,mg/l,True,0.02,,,LAC10-115-01-1D,IGS-GRAB,Actual,SW,Water,,,Clayton,07060004,River/Stream,,42.9300546,-91.38292282
6,15220011,Dry Mill Creek @ Grape Rd (DMI10),10/03/2012 14:20:00,TURKEYR,PHOSP-PHOSP,Phosphate-phosphorus (as P),Total,,0.05,mg/l,True,0.02,,,LAC10-115-01-1D,IGS-GRAB,Actual,SW,Water,,,Clayton,07060004,River/Stream,,42.84327492,-91.36969617
6,15220017,Roberts Creek @ Grape Rd (ROB10),10/03/2012 14:30:00,TURKEYR,PHOSP-PHOSP,Phosphate-phosphorus (as P),Total,,0.05,mg/l,True,0.02,,,LAC10-115-01-1D,IGS-GRAB,Actual,SW,Water,,,Clayton,07060004,River/Stream,,42.83952465,-91.37446914
6,15220050,Steeles Branch near Horseshoe Road (Steeles Branch 1),07/03/2013 09:10:00,STLSBRNC,PHOSP-PHOSP,Phosphate-phosphorus (AS P),Total,,0.05,mg/l,True,0.02,,,LAC10-115-01-1D,UHL001,Actual,SW,Water,,,Clayton,07060004,River/Stream,,42.66774323,-91.28444356
6,15220049,Pine Creek near 400th St. (Pine Creek 4),07/03/2013 10:05:00,STLSBRNC,PHOSP-PHOSP,Phosphate-phosphorus (AS P),Total,,0.07,mg/l,True,0.02,,,LAC10-115-01-1D,UHL001,Actual,SW,Water,,,Clayton,07060004,River/Stream,,42.64623736,-91.2241035
6,15220048,Brownfield Creek near Horseshoe Road (Pine Creek 3),07/03/2013 09:40:00,STLSBRNC,PHOSP-PHOSP,Phosphate-phosphorus (AS P),Total,,0.12,mg/l,True,0.02,,,LAC10-115-01-1D,UHL001,Actual,SW,Water,,,Clayton,07060004,River/Stream,,42.6580697,-91.24980316
6,15220047,Pine Creek near Horseshoe Road (Pine Creek 2),07/03/2013 09:50:00,STLSBRNC,PHOSP-PHOSP,Phosphate-phosphorus (AS P),Total,,0.09,mg/l,True,0.02,,,LAC10-115-01-1D,UHL001,Actual,SW,Water,,,Clayton,07060004,River/Stream,,42.66556336,-91.25165507
6,15220019,Roberts Creek @ Dalmation Ave (ROB50),11/07/2012 11:49:00,TURKEYR,PHOSP-PHOSP,Phosphate-phosphorus (as P),Total,,0.06,mg/l,True,0.02,,,LAC10-115-01-1D,IGS-GRAB,Actual,SW,Water,,,Clayton,07060004,River/Stream,,42.95959549,-91.4562996
6,15220045,Turkey River @ Hwy. 13 (TR28),11/07/2012 13:15:00,TURKEYR,PHOSP-PHOSP,Phosphate-phosphorus (as P),Total,,0.04,mg/l,True,0.02,,,LAC10-115-01-1D,IGS-GRAB,Actual,SW,Water,,,Clayton,07060004,River/Stream,,42.84321539,-91.40058452
6,15220020,Turkey River @ Highway 52 (TR10),11/07/2012 15:05:00,TURKEYR,PHOSP-PHOSP,Phosphate-phosphorus (as P),Total,,0.04,mg/l,True,0.02,,,LAC10-115-01-1D,IGS-GRAB,Actual,SW,Water,,,Clayton,07060004,River/Stream,,42.70781335,-91.0757377
6,15220009,South Cedar Creek @ Lower Cedar Rd (CED10),11/07/2012 15:12:00,TURKEYR,PHOSP-PHOSP,Phosphate-phosphorus (as P),Total,,0.04,mg/l,True,0.02,,,LAC10-115-01-1D,IGS-GRAB,Actual,SW,Water,,,Clayton,07060004,River/Stream,,42.74424922,-91.21535774
6,15220010,Cox Creek @ Highway 13 (COX20),08/07/2013 07:45:00,TURKEYR,PHOSP-PHOSP,Phosphate-phosphorus (AS P),Total,,0.08,mg/l,True,0.02,,,LAC10-115-01-1D,UHL001,Actual,SW,Water,,,Clayton,07060004,River/Stream,,42.76688423,-91.46209679
6,15220009,South Cedar Creek @ Lower Cedar Rd (CED10),08/07/2013 08:00:00,TURKEYR,PHOSP-PHOSP,Phosphate-phosphorus (AS P),Total,,0.12,mg/l,True,0.02,,,LAC10-115-01-1D,UHL001,Actual,SW,Water,,,Clayton,07060004,River/Stream,,42.74424922,-91.21535774
6,15220034,Unnamed Trib. to Silver Crk. @ Dolphin Ave (SC03),08/07/2013 09:15:00,TURKEYR,PHOSP-PHOSP,Phosphate-phosphorus (AS P),Total,,0.27,mg/l,True,0.02,,,LAC10-115-01-1D,UHL001,Actual,SW,Water,,,Clayton,07060004,River/Stream,,43.0342002,-91.4587066
6,15220011,Dry Mill Creek @ Grape Rd (DMI10),08/07/2013 09:45:00,TURKEYR,PHOSP-PHOSP,Phosphate-phosphorus (AS P),Total,,0.12,mg/l,True,0.02,,,LAC10-115-01-1D,UHL001,Actual,SW,Water,,,Clayton,07060004,River/Stream,,42.84327492,-91.36969617
6,15220015,Little Turkey River @ Highway 52 (LIT10),08/07/2013 09:20:00,TURKEYR,PHOSP-PHOSP,Phosphate-phosphorus (AS P),Total,,0.08,mg/l,True,0.02,,,LAC10-115-01-1D,UHL001,Actual,SW,Water,,,Clayton,07060004,River/Stream,,42.6987021,-91.07371173
6,15220012,Elk Creek @ Colesburg Rd/X3C (ELK10),08/07/2013 11:40:00,TURKEYR,PHOSP-PHOSP,Phosphate-phosphorus (AS P),Total,,0.07,mg/l,True,0.02,,,LAC10-115-01-1D,UHL001,Actual,SW,Water,,,Clayton,07060004,River/Stream,,42.73331715,-91.28009598
6,15220016,Mink Creek @ Aztec Road (MIN10),08/07/2013 08:00:00,TURKEYR,PHOSP-PHOSP,Phosphate-phosphorus (AS P),Total,,0.11,mg/l,True,0.02,,,LAC10-115-01-1D,UHL001,Actual,SW,Water,,,Clayton,07060004,River/Stream,,42.8441202,-91.59732742
6,15220013,Hewett Creek @ Crystal Road (HEW20),09/04/2013 07:50:00,TURKEYR,PHOSP-PHOSP,Phosphate-phosphorus (AS P),Total,,0.07,mg/l,True,0.02,,,LAC10-115-01-1D,UHL001,Actual,SW,Water,,,Clayton,07060004,River/Stream,,42.78586318,-91.51847775
6,15220020,Turkey River @ Highway 52 (TR10),09/04/2013 13:35:00,TURKEYR,PHOSP-PHOSP,Phosphate-phosphorus (AS P),Total,,0.07,mg/l,True,0.02,,,LAC10-115-01-1D,UHL001,Actual,SW,Water,,,Clayton,07060004,River/Stream,,42.70781335,-91.0757377
6,15220017,Roberts Creek @ Grape Rd (ROB10),09/04/2013 09:30:00,TURKEYR,PHOSP-PHOSP,Phosphate-phosphorus (AS P),Total,,0.08,mg/l,True,0.02,,,LAC10-115-01-1D,UHL001,Actual,SW,Water,,,Clayton,07060004,River/Stream,,42.83952465,-91.37446914
6,15220014,Howard Creek @ Mouth (HOW10),09/04/2013 10:30:00,TURKEYR,PHOSP-PHOSP,Phosphate-phosphorus (AS P),Total,,0.1,mg/l,True,0.02,,,LAC10-115-01-1D,UHL001,Actual,SW,Water,,,Clayton,07060004,River/Stream,,42.9300546,-91.38292282
6,15220011,Dry Mill Creek @ Grape Rd (DMI10),07/10/2013 14:40:00,TURKEYR,PHOSP-PHOSP,Phosphate-phosphorus (AS P),Total,,0.08,mg/l,True,0.02,,,LAC10-115-01-1D,UHL001,Actual,SW,Water,,,Clayton,07060004,River/Stream,,42.84327492,-91.36969617
6,15220051,Unnamed Creek at 125th St (UNS25),06/05/2013 10:20:00,TURKEYR,PHOSP-PHOSP,Phosphate-phosphorus (AS P),Total,,0.35,mg/l,True,0.02,,,LAC10-115-01-1D,UHL001,Actual,SW,Water,,,Clayton,07060004,River/Stream,,43.04444686,-91.43104301
6,15220034,Unnamed Trib. to Silver Crk. @ Dolphin Ave (SC03),06/05/2013 11:40:00,TURKEYR,PHOSP-PHOSP,Phosphate-phosphorus (AS P),Total,,0.8,mg/l,True,0.05,,,LAC10-115-01-1D,UHL001,Actual,SW,Water,,,Clayton,07060004,River/Stream,,43.0342002,-91.4587066
6,15220051,Unnamed Creek at 125th St (UNS25),08/07/2013 09:30:00,TURKEYR,PHOSP-PHOSP,Phosphate-phosphorus (AS P),Total,,1.1,mg/l,True,0.05,,,LAC10-115-01-1D,UHL001,Actual,SW,Water,,,Clayton,07060004,River/Stream,,43.04444686,-91.43104301
6,15220045,Turkey River @ Hwy. 13 (TR28),07/10/2013 14:30:00,TURKEYR,PHOSP-PHOSP,Phosphate-phosphorus (AS P),Total,,0.16,mg/l,True,0.02,,,LAC10-115-01-1D,UHL001,Actual,SW,Water,,,Clayton,07060004,River/Stream,,42.84321539,-91.40058452
6,15220012,Elk Creek @ Colesburg Rd/X3C (ELK10),07/10/2013 09:25:00,TURKEYR,PHOSP-PHOSP,Phosphate-phosphorus (AS P),Total,,0.5,mg/l,True,0.02,,,LAC10-115-01-1D,UHL001,Actual,SW,Water,,,Clayton,07060004,River/Stream,,42.73331715,-91.28009598
6,15220016,Mink Creek @ Aztec Road (MIN10),07/10/2013 08:20:00,TURKEYR,PHOSP-PHOSP,Phosphate-phosphorus (AS P),Total,,0.12,mg/l,True,0.02,,,LAC10-115-01-1D,UHL001,Actual,SW,Water,,,Clayton,07060004,River/Stream,,42.8441202,-91.59732742
6,15220016,Mink Creek @ Aztec Road (MIN10),06/05/2013 09:20:00,TURKEYR,PHOSP-PHOSP,Phosphate-phosphorus (AS P),Total,,0.1,mg/l,True,0.02,,,LAC10-115-01-1D,UHL001,Actual,SW,Water,,,Clayton,07060004,River/Stream,,42.8441202,-91.59732742
6,15220020,Turkey River @ Highway 52 (TR10),06/05/2013 09:30:00,TURKEYR,PHOSP-PHOSP,Phosphate-phosphorus (AS P),Total,,0.21,mg/l,True,0.02,,,LAC10-115-01-1D,UHL001,Actual,SW,Water,,,Clayton,07060004,River/Stream,,42.70781335,-91.0757377
6,15220018,Roberts Creek @ 206th St/B65 (RC02/ROB30),09/12/2000 11:10:00,BSP,PHOSP-PHOSP,Phosphate-phosphorus (as P),Total,,0.2,mg/l,True,0.1,,,TIM 787-86T,BSP,Actual,SW,Water,,,Clayton,07060004,River/Stream,,42.9304245,-91.38552335
6,15220011,Dry Mill Creek @ Grape Rd (DMI10),06/05/2013 11:10:00,TURKEYR,PHOSP-PHOSP,Phosphate-phosphorus (AS P),Total,,0.13,mg/l,True,0.02,,,LAC10-115-01-1D,UHL001,Actual,SW,Water,,,Clayton,07060004,River/Stream,,42.84327492,-91.36969617
6,15220012,Elk Creek @ Colesburg Rd/X3C (ELK10),06/05/2013 10:40:00,TURKEYR,PHOSP-PHOSP,Phosphate-phosphorus (AS P),Total,,0.22,mg/l,True,0.02,,,LAC10-115-01-1D,UHL001,Actual,SW,Water,,,Clayton,07060004,River/Stream,,42.73331715,-91.28009598
6,15220018,Roberts Creek @ 206th St/B65 (RC02/ROB30),09/04/2001 10:20:00,BSP,PHOSP-PHOSP,Phosphate-phosphorus (as P),Total,,0.04,mg/l,True,0.02,,,LAC10-115-01-1C,BSP,Actual,SW,Water,,,Clayton,07060004,River/Stream,,42.9304245,-91.38552335
6,15220018,Roberts Creek @ 206th St/B65 (RC02/ROB30),07/24/2001 10:45:00,BSP,PHOSP-PHOSP,Phosphate-phosphorus (as P),Total,,0.3,mg/l,True,0.1,,,TIM 787-86T,BSP,Actual,SW,Water,,,Clayton,07060004,River/Stream,,42.9304245,-91.38552335
6,15220018,Roberts Creek @ 206th St/B65 (RC02/ROB30),09/25/2001 11:30:00,BSP,PHOSP-PHOSP,Phosphate-phosphorus (as P),Total,,0.91,mg/l,True,0.02,,,LAC10-115-01-1C,BSP,Actual,SW,Water,,,Clayton,07060004,River/Stream,,42.9304245,-91.38552335
6,15220046,Pine Creek near Horseshoe Road (Pine Creek 1),10/15/2012 11:15:00,STLSBRNC,PHOSP-PHOSP,Phosphate-phosphorus (as P),Total,,0.12,mg/l,True,0.02,,,LAC10-115-01-1D,IGS-GRAB,Actual,SW,Water,,,Clayton,07060004,River/Stream,,42.66871242,-91.27821784
6,16220001,Roberts Creek,08/08/2012 12:10:00,TMDL,PHOSP-PHOSP,Phosphate-phosphorus (as P),Total,,0.15,mg/l,True,0.02,,,LAC10-115-01-1D,UHL001,Actual,SW,Water,,,Clayton,07060004,River/Stream,,42.963184,-91.461441
6,15220046,Pine Creek near Horseshoe Road (Pine Creek 1),09/12/2012 10:30:00,STLSBRNC,PHOSP-PHOSP,Phosphate-phosphorus (as P),Total,,0.04,mg/l,True,0.02,,,LAC10-115-01-1D,IGS-GRAB,Actual,SW,Water,,,Clayton,07060004,River/Stream,,42.66871242,-91.27821784
6,15220018,Roberts Creek @ 206th St/B65 (RC02/ROB30),07/03/2001 10:05:00,BSP,PHOSP-PHOSP,Phosphate-phosphorus (as P),Total,,0.1,mg/l,True,0.1,,,TIM 787-86T,BSP,Actual,SW,Water,,,Clayton,07060004,River/Stream,,42.9304245,-91.38552335
6,15220018,Roberts Creek @ 206th St/B65 (RC02/ROB30),08/14/2001 12:00:00,BSP,PHOSP-PHOSP,Phosphate-phosphorus (as P),Total,,0.3,mg/l,True,0.02,,,LAC10-115-01-1C,BSP,Actual,SW,Water,,,Clayton,07060004,River/Stream,,42.9304245,-91.38552335
6,15220050,Steeles Branch near Horseshoe Road (Steeles Branch 1),10/15/2012 11:00:00,STLSBRNC,PHOSP-PHOSP,Phosphate-phosphorus (as P),Total,,0.09,mg/l,True,0.02,,,LAC10-115-01-1D,IGS-GRAB,Actual,SW,Water,,,Clayton,07060004,River/Stream,,42.66774323,-91.28444356
6,15220050,Steeles Branch near Horseshoe Road (Steeles Branch 1),09/12/2012 10:45:00,STLSBRNC,PHOSP-PHOSP,Phosphate-phosphorus (as P),Total,,0.03,mg/l,True,0.02,,,LAC10-115-01-1D,IGS-GRAB,Actual,SW,Water,,,Clayton,07060004,River/Stream,,42.66774323,-91.28444356
6,15220050,Steeles Branch near Horseshoe Road (Steeles Branch 1),07/31/2012 10:35:00,STLSBRNC,PHOSP-PHOSP,Phosphate-phosphorus (as P),Total,,0.09,mg/l,True,0.02,,,LAC10-115-01-1D,IGS-GRAB,Actual,SW,Water,,,Clayton,07060004,River/Stream,,42.66774323,-91.28444356
6,15220050,Steeles Branch near Horseshoe Road (Steeles Branch 1),05/31/2012 15:30:00,STLSBRNC,PHOSP-PHOSP,Phosphate-phosphorus (as P),Total,,0.06,mg/l,True,0.02,,,LAC10-115-01-1D,IGS-GRAB,Actual,SW,Water,,,Clayton,07060004,River/Stream,,42.66774323,-91.28444356
6,15220049,Pine Creek near 400th St. (Pine Creek 4),07/31/2012 09:15:00,STLSBRNC,PHOSP-PHOSP,Phosphate-phosphorus (as P),Total,,0.54,mg/l,True,0.05,,,LAC10-115-01-1C,IGS-GRAB,Actual,SW,Water,,,Clayton,07060004,River/Stream,,42.64623736,-91.2241035
6,15220047,Pine Creek near Horseshoe Road (Pine Creek 2),09/12/2012 09:30:00,STLSBRNC,PHOSP-PHOSP,Phosphate-phosphorus (as P),Total,,0.06,mg/l,True,0.02,,,LAC10-115-01-1D,IGS-GRAB,Actual,SW,Water,,,Clayton,07060004,River/Stream,,42.66556336,-91.25165507
6,15220047,Pine Creek near Horseshoe Road (Pine Creek 2),07/31/2012 09:45:00,STLSBRNC,PHOSP-PHOSP,Phosphate-phosphorus (as P),Total,,0.06,mg/l,True,0.02,,,LAC10-115-01-1D,IGS-GRAB,Actual,SW,Water,,,Clayton,07060004,River/Stream,,42.66556336,-91.25165507
6,15220047,Pine Creek near Horseshoe Road (Pine Creek 2),05/31/2012 14:45:00,STLSBRNC,PHOSP-PHOSP,Phosphate-phosphorus (as P),Total,,0.05,mg/l,True,0.02,,,LAC10-115-01-1D,IGS-GRAB,Actual,SW,Water,,,Clayton,07060004,River/Stream,,42.66556336,-91.25165507
6,15220013,Hewett Creek @ Crystal Road (HEW20),08/01/2012 07:15:00,TURKEYR,PHOSP-PHOSP,Phosphate-phosphorus (as P),Total,,0.09,mg/l,True,0.02,,,LAC10-115-01-1D,IGS-GRAB,Actual,SW,Water,,,Clayton,07060004,River/Stream,,42.78586318,-91.51847775
6,15220050,Steeles Branch near Horseshoe Road (Steeles Branch 1),12/05/2012 11:11:00,STLSBRNC,PHOSP-PHOSP,Phosphate-phosphorus (as P),Total,,0.04,mg/l,True,0.02,,,LAC10-115-01-1D,IGS-GRAB,Actual,SW,Water,,,Clayton,07060004,River/Stream,,42.66774323,-91.28444356
6,15220017,Roberts Creek @ Grape Rd (ROB10),09/05/2012 13:20:00,TURKEYR,PHOSP-PHOSP,Phosphate-phosphorus (as P),Total,,0.61,mg/l,True,0.05,,,LAC10-115-01-1C,IGS-GRAB,Actual,SW,Water,,,Clayton,07060004,River/Stream,,42.83952465,-91.37446914
6,15220019,Roberts Creek @ Dalmation Ave (ROB50),06/06/2012 14:22:00,TURKEYR,PHOSP-PHOSP,Phosphate-phosphorus (as P),Total,,0.1,mg/l,True,0.02,,,LAC10-115-01-1D,IGS-GRAB,Actual,SW,Water,,,Clayton,07060004,River/Stream,,42.95959549,-91.4562996
6,15220019,Roberts Creek @ Dalmation Ave (ROB50),08/01/2012 12:45:00,TURKEYR,PHOSP-PHOSP,Phosphate-phosphorus (as P),Total,,0.09,mg/l,True,0.02,,,LAC10-115-01-1D,IGS-GRAB,Actual,SW,Water,,,Clayton,07060004,River/Stream,,42.95959549,-91.4562996
6,15220016,Mink Creek @ Aztec Road (MIN10),09/05/2012 08:15:00,TURKEYR,PHOSP-PHOSP,Phosphate-phosphorus (as P),Total,,0.2,mg/l,True,0.02,,,LAC10-115-01-1D,IGS-GRAB,Actual,SW,Water,,,Clayton,07060004,River/Stream,,42.8441202,-91.59732742
6,15220013,Hewett Creek @ Crystal Road (HEW20),05/02/2012 08:45:00,TURKEYR,PHOSP-PHOSP,Phosphate-phosphorus (as P),Total,,0.72,mg/l,True,0.05,,,LAC10-115-01-1C,IGS-GRAB,Actual,SW,Water,,,Clayton,07060004,River/Stream,,42.78586318,-91.51847775
6,15220011,Dry Mill Creek @ Grape Rd (DMI10),09/05/2012 13:03:00,TURKEYR,PHOSP-PHOSP,Phosphate-phosphorus (as P),Total,,1.5,mg/l,True,0.05,,,LAC10-115-01-1C,IGS-GRAB,Actual,SW,Water,,,Clayton,07060004,River/Stream,,42.84327492,-91.36969617
6,15220017,Roberts Creek @ Grape Rd (ROB10),07/02/2012 08:55:00,TURKEYR,PHOSP-PHOSP,Phosphate-phosphorus (as P),Total,,0.11,mg/l,True,0.02,,,LAC10-115-01-1D,IGS-GRAB,Actual,SW,Water,,,Clayton,07060004,River/Stream,,42.83952465,-91.37446914
6,15220010,Cox Creek @ Highway 13 (COX20),09/05/2012 07:50:00,TURKEYR,PHOSP-PHOSP,Phosphate-phosphorus (as P),Total,,1.1,mg/l,True,0.05,,,LAC10-115-01-1C,IGS-GRAB,Actual,SW,Water,,,Clayton,07060004,River/Stream,,42.76688423,-91.46209679
6,15220009,South Cedar Creek @ Lower Cedar Rd (CED10),09/05/2012 09:00:00,TURKEYR,PHOSP-PHOSP,Phosphate-phosphorus (as P),Total,,2.2,mg/l,True,0.05,,,LAC10-115-01-1C,IGS-GRAB,Actual,SW,Water,,,Clayton,07060004,River/Stream,,42.74424922,-91.21535774
6,15220010,Cox Creek @ Highway 13 (COX20),04/04/2012 07:15:00,TURKEYR,PHOSP-PHOSP,Phosphate-phosphorus (as P),Total,,0.05,mg/l,True,0.02,,,LAC10-115-01-1D,IGS-GRAB,Actual,SW,Water,,,Clayton,07060004,River/Stream,,42.76688423,-91.46209679
6,15220013,Hewett Creek @ Crystal Road (HEW20),04/04/2012 07:45:00,TURKEYR,PHOSP-PHOSP,Phosphate-phosphorus (as P),Total,,0.04,mg/l,True,0.02,,,LAC10-115-01-1D,IGS-GRAB,Actual,SW,Water,,,Clayton,07060004,River/Stream,,42.78586318,-91.51847775
6,15220020,Turkey River @ Highway 52 (TR10),04/04/2012 09:45:00,TURKEYR,PHOSP-PHOSP,Phosphate-phosphorus (as P),Total,,0.05,mg/l,True,0.02,,,LAC10-115-01-1D,IGS-GRAB,Actual,SW,Water,,,Clayton,07060004,River/Stream,,42.70781335,-91.0757377
6,15220015,Little Turkey River @ Highway 52 (LIT10),04/04/2012 10:00:00,TURKEYR,PHOSP-PHOSP,Phosphate-phosphorus (as P),Total,,0.07,mg/l,True,0.02,,,LAC10-115-01-1D,IGS-GRAB,Actual,SW,Water,,,Clayton,07060004,River/Stream,,42.6987021,-91.07371173
6,15220009,South Cedar Creek @ Lower Cedar Rd (CED10),04/04/2012 11:00:00,TURKEYR,PHOSP-PHOSP,Phosphate-phosphorus (as P),Total,,0.09,mg/l,True,0.02,,,LAC10-115-01-1D,IGS-GRAB,Actual,SW,Water,,,Clayton,07060004,River/Stream,,42.74424922,-91.21535774
6,15220045,Turkey River @ Hwy. 13 (TR28),04/04/2012 14:22:00,TURKEYR,PHOSP-PHOSP,Phosphate-phosphorus (as P),Total,,0.05,mg/l,True,0.02,,,LAC10-115-01-1D,IGS-GRAB,Actual,SW,Water,,,Clayton,07060004,River/Stream,,42.84321539,-91.40058452
6,15220014,Howard Creek @ Mouth (HOW10),04/04/2012 14:50:00,TURKEYR,PHOSP-PHOSP,Phosphate-phosphorus (as P),Total,,0.05,mg/l,True,0.02,,,LAC10-115-01-1D,IGS-GRAB,Actual,SW,Water,,,Clayton,07060004,River/Stream,,42.9300546,-91.38292282
6,15220009,South Cedar Creek @ Lower Cedar Rd (CED10),05/02/2012 10:30:00,TURKEYR,PHOSP-PHOSP,Phosphate-phosphorus (as P),Total,,0.14,mg/l,True,0.02,,,LAC10-115-01-1D,IGS-GRAB,Actual,SW,Water,,,Clayton,07060004,River/Stream,,42.74424922,-91.21535774
6,15220019,Roberts Creek @ Dalmation Ave (ROB50),04/04/2012 15:35:00,TURKEYR,PHOSP-PHOSP,Phosphate-phosphorus (as P),Total,,0.03,mg/l,True,0.02,,,LAC10-115-01-1D,IGS-GRAB,Actual,SW,Water,,,Clayton,07060004,River/Stream,,42.95959549,-91.4562996
6,15220020,Turkey River @ Highway 52 (TR10),05/02/2012 11:45:00,TURKEYR,PHOSP-PHOSP,Phosphate-phosphorus (as P),Total,,0.14,mg/l,True,0.02,,,LAC10-115-01-1D,IGS-GRAB,Actual,SW,Water,,,Clayton,07060004,River/Stream,,42.70781335,-91.0757377
6,15220015,Little Turkey River @ Highway 52 (LIT10),05/03/2012 00:00:00,TURKEYR,PHOSP-PHOSP,Phosphate-phosphorus (as P),Total,,0.14,mg/l,True,0.02,,,LAC10-115-01-1D,IGS-GRAB,Actual,SW,Water,,,Clayton,07060004,River/Stream,,42.6987021,-91.07371173
6,15220017,Roberts Creek @ Grape Rd (ROB10),06/06/2012 13:05:00,TURKEYR,PHOSP-PHOSP,Phosphate-phosphorus (as P),Total,,0.1,mg/l,True,0.02,,,LAC10-115-01-1D,IGS-GRAB,Actual,SW,Water,,,Clayton,07060004,River/Stream,,42.83952465,-91.37446914
6,15220014,Howard Creek @ Mouth (HOW10),06/06/2012 13:43:00,TURKEYR,PHOSP-PHOSP,Phosphate-phosphorus (as P),Total,,0.12,mg/l,True,0.02,,,LAC10-115-01-1D,IGS-GRAB,Actual,SW,Water,,,Clayton,07060004,River/Stream,,42.9300546,-91.38292282
6,15220015,Little Turkey River @ Highway 52 (LIT10),06/06/2012 13:50:00,TURKEYR,PHOSP-PHOSP,Phosphate-phosphorus (as P),Total,,0.08,mg/l,True,0.02,,,LAC10-115-01-1D,IGS-GRAB,Actual,SW,Water,,,Clayton,07060004,River/Stream,,42.6987021,-91.07371173
6,15220020,Turkey River @ Highway 52 (TR10),06/06/2012 14:30:00,TURKEYR,PHOSP-PHOSP,Phosphate-phosphorus (as P),Total,,0.12,mg/l,True,0.02,,,LAC10-115-01-1D,IGS-GRAB,Actual,SW,Water,,,Clayton,07060004,River/Stream,,42.70781335,-91.0757377
6,15220011,Dry Mill Creek @ Grape Rd (DMI10),07/02/2012 09:05:00,TURKEYR,PHOSP-PHOSP,Phosphate-phosphorus (as P),Total,,0.12,mg/l,True,0.02,,,LAC10-115-01-1D,IGS-GRAB,Actual,SW,Water,,,Clayton,07060004,River/Stream,,42.84327492,-91.36969617
6,15220045,Turkey River @ Hwy. 13 (TR28),07/02/2012 09:45:00,TURKEYR,PHOSP-PHOSP,Phosphate-phosphorus (as P),Total,,0.12,mg/l,True,0.02,,,LAC10-115-01-1D,IGS-GRAB,Actual,SW,Water,,,Clayton,07060004,River/Stream,,42.84321539,-91.40058452
6,15220012,Elk Creek @ Colesburg Rd/X3C (ELK10),08/01/2012 06:54:00,TURKEYR,PHOSP-PHOSP,Phosphate-phosphorus (as P),Total,,0.07,mg/l,True,0.02,,,LAC10-115-01-1D,IGS-GRAB,Actual,SW,Water,,,Clayton,07060004,River/Stream,,42.73331715,-91.28009598
6,15220009,South Cedar Creek @ Lower Cedar Rd (CED10),08/01/2012 07:20:00,TURKEYR,PHOSP-PHOSP,Phosphate-phosphorus (as P),Total,,0.22,mg/l,True,0.02,,,LAC10-115-01-1D,IGS-GRAB,Actual,SW,Water,,,Clayton,07060004,River/Stream,,42.74424922,-91.21535774
6,15220020,Turkey River @ Highway 52 (TR10),08/01/2012 08:30:00,TURKEYR,PHOSP-PHOSP,Phosphate-phosphorus (as P),Total,,0.14,mg/l,True,0.02,,,LAC10-115-01-1D,IGS-GRAB,Actual,SW,Water,,,Clayton,07060004,River/Stream,,42.70781335,-91.0757377
6,15220015,Little Turkey River @ Highway 52 (LIT10),08/01/2012 08:45:00,TURKEYR,PHOSP-PHOSP,Phosphate-phosphorus (as P),Total,,0.11,mg/l,True,0.02,,,LAC10-115-01-1D,IGS-GRAB,Actual,SW,Water,,,Clayton,07060004,River/Stream,,42.6987021,-91.07371173
6,15220015,Little Turkey River @ Highway 52 (LIT10),09/05/2012 10:30:00,TURKEYR,PHOSP-PHOSP,Phosphate-phosphorus (as P),Total,,0.16,mg/l,True,0.02,,,LAC10-115-01-1D,IGS-GRAB,Actual,SW,Water,,,Clayton,07060004,River/Stream,,42.6987021,-91.07371173
6,15220014,Howard Creek @ Mouth (HOW10),09/05/2012 14:10:00,TURKEYR,PHOSP-PHOSP,Phosphate-phosphorus (as P),Total,,0.28,mg/l,True,0.02,,,LAC10-115-01-1D,IGS-GRAB,Actual,SW,Water,,,Clayton,07060004,River/Stream,,42.9300546,-91.38292282
6,15220013,Hewett Creek @ Crystal Road (HEW20),10/03/2012 07:45:00,TURKEYR,PHOSP-PHOSP,Phosphate-phosphorus (as P),Total,,0.05,mg/l,True,0.02,,,LAC10-115-01-1D,IGS-GRAB,Actual,SW,Water,,,Clayton,07060004,River/Stream,,42.78586318,-91.51847775
6,15220010,Cox Creek @ Highway 13 (COX20),10/03/2012 08:20:00,TURKEYR,PHOSP-PHOSP,Phosphate-phosphorus (as P),Total,,0.05,mg/l,True,0.02,,,LAC10-115-01-1D,IGS-GRAB,Actual,SW,Water,,,Clayton,07060004,River/Stream,,42.76688423,-91.46209679
6,15220013,Hewett Creek @ Crystal Road (HEW20),10/16/2013 08:30:00,TURKEYR,PHOSP-PHOSP,Phosphate-phosphorus (AS P),Total,,0.06,mg/l,True,0.02,,,LAC10-115-01-1D,UHL001,Actual,SW,Water,,,Clayton,07060004,River/Stream,,42.78586318,-91.51847775
6,15220012,Elk Creek @ Colesburg Rd/X3C (ELK10),10/16/2013 10:00:00,TURKEYR,PHOSP-PHOSP,Phosphate-phosphorus (AS P),Total,,0.03,mg/l,True,0.02,,,LAC10-115-01-1D,UHL001,Actual,SW,Water,,,Clayton,07060004,River/Stream,,42.73331715,-91.28009598
6,15220010,Cox Creek @ Highway 13 (COX20),10/16/2013 08:15:00,TURKEYR,PHOSP-PHOSP,Phosphate-phosphorus (AS P),Total,,0.08,mg/l,True,0.02,,,LAC10-115-01-1D,UHL001,Actual,SW,Water,,,Clayton,07060004,River/Stream,,42.76688423,-91.46209679
6,15220017,Roberts Creek @ Grape Rd (ROB10),10/16/2013 11:10:00,TURKEYR,PHOSP-PHOSP,Phosphate-phosphorus (AS P),Total,,0.08,mg/l,True,0.02,,,LAC10-115-01-1D,UHL001,Actual,SW,Water,,,Clayton,07060004,River/Stream,,42.83952465,-91.37446914
6,15220020,Turkey River @ Highway 52 (TR10),10/16/2013 10:20:00,TURKEYR,PHOSP-PHOSP,Phosphate-phosphorus (AS P),Total,,0.06,mg/l,True,0.02,,,LAC10-115-01-1D,UHL001,Actual,SW,Water,,,Clayton,07060004,River/Stream,,42.70781335,-91.0757377
6,15220010,Cox Creek @ Highway 13 (COX20),11/06/2013 07:45:00,TURKEYR,PHOSP-PHOSP,Phosphate-phosphorus (AS P),Total,,0.15,mg/l,True,0.02,,,LAC10-115-01-1D,UHL001,Actual,SW,Water,,,Clayton,07060004,River/Stream,,42.76688423,-91.46209679
6,15220011,Dry Mill Creek @ Grape Rd (DMI10),11/06/2013 10:15:00,TURKEYR,PHOSP-PHOSP,Phosphate-phosphorus (AS P),Total,,0.08,mg/l,True,0.02,,,LAC10-115-01-1D,UHL001,Actual,SW,Water,,,Clayton,07060004,River/Stream,,42.84327492,-91.36969617
6,15220034,Unnamed Trib. to Silver Crk. @ Dolphin Ave (SC03),04/10/2013 08:50:00,TURKEYR,PHOSP-PHOSP,Phosphate-phosphorus (AS P),Total,,2,mg/l,True,0.05,,,LAC10-115-01-1C,UHL001,Actual,SW,Water,,,Clayton,07060004,River/Stream,,43.0342002,-91.4587066
6,15220016,Mink Creek @ Aztec Road (MIN10),11/06/2013 08:10:00,TURKEYR,PHOSP-PHOSP,Phosphate-phosphorus (AS P),Total,,0.2,mg/l,True,0.02,,,LAC10-115-01-1D,UHL001,Actual,SW,Water,,,Clayton,07060004,River/Stream,,42.8441202,-91.59732742
6,15220012,Elk Creek @ Colesburg Rd/X3C (ELK10),11/06/2013 12:30:00,TURKEYR,PHOSP-PHOSP,Phosphate-phosphorus (AS P),Total,,0.08,mg/l,True,0.02,,,LAC10-115-01-1D,UHL001,Actual,SW,Water,,,Clayton,07060004,River/Stream,,42.73331715,-91.28009598
6,15220015,Little Turkey River @ Highway 52 (LIT10),11/06/2013 10:45:00,TURKEYR,PHOSP-PHOSP,Phosphate-phosphorus (AS P),Total,,0.1,mg/l,True,0.02,,,LAC10-115-01-1D,UHL001,Actual,SW,Water,,,Clayton,07060004,River/Stream,,42.6987021,-91.07371173
6,15220051,Unnamed Creek at 125th St (UNS25),04/10/2013 09:15:00,TURKEYR,PHOSP-PHOSP,Phosphate-phosphorus (AS P),Total,,0.56,mg/l,True,0.05,,,LAC10-115-01-1D,UHL001,Actual,SW,Water,,,Clayton,07060004,River/Stream,,43.04444686,-91.43104301
6,15220013,Hewett Creek @ Crystal Road (HEW20),04/10/2013 07:40:00,TURKEYR,PHOSP-PHOSP,Phosphate-phosphorus (AS P),Total,,0.78,mg/l,True,0.05,,,LAC10-115-01-1C,UHL001,Actual,SW,Water,,,Clayton,07060004,River/Stream,,42.78586318,-91.51847775
6,15220014,Howard Creek @ Mouth (HOW10),04/10/2013 13:07:00,TURKEYR,PHOSP-PHOSP,Phosphate-phosphorus (AS P),Total,,1,mg/l,True,0.05,,,LAC10-115-01-1C,UHL001,Actual,SW,Water,,,Clayton,07060004,River/Stream,,42.9300546,-91.38292282
6,15220019,Roberts Creek @ Dalmation Ave (ROB50),04/10/2013 13:30:00,TURKEYR,PHOSP-PHOSP,Phosphate-phosphorus (AS P),Total,,1.9,mg/l,True,0.05,,,LAC10-115-01-1C,UHL001,Actual,SW,Water,,,Clayton,07060004,River/Stream,,42.95959549,-91.4562996
6,15220017,Roberts Creek @ Grape Rd (ROB10),04/10/2013 11:50:00,TURKEYR,PHOSP-PHOSP,Phosphate-phosphorus (AS P),Total,,1.2,mg/l,True,0.05,,,LAC10-115-01-1C,UHL001,Actual,SW,Water,,,Clayton,07060004,River/Stream,,42.83952465,-91.37446914
6,15220020,Turkey River @ Highway 52 (TR10),04/10/2013 10:02:00,TURKEYR,PHOSP-PHOSP,Phosphate-phosphorus (AS P),Total,,1.4,mg/l,True,0.05,,,LAC10-115-01-1C,UHL001,Actual,SW,Water,,,Clayton,07060004,River/Stream,,42.70781335,-91.0757377
6,15220012,Elk Creek @ Colesburg Rd/X3C (ELK10),05/01/2013 14:40:00,TURKEYR,PHOSP-PHOSP,Phosphate-phosphorus (AS P),Total,,0.07,mg/l,True,0.02,,,LAC10-115-01-1D,UHL001,Actual,SW,Water,,,Clayton,07060004,River/Stream,,42.73331715,-91.28009598
6,15220013,Hewett Creek @ Crystal Road (HEW20),05/01/2013 07:20:00,TURKEYR,PHOSP-PHOSP,Phosphate-phosphorus (AS P),Total,,0.06,mg/l,True,0.02,,,LAC10-115-01-1D,UHL001,Actual,SW,Water,,,Clayton,07060004,River/Stream,,42.78586318,-91.51847775
6,15220017,Roberts Creek @ Grape Rd (ROB10),05/01/2013 10:15:00,TURKEYR,PHOSP-PHOSP,Phosphate-phosphorus (AS P),Total,,0.08,mg/l,True,0.02,,,LAC10-115-01-1D,UHL001,Actual,SW,Water,,,Clayton,07060004,River/Stream,,42.83952465,-91.37446914
6,15220051,Unnamed Creek at 125th St (UNS25),05/01/2013 08:40:00,TURKEYR,PHOSP-PHOSP,Phosphate-phosphorus (AS P),Total,,0.33,mg/l,True,0.02,,,LAC10-115-01-1D,UHL001,Actual,SW,Water,,,Clayton,07060004,River/Stream,,43.04444686,-91.43104301
6,15220034,Unnamed Trib. to Silver Crk. @ Dolphin Ave (SC03),05/01/2013 09:00:00,TURKEYR,PHOSP-PHOSP,Phosphate-phosphorus (AS P),Total,,3.3,mg/l,True,0.05,,,LAC10-115-01-1D,UHL001,Actual,SW,Water,,,Clayton,07060004,River/Stream,,43.0342002,-91.4587066
6,15220020,Turkey River @ Highway 52 (TR10),05/01/2013 12:00:00,TURKEYR,PHOSP-PHOSP,Phosphate-phosphorus (AS P),Total,,0.33,mg/l,True,0.02,,,LAC10-115-01-1D,UHL001,Actual,SW,Water,,,Clayton,07060004,River/Stream,,42.70781335,-91.0757377
6,15220018,Roberts Creek @ 206th St/B65 (RC02/ROB30),10/05/1999 13:15:00,BSP,PHOSP-PHOSP,Phosphate-phosphorus (as P),Total,,0.1,mg/l,True,0.1,,,TIM 787-86T,BSP,Actual,SW,Water,,,Clayton,07060004,River/Stream,,42.9304245,-91.38552335
6,15220018,Roberts Creek @ 206th St/B65 (RC02/ROB30),10/12/1999 10:35:00,BSP,PHOSP-PHOSP,Phosphate-phosphorus (as P),Total,,0.1,mg/l,False,0.1,,,TIM 787-86T,BSP,Actual,SW,Water,,,Clayton,07060004,River/Stream,,42.9304245,-91.38552335
6,15220018,Roberts Creek @ 206th St/B65 (RC02/ROB30),10/26/1999 11:05:00,BSP,PHOSP-PHOSP,Phosphate-phosphorus (as P),Total,,0.1,mg/l,False,0.1,,,TIM 787-86T,BSP,Actual,SW,Water,,,Clayton,07060004,River/Stream,,42.9304245,-91.38552335
6,15220018,Roberts Creek @ 206th St/B65 (RC02/ROB30),11/02/1999 11:20:00,BSP,PHOSP-PHOSP,Phosphate-phosphorus (as P),Total,,0.1,mg/l,False,0.1,,,TIM 787-86T,BSP,Actual,SW,Water,,,Clayton,07060004,River/Stream,,42.9304245,-91.38552335
6,15220018,Roberts Creek @ 206th St/B65 (RC02/ROB30),11/23/1999 10:25:00,BSP,PHOSP-PHOSP,Phosphate-phosphorus (as P),Total,,0.4,mg/l,True,0.1,,,TIM 787-86T,BSP,Actual,SW,Water,,,Clayton,07060004,River/Stream,,42.9304245,-91.38552335
6,15220018,Roberts Creek @ 206th St/B65 (RC02/ROB30),01/04/2000 09:55:00,BSP,PHOSP-PHOSP,Phosphate-phosphorus (as P),Total,,0.1,mg/l,False,0.1,,,TIM 787-86T,BSP,Actual,SW,Water,,,Clayton,07060004,River/Stream,,42.9304245,-91.38552335
6,15220018,Roberts Creek @ 206th St/B65 (RC02/ROB30),12/14/1999 11:15:00,BSP,PHOSP-PHOSP,Phosphate-phosphorus (as P),Total,,0.1,mg/l,False,0.1,,,TIM 787-86T,BSP,Actual,SW,Water,,,Clayton,07060004,River/Stream,,42.9304245,-91.38552335
6,15220018,Roberts Creek @ 206th St/B65 (RC02/ROB30),01/25/2000 11:15:00,BSP,PHOSP-PHOSP,Phosphate-phosphorus (as P),Total,,0.1,mg/l,True,0.1,,,TIM 787-86T,BSP,Actual,SW,Water,,,Clayton,07060004,River/Stream,,42.9304245,-91.38552335
6,15220018,Roberts Creek @ 206th St/B65 (RC02/ROB30),02/15/2000 11:20:00,BSP,PHOSP-PHOSP,Phosphate-phosphorus (as P),Total,,0.1,mg/l,True,0.1,,,TIM 787-86T,BSP,Actual,SW,Water,,,Clayton,07060004,River/Stream,,42.9304245,-91.38552335
6,15220018,Roberts Creek @ 206th St/B65 (RC02/ROB30),02/22/2000 11:30:00,BSP,PHOSP-PHOSP,Phosphate-phosphorus (as P),Total,,0.1,mg/l,True,0.1,,,TIM 787-86T,BSP,Actual,SW,Water,,,Clayton,07060004,River/Stream,,42.9304245,-91.38552335
6,15220018,Roberts Creek @ 206th St/B65 (RC02/ROB30),03/07/2000 10:20:00,BSP,PHOSP-PHOSP,Phosphate-phosphorus (as P),Total,,0.3,mg/l,True,0.1,,,TIM 787-86T,BSP,Actual,SW,Water,,,Clayton,07060004,River/Stream,,42.9304245,-91.38552335
6,15220018,Roberts Creek @ 206th St/B65 (RC02/ROB30),03/14/2000 11:20:00,BSP,PHOSP-PHOSP,Phosphate-phosphorus (as P),Total,,0.2,mg/l,True,0.1,,,TIM 787-86T,BSP,Actual,SW,Water,,,Clayton,07060004,River/Stream,,42.9304245,-91.38552335
6,15220018,Roberts Creek @ 206th St/B65 (RC02/ROB30),03/28/2000 12:00:00,BSP,PHOSP-PHOSP,Phosphate-phosphorus (as P),Total,,0.1,mg/l,True,0.1,,,TIM 787-86T,BSP,Actual,SW,Water,,,Clayton,07060004,River/Stream,,42.9304245,-91.38552335
6,15220018,Roberts Creek @ 206th St/B65 (RC02/ROB30),04/04/2000 11:10:00,BSP,PHOSP-PHOSP,Phosphate-phosphorus (as P),Total,,0.1,mg/l,False,0.1,,,TIM 787-86T,BSP,Actual,SW,Water,,,Clayton,07060004,River/Stream,,42.9304245,-91.38552335
6,15220018,Roberts Creek @ 206th St/B65 (RC02/ROB30),04/18/2000 10:30:00,BSP,PHOSP-PHOSP,Phosphate-phosphorus (as P),Total,,0.3,mg/l,True,0.1,,,TIM 787-86T,BSP,Actual,SW,Water,,,Clayton,07060004,River/Stream,,42.9304245,-91.38552335
6,15220018,Roberts Creek @ 206th St/B65 (RC02/ROB30),04/25/2000 11:55:00,BSP,PHOSP-PHOSP,Phosphate-phosphorus (as P),Total,,0.2,mg/l,True,0.1,,,TIM 787-86T,BSP,Actual,SW,Water,,,Clayton,07060004,River/Stream,,42.9304245,-91.38552335
6,15220018,Roberts Creek @ 206th St/B65 (RC02/ROB30),06/06/2000 10:30:00,BSP,PHOSP-PHOSP,Phosphate-phosphorus (as P),Total,,0.6,mg/l,True,0.1,,,TIM 787-86T,BSP,Actual,SW,Water,,,Clayton,07060004,River/Stream,,42.9304245,-91.38552335
6,15220018,Roberts Creek @ 206th St/B65 (RC02/ROB30),05/16/2000 10:45:00,BSP,PHOSP-PHOSP,Phosphate-phosphorus (as P),Total,,0.3,mg/l,True,0.1,,,TIM 787-86T,BSP,Actual,SW,Water,,,Clayton,07060004,River/Stream,,42.9304245,-91.38552335
6,15220018,Roberts Creek @ 206th St/B65 (RC02/ROB30),07/18/2000 11:15:00,BSP,PHOSP-PHOSP,Phosphate-phosphorus (as P),Total,,0.1,mg/l,False,0.1,,,TIM 787-86T,BSP,Actual,SW,Water,,,Clayton,07060004,River/Stream,,42.9304245,-91.38552335
6,15220018,Roberts Creek @ 206th St/B65 (RC02/ROB30),06/27/2000 11:35:00,BSP,PHOSP-PHOSP,Phosphate-phosphorus (as P),Total,,0.6,mg/l,True,0.1,,,TIM 787-86T,BSP,Actual,SW,Water,,,Clayton,07060004,River/Stream,,42.9304245,-91.38552335
6,15220018,Roberts Creek @ 206th St/B65 (RC02/ROB30),08/29/2000 11:45:00,BSP,PHOSP-PHOSP,Phosphate-phosphorus (as P),Total,,0.2,mg/l,True,0.1,,,TIM 787-86T,BSP,Actual,SW,Water,,,Clayton,07060004,River/Stream,,42.9304245,-91.38552335
6,15220018,Roberts Creek @ 206th St/B65 (RC02/ROB30),08/08/2000 10:50:00,BSP,PHOSP-PHOSP,Phosphate-phosphorus (as P),Total,,0.2,mg/l,True,0.1,,,TIM 787-86T,BSP,Actual,SW,Water,,,Clayton,07060004,River/Stream,,42.9304245,-91.38552335
6,15220018,Roberts Creek @ 206th St/B65 (RC02/ROB30),09/19/2000 10:45:00,BSP,PHOSP-PHOSP,Phosphate-phosphorus (as P),Total,,0.1,mg/l,True,0.1,,,TIM 787-86T,BSP,Actual,SW,Water,,,Clayton,07060004,River/Stream,,42.9304245,-91.38552335
6,15220018,Roberts Creek @ 206th St/B65 (RC02/ROB30),09/05/2000 10:40:00,BSP,PHOSP-PHOSP,Phosphate-phosphorus (as P),Total,,0.3,mg/l,True,0.1,,,TIM 787-86T,BSP,Actual,SW,Water,,,Clayton,07060004,River/Stream,,42.9304245,-91.38552335
6,15220018,Roberts Creek @ 206th St/B65 (RC02/ROB30),09/26/2000 11:45:00,BSP,PHOSP-PHOSP,Phosphate-phosphorus (as P),Total,,0.1,mg/l,True,0.1,,,TIM 787-86T,BSP,Actual,SW,Water,,,Clayton,07060004,River/Stream,,42.9304245,-91.38552335
6,15220018,Roberts Creek @ 206th St/B65 (RC02/ROB30),10/17/2000 10:50:00,BSP,PHOSP-PHOSP,Phosphate-phosphorus (as P),Total,,0.1,mg/l,False,0.1,,,TIM 787-86T,BSP,Actual,SW,Water,,,Clayton,07060004,River/Stream,,42.9304245,-91.38552335
6,15220018,Roberts Creek @ 206th St/B65 (RC02/ROB30),11/07/2000 11:25:00,BSP,PHOSP-PHOSP,Phosphate-phosphorus (as P),Total,,0.4,mg/l,True,0.1,,,TIM 787-86T,BSP,Actual,SW,Water,,,Clayton,07060004,River/Stream,,42.9304245,-91.38552335
6,15220018,Roberts Creek @ 206th St/B65 (RC02/ROB30),02/06/2001 10:45:00,BSP,PHOSP-PHOSP,Phosphate-phosphorus (as P),Total,,0.1,mg/l,True,0.1,,,TIM 787-86T,BSP,Actual,SW,Water,,,Clayton,07060004,River/Stream,,42.9304245,-91.38552335
6,15220018,Roberts Creek @ 206th St/B65 (RC02/ROB30),01/09/2001 11:00:00,BSP,PHOSP-PHOSP,Phosphate-phosphorus (as P),Total,,0.2,mg/l,True,0.1,,,TIM 787-86T,BSP,Actual,SW,Water,,,Clayton,07060004,River/Stream,,42.9304245,-91.38552335
6,15220018,Roberts Creek @ 206th St/B65 (RC02/ROB30),11/28/2000 11:35:00,BSP,PHOSP-PHOSP,Phosphate-phosphorus (as P),Total,,0.1,mg/l,True,0.1,,,TIM 787-86T,BSP,Actual,SW,Water,,,Clayton,07060004,River/Stream,,42.9304245,-91.38552335
6,15220018,Roberts Creek @ 206th St/B65 (RC02/ROB30),12/19/2000 12:20:00,BSP,PHOSP-PHOSP,Phosphate-phosphorus (as P),Total,,0.2,mg/l,True,0.1,,,TIM 787-86T,BSP,Actual,SW,Water,,,Clayton,07060004,River/Stream,,42.9304245,-91.38552335
6,15220018,Roberts Creek @ 206th St/B65 (RC02/ROB30),01/30/2001 11:15:00,BSP,PHOSP-PHOSP,Phosphate-phosphorus (as P),Total,,0.7,mg/l,True,0.1,,,TIM 787-86T,BSP,Actual,SW,Water,,,Clayton,07060004,River/Stream,,42.9304245,-91.38552335
6,15220018,Roberts Creek @ 206th St/B65 (RC02/ROB30),02/20/2001 10:55:00,BSP,PHOSP-PHOSP,Phosphate-phosphorus (as P),Total,,0.4,mg/l,True,0.1,,,TIM 787-86T,BSP,Actual,SW,Water,,,Clayton,07060004,River/Stream,,42.9304245,-91.38552335
6,15220018,Roberts Creek @ 206th St/B65 (RC02/ROB30),02/27/2001 11:20:00,BSP,PHOSP-PHOSP,Phosphate-phosphorus (as P),Total,,0.2,mg/l,True,0.1,,,TIM 787-86T,BSP,Actual,SW,Water,,,Clayton,07060004,River/Stream,,42.9304245,-91.38552335
6,15220018,Roberts Creek @ 206th St/B65 (RC02/ROB30),03/13/2001 10:40:00,BSP,PHOSP-PHOSP,Phosphate-phosphorus (as P),Total,,0.3,mg/l,True,0.1,,,TIM 787-86T,BSP,Actual,SW,Water,,,Clayton,07060004,River/Stream,,42.9304245,-91.38552335
6,15220018,Roberts Creek @ 206th St/B65 (RC02/ROB30),04/03/2001 11:00:00,BSP,PHOSP-PHOSP,Phosphate-phosphorus (as P),Total,,1.4,mg/l,True,0.1,,,TIM 787-86T,BSP,Actual,SW,Water,,,Clayton,07060004,River/Stream,,42.9304245,-91.38552335
6,15220018,Roberts Creek @ 206th St/B65 (RC02/ROB30),03/20/2001 11:10:00,BSP,PHOSP-PHOSP,Phosphate-phosphorus (as P),Total,,0.8,mg/l,True,0.1,,,TIM 787-86T,BSP,Actual,SW,Water,,,Clayton,07060004,River/Stream,,42.9304245,-91.38552335
6,15220018,Roberts Creek @ 206th St/B65 (RC02/ROB30),04/10/2001 11:05:00,BSP,PHOSP-PHOSP,Phosphate-phosphorus (as P),Total,,0.4,mg/l,True,0.1,,,TIM 787-86T,BSP,Actual,SW,Water,,,Clayton,07060004,River/Stream,,42.9304245,-91.38552335
6,15220018,Roberts Creek @ 206th St/B65 (RC02/ROB30),04/24/2001 12:45:00,BSP,PHOSP-PHOSP,Phosphate-phosphorus (as P),Total,,0.1,mg/l,True,0.1,,,TIM 787-86T,BSP,Actual,SW,Water,,,Clayton,07060004,River/Stream,,42.9304245,-91.38552335
6,15220018,Roberts Creek @ 206th St/B65 (RC02/ROB30),05/01/2001 10:45:00,BSP,PHOSP-PHOSP,Phosphate-phosphorus (as P),Total,,0.3,mg/l,True,0.1,,,TIM 787-86T,BSP,Actual,SW,Water,,,Clayton,07060004,River/Stream,,42.9304245,-91.38552335
6,15220018,Roberts Creek @ 206th St/B65 (RC02/ROB30),06/12/2001 10:30:00,BSP,PHOSP-PHOSP,Phosphate-phosphorus (as P),Total,,0.3,mg/l,True,0.1,,,TIM 787-86T,BSP,Actual,SW,Water,,,Clayton,07060004,River/Stream,,42.9304245,-91.38552335
6,15220018,Roberts Creek @ 206th St/B65 (RC02/ROB30),05/15/2001 10:30:00,BSP,PHOSP-PHOSP,Phosphate-phosphorus (as P),Total,,0.2,mg/l,True,0.1,,,TIM 787-86T,BSP,Actual,SW,Water,,,Clayton,07060004,River/Stream,,42.9304245,-91.38552335
6,15220018,Roberts Creek @ 206th St/B65 (RC02/ROB30),05/22/2001 11:05:00,BSP,PHOSP-PHOSP,Phosphate-phosphorus (as P),Total,,0.1,mg/l,False,0.1,,,TIM 787-86T,BSP,Actual,SW,Water,,,Clayton,07060004,River/Stream,,42.9304245,-91.38552335
6,15220018,Roberts Creek @ 206th St/B65 (RC02/ROB30),06/05/2001 10:55:00,BSP,PHOSP-PHOSP,Phosphate-phosphorus (as P),Total,,0.1,mg/l,True,0.1,,,TIM 787-86T,BSP,Actual,SW,Water,,,Clayton,07060004,River/Stream,,42.9304245,-91.38552335
6,15220016,Mink Creek @ Aztec Road (MIN10),05/04/2011 09:00:00,TURKEYR,PHOSP-PHOSP,Phosphate-phosphorus (as P),Total,,0.03,mg/l,True,0.02,,,365.4,IGS-GRAB,Actual,SW,Water,,,Clayton,07060004,River/Stream,,42.8441202,-91.59732742
6,15220015,Little Turkey River @ Highway 52 (LIT10),06/01/2011 10:48:00,TURKEYR,PHOSP-PHOSP,Phosphate-phosphorus (as P),Total,,0.1,mg/l,True,0.02,,,365.4,IGS-GRAB,Actual,SW,Water,,,Clayton,07060004,River/Stream,,42.6987021,-91.07371173
6,15220020,Turkey River @ Highway 52 (TR10),06/01/2011 10:28:00,TURKEYR,PHOSP-PHOSP,Phosphate-phosphorus (as P),Total,,0.15,mg/l,True,0.02,,,365.4,IGS-GRAB,Actual,SW,Water,,,Clayton,07060004,River/Stream,,42.70781335,-91.0757377
6,15220012,Elk Creek @ Colesburg Rd/X3C (ELK10),06/01/2011 11:40:00,TURKEYR,PHOSP-PHOSP,Phosphate-phosphorus (as P),Total,,0.08,mg/l,True,0.02,,,365.4,IGS-GRAB,Actual,SW,Water,,,Clayton,07060004,River/Stream,,42.73331715,-91.28009598
6,15220019,Roberts Creek @ Dalmation Ave (ROB50),06/01/2011 08:30:00,TURKEYR,PHOSP-PHOSP,Phosphate-phosphorus (as P),Total,,0.11,mg/l,True,0.02,,,365.4,IGS-GRAB,Actual,SW,Water,,,Clayton,07060004,River/Stream,,42.95959549,-91.4562996
6,15220021,Turkey River @ Elkader (TR30),06/01/2011 09:35:00,TURKEYR,PHOSP-PHOSP,Phosphate-phosphorus (as P),Total,,0.14,mg/l,True,0.02,,,365.4,IGS-GRAB,Actual,SW,Water,,,Clayton,07060004,River/Stream,,42.859771,-91.406681
6,15220012,Elk Creek @ Colesburg Rd/X3C (ELK10),07/06/2011 11:38:00,TURKEYR,PHOSP-PHOSP,Phosphate-phosphorus (as P),Total,,0.07,mg/l,True,0.02,,,365.4,IGS-GRAB,Actual,SW,Water,,,Clayton,07060004,River/Stream,,42.73331715,-91.28009598
6,15220020,Turkey River @ Highway 52 (TR10),07/06/2011 10:45:00,TURKEYR,PHOSP-PHOSP,Phosphate-phosphorus (as P),Total,,0.11,mg/l,True,0.02,,,365.4,IGS-GRAB,Actual,SW,Water,,,Clayton,07060004,River/Stream,,42.70781335,-91.0757377
6,15220016,Mink Creek @ Aztec Road (MIN10),07/06/2011 08:30:00,TURKEYR,PHOSP-PHOSP,Phosphate-phosphorus (as P),Total,,0.12,mg/l,True,0.02,,,365.4,IGS-GRAB,Actual,SW,Water,,,Clayton,07060004,River/Stream,,42.8441202,-91.59732742
6,15220011,Dry Mill Creek @ Grape Rd (DMI10),07/06/2011 13:45:00,TURKEYR,PHOSP-PHOSP,Phosphate-phosphorus (as P),Total,,0.08,mg/l,True,0.02,,,365.4,IGS-GRAB,Actual,SW,Water,,,Clayton,07060004,River/Stream,,42.84327492,-91.36969617
6,15220011,Dry Mill Creek @ Grape Rd (DMI10),08/03/2011 08:48:00,TURKEYR,PHOSP-PHOSP,Phosphate-phosphorus (as P),Total,,0.11,mg/l,True,0.02,,,365.4,IGS-GRAB,Actual,SW,Water,,,Clayton,07060004,River/Stream,,42.84327492,-91.36969617
6,15220012,Elk Creek @ Colesburg Rd/X3C (ELK10),08/03/2011 10:50:00,TURKEYR,PHOSP-PHOSP,Phosphate-phosphorus (as P),Total,,0.11,mg/l,True,0.02,,,365.4,IGS-GRAB,Actual,SW,Water,,,Clayton,07060004,River/Stream,,42.73331715,-91.28009598
6,15220016,Mink Creek @ Aztec Road (MIN10),08/03/2011 08:20:00,TURKEYR,PHOSP-PHOSP,Phosphate-phosphorus (as P),Total,,0.11,mg/l,True,0.02,,,365.4,IGS-GRAB,Actual,SW,Water,,,Clayton,07060004,River/Stream,,42.8441202,-91.59732742
6,15220021,Turkey River @ Elkader (TR30),08/03/2011 09:10:00,TURKEYR,PHOSP-PHOSP,Phosphate-phosphorus (as P),Total,,0.1,mg/l,True,0.02,,,365.4,IGS-GRAB,Actual,SW,Water,,,Clayton,07060004,River/Stream,,42.859771,-91.406681
6,15220009,South Cedar Creek @ Lower Cedar Rd (CED10),09/07/2011 11:00:00,TURKEYR,PHOSP-PHOSP,Phosphate-phosphorus (as P),Total,,0.16,mg/l,True,0.02,,,365.4,IGS-GRAB,Actual,SW,Water,,,Clayton,07060004,River/Stream,,42.74424922,-91.21535774
6,15220014,Howard Creek @ Mouth (HOW10),09/07/2011 09:20:00,TURKEYR,PHOSP-PHOSP,Phosphate-phosphorus (as P),Total,,0.34,mg/l,True,0.02,,,365.4,IGS-GRAB,Actual,SW,Water,,,Clayton,07060004,River/Stream,,42.9300546,-91.38292282
6,15220010,Cox Creek @ Highway 13 (COX20),09/07/2011 07:30:00,TURKEYR,PHOSP-PHOSP,Phosphate-phosphorus (as P),Total,,0.11,mg/l,True,0.02,,,365.4,IGS-GRAB,Actual,SW,Water,,,Clayton,07060004,River/Stream,,42.76688423,-91.46209679
6,15220013,Hewett Creek @ Crystal Road (HEW20),09/07/2011 08:00:00,TURKEYR,PHOSP-PHOSP,Phosphate-phosphorus (as P),Total,,0.09,mg/l,True,0.02,,,365.4,IGS-GRAB,Actual,SW,Water,,,Clayton,07060004,River/Stream,,42.78586318,-91.51847775
6,15220015,Little Turkey River @ Highway 52 (LIT10),09/07/2011 11:55:00,TURKEYR,PHOSP-PHOSP,Phosphate-phosphorus (as P),Total,,0.14,mg/l,True,0.02,,,365.4,IGS-GRAB,Actual,SW,Water,,,Clayton,07060004,River/Stream,,42.6987021,-91.07371173
6,15220017,Roberts Creek @ Grape Rd (ROB10),09/07/2011 10:20:00,TURKEYR,PHOSP-PHOSP,Phosphate-phosphorus (as P),Total,,0.21,mg/l,True,0.02,,,365.4,IGS-GRAB,Actual,SW,Water,,,Clayton,07060004,River/Stream,,42.83952465,-91.37446914
6,15220020,Turkey River @ Highway 52 (TR10),09/07/2011 12:05:00,TURKEYR,PHOSP-PHOSP,Phosphate-phosphorus (as P),Total,,0.25,mg/l,True,0.02,,,365.4,IGS-GRAB,Actual,SW,Water,,,Clayton,07060004,River/Stream,,42.70781335,-91.0757377
6,15220019,Roberts Creek @ Dalmation Ave (ROB50),09/07/2011 08:30:00,TURKEYR,PHOSP-PHOSP,Phosphate-phosphorus (as P),Total,,0.19,mg/l,True,0.02,,,365.4,IGS-GRAB,Actual,SW,Water,,,Clayton,07060004,River/Stream,,42.95959549,-91.4562996
6,15220012,Elk Creek @ Colesburg Rd/X3C (ELK10),10/05/2011 11:50:00,TURKEYR,PHOSP-PHOSP,Phosphate-phosphorus (as P),Total,,0.05,mg/l,True,0.02,,,365.4,IGS-GRAB,Actual,SW,Water,,,Clayton,07060004,River/Stream,,42.73331715,-91.28009598
6,15220011,Dry Mill Creek @ Grape Rd (DMI10),10/05/2011 10:15:00,TURKEYR,PHOSP-PHOSP,Phosphate-phosphorus (as P),Total,,0.08,mg/l,True,0.02,,,365.4,IGS-GRAB,Actual,SW,Water,,,Clayton,07060004,River/Stream,,42.84327492,-91.36969617
6,16220001,Roberts Creek,08/12/2009 13:15:00,TMDL,PHOSP-PHOSP,Phosphate-phosphorus (as P),Total,,0.27,mg/l,True,0.02,,,365.4,UHL001,Actual,SW,Water,,,Clayton,07060004,River/Stream,,42.963184,-91.461441
6,16220001,Roberts Creek,07/28/2009 12:10:00,TMDL,PHOSP-PHOSP,Phosphate-phosphorus (as P),Total,,0.2,mg/l,True,0.02,,,365.4,UHL001,Actual,SW,Water,,,Clayton,07060004,River/Stream,,42.963184,-91.461441
6,16220001,Roberts Creek,08/11/2008 10:30:00,TMDL,PHOSP-PHOSP,Phosphate-phosphorus (as P),Total,,0.09,mg/l,True,0.02,,,365.4,UHL001,Actual,SW,Water,,,Clayton,07060004,River/Stream,,42.963184,-91.461441
6,16220007,Volga River - Site 196,07/24/2006 10:35:00,REMAP,PHOSP-PHOSP,Phosphate-phosphorus (as P),Total,,0.19,mg/l,True,0.02,,,365.4,UHL001,Actual,SW,Water,,,Clayton,07060004,River/Stream,,42.754989,-91.363441
6,16220006,North Cedar Creek - Clayton # 159,09/24/2007 15:30:00,TMDL,PHOSP-PHOSP,Phosphate-phosphorus (as P),Total,,0.08,mg/l,True,0.02,,,365.4,UHL001,Actual,SW,Water,,,Clayton,07060003,River/Stream,,42.947107,-91.232895
6,15220013,Hewett Creek @ Crystal Road (HEW20),05/04/2011 08:00:00,TURKEYR,PHOSP-PHOSP,Phosphate-phosphorus (as P),Total,,0.05,mg/l,True,0.02,,,365.4,IGS-GRAB,Actual,SW,Water,,,Clayton,07060004,River/Stream,,42.78586318,-91.51847775
6,15220012,Elk Creek @ Colesburg Rd/X3C (ELK10),05/04/2011 11:34:00,TURKEYR,PHOSP-PHOSP,Phosphate-phosphorus (as P),Total,,0.05,mg/l,True,0.02,,,365.4,IGS-GRAB,Actual,SW,Water,,,Clayton,07060004,River/Stream,,42.73331715,-91.28009598
6,15220009,South Cedar Creek @ Lower Cedar Rd (CED10),06/01/2011 12:16:00,TURKEYR,PHOSP-PHOSP,Phosphate-phosphorus (as P),Total,,0.18,mg/l,True,0.02,,,365.4,IGS-GRAB,Actual,SW,Water,,,Clayton,07060004,River/Stream,,42.74424922,-91.21535774
6,15220009,South Cedar Creek @ Lower Cedar Rd (CED10),05/04/2011 14:15:00,TURKEYR,PHOSP-PHOSP,Phosphate-phosphorus (as P),Total,,0.05,mg/l,True,0.02,,,365.4,IGS-GRAB,Actual,SW,Water,,,Clayton,07060004,River/Stream,,42.74424922,-91.21535774
6,15220015,Little Turkey River @ Highway 52 (LIT10),05/04/2011 13:15:00,TURKEYR,PHOSP-PHOSP,Phosphate-phosphorus (as P),Total,,0.05,mg/l,True,0.02,,,365.4,IGS-GRAB,Actual,SW,Water,,,Clayton,07060004,River/Stream,,42.6987021,-91.07371173
6,15220021,Turkey River @ Elkader (TR30),05/04/2011 15:45:00,TURKEYR,PHOSP-PHOSP,Phosphate-phosphorus (as P),Total,,0.09,mg/l,True,0.02,,,365.4,IGS-GRAB,Actual,SW,Water,,,Clayton,07060004,River/Stream,,42.859771,-91.406681
6,16220006,North Cedar Creek - Clayton # 159,07/05/2005 10:15:00,REMAP,PHOSP-PHOSP,Phosphate-phosphorus (as P),Total,,0.1,mg/l,True,0.02,,,365.4,UHL001,Actual,SW,Water,,,Clayton,07060003,River/Stream,,42.947107,-91.232895
6,16220003,Turkey River - Garber - REMAP # 70,09/23/2003 09:30:00,REMAP,PHOSP-PHOSP,Phosphate-phosphorus (as P),Total,,0.07,mg/l,True,0.02,,,365.4,UHL001,Actual,SW,Water,,,Clayton,07060004,River/Stream,,42.738283,-91.265993
6,16220005,Bear Creek - Edgewood # 155,07/19/2005 12:30:00,REMAP,PHOSP-PHOSP,Phosphate-phosphorus (as P),Total,,0.06,mg/l,True,0.02,,,365.4,UHL001,Actual,SW,Water,,,Clayton,07060004,River/Stream,,42.672969,-91.393914
6,16220006,North Cedar Creek - Clayton # 159,07/19/2005 09:45:00,REMAP,PHOSP-PHOSP,Phosphate-phosphorus (as P),Total,,0.07,mg/l,True,0.02,,,365.4,UHL001,Actual,SW,Water,,,Clayton,07060003,River/Stream,,42.947107,-91.232895
6,16220001,Roberts Creek,07/30/2002 14:10:00,REMAP,PHOSP-PHOSP,Phosphate-phosphorus (as P),Total,,0.72,mg/l,True,0.05,,,365.4,UHL001,Actual,SW,Water,,,Clayton,07060004,River/Stream,,42.963184,-91.461441
6,16220002,Peck Creek - REMAP #229,09/10/2002 09:55:00,REMAP,PHOSP-PHOSP,Phosphate-phosphorus (as P),Total,,0.05,mg/l,False,0.05,,,365.4,UHL001,Actual,SW,Water,,,Clayton,07060004,River/Stream,,42.723821,-91.144286
6,15220004,Sny Magill Creek Site #1 (SN01),11/28/1995 13:50:00,SNY319,PHOSP-PHOSP,Phosphate-phosphorus (as P),Total,,0.1,mg/l,False,0.1,,,Unknown,SNY001,Actual,SW,Water,,,Clayton,07060003,River/Stream,,42.94880662,-91.18632674
6,15220004,Sny Magill Creek Site #1 (SN01),10/17/1995 14:30:00,SNY319,PHOSP-PHOSP,Phosphate-phosphorus (as P),Total,,0.1,mg/l,False,0.1,,,Unknown,SNY001,Actual,SW,Water,,,Clayton,07060003,River/Stream,,42.94880662,-91.18632674
6,15220004,Sny Magill Creek Site #1 (SN01),12/05/1995 13:30:00,SNY319,PHOSP-PHOSP,Phosphate-phosphorus (as P),Total,,0.1,mg/l,False,0.1,,,Unknown,SNY001,Actual,SW,Water,,,Clayton,07060003,River/Stream,,42.94880662,-91.18632674
6,15220004,Sny Magill Creek Site #1 (SN01),09/04/2001 11:35:00,SNY319,PHOSP-PHOSP,Phosphate-phosphorus (as P),Total,,0.02,mg/l,False,0.02,,,Unknown,SNY001,Actual,SW,Water,,,Clayton,07060003,River/Stream,,42.94880662,-91.18632674
6,15220004,Sny Magill Creek Site #1 (SN01),08/28/2001 13:55:00,SNY319,PHOSP-PHOSP,Phosphate-phosphorus (as P),Total,,0.02,mg/l,False,0.02,,,Unknown,SNY001,Actual,SW,Water,,,Clayton,07060003,River/Stream,,42.94880662,-91.18632674
6,15220004,Sny Magill Creek Site #1 (SN01),10/25/1994 11:45:00,SNY319,PHOSP-PHOSP,Phosphate-phosphorus (as P),Total,,0.1,mg/l,True,0.1,,,Unknown,SNY001,Actual,SW,Water,,,Clayton,07060003,River/Stream,,42.94880662,-91.18632674
6,15220004,Sny Magill Creek Site #1 (SN01),11/22/1994 13:40:00,SNY319,PHOSP-PHOSP,Phosphate-phosphorus (as P),Total,,0.1,mg/l,False,0.1,,,Unknown,SNY001,Actual,SW,Water,,,Clayton,07060003,River/Stream,,42.94880662,-91.18632674
6,15220004,Sny Magill Creek Site #1 (SN01),11/15/1994 13:30:00,SNY319,PHOSP-PHOSP,Phosphate-phosphorus (as P),Total,,0.1,mg/l,False,0.1,,,Unknown,SNY001,Actual,SW,Water,,,Clayton,07060003,River/Stream,,42.94880662,-91.18632674
6,15220010,Cox Creek @ Highway 13 (COX20),11/02/2011 07:55:00,TURKEYR,PHOSP-PHOSP,Phosphate-phosphorus (as P),Total,,0.05,mg/l,True,0.02,,,365.4,IGS-GRAB,Actual,SW,Water,,,Clayton,07060004,River/Stream,,42.76688423,-91.46209679
6,15220021,Turkey River @ Elkader (TR30),10/05/2011 09:50:00,TURKEYR,PHOSP-PHOSP,Phosphate-phosphorus (as P),Total,,0.05,mg/l,True,0.02,,,365.4,IGS-GRAB,Actual,SW,Water,,,Clayton,07060004,River/Stream,,42.859771,-91.406681
6,15220016,Mink Creek @ Aztec Road (MIN10),10/05/2011 08:35:00,TURKEYR,PHOSP-PHOSP,Phosphate-phosphorus (as P),Total,,0.08,mg/l,True,0.02,,,365.4,IGS-GRAB,Actual,SW,Water,,,Clayton,07060004,River/Stream,,42.8441202,-91.59732742
6,15220019,Roberts Creek @ Dalmation Ave (ROB50),11/02/2011 12:35:00,TURKEYR,PHOSP-PHOSP,Phosphate-phosphorus (as P),Total,,0.1,mg/l,True,0.02,,,365.4,IGS-GRAB,Actual,SW,Water,,,Clayton,07060004,River/Stream,,42.95959549,-91.4562996
6,15220015,Little Turkey River @ Highway 52 (LIT10),11/02/2011 12:30:00,TURKEYR,PHOSP-PHOSP,Phosphate-phosphorus (as P),Total,,0.08,mg/l,True,0.02,,,365.4,IGS-GRAB,Actual,SW,Water,,,Clayton,07060004,River/Stream,,42.6987021,-91.07371173
6,15220017,Roberts Creek @ Grape Rd (ROB10),11/02/2011 14:25:00,TURKEYR,PHOSP-PHOSP,Phosphate-phosphorus (as P),Total,,0.05,mg/l,True,0.02,,,365.4,IGS-GRAB,Actual,SW,Water,,,Clayton,07060004,River/Stream,,42.83952465,-91.37446914
6,15220014,Howard Creek @ Mouth (HOW10),11/02/2011 13:15:00,TURKEYR,PHOSP-PHOSP,Phosphate-phosphorus (as P),Total,,0.07,mg/l,True,0.02,,,365.4,IGS-GRAB,Actual,SW,Water,,,Clayton,07060004,River/Stream,,42.9300546,-91.38292282
6,15220020,Turkey River @ Highway 52 (TR10),11/02/2011 12:15:00,TURKEYR,PHOSP-PHOSP,Phosphate-phosphorus (as P),Total,,0.06,mg/l,True,0.02,,,365.4,IGS-GRAB,Actual,SW,Water,,,Clayton,07060004,River/Stream,,42.70781335,-91.0757377
6,15220011,Dry Mill Creek @ Grape Rd (DMI10),11/02/2011 14:00:00,TURKEYR,PHOSP-PHOSP,Phosphate-phosphorus (as P),Total,,0.06,mg/l,True,0.02,,,365.4,IGS-GRAB,Actual,SW,Water,,,Clayton,07060004,River/Stream,,42.84327492,-91.36969617
6,15220012,Elk Creek @ Colesburg Rd/X3C (ELK10),11/02/2011 12:30:00,TURKEYR,PHOSP-PHOSP,Phosphate-phosphorus (as P),Total,,0.04,mg/l,True,0.02,,,365.4,IGS-GRAB,Actual,SW,Water,,,Clayton,07060004,River/Stream,,42.73331715,-91.28009598
6,15220013,Hewett Creek @ Crystal Road (HEW20),11/02/2011 07:40:00,TURKEYR,PHOSP-PHOSP,Phosphate-phosphorus (as P),Total,,0.07,mg/l,True,0.02,,,365.4,IGS-GRAB,Actual,SW,Water,,,Clayton,07060004,River/Stream,,42.78586318,-91.51847775
6,15220016,Mink Creek @ Aztec Road (MIN10),11/02/2011 08:20:00,TURKEYR,PHOSP-PHOSP,Phosphate-phosphorus (as P),Total,,0.05,mg/l,True,0.02,,,365.4,IGS-GRAB,Actual,SW,Water,,,Clayton,07060004,River/Stream,,42.8441202,-91.59732742
6,15220021,Turkey River @ Elkader (TR30),11/02/2011 14:40:00,TURKEYR,PHOSP-PHOSP,Phosphate-phosphorus (as P),Total,,0.06,mg/l,True,0.02,,,365.4,IGS-GRAB,Actual,SW,Water,,,Clayton,07060004,River/Stream,,42.859771,-91.406681
6,15220012,Elk Creek @ Colesburg Rd/X3C (ELK10),09/07/2011 09:50:00,TURKEYR,PHOSP-PHOSP,Phosphate-phosphorus (as P),Total,,0.14,mg/l,True,0.02,,,365.4,IGS-GRAB,Actual,SW,Water,,,Clayton,07060004,River/Stream,,42.73331715,-91.28009598
6,15220016,Mink Creek @ Aztec Road (MIN10),09/07/2011 09:15:00,TURKEYR,PHOSP-PHOSP,Phosphate-phosphorus (as P),Total,,0.11,mg/l,True,0.02,,,365.4,IGS-GRAB,Actual,SW,Water,,,Clayton,07060004,River/Stream,,42.8441202,-91.59732742
6,15220021,Turkey River @ Elkader (TR30),09/07/2011 09:45:00,TURKEYR,PHOSP-PHOSP,Phosphate-phosphorus (as P),Total,,0.16,mg/l,True,0.02,,,365.4,IGS-GRAB,Actual,SW,Water,,,Clayton,07060004,River/Stream,,42.859771,-91.406681
6,15220009,South Cedar Creek @ Lower Cedar Rd (CED10),10/05/2011 12:30:00,TURKEYR,PHOSP-PHOSP,Phosphate-phosphorus (as P),Total,,0.09,mg/l,True,0.02,,,365.4,IGS-GRAB,Actual,SW,Water,,,Clayton,07060004,River/Stream,,42.74424922,-91.21535774
6,15220010,Cox Creek @ Highway 13 (COX20),10/05/2011 07:15:00,TURKEYR,PHOSP-PHOSP,Phosphate-phosphorus (as P),Total,,0.06,mg/l,True,0.02,,,365.4,IGS-GRAB,Actual,SW,Water,,,Clayton,07060004,River/Stream,,42.76688423,-91.46209679
6,15220013,Hewett Creek @ Crystal Road (HEW20),10/05/2011 07:40:00,TURKEYR,PHOSP-PHOSP,Phosphate-phosphorus (as P),Total,,0.06,mg/l,True,0.02,,,365.4,IGS-GRAB,Actual,SW,Water,,,Clayton,07060004,River/Stream,,42.78586318,-91.51847775
6,15220017,Roberts Creek @ Grape Rd (ROB10),10/05/2011 10:06:00,TURKEYR,PHOSP-PHOSP,Phosphate-phosphorus (as P),Total,,0.07,mg/l,True,0.02,,,365.4,IGS-GRAB,Actual,SW,Water,,,Clayton,07060004,River/Stream,,42.83952465,-91.37446914
6,15220015,Little Turkey River @ Highway 52 (LIT10),10/05/2011 11:15:00,TURKEYR,PHOSP-PHOSP,Phosphate-phosphorus (as P),Total,,0.08,mg/l,True,0.02,,,365.4,IGS-GRAB,Actual,SW,Water,,,Clayton,07060004,River/Stream,,42.6987021,-91.07371173
6,15220014,Howard Creek @ Mouth (HOW10),10/05/2011 09:31:00,TURKEYR,PHOSP-PHOSP,Phosphate-phosphorus (as P),Total,,0.11,mg/l,True,0.02,,,365.4,IGS-GRAB,Actual,SW,Water,,,Clayton,07060004,River/Stream,,42.9300546,-91.38292282
6,15220019,Roberts Creek @ Dalmation Ave (ROB50),10/05/2011 08:56:00,TURKEYR,PHOSP-PHOSP,Phosphate-phosphorus (as P),Total,,0.12,mg/l,True,0.02,,,365.4,IGS-GRAB,Actual,SW,Water,,,Clayton,07060004,River/Stream,,42.95959549,-91.4562996
6,15220009,South Cedar Creek @ Lower Cedar Rd (CED10),11/02/2011 13:15:00,TURKEYR,PHOSP-PHOSP,Phosphate-phosphorus (as P),Total,,0.06,mg/l,True,0.02,,,365.4,IGS-GRAB,Actual,SW,Water,,,Clayton,07060004,River/Stream,,42.74424922,-91.21535774
6,15220020,Turkey River @ Highway 52 (TR10),10/05/2011 10:40:00,TURKEYR,PHOSP-PHOSP,Phosphate-phosphorus (as P),Total,,0.04,mg/l,True,0.02,,,365.4,IGS-GRAB,Actual,SW,Water,,,Clayton,07060004,River/Stream,,42.70781335,-91.0757377
6,15220015,Little Turkey River @ Highway 52 (LIT10),08/03/2011 10:45:00,TURKEYR,PHOSP-PHOSP,Phosphate-phosphorus (as P),Total,,0.12,mg/l,True,0.02,,,365.4,IGS-GRAB,Actual,SW,Water,,,Clayton,07060004,River/Stream,,42.6987021,-91.07371173
6,15220019,Roberts Creek @ Dalmation Ave (ROB50),08/03/2011 07:10:00,TURKEYR,PHOSP-PHOSP,Phosphate-phosphorus (as P),Total,,0.12,mg/l,True,0.02,,,365.4,IGS-GRAB,Actual,SW,Water,,,Clayton,07060004,River/Stream,,42.95959549,-91.4562996
6,15220017,Roberts Creek @ Grape Rd (ROB10),08/03/2011 08:35:00,TURKEYR,PHOSP-PHOSP,Phosphate-phosphorus (as P),Total,,0.08,mg/l,True,0.02,,,365.4,IGS-GRAB,Actual,SW,Water,,,Clayton,07060004,River/Stream,,42.83952465,-91.37446914
6,15220020,Turkey River @ Highway 52 (TR10),08/03/2011 10:15:00,TURKEYR,PHOSP-PHOSP,Phosphate-phosphorus (as P),Total,,0.16,mg/l,True,0.02,,,365.4,IGS-GRAB,Actual,SW,Water,,,Clayton,07060004,River/Stream,,42.70781335,-91.0757377
6,15220011,Dry Mill Creek @ Grape Rd (DMI10),09/07/2011 10:00:00,TURKEYR,PHOSP-PHOSP,Phosphate-phosphorus (as P),Total,,0.18,mg/l,True,0.02,,,365.4,IGS-GRAB,Actual,SW,Water,,,Clayton,07060004,River/Stream,,42.84327492,-91.36969617
6,15220014,Howard Creek @ Mouth (HOW10),07/06/2011 12:45:00,TURKEYR,PHOSP-PHOSP,Phosphate-phosphorus (as P),Total,,0.1,mg/l,True,0.02,,,365.4,IGS-GRAB,Actual,SW,Water,,,Clayton,07060004,River/Stream,,42.9300546,-91.38292282
6,15220019,Roberts Creek @ Dalmation Ave (ROB50),07/06/2011 12:10:00,TURKEYR,PHOSP-PHOSP,Phosphate-phosphorus (as P),Total,,0.17,mg/l,True,0.02,,,365.4,IGS-GRAB,Actual,SW,Water,,,Clayton,07060004,River/Stream,,42.95959549,-91.4562996
6,15220021,Turkey River @ Elkader (TR30),07/06/2011 13:05:00,TURKEYR,PHOSP-PHOSP,Phosphate-phosphorus (as P),Total,,0.22,mg/l,True,0.02,,,365.4,IGS-GRAB,Actual,SW,Water,,,Clayton,07060004,River/Stream,,42.859771,-91.406681
6,15220009,South Cedar Creek @ Lower Cedar Rd (CED10),08/03/2011 12:00:00,TURKEYR,PHOSP-PHOSP,Phosphate-phosphorus (as P),Total,,0.15,mg/l,True,0.02,,,365.4,IGS-GRAB,Actual,SW,Water,,,Clayton,07060004,River/Stream,,42.74424922,-91.21535774
6,15220010,Cox Creek @ Highway 13 (COX20),08/03/2011 07:10:00,TURKEYR,PHOSP-PHOSP,Phosphate-phosphorus (as P),Total,,0.1,mg/l,True,0.02,,,365.4,IGS-GRAB,Actual,SW,Water,,,Clayton,07060004,River/Stream,,42.76688423,-91.46209679
6,15220013,Hewett Creek @ Crystal Road (HEW20),08/03/2011 07:25:00,TURKEYR,PHOSP-PHOSP,Phosphate-phosphorus (as P),Total,,0.11,mg/l,True,0.02,,,365.4,IGS-GRAB,Actual,SW,Water,,,Clayton,07060004,River/Stream,,42.78586318,-91.51847775
6,15220014,Howard Creek @ Mouth (HOW10),08/03/2011 08:00:00,TURKEYR,PHOSP-PHOSP,Phosphate-phosphorus (as P),Total,,0.15,mg/l,True,0.02,,,365.4,IGS-GRAB,Actual,SW,Water,,,Clayton,07060004,River/Stream,,42.9300546,-91.38292282
6,15220019,Roberts Creek @ Dalmation Ave (ROB50),05/04/2011 14:50:00,TURKEYR,PHOSP-PHOSP,Phosphate-phosphorus (as P),Total,,0.09,mg/l,True,0.02,,,365.4,IGS-GRAB,Actual,SW,Water,,,Clayton,07060004,River/Stream,,42.95959549,-91.4562996
6,15220020,Turkey River @ Highway 52 (TR10),05/04/2011 12:45:00,TURKEYR,PHOSP-PHOSP,Phosphate-phosphorus (as P),Total,,0.11,mg/l,True,0.02,,,365.4,IGS-GRAB,Actual,SW,Water,,,Clayton,07060004,River/Stream,,42.70781335,-91.0757377
6,15220010,Cox Creek @ Highway 13 (COX20),05/04/2011 07:10:00,TURKEYR,PHOSP-PHOSP,Phosphate-phosphorus (as P),Total,,0.05,mg/l,True,0.02,,,365.4,IGS-GRAB,Actual,SW,Water,,,Clayton,07060004,River/Stream,,42.76688423,-91.46209679
6,15220011,Dry Mill Creek @ Grape Rd (DMI10),05/04/2011 16:20:00,TURKEYR,PHOSP-PHOSP,Phosphate-phosphorus (as P),Total,,0.03,mg/l,True,0.02,,,365.4,IGS-GRAB,Actual,SW,Water,,,Clayton,07060004,River/Stream,,42.84327492,-91.36969617
6,15220010,Cox Creek @ Highway 13 (COX20),06/01/2011 07:30:00,TURKEYR,PHOSP-PHOSP,Phosphate-phosphorus (as P),Total,,0.07,mg/l,True,0.02,,,365.4,IGS-GRAB,Actual,SW,Water,,,Clayton,07060004,River/Stream,,42.76688423,-91.46209679
6,15220013,Hewett Creek @ Crystal Road (HEW20),06/01/2011 08:00:00,TURKEYR,PHOSP-PHOSP,Phosphate-phosphorus (as P),Total,,0.06,mg/l,True,0.02,,,365.4,IGS-GRAB,Actual,SW,Water,,,Clayton,07060004,River/Stream,,42.78586318,-91.51847775
6,15220016,Mink Creek @ Aztec Road (MIN10),06/01/2011 08:10:00,TURKEYR,PHOSP-PHOSP,Phosphate-phosphorus (as P),Total,,0.17,mg/l,True,0.02,,,365.4,IGS-GRAB,Actual,SW,Water,,,Clayton,07060004,River/Stream,,42.8441202,-91.59732742
6,15220011,Dry Mill Creek @ Grape Rd (DMI10),06/01/2011 10:10:00,TURKEYR,PHOSP-PHOSP,Phosphate-phosphorus (as P),Total,,0.13,mg/l,True,0.02,,,365.4,IGS-GRAB,Actual,SW,Water,,,Clayton,07060004,River/Stream,,42.84327492,-91.36969617
6,15220017,Roberts Creek @ Grape Rd (ROB10),06/01/2011 09:50:00,TURKEYR,PHOSP-PHOSP,Phosphate-phosphorus (as P),Total,,0.18,mg/l,True,0.02,,,365.4,IGS-GRAB,Actual,SW,Water,,,Clayton,07060004,River/Stream,,42.83952465,-91.37446914
6,15220014,Howard Creek @ Mouth (HOW10),06/01/2011 09:05:00,TURKEYR,PHOSP-PHOSP,Phosphate-phosphorus (as P),Total,,0.23,mg/l,True,0.02,,,365.4,IGS-GRAB,Actual,SW,Water,,,Clayton,07060004,River/Stream,,42.9300546,-91.38292282
6,15220009,South Cedar Creek @ Lower Cedar Rd (CED10),07/06/2011 12:45:00,TURKEYR,PHOSP-PHOSP,Phosphate-phosphorus (as P),Total,,0.12,mg/l,True,0.02,,,365.4,IGS-GRAB,Actual,SW,Water,,,Clayton,07060004,River/Stream,,42.74424922,-91.21535774
6,15220015,Little Turkey River @ Highway 52 (LIT10),07/06/2011 11:10:00,TURKEYR,PHOSP-PHOSP,Phosphate-phosphorus (as P),Total,,0.07,mg/l,True,0.02,,,365.4,IGS-GRAB,Actual,SW,Water,,,Clayton,07060004,River/Stream,,42.6987021,-91.07371173
6,15220010,Cox Creek @ Highway 13 (COX20),07/06/2011 07:10:00,TURKEYR,PHOSP-PHOSP,Phosphate-phosphorus (as P),Total,,0.08,mg/l,True,0.02,,,365.4,IGS-GRAB,Actual,SW,Water,,,Clayton,07060004,River/Stream,,42.76688423,-91.46209679
6,15220013,Hewett Creek @ Crystal Road (HEW20),07/06/2011 07:40:00,TURKEYR,PHOSP-PHOSP,Phosphate-phosphorus (as P),Total,,0.04,mg/l,True,0.02,,,365.4,IGS-GRAB,Actual,SW,Water,,,Clayton,07060004,River/Stream,,42.78586318,-91.51847775
6,15220017,Roberts Creek @ Grape Rd (ROB10),07/06/2011 13:50:00,TURKEYR,PHOSP-PHOSP,Phosphate-phosphorus (as P),Total,,0.1,mg/l,True,0.02,,,365.4,IGS-GRAB,Actual,SW,Water,,,Clayton,07060004,River/Stream,,42.83952465,-91.37446914
6,16220004,Hewitt Creek - Volga # 133,09/09/2004 08:30:00,REMAP,PHOSP-PHOSP,Phosphate-phosphorus (as P),Total,,0.06,mg/l,True,0.02,,,365.4,UHL001,Actual,SW,Water,,,Clayton,07060004,River/Stream,,42.756825,-91.563285
6,16220005,Bear Creek - Edgewood # 155,07/05/2005 13:30:00,REMAP,PHOSP-PHOSP,Phosphate-phosphorus (as P),Total,,0.08,mg/l,True,0.02,,,365.4,UHL001,Actual,SW,Water,,,Clayton,07060004,River/Stream,,42.672969,-91.393914
6,16220006,North Cedar Creek - Clayton # 159,07/26/2005 10:30:00,REMAP,PHOSP-PHOSP,Phosphate-phosphorus (as P),Total,,0.14,mg/l,True,0.02,,,365.4,UHL001,Actual,SW,Water,,,Clayton,07060003,River/Stream,,42.947107,-91.232895
6,16220005,Bear Creek - Edgewood # 155,07/26/2005 13:15:00,REMAP,PHOSP-PHOSP,Phosphate-phosphorus (as P),Total,,0.2,mg/l,True,0.02,,,365.4,UHL001,Actual,SW,Water,,,Clayton,07060004,River/Stream,,42.672969,-91.393914
6,15220017,Roberts Creek @ Grape Rd (ROB10),05/04/2011 16:00:00,TURKEYR,PHOSP-PHOSP,Phosphate-phosphorus (as P),Total,,0.36,mg/l,True,0.02,,,365.4,IGS-GRAB,Actual,SW,Water,,,Clayton,07060004,River/Stream,,42.83952465,-91.37446914
6,15220014,Howard Creek @ Mouth (HOW10),05/04/2011 15:25:00,TURKEYR,PHOSP-PHOSP,Phosphate-phosphorus (as P),Total,,0.05,mg/l,True,0.02,,,365.4,IGS-GRAB,Actual,SW,Water,,,Clayton,07060004,River/Stream,,42.9300546,-91.38292282
6,15220018,Roberts Creek @ 206th St/B65 (RC02/ROB30),05/04/2011 15:10:00,TURKEYR,PHOSP-PHOSP,Phosphate-phosphorus (as P),Total,,0.16,mg/l,True,0.02,,,365.4,IGS-GRAB,Actual,SW,Water,,,Clayton,07060004,River/Stream,,42.9304245,-91.38552335
6,16220006,North Cedar Creek - Clayton # 159,08/12/2008 13:15:00,TMDL,PHOSP-PHOSP,Phosphate-phosphorus (as P),Total,,0.04,mg/l,True,0.02,,,365.4,UHL001,Actual,SW,Water,,,Clayton,07060003,River/Stream,,42.947107,-91.232895
6,16220001,Roberts Creek,08/13/2002 09:45:00,REMAP,PHOSP-PHOSP,Phosphate-phosphorus (as P),Total,,0.22,mg/l,True,0.05,,,365.4,UHL001,Actual,SW,Water,,,Clayton,07060004,River/Stream,,42.963184,-91.461441
6,16220002,Peck Creek - REMAP #229,08/07/2002 13:30:00,REMAP,PHOSP-PHOSP,Phosphate-phosphorus (as P),Total,,0.11,mg/l,True,0.05,,,365.4,UHL001,Actual,SW,Water,,,Clayton,07060004,River/Stream,,42.723821,-91.144286
6,16220003,Turkey River - Garber - REMAP # 70,10/02/2003 08:45:00,REMAP,PHOSP-PHOSP,Phosphate-phosphorus (as P),Total,,0.05,mg/l,True,0.02,,,365.4,UHL001,Actual,SW,Water,,,Clayton,07060004,River/Stream,,42.738283,-91.265993
6,16220002,Peck Creek - REMAP #229,08/26/2002 12:30:00,REMAP,PHOSP-PHOSP,Phosphate-phosphorus (as P),Total,,0.08,mg/l,True,0.05,,,365.4,UHL001,Actual,SW,Water,,,Clayton,07060004,River/Stream,,42.723821,-91.144286
6,15220046,Pine Creek near Horseshoe Road (Pine Creek 1),04/09/2014 11:40:00,STLSBRNC,PHOSP-PHOSP,Phosphate-phosphorus (AS P),Total,,0.15,mg/l,True,0.02,,,LAC10-115-01-1D,UHL001,Actual,SW,Water,,,Clayton,07060004,River/Stream,,42.66871242,-91.27821784
6,15220018,Roberts Creek @ 206th St/B65 (RC02/ROB30),07/17/2001 10:50:00,BSP,PHOSP-PHOSP,Phosphate-phosphorus (as P),Total,,0.2,mg/l,True,0.1,,,TIM 787-86T,BSP,Actual,SW,Water,,,Clayton,07060004,River/Stream,,42.9304245,-91.38552335
6,15220018,Roberts Creek @ 206th St/B65 (RC02/ROB30),07/10/2001 10:25:00,BSP,PHOSP-PHOSP,Phosphate-phosphorus (as P),Total,,0.1,mg/l,False,0.1,,,TIM 787-86T,BSP,Actual,SW,Water,,,Clayton,07060004,River/Stream,,42.9304245,-91.38552335
6,15220018,Roberts Creek @ 206th St/B65 (RC02/ROB30),06/26/2001 10:45:00,BSP,PHOSP-PHOSP,Phosphate-phosphorus (as P),Total,,0.2,mg/l,True,0.1,,,TIM 787-86T,BSP,Actual,SW,Water,,,Clayton,07060004,River/Stream,,42.9304245,-91.38552335
6,15220049,Pine Creek near 400th St. (Pine Creek 4),04/09/2014 12:45:00,STLSBRNC,PHOSP-PHOSP,Phosphate-phosphorus (AS P),Total,,0.11,mg/l,True,0.02,,,LAC10-115-01-1D,UHL001,Actual,SW,Water,,,Clayton,07060004,River/Stream,,42.64623736,-91.2241035
6,15220048,Brownfield Creek near Horseshoe Road (Pine Creek 3),04/09/2014 12:15:00,STLSBRNC,PHOSP-PHOSP,Phosphate-phosphorus (AS P),Total,,0.17,mg/l,True,0.02,,,LAC10-115-01-1D,UHL001,Actual,SW,Water,,,Clayton,07060004,River/Stream,,42.6580697,-91.24980316
6,15220047,Pine Creek near Horseshoe Road (Pine Creek 2),04/09/2014 12:30:00,STLSBRNC,PHOSP-PHOSP,Phosphate-phosphorus (AS P),Total,,0.11,mg/l,True,0.02,,,LAC10-115-01-1D,UHL001,Actual,SW,Water,,,Clayton,07060004,River/Stream,,42.66556336,-91.25165507
6,15220048,Brownfield Creek near Horseshoe Road (Pine Creek 3),08/05/2014 11:15:00,STLSBRNC,PHOSP-PHOSP,Phosphate-phosphorus (AS P),Total,,0.09,mg/l,True,0.02,,,LAC10-115-01-1D,UHL001,Actual,SW,Water,,,Clayton,07060004,River/Stream,,42.6580697,-91.24980316
6,15220047,Pine Creek near Horseshoe Road (Pine Creek 2),08/05/2014 11:30:00,STLSBRNC,PHOSP-PHOSP,Phosphate-phosphorus (AS P),Total,,0.07,mg/l,True,0.02,,,LAC10-115-01-1D,UHL001,Actual,SW,Water,,,Clayton,07060004,River/Stream,,42.66556336,-91.25165507
6,15220046,Pine Creek near Horseshoe Road (Pine Creek 1),08/05/2014 11:00:00,STLSBRNC,PHOSP-PHOSP,Phosphate-phosphorus (AS P),Total,,0.08,mg/l,True,0.02,,,LAC10-115-01-1D,UHL001,Actual,SW,Water,,,Clayton,07060004,River/Stream,,42.66871242,-91.27821784
6,15220050,Steeles Branch near Horseshoe Road (Steeles Branch 1),04/09/2014 11:00:00,STLSBRNC,PHOSP-PHOSP,Phosphate-phosphorus (AS P),Total,,0.06,mg/l,True,0.02,,,LAC10-115-01-1D,UHL001,Actual,SW,Water,,,Clayton,07060004,River/Stream,,42.66774323,-91.28444356
6,15220045,Turkey River @ Hwy. 13 (TR28),05/01/2013 10:15:00,TURKEYR,PHOSP-PHOSP,Phosphate-phosphorus (AS P),Total,,0.09,mg/l,True,0.02,,,LAC10-115-01-1D,UHL001,Actual,SW,Water,,,Clayton,07060004,River/Stream,,42.84321539,-91.40058452
6,15220019,Roberts Creek @ Dalmation Ave (ROB50),05/01/2013 12:50:00,TURKEYR,PHOSP-PHOSP,Phosphate-phosphorus (AS P),Total,,0.09,mg/l,True,0.02,,,LAC10-115-01-1D,UHL001,Actual,SW,Water,,,Clayton,07060004,River/Stream,,42.95959549,-91.4562996
6,15220018,Roberts Creek @ 206th St/B65 (RC02/ROB30),01/16/2001 10:55:00,BSP,PHOSP-PHOSP,Phosphate-phosphorus (as P),Total,,0.2,mg/l,True,0.1,,,TIM 787-86T,BSP,Actual,SW,Water,,,Clayton,07060004,River/Stream,,42.9304245,-91.38552335
6,15220018,Roberts Creek @ 206th St/B65 (RC02/ROB30),01/23/2001 11:00:00,BSP,PHOSP-PHOSP,Phosphate-phosphorus (as P),Total,,0.2,mg/l,True,0.1,,,TIM 787-86T,BSP,Actual,SW,Water,,,Clayton,07060004,River/Stream,,42.9304245,-91.38552335
6,15220018,Roberts Creek @ 206th St/B65 (RC02/ROB30),05/08/2001 11:35:00,BSP,PHOSP-PHOSP,Phosphate-phosphorus (as P),Total,,0.3,mg/l,True,0.1,,,TIM 787-86T,BSP,Actual,SW,Water,,,Clayton,07060004,River/Stream,,42.9304245,-91.38552335
6,15220018,Roberts Creek @ 206th St/B65 (RC02/ROB30),05/29/2001 10:45:00,BSP,PHOSP-PHOSP,Phosphate-phosphorus (as P),Total,,0.1,mg/l,True,0.1,,,TIM 787-86T,BSP,Actual,SW,Water,,,Clayton,07060004,River/Stream,,42.9304245,-91.38552335
6,15220018,Roberts Creek @ 206th St/B65 (RC02/ROB30),06/19/2001 10:55:00,BSP,PHOSP-PHOSP,Phosphate-phosphorus (as P),Total,,0.4,mg/l,True,0.1,,,TIM 787-86T,BSP,Actual,SW,Water,,,Clayton,07060004,River/Stream,,42.9304245,-91.38552335
6,15220051,Unnamed Creek at 125th St (UNS25),11/06/2013 09:10:00,TURKEYR,PHOSP-PHOSP,Phosphate-phosphorus (AS P),Total,,1.2,mg/l,True,0.05,,,LAC10-115-01-1D,UHL001,Actual,SW,Water,,,Clayton,07060004,River/Stream,,43.04444686,-91.43104301
6,15220045,Turkey River @ Hwy. 13 (TR28),10/16/2013 11:30:00,TURKEYR,PHOSP-PHOSP,Phosphate-phosphorus (AS P),Total,,0.07,mg/l,True,0.02,,,LAC10-115-01-1D,UHL001,Actual,SW,Water,,,Clayton,07060004,River/Stream,,42.84321539,-91.40058452
6,15220016,Mink Creek @ Aztec Road (MIN10),10/16/2013 08:00:00,TURKEYR,PHOSP-PHOSP,Phosphate-phosphorus (AS P),Total,,0.06,mg/l,True,0.02,,,LAC10-115-01-1D,UHL001,Actual,SW,Water,,,Clayton,07060004,River/Stream,,42.8441202,-91.59732742
6,15220019,Roberts Creek @ Dalmation Ave (ROB50),10/16/2013 10:10:00,TURKEYR,PHOSP-PHOSP,Phosphate-phosphorus (AS P),Total,,0.08,mg/l,True,0.02,,,LAC10-115-01-1D,UHL001,Actual,SW,Water,,,Clayton,07060004,River/Stream,,42.95959549,-91.4562996
6,15220009,South Cedar Creek @ Lower Cedar Rd (CED10),11/06/2013 11:20:00,TURKEYR,PHOSP-PHOSP,Phosphate-phosphorus (AS P),Total,,0.1,mg/l,True,0.02,,,LAC10-115-01-1D,UHL001,Actual,SW,Water,,,Clayton,07060004,River/Stream,,42.74424922,-91.21535774
6,15220014,Howard Creek @ Mouth (HOW10),11/06/2013 09:35:00,TURKEYR,PHOSP-PHOSP,Phosphate-phosphorus (AS P),Total,,0.14,mg/l,True,0.02,,,LAC10-115-01-1D,UHL001,Actual,SW,Water,,,Clayton,07060004,River/Stream,,42.9300546,-91.38292282
6,15220013,Hewett Creek @ Crystal Road (HEW20),11/06/2013 08:00:00,TURKEYR,PHOSP-PHOSP,Phosphate-phosphorus (AS P),Total,,0.1,mg/l,True,0.02,,,LAC10-115-01-1D,UHL001,Actual,SW,Water,,,Clayton,07060004,River/Stream,,42.78586318,-91.51847775
6,15220019,Roberts Creek @ Dalmation Ave (ROB50),11/06/2013 09:17:00,TURKEYR,PHOSP-PHOSP,Phosphate-phosphorus (AS P),Total,,0.26,mg/l,True,0.02,,,LAC10-115-01-1D,UHL001,Actual,SW,Water,,,Clayton,07060004,River/Stream,,42.95959549,-91.4562996
6,15220017,Roberts Creek @ Grape Rd (ROB10),11/06/2013 10:26:00,TURKEYR,PHOSP-PHOSP,Phosphate-phosphorus (AS P),Total,,0.22,mg/l,True,0.02,,,LAC10-115-01-1D,UHL001,Actual,SW,Water,,,Clayton,07060004,River/Stream,,42.83952465,-91.37446914
6,15220020,Turkey River @ Highway 52 (TR10),11/06/2013 10:20:00,TURKEYR,PHOSP-PHOSP,Phosphate-phosphorus (AS P),Total,,0.08,mg/l,True,0.02,,,LAC10-115-01-1D,UHL001,Actual,SW,Water,,,Clayton,07060004,River/Stream,,42.70781335,-91.0757377
6,15220045,Turkey River @ Hwy. 13 (TR28),11/06/2013 09:58:00,TURKEYR,PHOSP-PHOSP,Phosphate-phosphorus (AS P),Total,,0.11,mg/l,True,0.02,,,LAC10-115-01-1D,UHL001,Actual,SW,Water,,,Clayton,07060004,River/Stream,,42.84321539,-91.40058452
6,15220009,South Cedar Creek @ Lower Cedar Rd (CED10),04/10/2013 11:30:00,TURKEYR,PHOSP-PHOSP,Phosphate-phosphorus (AS P),Total,,1.4,mg/l,True,0.05,,,LAC10-115-01-1C,UHL001,Actual,SW,Water,,,Clayton,07060004,River/Stream,,42.74424922,-91.21535774
6,15220012,Elk Creek @ Colesburg Rd/X3C (ELK10),04/10/2013 10:45:00,TURKEYR,PHOSP-PHOSP,Phosphate-phosphorus (AS P),Total,,1.1,mg/l,True,0.05,,,LAC10-115-01-1C,UHL001,Actual,SW,Water,,,Clayton,07060004,River/Stream,,42.73331715,-91.28009598
6,15220011,Dry Mill Creek @ Grape Rd (DMI10),04/10/2013 11:40:00,TURKEYR,PHOSP-PHOSP,Phosphate-phosphorus (AS P),Total,,0.63,mg/l,True,0.05,,,LAC10-115-01-1C,UHL001,Actual,SW,Water,,,Clayton,07060004,River/Stream,,42.84327492,-91.36969617
6,15220010,Cox Creek @ Highway 13 (COX20),04/10/2013 07:15:00,TURKEYR,PHOSP-PHOSP,Phosphate-phosphorus (AS P),Total,,1.2,mg/l,True,0.05,,,LAC10-115-01-1C,UHL001,Actual,SW,Water,,,Clayton,07060004,River/Stream,,42.76688423,-91.46209679
6,15220015,Little Turkey River @ Highway 52 (LIT10),04/10/2013 10:15:00,TURKEYR,PHOSP-PHOSP,Phosphate-phosphorus (AS P),Total,,0.98,mg/l,True,0.05,,,LAC10-115-01-1C,UHL001,Actual,SW,Water,,,Clayton,07060004,River/Stream,,42.6987021,-91.07371173
6,15220009,South Cedar Creek @ Lower Cedar Rd (CED10),05/01/2013 13:30:00,TURKEYR,PHOSP-PHOSP,Phosphate-phosphorus (AS P),Total,,0.07,mg/l,True,0.02,,,LAC10-115-01-1D,UHL001,Actual,SW,Water,,,Clayton,07060004,River/Stream,,42.74424922,-91.21535774
6,15220016,Mink Creek @ Aztec Road (MIN10),04/10/2013 08:40:00,TURKEYR,PHOSP-PHOSP,Phosphate-phosphorus (AS P),Total,,0.51,mg/l,True,0.05,,,LAC10-115-01-1C,UHL001,Actual,SW,Water,,,Clayton,07060004,River/Stream,,42.8441202,-91.59732742
6,15220045,Turkey River @ Hwy. 13 (TR28),04/10/2013 11:25:00,TURKEYR,PHOSP-PHOSP,Phosphate-phosphorus (AS P),Total,,0.74,mg/l,True,0.05,,,LAC10-115-01-1C,UHL001,Actual,SW,Water,,,Clayton,07060004,River/Stream,,42.84321539,-91.40058452
6,15220010,Cox Creek @ Highway 13 (COX20),05/01/2013 07:00:00,TURKEYR,PHOSP-PHOSP,Phosphate-phosphorus (AS P),Total,,0.05,mg/l,True,0.02,,,LAC10-115-01-1D,UHL001,Actual,SW,Water,,,Clayton,07060004,River/Stream,,42.76688423,-91.46209679
6,15220011,Dry Mill Creek @ Grape Rd (DMI10),05/01/2013 09:55:00,TURKEYR,PHOSP-PHOSP,Phosphate-phosphorus (AS P),Total,,0.05,mg/l,True,0.02,,,LAC10-115-01-1D,UHL001,Actual,SW,Water,,,Clayton,07060004,River/Stream,,42.84327492,-91.36969617
6,15220016,Mink Creek @ Aztec Road (MIN10),05/01/2013 08:40:00,TURKEYR,PHOSP-PHOSP,Phosphate-phosphorus (AS P),Total,,0.08,mg/l,True,0.02,,,LAC10-115-01-1D,UHL001,Actual,SW,Water,,,Clayton,07060004,River/Stream,,42.8441202,-91.59732742
6,15220015,Little Turkey River @ Highway 52 (LIT10),05/01/2013 12:30:00,TURKEYR,PHOSP-PHOSP,Phosphate-phosphorus (AS P),Total,,0.07,mg/l,True,0.02,,,LAC10-115-01-1D,UHL001,Actual,SW,Water,,,Clayton,07060004,River/Stream,,42.6987021,-91.07371173
6,15220014,Howard Creek @ Mouth (HOW10),05/01/2013 13:05:00,TURKEYR,PHOSP-PHOSP,Phosphate-phosphorus (AS P),Total,,0.24,mg/l,True,0.02,,,LAC10-115-01-1D,UHL001,Actual,SW,Water,,,Clayton,07060004,River/Stream,,42.9300546,-91.38292282
6,15220049,Pine Creek near 400th St. (Pine Creek 4),06/04/2014 11:45:00,STLSBRNC,PHOSP-PHOSP,Phosphate-phosphorus (AS P),Total,,0.09,mg/l,True,0.02,,,LAC10-115-01-1D,UHL001,Actual,SW,Water,,,Clayton,07060004,River/Stream,,42.64623736,-91.2241035
6,15220048,Brownfield Creek near Horseshoe Road (Pine Creek 3),06/04/2014 11:10:00,STLSBRNC,PHOSP-PHOSP,Phosphate-phosphorus (AS P),Total,,0.11,mg/l,True,0.02,,,LAC10-115-01-1D,UHL001,Actual,SW,Water,,,Clayton,07060004,River/Stream,,42.6580697,-91.24980316
6,15220047,Pine Creek near Horseshoe Road (Pine Creek 2),06/04/2014 11:20:00,STLSBRNC,PHOSP-PHOSP,Phosphate-phosphorus (AS P),Total,,0.09,mg/l,True,0.02,,,LAC10-115-01-1D,UHL001,Actual,SW,Water,,,Clayton,07060004,River/Stream,,42.66556336,-91.25165507
6,15220049,Pine Creek near 400th St. (Pine Creek 4),08/05/2014 11:45:00,STLSBRNC,PHOSP-PHOSP,Phosphate-phosphorus (AS P),Total,,0.19,mg/l,True,0.02,,,LAC10-115-01-1D,UHL001,Actual,SW,Water,,,Clayton,07060004,River/Stream,,42.64623736,-91.2241035
6,15220046,Pine Creek near Horseshoe Road (Pine Creek 1),06/04/2014 10:45:00,STLSBRNC,PHOSP-PHOSP,Phosphate-phosphorus (AS P),Total,,0.09,mg/l,True,0.02,,,LAC10-115-01-1D,UHL001,Actual,SW,Water,,,Clayton,07060004,River/Stream,,42.66871242,-91.27821784
6,15220050,Steeles Branch near Horseshoe Road (Steeles Branch 1),08/05/2014 10:45:00,STLSBRNC,PHOSP-PHOSP,Phosphate-phosphorus (AS P),Total,,0.1,mg/l,True,0.02,,,LAC10-115-01-1D,UHL001,Actual,SW,Water,,,Clayton,07060004,River/Stream,,42.66774323,-91.28444356
6,15220048,Brownfield Creek near Horseshoe Road (Pine Creek 3),06/30/2014 12:20:00,STLSBRNC,PHOSP-PHOSP,Phosphate-phosphorus (AS P),Total,,0.32,mg/l,True,0.02,,,LAC10-115-01-1D,UHL001,Actual,SW,Water,,,Clayton,07060004,River/Stream,,42.6580697,-91.24980316
6,15220047,Pine Creek near Horseshoe Road (Pine Creek 2),06/30/2014 12:03:00,STLSBRNC,PHOSP-PHOSP,Phosphate-phosphorus (AS P),Total,,0.26,mg/l,True,0.02,,,LAC10-115-01-1D,UHL001,Actual,SW,Water,,,Clayton,07060004,River/Stream,,42.66556336,-91.25165507
6,15220046,Pine Creek near Horseshoe Road (Pine Creek 1),06/30/2014 11:45:00,STLSBRNC,PHOSP-PHOSP,Phosphate-phosphorus (AS P),Total,,0.21,mg/l,True,0.02,,,LAC10-115-01-1D,UHL001,Actual,SW,Water,,,Clayton,07060004,River/Stream,,42.66871242,-91.27821784
6,15220050,Steeles Branch near Horseshoe Road (Steeles Branch 1),06/04/2014 10:30:00,STLSBRNC,PHOSP-PHOSP,Phosphate-phosphorus (AS P),Total,,0.11,mg/l,True,0.02,,,LAC10-115-01-1D,UHL001,Actual,SW,Water,,,Clayton,07060004,River/Stream,,42.66774323,-91.28444356
6,15220049,Pine Creek near 400th St. (Pine Creek 4),06/30/2014 12:45:00,STLSBRNC,PHOSP-PHOSP,Phosphate-phosphorus (AS P),Total,,0.13,mg/l,True,0.02,,,LAC10-115-01-1D,UHL001,Actual,SW,Water,,,Clayton,07060004,River/Stream,,42.64623736,-91.2241035
6,15220046,Pine Creek near Horseshoe Road (Pine Creek 1),05/07/2014 11:45:00,STLSBRNC,PHOSP-PHOSP,Phosphate-phosphorus (AS P),Total,,0.05,mg/l,True,0.02,,,LAC10-115-01-1D,UHL001,Actual,SW,Water,,,Clayton,07060004,River/Stream,,42.66871242,-91.27821784
6,15220050,Steeles Branch near Horseshoe Road (Steeles Branch 1),06/30/2014 11:30:00,STLSBRNC,PHOSP-PHOSP,Phosphate-phosphorus (AS P),Total,,0.12,mg/l,True,0.02,,,LAC10-115-01-1D,UHL001,Actual,SW,Water,,,Clayton,07060004,River/Stream,,42.66774323,-91.28444356
6,15220020,Turkey River @ Highway 52 (TR10),04/02/2014 11:00:00,TURKEYR,PHOSP-PHOSP,Phosphate-phosphorus (AS P),Total,,0.16,mg/l,True,0.02,,,LAC10-115-01-1D,UHL001,Actual,SW,Water,,,Clayton,07060004,River/Stream,,42.70781335,-91.0757377
6,15220019,Roberts Creek @ Dalmation Ave (ROB50),04/02/2014 09:15:00,TURKEYR,PHOSP-PHOSP,Phosphate-phosphorus (AS P),Total,,0.34,mg/l,True,0.02,,,LAC10-115-01-1D,UHL001,Actual,SW,Water,,,Clayton,07060004,River/Stream,,42.95959549,-91.4562996
6,15220017,Roberts Creek @ Grape Rd (ROB10),04/02/2014 10:45:00,TURKEYR,PHOSP-PHOSP,Phosphate-phosphorus (AS P),Total,,0.28,mg/l,True,0.02,,,LAC10-115-01-1D,UHL001,Actual,SW,Water,,,Clayton,07060004,River/Stream,,42.83952465,-91.37446914
6,15220016,Mink Creek @ Aztec Road (MIN10),04/02/2014 07:40:00,TURKEYR,PHOSP-PHOSP,Phosphate-phosphorus (AS P),Total,,0.19,mg/l,True,0.02,,,LAC10-115-01-1D,UHL001,Actual,SW,Water,,,Clayton,07060004,River/Stream,,42.8441202,-91.59732742
6,15220015,Little Turkey River @ Highway 52 (LIT10),04/02/2014 11:20:00,TURKEYR,PHOSP-PHOSP,Phosphate-phosphorus (AS P),Total,,0.16,mg/l,True,0.02,,,LAC10-115-01-1D,UHL001,Actual,SW,Water,,,Clayton,07060004,River/Stream,,42.6987021,-91.07371173
6,15220014,Howard Creek @ Mouth (HOW10),04/02/2014 09:45:00,TURKEYR,PHOSP-PHOSP,Phosphate-phosphorus (AS P),Total,,0.21,mg/l,True,0.02,,,LAC10-115-01-1D,UHL001,Actual,SW,Water,,,Clayton,07060004,River/Stream,,42.9300546,-91.38292282
6,15220013,Hewett Creek @ Crystal Road (HEW20),04/02/2014 08:44:00,TURKEYR,PHOSP-PHOSP,Phosphate-phosphorus (AS P),Total,,0.19,mg/l,True,0.02,,,LAC10-115-01-1D,UHL001,Actual,SW,Water,,,Clayton,07060004,River/Stream,,42.78586318,-91.51847775
6,15220012,Elk Creek @ Colesburg Rd/X3C (ELK10),04/02/2014 11:50:00,TURKEYR,PHOSP-PHOSP,Phosphate-phosphorus (AS P),Total,,0.16,mg/l,True,0.02,,,LAC10-115-01-1D,UHL001,Actual,SW,Water,,,Clayton,07060004,River/Stream,,42.73331715,-91.28009598
6,15220049,Pine Creek near 400th St. (Pine Creek 4),05/07/2014 12:30:00,STLSBRNC,PHOSP-PHOSP,Phosphate-phosphorus (AS P),Total,,0.03,mg/l,True,0.02,,,LAC10-115-01-1D,UHL001,Actual,SW,Water,,,Clayton,07060004,River/Stream,,42.64623736,-91.2241035
6,15220048,Brownfield Creek near Horseshoe Road (Pine Creek 3),05/07/2014 12:00:00,STLSBRNC,PHOSP-PHOSP,Phosphate-phosphorus (AS P),Total,,0.09,mg/l,True,0.02,,,LAC10-115-01-1D,UHL001,Actual,SW,Water,,,Clayton,07060004,River/Stream,,42.6580697,-91.24980316
6,15220047,Pine Creek near Horseshoe Road (Pine Creek 2),05/07/2014 12:10:00,STLSBRNC,PHOSP-PHOSP,Phosphate-phosphorus (AS P),Total,,0.07,mg/l,True,0.02,,,LAC10-115-01-1D,UHL001,Actual,SW,Water,,,Clayton,07060004,River/Stream,,42.66556336,-91.25165507
6,15220011,Dry Mill Creek @ Grape Rd (DMI10),04/02/2014 10:20:00,TURKEYR,PHOSP-PHOSP,Phosphate-phosphorus (AS P),Total,,0.17,mg/l,True,0.02,,,LAC10-115-01-1D,UHL001,Actual,SW,Water,,,Clayton,07060004,River/Stream,,42.84327492,-91.36969617
6,15220010,Cox Creek @ Highway 13 (COX20),04/02/2014 09:05:00,TURKEYR,PHOSP-PHOSP,Phosphate-phosphorus (AS P),Total,,0.21,mg/l,True,0.02,,,LAC10-115-01-1D,UHL001,Actual,SW,Water,,,Clayton,07060004,River/Stream,,42.76688423,-91.46209679
6,15220009,South Cedar Creek @ Lower Cedar Rd (CED10),04/02/2014 12:05:00,TURKEYR,PHOSP-PHOSP,Phosphate-phosphorus (AS P),Total,,0.16,mg/l,True,0.02,,,LAC10-115-01-1D,UHL001,Actual,SW,Water,,,Clayton,07060004,River/Stream,,42.74424922,-91.21535774
6,15220050,Steeles Branch near Horseshoe Road (Steeles Branch 1),05/07/2014 11:20:00,STLSBRNC,PHOSP-PHOSP,Phosphate-phosphorus (AS P),Total,,0.08,mg/l,True,0.02,,,LAC10-115-01-1D,UHL001,Actual,SW,Water,,,Clayton,07060004,River/Stream,,42.66774323,-91.28444356
6,15220051,Unnamed Creek at 125th St (UNS25),08/06/2014 09:00:00,TURKEYR,PHOSP-PHOSP,Phosphate-phosphorus (AS P),Total,,1.6,mg/l,True,0.05,,,LAC10-115-01-1C,UHL001,Actual,SW,Water,,,Clayton,07060004,River/Stream,,43.04444686,-91.43104301
6,15220020,Turkey River @ Highway 52 (TR10),08/06/2014 09:53:00,TURKEYR,PHOSP-PHOSP,Phosphate-phosphorus (AS P),Total,,0.08,mg/l,True,0.02,,,LAC10-115-01-1D,UHL001,Actual,SW,Water,,,Clayton,07060004,River/Stream,,42.70781335,-91.0757377
6,15220019,Roberts Creek @ Dalmation Ave (ROB50),08/06/2014 10:30:00,TURKEYR,PHOSP-PHOSP,Phosphate-phosphorus (AS P),Total,,0.11,mg/l,True,0.02,,,LAC10-115-01-1D,UHL001,Actual,SW,Water,,,Clayton,07060004,River/Stream,,42.95959549,-91.4562996
6,15220017,Roberts Creek @ Grape Rd (ROB10),08/06/2014 13:55:00,TURKEYR,PHOSP-PHOSP,Phosphate-phosphorus (AS P),Total,,0.09,mg/l,True,0.02,,,LAC10-115-01-1D,UHL001,Actual,SW,Water,,,Clayton,07060004,River/Stream,,42.83952465,-91.37446914
6,15220016,Mink Creek @ Aztec Road (MIN10),08/06/2014 08:15:00,TURKEYR,PHOSP-PHOSP,Phosphate-phosphorus (AS P),Total,,0.11,mg/l,True,0.02,,,LAC10-115-01-1D,UHL001,Actual,SW,Water,,,Clayton,07060004,River/Stream,,42.8441202,-91.59732742
6,15220015,Little Turkey River @ Highway 52 (LIT10),08/06/2014 10:13:00,TURKEYR,PHOSP-PHOSP,Phosphate-phosphorus (AS P),Total,,0.16,mg/l,True,0.02,,,LAC10-115-01-1D,UHL001,Actual,SW,Water,,,Clayton,07060004,River/Stream,,42.6987021,-91.07371173
6,15220014,Howard Creek @ Mouth (HOW10),08/06/2014 10:50:00,TURKEYR,PHOSP-PHOSP,Phosphate-phosphorus (AS P),Total,,0.1,mg/l,True,0.02,,,LAC10-115-01-1D,UHL001,Actual,SW,Water,,,Clayton,07060004,River/Stream,,42.9300546,-91.38292282
6,15220013,Hewett Creek @ Crystal Road (HEW20),08/06/2014 08:10:00,TURKEYR,PHOSP-PHOSP,Phosphate-phosphorus (AS P),Total,,0.08,mg/l,True,0.02,,,LAC10-115-01-1D,UHL001,Actual,SW,Water,,,Clayton,07060004,River/Stream,,42.78586318,-91.51847775
6,15220012,Elk Creek @ Colesburg Rd/X3C (ELK10),08/06/2014 11:40:00,TURKEYR,PHOSP-PHOSP,Phosphate-phosphorus (AS P),Total,,0.13,mg/l,True,0.02,,,LAC10-115-01-1D,UHL001,Actual,SW,Water,,,Clayton,07060004,River/Stream,,42.73331715,-91.28009598
6,15220011,Dry Mill Creek @ Grape Rd (DMI10),08/06/2014 13:40:00,TURKEYR,PHOSP-PHOSP,Phosphate-phosphorus (AS P),Total,,0.1,mg/l,True,0.02,,,LAC10-115-01-1D,UHL001,Actual,SW,Water,,,Clayton,07060004,River/Stream,,42.84327492,-91.36969617
6,15220010,Cox Creek @ Highway 13 (COX20),08/06/2014 07:45:00,TURKEYR,PHOSP-PHOSP,Phosphate-phosphorus (AS P),Total,,0.08,mg/l,True,0.02,,,LAC10-115-01-1D,UHL001,Actual,SW,Water,,,Clayton,07060004,River/Stream,,42.76688423,-91.46209679
6,15220009,South Cedar Creek @ Lower Cedar Rd (CED10),08/06/2014 11:17:00,TURKEYR,PHOSP-PHOSP,Phosphate-phosphorus (AS P),Total,,0.09,mg/l,True,0.02,,,LAC10-115-01-1D,UHL001,Actual,SW,Water,,,Clayton,07060004,River/Stream,,42.74424922,-91.21535774
6,15220051,Unnamed Creek at 125th St (UNS25),04/02/2014 09:50:00,TURKEYR,PHOSP-PHOSP,Phosphate-phosphorus (AS P),Total,,0.63,mg/l,True,0.05,,,LAC10-115-01-1C,UHL001,Actual,SW,Water,,,Clayton,07060004,River/Stream,,43.04444686,-91.43104301
6,15220034,Unnamed Trib. to Silver Crk. @ Dolphin Ave (SC03),04/02/2014 10:05:00,TURKEYR,PHOSP-PHOSP,Phosphate-phosphorus (AS P),Total,,3,mg/l,True,0.05,,,LAC10-115-01-1C,UHL001,Actual,SW,Water,,,Clayton,07060004,River/Stream,,43.0342002,-91.4587066
6,15220045,Turkey River @ Hwy. 13 (TR28),04/02/2014 11:05:00,TURKEYR,PHOSP-PHOSP,Phosphate-phosphorus (AS P),Total,,0.53,mg/l,True,0.02,,,LAC10-115-01-1D,UHL001,Actual,SW,Water,,,Clayton,07060004,River/Stream,,42.84321539,-91.40058452
6,15220015,Little Turkey River @ Highway 52 (LIT10),07/09/2014 10:55:00,TURKEYR,PHOSP-PHOSP,Phosphate-phosphorus (AS P),Total,,0.08,mg/l,True,0.02,,,LAC10-115-01-1D,UHL001,Actual,SW,Water,,,Clayton,07060004,River/Stream,,42.6987021,-91.07371173
6,15220014,Howard Creek @ Mouth (HOW10),07/09/2014 09:40:00,TURKEYR,PHOSP-PHOSP,Phosphate-phosphorus (AS P),Total,,0.11,mg/l,True,0.02,,,LAC10-115-01-1D,UHL001,Actual,SW,Water,,,Clayton,07060004,River/Stream,,42.9300546,-91.38292282
6,15220013,Hewett Creek @ Crystal Road (HEW20),07/09/2014 07:05:00,TURKEYR,PHOSP-PHOSP,Phosphate-phosphorus (AS P),Total,,0.07,mg/l,True,0.02,,,LAC10-115-01-1D,UHL001,Actual,SW,Water,,,Clayton,07060004,River/Stream,,42.78586318,-91.51847775
6,15220012,Elk Creek @ Colesburg Rd/X3C (ELK10),07/09/2014 10:26:00,TURKEYR,PHOSP-PHOSP,Phosphate-phosphorus (AS P),Total,,0.07,mg/l,True,0.02,,,LAC10-115-01-1D,UHL001,Actual,SW,Water,,,Clayton,07060004,River/Stream,,42.73331715,-91.28009598
6,15220011,Dry Mill Creek @ Grape Rd (DMI10),07/09/2014 10:10:00,TURKEYR,PHOSP-PHOSP,Phosphate-phosphorus (AS P),Total,,0.07,mg/l,True,0.02,,,LAC10-115-01-1D,UHL001,Actual,SW,Water,,,Clayton,07060004,River/Stream,,42.84327492,-91.36969617
6,15220010,Cox Creek @ Highway 13 (COX20),07/09/2014 06:45:00,TURKEYR,PHOSP-PHOSP,Phosphate-phosphorus (AS P),Total,,0.09,mg/l,True,0.02,,,LAC10-115-01-1D,UHL001,Actual,SW,Water,,,Clayton,07060004,River/Stream,,42.76688423,-91.46209679
6,15220009,South Cedar Creek @ Lower Cedar Rd (CED10),07/09/2014 11:45:00,TURKEYR,PHOSP-PHOSP,Phosphate-phosphorus (AS P),Total,,0.09,mg/l,True,0.02,,,LAC10-115-01-1D,UHL001,Actual,SW,Water,,,Clayton,07060004,River/Stream,,42.74424922,-91.21535774
6,15220045,Turkey River @ Hwy. 13 (TR28),08/06/2014 13:25:00,TURKEYR,PHOSP-PHOSP,Phosphate-phosphorus (AS P),Total,,0.07,mg/l,True,0.02,,,LAC10-115-01-1D,UHL001,Actual,SW,Water,,,Clayton,07060004,River/Stream,,42.84321539,-91.40058452
6,15220020,Turkey River @ Highway 52 (TR10),07/09/2014 10:35:00,TURKEYR,PHOSP-PHOSP,Phosphate-phosphorus (AS P),Total,,0.2,mg/l,True,0.02,,,LAC10-115-01-1D,UHL001,Actual,SW,Water,,,Clayton,07060004,River/Stream,,42.70781335,-91.0757377
6,15220019,Roberts Creek @ Dalmation Ave (ROB50),07/09/2014 11:30:00,TURKEYR,PHOSP-PHOSP,Phosphate-phosphorus (AS P),Total,,0.1,mg/l,True,0.02,,,LAC10-115-01-1D,UHL001,Actual,SW,Water,,,Clayton,07060004,River/Stream,,42.95959549,-91.4562996
6,15220017,Roberts Creek @ Grape Rd (ROB10),07/09/2014 10:20:00,TURKEYR,PHOSP-PHOSP,Phosphate-phosphorus (AS P),Total,,0.12,mg/l,True,0.02,,,LAC10-115-01-1D,UHL001,Actual,SW,Water,,,Clayton,07060004,River/Stream,,42.83952465,-91.37446914
6,15220016,Mink Creek @ Aztec Road (MIN10),07/09/2014 09:10:00,TURKEYR,PHOSP-PHOSP,Phosphate-phosphorus (AS P),Total,,0.1,mg/l,True,0.02,,,LAC10-115-01-1D,UHL001,Actual,SW,Water,,,Clayton,07060004,River/Stream,,42.8441202,-91.59732742
6,15220051,Unnamed Creek at 125th St (UNS25),07/09/2014 08:40:00,TURKEYR,PHOSP-PHOSP,Phosphate-phosphorus (AS P),Total,,0.26,mg/l,True,0.02,,,LAC10-115-01-1D,UHL001,Actual,SW,Water,,,Clayton,07060004,River/Stream,,43.04444686,-91.43104301
6,15220034,Unnamed Trib. to Silver Crk. @ Dolphin Ave (SC03),07/09/2014 09:00:00,TURKEYR,PHOSP-PHOSP,Phosphate-phosphorus (AS P),Total,,1.1,mg/l,True,0.05,,,LAC10-115-01-1C,UHL001,Actual,SW,Water,,,Clayton,07060004,River/Stream,,43.0342002,-91.4587066
6,15220009,South Cedar Creek @ Lower Cedar Rd (CED10),06/04/2014 12:45:00,TURKEYR,PHOSP-PHOSP,Phosphate-phosphorus (AS P),Total,,0.23,mg/l,True,0.02,,,LAC10-115-01-1D,UHL001,Actual,SW,Water,,,Clayton,07060004,River/Stream,,42.74424922,-91.21535774
6,15220045,Turkey River @ Hwy. 13 (TR28),07/09/2014 10:40:00,TURKEYR,PHOSP-PHOSP,Phosphate-phosphorus (AS P),Total,,0.18,mg/l,True,0.02,,,LAC10-115-01-1D,UHL001,Actual,SW,Water,,,Clayton,07060004,River/Stream,,42.84321539,-91.40058452
6,16220006,North Cedar Creek - Clayton # 159,07/07/2015 12:00:00,AMBBIO,PHOSP-PHOSP,Phosphate-phosphorus (AS P),Total,,0.15,mg/l,True,0.02,,,LAC10-115-01-1D,UHL001,Actual,SW,Water,,,Clayton,07060003,River/Stream,,42.947107,-91.232895
6,15220045,Turkey River @ Hwy. 13 (TR28),09/03/2014 13:35:00,TURKEYR,PHOSP-PHOSP,Phosphate-phosphorus (AS P),Total,,0.13,mg/l,True,0.02,,,LAC10-115-01-1D,UHL001,Actual,SW,Water,,,Clayton,07060004,River/Stream,,42.84321539,-91.40058452
6,16220006,North Cedar Creek - Clayton # 159,08/05/2015 10:00:00,AMBBIO,PHOSP-PHOSP,Phosphate-phosphorus (AS P),Total,,0.11,mg/l,True,0.02,,,LAC10-115-01-1D,UHL001,Actual,SW,Water,,,Clayton,07060003,River/Stream,,42.947107,-91.232895
6,16220006,North Cedar Creek - Clayton # 159,07/22/2015 12:15:00,AMBBIO,PHOSP-PHOSP,Phosphate-phosphorus (AS P),Total,,0.09,mg/l,True,0.02,,,LAC10-115-01-1D,UHL001,Actual,SW,Water,,,Clayton,07060003,River/Stream,,42.947107,-91.232895
6,16220006,North Cedar Creek - Clayton # 159,08/19/2015 10:45:00,AMBBIO,PHOSP-PHOSP,Phosphate-phosphorus (AS P),Total,,0.08,mg/l,True,0.02,,,LAC10-115-01-1D,UHL001,Actual,SW,Water,,,Clayton,07060003,River/Stream,,42.947107,-91.232895
6,16220006,North Cedar Creek - Clayton # 159,09/15/2015 09:30:00,AMBBIO,PHOSP-PHOSP,Phosphate-phosphorus (AS P),Total,,0.12,mg/l,True,0.02,,,LAC10-115-01-1D,UHL001,Actual,SW,Water,,,Clayton,07060003,River/Stream,,42.947107,-91.232895
6,16220006,North Cedar Creek - Clayton # 159,09/02/2015 10:00:00,AMBBIO,PHOSP-PHOSP,Phosphate-phosphorus (AS P),Total,,0.07,mg/l,True,0.02,,,LAC10-115-01-1D,UHL001,Actual,SW,Water,,,Clayton,07060003,River/Stream,,42.947107,-91.232895
6,16220001,Roberts Creek,07/31/2002 00:00:00,LEGACYREMAP,PHOSP-PHOSP,Phosphate-phosphorus (AS P),Total,,0.4,mg/l,True,0.1,,,LAC10-115-01-1C,UHL001,Actual,SW,Water,,,Clayton,07060004,River/Stream,,42.963184,-91.461441
6,16220002,Peck Creek - REMAP #229,09/10/2002 00:00:00,LEGACYREMAP,PHOSP-PHOSP,Phosphate-phosphorus (AS P),Total,,0.05,mg/l,False,0.05,,,LAC10-115-01-1C,UHL001,Actual,SW,Water,,,Clayton,07060004,River/Stream,,42.723821,-91.144286
6,16220001,Roberts Creek,07/30/2002 00:00:00,LEGACYREMAP,PHOSP-PHOSP,Phosphate-phosphorus (AS P),Total,,0.7,mg/l,True,0.1,,,LAC10-115-01-1C,UHL001,Actual,SW,Water,,,Clayton,07060004,River/Stream,,42.963184,-91.461441
6,16220003,Turkey River - Garber - REMAP # 70,10/02/2003 00:00:00,LEGACYREMAP,PHOSP-PHOSP,Phosphate-phosphorus (AS P),Total,,0.04,mg/l,True,0.1,,,LAC10-115-01-1C,UHL001,Actual,SW,Water,,,Clayton,07060004,River/Stream,,42.738283,-91.265993
6,16220002,Peck Creek - REMAP #229,09/25/2002 00:00:00,LEGACYREMAP,PHOSP-PHOSP,Phosphate-phosphorus (AS P),Total,,0.06,mg/l,True,0.1,,,LAC10-115-01-1C,UHL001,Actual,SW,Water,,,Clayton,07060004,River/Stream,,42.723821,-91.144286
6,16220004,Hewitt Creek - Volga # 133,09/01/2004 00:00:00,LEGACYREMAP,PHOSP-PHOSP,Phosphate-phosphorus (AS P),Total,,0.06,mg/l,True,0.02,,,LAC10-115-01-1C,UHL001,Actual,SW,Water,,,Clayton,07060004,River/Stream,,42.756825,-91.563285
6,16220005,Bear Creek - Edgewood # 155,07/12/2005 00:00:00,LEGACYREMAP,PHOSP-PHOSP,Phosphate-phosphorus (AS P),Total,,0.11,mg/l,True,0.02,,,LAC10-115-01-1C,UHL001,Actual,SW,Water,,,Clayton,07060004,River/Stream,,42.672969,-91.393914
6,16220006,North Cedar Creek - Clayton # 159,07/13/2005 00:00:00,LEGACYREMAP,PHOSP-PHOSP,Phosphate-phosphorus (AS P),Total,,0.1,mg/l,True,0.02,,,LAC10-115-01-1C,UHL001,Actual,SW,Water,,,Clayton,07060003,River/Stream,,42.947107,-91.232895
6,15220017,Roberts Creek @ Grape Rd (ROB10),06/04/2014 10:45:00,TURKEYR,PHOSP-PHOSP,Phosphate-phosphorus (AS P),Total,,0.12,mg/l,True,0.02,,,LAC10-115-01-1D,UHL001,Actual,SW,Water,,,Clayton,07060004,River/Stream,,42.83952465,-91.37446914
6,15220016,Mink Creek @ Aztec Road (MIN10),06/04/2014 07:45:00,TURKEYR,PHOSP-PHOSP,Phosphate-phosphorus (AS P),Total,,0.13,mg/l,True,0.02,,,LAC10-115-01-1D,UHL001,Actual,SW,Water,,,Clayton,07060004,River/Stream,,42.8441202,-91.59732742
6,15220015,Little Turkey River @ Highway 52 (LIT10),06/04/2014 11:30:00,TURKEYR,PHOSP-PHOSP,Phosphate-phosphorus (AS P),Total,,0.09,mg/l,True,0.02,,,LAC10-115-01-1D,UHL001,Actual,SW,Water,,,Clayton,07060004,River/Stream,,42.6987021,-91.07371173
6,15220014,Howard Creek @ Mouth (HOW10),06/04/2014 09:50:00,TURKEYR,PHOSP-PHOSP,Phosphate-phosphorus (AS P),Total,,0.17,mg/l,True,0.02,,,LAC10-115-01-1D,UHL001,Actual,SW,Water,,,Clayton,07060004,River/Stream,,42.9300546,-91.38292282
6,15220013,Hewett Creek @ Crystal Road (HEW20),06/04/2014 07:50:00,TURKEYR,PHOSP-PHOSP,Phosphate-phosphorus (AS P),Total,,0.11,mg/l,True,0.02,,,LAC10-115-01-1D,UHL001,Actual,SW,Water,,,Clayton,07060004,River/Stream,,42.78586318,-91.51847775
6,15220012,Elk Creek @ Colesburg Rd/X3C (ELK10),06/04/2014 12:18:00,TURKEYR,PHOSP-PHOSP,Phosphate-phosphorus (AS P),Total,,0.11,mg/l,True,0.02,,,LAC10-115-01-1D,UHL001,Actual,SW,Water,,,Clayton,07060004,River/Stream,,42.73331715,-91.28009598
6,15220011,Dry Mill Creek @ Grape Rd (DMI10),06/04/2014 10:35:00,TURKEYR,PHOSP-PHOSP,Phosphate-phosphorus (AS P),Total,,0.15,mg/l,True,0.02,,,LAC10-115-01-1D,UHL001,Actual,SW,Water,,,Clayton,07060004,River/Stream,,42.84327492,-91.36969617
6,15220010,Cox Creek @ Highway 13 (COX20),06/04/2014 07:30:00,TURKEYR,PHOSP-PHOSP,Phosphate-phosphorus (AS P),Total,,0.11,mg/l,True,0.02,,,LAC10-115-01-1D,UHL001,Actual,SW,Water,,,Clayton,07060004,River/Stream,,42.76688423,-91.46209679
6,15220051,Unnamed Creek at 125th St (UNS25),06/04/2014 09:05:00,TURKEYR,PHOSP-PHOSP,Phosphate-phosphorus (AS P),Total,,1,mg/l,True,0.05,,,LAC10-115-01-1C,UHL001,Actual,SW,Water,,,Clayton,07060004,River/Stream,,43.04444686,-91.43104301
6,15220034,Unnamed Trib. to Silver Crk. @ Dolphin Ave (SC03),06/04/2014 09:30:00,TURKEYR,PHOSP-PHOSP,Phosphate-phosphorus (AS P),Total,,3.6,mg/l,True,0.05,,,LAC10-115-01-1C,UHL001,Actual,SW,Water,,,Clayton,07060004,River/Stream,,43.0342002,-91.4587066
6,15220020,Turkey River @ Highway 52 (TR10),06/04/2014 11:05:00,TURKEYR,PHOSP-PHOSP,Phosphate-phosphorus (AS P),Total,,0.08,mg/l,True,0.02,,,LAC10-115-01-1D,UHL001,Actual,SW,Water,,,Clayton,07060004,River/Stream,,42.70781335,-91.0757377
6,15220019,Roberts Creek @ Dalmation Ave (ROB50),06/04/2014 09:25:00,TURKEYR,PHOSP-PHOSP,Phosphate-phosphorus (AS P),Total,,0.11,mg/l,True,0.02,,,LAC10-115-01-1D,UHL001,Actual,SW,Water,,,Clayton,07060004,River/Stream,,42.95959549,-91.4562996
6,15220010,Cox Creek @ Highway 13 (COX20),05/07/2014 07:40:00,TURKEYR,PHOSP-PHOSP,Phosphate-phosphorus (AS P),Total,,0.1,mg/l,True,0.02,,,LAC10-115-01-1D,UHL001,Actual,SW,Water,,,Clayton,07060004,River/Stream,,42.76688423,-91.46209679
6,15220009,South Cedar Creek @ Lower Cedar Rd (CED10),05/07/2014 10:30:00,TURKEYR,PHOSP-PHOSP,Phosphate-phosphorus (AS P),Total,,0.1,mg/l,True,0.02,,,LAC10-115-01-1D,UHL001,Actual,SW,Water,,,Clayton,07060004,River/Stream,,42.74424922,-91.21535774
6,15220045,Turkey River @ Hwy. 13 (TR28),06/04/2014 10:20:00,TURKEYR,PHOSP-PHOSP,Phosphate-phosphorus (AS P),Total,,0.13,mg/l,True,0.02,,,LAC10-115-01-1D,UHL001,Actual,SW,Water,,,Clayton,07060004,River/Stream,,42.84321539,-91.40058452
6,15220019,Roberts Creek @ Dalmation Ave (ROB50),05/07/2014 08:50:00,TURKEYR,PHOSP-PHOSP,Phosphate-phosphorus (AS P),Total,,0.09,mg/l,True,0.02,,,LAC10-115-01-1D,UHL001,Actual,SW,Water,,,Clayton,07060004,River/Stream,,42.95959549,-91.4562996
6,15220017,Roberts Creek @ Grape Rd (ROB10),05/07/2014 09:55:00,TURKEYR,PHOSP-PHOSP,Phosphate-phosphorus (AS P),Total,,0.11,mg/l,True,0.02,,,LAC10-115-01-1D,UHL001,Actual,SW,Water,,,Clayton,07060004,River/Stream,,42.83952465,-91.37446914
6,15220016,Mink Creek @ Aztec Road (MIN10),05/07/2014 08:10:00,TURKEYR,PHOSP-PHOSP,Phosphate-phosphorus (AS P),Total,,0.08,mg/l,True,0.02,,,LAC10-115-01-1D,UHL001,Actual,SW,Water,,,Clayton,07060004,River/Stream,,42.8441202,-91.59732742
6,15220015,Little Turkey River @ Highway 52 (LIT10),05/07/2014 11:45:00,TURKEYR,PHOSP-PHOSP,Phosphate-phosphorus (AS P),Total,,0.12,mg/l,True,0.02,,,LAC10-115-01-1D,UHL001,Actual,SW,Water,,,Clayton,07060004,River/Stream,,42.6987021,-91.07371173
6,15220014,Howard Creek @ Mouth (HOW10),05/07/2014 09:10:00,TURKEYR,PHOSP-PHOSP,Phosphate-phosphorus (AS P),Total,,0.13,mg/l,True,0.02,,,LAC10-115-01-1D,UHL001,Actual,SW,Water,,,Clayton,07060004,River/Stream,,42.9300546,-91.38292282
6,15220013,Hewett Creek @ Crystal Road (HEW20),05/07/2014 07:55:00,TURKEYR,PHOSP-PHOSP,Phosphate-phosphorus (AS P),Total,,0.15,mg/l,True,0.02,,,LAC10-115-01-1D,UHL001,Actual,SW,Water,,,Clayton,07060004,River/Stream,,42.78586318,-91.51847775
6,15220012,Elk Creek @ Colesburg Rd/X3C (ELK10),05/07/2014 08:45:00,TURKEYR,PHOSP-PHOSP,Phosphate-phosphorus (AS P),Total,,0.07,mg/l,True,0.02,,,LAC10-115-01-1D,UHL001,Actual,SW,Water,,,Clayton,07060004,River/Stream,,42.73331715,-91.28009598
6,15220011,Dry Mill Creek @ Grape Rd (DMI10),05/07/2014 09:40:00,TURKEYR,PHOSP-PHOSP,Phosphate-phosphorus (AS P),Total,,0.05,mg/l,True,0.02,,,LAC10-115-01-1D,UHL001,Actual,SW,Water,,,Clayton,07060004,River/Stream,,42.84327492,-91.36969617
6,15220013,Hewett Creek @ Crystal Road (HEW20),11/05/2014 08:25:00,TURKEYR,PHOSP-PHOSP,Phosphate-phosphorus (AS P),Total,,0.11,mg/l,True,0.02,,,LAC10-115-01-1D,UHL001,Actual,SW,Water,,,Clayton,07060004,River/Stream,,42.78586318,-91.51847775
6,15220012,Elk Creek @ Colesburg Rd/X3C (ELK10),11/05/2014 11:50:00,TURKEYR,PHOSP-PHOSP,Phosphate-phosphorus (AS P),Total,,0.09,mg/l,True,0.02,,,LAC10-115-01-1D,UHL001,Actual,SW,Water,,,Clayton,07060004,River/Stream,,42.73331715,-91.28009598
6,15220011,Dry Mill Creek @ Grape Rd (DMI10),11/05/2014 10:25:00,TURKEYR,PHOSP-PHOSP,Phosphate-phosphorus (AS P),Total,,0.09,mg/l,True,0.02,,,LAC10-115-01-1D,UHL001,Actual,SW,Water,,,Clayton,07060004,River/Stream,,42.84327492,-91.36969617
6,15220010,Cox Creek @ Highway 13 (COX20),11/05/2014 08:10:00,TURKEYR,PHOSP-PHOSP,Phosphate-phosphorus (AS P),Total,,0.08,mg/l,True,0.02,,,LAC10-115-01-1D,UHL001,Actual,SW,Water,,,Clayton,07060004,River/Stream,,42.76688423,-91.46209679
6,15220034,Unnamed Trib. to Silver Crk. @ Dolphin Ave (SC03),05/07/2014 09:05:00,TURKEYR,PHOSP-PHOSP,Phosphate-phosphorus (AS P),Total,,1.3,mg/l,True,0.05,,,LAC10-115-01-1C,UHL001,Actual,SW,Water,,,Clayton,07060004,River/Stream,,43.0342002,-91.4587066
6,15220020,Turkey River @ Highway 52 (TR10),05/07/2014 11:20:00,TURKEYR,PHOSP-PHOSP,Phosphate-phosphorus (AS P),Total,,0.15,mg/l,True,0.02,,,LAC10-115-01-1D,UHL001,Actual,SW,Water,,,Clayton,07060004,River/Stream,,42.70781335,-91.0757377
6,15220051,Unnamed Creek at 125th St (UNS25),05/07/2014 08:50:00,TURKEYR,PHOSP-PHOSP,Phosphate-phosphorus (AS P),Total,,0.28,mg/l,True,0.02,,,LAC10-115-01-1D,UHL001,Actual,SW,Water,,,Clayton,07060004,River/Stream,,43.04444686,-91.43104301
6,15220045,Turkey River @ Hwy. 13 (TR28),05/07/2014 10:15:00,TURKEYR,PHOSP-PHOSP,Phosphate-phosphorus (AS P),Total,,0.12,mg/l,True,0.02,,,LAC10-115-01-1D,UHL001,Actual,SW,Water,,,Clayton,07060004,River/Stream,,42.84321539,-91.40058452
6,15220019,Roberts Creek @ Dalmation Ave (ROB50),10/01/2014 10:10:00,TURKEYR,PHOSP-PHOSP,Phosphate-phosphorus (AS P),Total,,0.12,mg/l,True,0.02,,,LAC10-115-01-1D,UHL001,Actual,SW,Water,,,Clayton,07060004,River/Stream,,42.95959549,-91.4562996
6,15220017,Roberts Creek @ Grape Rd (ROB10),10/01/2014 14:10:00,TURKEYR,PHOSP-PHOSP,Phosphate-phosphorus (AS P),Total,,0.1,mg/l,True,0.02,,,LAC10-115-01-1D,UHL001,Actual,SW,Water,,,Clayton,07060004,River/Stream,,42.83952465,-91.37446914
6,15220016,Mink Creek @ Aztec Road (MIN10),10/01/2014 08:10:00,TURKEYR,PHOSP-PHOSP,Phosphate-phosphorus (AS P),Total,,0.11,mg/l,True,0.02,,,LAC10-115-01-1D,UHL001,Actual,SW,Water,,,Clayton,07060004,River/Stream,,42.8441202,-91.59732742
6,15220015,Little Turkey River @ Highway 52 (LIT10),10/01/2014 12:00:00,TURKEYR,PHOSP-PHOSP,Phosphate-phosphorus (AS P),Total,,0.08,mg/l,True,0.02,,,LAC10-115-01-1D,UHL001,Actual,SW,Water,,,Clayton,07060004,River/Stream,,42.6987021,-91.07371173
6,15220014,Howard Creek @ Mouth (HOW10),10/01/2014 13:20:00,TURKEYR,PHOSP-PHOSP,Phosphate-phosphorus (AS P),Total,,0.1,mg/l,True,0.02,,,LAC10-115-01-1D,UHL001,Actual,SW,Water,,,Clayton,07060004,River/Stream,,42.9300546,-91.38292282
6,15220013,Hewett Creek @ Crystal Road (HEW20),10/01/2014 08:30:00,TURKEYR,PHOSP-PHOSP,Phosphate-phosphorus (AS P),Total,,0.06,mg/l,True,0.02,,,LAC10-115-01-1D,UHL001,Actual,SW,Water,,,Clayton,07060004,River/Stream,,42.78586318,-91.51847775
6,15220012,Elk Creek @ Colesburg Rd/X3C (ELK10),10/01/2014 10:27:00,TURKEYR,PHOSP-PHOSP,Phosphate-phosphorus (AS P),Total,,0.04,mg/l,True,0.02,,,LAC10-115-01-1D,UHL001,Actual,SW,Water,,,Clayton,07060004,River/Stream,,42.73331715,-91.28009598
6,15220011,Dry Mill Creek @ Grape Rd (DMI10),10/01/2014 14:15:00,TURKEYR,PHOSP-PHOSP,Phosphate-phosphorus (AS P),Total,,0.06,mg/l,True,0.02,,,LAC10-115-01-1D,UHL001,Actual,SW,Water,,,Clayton,07060004,River/Stream,,42.84327492,-91.36969617
6,15220051,Unnamed Creek at 125th St (UNS25),11/05/2014 09:05:00,TURKEYR,PHOSP-PHOSP,Phosphate-phosphorus (AS P),Total,,2.3,mg/l,True,0.05,,,LAC10-115-01-1C,UHL001,Actual,SW,Water,,,Clayton,07060004,River/Stream,,43.04444686,-91.43104301
6,15220019,Roberts Creek @ Dalmation Ave (ROB50),11/05/2014 09:45:00,TURKEYR,PHOSP-PHOSP,Phosphate-phosphorus (AS P),Total,,0.11,mg/l,True,0.02,,,LAC10-115-01-1D,UHL001,Actual,SW,Water,,,Clayton,07060004,River/Stream,,42.95959549,-91.4562996
6,15220017,Roberts Creek @ Grape Rd (ROB10),11/05/2014 10:35:00,TURKEYR,PHOSP-PHOSP,Phosphate-phosphorus (AS P),Total,,0.09,mg/l,True,0.02,,,LAC10-115-01-1D,UHL001,Actual,SW,Water,,,Clayton,07060004,River/Stream,,42.83952465,-91.37446914
6,15220016,Mink Creek @ Aztec Road (MIN10),11/05/2014 07:50:00,TURKEYR,PHOSP-PHOSP,Phosphate-phosphorus (AS P),Total,,0.12,mg/l,True,0.02,,,LAC10-115-01-1D,UHL001,Actual,SW,Water,,,Clayton,07060004,River/Stream,,42.8441202,-91.59732742
6,15220010,Cox Creek @ Highway 13 (COX20),10/01/2014 09:00:00,TURKEYR,PHOSP-PHOSP,Phosphate-phosphorus (AS P),Total,,0.04,mg/l,True,0.02,,,LAC10-115-01-1D,UHL001,Actual,SW,Water,,,Clayton,07060004,River/Stream,,42.76688423,-91.46209679
6,15220009,South Cedar Creek @ Lower Cedar Rd (CED10),10/01/2014 11:00:00,TURKEYR,PHOSP-PHOSP,Phosphate-phosphorus (AS P),Total,,0.07,mg/l,True,0.02,,,LAC10-115-01-1D,UHL001,Actual,SW,Water,,,Clayton,07060004,River/Stream,,42.74424922,-91.21535774
6,15220045,Turkey River @ Hwy. 13 (TR28),11/05/2014 11:00:00,TURKEYR,PHOSP-PHOSP,Phosphate-phosphorus (AS P),Total,,0.06,mg/l,True,0.02,,,LAC10-115-01-1D,UHL001,Actual,SW,Water,,,Clayton,07060004,River/Stream,,42.84321539,-91.40058452
6,15220051,Unnamed Creek at 125th St (UNS25),09/03/2014 08:35:00,TURKEYR,PHOSP-PHOSP,Phosphate-phosphorus (AS P),Total,,2.3,mg/l,True,0.05,,,LAC10-115-01-1C,UHL001,Actual,SW,Water,,,Clayton,07060004,River/Stream,,43.04444686,-91.43104301
6,15220020,Turkey River @ Highway 52 (TR10),09/03/2014 10:25:00,TURKEYR,PHOSP-PHOSP,Phosphate-phosphorus (AS P),Total,,0.2,mg/l,True,0.02,,,LAC10-115-01-1D,UHL001,Actual,SW,Water,,,Clayton,07060004,River/Stream,,42.70781335,-91.0757377
6,15220019,Roberts Creek @ Dalmation Ave (ROB50),09/03/2014 10:15:00,TURKEYR,PHOSP-PHOSP,Phosphate-phosphorus (AS P),Total,,0.24,mg/l,True,0.02,,,LAC10-115-01-1D,UHL001,Actual,SW,Water,,,Clayton,07060004,River/Stream,,42.95959549,-91.4562996
6,15220017,Roberts Creek @ Grape Rd (ROB10),09/03/2014 14:15:00,TURKEYR,PHOSP-PHOSP,Phosphate-phosphorus (AS P),Total,,0.12,mg/l,True,0.02,,,LAC10-115-01-1D,UHL001,Actual,SW,Water,,,Clayton,07060004,River/Stream,,42.83952465,-91.37446914
6,15220016,Mink Creek @ Aztec Road (MIN10),09/03/2014 08:15:00,TURKEYR,PHOSP-PHOSP,Phosphate-phosphorus (AS P),Total,,0.25,mg/l,True,0.02,,,LAC10-115-01-1D,UHL001,Actual,SW,Water,,,Clayton,07060004,River/Stream,,42.8441202,-91.59732742
6,15220015,Little Turkey River @ Highway 52 (LIT10),09/03/2014 10:45:00,TURKEYR,PHOSP-PHOSP,Phosphate-phosphorus (AS P),Total,,0.13,mg/l,True,0.02,,,LAC10-115-01-1D,UHL001,Actual,SW,Water,,,Clayton,07060004,River/Stream,,42.6987021,-91.07371173
6,15220014,Howard Creek @ Mouth (HOW10),09/03/2014 10:45:00,TURKEYR,PHOSP-PHOSP,Phosphate-phosphorus (AS P),Total,,0.25,mg/l,True,0.02,,,LAC10-115-01-1D,UHL001,Actual,SW,Water,,,Clayton,07060004,River/Stream,,42.9300546,-91.38292282
6,15220013,Hewett Creek @ Crystal Road (HEW20),09/03/2014 07:50:00,TURKEYR,PHOSP-PHOSP,Phosphate-phosphorus (AS P),Total,,0.15,mg/l,True,0.02,,,LAC10-115-01-1D,UHL001,Actual,SW,Water,,,Clayton,07060004,River/Stream,,42.78586318,-91.51847775
6,15220012,Elk Creek @ Colesburg Rd/X3C (ELK10),09/03/2014 11:43:00,TURKEYR,PHOSP-PHOSP,Phosphate-phosphorus (AS P),Total,,0.14,mg/l,True,0.02,,,LAC10-115-01-1D,UHL001,Actual,SW,Water,,,Clayton,07060004,River/Stream,,42.73331715,-91.28009598
6,15220011,Dry Mill Creek @ Grape Rd (DMI10),09/03/2014 14:05:00,TURKEYR,PHOSP-PHOSP,Phosphate-phosphorus (AS P),Total,,0.16,mg/l,True,0.02,,,LAC10-115-01-1D,UHL001,Actual,SW,Water,,,Clayton,07060004,River/Stream,,42.84327492,-91.36969617
6,15220010,Cox Creek @ Highway 13 (COX20),09/03/2014 07:30:00,TURKEYR,PHOSP-PHOSP,Phosphate-phosphorus (AS P),Total,,0.17,mg/l,True,0.02,,,LAC10-115-01-1D,UHL001,Actual,SW,Water,,,Clayton,07060004,River/Stream,,42.76688423,-91.46209679
6,15220051,Unnamed Creek at 125th St (UNS25),10/01/2014 09:30:00,TURKEYR,PHOSP-PHOSP,Phosphate-phosphorus (AS P),Total,,2.7,mg/l,True,0.05,,,LAC10-115-01-1C,UHL001,Actual,SW,Water,,,Clayton,07060004,River/Stream,,43.04444686,-91.43104301
6,15220020,Turkey River @ Highway 52 (TR10),10/01/2014 12:15:00,TURKEYR,PHOSP-PHOSP,Phosphate-phosphorus (AS P),Total,,0.11,mg/l,True,0.02,,,LAC10-115-01-1D,UHL001,Actual,SW,Water,,,Clayton,07060004,River/Stream,,42.70781335,-91.0757377
6,15220009,South Cedar Creek @ Lower Cedar Rd (CED10),09/03/2014 11:35:00,TURKEYR,PHOSP-PHOSP,Phosphate-phosphorus (AS P),Total,,0.15,mg/l,True,0.02,,,LAC10-115-01-1D,UHL001,Actual,SW,Water,,,Clayton,07060004,River/Stream,,42.74424922,-91.21535774
6,15220045,Turkey River @ Hwy. 13 (TR28),10/01/2014 14:00:00,TURKEYR,PHOSP-PHOSP,Phosphate-phosphorus (AS P),Total,,0.04,mg/l,True,0.02,,,LAC10-115-01-1D,UHL001,Actual,SW,Water,,,Clayton,07060004,River/Stream,,42.84321539,-91.40058452
6,15220018,Roberts Creek @ 206th St/B65 (RC02/ROB30),06/20/2000 10:40:00,BSP,PHOSP-PHOSP,Phosphate-phosphorus (as P),Total,,0.3,mg/l,True,0.1,,,TIM 787-86T,BSP,Actual,SW,Water,,,Clayton,07060004,River/Stream,,42.9304245,-91.38552335
6,15220018,Roberts Creek @ 206th St/B65 (RC02/ROB30),06/13/2000 11:40:00,BSP,PHOSP-PHOSP,Phosphate-phosphorus (as P),Total,,0.1,mg/l,True,0.1,,,TIM 787-86T,BSP,Actual,SW,Water,,,Clayton,07060004,River/Stream,,42.9304245,-91.38552335
6,15220018,Roberts Creek @ 206th St/B65 (RC02/ROB30),07/04/2000 11:10:00,BSP,PHOSP-PHOSP,Phosphate-phosphorus (as P),Total,,0.5,mg/l,True,0.1,,,TIM 787-86T,BSP,Actual,SW,Water,,,Clayton,07060004,River/Stream,,42.9304245,-91.38552335
6,15220018,Roberts Creek @ 206th St/B65 (RC02/ROB30),07/25/2000 10:50:00,BSP,PHOSP-PHOSP,Phosphate-phosphorus (as P),Total,,0.1,mg/l,False,0.1,,,TIM 787-86T,BSP,Actual,SW,Water,,,Clayton,07060004,River/Stream,,42.9304245,-91.38552335
6,15220018,Roberts Creek @ 206th St/B65 (RC02/ROB30),07/11/2000 10:50:00,BSP,PHOSP-PHOSP,Phosphate-phosphorus (as P),Total,,0.7,mg/l,True,0.1,,,TIM 787-86T,BSP,Actual,SW,Water,,,Clayton,07060004,River/Stream,,42.9304245,-91.38552335
6,15220018,Roberts Creek @ 206th St/B65 (RC02/ROB30),05/09/2000 11:25:00,BSP,PHOSP-PHOSP,Phosphate-phosphorus (as P),Total,,0.2,mg/l,True,0.1,,,TIM 787-86T,BSP,Actual,SW,Water,,,Clayton,07060004,River/Stream,,42.9304245,-91.38552335
6,15220018,Roberts Creek @ 206th St/B65 (RC02/ROB30),05/30/2000 11:50:00,BSP,PHOSP-PHOSP,Phosphate-phosphorus (as P),Total,,0.4,mg/l,True,0.1,,,TIM 787-86T,BSP,Actual,SW,Water,,,Clayton,07060004,River/Stream,,42.9304245,-91.38552335
6,15220018,Roberts Creek @ 206th St/B65 (RC02/ROB30),05/23/2000 11:00:00,BSP,PHOSP-PHOSP,Phosphate-phosphorus (as P),Total,,0.5,mg/l,True,0.1,,,TIM 787-86T,BSP,Actual,SW,Water,,,Clayton,07060004,River/Stream,,42.9304245,-91.38552335
6,15220018,Roberts Creek @ 206th St/B65 (RC02/ROB30),10/03/2000 11:00:00,BSP,PHOSP-PHOSP,Phosphate-phosphorus (as P),Total,,0.1,mg/l,True,0.1,,,TIM 787-86T,BSP,Actual,SW,Water,,,Clayton,07060004,River/Stream,,42.9304245,-91.38552335
6,15220018,Roberts Creek @ 206th St/B65 (RC02/ROB30),10/24/2000 11:45:00,BSP,PHOSP-PHOSP,Phosphate-phosphorus (as P),Total,,0.1,mg/l,False,0.1,,,TIM 787-86T,BSP,Actual,SW,Water,,,Clayton,07060004,River/Stream,,42.9304245,-91.38552335
6,15220018,Roberts Creek @ 206th St/B65 (RC02/ROB30),10/10/2000 11:00:00,BSP,PHOSP-PHOSP,Phosphate-phosphorus (as P),Total,,0.2,mg/l,True,0.1,,,TIM 787-86T,BSP,Actual,SW,Water,,,Clayton,07060004,River/Stream,,42.9304245,-91.38552335
6,15220018,Roberts Creek @ 206th St/B65 (RC02/ROB30),08/01/2000 12:10:00,BSP,PHOSP-PHOSP,Phosphate-phosphorus (as P),Total,,0.3,mg/l,True,0.1,,,TIM 787-86T,BSP,Actual,SW,Water,,,Clayton,07060004,River/Stream,,42.9304245,-91.38552335
6,15220018,Roberts Creek @ 206th St/B65 (RC02/ROB30),10/31/2000 11:10:00,BSP,PHOSP-PHOSP,Phosphate-phosphorus (as P),Total,,0.1,mg/l,True,0.1,,,TIM 787-86T,BSP,Actual,SW,Water,,,Clayton,07060004,River/Stream,,42.9304245,-91.38552335
6,15220018,Roberts Creek @ 206th St/B65 (RC02/ROB30),11/21/2000 11:25:00,BSP,PHOSP-PHOSP,Phosphate-phosphorus (as P),Total,,0.1,mg/l,True,0.1,,,TIM 787-86T,BSP,Actual,SW,Water,,,Clayton,07060004,River/Stream,,42.9304245,-91.38552335
6,15220018,Roberts Creek @ 206th St/B65 (RC02/ROB30),12/12/2000 11:10:00,BSP,PHOSP-PHOSP,Phosphate-phosphorus (as P),Total,,0.3,mg/l,True,0.1,,,TIM 787-86T,BSP,Actual,SW,Water,,,Clayton,07060004,River/Stream,,42.9304245,-91.38552335
6,15220018,Roberts Creek @ 206th St/B65 (RC02/ROB30),12/05/2000 10:55:00,BSP,PHOSP-PHOSP,Phosphate-phosphorus (as P),Total,,0.1,mg/l,True,0.1,,,TIM 787-86T,BSP,Actual,SW,Water,,,Clayton,07060004,River/Stream,,42.9304245,-91.38552335
6,15220018,Roberts Creek @ 206th St/B65 (RC02/ROB30),11/14/2000 11:00:00,BSP,PHOSP-PHOSP,Phosphate-phosphorus (as P),Total,,0.2,mg/l,True,0.1,,,TIM 787-86T,BSP,Actual,SW,Water,,,Clayton,07060004,River/Stream,,42.9304245,-91.38552335
6,15220018,Roberts Creek @ 206th St/B65 (RC02/ROB30),12/26/2000 08:30:00,BSP,PHOSP-PHOSP,Phosphate-phosphorus (as P),Total,,0.1,mg/l,False,0.1,,,TIM 787-86T,BSP,Actual,SW,Water,,,Clayton,07060004,River/Stream,,42.9304245,-91.38552335
6,15220018,Roberts Creek @ 206th St/B65 (RC02/ROB30),01/02/2001 11:10:00,BSP,PHOSP-PHOSP,Phosphate-phosphorus (as P),Total,,0.1,mg/l,False,0.1,,,TIM 787-86T,BSP,Actual,SW,Water,,,Clayton,07060004,River/Stream,,42.9304245,-91.38552335
6,15220018,Roberts Creek @ 206th St/B65 (RC02/ROB30),02/13/2001 11:40:00,BSP,PHOSP-PHOSP,Phosphate-phosphorus (as P),Total,,0.2,mg/l,True,0.1,,,TIM 787-86T,BSP,Actual,SW,Water,,,Clayton,07060004,River/Stream,,42.9304245,-91.38552335
6,15220018,Roberts Creek @ 206th St/B65 (RC02/ROB30),03/06/2001 11:00:00,BSP,PHOSP-PHOSP,Phosphate-phosphorus (as P),Total,,0.1,mg/l,True,0.1,,,TIM 787-86T,BSP,Actual,SW,Water,,,Clayton,07060004,River/Stream,,42.9304245,-91.38552335
6,15220018,Roberts Creek @ 206th St/B65 (RC02/ROB30),03/27/2001 11:05:00,BSP,PHOSP-PHOSP,Phosphate-phosphorus (as P),Total,,0.2,mg/l,True,0.1,,,TIM 787-86T,BSP,Actual,SW,Water,,,Clayton,07060004,River/Stream,,42.9304245,-91.38552335
6,15220018,Roberts Creek @ 206th St/B65 (RC02/ROB30),04/17/2001 11:20:00,BSP,PHOSP-PHOSP,Phosphate-phosphorus (as P),Total,,0.1,mg/l,True,0.1,,,TIM 787-86T,BSP,Actual,SW,Water,,,Clayton,07060004,River/Stream,,42.9304245,-91.38552335
6,15220018,Roberts Creek @ 206th St/B65 (RC02/ROB30),08/21/2001 10:25:00,BSP,PHOSP-PHOSP,Phosphate-phosphorus (as P),Total,,0.02,mg/l,False,0.02,,,LAC10-115-01-1C,BSP,Actual,SW,Water,,,Clayton,07060004,River/Stream,,42.9304245,-91.38552335
6,15220018,Roberts Creek @ 206th St/B65 (RC02/ROB30),07/31/2001 12:10:00,BSP,PHOSP-PHOSP,Phosphate-phosphorus (as P),Total,,0.5,mg/l,True,0.1,,,TIM 787-86T,BSP,Actual,SW,Water,,,Clayton,07060004,River/Stream,,42.9304245,-91.38552335
6,15220018,Roberts Creek @ 206th St/B65 (RC02/ROB30),08/07/2001 10:30:00,BSP,PHOSP-PHOSP,Phosphate-phosphorus (as P),Total,,0.2,mg/l,True,0.1,,,LAC10-115-01-1C,BSP,Actual,SW,Water,,,Clayton,07060004,River/Stream,,42.9304245,-91.38552335
6,15220018,Roberts Creek @ 206th St/B65 (RC02/ROB30),09/11/2001 11:45:00,BSP,PHOSP-PHOSP,Phosphate-phosphorus (as P),Total,,0.3,mg/l,True,0.02,,,LAC10-115-01-1C,BSP,Actual,SW,Water,,,Clayton,07060004,River/Stream,,42.9304245,-91.38552335
6,15220018,Roberts Creek @ 206th St/B65 (RC02/ROB30),08/28/2001 11:45:00,BSP,PHOSP-PHOSP,Phosphate-phosphorus (as P),Total,,0.02,mg/l,False,0.02,,,LAC10-115-01-1C,BSP,Actual,SW,Water,,,Clayton,07060004,River/Stream,,42.9304245,-91.38552335
6,15220047,Pine Creek near Horseshoe Road (Pine Creek 2),10/15/2012 11:45:00,STLSBRNC,PHOSP-PHOSP,Phosphate-phosphorus (as P),Total,,0.11,mg/l,True,0.02,,,LAC10-115-01-1D,IGS-GRAB,Actual,SW,Water,,,Clayton,07060004,River/Stream,,42.66556336,-91.25165507
6,15220046,Pine Creek near Horseshoe Road (Pine Creek 1),07/31/2012 10:15:00,STLSBRNC,PHOSP-PHOSP,Phosphate-phosphorus (as P),Total,,0.08,mg/l,True,0.02,,,LAC10-115-01-1D,IGS-GRAB,Actual,SW,Water,,,Clayton,07060004,River/Stream,,42.66871242,-91.27821784
6,15220046,Pine Creek near Horseshoe Road (Pine Creek 1),05/31/2012 15:00:00,STLSBRNC,PHOSP-PHOSP,Phosphate-phosphorus (as P),Total,,0.05,mg/l,True,0.02,,,LAC10-115-01-1D,IGS-GRAB,Actual,SW,Water,,,Clayton,07060004,River/Stream,,42.66871242,-91.27821784
6,15220018,Roberts Creek @ 206th St/B65 (RC02/ROB30),09/18/2001 10:20:00,BSP,PHOSP-PHOSP,Phosphate-phosphorus (as P),Total,,0.28,mg/l,True,0.02,,,LAC10-115-01-1C,BSP,Actual,SW,Water,,,Clayton,07060004,River/Stream,,42.9304245,-91.38552335
6,15220018,Roberts Creek @ 206th St/B65 (RC02/ROB30),10/19/1999 11:45:00,BSP,PHOSP-PHOSP,Phosphate-phosphorus (as P),Total,,0.1,mg/l,False,0.1,,,TIM 787-86T,BSP,Actual,SW,Water,,,Clayton,07060004,River/Stream,,42.9304245,-91.38552335
6,15220018,Roberts Creek @ 206th St/B65 (RC02/ROB30),11/16/1999 10:55:00,BSP,PHOSP-PHOSP,Phosphate-phosphorus (as P),Total,,0.1,mg/l,False,0.1,,,TIM 787-86T,BSP,Actual,SW,Water,,,Clayton,07060004,River/Stream,,42.9304245,-91.38552335
6,15220018,Roberts Creek @ 206th St/B65 (RC02/ROB30),11/09/1999 11:40:00,BSP,PHOSP-PHOSP,Phosphate-phosphorus (as P),Total,,0.1,mg/l,False,0.1,,,TIM 787-86T,BSP,Actual,SW,Water,,,Clayton,07060004,River/Stream,,42.9304245,-91.38552335
6,15220018,Roberts Creek @ 206th St/B65 (RC02/ROB30),11/30/1999 11:50:00,BSP,PHOSP-PHOSP,Phosphate-phosphorus (as P),Total,,0.3,mg/l,True,0.1,,,TIM 787-86T,BSP,Actual,SW,Water,,,Clayton,07060004,River/Stream,,42.9304245,-91.38552335
6,15220018,Roberts Creek @ 206th St/B65 (RC02/ROB30),12/07/1999 11:20:00,BSP,PHOSP-PHOSP,Phosphate-phosphorus (as P),Total,,0.1,mg/l,False,0.1,,,TIM 787-86T,BSP,Actual,SW,Water,,,Clayton,07060004,River/Stream,,42.9304245,-91.38552335
6,15220018,Roberts Creek @ 206th St/B65 (RC02/ROB30),12/28/1999 12:00:00,BSP,PHOSP-PHOSP,Phosphate-phosphorus (as P),Total,,0.1,mg/l,False,0.1,,,TIM 787-86T,BSP,Actual,SW,Water,,,Clayton,07060004,River/Stream,,42.9304245,-91.38552335
6,15220018,Roberts Creek @ 206th St/B65 (RC02/ROB30),12/21/1999 11:05:00,BSP,PHOSP-PHOSP,Phosphate-phosphorus (as P),Total,,0.1,mg/l,False,0.1,,,TIM 787-86T,BSP,Actual,SW,Water,,,Clayton,07060004,River/Stream,,42.9304245,-91.38552335
6,15220018,Roberts Creek @ 206th St/B65 (RC02/ROB30),01/11/2000 11:45:00,BSP,PHOSP-PHOSP,Phosphate-phosphorus (as P),Total,,0.1,mg/l,True,0.1,,,TIM 787-86T,BSP,Actual,SW,Water,,,Clayton,07060004,River/Stream,,42.9304245,-91.38552335
6,15220018,Roberts Creek @ 206th St/B65 (RC02/ROB30),02/29/2000 11:20:00,BSP,PHOSP-PHOSP,Phosphate-phosphorus (as P),Total,,0.2,mg/l,True,0.1,,,TIM 787-86T,BSP,Actual,SW,Water,,,Clayton,07060004,River/Stream,,42.9304245,-91.38552335
6,15220018,Roberts Creek @ 206th St/B65 (RC02/ROB30),02/08/2000 11:10:00,BSP,PHOSP-PHOSP,Phosphate-phosphorus (as P),Total,,0.1,mg/l,False,0.1,,,TIM 787-86T,BSP,Actual,SW,Water,,,Clayton,07060004,River/Stream,,42.9304245,-91.38552335
6,15220018,Roberts Creek @ 206th St/B65 (RC02/ROB30),02/01/2000 10:50:00,BSP,PHOSP-PHOSP,Phosphate-phosphorus (as P),Total,,0.2,mg/l,True,0.1,,,TIM 787-86T,BSP,Actual,SW,Water,,,Clayton,07060004,River/Stream,,42.9304245,-91.38552335
6,15220018,Roberts Creek @ 206th St/B65 (RC02/ROB30),01/18/2000 11:10:00,BSP,PHOSP-PHOSP,Phosphate-phosphorus (as P),Total,,0.1,mg/l,True,0.1,,,TIM 787-86T,BSP,Actual,SW,Water,,,Clayton,07060004,River/Stream,,42.9304245,-91.38552335
6,15220018,Roberts Creek @ 206th St/B65 (RC02/ROB30),03/21/2000 11:00:00,BSP,PHOSP-PHOSP,Phosphate-phosphorus (as P),Total,,0.1,mg/l,False,0.1,,,TIM 787-86T,BSP,Actual,SW,Water,,,Clayton,07060004,River/Stream,,42.9304245,-91.38552335
6,15220018,Roberts Creek @ 206th St/B65 (RC02/ROB30),04/11/2000 12:15:00,BSP,PHOSP-PHOSP,Phosphate-phosphorus (as P),Total,,0.2,mg/l,True,0.1,,,TIM 787-86T,BSP,Actual,SW,Water,,,Clayton,07060004,River/Stream,,42.9304245,-91.38552335
6,15220018,Roberts Creek @ 206th St/B65 (RC02/ROB30),05/02/2000 15:10:00,BSP,PHOSP-PHOSP,Phosphate-phosphorus (as P),Total,,1.1,mg/l,True,0.1,,,TIM 787-86T,BSP,Actual,SW,Water,,,Clayton,07060004,River/Stream,,42.9304245,-91.38552335
6,15220048,Brownfield Creek near Horseshoe Road (Pine Creek 3),10/15/2012 12:10:00,STLSBRNC,PHOSP-PHOSP,Phosphate-phosphorus (as P),Total,,0.06,mg/l,True,0.02,,,LAC10-115-01-1D,IGS-GRAB,Actual,SW,Water,,,Clayton,07060004,River/Stream,,42.6580697,-91.24980316
6,15220048,Brownfield Creek near Horseshoe Road (Pine Creek 3),09/12/2012 10:00:00,STLSBRNC,PHOSP-PHOSP,Phosphate-phosphorus (as P),Total,,0.03,mg/l,True,0.02,,,LAC10-115-01-1D,IGS-GRAB,Actual,SW,Water,,,Clayton,07060004,River/Stream,,42.6580697,-91.24980316
6,15220048,Brownfield Creek near Horseshoe Road (Pine Creek 3),07/31/2012 09:30:00,STLSBRNC,PHOSP-PHOSP,Phosphate-phosphorus (as P),Total,,0.08,mg/l,True,0.02,,,LAC10-115-01-1D,IGS-GRAB,Actual,SW,Water,,,Clayton,07060004,River/Stream,,42.6580697,-91.24980316
6,15220048,Brownfield Creek near Horseshoe Road (Pine Creek 3),05/31/2012 14:30:00,STLSBRNC,PHOSP-PHOSP,Phosphate-phosphorus (as P),Total,,0.07,mg/l,True,0.02,,,LAC10-115-01-1D,IGS-GRAB,Actual,SW,Water,,,Clayton,07060004,River/Stream,,42.6580697,-91.24980316
6,15220049,Pine Creek near 400th St. (Pine Creek 4),05/31/2012 14:15:00,STLSBRNC,PHOSP-PHOSP,Phosphate-phosphorus (as P),Total,,0.12,mg/l,True,0.02,,,LAC10-115-01-1D,IGS-GRAB,Actual,SW,Water,,,Clayton,07060004,River/Stream,,42.64623736,-91.2241035
6,15220046,Pine Creek near Horseshoe Road (Pine Creek 1),12/05/2012 11:20:00,STLSBRNC,PHOSP-PHOSP,Phosphate-phosphorus (as P),Total,,0.18,mg/l,True,0.02,,,LAC10-115-01-1D,IGS-GRAB,Actual,SW,Water,,,Clayton,07060004,River/Stream,,42.66871242,-91.27821784
6,15220016,Mink Creek @ Aztec Road (MIN10),07/02/2012 08:15:00,TURKEYR,PHOSP-PHOSP,Phosphate-phosphorus (as P),Total,,0.17,mg/l,True,0.02,,,LAC10-115-01-1D,IGS-GRAB,Actual,SW,Water,,,Clayton,07060004,River/Stream,,42.8441202,-91.59732742
6,15220017,Roberts Creek @ Grape Rd (ROB10),05/02/2012 14:50:00,TURKEYR,PHOSP-PHOSP,Phosphate-phosphorus (as P),Total,,0.45,mg/l,True,0.02,,,LAC10-115-01-1D,IGS-GRAB,Actual,SW,Water,,,Clayton,07060004,River/Stream,,42.83952465,-91.37446914
6,15220019,Roberts Creek @ Dalmation Ave (ROB50),07/02/2012 07:40:00,TURKEYR,PHOSP-PHOSP,Phosphate-phosphorus (as P),Total,,0.13,mg/l,True,0.02,,,LAC10-115-01-1D,IGS-GRAB,Actual,SW,Water,,,Clayton,07060004,River/Stream,,42.95959549,-91.4562996
6,15220013,Hewett Creek @ Crystal Road (HEW20),09/05/2012 08:20:00,TURKEYR,PHOSP-PHOSP,Phosphate-phosphorus (as P),Total,,0.08,mg/l,True,0.02,,,LAC10-115-01-1D,IGS-GRAB,Actual,SW,Water,,,Clayton,07060004,River/Stream,,42.78586318,-91.51847775
6,15220012,Elk Creek @ Colesburg Rd/X3C (ELK10),09/05/2012 09:52:00,TURKEYR,PHOSP-PHOSP,Phosphate-phosphorus (as P),Total,,0.47,mg/l,True,0.02,,,LAC10-115-01-1D,IGS-GRAB,Actual,SW,Water,,,Clayton,07060004,River/Stream,,42.73331715,-91.28009598
6,15220020,Turkey River @ Highway 52 (TR10),09/05/2012 10:10:00,TURKEYR,PHOSP-PHOSP,Phosphate-phosphorus (as P),Total,,0.28,mg/l,True,0.02,,,LAC10-115-01-1D,IGS-GRAB,Actual,SW,Water,,,Clayton,07060004,River/Stream,,42.70781335,-91.0757377
6,15220019,Roberts Creek @ Dalmation Ave (ROB50),09/05/2012 14:50:00,TURKEYR,PHOSP-PHOSP,Phosphate-phosphorus (as P),Total,,0.31,mg/l,True,0.02,,,LAC10-115-01-1D,IGS-GRAB,Actual,SW,Water,,,Clayton,07060004,River/Stream,,42.95959549,-91.4562996
6,15220016,Mink Creek @ Aztec Road (MIN10),05/02/2012 09:00:00,TURKEYR,PHOSP-PHOSP,Phosphate-phosphorus (as P),Total,,0.5,mg/l,True,0.02,,,LAC10-115-01-1D,IGS-GRAB,Actual,SW,Water,,,Clayton,07060004,River/Stream,,42.8441202,-91.59732742
6,15220013,Hewett Creek @ Crystal Road (HEW20),07/02/2012 07:40:00,TURKEYR,PHOSP-PHOSP,Phosphate-phosphorus (as P),Total,,0.29,mg/l,True,0.02,,,LAC10-115-01-1D,IGS-GRAB,Actual,SW,Water,,,Clayton,07060004,River/Stream,,42.78586318,-91.51847775
6,15220010,Cox Creek @ Highway 13 (COX20),07/02/2012 07:15:00,TURKEYR,PHOSP-PHOSP,Phosphate-phosphorus (as P),Total,,0.14,mg/l,True,0.02,,,LAC10-115-01-1D,IGS-GRAB,Actual,SW,Water,,,Clayton,07060004,River/Stream,,42.76688423,-91.46209679
6,15220011,Dry Mill Creek @ Grape Rd (DMI10),05/02/2012 15:00:00,TURKEYR,PHOSP-PHOSP,Phosphate-phosphorus (as P),Total,,0.65,mg/l,True,0.05,,,LAC10-115-01-1C,IGS-GRAB,Actual,SW,Water,,,Clayton,07060004,River/Stream,,42.84327492,-91.36969617
6,15220014,Howard Creek @ Mouth (HOW10),05/02/2012 13:15:00,TURKEYR,PHOSP-PHOSP,Phosphate-phosphorus (as P),Total,,0.56,mg/l,True,0.05,,,LAC10-115-01-1C,IGS-GRAB,Actual,SW,Water,,,Clayton,07060004,River/Stream,,42.9300546,-91.38292282
6,15220016,Mink Creek @ Aztec Road (MIN10),04/04/2012 08:25:00,TURKEYR,PHOSP-PHOSP,Phosphate-phosphorus (as P),Total,,0.04,mg/l,True,0.02,,,LAC10-115-01-1D,IGS-GRAB,Actual,SW,Water,,,Clayton,07060004,River/Stream,,42.8441202,-91.59732742
6,15220012,Elk Creek @ Colesburg Rd/X3C (ELK10),04/04/2012 11:30:00,TURKEYR,PHOSP-PHOSP,Phosphate-phosphorus (as P),Total,,0.08,mg/l,True,0.02,,,LAC10-115-01-1D,IGS-GRAB,Actual,SW,Water,,,Clayton,07060004,River/Stream,,42.73331715,-91.28009598
6,15220011,Dry Mill Creek @ Grape Rd (DMI10),04/04/2012 13:30:00,TURKEYR,PHOSP-PHOSP,Phosphate-phosphorus (as P),Total,,0.04,mg/l,True,0.02,,,LAC10-115-01-1D,IGS-GRAB,Actual,SW,Water,,,Clayton,07060004,River/Stream,,42.84327492,-91.36969617
6,15220017,Roberts Creek @ Grape Rd (ROB10),04/04/2012 13:40:00,TURKEYR,PHOSP-PHOSP,Phosphate-phosphorus (as P),Total,,0.06,mg/l,True,0.02,,,LAC10-115-01-1D,IGS-GRAB,Actual,SW,Water,,,Clayton,07060004,River/Stream,,42.83952465,-91.37446914
6,15220010,Cox Creek @ Highway 13 (COX20),05/02/2012 08:15:00,TURKEYR,PHOSP-PHOSP,Phosphate-phosphorus (as P),Total,,0.45,mg/l,True,0.05,,,LAC10-115-01-1C,IGS-GRAB,Actual,SW,Water,,,Clayton,07060004,River/Stream,,42.76688423,-91.46209679
6,15220019,Roberts Creek @ Dalmation Ave (ROB50),05/02/2012 12:35:00,TURKEYR,PHOSP-PHOSP,Phosphate-phosphorus (as P),Total,,0.15,mg/l,True,0.02,,,LAC10-115-01-1D,IGS-GRAB,Actual,SW,Water,,,Clayton,07060004,River/Stream,,42.95959549,-91.4562996
6,15220010,Cox Creek @ Highway 13 (COX20),06/06/2012 07:15:00,TURKEYR,PHOSP-PHOSP,Phosphate-phosphorus (as P),Total,,0.05,mg/l,True,0.02,,,LAC10-115-01-1D,IGS-GRAB,Actual,SW,Water,,,Clayton,07060004,River/Stream,,42.76688423,-91.46209679
6,15220045,Turkey River @ Hwy. 13 (TR28),05/02/2012 14:15:00,TURKEYR,PHOSP-PHOSP,Phosphate-phosphorus (as P),Total,,0.24,mg/l,True,0.02,,,LAC10-115-01-1D,IGS-GRAB,Actual,SW,Water,,,Clayton,07060004,River/Stream,,42.84321539,-91.40058452
6,15220013,Hewett Creek @ Crystal Road (HEW20),06/06/2012 07:40:00,TURKEYR,PHOSP-PHOSP,Phosphate-phosphorus (as P),Total,,0.07,mg/l,True,0.02,,,LAC10-115-01-1D,IGS-GRAB,Actual,SW,Water,,,Clayton,07060004,River/Stream,,42.78586318,-91.51847775
6,15220012,Elk Creek @ Colesburg Rd/X3C (ELK10),06/06/2012 08:06:00,TURKEYR,PHOSP-PHOSP,Phosphate-phosphorus (as P),Total,,0.08,mg/l,True,0.02,,,LAC10-115-01-1D,IGS-GRAB,Actual,SW,Water,,,Clayton,07060004,River/Stream,,42.73331715,-91.28009598
6,15220016,Mink Creek @ Aztec Road (MIN10),06/06/2012 08:50:00,TURKEYR,PHOSP-PHOSP,Phosphate-phosphorus (as P),Total,,0.09,mg/l,True,0.02,,,LAC10-115-01-1D,IGS-GRAB,Actual,SW,Water,,,Clayton,07060004,River/Stream,,42.8441202,-91.59732742
6,15220045,Turkey River @ Hwy. 13 (TR28),06/06/2012 12:35:00,TURKEYR,PHOSP-PHOSP,Phosphate-phosphorus (as P),Total,,0.1,mg/l,True,0.02,,,LAC10-115-01-1D,IGS-GRAB,Actual,SW,Water,,,Clayton,07060004,River/Stream,,42.84321539,-91.40058452
6,15220009,South Cedar Creek @ Lower Cedar Rd (CED10),06/06/2012 12:50:00,TURKEYR,PHOSP-PHOSP,Phosphate-phosphorus (as P),Total,,0.14,mg/l,True,0.02,,,LAC10-115-01-1D,IGS-GRAB,Actual,SW,Water,,,Clayton,07060004,River/Stream,,42.74424922,-91.21535774
6,15220011,Dry Mill Creek @ Grape Rd (DMI10),06/06/2012 12:55:00,TURKEYR,PHOSP-PHOSP,Phosphate-phosphorus (as P),Total,,0.05,mg/l,True,0.02,,,LAC10-115-01-1D,IGS-GRAB,Actual,SW,Water,,,Clayton,07060004,River/Stream,,42.84327492,-91.36969617
6,15220014,Howard Creek @ Mouth (HOW10),07/02/2012 08:24:00,TURKEYR,PHOSP-PHOSP,Phosphate-phosphorus (as P),Total,,0.19,mg/l,True,0.02,,,LAC10-115-01-1D,IGS-GRAB,Actual,SW,Water,,,Clayton,07060004,River/Stream,,42.9300546,-91.38292282
6,15220015,Little Turkey River @ Highway 52 (LIT10),07/02/2012 10:00:00,TURKEYR,PHOSP-PHOSP,Phosphate-phosphorus (as P),Total,,0.13,mg/l,True,0.02,,,LAC10-115-01-1D,IGS-GRAB,Actual,SW,Water,,,Clayton,07060004,River/Stream,,42.6987021,-91.07371173
6,15220012,Elk Creek @ Colesburg Rd/X3C (ELK10),07/02/2012 10:14:00,TURKEYR,PHOSP-PHOSP,Phosphate-phosphorus (as P),Total,,0.08,mg/l,True,0.02,,,LAC10-115-01-1D,IGS-GRAB,Actual,SW,Water,,,Clayton,07060004,River/Stream,,42.73331715,-91.28009598
6,15220020,Turkey River @ Highway 52 (TR10),07/02/2012 10:15:00,TURKEYR,PHOSP-PHOSP,Phosphate-phosphorus (as P),Total,,0.1,mg/l,True,0.02,,,LAC10-115-01-1D,IGS-GRAB,Actual,SW,Water,,,Clayton,07060004,River/Stream,,42.70781335,-91.0757377
6,15220009,South Cedar Creek @ Lower Cedar Rd (CED10),07/02/2012 11:20:00,TURKEYR,PHOSP-PHOSP,Phosphate-phosphorus (as P),Total,,0.15,mg/l,True,0.02,,,LAC10-115-01-1D,IGS-GRAB,Actual,SW,Water,,,Clayton,07060004,River/Stream,,42.74424922,-91.21535774
6,15220010,Cox Creek @ Highway 13 (COX20),08/01/2012 07:45:00,TURKEYR,PHOSP-PHOSP,Phosphate-phosphorus (as P),Total,,0.12,mg/l,True,0.02,,,LAC10-115-01-1D,IGS-GRAB,Actual,SW,Water,,,Clayton,07060004,River/Stream,,42.76688423,-91.46209679
6,15220016,Mink Creek @ Aztec Road (MIN10),08/01/2012 08:10:00,TURKEYR,PHOSP-PHOSP,Phosphate-phosphorus (as P),Total,,0.15,mg/l,True,0.02,,,LAC10-115-01-1D,IGS-GRAB,Actual,SW,Water,,,Clayton,07060004,River/Stream,,42.8441202,-91.59732742
6,15220014,Howard Creek @ Mouth (HOW10),08/01/2012 13:30:00,TURKEYR,PHOSP-PHOSP,Phosphate-phosphorus (as P),Total,,0.13,mg/l,True,0.02,,,LAC10-115-01-1D,IGS-GRAB,Actual,SW,Water,,,Clayton,07060004,River/Stream,,42.9300546,-91.38292282
6,15220045,Turkey River @ Hwy. 13 (TR28),08/01/2012 14:40:00,TURKEYR,PHOSP-PHOSP,Phosphate-phosphorus (as P),Total,,0.15,mg/l,True,0.02,,,LAC10-115-01-1D,IGS-GRAB,Actual,SW,Water,,,Clayton,07060004,River/Stream,,42.84321539,-91.40058452
6,15220011,Dry Mill Creek @ Grape Rd (DMI10),08/01/2012 15:00:00,TURKEYR,PHOSP-PHOSP,Phosphate-phosphorus (as P),Total,,0.07,mg/l,True,0.02,,,LAC10-115-01-1D,IGS-GRAB,Actual,SW,Water,,,Clayton,07060004,River/Stream,,42.84327492,-91.36969617
6,15220017,Roberts Creek @ Grape Rd (ROB10),08/01/2012 15:15:00,TURKEYR,PHOSP-PHOSP,Phosphate-phosphorus (as P),Total,,0.06,mg/l,True,0.02,,,LAC10-115-01-1D,IGS-GRAB,Actual,SW,Water,,,Clayton,07060004,River/Stream,,42.83952465,-91.37446914
6,15220045,Turkey River @ Hwy. 13 (TR28),09/05/2012 13:36:00,TURKEYR,PHOSP-PHOSP,Phosphate-phosphorus (as P),Total,,0.14,mg/l,True,0.02,,,LAC10-115-01-1D,IGS-GRAB,Actual,SW,Water,,,Clayton,07060004,River/Stream,,42.84321539,-91.40058452
6,15220016,Mink Creek @ Aztec Road (MIN10),10/03/2012 08:40:00,TURKEYR,PHOSP-PHOSP,Phosphate-phosphorus (as P),Total,,0.08,mg/l,True,0.02,,,LAC10-115-01-1D,IGS-GRAB,Actual,SW,Water,,,Clayton,07060004,River/Stream,,42.8441202,-91.59732742
6,15220019,Roberts Creek @ Dalmation Ave (ROB50),10/03/2012 10:15:00,TURKEYR,PHOSP-PHOSP,Phosphate-phosphorus (as P),Total,,0.06,mg/l,True,0.02,,,LAC10-115-01-1D,IGS-GRAB,Actual,SW,Water,,,Clayton,07060004,River/Stream,,42.95959549,-91.4562996
6,15220020,Turkey River @ Highway 52 (TR10),10/03/2012 11:30:00,TURKEYR,PHOSP-PHOSP,Phosphate-phosphorus (as P),Total,,0.04,mg/l,True,0.02,,,LAC10-115-01-1D,IGS-GRAB,Actual,SW,Water,,,Clayton,07060004,River/Stream,,42.70781335,-91.0757377
6,15220045,Turkey River @ Hwy. 13 (TR28),10/03/2012 14:05:00,TURKEYR,PHOSP-PHOSP,Phosphate-phosphorus (as P),Total,,0.1,mg/l,True,0.02,,,LAC10-115-01-1D,IGS-GRAB,Actual,SW,Water,,,Clayton,07060004,River/Stream,,42.84321539,-91.40058452
6,15220010,Cox Creek @ Highway 13 (COX20),11/07/2012 07:40:00,TURKEYR,PHOSP-PHOSP,Phosphate-phosphorus (as P),Total,,0.06,mg/l,True,0.02,,,LAC10-115-01-1D,IGS-GRAB,Actual,SW,Water,,,Clayton,07060004,River/Stream,,42.76688423,-91.46209679
6,15220013,Hewett Creek @ Crystal Road (HEW20),11/07/2012 08:00:00,TURKEYR,PHOSP-PHOSP,Phosphate-phosphorus (as P),Total,,0.04,mg/l,True,0.02,,,LAC10-115-01-1D,IGS-GRAB,Actual,SW,Water,,,Clayton,07060004,River/Stream,,42.78586318,-91.51847775
6,15220014,Howard Creek @ Mouth (HOW10),11/07/2012 12:20:00,TURKEYR,PHOSP-PHOSP,Phosphate-phosphorus (as P),Total,,0.05,mg/l,True,0.02,,,LAC10-115-01-1D,IGS-GRAB,Actual,SW,Water,,,Clayton,07060004,River/Stream,,42.9300546,-91.38292282
6,15220016,Mink Creek @ Aztec Road (MIN10),11/07/2012 08:15:00,TURKEYR,PHOSP-PHOSP,Phosphate-phosphorus (as P),Total,,0.05,mg/l,True,0.02,,,LAC10-115-01-1D,IGS-GRAB,Actual,SW,Water,,,Clayton,07060004,River/Stream,,42.8441202,-91.59732742
6,15220046,Pine Creek near Horseshoe Road (Pine Creek 1),07/03/2013 09:25:00,STLSBRNC,PHOSP-PHOSP,Phosphate-phosphorus (AS P),Total,,0.12,mg/l,True,0.02,,,LAC10-115-01-1D,UHL001,Actual,SW,Water,,,Clayton,07060004,River/Stream,,42.66871242,-91.27821784
6,15220048,Brownfield Creek near Horseshoe Road (Pine Creek 3),08/07/2013 11:00:00,STLSBRNC,PHOSP-PHOSP,Phosphate-phosphorus (AS P),Total,,0.08,mg/l,True,0.02,,,LAC10-115-01-1D,UHL001,Actual,SW,Water,,,Clayton,07060004,River/Stream,,42.6580697,-91.24980316
6,15220048,Brownfield Creek near Horseshoe Road (Pine Creek 3),09/04/2013 11:00:00,STLSBRNC,PHOSP-PHOSP,Phosphate-phosphorus (AS P),Total,,0.06,mg/l,True,0.02,,,LAC10-115-01-1D,UHL001,Actual,SW,Water,,,Clayton,07060004,River/Stream,,42.6580697,-91.24980316
6,15220047,Pine Creek near Horseshoe Road (Pine Creek 2),09/04/2013 11:10:00,STLSBRNC,PHOSP-PHOSP,Phosphate-phosphorus (AS P),Total,,0.08,mg/l,True,0.02,,,LAC10-115-01-1D,UHL001,Actual,SW,Water,,,Clayton,07060004,River/Stream,,42.66556336,-91.25165507
6,15220046,Pine Creek near Horseshoe Road (Pine Creek 1),09/04/2013 10:45:00,STLSBRNC,PHOSP-PHOSP,Phosphate-phosphorus (AS P),Total,,0.08,mg/l,True,0.02,,,LAC10-115-01-1D,UHL001,Actual,SW,Water,,,Clayton,07060004,River/Stream,,42.66871242,-91.27821784
6,15220050,Steeles Branch near Horseshoe Road (Steeles Branch 1),08/07/2013 10:30:00,STLSBRNC,PHOSP-PHOSP,Phosphate-phosphorus (AS P),Total,,0.06,mg/l,True,0.02,,,LAC10-115-01-1D,UHL001,Actual,SW,Water,,,Clayton,07060004,River/Stream,,42.66774323,-91.28444356
6,15220011,Dry Mill Creek @ Grape Rd (DMI10),11/07/2012 12:45:00,TURKEYR,PHOSP-PHOSP,Phosphate-phosphorus (as P),Total,,0.04,mg/l,True,0.02,,,LAC10-115-01-1D,IGS-GRAB,Actual,SW,Water,,,Clayton,07060004,River/Stream,,42.84327492,-91.36969617
6,15220012,Elk Creek @ Colesburg Rd/X3C (ELK10),11/07/2012 13:00:00,TURKEYR,PHOSP-PHOSP,Phosphate-phosphorus (as P),Total,,0.03,mg/l,True,0.02,,,LAC10-115-01-1D,IGS-GRAB,Actual,SW,Water,,,Clayton,07060004,River/Stream,,42.73331715,-91.28009598
6,15220049,Pine Creek near 400th St. (Pine Creek 4),08/07/2013 11:20:00,STLSBRNC,PHOSP-PHOSP,Phosphate-phosphorus (AS P),Total,,0.09,mg/l,True,0.02,,,LAC10-115-01-1D,UHL001,Actual,SW,Water,,,Clayton,07060004,River/Stream,,42.64623736,-91.2241035
6,15220017,Roberts Creek @ Grape Rd (ROB10),11/07/2012 13:00:00,TURKEYR,PHOSP-PHOSP,Phosphate-phosphorus (as P),Total,,0.04,mg/l,True,0.02,,,LAC10-115-01-1D,IGS-GRAB,Actual,SW,Water,,,Clayton,07060004,River/Stream,,42.83952465,-91.37446914
6,15220049,Pine Creek near 400th St. (Pine Creek 4),05/01/2013 11:00:00,STLSBRNC,PHOSP-PHOSP,Phosphate-phosphorus (AS P),Total,,0.04,mg/l,True,0.02,,,LAC10-115-01-1D,UHL001,Actual,SW,Water,,,Clayton,07060004,River/Stream,,42.64623736,-91.2241035
6,15220048,Brownfield Creek near Horseshoe Road (Pine Creek 3),05/01/2013 10:25:00,STLSBRNC,PHOSP-PHOSP,Phosphate-phosphorus (AS P),Total,,0.16,mg/l,True,0.05,,,LAC10-115-01-1C,UHL001,Actual,SW,Water,,,Clayton,07060004,River/Stream,,42.6580697,-91.24980316
6,15220047,Pine Creek near Horseshoe Road (Pine Creek 2),05/01/2013 10:35:00,STLSBRNC,PHOSP-PHOSP,Phosphate-phosphorus (AS P),Total,,0.16,mg/l,True,0.02,,,LAC10-115-01-1D,UHL001,Actual,SW,Water,,,Clayton,07060004,River/Stream,,42.66556336,-91.25165507
6,15220046,Pine Creek near Horseshoe Road (Pine Creek 1),05/01/2013 10:15:00,STLSBRNC,PHOSP-PHOSP,Phosphate-phosphorus (AS P),Total,,0.2,mg/l,True,0.02,,,LAC10-115-01-1D,UHL001,Actual,SW,Water,,,Clayton,07060004,River/Stream,,42.66871242,-91.27821784
6,15220050,Steeles Branch near Horseshoe Road (Steeles Branch 1),05/01/2013 10:00:00,STLSBRNC,PHOSP-PHOSP,Phosphate-phosphorus (AS P),Total,,0.05,mg/l,True,0.02,,,LAC10-115-01-1D,UHL001,Actual,SW,Water,,,Clayton,07060004,River/Stream,,42.66774323,-91.28444356
6,15220010,Cox Creek @ Highway 13 (COX20),06/05/2013 07:45:00,TURKEYR,PHOSP-PHOSP,Phosphate-phosphorus (AS P),Total,,0.11,mg/l,True,0.02,,,LAC10-115-01-1D,UHL001,Actual,SW,Water,,,Clayton,07060004,River/Stream,,42.76688423,-91.46209679
6,15220009,South Cedar Creek @ Lower Cedar Rd (CED10),06/05/2013 10:35:00,TURKEYR,PHOSP-PHOSP,Phosphate-phosphorus (AS P),Total,,0.22,mg/l,True,0.02,,,LAC10-115-01-1D,UHL001,Actual,SW,Water,,,Clayton,07060004,River/Stream,,42.74424922,-91.21535774
6,15220013,Hewett Creek @ Crystal Road (HEW20),06/05/2013 08:06:00,TURKEYR,PHOSP-PHOSP,Phosphate-phosphorus (AS P),Total,,0.11,mg/l,True,0.02,,,LAC10-115-01-1D,UHL001,Actual,SW,Water,,,Clayton,07060004,River/Stream,,42.78586318,-91.51847775
6,15220014,Howard Creek @ Mouth (HOW10),06/05/2013 09:35:00,TURKEYR,PHOSP-PHOSP,Phosphate-phosphorus (AS P),Total,,0.13,mg/l,True,0.02,,,LAC10-115-01-1D,UHL001,Actual,SW,Water,,,Clayton,07060004,River/Stream,,42.9300546,-91.38292282
6,15220019,Roberts Creek @ Dalmation Ave (ROB50),06/05/2013 09:10:00,TURKEYR,PHOSP-PHOSP,Phosphate-phosphorus (AS P),Total,,0.15,mg/l,True,0.02,,,LAC10-115-01-1D,UHL001,Actual,SW,Water,,,Clayton,07060004,River/Stream,,42.95959549,-91.4562996
6,15220017,Roberts Creek @ Grape Rd (ROB10),06/05/2013 11:20:00,TURKEYR,PHOSP-PHOSP,Phosphate-phosphorus (AS P),Total,,0.15,mg/l,True,0.02,,,LAC10-115-01-1D,UHL001,Actual,SW,Water,,,Clayton,07060004,River/Stream,,42.83952465,-91.37446914
6,15220015,Little Turkey River @ Highway 52 (LIT10),06/05/2013 09:45:00,TURKEYR,PHOSP-PHOSP,Phosphate-phosphorus (AS P),Total,,0.22,mg/l,True,0.02,,,LAC10-115-01-1D,UHL001,Actual,SW,Water,,,Clayton,07060004,River/Stream,,42.6987021,-91.07371173
6,15220045,Turkey River @ Hwy. 13 (TR28),06/05/2013 10:55:00,TURKEYR,PHOSP-PHOSP,Phosphate-phosphorus (AS P),Total,,0.25,mg/l,True,0.02,,,LAC10-115-01-1D,UHL001,Actual,SW,Water,,,Clayton,07060004,River/Stream,,42.84321539,-91.40058452
6,15220034,Unnamed Trib. to Silver Crk. @ Dolphin Ave (SC03),07/10/2013 10:10:00,TURKEYR,PHOSP-PHOSP,Phosphate-phosphorus (AS P),Total,,0.8,mg/l,True,0.05,,,LAC10-115-01-1D,UHL001,Actual,SW,Water,,,Clayton,07060004,River/Stream,,43.0342002,-91.4587066
6,15220051,Unnamed Creek at 125th St (UNS25),07/10/2013 09:50:00,TURKEYR,PHOSP-PHOSP,Phosphate-phosphorus (AS P),Total,,0.3,mg/l,True,0.02,,,LAC10-115-01-1D,UHL001,Actual,SW,Water,,,Clayton,07060004,River/Stream,,43.04444686,-91.43104301
6,15220009,South Cedar Creek @ Lower Cedar Rd (CED10),07/10/2013 12:10:00,TURKEYR,PHOSP-PHOSP,Phosphate-phosphorus (AS P),Total,,0.18,mg/l,True,0.02,,,LAC10-115-01-1D,UHL001,Actual,SW,Water,,,Clayton,07060004,River/Stream,,42.74424922,-91.21535774
6,15220010,Cox Creek @ Highway 13 (COX20),07/10/2013 09:10:00,TURKEYR,PHOSP-PHOSP,Phosphate-phosphorus (AS P),Total,,0.2,mg/l,True,0.02,,,LAC10-115-01-1D,UHL001,Actual,SW,Water,,,Clayton,07060004,River/Stream,,42.76688423,-91.46209679
6,15220013,Hewett Creek @ Crystal Road (HEW20),07/10/2013 08:50:00,TURKEYR,PHOSP-PHOSP,Phosphate-phosphorus (AS P),Total,,0.09,mg/l,True,0.02,,,LAC10-115-01-1D,UHL001,Actual,SW,Water,,,Clayton,07060004,River/Stream,,42.78586318,-91.51847775
6,15220015,Little Turkey River @ Highway 52 (LIT10),07/10/2013 10:45:00,TURKEYR,PHOSP-PHOSP,Phosphate-phosphorus (AS P),Total,,0.53,mg/l,True,0.05,,,LAC10-115-01-1C,UHL001,Actual,SW,Water,,,Clayton,07060004,River/Stream,,42.6987021,-91.07371173
6,15220014,Howard Creek @ Mouth (HOW10),07/10/2013 15:10:00,TURKEYR,PHOSP-PHOSP,Phosphate-phosphorus (AS P),Total,,0.16,mg/l,True,0.02,,,LAC10-115-01-1D,UHL001,Actual,SW,Water,,,Clayton,07060004,River/Stream,,42.9300546,-91.38292282
6,15220017,Roberts Creek @ Grape Rd (ROB10),07/10/2013 14:45:00,TURKEYR,PHOSP-PHOSP,Phosphate-phosphorus (AS P),Total,,0.21,mg/l,True,0.02,,,LAC10-115-01-1D,UHL001,Actual,SW,Water,,,Clayton,07060004,River/Stream,,42.83952465,-91.37446914
6,15220019,Roberts Creek @ Dalmation Ave (ROB50),07/10/2013 11:05:00,TURKEYR,PHOSP-PHOSP,Phosphate-phosphorus (AS P),Total,,0.2,mg/l,True,0.02,,,LAC10-115-01-1D,UHL001,Actual,SW,Water,,,Clayton,07060004,River/Stream,,42.95959549,-91.4562996
6,15220020,Turkey River @ Highway 52 (TR10),07/10/2013 10:20:00,TURKEYR,PHOSP-PHOSP,Phosphate-phosphorus (AS P),Total,,0.27,mg/l,True,0.02,,,LAC10-115-01-1D,UHL001,Actual,SW,Water,,,Clayton,07060004,River/Stream,,42.70781335,-91.0757377
6,15220014,Howard Creek @ Mouth (HOW10),08/07/2013 10:30:00,TURKEYR,PHOSP-PHOSP,Phosphate-phosphorus (AS P),Total,,0.19,mg/l,True,0.02,,,LAC10-115-01-1D,UHL001,Actual,SW,Water,,,Clayton,07060004,River/Stream,,42.9300546,-91.38292282
6,15220013,Hewett Creek @ Crystal Road (HEW20),08/07/2013 08:00:00,TURKEYR,PHOSP-PHOSP,Phosphate-phosphorus (AS P),Total,,0.07,mg/l,True,0.02,,,LAC10-115-01-1D,UHL001,Actual,SW,Water,,,Clayton,07060004,River/Stream,,42.78586318,-91.51847775
6,15220017,Roberts Creek @ Grape Rd (ROB10),08/07/2013 09:55:00,TURKEYR,PHOSP-PHOSP,Phosphate-phosphorus (AS P),Total,,0.14,mg/l,True,0.02,,,LAC10-115-01-1D,UHL001,Actual,SW,Water,,,Clayton,07060004,River/Stream,,42.83952465,-91.37446914
6,15220019,Roberts Creek @ Dalmation Ave (ROB50),08/07/2013 09:00:00,TURKEYR,PHOSP-PHOSP,Phosphate-phosphorus (AS P),Total,,0.17,mg/l,True,0.02,,,LAC10-115-01-1D,UHL001,Actual,SW,Water,,,Clayton,07060004,River/Stream,,42.95959549,-91.4562996
6,15220051,Unnamed Creek at 125th St (UNS25),09/04/2013 08:30:00,TURKEYR,PHOSP-PHOSP,Phosphate-phosphorus (AS P),Total,,0.93,mg/l,True,0.05,,,LAC10-115-01-1D,UHL001,Actual,SW,Water,,,Clayton,07060004,River/Stream,,43.04444686,-91.43104301
6,15220045,Turkey River @ Hwy. 13 (TR28),08/07/2013 09:26:00,TURKEYR,PHOSP-PHOSP,Phosphate-phosphorus (AS P),Total,,0.25,mg/l,True,0.02,,,LAC10-115-01-1D,UHL001,Actual,SW,Water,,,Clayton,07060004,River/Stream,,42.84321539,-91.40058452
6,15220020,Turkey River @ Highway 52 (TR10),08/07/2013 09:00:00,TURKEYR,PHOSP-PHOSP,Phosphate-phosphorus (AS P),Total,,0.14,mg/l,True,0.02,,,LAC10-115-01-1D,UHL001,Actual,SW,Water,,,Clayton,07060004,River/Stream,,42.70781335,-91.0757377
6,15220009,South Cedar Creek @ Lower Cedar Rd (CED10),09/04/2013 14:30:00,TURKEYR,PHOSP-PHOSP,Phosphate-phosphorus (AS P),Total,,0.07,mg/l,True,0.02,,,LAC10-115-01-1D,UHL001,Actual,SW,Water,,,Clayton,07060004,River/Stream,,42.74424922,-91.21535774
6,15220011,Dry Mill Creek @ Grape Rd (DMI10),09/04/2013 09:15:00,TURKEYR,PHOSP-PHOSP,Phosphate-phosphorus (AS P),Total,,0.05,mg/l,True,0.02,,,LAC10-115-01-1D,UHL001,Actual,SW,Water,,,Clayton,07060004,River/Stream,,42.84327492,-91.36969617
6,15220010,Cox Creek @ Highway 13 (COX20),09/04/2013 07:30:00,TURKEYR,PHOSP-PHOSP,Phosphate-phosphorus (AS P),Total,,0.05,mg/l,True,0.02,,,LAC10-115-01-1D,UHL001,Actual,SW,Water,,,Clayton,07060004,River/Stream,,42.76688423,-91.46209679
6,15220012,Elk Creek @ Colesburg Rd/X3C (ELK10),09/04/2013 11:30:00,TURKEYR,PHOSP-PHOSP,Phosphate-phosphorus (AS P),Total,,0.06,mg/l,True,0.02,,,LAC10-115-01-1D,UHL001,Actual,SW,Water,,,Clayton,07060004,River/Stream,,42.73331715,-91.28009598
6,15220015,Little Turkey River @ Highway 52 (LIT10),09/04/2013 13:20:00,TURKEYR,PHOSP-PHOSP,Phosphate-phosphorus (AS P),Total,,0.27,mg/l,True,0.02,,,LAC10-115-01-1D,UHL001,Actual,SW,Water,,,Clayton,07060004,River/Stream,,42.6987021,-91.07371173
6,15220045,Turkey River @ Hwy. 13 (TR28),09/04/2013 09:50:00,TURKEYR,PHOSP-PHOSP,Phosphate-phosphorus (AS P),Total,,0.08,mg/l,True,0.02,,,LAC10-115-01-1D,UHL001,Actual,SW,Water,,,Clayton,07060004,River/Stream,,42.84321539,-91.40058452
6,15220019,Roberts Creek @ Dalmation Ave (ROB50),09/04/2013 10:50:00,TURKEYR,PHOSP-PHOSP,Phosphate-phosphorus (AS P),Total,,0.14,mg/l,True,0.02,,,LAC10-115-01-1D,UHL001,Actual,SW,Water,,,Clayton,07060004,River/Stream,,42.95959549,-91.4562996
6,15220016,Mink Creek @ Aztec Road (MIN10),09/04/2013 07:55:00,TURKEYR,PHOSP-PHOSP,Phosphate-phosphorus (AS P),Total,,0.13,mg/l,True,0.02,,,LAC10-115-01-1D,UHL001,Actual,SW,Water,,,Clayton,07060004,River/Stream,,42.8441202,-91.59732742
6,15220051,Unnamed Creek at 125th St (UNS25),10/16/2013 09:40:00,TURKEYR,PHOSP-PHOSP,Phosphate-phosphorus (AS P),Total,,2.5,mg/l,True,0.05,,,LAC10-115-01-1D,UHL001,Actual,SW,Water,,,Clayton,07060004,River/Stream,,43.04444686,-91.43104301
6,15220009,South Cedar Creek @ Lower Cedar Rd (CED10),10/16/2013 09:30:00,TURKEYR,PHOSP-PHOSP,Phosphate-phosphorus (AS P),Total,,0.08,mg/l,True,0.02,,,LAC10-115-01-1D,UHL001,Actual,SW,Water,,,Clayton,07060004,River/Stream,,42.74424922,-91.21535774
6,15220015,Little Turkey River @ Highway 52 (LIT10),10/16/2013 10:00:00,TURKEYR,PHOSP-PHOSP,Phosphate-phosphorus (AS P),Total,,0.06,mg/l,True,0.02,,,LAC10-115-01-1D,UHL001,Actual,SW,Water,,,Clayton,07060004,River/Stream,,42.6987021,-91.07371173
6,15220014,Howard Creek @ Mouth (HOW10),10/16/2013 10:30:00,TURKEYR,PHOSP-PHOSP,Phosphate-phosphorus (AS P),Total,,0.07,mg/l,True,0.02,,,LAC10-115-01-1D,UHL001,Actual,SW,Water,,,Clayton,07060004,River/Stream,,42.9300546,-91.38292282
6,15220011,Dry Mill Creek @ Grape Rd (DMI10),10/16/2013 10:55:00,TURKEYR,PHOSP-PHOSP,Phosphate-phosphorus (AS P),Total,,0.06,mg/l,True,0.02,,,LAC10-115-01-1D,UHL001,Actual,SW,Water,,,Clayton,07060004,River/Stream,,42.84327492,-91.36969617
